Wall (up, right, down, left):
[11, -3, -9, -13] [-3, -2, 7, 2] [-22, 9, 13, -2] [6, 5, 24, 15] [-22, 4, 21, -8] [4, -16, -1, -1] [-11, -22, -12, -10]
[-36, -17, 24, -22] [1, 16, -6, -9] [-35, 6, -7, -1] [-26, 12, 8, 10] [23, 5, 8, 0] [-33, -32, 5, 6] [-8, 1, -5, 10]
[-7, -5, 36, 4] [0, 28, -8, -9] [-19, 0, 44, -13] [-76, 27, 48, 18] [-38, -51, -22, 35] [-14, -13, -4, 16] [-21, -8, -21, -20]
[2, 38, -8, -46] [22, 10, 21, -25] [-2, 40, 2, -89] [0, 0, 0, 0] [40, -94, 32, 8] [9, 0, -1, 18] [8, -2, 7, -3]
[-14, -23, -10, 10] [15, 0, -10, 0] [3, 2, -38, -39] [49, 11, -95, 5] [11, -9, -28, 34] [-4, 19, 9, 17] [-33, -68, -18, 21]
[11, 15, 14, -10] [-9, 2, -16, -4] [26, 0, 19, -12] [-5, 10, -28, 6] [14, -2, -27, -1] [19, -4, -29, 7] [30, 13, 29, 14]
[-11, -6, 7, -9] [-7, -19, -35, -10] [-8, 11, 23, 0] [-9, 5, -42, -9] [37, 17, -12, 32] [42, -22, -47, 17] [-13, 7, 6, -9]
Food (up, right, down, left):
[14, 24, 9, 11] [-9, 19, 7, -23] [25, -13, 14, 15] [-19, -20, 40, 30] [-7, 0, 40, -14] [-8, -22, -11, -33] [-37, 32, -1, -8]
[-63, -13, -23, -22] [6, 3, -21, -12] [3, 16, 21, 36] [-6, 26, -40, 19] [38, 9, -8, -32] [29, 4, -40, 16] [17, 5, 33, 16]
[-15, 1, 39, -34] [11, 6, 0, 32] [-66, -25, -29, 37] [43, -38, 26, 5] [3, -6, -8, -23] [-1, 17, -46, -25] [30, 30, -6, 29]
[16, 29, 9, 55] [-9, -8, -20, 32] [7, -5, -42, -20] [0, 0, 0, 0] [-20, 62, -32, -12] [-20, -26, -25, -6] [-8, 34, -26, 18]
[-6, 4, -11, 16] [3, 21, 9, 20] [25, -9, 37, 16] [-13, -31, 8, -22] [13, 3, 11, -30] [8, 35, 26, 15] [-6, -20, 6, -25]
[2, -19, -6, -2] [11, 8, 15, 5] [0, 10, 10, 15] [-26, -29, 37, -39] [-37, -29, 2, -44] [-17, 37, 0, 22] [3, 31, -2, 23]
[13, 4, -24, -9] [18, 2, 9, -53] [11, 17, 5, -29] [4, 13, 35, -43] [53, 35, -2, -14] [18, 30, 19, -3] [23, -19, 26, -17]
------------------------------
ALIVE
Head: (21 28)
Body: (21 28) (21 27) (21 26) (21 25) (20 25) (19 25) (18 25) (17 25) (17 24) (16 24) (16 25) 
Length: 11, 4
Vision: 3
Hungry, suplies: 6/10
Reproductive: 16, mutating: 0.25
Generation: 41389
####################################
Wall (up, right, down, left):
[11, -4, -9, -13] [-3, -2, 7, 2] [-22, 9, 13, -2] [6, 5, 24, 15] [-22, 4, 21, -8] [4, -12, -1, -1] [-11, -19, -12, -10]
[-36, -17, 24, -22] [1, 16, -6, -6] [-35, 6, -7, -1] [-26, 7, 8, 10] [23, 5, 8, 0] [-33, -32, 5, 6] [-8, 1, -5, 10]
[-7, -5, 36, 4] [-2, 28, -8, -9] [-19, 0, 44, -13] [-76, 27, 48, 18] [-38, -51, -22, 35] [-14, -13, -4, 16] [-21, -8, -21, -20]
[4, 38, -8, -46] [22, 10, 21, -25] [-2, 45, 2, -89] [0, 0, 0, 0] [40, -94, 32, 8] [9, 0, -1, 18] [8, -2, 7, -3]
[-14, -23, -10, 10] [15, 0, -10, 0] [3, 2, -38, -39] [49, 11, -95, 5] [11, -13, -28, 34] [-4, 19, 8, 14] [-33, -68, -18, 26]
[11, 15, 14, -10] [-9, 2, -16, -4] [26, 0, 19, -12] [-5, 10, -28, 6] [14, -2, -27, -1] [19, -4, -29, 6] [35, 13, 29, 14]
[-11, -6, 7, -9] [-7, -19, -35, -10] [-8, 12, 23, 0] [-9, 5, -42, -9] [37, 17, -12, 32] [42, -22, -47, 17] [-13, 7, 6, -9]
Food (up, right, down, left):
[14, 24, 9, 6] [-9, 19, 7, -23] [25, -13, 14, 15] [-19, -20, 40, 30] [-7, 0, 40, -14] [-8, -22, -11, -28] [-37, 28, -1, -8]
[-63, -13, -23, -22] [7, 3, -22, -12] [3, 16, 21, 36] [-6, 26, -41, 19] [38, 9, -8, -32] [29, 4, -40, 16] [17, 5, 33, 16]
[-15, 1, 39, -34] [13, 6, 0, 32] [-66, -25, -29, 34] [43, -38, 26, 5] [3, -6, -8, -23] [-1, 17, -46, -25] [30, 30, -6, 29]
[16, 29, 9, 57] [-9, -8, -20, 32] [7, -5, -42, -24] [0, 0, 0, 0] [-20, 62, -32, -12] [-20, -26, -25, -6] [-8, 34, -26, 18]
[-6, 8, -11, 16] [3, 21, 9, 20] [25, -9, 37, 16] [-13, -31, 8, -22] [13, 3, 10, -30] [8, 35, 21, 14] [-6, -20, 7, -25]
[2, -19, -6, -2] [11, 8, 15, 5] [0, 10, 10, 15] [-26, -29, 37, -39] [-37, -29, 2, -44] [-17, 42, 0, 22] [3, 31, -2, 28]
[13, 4, -24, -9] [18, 2, 9, -53] [11, 17, 7, -29] [4, 13, 35, -43] [53, 35, -2, -14] [18, 30, 19, -3] [23, -19, 26, -17]
------------------------------
ALIVE
Head: (21 10)
Body: (21 10) (20 10) (19 10) (19 9) (19 8) (20 8) (21 8) (22 8) (22 7) (22 6) 
Length: 10, 4
Vision: 3
Hungry, suplies: 9/10
Reproductive: 16, mutating: 0.25
Generation: 41387
####################################
Wall (up, right, down, left):
[11, -3, -9, -13] [-3, -2, 7, 2] [-22, 9, 13, -2] [6, 5, 24, 15] [-22, 4, 21, -8] [4, -12, -1, -1] [-12, -22, -12, -10]
[-36, -17, 24, -22] [1, 16, -6, -10] [-35, 6, -7, -1] [-26, 12, 8, 10] [23, 5, 8, 0] [-33, -32, 5, 6] [-8, 2, -5, 10]
[-7, -5, 36, 4] [0, 28, -8, -9] [-19, 0, 44, -13] [-76, 27, 48, 18] [-38, -51, -22, 35] [-14, -13, -4, 16] [-21, -8, -21, -20]
[2, 38, -8, -46] [22, 10, 21, -25] [-2, 40, 2, -89] [0, 0, 0, 0] [40, -94, 32, 8] [9, 0, -1, 18] [8, -2, 7, -3]
[-14, -23, -10, 10] [15, 0, -10, 0] [3, 2, -38, -39] [49, 11, -95, 5] [11, -9, -28, 34] [-4, 19, 9, 17] [-33, -68, -18, 21]
[11, 15, 14, -10] [-9, 2, -16, -4] [26, 0, 19, -12] [-5, 10, -28, 6] [14, -2, -27, -1] [19, -4, -29, 7] [30, 13, 29, 14]
[-11, -6, 7, -9] [-7, -19, -35, -10] [-8, 11, 23, 0] [-9, 5, -42, -9] [37, 17, -12, 32] [42, -22, -47, 17] [-13, 7, 6, -9]
Food (up, right, down, left):
[14, 24, 9, 11] [-9, 19, 7, -23] [25, -13, 14, 15] [-19, -20, 40, 30] [-7, 0, 40, -14] [-8, -22, -11, -28] [-36, 32, -1, -8]
[-63, -13, -23, -22] [7, 3, -21, -12] [3, 16, 21, 36] [-6, 26, -40, 19] [38, 9, -8, -32] [29, 4, -40, 16] [14, 5, 33, 16]
[-15, 1, 39, -34] [11, 6, 0, 32] [-66, -25, -29, 37] [43, -38, 26, 5] [3, -6, -8, -23] [-1, 17, -46, -25] [30, 30, -6, 29]
[16, 29, 9, 55] [-9, -8, -20, 32] [7, -5, -42, -20] [0, 0, 0, 0] [-20, 62, -32, -12] [-20, -26, -25, -6] [-8, 34, -26, 18]
[-6, 4, -11, 16] [3, 21, 9, 20] [25, -9, 37, 16] [-13, -31, 8, -22] [13, 3, 11, -30] [8, 35, 26, 15] [-6, -20, 6, -25]
[2, -19, -6, -2] [11, 8, 15, 5] [0, 10, 10, 15] [-26, -29, 37, -39] [-37, -29, 2, -44] [-17, 37, 0, 22] [3, 31, -2, 23]
[13, 4, -24, -9] [18, 2, 9, -53] [11, 17, 5, -29] [4, 13, 35, -43] [53, 35, -2, -14] [18, 30, 19, -3] [23, -19, 26, -17]
------------------------------
ALIVE
Head: (17 12)
Body: (17 12) (17 11) (16 11) (15 11) (14 11) (13 11) (13 12) (13 13) (13 14) (14 14) 
Length: 10, 4
Vision: 3
Hungry, suplies: 10/10
Reproductive: 16, mutating: 0.25
Generation: 41386
####################################
Wall (up, right, down, left):
[11, -3, -9, -13] [-3, -2, 7, 2] [-22, 9, 13, -2] [6, 5, 24, 15] [-22, 4, 21, -8] [4, -12, -1, -1] [-12, -22, -12, -10]
[-36, -17, 24, -22] [1, 16, -6, -10] [-35, 6, -7, -1] [-26, 12, 8, 10] [23, 5, 8, 0] [-33, -32, 5, 6] [-8, 2, -5, 10]
[-7, -5, 36, 4] [0, 28, -8, -9] [-19, 0, 44, -13] [-76, 27, 48, 18] [-38, -51, -22, 35] [-14, -13, -4, 16] [-21, -8, -21, -20]
[2, 38, -8, -46] [22, 10, 21, -25] [-2, 40, 2, -89] [0, 0, 0, 0] [40, -94, 32, 8] [9, 0, -1, 18] [8, -2, 7, -3]
[-14, -23, -10, 10] [15, 0, -10, 0] [3, 2, -38, -39] [49, 11, -95, 5] [11, -9, -28, 34] [-4, 19, 9, 17] [-33, -68, -18, 21]
[11, 15, 14, -10] [-9, 2, -16, -4] [26, 0, 19, -12] [-5, 10, -28, 6] [14, -2, -27, -1] [19, -4, -29, 7] [30, 13, 29, 14]
[-11, -6, 7, -9] [-7, -19, -35, -10] [-8, 11, 23, 0] [-9, 5, -42, -9] [37, 17, -12, 32] [42, -22, -47, 17] [-13, 7, 6, -9]
Food (up, right, down, left):
[14, 24, 9, 11] [-9, 19, 7, -23] [25, -13, 14, 15] [-19, -20, 40, 30] [-7, 0, 40, -14] [-8, -22, -11, -28] [-36, 32, -1, -8]
[-63, -13, -23, -22] [7, 3, -21, -12] [3, 16, 21, 36] [-6, 26, -40, 19] [38, 9, -8, -32] [29, 4, -40, 16] [14, 5, 33, 16]
[-15, 1, 39, -34] [11, 6, 0, 32] [-66, -25, -29, 37] [43, -38, 26, 5] [3, -6, -8, -23] [-1, 17, -46, -25] [30, 30, -6, 29]
[16, 29, 9, 55] [-9, -8, -20, 32] [7, -5, -42, -20] [0, 0, 0, 0] [-20, 62, -32, -12] [-20, -26, -25, -6] [-8, 34, -26, 18]
[-6, 4, -11, 16] [3, 21, 9, 20] [25, -9, 37, 16] [-13, -31, 8, -22] [13, 3, 11, -30] [8, 35, 26, 15] [-6, -20, 6, -25]
[2, -19, -6, -2] [11, 8, 15, 5] [0, 10, 10, 15] [-26, -29, 37, -39] [-37, -29, 2, -44] [-17, 37, 0, 22] [3, 31, -2, 23]
[13, 4, -24, -9] [18, 2, 9, -53] [11, 17, 5, -29] [4, 13, 35, -43] [53, 35, -2, -14] [18, 30, 19, -3] [23, -19, 26, -17]
------------------------------
ALIVE
Head: (12 38)
Body: (12 38) (11 38) (10 38) (9 38) (9 37) (8 37) (8 38) (7 38) (7 39) (7 40) (8 40) (8 41) (9 41) (10 41) 
Length: 14, 4
Vision: 3
Hungry, suplies: 9/10
Reproductive: 16, mutating: 0.25
Generation: 41387
####################################
Wall (up, right, down, left):
[11, -3, -9, -13] [-3, -2, 7, 2] [-22, 9, 13, -2] [6, 5, 24, 15] [-22, 4, 21, -8] [4, -16, -1, -1] [-11, -22, -12, -10]
[-36, -17, 24, -22] [1, 16, -6, -10] [-35, 6, -7, -1] [-26, 12, 8, 10] [23, 5, 8, 0] [-33, -32, 5, 6] [-8, 1, -5, 10]
[-7, -5, 36, 4] [0, 28, -8, -9] [-19, 0, 44, -13] [-76, 27, 48, 18] [-38, -51, -22, 35] [-14, -13, -4, 16] [-21, -8, -21, -20]
[2, 38, -8, -46] [22, 10, 21, -25] [-2, 40, 2, -89] [0, 0, 0, 0] [40, -94, 32, 8] [9, 0, -1, 18] [8, -2, 7, -3]
[-14, -23, -10, 10] [15, 0, -10, 0] [3, 2, -38, -39] [49, 11, -95, 5] [11, -9, -28, 34] [-4, 19, 9, 17] [-33, -68, -18, 21]
[11, 15, 14, -10] [-9, 2, -16, -4] [26, 0, 19, -12] [-5, 10, -28, 6] [14, -2, -27, -1] [19, -4, -29, 7] [30, 13, 29, 14]
[-11, -6, 7, -9] [-7, -19, -35, -10] [-8, 11, 23, 0] [-9, 5, -42, -9] [37, 17, -12, 32] [42, -22, -47, 17] [-13, 7, 6, -9]
Food (up, right, down, left):
[14, 24, 9, 11] [-9, 19, 7, -23] [25, -13, 14, 15] [-19, -20, 40, 30] [-7, 0, 40, -14] [-8, -22, -11, -33] [-37, 32, -1, -8]
[-63, -13, -23, -22] [7, 3, -21, -12] [3, 16, 21, 36] [-6, 26, -40, 19] [38, 9, -8, -32] [29, 4, -40, 16] [17, 5, 33, 16]
[-15, 1, 39, -34] [11, 6, 0, 32] [-66, -25, -29, 37] [43, -38, 26, 5] [3, -6, -8, -23] [-1, 17, -46, -25] [30, 30, -6, 29]
[16, 29, 9, 55] [-9, -8, -20, 32] [7, -5, -42, -20] [0, 0, 0, 0] [-20, 62, -32, -12] [-20, -26, -25, -6] [-8, 34, -26, 18]
[-6, 4, -11, 16] [3, 21, 9, 20] [25, -9, 37, 16] [-13, -31, 8, -22] [13, 3, 11, -30] [8, 35, 26, 15] [-6, -20, 6, -25]
[2, -19, -6, -2] [11, 8, 15, 5] [0, 10, 10, 15] [-26, -29, 37, -39] [-37, -29, 2, -44] [-17, 37, 0, 22] [3, 31, -2, 23]
[13, 4, -24, -9] [18, 2, 9, -53] [11, 17, 5, -29] [4, 13, 35, -43] [53, 35, -2, -14] [18, 30, 19, -3] [23, -19, 26, -17]
------------------------------
ALIVE
Head: (15 21)
Body: (15 21) (15 20) (15 19) (14 19) (13 19) (12 19) (12 18) (11 18) (11 17) (11 16) (11 15) (11 14) (11 13) (11 12) 
Length: 14, 4
Vision: 3
Hungry, suplies: 3/10
Reproductive: 16, mutating: 0.25
Generation: 41385
####################################
Wall (up, right, down, left):
[11, -3, -9, -13] [-3, -2, 7, 2] [-19, 9, 13, -2] [6, 5, 24, 15] [-22, 4, 21, -8] [4, -16, -1, -1] [-11, -22, -12, -9]
[-36, -17, 24, -22] [1, 16, -6, -9] [-35, 6, -7, -1] [-26, 12, 8, 10] [23, 5, 8, 0] [-33, -32, 5, 6] [-8, 1, -5, 10]
[-7, -5, 36, 4] [0, 28, -8, -9] [-19, 0, 44, -13] [-76, 27, 48, 18] [-38, -51, -22, 35] [-14, -13, -4, 16] [-21, -8, -21, -20]
[2, 38, -8, -46] [22, 10, 21, -25] [-2, 40, 2, -89] [0, 0, 0, 0] [40, -94, 32, 8] [9, 0, -1, 18] [8, -2, 7, -3]
[-14, -23, -10, 10] [15, 0, -10, 0] [3, 2, -38, -39] [49, 11, -95, 5] [11, -9, -28, 34] [-4, 19, 9, 17] [-33, -68, -18, 21]
[11, 15, 14, -10] [-9, 2, -16, -4] [26, 0, 19, -12] [-5, 10, -28, 6] [14, -2, -27, -1] [19, -4, -29, 7] [30, 13, 29, 14]
[-11, -6, 7, -9] [-7, -19, -35, -10] [-8, 11, 23, 0] [-9, 5, -42, -9] [37, 17, -12, 32] [42, -22, -47, 17] [-18, 7, 6, -9]
Food (up, right, down, left):
[14, 24, 9, 11] [-9, 19, 7, -23] [25, -13, 14, 15] [-19, -20, 40, 30] [-7, 0, 40, -14] [-8, -22, -11, -33] [-42, 32, -1, -8]
[-63, -13, -23, -22] [6, 3, -21, -12] [3, 16, 21, 36] [-6, 26, -40, 19] [38, 9, -8, -32] [29, 4, -40, 16] [17, 5, 33, 16]
[-15, 1, 39, -34] [11, 6, 0, 32] [-66, -25, -29, 37] [43, -38, 26, 5] [3, -6, -8, -23] [-1, 17, -46, -25] [30, 30, -6, 29]
[16, 29, 9, 55] [-9, -8, -20, 32] [7, -5, -42, -20] [0, 0, 0, 0] [-20, 62, -32, -12] [-20, -26, -25, -6] [-8, 34, -26, 18]
[-6, 4, -11, 16] [3, 21, 9, 20] [25, -9, 37, 16] [-13, -31, 8, -22] [13, 3, 11, -30] [8, 35, 26, 15] [-6, -20, 6, -25]
[2, -19, -6, -2] [11, 8, 15, 5] [0, 10, 10, 15] [-26, -29, 37, -39] [-37, -29, 2, -44] [-17, 37, 0, 22] [3, 31, -2, 23]
[13, 4, -24, -9] [18, 2, 9, -53] [11, 17, 5, -29] [4, 13, 35, -43] [53, 35, -2, -14] [18, 30, 19, -3] [23, -19, 26, -17]
------------------------------
ALIVE
Head: (8 51)
Body: (8 51) (8 52) (8 53) (8 54) (9 54) (9 55) (8 55) (7 55) 
Length: 8, 4
Vision: 3
Hungry, suplies: 5/10
Reproductive: 16, mutating: 0.25
Generation: 41393
####################################
Wall (up, right, down, left):
[11, -3, -9, -13] [-3, -2, 7, 2] [-22, 9, 13, -2] [6, 5, 24, 15] [-22, 4, 21, -8] [4, -16, -1, -1] [-11, -22, -12, -10]
[-36, -17, 24, -22] [1, 16, -6, -9] [-35, 6, -7, -1] [-26, 12, 8, 10] [23, 5, 8, 0] [-33, -32, 5, 6] [-8, 1, -5, 10]
[-7, -5, 36, 4] [0, 28, -8, -9] [-19, 0, 44, -13] [-76, 27, 48, 18] [-38, -51, -22, 35] [-14, -13, -4, 16] [-21, -8, -21, -20]
[2, 38, -8, -46] [22, 10, 21, -25] [-2, 40, 2, -89] [0, 0, 0, 0] [40, -94, 32, 8] [9, 0, -1, 18] [8, -2, 7, -3]
[-14, -23, -10, 10] [15, 0, -10, 0] [3, 2, -38, -39] [49, 11, -95, 5] [11, -9, -28, 34] [-4, 19, 9, 17] [-33, -68, -18, 21]
[11, 15, 14, -10] [-9, 2, -16, -4] [26, 0, 19, -12] [-5, 10, -28, 6] [14, -2, -27, -1] [19, -6, -29, 7] [30, 13, 29, 14]
[-11, -6, 7, -9] [-7, -19, -35, -10] [-8, 11, 23, 0] [-9, 5, -42, -9] [37, 17, -12, 32] [42, -22, -47, 17] [-13, 7, 6, -9]
Food (up, right, down, left):
[14, 24, 9, 11] [-9, 19, 7, -23] [25, -13, 14, 15] [-19, -20, 40, 30] [-7, 0, 40, -14] [-8, -22, -11, -33] [-37, 32, -1, -8]
[-63, -13, -23, -22] [6, 3, -21, -12] [3, 16, 21, 36] [-6, 26, -40, 19] [38, 9, -8, -32] [29, 4, -40, 16] [17, 5, 33, 16]
[-15, 1, 39, -34] [11, 6, 0, 32] [-66, -25, -29, 37] [43, -38, 26, 5] [3, -6, -8, -23] [-1, 17, -46, -25] [30, 30, -6, 29]
[16, 29, 9, 55] [-9, -8, -20, 32] [7, -5, -42, -20] [0, 0, 0, 0] [-20, 62, -32, -12] [-20, -26, -25, -6] [-8, 34, -26, 18]
[-6, 4, -11, 16] [3, 21, 9, 20] [25, -9, 37, 16] [-13, -31, 8, -22] [13, 3, 11, -30] [8, 35, 26, 15] [-6, -20, 6, -25]
[2, -19, -6, -2] [11, 8, 15, 5] [0, 10, 10, 15] [-26, -29, 37, -39] [-37, -29, 2, -44] [-16, 37, 0, 22] [3, 31, -2, 23]
[13, 4, -24, -9] [18, 2, 9, -53] [11, 17, 5, -29] [4, 13, 35, -43] [53, 35, -2, -14] [18, 30, 19, -3] [23, -19, 26, -17]
------------------------------
ALIVE
Head: (19 53)
Body: (19 53) (19 52) (18 52) (17 52) (16 52) (15 52) (14 52) (13 52) (13 53) (12 53) (11 53) (11 52) (10 52) 
Length: 13, 4
Vision: 3
Hungry, suplies: 10/10
Reproductive: 16, mutating: 0.25
Generation: 41392
####################################
Wall (up, right, down, left):
[11, -4, -9, -13] [-3, -2, 7, 2] [-22, 9, 9, 1] [6, 5, 24, 15] [-22, 4, 21, -8] [4, -12, -1, -3] [-11, -19, -12, -10]
[-36, -17, 24, -22] [1, 16, -6, -10] [-35, 6, -7, -1] [-26, 7, 8, 10] [23, 5, 8, 0] [-33, -32, 5, 6] [-8, 1, -5, 10]
[-7, -5, 36, 4] [-2, 28, -8, -9] [-19, 0, 44, -13] [-76, 27, 48, 18] [-38, -51, -22, 35] [-14, -13, -4, 16] [-21, -8, -24, -20]
[4, 38, -8, -46] [22, 10, 21, -25] [-2, 45, 2, -89] [0, 0, 0, 0] [40, -94, 32, 8] [9, 0, -1, 18] [8, 2, 7, -3]
[-14, -23, -10, 10] [15, 0, -10, 0] [3, 2, -38, -39] [49, 11, -95, 5] [11, -9, -28, 34] [-4, 19, 8, 14] [-33, -68, -18, 21]
[11, 15, 14, -10] [-9, 2, -16, -4] [26, 0, 19, -12] [-5, 10, -28, 6] [14, -2, -27, -1] [19, -4, -29, 7] [35, 13, 29, 14]
[-11, -6, 7, -9] [-7, -19, -35, -10] [-3, 12, 23, 0] [-9, 5, -42, -9] [37, 17, -12, 32] [42, -22, -47, 17] [-13, 7, 6, -9]
Food (up, right, down, left):
[14, 24, 9, 6] [-9, 19, 7, -23] [25, -16, 12, 15] [-19, -20, 40, 30] [-7, 0, 40, -14] [-8, -22, -11, -33] [-37, 28, -1, -8]
[-63, -13, -23, -22] [7, 3, -21, -12] [3, 16, 21, 36] [-6, 26, -41, 19] [38, 9, -8, -32] [29, 4, -40, 16] [17, 5, 33, 16]
[-15, 1, 39, -34] [13, 6, 0, 32] [-66, -25, -29, 34] [43, -38, 26, 5] [3, -6, -8, -23] [-1, 17, -46, -25] [30, 33, -6, 29]
[16, 29, 9, 57] [-9, -8, -20, 32] [7, -5, -42, -24] [0, 0, 0, 0] [-20, 62, -32, -12] [-20, -26, -25, -6] [-8, 34, -26, 13]
[-6, 8, -11, 16] [3, 21, 9, 20] [25, -9, 37, 16] [-13, -31, 8, -22] [13, 3, 11, -30] [8, 35, 21, 14] [-6, -20, 6, -25]
[2, -19, -6, -2] [11, 8, 15, 5] [0, 10, 10, 15] [-26, -29, 37, -39] [-37, -29, 2, -44] [-17, 37, 0, 22] [3, 31, -2, 28]
[13, 4, -24, -9] [18, 2, 9, -53] [11, 17, 7, -31] [4, 13, 35, -43] [53, 35, -2, -14] [18, 30, 19, -3] [23, -19, 26, -17]
------------------------------
ALIVE
Head: (24 3)
Body: (24 3) (23 3) (23 4) (23 5) (23 6) (23 7) (24 7) (24 6) (24 5) 
Length: 9, 4
Vision: 3
Hungry, suplies: 9/10
Reproductive: 16, mutating: 0.25
Generation: 41391
####################################
Wall (up, right, down, left):
[11, -3, -9, -13] [-3, -2, 7, 2] [-22, 9, 13, -2] [6, 5, 24, 15] [-22, 4, 21, -8] [4, -16, -1, -1] [-11, -22, -12, -10]
[-36, -17, 24, -22] [1, 16, -6, -9] [-35, 6, -7, -1] [-26, 12, 8, 10] [23, 5, 8, 0] [-33, -32, 5, 6] [-8, 1, -5, 10]
[-7, -5, 36, 4] [0, 28, -8, -9] [-19, 0, 44, -13] [-76, 27, 48, 18] [-38, -51, -22, 35] [-14, -13, -4, 16] [-21, -8, -21, -20]
[2, 38, -8, -46] [22, 10, 21, -25] [-2, 40, 2, -89] [0, 0, 0, 0] [40, -94, 32, 8] [9, 0, -1, 18] [8, -2, 7, -3]
[-14, -23, -10, 10] [15, 0, -10, 0] [3, 2, -38, -39] [49, 11, -95, 5] [11, -9, -28, 34] [-4, 19, 9, 17] [-33, -68, -18, 21]
[11, 15, 14, -10] [-9, 2, -16, -4] [26, 0, 19, -12] [-5, 10, -28, 6] [14, -2, -27, -1] [19, -4, -29, 7] [30, 13, 29, 14]
[-11, -6, 7, -9] [-7, -19, -35, -10] [-8, 11, 23, 0] [-9, 5, -42, -9] [37, 17, -12, 32] [42, -22, -47, 17] [-13, 7, 6, -9]
Food (up, right, down, left):
[14, 24, 9, 11] [-9, 19, 7, -23] [25, -13, 14, 15] [-19, -20, 40, 30] [-7, 0, 40, -14] [-8, -22, -11, -33] [-37, 32, -1, -8]
[-63, -13, -23, -22] [6, 3, -21, -12] [3, 16, 21, 36] [-6, 26, -40, 19] [38, 9, -8, -32] [29, 4, -40, 16] [17, 5, 33, 16]
[-15, 1, 39, -34] [11, 6, 0, 32] [-66, -25, -29, 37] [43, -38, 26, 5] [3, -6, -8, -23] [-1, 17, -46, -25] [30, 30, -6, 29]
[16, 29, 9, 55] [-9, -8, -20, 32] [7, -5, -42, -20] [0, 0, 0, 0] [-20, 62, -32, -12] [-20, -26, -25, -6] [-8, 34, -26, 18]
[-6, 4, -11, 16] [3, 21, 9, 20] [25, -9, 37, 16] [-13, -31, 8, -22] [13, 3, 11, -30] [8, 35, 26, 15] [-6, -20, 6, -25]
[2, -19, -6, -2] [11, 8, 15, 5] [0, 10, 10, 15] [-26, -29, 37, -39] [-37, -29, 2, -44] [-17, 37, 0, 22] [3, 31, -2, 23]
[13, 4, -24, -9] [18, 2, 9, -53] [11, 17, 5, -29] [4, 13, 35, -43] [53, 35, -2, -14] [18, 30, 19, -3] [23, -19, 26, -17]
------------------------------
ALIVE
Head: (5 35)
Body: (5 35) (5 34) (5 33) (5 32) (5 31) (5 30) (5 29) (5 28) (5 27) (4 27) (3 27) 
Length: 11, 4
Vision: 3
Hungry, suplies: 8/10
Reproductive: 16, mutating: 0.25
Generation: 41391
####################################
Wall (up, right, down, left):
[11, -3, -9, -13] [-3, -2, 7, 2] [-19, 9, 13, -2] [6, 5, 24, 15] [-22, 4, 21, -8] [4, -16, -1, -1] [-11, -22, -12, -10]
[-36, -17, 24, -22] [1, 16, -6, -9] [-35, 6, -7, -1] [-26, 12, 8, 10] [23, 5, 8, 0] [-33, -32, 5, 6] [-8, 1, -5, 10]
[-7, -5, 36, 4] [0, 28, -8, -9] [-19, 0, 44, -13] [-76, 27, 48, 18] [-38, -51, -22, 35] [-14, -13, -4, 16] [-21, -8, -21, -20]
[2, 38, -8, -46] [22, 10, 21, -25] [-2, 40, 2, -89] [0, 0, 0, 0] [40, -94, 32, 8] [9, 0, -1, 18] [8, -2, 7, -3]
[-14, -23, -10, 10] [15, 0, -10, 0] [3, 2, -38, -39] [49, 11, -95, 5] [11, -9, -28, 34] [-4, 19, 9, 17] [-33, -68, -18, 21]
[11, 15, 14, -10] [-9, 2, -16, -4] [26, 0, 19, -12] [-5, 10, -28, 6] [14, -2, -27, -1] [19, -4, -29, 7] [30, 13, 29, 14]
[-11, -6, 7, -9] [-7, -19, -35, -10] [-8, 11, 23, 0] [-9, 5, -42, -9] [37, 17, -12, 32] [42, -22, -47, 17] [-18, 7, 6, -9]
Food (up, right, down, left):
[14, 24, 9, 11] [-9, 19, 7, -23] [25, -13, 14, 15] [-19, -20, 40, 30] [-7, 0, 40, -14] [-8, -22, -11, -33] [-37, 32, -1, -8]
[-63, -13, -23, -22] [6, 3, -21, -12] [3, 16, 21, 36] [-6, 26, -40, 19] [38, 9, -8, -32] [29, 4, -40, 16] [17, 5, 33, 16]
[-15, 1, 39, -34] [11, 6, 0, 32] [-66, -25, -29, 37] [43, -38, 26, 5] [3, -6, -8, -23] [-1, 17, -46, -25] [30, 30, -6, 29]
[16, 29, 9, 55] [-9, -8, -20, 32] [7, -5, -42, -20] [0, 0, 0, 0] [-20, 62, -32, -12] [-20, -26, -25, -6] [-8, 34, -26, 18]
[-6, 4, -11, 16] [3, 21, 9, 20] [25, -9, 37, 16] [-13, -31, 8, -22] [13, 3, 11, -30] [8, 35, 26, 15] [-6, -20, 6, -25]
[2, -19, -6, -2] [11, 8, 15, 5] [0, 10, 10, 15] [-26, -29, 37, -39] [-37, -29, 2, -44] [-17, 37, 0, 22] [3, 31, -2, 23]
[13, 4, -24, -9] [18, 2, 9, -53] [11, 17, 5, -29] [4, 13, 35, -43] [53, 35, -2, -14] [18, 30, 19, -3] [23, -19, 26, -17]
------------------------------
ALIVE
Head: (19 18)
Body: (19 18) (19 17) (18 17) (17 17) (16 17) (15 17) (14 17) (13 17) (13 16) (14 16) (15 16) (16 16) 
Length: 12, 4
Vision: 3
Hungry, suplies: 7/10
Reproductive: 16, mutating: 0.25
Generation: 41392
####################################
Wall (up, right, down, left):
[11, -4, -9, -13] [-3, -2, 7, 2] [-22, 9, 13, -2] [6, 5, 24, 15] [-22, 4, 21, -8] [4, -12, -1, -1] [-11, -19, -12, -10]
[-36, -17, 24, -22] [1, 16, -6, -6] [-35, 6, -7, -1] [-26, 7, 8, 10] [23, 5, 8, 0] [-33, -32, 5, 6] [-8, 1, -5, 10]
[-7, -5, 36, 4] [-2, 28, -8, -9] [-19, 0, 44, -13] [-76, 27, 48, 18] [-38, -51, -22, 35] [-14, -13, -4, 16] [-21, -8, -21, -20]
[4, 38, -8, -46] [22, 10, 21, -25] [-2, 45, 2, -89] [0, 0, 0, 0] [40, -94, 32, 8] [9, 0, -1, 18] [8, -2, 7, -3]
[-14, -23, -10, 10] [15, 0, -10, 0] [3, 2, -38, -39] [49, 11, -95, 5] [11, -13, -28, 34] [-4, 19, 8, 14] [-33, -68, -18, 21]
[11, 15, 14, -10] [-9, 2, -16, -4] [26, 0, 19, -12] [-5, 10, -28, 6] [14, -2, -27, -1] [19, -4, -29, 6] [35, 13, 29, 14]
[-11, -6, 7, -9] [-7, -19, -35, -10] [-8, 12, 23, 0] [-9, 5, -42, -9] [37, 17, -12, 32] [42, -22, -47, 17] [-13, 7, 6, -9]
Food (up, right, down, left):
[14, 24, 9, 6] [-9, 19, 7, -23] [25, -13, 14, 15] [-19, -20, 40, 30] [-7, 0, 40, -14] [-8, -22, -11, -28] [-37, 28, -1, -8]
[-63, -13, -23, -22] [7, 3, -22, -12] [3, 16, 21, 36] [-6, 26, -41, 19] [38, 9, -8, -32] [29, 4, -40, 16] [17, 5, 33, 16]
[-15, 1, 39, -34] [13, 6, 0, 32] [-66, -25, -29, 34] [43, -38, 26, 5] [3, -6, -8, -23] [-1, 17, -46, -25] [30, 30, -6, 29]
[16, 29, 9, 57] [-9, -8, -20, 32] [7, -5, -42, -24] [0, 0, 0, 0] [-20, 62, -32, -12] [-20, -26, -25, -6] [-8, 34, -26, 18]
[-6, 8, -11, 16] [3, 21, 9, 20] [25, -9, 37, 16] [-13, -31, 8, -22] [13, 3, 10, -30] [8, 35, 21, 14] [-6, -20, 6, -25]
[2, -19, -6, -2] [11, 8, 15, 5] [0, 10, 10, 15] [-26, -29, 37, -39] [-37, -29, 2, -44] [-17, 42, 0, 22] [3, 31, -2, 28]
[13, 4, -24, -9] [18, 2, 9, -53] [11, 17, 7, -29] [4, 13, 35, -43] [53, 35, -2, -14] [18, 30, 19, -3] [23, -19, 26, -17]
------------------------------
ALIVE
Head: (21 32)
Body: (21 32) (20 32) (19 32) (19 33) (18 33) (17 33) (16 33) (15 33) (15 32) (15 31) 
Length: 10, 4
Vision: 3
Hungry, suplies: 10/10
Reproductive: 16, mutating: 0.25
Generation: 41388
####################################
Wall (up, right, down, left):
[11, -3, -9, -13] [-3, -2, 7, 2] [-19, 9, 13, -2] [6, 5, 24, 15] [-22, 4, 21, -8] [4, -16, -1, -1] [-11, -22, -12, -10]
[-36, -17, 24, -22] [1, 16, -6, -9] [-35, 6, -7, -1] [-26, 12, 8, 10] [23, 5, 8, 0] [-33, -32, 5, 6] [-8, 1, -5, 10]
[-7, -5, 36, 4] [0, 28, -8, -9] [-19, 0, 44, -13] [-76, 27, 48, 18] [-38, -51, -22, 35] [-14, -13, -4, 16] [-21, -8, -21, -20]
[2, 38, -8, -46] [22, 10, 21, -25] [-2, 40, 2, -89] [0, 0, 0, 0] [40, -94, 32, 8] [9, 0, -1, 18] [8, -2, 7, -3]
[-14, -23, -10, 10] [15, 0, -10, 0] [3, 2, -38, -39] [49, 11, -95, 5] [11, -9, -28, 34] [-4, 19, 9, 17] [-33, -68, -18, 21]
[11, 15, 14, -10] [-9, 2, -16, -4] [26, 0, 19, -12] [-5, 10, -28, 6] [14, -2, -27, -1] [19, -4, -29, 7] [30, 13, 29, 14]
[-11, -6, 7, -9] [-7, -19, -35, -10] [-8, 11, 23, 1] [-9, 5, -42, -9] [37, 17, -12, 32] [42, -22, -47, 17] [-18, 7, 6, -9]
Food (up, right, down, left):
[14, 24, 9, 11] [-9, 19, 7, -23] [25, -13, 14, 15] [-19, -20, 40, 30] [-7, 0, 40, -14] [-8, -22, -11, -33] [-37, 32, -1, -8]
[-63, -13, -23, -22] [6, 3, -21, -12] [3, 16, 21, 36] [-6, 26, -40, 19] [38, 9, -8, -32] [29, 4, -40, 16] [17, 5, 33, 16]
[-15, 1, 39, -34] [11, 6, 0, 32] [-66, -25, -29, 37] [43, -38, 26, 5] [3, -6, -8, -23] [-1, 17, -46, -25] [30, 30, -6, 29]
[16, 29, 9, 55] [-9, -8, -20, 32] [7, -5, -42, -20] [0, 0, 0, 0] [-20, 62, -32, -12] [-20, -26, -25, -6] [-8, 34, -26, 18]
[-6, 4, -11, 16] [3, 21, 9, 20] [25, -9, 37, 16] [-13, -31, 8, -22] [13, 3, 11, -30] [8, 35, 26, 15] [-6, -20, 6, -25]
[2, -19, -6, -2] [11, 8, 15, 5] [0, 10, 10, 15] [-26, -29, 37, -39] [-37, -29, 2, -44] [-17, 37, 0, 22] [3, 31, -2, 23]
[13, 4, -24, -9] [18, 2, 9, -53] [11, 17, 5, -29] [4, 13, 35, -43] [53, 35, -2, -14] [18, 30, 19, -3] [23, -19, 26, -17]
------------------------------
ALIVE
Head: (0 25)
Body: (0 25) (0 24) (0 23) (0 22) (0 21) (24 21) (24 20) (24 19) (24 18) (24 17) (23 17) (22 17) (21 17) (20 17) 
Length: 14, 4
Vision: 3
Hungry, suplies: 10/10
Reproductive: 16, mutating: 0.25
Generation: 41394
####################################
Wall (up, right, down, left):
[11, -3, -9, -13] [-3, -2, 7, 2] [-22, 9, 13, -2] [6, 5, 24, 15] [-22, 4, 21, -8] [4, -12, -1, -1] [-12, -22, -12, -10]
[-36, -17, 24, -22] [1, 16, -6, -10] [-35, 6, -7, -1] [-26, 12, 8, 10] [23, 5, 8, 0] [-33, -32, 5, 6] [-8, 2, -5, 10]
[-7, -5, 36, 4] [0, 28, -8, -9] [-19, 0, 44, -13] [-76, 27, 48, 18] [-38, -51, -22, 35] [-14, -13, -4, 16] [-21, -8, -21, -20]
[2, 38, -8, -46] [22, 10, 21, -25] [-2, 40, 2, -89] [0, 0, 0, 0] [40, -94, 32, 8] [9, 0, -1, 18] [8, -2, 7, -3]
[-14, -23, -10, 10] [15, 0, -10, 0] [3, 2, -38, -39] [49, 11, -95, 5] [11, -9, -28, 34] [-4, 19, 9, 17] [-33, -68, -18, 21]
[11, 15, 14, -10] [-9, 2, -16, -4] [26, 0, 19, -12] [-5, 10, -28, 6] [14, -2, -27, -1] [19, -4, -29, 7] [30, 13, 29, 14]
[-11, -6, 7, -9] [-7, -19, -35, -10] [-8, 11, 23, 0] [-9, 5, -42, -9] [37, 17, -12, 32] [42, -22, -47, 17] [-13, 7, 6, -9]
Food (up, right, down, left):
[14, 24, 9, 11] [-9, 19, 7, -23] [25, -13, 14, 15] [-19, -20, 40, 30] [-7, 0, 40, -14] [-8, -22, -11, -28] [-36, 32, -1, -8]
[-63, -13, -23, -22] [7, 3, -21, -12] [3, 16, 21, 36] [-6, 26, -40, 19] [38, 9, -8, -32] [29, 4, -40, 16] [14, 5, 33, 16]
[-15, 1, 39, -34] [11, 6, 0, 32] [-66, -25, -29, 37] [43, -38, 26, 5] [3, -6, -8, -23] [-1, 17, -46, -25] [30, 30, -6, 29]
[16, 29, 9, 55] [-9, -8, -20, 32] [7, -5, -42, -20] [0, 0, 0, 0] [-20, 62, -32, -12] [-20, -26, -25, -6] [-8, 34, -26, 18]
[-6, 4, -11, 16] [3, 21, 9, 20] [25, -9, 37, 16] [-13, -31, 8, -22] [13, 3, 11, -30] [8, 35, 26, 15] [-6, -20, 6, -25]
[2, -19, -6, -2] [11, 8, 15, 5] [0, 10, 10, 15] [-26, -29, 37, -39] [-37, -29, 2, -44] [-17, 37, 0, 22] [3, 31, -2, 23]
[13, 4, -24, -9] [18, 2, 9, -53] [11, 17, 5, -29] [4, 13, 35, -43] [53, 35, -2, -14] [18, 30, 19, -3] [23, -19, 26, -17]
------------------------------
ALIVE
Head: (5 21)
Body: (5 21) (5 22) (5 23) (6 23) (6 24) (6 25) (6 26) (6 27) (7 27) 
Length: 9, 4
Vision: 3
Hungry, suplies: 10/10
Reproductive: 16, mutating: 0.25
Generation: 41388
####################################
Wall (up, right, down, left):
[11, -4, -9, -13] [-3, -2, 7, 2] [-22, 9, 9, 1] [6, 5, 24, 15] [-22, 4, 21, -8] [4, -12, -1, -3] [-11, -19, -12, -10]
[-36, -17, 24, -22] [1, 16, -6, -10] [-35, 6, -7, -1] [-26, 7, 8, 10] [23, 5, 8, 0] [-33, -32, 5, 6] [-8, 1, -5, 10]
[-7, -5, 36, 4] [-2, 28, -8, -9] [-19, 0, 44, -13] [-76, 27, 48, 18] [-38, -51, -22, 35] [-14, -13, -4, 16] [-21, -8, -24, -20]
[4, 38, -8, -46] [22, 10, 21, -25] [-2, 45, 2, -89] [0, 0, 0, 0] [40, -94, 32, 8] [9, 0, -1, 18] [8, -2, 7, -3]
[-14, -23, -10, 10] [15, 0, -10, 0] [3, 2, -38, -39] [49, 11, -95, 5] [11, -9, -28, 34] [-4, 19, 8, 14] [-33, -68, -18, 21]
[11, 15, 14, -10] [-9, 2, -16, -4] [26, 0, 19, -12] [-5, 10, -28, 6] [14, -2, -27, -1] [19, -4, -29, 7] [35, 13, 29, 14]
[-11, -6, 7, -9] [-7, -19, -35, -10] [-3, 12, 23, 0] [-9, 5, -42, -9] [37, 17, -12, 32] [42, -22, -47, 17] [-13, 7, 6, -9]
Food (up, right, down, left):
[14, 24, 9, 6] [-9, 19, 7, -23] [25, -16, 12, 15] [-19, -20, 40, 30] [-7, 0, 40, -14] [-8, -22, -11, -33] [-37, 28, -1, -8]
[-63, -13, -23, -22] [7, 3, -21, -12] [3, 16, 21, 36] [-6, 26, -41, 19] [38, 9, -8, -32] [29, 4, -40, 16] [17, 5, 33, 16]
[-15, 1, 39, -34] [13, 6, 0, 32] [-66, -25, -29, 34] [43, -38, 26, 5] [3, -6, -8, -23] [-1, 17, -46, -25] [30, 33, -6, 29]
[16, 29, 9, 57] [-9, -8, -20, 32] [7, -5, -42, -24] [0, 0, 0, 0] [-20, 62, -32, -12] [-20, -26, -25, -6] [-8, 34, -26, 18]
[-6, 8, -11, 16] [3, 21, 9, 20] [25, -9, 37, 16] [-13, -31, 8, -22] [13, 3, 11, -30] [8, 35, 21, 14] [-6, -20, 6, -25]
[2, -19, -6, -2] [11, 8, 15, 5] [0, 10, 10, 15] [-26, -29, 37, -39] [-37, -29, 2, -44] [-17, 37, 0, 22] [3, 31, -2, 28]
[13, 4, -24, -9] [18, 2, 9, -53] [11, 17, 7, -31] [4, 13, 35, -43] [53, 35, -2, -14] [18, 30, 19, -3] [23, -19, 26, -17]
------------------------------
ALIVE
Head: (20 1)
Body: (20 1) (19 1) (19 0) (20 0) (21 0) (22 57) (22 56) (22 55) (22 54) (22 53) (22 52) (22 51) (22 50) 
Length: 13, 4
Vision: 3
Hungry, suplies: 10/10
Reproductive: 16, mutating: 0.25
Generation: 41391
####################################
Wall (up, right, down, left):
[11, -4, -9, -13] [-3, -2, 7, 2] [-22, 9, 9, 1] [6, 5, 24, 15] [-22, 3, 21, -8] [4, -12, -1, -3] [-11, -19, -12, -10]
[-36, -17, 24, -22] [1, 16, -6, -10] [-35, 6, -7, -1] [-26, 7, 8, 10] [23, 5, 8, 0] [-33, -32, 5, 6] [-8, 1, -5, 10]
[-7, -5, 36, 4] [-2, 28, -8, -9] [-19, 0, 44, -13] [-76, 27, 48, 18] [-38, -51, -22, 35] [-14, -13, -4, 16] [-21, -8, -24, -20]
[4, 38, -8, -46] [22, 10, 21, -25] [-2, 45, 2, -89] [0, 0, 0, 0] [40, -94, 32, 8] [9, 0, -1, 18] [8, -2, 7, -3]
[-14, -23, -10, 10] [15, 0, -10, 0] [3, 2, -38, -39] [49, 11, -95, 5] [11, -9, -28, 34] [-4, 19, 8, 14] [-33, -68, -18, 21]
[11, 15, 14, -10] [-9, 2, -16, -4] [26, 0, 19, -12] [-5, 10, -28, 6] [14, -2, -27, -1] [19, -4, -29, 7] [35, 13, 29, 14]
[-11, -6, 7, -9] [-7, -19, -35, -10] [-3, 12, 23, 0] [-9, 5, -42, -9] [37, 17, -12, 32] [42, -22, -47, 17] [-13, 7, 6, -9]
Food (up, right, down, left):
[14, 24, 9, 6] [-9, 19, 7, -23] [25, -16, 12, 15] [-19, -20, 40, 30] [-7, 0, 38, -14] [-8, -22, -11, -33] [-37, 28, -1, -8]
[-63, -13, -23, -22] [7, 3, -21, -12] [3, 16, 21, 36] [-6, 26, -41, 19] [38, 9, -8, -32] [29, 4, -40, 16] [17, 5, 33, 16]
[-15, 1, 39, -34] [13, 6, 0, 32] [-66, -25, -29, 34] [43, -38, 26, 5] [3, -6, -8, -23] [-1, 17, -46, -25] [30, 33, -6, 29]
[16, 29, 9, 57] [-9, -8, -20, 32] [7, -5, -42, -24] [0, 0, 0, 0] [-20, 62, -32, -12] [-20, -26, -25, -6] [-8, 34, -26, 18]
[-6, 8, -11, 16] [3, 21, 9, 20] [25, -9, 37, 16] [-13, -31, 8, -22] [13, 3, 11, -30] [8, 35, 21, 14] [-6, -20, 6, -25]
[2, -19, -6, -2] [11, 8, 15, 5] [0, 10, 10, 15] [-26, -29, 37, -39] [-37, -29, 2, -44] [-17, 37, 0, 22] [3, 31, -2, 28]
[13, 4, -24, -9] [18, 2, 9, -53] [11, 17, 7, -31] [4, 13, 35, -43] [53, 35, -2, -14] [18, 30, 19, -3] [23, -19, 26, -17]
------------------------------
ALIVE
Head: (4 35)
Body: (4 35) (4 36) (4 37) (3 37) (2 37) (2 36) (1 36) (0 36) (25 37) (24 37) 
Length: 10, 4
Vision: 3
Hungry, suplies: 1/10
Reproductive: 16, mutating: 0.25
Generation: 41393
####################################
Wall (up, right, down, left):
[11, -3, -9, -13] [-3, -2, 7, 2] [-22, 9, 13, -2] [6, 5, 24, 15] [-22, 4, 21, -8] [4, -16, -1, -1] [-11, -22, -12, -10]
[-36, -17, 24, -22] [1, 16, -6, -9] [-35, 6, -7, -1] [-26, 12, 8, 10] [23, 5, 8, 0] [-33, -32, 5, 6] [-8, 1, -5, 10]
[-7, -5, 36, 4] [0, 28, -8, -9] [-19, 0, 44, -13] [-76, 27, 48, 18] [-38, -51, -22, 35] [-14, -13, -4, 16] [-21, -8, -21, -20]
[2, 38, -8, -46] [22, 10, 21, -25] [-2, 40, 2, -89] [0, 0, 0, 0] [40, -94, 32, 8] [9, 0, -1, 18] [8, -2, 7, -3]
[-14, -23, -10, 10] [15, 0, -10, 0] [3, 2, -38, -39] [49, 11, -95, 5] [11, -9, -28, 34] [-4, 19, 9, 17] [-33, -68, -18, 21]
[11, 15, 14, -10] [-9, 2, -16, -4] [26, 0, 19, -12] [-5, 10, -28, 6] [14, -2, -27, -1] [19, -4, -29, 7] [30, 13, 29, 14]
[-11, -6, 7, -9] [-7, -19, -35, -10] [-8, 11, 23, 0] [-9, 5, -42, -9] [37, 17, -12, 32] [42, -22, -47, 17] [-13, 7, 6, -9]
Food (up, right, down, left):
[14, 24, 9, 11] [-9, 19, 7, -23] [25, -13, 14, 15] [-19, -20, 40, 30] [-7, 0, 40, -14] [-8, -22, -11, -33] [-37, 32, -1, -8]
[-63, -13, -23, -22] [6, 3, -21, -12] [3, 16, 21, 36] [-6, 26, -40, 19] [38, 9, -8, -32] [29, 4, -40, 16] [17, 5, 33, 16]
[-15, 1, 39, -34] [11, 6, 0, 32] [-66, -25, -29, 37] [43, -38, 26, 5] [3, -6, -8, -23] [-1, 17, -46, -20] [30, 30, -6, 29]
[16, 29, 9, 55] [-9, -8, -20, 32] [7, -5, -42, -20] [0, 0, 0, 0] [-20, 62, -32, -12] [-20, -26, -25, -6] [-8, 34, -26, 18]
[-6, 4, -11, 16] [3, 21, 9, 20] [25, -9, 37, 16] [-13, -31, 8, -22] [13, 3, 11, -30] [8, 35, 26, 15] [-6, -20, 6, -25]
[2, -19, -6, -2] [11, 8, 15, 5] [0, 10, 10, 15] [-26, -29, 37, -39] [-37, -29, 2, -44] [-17, 37, 0, 22] [3, 31, -2, 23]
[13, 4, -24, -9] [18, 2, 9, -53] [11, 17, 5, -29] [4, 13, 35, -43] [53, 35, -2, -14] [18, 30, 19, -3] [23, -19, 26, -17]
------------------------------
ALIVE
Head: (5 18)
Body: (5 18) (5 17) (4 17) (4 16) (3 16) (2 16) (2 15) (2 14) (2 13) (1 13) (1 12) (1 11) (2 11) (3 11) 
Length: 14, 4
Vision: 3
Hungry, suplies: 8/10
Reproductive: 16, mutating: 0.25
Generation: 41390
####################################
Wall (up, right, down, left):
[11, -4, -9, -13] [-3, -2, 7, 2] [-22, 9, 13, -2] [6, 5, 24, 15] [-22, 4, 21, -8] [4, -12, -1, -1] [-11, -19, -12, -10]
[-36, -17, 24, -22] [1, 16, -6, -6] [-35, 6, -7, -1] [-26, 7, 8, 10] [23, 5, 8, 0] [-33, -32, 5, 6] [-8, 1, -5, 10]
[-7, -5, 36, 4] [-2, 28, -8, -9] [-19, 0, 44, -13] [-76, 27, 48, 18] [-38, -51, -22, 35] [-14, -13, -4, 16] [-21, -8, -21, -20]
[4, 38, -8, -46] [22, 10, 21, -25] [-2, 45, 2, -89] [0, 0, 0, 0] [40, -94, 32, 8] [9, 0, -1, 18] [8, -2, 7, -3]
[-14, -23, -10, 10] [15, 0, -10, 0] [3, 2, -38, -39] [49, 11, -95, 5] [11, -13, -28, 34] [-4, 19, 8, 14] [-33, -68, -18, 26]
[11, 15, 14, -10] [-9, 2, -16, -4] [26, 0, 19, -12] [-5, 10, -28, 6] [14, -2, -27, -1] [19, -4, -29, 6] [35, 13, 29, 14]
[-11, -6, 7, -9] [-7, -19, -35, -10] [-8, 12, 23, 0] [-9, 5, -42, -9] [37, 17, -12, 32] [42, -22, -47, 17] [-13, 7, 6, -9]
Food (up, right, down, left):
[14, 24, 9, 6] [-9, 19, 7, -23] [25, -13, 14, 15] [-19, -20, 40, 30] [-7, 0, 40, -14] [-8, -22, -11, -28] [-37, 28, -1, -8]
[-63, -13, -23, -22] [7, 3, -22, -12] [3, 16, 21, 36] [-6, 26, -41, 19] [38, 9, -8, -32] [29, 4, -40, 16] [17, 5, 33, 16]
[-15, 1, 39, -34] [13, 6, 0, 32] [-66, -25, -29, 34] [43, -38, 26, 5] [3, -6, -8, -23] [-1, 17, -46, -25] [30, 30, -6, 29]
[16, 29, 9, 57] [-9, -8, -20, 32] [7, -5, -42, -24] [0, 0, 0, 0] [-20, 62, -32, -12] [-20, -26, -25, -6] [-8, 34, -26, 18]
[-6, 8, -11, 16] [3, 21, 9, 20] [25, -9, 37, 16] [-13, -31, 8, -22] [13, 3, 10, -30] [8, 35, 21, 14] [-6, -20, 7, -25]
[2, -19, -6, -2] [11, 8, 15, 5] [0, 10, 10, 15] [-26, -29, 37, -39] [-37, -29, 2, -44] [-17, 42, 0, 22] [3, 31, -2, 28]
[13, 4, -24, -9] [18, 2, 9, -53] [11, 17, 7, -29] [4, 13, 35, -43] [53, 35, -2, -14] [18, 30, 19, -3] [23, -19, 26, -17]
------------------------------
ALIVE
Head: (13 45)
Body: (13 45) (13 44) (12 44) (11 44) (10 44) (9 44) (8 44) (7 44) (7 43) (7 42) (6 42) (6 41) 
Length: 12, 4
Vision: 3
Hungry, suplies: 10/10
Reproductive: 16, mutating: 0.25
Generation: 41388
####################################
Wall (up, right, down, left):
[11, -4, -9, -13] [-3, -2, 7, 2] [-22, 9, 9, 1] [6, 5, 24, 15] [-22, 4, 21, -8] [4, -12, -1, -3] [-11, -19, -12, -10]
[-36, -17, 24, -22] [1, 16, -6, -10] [-35, 6, -7, -1] [-26, 7, 8, 10] [23, 5, 8, 0] [-33, -32, 5, 6] [-8, 1, -5, 10]
[-7, -5, 36, 4] [-2, 28, -8, -9] [-19, 0, 44, -13] [-76, 27, 48, 18] [-38, -51, -22, 35] [-14, -13, -4, 16] [-21, -8, -24, -20]
[4, 38, -8, -46] [22, 10, 21, -25] [-2, 45, 2, -89] [0, 0, 0, 0] [40, -94, 32, 8] [9, 0, -1, 18] [8, 2, 7, -3]
[-14, -23, -10, 10] [15, 0, -10, 0] [3, 2, -38, -39] [49, 11, -95, 5] [11, -9, -28, 34] [-4, 19, 8, 14] [-33, -68, -18, 21]
[11, 15, 14, -10] [-9, 2, -16, -4] [26, 0, 19, -12] [-5, 10, -28, 6] [14, -2, -27, -1] [19, -4, -29, 7] [35, 13, 29, 14]
[-11, -6, 7, -9] [-7, -19, -35, -10] [-3, 12, 23, 0] [-9, 5, -42, -9] [37, 17, -12, 32] [42, -22, -47, 17] [-13, 7, 6, -9]
Food (up, right, down, left):
[14, 24, 9, 6] [-9, 19, 7, -23] [25, -16, 12, 15] [-19, -20, 40, 30] [-7, 0, 40, -14] [-8, -22, -11, -33] [-37, 28, -1, -8]
[-63, -13, -23, -22] [7, 3, -21, -12] [3, 16, 21, 36] [-6, 26, -41, 19] [38, 9, -8, -32] [29, 4, -40, 16] [17, 5, 33, 16]
[-15, 1, 39, -34] [13, 6, 0, 32] [-66, -25, -29, 34] [43, -38, 26, 5] [3, -6, -8, -23] [-1, 17, -46, -25] [30, 33, -6, 29]
[16, 29, 9, 57] [-9, -8, -20, 32] [7, -5, -42, -24] [0, 0, 0, 0] [-20, 62, -32, -12] [-20, -26, -25, -6] [-8, 34, -26, 13]
[-6, 8, -11, 16] [3, 21, 9, 20] [25, -9, 37, 16] [-13, -31, 8, -22] [13, 3, 11, -30] [8, 35, 21, 14] [-6, -20, 6, -25]
[2, -19, -6, -2] [11, 8, 15, 5] [0, 10, 10, 15] [-26, -29, 37, -39] [-37, -29, 2, -44] [-17, 37, 0, 22] [3, 31, -2, 28]
[13, 4, -24, -9] [18, 2, 9, -53] [11, 17, 7, -31] [4, 13, 35, -43] [53, 35, -2, -14] [18, 30, 19, -3] [23, -19, 26, -17]
------------------------------
ALIVE
Head: (16 3)
Body: (16 3) (15 3) (15 2) (14 2) (13 2) (12 2) (11 2) (10 2) (10 1) (10 57) (10 56) 
Length: 11, 4
Vision: 3
Hungry, suplies: 9/10
Reproductive: 16, mutating: 0.25
Generation: 41392
####################################
Wall (up, right, down, left):
[11, -3, -9, -13] [-3, -2, 7, 2] [-22, 9, 13, -2] [6, 5, 24, 15] [-22, 4, 21, -8] [4, -16, -1, -1] [-11, -22, -12, -10]
[-36, -17, 24, -22] [1, 16, -6, -9] [-35, 6, -7, -1] [-26, 12, 8, 10] [23, 5, 8, 0] [-35, -32, 5, 6] [-8, 1, -5, 10]
[-7, -5, 36, 4] [0, 28, -8, -9] [-19, 0, 44, -13] [-76, 27, 48, 18] [-38, -51, -22, 35] [-14, -13, -4, 16] [-21, -8, -21, -20]
[2, 38, -8, -46] [22, 10, 21, -25] [-2, 40, 2, -89] [0, 0, 0, 0] [40, -94, 32, 8] [9, 0, -1, 18] [8, -2, 7, -3]
[-14, -23, -10, 10] [15, 0, -10, 0] [3, 2, -38, -39] [49, 11, -95, 5] [11, -9, -28, 34] [-4, 19, 9, 17] [-33, -68, -18, 21]
[11, 15, 14, -10] [-9, 2, -16, -4] [26, 0, 19, -12] [-5, 10, -28, 6] [14, -2, -27, -1] [19, -6, -29, 7] [30, 13, 29, 14]
[-11, -6, 7, -9] [-7, -19, -35, -10] [-8, 11, 23, 0] [-9, 5, -42, -9] [37, 17, -12, 32] [42, -22, -47, 17] [-13, 7, 6, -9]
Food (up, right, down, left):
[14, 24, 9, 11] [-9, 19, 7, -23] [25, -13, 14, 15] [-19, -20, 40, 30] [-7, 0, 40, -14] [-8, -22, -11, -33] [-37, 32, -1, -8]
[-63, -13, -23, -22] [6, 3, -21, -12] [3, 16, 21, 36] [-6, 26, -40, 19] [38, 9, -8, -32] [29, 4, -40, 21] [17, 5, 33, 16]
[-15, 1, 39, -34] [11, 6, 0, 32] [-66, -25, -29, 37] [43, -38, 26, 5] [3, -6, -8, -23] [-1, 17, -46, -25] [30, 30, -6, 29]
[16, 29, 9, 55] [-9, -8, -20, 32] [7, -5, -42, -20] [0, 0, 0, 0] [-20, 62, -32, -12] [-20, -26, -25, -6] [-8, 34, -26, 18]
[-6, 4, -11, 16] [3, 21, 9, 20] [25, -9, 37, 16] [-13, -31, 8, -22] [13, 3, 11, -30] [8, 35, 26, 15] [-6, -20, 6, -25]
[2, -19, -6, -2] [11, 8, 15, 5] [0, 10, 10, 15] [-26, -29, 37, -39] [-37, -29, 2, -44] [-16, 37, 0, 22] [3, 31, -2, 23]
[13, 4, -24, -9] [18, 2, 9, -53] [11, 17, 5, -29] [4, 13, 35, -43] [53, 35, -2, -14] [18, 30, 19, -3] [23, -19, 26, -17]
------------------------------
ALIVE
Head: (15 49)
Body: (15 49) (15 50) (15 51) (14 51) (14 50) (13 50) (12 50) (12 49) (12 48) (12 47) (11 47) (10 47) (10 46) (9 46) (8 46) 
Length: 15, 4
Vision: 3
Hungry, suplies: 7/10
Reproductive: 16, mutating: 0.25
Generation: 41393
####################################
Wall (up, right, down, left):
[11, -3, -9, -13] [-3, -2, 7, 2] [-19, 9, 13, -2] [6, 5, 24, 15] [-22, 4, 21, -8] [4, -16, -1, -1] [-11, -22, -12, -9]
[-36, -17, 24, -22] [1, 16, -6, -9] [-35, 6, -7, -1] [-26, 12, 8, 10] [23, 5, 8, 0] [-33, -32, 5, 6] [-8, 1, -5, 10]
[-7, -5, 36, 4] [0, 28, -8, -9] [-19, 0, 44, -13] [-76, 27, 48, 18] [-38, -51, -22, 35] [-14, -13, -4, 16] [-21, -8, -21, -20]
[2, 38, -8, -46] [22, 10, 21, -25] [-2, 40, 2, -89] [0, 0, 0, 0] [40, -94, 32, 8] [9, 0, -1, 18] [8, -2, 7, -3]
[-14, -23, -10, 10] [15, 0, -10, 0] [3, 2, -38, -39] [49, 11, -95, 5] [11, -9, -28, 34] [-4, 19, 9, 17] [-33, -68, -18, 21]
[11, 15, 14, -10] [-9, 2, -16, -4] [26, 0, 19, -12] [-5, 10, -28, 6] [14, -2, -27, -1] [19, -4, -29, 7] [30, 13, 29, 14]
[-11, -6, 7, -9] [-7, -19, -35, -10] [-8, 11, 23, 0] [-9, 5, -42, -9] [37, 17, -12, 32] [42, -22, -47, 17] [-18, 7, 6, -9]
Food (up, right, down, left):
[14, 24, 9, 11] [-9, 19, 7, -23] [25, -13, 14, 15] [-19, -20, 40, 30] [-7, 0, 40, -14] [-8, -22, -11, -33] [-42, 32, -1, -8]
[-63, -13, -23, -22] [6, 3, -21, -12] [3, 16, 21, 36] [-6, 26, -40, 19] [38, 9, -8, -32] [29, 4, -40, 16] [17, 5, 33, 16]
[-15, 1, 39, -34] [11, 6, 0, 32] [-66, -25, -29, 37] [43, -38, 26, 5] [3, -6, -8, -23] [-1, 17, -46, -25] [30, 30, -6, 29]
[16, 29, 9, 55] [-9, -8, -20, 32] [7, -5, -42, -20] [0, 0, 0, 0] [-20, 62, -32, -12] [-20, -26, -25, -6] [-8, 34, -26, 18]
[-6, 4, -11, 16] [3, 21, 9, 20] [25, -9, 37, 16] [-13, -31, 8, -22] [13, 3, 11, -30] [8, 35, 26, 15] [-6, -20, 6, -25]
[2, -19, -6, -2] [11, 8, 15, 5] [0, 10, 10, 15] [-26, -29, 37, -39] [-37, -29, 2, -44] [-17, 37, 0, 22] [3, 31, -2, 23]
[13, 4, -24, -9] [18, 2, 9, -53] [11, 17, 5, -29] [4, 13, 35, -43] [53, 35, -2, -14] [18, 30, 19, -3] [23, -19, 26, -17]
------------------------------
ALIVE
Head: (19 50)
Body: (19 50) (19 49) (20 49) (21 49) (21 48) (22 48) (23 48) (24 48) 
Length: 8, 4
Vision: 3
Hungry, suplies: 5/10
Reproductive: 16, mutating: 0.25
Generation: 41394
####################################
Wall (up, right, down, left):
[11, -3, -9, -13] [-3, -2, 7, 2] [-22, 9, 13, -2] [6, 5, 24, 15] [-22, 4, 21, -8] [4, -16, -1, -1] [-11, -22, -12, -10]
[-36, -17, 24, -22] [1, 16, -6, -10] [-35, 6, -7, -1] [-26, 12, 8, 10] [23, 5, 8, 0] [-33, -32, 5, 6] [-8, 1, -5, 10]
[-7, -5, 36, 4] [0, 28, -8, -9] [-19, 0, 44, -13] [-76, 27, 48, 18] [-38, -51, -22, 35] [-14, -13, -4, 16] [-21, -8, -21, -20]
[2, 38, -8, -46] [22, 10, 21, -25] [-2, 40, 2, -89] [0, 0, 0, 0] [40, -94, 32, 8] [9, 0, -1, 18] [8, -2, 7, -3]
[-14, -23, -10, 10] [15, 0, -10, 0] [3, 2, -38, -39] [49, 11, -95, 5] [11, -9, -28, 34] [-4, 19, 9, 17] [-33, -68, -18, 21]
[11, 15, 14, -10] [-9, 2, -16, -4] [26, 0, 19, -12] [-5, 10, -28, 6] [14, -2, -27, -1] [19, -4, -29, 7] [30, 13, 29, 14]
[-11, -6, 7, -9] [-7, -19, -35, -10] [-8, 11, 23, 0] [-9, 5, -42, -9] [37, 17, -12, 32] [42, -22, -47, 17] [-13, 7, 6, -9]
Food (up, right, down, left):
[14, 24, 9, 11] [-9, 19, 7, -23] [25, -13, 14, 15] [-19, -20, 40, 30] [-7, 0, 40, -14] [-8, -22, -11, -33] [-37, 32, -1, -8]
[-63, -13, -23, -22] [7, 3, -21, -12] [3, 16, 21, 36] [-6, 26, -40, 19] [38, 9, -8, -32] [29, 4, -40, 16] [17, 5, 33, 16]
[-15, 1, 39, -34] [11, 6, 0, 32] [-66, -25, -29, 37] [43, -38, 26, 5] [3, -6, -8, -23] [-1, 17, -46, -25] [30, 30, -6, 29]
[16, 29, 9, 55] [-9, -8, -20, 32] [7, -5, -42, -20] [0, 0, 0, 0] [-20, 62, -32, -12] [-20, -26, -25, -6] [-8, 34, -26, 18]
[-6, 4, -11, 16] [3, 21, 9, 20] [25, -9, 37, 16] [-13, -31, 8, -22] [13, 3, 11, -30] [8, 35, 26, 15] [-6, -20, 6, -25]
[2, -19, -6, -2] [11, 8, 15, 5] [0, 10, 10, 15] [-26, -29, 37, -39] [-37, -29, 2, -44] [-17, 37, 0, 22] [3, 31, -2, 23]
[13, 4, -24, -9] [18, 2, 9, -53] [11, 17, 5, -29] [4, 13, 35, -43] [53, 35, -2, -14] [18, 30, 19, -3] [23, -19, 26, -17]
------------------------------
ALIVE
Head: (22 34)
Body: (22 34) (21 34) (21 35) (21 36) (21 37) (20 37) (20 36) (19 36) (19 37) (18 37) (18 38) 
Length: 11, 4
Vision: 3
Hungry, suplies: 3/10
Reproductive: 16, mutating: 0.25
Generation: 41386
####################################
Wall (up, right, down, left):
[11, -3, -9, -13] [-3, -2, 7, 2] [-22, 9, 13, -2] [6, 5, 24, 15] [-22, 4, 21, -8] [4, -16, -1, -1] [-11, -22, -12, -10]
[-36, -17, 22, -22] [1, 16, -6, -9] [-35, 6, -7, -1] [-26, 12, 8, 10] [23, 5, 8, 0] [-33, -32, 5, 6] [-8, 1, -5, 10]
[-7, -5, 36, 4] [0, 28, -8, -9] [-19, 0, 44, -13] [-76, 27, 48, 18] [-38, -51, -22, 35] [-14, -13, -4, 16] [-21, -8, -21, -20]
[2, 38, -8, -46] [22, 10, 21, -25] [-2, 40, 2, -89] [0, 0, 0, 0] [40, -94, 32, 8] [9, 0, -1, 18] [8, -2, 7, -3]
[-14, -23, -10, 10] [15, 0, -10, 0] [3, 2, -38, -39] [49, 11, -95, 5] [11, -9, -28, 34] [-4, 19, 9, 17] [-33, -68, -18, 21]
[11, 15, 14, -10] [-9, 2, -16, -4] [26, 0, 19, -12] [-5, 10, -28, 6] [14, -2, -27, -1] [19, -4, -29, 7] [30, 13, 29, 14]
[-11, -6, 7, -9] [-7, -19, -35, -10] [-8, 11, 23, 0] [-9, 5, -42, -9] [37, 17, -12, 32] [42, -22, -47, 17] [-13, 7, 6, -9]
Food (up, right, down, left):
[14, 24, 9, 11] [-9, 19, 7, -23] [25, -13, 14, 15] [-19, -20, 40, 30] [-7, 0, 40, -14] [-8, -22, -11, -33] [-37, 32, -1, -8]
[-63, -13, -23, -24] [6, 3, -21, -12] [3, 16, 21, 36] [-6, 26, -40, 19] [38, 9, -8, -32] [29, 4, -40, 16] [17, 5, 33, 16]
[-15, 1, 39, -34] [11, 6, 0, 32] [-66, -25, -29, 37] [43, -38, 26, 5] [3, -6, -8, -23] [-1, 17, -46, -25] [30, 30, -6, 29]
[16, 29, 9, 55] [-9, -8, -20, 32] [7, -5, -42, -20] [0, 0, 0, 0] [-20, 62, -32, -12] [-20, -26, -25, -6] [-8, 34, -26, 18]
[-6, 4, -11, 16] [3, 21, 9, 20] [25, -9, 37, 16] [-13, -31, 8, -22] [13, 3, 11, -30] [8, 35, 26, 15] [-6, -20, 6, -25]
[2, -19, -6, -2] [11, 8, 15, 5] [0, 10, 10, 15] [-26, -29, 37, -39] [-37, -29, 2, -44] [-17, 37, 0, 22] [3, 31, -2, 23]
[13, 4, -24, -9] [18, 2, 9, -53] [11, 17, 5, -29] [4, 13, 35, -43] [53, 35, -2, -14] [18, 30, 19, -3] [23, -19, 26, -17]
------------------------------
ALIVE
Head: (4 2)
Body: (4 2) (4 3) (3 3) (3 4) (3 5) (2 5) (1 5) (1 6) (1 7) (1 8) (2 8) (3 8) (4 8) (4 9) (4 10) 
Length: 15, 4
Vision: 3
Hungry, suplies: 10/10
Reproductive: 16, mutating: 0.25
Generation: 41392
####################################
Wall (up, right, down, left):
[11, -3, -9, -13] [-3, -2, 7, 2] [-22, 9, 13, -2] [6, 5, 24, 15] [-22, 4, 21, -8] [4, -12, -1, -1] [-12, -22, -12, -10]
[-36, -17, 24, -22] [1, 16, -6, -10] [-35, 6, -7, -1] [-26, 12, 8, 10] [23, 5, 8, 0] [-33, -32, 5, 6] [-8, 2, -5, 10]
[-7, -5, 36, 4] [0, 28, -8, -9] [-19, 0, 44, -13] [-76, 27, 48, 18] [-38, -51, -22, 35] [-14, -13, -4, 16] [-21, -8, -21, -20]
[2, 38, -8, -46] [22, 10, 21, -25] [-2, 40, 2, -89] [0, 0, 0, 0] [40, -94, 32, 8] [9, 0, -1, 18] [8, -2, 7, -3]
[-14, -23, -10, 10] [15, 0, -10, 0] [3, 2, -38, -39] [49, 11, -95, 5] [11, -9, -28, 34] [-4, 19, 9, 17] [-33, -68, -18, 21]
[11, 15, 14, -10] [-9, 2, -16, -4] [26, 0, 19, -12] [-5, 10, -28, 6] [14, -2, -27, -1] [19, -4, -29, 7] [30, 13, 29, 14]
[-11, -6, 7, -9] [-7, -19, -35, -10] [-8, 11, 23, 0] [-9, 5, -42, -9] [37, 17, -12, 32] [42, -22, -47, 17] [-13, 7, 6, -9]
Food (up, right, down, left):
[14, 24, 9, 11] [-9, 19, 7, -23] [25, -13, 14, 15] [-19, -20, 40, 30] [-7, 0, 40, -14] [-8, -22, -11, -28] [-36, 32, -1, -8]
[-63, -13, -23, -22] [7, 3, -21, -12] [3, 16, 21, 36] [-6, 26, -40, 19] [38, 9, -8, -32] [29, 4, -40, 16] [14, 5, 33, 16]
[-15, 1, 39, -34] [11, 6, 0, 32] [-66, -25, -29, 37] [43, -38, 26, 5] [3, -6, -8, -23] [-1, 17, -46, -25] [30, 30, -6, 29]
[16, 29, 9, 55] [-9, -8, -20, 32] [7, -5, -42, -20] [0, 0, 0, 0] [-20, 62, -32, -12] [-20, -26, -25, -6] [-8, 34, -26, 18]
[-6, 4, -11, 16] [3, 21, 9, 20] [25, -9, 37, 16] [-13, -31, 8, -22] [13, 3, 11, -30] [8, 35, 26, 15] [-6, -20, 6, -25]
[2, -19, -6, -2] [11, 8, 15, 5] [0, 10, 10, 15] [-26, -29, 37, -39] [-37, -29, 2, -44] [-17, 37, 0, 22] [3, 31, -2, 23]
[13, 4, -24, -9] [18, 2, 9, -53] [11, 17, 5, -29] [4, 13, 35, -43] [53, 35, -2, -14] [18, 30, 19, -3] [23, -19, 26, -17]
------------------------------
ALIVE
Head: (8 15)
Body: (8 15) (8 16) (8 17) (9 17) (9 18) (9 19) (10 19) (10 20) (9 20) (8 20) 
Length: 10, 4
Vision: 3
Hungry, suplies: 5/10
Reproductive: 16, mutating: 0.25
Generation: 41387
####################################
Wall (up, right, down, left):
[11, -4, -9, -13] [-3, -2, 7, 2] [-22, 9, 13, -2] [6, 5, 24, 15] [-22, 4, 21, -8] [4, -12, -1, -1] [-11, -19, -12, -10]
[-36, -17, 24, -22] [1, 16, -6, -6] [-35, 6, -7, -1] [-26, 7, 8, 10] [23, 5, 8, 0] [-33, -32, 5, 6] [-8, 1, -5, 10]
[-7, -5, 36, 4] [-2, 28, -8, -9] [-19, 0, 44, -13] [-76, 27, 48, 18] [-38, -51, -22, 35] [-14, -13, -4, 16] [-21, -8, -21, -20]
[4, 38, -8, -46] [22, 10, 21, -25] [-2, 45, 2, -89] [0, 0, 0, 0] [40, -94, 32, 8] [9, 0, -1, 18] [8, -2, 7, -3]
[-14, -23, -10, 10] [15, 0, -10, 0] [3, 2, -38, -39] [49, 11, -95, 5] [11, -13, -28, 34] [-4, 19, 8, 14] [-33, -68, -18, 21]
[11, 15, 14, -10] [-9, 2, -16, -4] [26, 0, 19, -12] [-5, 10, -28, 6] [14, -2, -27, -1] [19, -4, -29, 6] [35, 13, 29, 14]
[-11, -6, 7, -9] [-7, -19, -35, -10] [-8, 12, 23, 0] [-9, 5, -42, -9] [37, 17, -12, 32] [42, -22, -47, 17] [-13, 7, 6, -9]
Food (up, right, down, left):
[14, 24, 9, 6] [-9, 19, 7, -23] [25, -13, 14, 15] [-19, -20, 40, 30] [-7, 0, 40, -14] [-8, -22, -11, -28] [-37, 28, -1, -8]
[-63, -13, -23, -22] [7, 3, -22, -12] [3, 16, 21, 36] [-6, 26, -41, 19] [38, 9, -8, -32] [29, 4, -40, 16] [17, 5, 33, 16]
[-15, 1, 39, -34] [13, 6, 0, 32] [-66, -25, -29, 34] [43, -38, 26, 5] [3, -6, -8, -23] [-1, 17, -46, -25] [30, 30, -6, 29]
[16, 29, 9, 57] [-9, -8, -20, 32] [7, -5, -42, -24] [0, 0, 0, 0] [-20, 62, -32, -12] [-20, -26, -25, -6] [-8, 34, -26, 18]
[-6, 8, -11, 16] [3, 21, 9, 20] [25, -9, 37, 16] [-13, -31, 8, -22] [13, 3, 10, -30] [8, 35, 21, 14] [-6, -20, 6, -25]
[2, -19, -6, -2] [11, 8, 15, 5] [0, 10, 10, 15] [-26, -29, 37, -39] [-37, -29, 2, -44] [-17, 42, 0, 22] [3, 31, -2, 28]
[13, 4, -24, -9] [18, 2, 9, -53] [11, 17, 7, -29] [4, 13, 35, -43] [53, 35, -2, -14] [18, 30, 19, -3] [23, -19, 26, -17]
------------------------------
ALIVE
Head: (23 40)
Body: (23 40) (23 41) (24 41) (24 42) (24 43) (24 44) (23 44) (23 45) (23 46) (22 46) 
Length: 10, 4
Vision: 3
Hungry, suplies: 5/10
Reproductive: 16, mutating: 0.25
Generation: 41390
####################################
Wall (up, right, down, left):
[11, -4, -9, -13] [-3, -2, 7, 2] [-22, 9, 9, 1] [6, 5, 24, 15] [-22, 4, 21, -8] [4, -12, -1, -3] [-11, -19, -12, -10]
[-36, -17, 24, -22] [1, 16, -6, -10] [-35, 6, -7, -1] [-26, 7, 8, 10] [23, 5, 8, 0] [-33, -32, 5, 6] [-8, 1, -5, 10]
[-7, -5, 36, 4] [-2, 28, -8, -9] [-19, 0, 44, -13] [-76, 27, 48, 18] [-38, -51, -22, 35] [-14, -13, -4, 16] [-21, -8, -24, -20]
[4, 38, -8, -46] [22, 10, 21, -25] [-2, 45, 2, -89] [0, 0, 0, 0] [40, -94, 32, 8] [9, 0, -1, 18] [8, 2, 7, -3]
[-14, -23, -10, 10] [15, 0, -10, 0] [3, 2, -38, -39] [49, 11, -95, 5] [11, -9, -28, 34] [-4, 19, 8, 14] [-33, -68, -18, 21]
[11, 15, 14, -10] [-9, 2, -16, -4] [26, 0, 19, -12] [-5, 10, -28, 6] [14, -2, -27, -1] [19, -4, -29, 7] [35, 13, 29, 14]
[-11, -6, 7, -9] [-7, -19, -35, -10] [-3, 12, 23, 0] [-9, 5, -42, -9] [37, 17, -12, 32] [42, -22, -47, 17] [-13, 7, 6, -9]
Food (up, right, down, left):
[14, 24, 9, 6] [-9, 19, 7, -23] [25, -16, 12, 15] [-19, -20, 40, 30] [-7, 0, 40, -14] [-8, -22, -11, -33] [-37, 28, -1, -8]
[-63, -13, -23, -22] [7, 3, -21, -12] [3, 16, 21, 36] [-6, 26, -41, 19] [38, 9, -8, -32] [29, 4, -40, 16] [17, 5, 33, 16]
[-15, 1, 39, -34] [13, 6, 0, 32] [-66, -25, -29, 34] [43, -38, 26, 5] [3, -6, -8, -23] [-1, 17, -46, -25] [30, 33, -6, 29]
[16, 29, 9, 57] [-9, -8, -20, 32] [7, -5, -42, -24] [0, 0, 0, 0] [-20, 62, -32, -12] [-20, -26, -25, -6] [-8, 34, -26, 13]
[-6, 8, -11, 16] [3, 21, 9, 20] [25, -9, 37, 16] [-13, -31, 8, -22] [13, 3, 11, -30] [8, 35, 21, 14] [-6, -20, 6, -25]
[2, -19, -6, -2] [11, 8, 15, 5] [0, 10, 10, 15] [-26, -29, 37, -39] [-37, -29, 2, -44] [-17, 37, 0, 22] [3, 31, -2, 28]
[13, 4, -24, -9] [18, 2, 9, -53] [11, 17, 7, -31] [4, 13, 35, -43] [53, 35, -2, -14] [18, 30, 19, -3] [23, -19, 26, -17]
------------------------------
ALIVE
Head: (10 10)
Body: (10 10) (9 10) (9 9) (9 8) (9 7) (9 6) (9 5) (9 4) (9 3) (9 2) (9 1) 
Length: 11, 4
Vision: 3
Hungry, suplies: 3/10
Reproductive: 16, mutating: 0.25
Generation: 41392
####################################
Wall (up, right, down, left):
[11, -4, -9, -13] [-3, -2, 7, 2] [-22, 9, 13, -2] [6, 5, 24, 15] [-22, 4, 21, -8] [4, -12, -1, -1] [-11, -19, -12, -10]
[-36, -17, 24, -22] [1, 16, -6, -6] [-35, 6, -7, -1] [-26, 7, 8, 10] [23, 5, 8, 0] [-33, -32, 5, 6] [-8, 1, -5, 10]
[-7, -5, 36, 4] [-2, 28, -8, -9] [-19, 0, 44, -13] [-76, 27, 48, 18] [-38, -51, -22, 35] [-14, -13, -4, 16] [-21, -8, -21, -20]
[4, 38, -8, -46] [22, 10, 21, -25] [-2, 45, 2, -89] [0, 0, 0, 0] [40, -94, 32, 8] [9, 0, -1, 18] [8, -2, 7, -3]
[-14, -23, -10, 10] [15, 0, -10, 0] [3, 2, -38, -39] [49, 11, -95, 5] [11, -13, -28, 34] [-4, 19, 8, 14] [-33, -68, -18, 21]
[11, 15, 14, -10] [-9, 2, -16, -4] [26, 0, 19, -12] [-5, 10, -28, 6] [14, -2, -27, -1] [19, -4, -29, 6] [35, 13, 29, 14]
[-11, -6, 7, -9] [-8, -19, -35, -10] [-8, 12, 23, 0] [-9, 5, -42, -9] [37, 17, -12, 32] [42, -22, -47, 17] [-13, 7, 6, -9]
Food (up, right, down, left):
[14, 24, 9, 6] [-9, 19, 7, -23] [25, -13, 14, 15] [-19, -20, 40, 30] [-7, 0, 40, -14] [-8, -22, -11, -28] [-37, 28, -1, -8]
[-63, -13, -23, -22] [7, 3, -22, -12] [3, 16, 21, 36] [-6, 26, -41, 19] [38, 9, -8, -32] [29, 4, -40, 16] [17, 5, 33, 16]
[-15, 1, 39, -34] [13, 6, 0, 32] [-66, -25, -29, 34] [43, -38, 26, 5] [3, -6, -8, -23] [-1, 17, -46, -25] [30, 30, -6, 29]
[16, 29, 9, 57] [-9, -8, -20, 32] [7, -5, -42, -24] [0, 0, 0, 0] [-20, 62, -32, -12] [-20, -26, -25, -6] [-8, 34, -26, 18]
[-6, 8, -11, 16] [3, 21, 9, 20] [25, -9, 37, 16] [-13, -31, 8, -22] [13, 3, 10, -30] [8, 35, 21, 14] [-6, -20, 6, -25]
[2, -19, -6, -2] [11, 8, 15, 5] [0, 10, 10, 15] [-26, -29, 37, -39] [-37, -29, 2, -44] [-17, 42, 0, 22] [3, 31, -2, 28]
[13, 4, -24, -9] [18, 7, 9, -53] [11, 17, 7, -29] [4, 13, 35, -43] [53, 35, -2, -14] [18, 30, 19, -3] [23, -19, 26, -17]
------------------------------
ALIVE
Head: (10 24)
Body: (10 24) (9 24) (9 25) (9 26) (10 26) (11 26) (12 26) (12 27) 
Length: 8, 4
Vision: 3
Hungry, suplies: 7/10
Reproductive: 16, mutating: 0.25
Generation: 41389
####################################
Wall (up, right, down, left):
[11, -3, -9, -13] [-3, -2, 7, 2] [-22, 9, 13, -2] [6, 5, 24, 15] [-22, 4, 21, -8] [4, -16, -1, -1] [-11, -22, -12, -10]
[-36, -17, 24, -22] [1, 16, -6, -10] [-35, 6, -7, -1] [-26, 12, 8, 10] [23, 5, 8, 0] [-33, -32, 5, 6] [-8, 1, -5, 10]
[-7, -5, 36, 4] [0, 28, -8, -9] [-19, 0, 44, -13] [-76, 27, 48, 18] [-38, -51, -22, 35] [-14, -13, -4, 16] [-21, -8, -21, -20]
[2, 38, -8, -46] [22, 10, 21, -25] [-2, 40, 2, -89] [0, 0, 0, 0] [40, -94, 32, 8] [9, 0, -1, 18] [8, -2, 7, -3]
[-14, -23, -10, 10] [15, 0, -10, 0] [3, 2, -38, -39] [49, 11, -95, 5] [11, -9, -28, 34] [-4, 19, 9, 17] [-33, -68, -18, 21]
[11, 15, 14, -10] [-9, 2, -16, -4] [26, 0, 19, -12] [-5, 10, -28, 6] [14, -2, -27, -1] [19, -4, -29, 7] [30, 13, 29, 14]
[-11, -6, 7, -9] [-7, -19, -35, -10] [-8, 11, 23, 0] [-9, 5, -42, -9] [37, 17, -12, 32] [42, -22, -47, 17] [-13, 7, 6, -9]
Food (up, right, down, left):
[14, 24, 9, 11] [-9, 19, 7, -23] [25, -13, 14, 15] [-19, -20, 40, 30] [-7, 0, 40, -14] [-8, -22, -11, -33] [-37, 32, -1, -8]
[-63, -13, -23, -22] [7, 3, -21, -12] [3, 16, 21, 36] [-6, 26, -40, 19] [38, 9, -8, -32] [29, 4, -40, 16] [17, 5, 33, 16]
[-15, 1, 39, -34] [11, 6, 0, 32] [-66, -25, -29, 37] [43, -38, 26, 5] [3, -6, -8, -23] [-1, 17, -46, -25] [30, 30, -6, 29]
[16, 29, 9, 55] [-9, -8, -20, 32] [7, -5, -42, -20] [0, 0, 0, 0] [-20, 62, -32, -12] [-20, -26, -25, -6] [-8, 34, -26, 18]
[-6, 4, -11, 16] [3, 21, 9, 20] [25, -9, 37, 16] [-13, -31, 8, -22] [13, 3, 11, -30] [8, 35, 26, 15] [-6, -20, 6, -25]
[2, -19, -6, -2] [11, 8, 15, 5] [0, 10, 10, 15] [-26, -29, 37, -39] [-37, -29, 2, -44] [-17, 37, 0, 22] [3, 31, -2, 23]
[13, 4, -24, -9] [18, 2, 9, -53] [11, 17, 5, -29] [4, 13, 35, -43] [53, 35, -2, -14] [18, 30, 19, -3] [23, -19, 26, -17]
------------------------------
ALIVE
Head: (22 24)
Body: (22 24) (22 23) (21 23) (21 22) (21 21) (21 20) (20 20) (19 20) (18 20) 
Length: 9, 4
Vision: 3
Hungry, suplies: 8/10
Reproductive: 16, mutating: 0.25
Generation: 41390
####################################
