Wall (up, right, down, left):
[14, 5, -15, 7] [0, -11, -12, -4] [-17, 6, 5, -6] [21, 5, 20, 2] [-13, 7, 30, -13] [-3, -3, -7, -19] [-20, -15, -19, -15]
[-8, -5, 19, -9] [-2, 25, 1, 13] [-26, 5, 6, -8] [-15, 11, 6, 8] [24, 4, -10, 3] [-10, -19, 5, 2] [-18, -4, 15, 5]
[-5, -2, 43, -5] [-7, 23, -16, 7] [-16, 1, 34, -3] [-72, 18, 41, 24] [-43, -31, -36, 19] [-12, -24, 5, 23] [-29, -12, -3, -15]
[5, 26, 2, -46] [11, -2, 8, -31] [6, 21, 2, -91] [0, 0, 0, 0] [31, -87, 25, 7] [15, -11, 6, 20] [6, 7, 12, -8]
[-9, -15, -11, -3] [20, 8, -17, 0] [-4, 10, -16, -16] [27, 21, -87, 20] [0, -13, -15, 34] [-5, 11, -16, 3] [-27, -48, 5, 20]
[20, 13, 5, 12] [12, 7, -11, -20] [8, -3, 21, 2] [-13, -1, -18, 1] [7, 3, -9, 17] [22, -5, -13, 6] [24, 7, 6, 17]
[4, -6, -4, -18] [0, -3, -8, -7] [1, 7, 17, -1] [-9, 16, -29, -17] [36, 8, -10, 16] [16, -18, -35, 16] [-7, 1, 9, 1]
Food (up, right, down, left):
[19, 19, -5, 22] [-7, 3, -8, -28] [33, -15, -1, 11] [-6, 0, 22, 24] [-9, 15, 15, -4] [-2, -11, -9, -16] [-29, 24, -5, -16]
[-62, -4, -14, -21] [5, -7, -13, -20] [-7, 19, 10, 20] [-7, 14, -24, 25] [25, 9, -1, -46] [31, -13, -21, 11] [7, -7, 12, 19]
[-18, 16, 7, -26] [2, -6, 7, 28] [-37, -26, -30, 29] [34, -32, 18, 0] [-6, -4, -4, -5] [-3, 1, -32, -37] [24, 30, 7, 28]
[12, 3, 14, 50] [-11, -13, -41, 26] [-1, -6, -31, -11] [0, 0, 0, 0] [-26, 55, -22, -2] [-27, -6, -19, 5] [-2, 25, -10, 16]
[-16, 19, -11, 18] [10, 10, 7, 21] [20, -3, 34, -3] [-17, -16, 9, -7] [9, -3, 19, -33] [-10, 41, 18, 28] [9, -6, -7, -33]
[24, -6, -5, -2] [4, 19, 28, 15] [5, 12, 5, 25] [-7, -15, 16, -28] [-27, -22, -14, -26] [-15, 17, -5, 15] [12, 47, 2, 22]
[-6, 1, -25, -19] [10, -7, 12, -34] [16, 16, 10, -15] [5, 14, 35, -43] [28, 39, -3, -4] [6, 29, 6, -5] [22, -32, 13, -25]
------------------------------
ALIVE
Head: (16 0)
Body: (16 0) (17 57) (17 56) (18 56) (18 55) (19 55) (20 55) (20 54) (20 53) (20 52) (20 51) (20 50) (20 49) (20 48) (19 48) 
Length: 15, 4
Vision: 3
Hungry, suplies: 8/10
Reproductive: 16, mutating: 0.25
Generation: 32549
####################################
Wall (up, right, down, left):
[14, 5, -15, 7] [0, -11, -12, -4] [-17, 6, 5, -6] [21, 5, 20, 2] [-13, 7, 30, -13] [-3, -3, -7, -19] [-20, -15, -19, -20]
[-8, -8, 19, -9] [-2, 25, 1, 13] [-26, 5, 6, -8] [-15, 11, 6, 8] [24, 4, -10, 3] [-10, -19, 5, 3] [-18, -4, 15, 5]
[-5, -2, 43, -5] [-7, 23, -16, 9] [-16, 1, 34, -3] [-72, 18, 41, 24] [-43, -27, -36, 19] [-12, -24, 5, 23] [-29, -12, -3, -15]
[5, 28, 2, -46] [11, -2, 8, -31] [6, 21, 2, -94] [0, 0, 0, 0] [31, -87, 25, 7] [15, -11, 6, 20] [6, 7, 12, -8]
[-9, -15, -11, -3] [20, 3, -17, 0] [0, 10, -16, -16] [27, 21, -87, 20] [0, -13, -15, 34] [-5, 11, -16, 3] [-24, -48, 5, 20]
[20, 13, 5, 12] [12, 2, -11, -20] [8, -3, 21, 2] [-13, -1, -18, 1] [7, 3, -9, 17] [22, -5, -13, 6] [24, 9, 6, 22]
[4, -6, -4, -25] [0, -3, -8, -7] [-4, 7, 17, -1] [-9, 16, -29, -17] [36, 8, -10, 16] [16, -18, -35, 16] [-7, 1, 9, 1]
Food (up, right, down, left):
[19, 19, -5, 22] [-7, 3, -8, -28] [33, -15, -6, 11] [-6, 0, 22, 24] [-9, 15, 15, -4] [-2, -11, -9, -16] [-32, 24, -5, -16]
[-62, -4, -12, -21] [5, -7, -13, -20] [-7, 19, 10, 20] [-7, 14, -24, 25] [25, 9, -1, -46] [31, -13, -21, 10] [7, -7, 12, 19]
[-18, 16, 7, -26] [2, -6, 4, 28] [-37, -26, -30, 29] [34, -32, 18, 0] [-6, -4, -4, -9] [-3, 1, -32, -37] [24, 30, 7, 28]
[12, 3, 14, 48] [-11, -13, -41, 26] [1, -6, -30, -11] [0, 0, 0, 0] [-26, 55, -22, -2] [-27, -6, -19, 5] [-2, 25, -10, 16]
[-16, 19, -11, 18] [10, 10, 7, 21] [25, -3, 34, -3] [-17, -16, 9, -7] [9, -3, 19, -33] [-10, 41, 18, 28] [9, -6, -7, -34]
[24, -6, -5, -2] [4, 23, 28, 15] [5, 12, 5, 25] [-7, -15, 16, -28] [-27, -22, -14, -26] [-15, 17, -5, 15] [11, 47, 2, 22]
[-6, 1, -25, -19] [10, -7, 12, -34] [16, 16, 10, -14] [5, 14, 35, -43] [28, 39, -3, -4] [6, 29, 6, -5] [23, -32, 13, -25]
------------------------------
ALIVE
Head: (2 33)
Body: (2 33) (1 33) (1 32) (0 32) (0 31) (25 30) (24 30) (24 29) (24 28) (24 27) 
Length: 10, 4
Vision: 3
Hungry, suplies: 2/10
Reproductive: 16, mutating: 0.25
Generation: 32538
####################################
Wall (up, right, down, left):
[14, 5, -15, 7] [0, -11, -12, -4] [-17, 6, 5, -6] [21, 5, 20, 2] [-13, 7, 30, -13] [-3, -3, -7, -19] [-20, -15, -19, -20]
[-8, -8, 19, -9] [-2, 25, 1, 13] [-26, 5, 6, -8] [-15, 11, 6, 8] [24, 4, -10, 3] [-10, -19, 5, 3] [-18, -4, 15, 5]
[-5, -2, 43, -5] [-7, 23, -16, 9] [-16, 1, 34, -3] [-72, 18, 41, 24] [-43, -27, -36, 19] [-12, -24, 5, 23] [-29, -12, -3, -15]
[5, 28, 2, -46] [11, -2, 8, -31] [6, 21, 2, -94] [0, 0, 0, 0] [31, -87, 25, 7] [15, -11, 6, 20] [6, 7, 12, -8]
[-9, -15, -11, -3] [20, 3, -17, 0] [0, 10, -16, -16] [27, 21, -87, 20] [0, -13, -15, 34] [-5, 11, -16, 4] [-24, -48, 9, 20]
[20, 13, 5, 12] [12, 2, -11, -20] [8, -3, 21, 2] [-13, -1, -18, 1] [7, 3, -9, 17] [22, -5, -13, 6] [24, 9, 6, 22]
[4, -6, -4, -25] [0, -3, -8, -7] [-4, 7, 17, -1] [-9, 16, -29, -17] [36, 8, -10, 16] [16, -18, -35, 16] [-7, 1, 9, 1]
Food (up, right, down, left):
[19, 19, -5, 22] [-7, 3, -8, -28] [33, -15, -6, 11] [-6, 0, 22, 24] [-9, 15, 15, -4] [-2, -11, -9, -16] [-32, 24, -5, -16]
[-62, -4, -12, -21] [5, -7, -13, -20] [-7, 19, 10, 20] [-7, 14, -24, 25] [25, 9, -1, -46] [31, -13, -21, 10] [7, -7, 12, 19]
[-18, 16, 7, -26] [2, -6, 4, 28] [-37, -26, -30, 29] [34, -32, 18, 0] [-6, -4, -4, -9] [-3, 1, -32, -37] [24, 30, 7, 28]
[12, 3, 14, 48] [-11, -13, -41, 26] [1, -6, -30, -11] [0, 0, 0, 0] [-26, 55, -22, -2] [-27, -6, -19, 5] [-2, 25, -10, 16]
[-16, 19, -11, 18] [10, 10, 7, 21] [25, -3, 34, -3] [-17, -16, 9, -7] [9, -3, 19, -33] [-13, 41, 18, 28] [9, -6, -7, -33]
[24, -6, -5, -2] [4, 23, 28, 15] [5, 12, 5, 25] [-7, -15, 16, -28] [-27, -22, -14, -26] [-15, 17, -5, 15] [11, 47, 2, 22]
[-6, 1, -25, -19] [10, -7, 12, -34] [16, 16, 10, -14] [5, 14, 35, -43] [28, 39, -3, -4] [6, 29, 6, -5] [23, -32, 13, -25]
------------------------------
ALIVE
Head: (7 29)
Body: (7 29) (7 30) (7 31) (8 31) (8 32) (8 33) (8 34) (9 34) (9 35) (9 36) (9 37) (8 37) (7 37) (7 38) (7 39) 
Length: 15, 4
Vision: 3
Hungry, suplies: 5/10
Reproductive: 16, mutating: 0.25
Generation: 32544
####################################
Wall (up, right, down, left):
[14, 5, -15, 7] [0, -11, -12, -4] [-16, 6, 5, -6] [21, 5, 20, 2] [-13, 7, 31, -13] [-3, -3, -7, -19] [-20, -15, -19, -15]
[-8, -5, 19, -9] [-2, 25, -1, 13] [-26, 5, 6, -8] [-15, 11, 6, 8] [24, 4, -13, 3] [-10, -15, 5, 3] [-18, -4, 15, 5]
[-5, -2, 43, -5] [-7, 23, -16, 9] [-16, 1, 34, -3] [-72, 18, 41, 24] [-43, -31, -36, 19] [-13, -24, 5, 23] [-29, -12, -3, -15]
[5, 26, 2, -46] [11, -2, 8, -31] [6, 21, 2, -94] [0, 0, 0, 0] [31, -87, 25, 7] [15, -11, 6, 20] [6, 9, 12, -8]
[-9, -15, -11, 0] [20, 8, -17, 0] [-4, 10, -16, -16] [27, 21, -87, 20] [0, -13, -15, 34] [-5, 11, -16, 3] [-27, -48, 5, 20]
[20, 18, 5, 12] [12, 7, -11, -20] [8, -3, 21, 2] [-8, -1, -18, 1] [7, 3, -9, 17] [22, -5, -13, 1] [24, 9, 6, 22]
[4, -6, -4, -18] [0, -3, -8, -7] [1, 7, 17, -1] [-9, 16, -29, -17] [36, 8, -10, 16] [16, -18, -35, 16] [-7, 1, 9, 1]
Food (up, right, down, left):
[19, 19, -5, 22] [-7, 3, -8, -28] [33, -15, -1, 6] [-6, 0, 22, 24] [-9, 15, 19, -4] [-2, -11, -9, -16] [-29, 24, -5, -16]
[-62, -4, -14, -21] [5, -7, -13, -20] [-7, 19, 10, 20] [-7, 14, -24, 25] [25, 9, -1, -49] [32, -13, -21, 10] [7, -7, 12, 19]
[-18, 16, 7, -26] [2, -6, 4, 28] [-37, -26, -30, 29] [34, -32, 18, 0] [-6, -4, -4, -5] [-3, 1, -32, -34] [24, 30, 7, 28]
[12, 3, 14, 50] [-11, -13, -41, 26] [1, -6, -30, -11] [0, 0, 0, 0] [-26, 55, -22, -2] [-27, -6, -19, 5] [3, 25, -10, 16]
[-16, 16, -11, 18] [5, 10, 7, 21] [20, -3, 34, -3] [-17, -16, 9, -7] [9, -3, 19, -33] [-10, 41, 18, 28] [9, -6, -7, -33]
[24, -6, -8, -2] [4, 19, 28, 15] [5, 12, 5, 25] [-7, -15, 16, -33] [-27, -22, -14, -26] [-15, 15, -5, 15] [11, 47, 2, 22]
[-6, 1, -25, -19] [10, -7, 12, -34] [16, 16, 10, -15] [5, 14, 35, -43] [28, 39, -3, -4] [6, 29, 6, -5] [22, -32, 13, -25]
------------------------------
ALIVE
Head: (15 28)
Body: (15 28) (15 29) (14 29) (13 29) (13 28) (13 27) (12 27) (12 26) (13 26) (14 26) (14 27) (15 27) (16 27) 
Length: 13, 4
Vision: 3
Hungry, suplies: 9/10
Reproductive: 16, mutating: 0.25
Generation: 32545
####################################
Wall (up, right, down, left):
[14, 5, -15, 7] [0, -11, -12, -4] [-17, 6, 5, -6] [21, 5, 20, 2] [-13, 7, 30, -13] [-3, -3, -7, -19] [-20, -15, -19, -20]
[-8, -8, 19, -9] [-2, 25, 1, 13] [-26, 5, 6, -8] [-15, 11, 6, 8] [24, 4, -14, 3] [-10, -19, 5, 3] [-18, -4, 15, 5]
[-5, -2, 43, -5] [-7, 23, -16, 9] [-16, 1, 34, -3] [-72, 18, 41, 24] [-43, -27, -36, 19] [-12, -24, 5, 23] [-29, -12, -3, -15]
[5, 28, 2, -46] [11, -2, 8, -31] [6, 21, 2, -94] [0, 0, 0, 0] [31, -87, 25, 7] [15, -11, 6, 20] [6, 7, 12, -8]
[-9, -15, -11, -3] [20, 3, -17, 0] [-4, 10, -16, -16] [27, 21, -87, 20] [0, -13, -15, 34] [-5, 11, -16, 3] [-24, -48, 5, 20]
[20, 13, 5, 12] [12, 2, -11, -20] [8, -3, 21, 2] [-13, -1, -18, 1] [7, 3, -9, 17] [22, -5, -13, 6] [24, 9, 6, 22]
[4, -6, -4, -25] [0, -3, -8, -7] [-4, 7, 17, -1] [-9, 16, -29, -17] [36, 8, -10, 16] [16, -18, -35, 16] [-7, 1, 9, 1]
Food (up, right, down, left):
[19, 19, -5, 22] [-7, 3, -8, -28] [33, -15, -6, 11] [-6, 0, 22, 24] [-9, 15, 15, -4] [-2, -11, -9, -16] [-32, 24, -5, -16]
[-62, -4, -12, -21] [5, -7, -13, -20] [-7, 19, 10, 20] [-7, 14, -24, 25] [25, 9, -2, -46] [31, -13, -21, 10] [7, -7, 12, 19]
[-18, 16, 7, -26] [2, -6, 4, 28] [-37, -26, -30, 29] [34, -32, 18, 0] [-6, -4, -4, -9] [-3, 1, -32, -37] [24, 30, 7, 28]
[12, 3, 14, 48] [-11, -13, -41, 26] [1, -6, -30, -11] [0, 0, 0, 0] [-26, 55, -22, -2] [-27, -6, -19, 5] [-2, 25, -10, 16]
[-16, 19, -11, 18] [10, 10, 7, 21] [20, -3, 34, -3] [-17, -16, 9, -7] [9, -3, 19, -33] [-10, 41, 18, 28] [9, -6, -7, -34]
[24, -6, -5, -2] [4, 23, 28, 15] [5, 12, 5, 25] [-7, -15, 16, -28] [-27, -22, -14, -26] [-15, 17, -5, 15] [11, 47, 2, 22]
[-6, 1, -25, -19] [10, -7, 12, -34] [16, 16, 10, -14] [5, 14, 35, -43] [28, 39, -3, -4] [6, 29, 6, -5] [23, -32, 13, -25]
------------------------------
ALIVE
Head: (8 5)
Body: (8 5) (9 5) (9 6) (9 7) (10 7) (11 7) (12 7) (12 8) 
Length: 8, 4
Vision: 3
Hungry, suplies: 6/10
Reproductive: 16, mutating: 0.25
Generation: 32541
####################################
Wall (up, right, down, left):
[14, 5, -15, 7] [0, -11, -12, -4] [-17, 6, 5, -6] [21, 5, 20, 2] [-13, 7, 30, -13] [-3, -3, -7, -19] [-20, -15, -19, -15]
[-8, -5, 19, -9] [-2, 25, 1, 13] [-26, 5, 6, -8] [-15, 11, 6, 8] [24, 4, -10, 3] [-10, -19, 5, 2] [-13, -4, 15, 5]
[-5, -2, 43, -5] [-7, 23, -16, 7] [-16, 1, 34, -3] [-72, 18, 36, 24] [-43, -31, -36, 19] [-12, -24, 5, 23] [-29, -12, -3, -15]
[5, 26, 2, -46] [11, -2, 8, -31] [6, 21, 2, -94] [0, 0, 0, 0] [31, -87, 25, 7] [15, -11, 6, 20] [6, 7, 12, -8]
[-9, -15, -11, -3] [20, 8, -17, 0] [-4, 10, -16, -16] [27, 21, -87, 20] [0, -13, -17, 34] [-5, 11, -16, 3] [-27, -48, 5, 20]
[20, 13, 5, 12] [12, 7, -11, -20] [8, -3, 21, 2] [-13, -1, -18, 1] [7, 3, -9, 17] [22, -5, -13, 6] [24, 9, 6, 22]
[4, -6, -4, -18] [0, -3, -8, -7] [1, 7, 17, -1] [-9, 16, -29, -17] [36, 8, -10, 16] [16, -18, -35, 16] [-7, 1, 9, 1]
Food (up, right, down, left):
[19, 19, -5, 22] [-7, 3, -8, -28] [33, -15, -1, 11] [-6, 0, 22, 24] [-9, 15, 15, -4] [-2, -11, -9, -16] [-29, 24, -5, -16]
[-62, -4, -14, -21] [5, -7, -13, -20] [-7, 19, 10, 20] [-7, 14, -24, 25] [25, 9, -1, -46] [31, -13, -21, 11] [7, -7, 8, 19]
[-18, 16, 7, -26] [2, -6, 7, 28] [-37, -26, -30, 29] [34, -32, 18, 3] [-6, -4, -4, -5] [-3, 1, -32, -37] [24, 30, 7, 23]
[12, 3, 14, 50] [-11, -13, -41, 26] [1, -6, -30, -11] [0, 0, 0, 0] [-26, 55, -22, -2] [-27, -6, -19, 5] [-2, 25, -10, 16]
[-16, 19, -11, 18] [10, 10, 7, 21] [20, -3, 34, -3] [-17, -16, 9, -7] [9, -3, 19, -33] [-10, 41, 18, 28] [9, -6, -7, -33]
[24, -6, -5, -2] [4, 19, 28, 15] [5, 12, 5, 25] [-7, -15, 16, -28] [-27, -22, -14, -26] [-15, 17, -5, 15] [11, 47, 2, 22]
[-6, 1, -25, -19] [10, -7, 12, -34] [16, 16, 10, -15] [5, 14, 35, -43] [28, 39, -3, -4] [6, 29, 6, -5] [22, -32, 13, -25]
------------------------------
ALIVE
Head: (8 52)
Body: (8 52) (8 53) (9 53) (10 53) (10 54) (9 54) (8 54) (7 54) 
Length: 8, 4
Vision: 3
Hungry, suplies: 9/10
Reproductive: 16, mutating: 0.25
Generation: 32549
####################################
Wall (up, right, down, left):
[14, 5, -15, 7] [0, -11, -12, -4] [-16, 6, 5, -6] [21, 5, 20, 2] [-13, 7, 30, -13] [-3, -3, -7, -19] [-20, -15, -19, -15]
[-8, -5, 19, -9] [-2, 25, -1, 13] [-26, 5, 6, -8] [-15, 11, 6, 8] [24, 4, -13, 3] [-10, -15, 5, 3] [-18, -4, 15, 5]
[-5, -2, 43, -5] [-7, 23, -16, 9] [-16, 1, 34, -3] [-72, 18, 41, 24] [-43, -31, -36, 19] [-13, -24, 5, 23] [-29, -12, -3, -15]
[5, 26, 2, -46] [11, -4, 8, -31] [6, 21, 2, -94] [0, 0, 0, 0] [31, -87, 25, 7] [15, -11, 6, 20] [6, 9, 12, -8]
[-9, -15, -11, 0] [20, 8, -17, 0] [-4, 10, -16, -16] [27, 21, -87, 20] [0, -13, -15, 34] [-5, 11, -16, 3] [-27, -48, 5, 20]
[20, 18, 5, 12] [12, 7, -11, -20] [8, -3, 21, 2] [-8, -1, -18, 1] [7, 3, -9, 17] [22, -5, -13, 1] [24, 9, 6, 22]
[4, -6, -4, -18] [0, -3, -8, -7] [1, 7, 17, -1] [-9, 16, -29, -17] [36, 8, -10, 16] [16, -18, -35, 16] [-7, 1, 9, 1]
Food (up, right, down, left):
[19, 19, -5, 22] [-7, 3, -8, -28] [33, -15, -1, 6] [-6, 0, 22, 24] [-9, 15, 15, -4] [-2, -11, -9, -16] [-29, 24, -5, -16]
[-62, -4, -14, -21] [5, -7, -13, -20] [-7, 19, 10, 20] [-7, 14, -24, 25] [25, 9, -1, -49] [32, -13, -21, 10] [7, -7, 12, 19]
[-18, 16, 7, -26] [2, -6, 4, 28] [-37, -26, -30, 29] [34, -32, 18, 0] [-6, -4, -4, -5] [-3, 1, -32, -34] [24, 30, 7, 28]
[12, 3, 14, 50] [-11, -13, -38, 26] [1, -6, -30, -11] [0, 0, 0, 0] [-26, 55, -22, -2] [-27, -6, -19, 5] [3, 25, -10, 16]
[-16, 16, -11, 18] [10, 10, 7, 21] [20, -3, 34, -3] [-17, -16, 9, -7] [9, -3, 19, -33] [-10, 41, 18, 28] [9, -6, -7, -33]
[24, -6, -8, -2] [4, 19, 28, 15] [5, 12, 5, 25] [-7, -15, 16, -33] [-27, -22, -14, -26] [-15, 15, -5, 15] [11, 47, 2, 22]
[-6, 1, -25, -19] [10, -7, 12, -34] [16, 16, 10, -15] [5, 14, 35, -43] [28, 39, -3, -4] [6, 29, 6, -5] [22, -32, 13, -25]
------------------------------
ALIVE
Head: (17 51)
Body: (17 51) (16 51) (16 50) (15 50) (15 49) (15 48) (14 48) (14 47) (13 47) (13 46) (13 45) (12 45) (11 45) (11 44) 
Length: 14, 4
Vision: 3
Hungry, suplies: 10/10
Reproductive: 16, mutating: 0.25
Generation: 32545
####################################
Wall (up, right, down, left):
[14, 5, -15, 7] [0, -11, -12, -4] [-16, 6, 5, -6] [21, 5, 20, 2] [-13, 7, 31, -13] [-3, -3, -7, -19] [-20, -15, -19, -15]
[-8, -5, 19, -9] [-2, 25, -1, 13] [-26, 5, 6, -8] [-15, 11, 6, 8] [24, 4, -13, 3] [-10, -15, 5, 3] [-18, -4, 15, 5]
[-5, -2, 43, -5] [-7, 23, -16, 9] [-16, 1, 34, -3] [-72, 18, 41, 24] [-43, -31, -36, 19] [-13, -24, 5, 23] [-29, -12, -3, -15]
[5, 26, 2, -46] [11, -2, 8, -31] [6, 21, 2, -94] [0, 0, 0, 0] [31, -87, 25, 7] [15, -11, 6, 20] [6, 9, 12, -8]
[-9, -15, -11, 0] [20, 8, -17, 0] [-4, 10, -16, -16] [27, 21, -87, 20] [0, -13, -15, 34] [-5, 11, -16, 3] [-27, -48, 5, 20]
[20, 18, 5, 12] [12, 7, -11, -20] [8, -3, 21, 2] [-8, -1, -18, 1] [7, 3, -9, 17] [22, -5, -13, 1] [24, 9, 6, 22]
[4, -6, -4, -18] [0, -3, -8, -7] [-2, 7, 17, -1] [-9, 16, -29, -17] [36, 8, -10, 16] [16, -18, -35, 16] [-7, 1, 9, 1]
Food (up, right, down, left):
[19, 19, -5, 22] [-7, 3, -8, -28] [33, -15, -1, 6] [-6, 0, 22, 24] [-9, 15, 19, -4] [-2, -11, -9, -16] [-29, 24, -5, -16]
[-62, -4, -14, -21] [5, -7, -13, -20] [-7, 19, 10, 20] [-7, 14, -24, 25] [25, 9, -1, -49] [32, -13, -21, 10] [7, -7, 12, 19]
[-18, 16, 7, -26] [2, -6, 4, 28] [-37, -26, -30, 29] [34, -32, 18, 0] [-6, -4, -4, -5] [-3, 1, -32, -34] [24, 30, 7, 28]
[12, 3, 14, 50] [-11, -13, -41, 26] [1, -6, -30, -11] [0, 0, 0, 0] [-26, 55, -22, -2] [-27, -6, -19, 5] [3, 25, -10, 16]
[-16, 16, -11, 18] [5, 10, 7, 21] [20, -3, 34, -3] [-17, -16, 9, -7] [9, -3, 19, -33] [-10, 41, 18, 28] [9, -6, -7, -33]
[24, -6, -8, -2] [4, 19, 28, 15] [5, 12, 5, 25] [-7, -15, 16, -33] [-27, -22, -14, -26] [-15, 15, -5, 15] [11, 47, 2, 22]
[-6, 1, -25, -19] [10, -7, 12, -34] [16, 21, 10, -15] [5, 14, 35, -43] [28, 39, -3, -4] [6, 29, 6, -5] [22, -32, 13, -25]
------------------------------
ALIVE
Head: (19 2)
Body: (19 2) (20 2) (20 1) (21 1) (21 2) (21 3) (22 3) (22 4) 
Length: 8, 4
Vision: 3
Hungry, suplies: 8/10
Reproductive: 16, mutating: 0.25
Generation: 32547
####################################
Wall (up, right, down, left):
[14, 5, -15, 7] [0, -11, -12, -4] [-16, 6, 5, -6] [21, 5, 20, 2] [-13, 7, 30, -13] [-3, -3, -7, -19] [-20, -15, -19, -15]
[-8, -5, 19, -9] [-2, 25, -1, 13] [-26, 5, 6, -8] [-15, 11, 6, 8] [24, 4, -13, 3] [-10, -15, 5, 3] [-18, -4, 15, 5]
[-5, -2, 43, -5] [-7, 23, -16, 9] [-16, 1, 34, -3] [-72, 18, 41, 24] [-43, -31, -36, 19] [-13, -24, 5, 23] [-29, -12, -3, -15]
[5, 26, 2, -46] [11, -4, 8, -31] [6, 21, 2, -94] [0, 0, 0, 0] [31, -87, 25, 7] [15, -11, 6, 20] [6, 9, 12, -8]
[-9, -15, -11, 0] [20, 8, -17, 0] [-4, 10, -16, -16] [27, 21, -87, 20] [0, -13, -15, 34] [-5, 11, -16, 3] [-27, -48, 5, 20]
[20, 18, 5, 12] [12, 7, -11, -20] [8, -3, 21, 2] [-8, -1, -18, 1] [7, 3, -9, 17] [22, -5, -13, 1] [24, 9, 6, 22]
[4, -6, -4, -18] [0, -3, -8, -7] [1, 7, 17, -1] [-9, 16, -29, -17] [36, 8, -10, 16] [16, -18, -35, 16] [-7, 1, 9, 1]
Food (up, right, down, left):
[19, 19, -5, 22] [-7, 3, -8, -28] [33, -15, -1, 6] [-6, 0, 22, 24] [-9, 15, 15, -4] [-2, -11, -9, -16] [-29, 24, -5, -16]
[-62, -4, -14, -21] [5, -7, -13, -20] [-7, 19, 10, 20] [-7, 14, -24, 25] [25, 9, -1, -49] [32, -13, -21, 10] [7, -7, 12, 19]
[-18, 16, 7, -26] [2, -6, 4, 28] [-37, -26, -30, 29] [34, -32, 18, 0] [-6, -4, -4, -5] [-3, 1, -32, -34] [24, 30, 7, 28]
[12, 3, 14, 50] [-11, -13, -38, 26] [1, -6, -30, -11] [0, 0, 0, 0] [-26, 55, -22, -2] [-27, -6, -19, 5] [3, 25, -10, 16]
[-16, 16, -11, 18] [10, 10, 7, 21] [20, -3, 34, -3] [-17, -16, 9, -7] [9, -3, 19, -33] [-10, 41, 18, 28] [9, -6, -7, -33]
[24, -6, -8, -2] [4, 19, 28, 15] [5, 12, 5, 25] [-7, -15, 16, -33] [-27, -22, -14, -26] [-15, 15, -5, 15] [11, 47, 2, 22]
[-6, 1, -25, -19] [10, -7, 12, -34] [16, 16, 10, -15] [5, 14, 35, -43] [28, 39, -3, -4] [6, 29, 6, -5] [22, -32, 13, -25]
------------------------------
ALIVE
Head: (16 4)
Body: (16 4) (16 3) (16 2) (16 1) (15 1) (14 1) (13 1) (12 1) (12 0) (13 57) (13 56) (13 55) 
Length: 12, 4
Vision: 3
Hungry, suplies: 4/10
Reproductive: 16, mutating: 0.25
Generation: 32546
####################################
Wall (up, right, down, left):
[14, 5, -15, 7] [0, -11, -12, -4] [-17, 6, 5, -6] [21, 5, 20, 2] [-13, 7, 30, -13] [-3, -3, -7, -19] [-20, -15, -19, -15]
[-8, -5, 19, -9] [-2, 25, 1, 13] [-26, 5, 6, -8] [-15, 11, 6, 8] [24, 4, -10, 3] [-10, -19, 5, 2] [-18, -4, 15, 5]
[-5, -2, 43, -5] [-7, 23, -16, 7] [-16, 1, 34, -3] [-72, 18, 41, 24] [-43, -31, -36, 19] [-12, -24, 5, 23] [-29, -12, -3, -15]
[5, 26, 2, -46] [11, -2, 8, -31] [6, 21, 2, -91] [0, 0, 0, 0] [31, -87, 25, 7] [15, -11, 6, 20] [6, 7, 12, -8]
[-9, -15, -11, -3] [20, 8, -17, 0] [-4, 10, -16, -16] [27, 21, -87, 20] [0, -13, -15, 34] [-5, 11, -16, 3] [-24, -48, 5, 20]
[20, 13, 5, 12] [12, 7, -11, -20] [8, -3, 21, 2] [-13, -1, -18, 1] [7, 3, -9, 17] [22, -5, -13, 6] [24, 7, 6, 17]
[4, -6, -4, -18] [0, -3, -8, -7] [1, 7, 17, -1] [-9, 16, -29, -17] [36, 8, -10, 16] [16, -18, -35, 16] [-7, 1, 9, 1]
Food (up, right, down, left):
[19, 19, -5, 22] [-7, 3, -8, -28] [33, -15, -1, 11] [-6, 0, 22, 24] [-9, 15, 15, -4] [-2, -11, -9, -16] [-29, 24, -5, -16]
[-62, -4, -14, -21] [5, -7, -13, -20] [-7, 19, 10, 20] [-7, 14, -24, 25] [25, 9, -1, -46] [31, -13, -21, 11] [7, -7, 12, 19]
[-18, 16, 7, -26] [2, -6, 7, 28] [-37, -26, -30, 29] [34, -32, 18, 0] [-6, -4, -4, -5] [-3, 1, -32, -37] [24, 30, 7, 28]
[12, 3, 14, 50] [-11, -13, -41, 26] [-1, -6, -31, -11] [0, 0, 0, 0] [-26, 55, -22, -2] [-27, -6, -19, 5] [-2, 25, -10, 16]
[-16, 19, -11, 18] [10, 10, 7, 21] [20, -3, 34, -3] [-17, -16, 9, -7] [9, -3, 19, -33] [-10, 41, 18, 28] [9, -4, -7, -33]
[24, -6, -5, -2] [4, 19, 28, 15] [5, 12, 5, 25] [-7, -15, 16, -28] [-27, -22, -14, -26] [-15, 17, -5, 15] [12, 47, 2, 22]
[-6, 1, -25, -19] [10, -7, 12, -34] [16, 16, 10, -15] [5, 14, 35, -43] [28, 39, -3, -4] [6, 29, 6, -5] [22, -32, 13, -25]
------------------------------
ALIVE
Head: (16 8)
Body: (16 8) (16 9) (17 9) (17 8) (17 7) (16 7) (15 7) (14 7) (14 6) (14 5) 
Length: 10, 4
Vision: 3
Hungry, suplies: 2/10
Reproductive: 16, mutating: 0.25
Generation: 32551
####################################
Wall (up, right, down, left):
[14, 5, -15, 7] [0, -11, -12, -4] [-17, 6, 5, -6] [21, 5, 20, 2] [-13, 7, 30, -13] [-3, -3, -7, -19] [-20, -15, -19, -15]
[-8, -5, 19, -9] [-2, 25, 1, 13] [-26, 5, 6, -8] [-15, 11, 6, 8] [24, 4, -10, 3] [-10, -19, 5, 2] [-18, -4, 15, 5]
[-5, -2, 43, -5] [-7, 23, -16, 7] [-16, 1, 34, -3] [-72, 18, 41, 24] [-43, -31, -36, 19] [-12, -24, 5, 23] [-29, -12, -3, -15]
[5, 26, 2, -46] [11, -2, 8, -31] [6, 21, 2, -94] [0, 0, 0, 0] [31, -87, 25, 7] [15, -11, 6, 20] [6, 7, 12, -8]
[-9, -15, -11, -3] [20, 8, -17, 0] [-4, 10, -16, -16] [27, 21, -87, 20] [0, -13, -15, 34] [-5, 11, -16, 3] [-27, -48, 5, 20]
[20, 13, 5, 12] [12, 7, -11, -20] [8, -3, 21, 2] [-18, -1, -18, 1] [7, 3, -9, 17] [22, -5, -13, 6] [24, 9, 6, 22]
[4, -6, -4, -18] [0, -3, -8, -7] [1, 7, 17, -1] [-9, 16, -29, -17] [36, 8, -10, 16] [16, -18, -35, 16] [-7, 1, 9, 1]
Food (up, right, down, left):
[19, 19, -5, 22] [-7, 3, -8, -28] [33, -15, -1, 11] [-6, 0, 22, 24] [-9, 15, 15, -4] [-2, -11, -9, -16] [-29, 24, -5, -16]
[-62, -4, -14, -21] [5, -7, -13, -20] [-7, 19, 10, 20] [-7, 14, -24, 25] [25, 9, -1, -46] [31, -13, -21, 11] [7, -7, 12, 19]
[-18, 16, 7, -26] [2, -6, 7, 28] [-37, -26, -30, 29] [34, -32, 18, 0] [-6, -4, -4, -5] [-3, 1, -32, -37] [24, 30, 7, 28]
[12, 3, 14, 50] [-11, -13, -41, 26] [1, -6, -30, -11] [0, 0, 0, 0] [-26, 55, -22, -2] [-27, -6, -19, 5] [-2, 25, -10, 16]
[-16, 19, -11, 18] [10, 10, 7, 21] [20, -3, 34, -3] [-17, -16, 9, -7] [9, -3, 19, -33] [-10, 41, 18, 28] [9, -6, -7, -33]
[24, -6, -5, -2] [4, 19, 28, 15] [5, 12, 5, 25] [-7, -15, 11, -28] [-27, -22, -14, -26] [-15, 17, -5, 15] [11, 47, 6, 22]
[-6, 1, -25, -19] [10, -7, 12, -34] [16, 16, 10, -15] [5, 14, 35, -43] [28, 39, -3, -4] [6, 29, 6, -5] [22, -32, 13, -25]
------------------------------
ALIVE
Head: (23 54)
Body: (23 54) (23 55) (23 56) (24 -1) (24 0) (24 1) (24 2) (-1 3) 
Length: 8, 4
Vision: 3
Hungry, suplies: 6/10
Reproductive: 16, mutating: 0.25
Generation: 32546
####################################
Wall (up, right, down, left):
[14, 5, -15, 7] [0, -11, -12, -4] [-17, 6, 5, -6] [21, 5, 20, 2] [-13, 7, 30, -13] [-3, -3, -7, -19] [-20, -15, -19, -20]
[-8, -8, 19, -9] [-2, 25, 1, 13] [-26, 5, 6, -8] [-15, 11, 6, 8] [24, 4, -14, 3] [-10, -19, 5, 3] [-18, -4, 15, 5]
[-5, -2, 43, -5] [-7, 23, -16, 9] [-16, 1, 34, -3] [-72, 18, 41, 24] [-43, -27, -36, 19] [-12, -24, 5, 23] [-29, -12, -3, -15]
[5, 28, 2, -46] [11, -2, 8, -31] [6, 21, 2, -94] [0, 0, 0, 0] [31, -87, 25, 7] [15, -11, 6, 20] [6, 7, 12, -8]
[-9, -15, -11, -3] [20, 3, -17, 0] [-4, 10, -16, -16] [27, 21, -87, 20] [0, -13, -15, 34] [-5, 11, -16, 3] [-24, -48, 5, 20]
[20, 13, 5, 12] [12, 2, -11, -20] [8, -3, 21, 2] [-13, -1, -18, 1] [7, 3, -9, 17] [22, -5, -13, 6] [24, 9, 6, 22]
[4, -6, -4, -25] [0, -3, -8, -7] [-4, 7, 17, -1] [-9, 16, -29, -17] [36, 8, -10, 16] [16, -18, -35, 16] [-7, 1, 9, 1]
Food (up, right, down, left):
[19, 19, -5, 22] [-7, 3, -8, -28] [33, -15, -6, 11] [-6, 0, 22, 24] [-9, 15, 15, -4] [-2, -11, -9, -16] [-32, 24, -5, -16]
[-62, -4, -12, -21] [5, -7, -13, -20] [-7, 19, 10, 20] [-7, 14, -24, 25] [25, 9, -2, -46] [31, -13, -21, 10] [7, -7, 12, 19]
[-18, 16, 7, -26] [2, -6, 4, 28] [-37, -26, -30, 29] [34, -32, 18, 0] [-6, -4, -4, -9] [-3, 1, -32, -37] [24, 30, 7, 28]
[12, 3, 14, 48] [-11, -13, -41, 26] [1, -6, -30, -11] [0, 0, 0, 0] [-26, 55, -22, -2] [-27, -6, -19, 5] [-2, 25, -10, 16]
[-16, 19, -11, 18] [10, 10, 7, 21] [20, -3, 34, -3] [-17, -16, 9, -7] [9, -3, 19, -33] [-10, 41, 18, 28] [9, -6, -7, -34]
[24, -6, -5, -2] [4, 23, 28, 15] [5, 12, 5, 25] [-7, -15, 16, -28] [-27, -22, -14, -26] [-15, 17, -5, 15] [11, 47, 2, 22]
[-6, 1, -25, -19] [10, -7, 12, -34] [16, 16, 10, -14] [5, 14, 35, -43] [28, 39, -3, -4] [6, 29, 6, -5] [23, -32, 13, -25]
------------------------------
ALIVE
Head: (20 41)
Body: (20 41) (20 40) (19 40) (19 39) (20 39) (21 39) (22 39) (23 39) 
Length: 8, 4
Vision: 3
Hungry, suplies: 10/10
Reproductive: 16, mutating: 0.25
Generation: 32542
####################################
Wall (up, right, down, left):
[14, 5, -15, 7] [0, -11, -12, -4] [-17, 6, 5, -6] [21, 5, 20, 2] [-13, 7, 30, -13] [-3, -3, -7, -19] [-20, -15, -19, -15]
[-8, -5, 19, -9] [-2, 25, 1, 13] [-26, 5, 6, -8] [-15, 11, 6, 8] [24, 4, -10, 3] [-10, -19, 5, 2] [-18, -4, 15, 5]
[-5, -2, 43, -5] [-7, 23, -16, 7] [-16, 1, 34, -3] [-72, 18, 41, 24] [-43, -31, -36, 19] [-12, -24, 5, 23] [-29, -12, -3, -15]
[5, 26, 2, -46] [11, -2, 8, -31] [6, 21, 2, -94] [0, 0, 0, 0] [31, -87, 25, 7] [15, -11, 6, 20] [6, 7, 12, -8]
[-9, -15, -11, -3] [20, 8, -17, 0] [-4, 10, -16, -16] [27, 21, -87, 20] [0, -13, -15, 34] [-5, 11, -16, 3] [-27, -48, 5, 20]
[20, 13, 5, 12] [12, 7, -11, -20] [8, -3, 21, 2] [-18, -1, -18, 1] [7, 2, -9, 17] [22, -5, -13, 6] [24, 9, 6, 22]
[4, -6, -4, -18] [-5, -3, -8, -7] [1, 7, 17, -1] [-9, 16, -29, -17] [36, 8, -10, 16] [16, -18, -35, 16] [-7, 1, 9, 1]
Food (up, right, down, left):
[19, 19, -5, 22] [-7, 3, -8, -28] [33, -15, -1, 11] [-6, 0, 22, 24] [-9, 15, 15, -4] [-2, -11, -9, -16] [-29, 24, -5, -16]
[-62, -4, -14, -21] [5, -7, -13, -20] [-7, 19, 10, 20] [-7, 14, -24, 25] [25, 9, -1, -46] [31, -13, -21, 11] [7, -7, 12, 19]
[-18, 16, 7, -26] [2, -6, 7, 28] [-37, -26, -30, 29] [34, -32, 18, 0] [-6, -4, -4, -5] [-3, 1, -32, -37] [24, 30, 7, 28]
[12, 3, 14, 50] [-11, -13, -41, 26] [1, -6, -30, -11] [0, 0, 0, 0] [-26, 55, -22, -2] [-27, -6, -19, 5] [-2, 25, -10, 16]
[-16, 19, -11, 18] [10, 10, 7, 21] [20, -3, 34, -3] [-17, -16, 9, -7] [9, -3, 19, -33] [-10, 41, 18, 28] [9, -6, -7, -33]
[24, -6, -5, -2] [4, 19, 28, 15] [5, 12, 5, 25] [-7, -15, 11, -28] [-27, -22, -9, -26] [-15, 17, -5, 15] [11, 47, 2, 22]
[-6, 1, -25, -19] [12, -7, 12, -34] [16, 16, 10, -15] [5, 14, 35, -43] [28, 39, -3, -4] [6, 29, 6, -5] [22, -32, 13, -25]
------------------------------
ALIVE
Head: (2 7)
Body: (2 7) (3 7) (4 7) (4 8) (4 9) (5 9) (6 9) (6 10) (5 10) (5 11) (5 12) (5 13) (6 13) (7 13) (7 14) 
Length: 15, 4
Vision: 3
Hungry, suplies: 9/10
Reproductive: 16, mutating: 0.25
Generation: 32549
####################################
Wall (up, right, down, left):
[14, 5, -15, 7] [0, -11, -12, -4] [-17, 6, 5, -6] [21, 5, 20, 2] [-13, 7, 30, -13] [-3, -3, -7, -19] [-20, -15, -19, -20]
[-8, -8, 19, -9] [-2, 25, 1, 13] [-26, 5, 6, -8] [-15, 11, 6, 8] [24, 4, -14, 3] [-10, -19, 5, 3] [-18, -4, 15, 5]
[-5, -2, 43, -5] [-7, 23, -16, 9] [-16, 1, 34, -3] [-72, 18, 41, 24] [-43, -27, -36, 19] [-12, -24, 5, 23] [-29, -12, -3, -15]
[5, 28, 2, -46] [11, -2, 8, -31] [6, 21, 2, -94] [0, 0, 0, 0] [31, -87, 25, 7] [15, -11, 6, 20] [6, 7, 12, -8]
[-9, -15, -11, -3] [20, 3, -17, 0] [-4, 10, -16, -16] [27, 21, -87, 20] [0, -13, -15, 34] [-5, 11, -16, 3] [-19, -48, 5, 20]
[20, 13, 5, 12] [12, 2, -11, -20] [8, -3, 21, 2] [-13, -1, -18, 1] [7, 3, -9, 17] [22, -5, -13, 6] [24, 9, 6, 22]
[4, -6, -4, -25] [0, -3, -8, -7] [-4, 7, 17, -1] [-9, 16, -29, -17] [36, 8, -10, 16] [16, -18, -35, 16] [-7, 1, 9, 1]
Food (up, right, down, left):
[19, 19, -5, 22] [-7, 3, -8, -28] [33, -15, -6, 11] [-6, 0, 22, 24] [-9, 15, 15, -4] [-2, -11, -9, -16] [-32, 24, -5, -16]
[-62, -4, -12, -21] [5, -7, -13, -20] [-7, 19, 10, 20] [-7, 14, -24, 25] [25, 9, -2, -46] [31, -13, -21, 10] [7, -7, 12, 19]
[-18, 16, 7, -26] [2, -6, 4, 28] [-37, -26, -30, 29] [34, -32, 18, 0] [-6, -4, -4, -9] [-3, 1, -32, -37] [24, 30, 7, 28]
[12, 3, 14, 48] [-11, -13, -41, 26] [1, -6, -30, -11] [0, 0, 0, 0] [-26, 55, -22, -2] [-27, -6, -19, 5] [-2, 25, -10, 16]
[-16, 19, -11, 18] [10, 10, 7, 21] [20, -3, 34, -3] [-17, -16, 9, -7] [9, -3, 19, -33] [-10, 41, 18, 28] [4, -6, -7, -34]
[24, -6, -5, -2] [4, 23, 28, 15] [5, 12, 5, 25] [-7, -15, 16, -28] [-27, -22, -14, -26] [-15, 17, -5, 15] [11, 47, 2, 22]
[-6, 1, -25, -19] [10, -7, 12, -34] [16, 16, 10, -14] [5, 14, 35, -43] [28, 39, -3, -4] [6, 29, 6, -5] [23, -32, 13, -25]
------------------------------
ALIVE
Head: (14 37)
Body: (14 37) (14 36) (14 35) (14 34) (14 33) (15 33) (16 33) (16 34) (16 35) (15 35) (15 36) (15 37) (15 38) 
Length: 13, 4
Vision: 3
Hungry, suplies: 8/10
Reproductive: 16, mutating: 0.25
Generation: 32544
####################################
Wall (up, right, down, left):
[14, 5, -15, 7] [0, -11, -12, -4] [-17, 6, 5, -6] [21, 5, 20, 2] [-13, 7, 30, -13] [-3, -3, -7, -19] [-20, -15, -19, -15]
[-8, -5, 19, -9] [-2, 25, 1, 13] [-26, 5, 6, -8] [-15, 11, 6, 8] [24, 4, -10, 3] [-10, -19, 5, 2] [-18, -4, 15, 5]
[-5, -2, 43, -5] [-7, 23, -16, 7] [-16, 1, 34, -3] [-72, 18, 41, 24] [-43, -31, -36, 19] [-12, -24, 5, 23] [-29, -12, -3, -15]
[5, 26, 2, -46] [11, -2, 8, -31] [6, 21, 2, -94] [0, 0, 0, 0] [31, -87, 25, 7] [15, -11, 6, 20] [6, 7, 12, -8]
[-9, -15, -11, -3] [20, 8, -17, 0] [-4, 10, -16, -16] [27, 21, -87, 20] [0, -13, -15, 34] [-5, 11, -16, 3] [-27, -48, 5, 20]
[20, 13, 5, 12] [12, 7, -11, -20] [8, -3, 21, 2] [-18, -1, -18, 1] [7, 3, -9, 17] [22, -5, -13, 6] [24, 9, 6, 22]
[4, -6, -4, -18] [0, -3, -8, -7] [1, 7, 17, -1] [-9, 16, -29, -17] [36, 8, -10, 16] [16, -18, -35, 16] [-7, 1, 9, 1]
Food (up, right, down, left):
[19, 19, -5, 22] [-7, 3, -8, -28] [33, -15, -1, 11] [-6, 0, 22, 24] [-9, 15, 15, -4] [-2, -11, -9, -16] [-29, 24, -5, -16]
[-62, -4, -14, -21] [5, -7, -13, -20] [-7, 19, 10, 20] [-7, 14, -24, 25] [25, 9, -1, -46] [31, -13, -21, 11] [7, -7, 12, 19]
[-18, 16, 7, -26] [2, -6, 7, 28] [-37, -26, -30, 29] [34, -32, 18, 0] [-6, -4, -4, -5] [-3, 1, -32, -37] [24, 30, 7, 28]
[12, 3, 14, 50] [-11, -13, -41, 26] [1, -6, -30, -11] [0, 0, 0, 0] [-26, 55, -22, -2] [-27, -6, -19, 5] [-2, 25, -10, 16]
[-16, 19, -11, 18] [10, 10, 7, 21] [20, -3, 34, -3] [-17, -16, 9, -7] [9, -3, 19, -33] [-10, 41, 18, 28] [9, -6, -7, -33]
[24, -6, -5, -2] [4, 19, 28, 15] [5, 12, 5, 25] [-7, -15, 11, -28] [-27, -22, -14, -26] [-15, 17, -5, 15] [11, 47, 6, 22]
[-6, 1, -25, -19] [10, -7, 12, -34] [16, 16, 10, -15] [5, 14, 35, -43] [28, 39, -3, -4] [6, 29, 6, -5] [22, -32, 13, -25]
------------------------------
ALIVE
Head: (15 20)
Body: (15 20) (14 20) (13 20) (13 19) (12 19) (11 19) (10 19) (9 19) (8 19) (7 19) (6 19) (6 18) (5 18) (5 19) 
Length: 14, 4
Vision: 3
Hungry, suplies: 8/10
Reproductive: 16, mutating: 0.25
Generation: 32545
####################################
Wall (up, right, down, left):
[14, 5, -15, 7] [0, -11, -12, -4] [-17, 6, 5, -6] [21, 5, 20, 2] [-13, 7, 30, -13] [-3, -3, -7, -19] [-20, -15, -19, -20]
[-8, -8, 19, -9] [-2, 25, 1, 13] [-26, 5, 6, -8] [-15, 11, 6, 8] [24, 4, -10, 3] [-10, -19, 5, 3] [-18, -4, 15, 5]
[-5, -2, 43, -5] [-7, 23, -16, 9] [-16, 1, 34, -3] [-72, 18, 41, 24] [-43, -27, -36, 19] [-12, -24, 5, 23] [-29, -12, -3, -15]
[5, 28, 2, -46] [11, -2, 8, -31] [6, 21, 2, -94] [0, 0, 0, 0] [31, -87, 25, 7] [15, -11, 6, 20] [6, 7, 12, -8]
[-9, -15, -11, -3] [20, 3, -17, 0] [0, 10, -16, -16] [27, 21, -87, 20] [0, -13, -15, 34] [-5, 11, -16, 3] [-24, -48, 9, 20]
[20, 13, 5, 12] [12, 2, -11, -20] [8, -3, 21, 2] [-13, -1, -18, 1] [7, 3, -9, 17] [22, -5, -13, 6] [24, 9, 6, 22]
[4, -6, -4, -25] [0, -3, -8, -7] [-4, 7, 17, -1] [-9, 16, -29, -17] [36, 8, -10, 16] [16, -18, -35, 16] [-7, 1, 9, 1]
Food (up, right, down, left):
[19, 19, -5, 22] [-7, 3, -8, -28] [33, -15, -6, 11] [-6, 0, 22, 24] [-9, 15, 15, -4] [-2, -11, -9, -16] [-32, 24, -5, -16]
[-62, -4, -12, -21] [5, -7, -13, -20] [-7, 19, 10, 20] [-7, 14, -24, 25] [25, 9, -1, -46] [31, -13, -21, 10] [7, -7, 12, 19]
[-18, 16, 7, -26] [2, -6, 4, 28] [-37, -26, -30, 29] [34, -32, 18, 0] [-6, -4, -4, -9] [-3, 1, -32, -37] [24, 30, 7, 28]
[12, 3, 14, 48] [-11, -13, -41, 26] [1, -6, -30, -11] [0, 0, 0, 0] [-26, 55, -22, -2] [-27, -6, -19, 5] [-2, 25, -10, 16]
[-16, 19, -11, 18] [10, 10, 7, 21] [25, -3, 34, -3] [-17, -16, 9, -7] [9, -3, 19, -33] [-10, 41, 18, 28] [9, -6, -7, -33]
[24, -6, -5, -2] [4, 23, 28, 15] [5, 12, 5, 25] [-7, -15, 16, -28] [-27, -22, -14, -26] [-15, 17, -5, 15] [11, 47, 2, 22]
[-6, 1, -25, -19] [10, -7, 12, -34] [16, 16, 10, -14] [5, 14, 35, -43] [28, 39, -3, -4] [6, 29, 6, -5] [23, -32, 13, -25]
------------------------------
ALIVE
Head: (17 31)
Body: (17 31) (17 30) (16 30) (15 30) (14 30) (13 30) (12 30) (12 29) 
Length: 8, 4
Vision: 3
Hungry, suplies: 10/10
Reproductive: 16, mutating: 0.25
Generation: 32547
####################################
Wall (up, right, down, left):
[14, 5, -15, 7] [0, -11, -12, -4] [-17, 6, 5, -6] [21, 5, 20, 2] [-13, 7, 30, -13] [-3, -3, -7, -19] [-20, -15, -19, -15]
[-8, -5, 19, -9] [-2, 25, 1, 13] [-26, 5, 6, -8] [-15, 11, 6, 8] [24, 4, -10, 3] [-10, -19, 5, 2] [-18, -4, 15, 5]
[-5, -2, 43, -5] [-7, 23, -16, 7] [-16, 1, 34, -3] [-72, 18, 41, 24] [-41, -31, -36, 19] [-12, -24, 5, 23] [-29, -12, -3, -15]
[5, 26, 2, -46] [11, -2, 8, -31] [6, 21, 2, -94] [0, 0, 0, 0] [31, -87, 25, 7] [15, -11, 6, 20] [6, 7, 12, -8]
[-9, -15, -11, -3] [20, 8, -17, 0] [-4, 10, -16, -16] [27, 21, -87, 20] [0, -13, -15, 34] [-5, 11, -16, 3] [-27, -48, 5, 20]
[20, 13, 5, 12] [12, 7, -11, -20] [8, -3, 21, 2] [-18, -1, -18, 1] [7, 2, -9, 17] [22, -5, -13, 6] [24, 9, 6, 22]
[4, -6, -4, -18] [-5, -3, -8, -7] [1, 7, 17, -1] [-9, 16, -29, -17] [36, 8, -10, 16] [16, -18, -35, 16] [-7, 1, 9, 1]
Food (up, right, down, left):
[19, 19, -5, 22] [-7, 3, -8, -28] [33, -15, -1, 11] [-6, 0, 22, 24] [-9, 15, 15, -4] [-2, -11, -9, -16] [-29, 24, -5, -16]
[-62, -4, -14, -21] [5, -7, -13, -20] [-7, 19, 10, 20] [-7, 14, -24, 25] [25, 9, -1, -46] [31, -13, -21, 11] [7, -7, 12, 19]
[-18, 16, 7, -26] [2, -6, 7, 28] [-37, -26, -30, 29] [34, -32, 18, 0] [-6, -4, -4, -10] [-3, 1, -32, -37] [24, 30, 7, 28]
[12, 3, 14, 50] [-11, -13, -41, 26] [1, -6, -30, -11] [0, 0, 0, 0] [-26, 55, -22, -2] [-27, -6, -19, 5] [-2, 25, -10, 16]
[-16, 19, -11, 18] [10, 10, 7, 21] [20, -3, 34, -3] [-17, -16, 9, -7] [9, -3, 19, -33] [-10, 41, 18, 28] [9, -6, -7, -33]
[24, -6, -5, -2] [4, 19, 28, 15] [5, 12, 5, 25] [-7, -15, 11, -28] [-27, -22, -9, -26] [-15, 17, -5, 15] [11, 47, 2, 22]
[-6, 1, -25, -19] [12, -7, 12, -34] [16, 16, 10, -15] [5, 14, 35, -43] [28, 39, -3, -4] [6, 29, 6, -5] [22, -32, 13, -25]
------------------------------
ALIVE
Head: (10 50)
Body: (10 50) (10 51) (10 52) (11 52) (11 51) (12 51) (12 50) (12 49) (12 48) (12 47) (11 47) (10 47) (9 47) (8 47) (8 48) 
Length: 15, 4
Vision: 3
Hungry, suplies: 7/10
Reproductive: 16, mutating: 0.25
Generation: 32550
####################################
Wall (up, right, down, left):
[14, 5, -15, 7] [0, -11, -12, -4] [-16, 6, 5, -6] [21, 5, 20, 2] [-13, 7, 31, -13] [-3, -3, -7, -19] [-20, -15, -19, -15]
[-13, -5, 19, -9] [-2, 25, -1, 13] [-26, 5, 6, -8] [-15, 11, 6, 8] [24, 4, -13, 3] [-10, -15, 5, 3] [-18, -4, 15, 5]
[-5, -2, 43, -5] [-7, 23, -16, 9] [-16, 1, 34, -3] [-72, 18, 41, 24] [-43, -31, -36, 19] [-13, -24, 5, 23] [-29, -12, -3, -15]
[5, 26, 2, -46] [11, -2, 8, -31] [6, 21, 2, -94] [0, 0, 0, 0] [31, -87, 25, 7] [15, -11, 6, 20] [6, 9, 12, -8]
[-9, -15, -11, 0] [20, 8, -17, 0] [-4, 10, -16, -16] [27, 21, -87, 20] [0, -13, -15, 34] [-5, 11, -16, 3] [-27, -48, 5, 20]
[20, 18, 5, 12] [12, 7, -11, -20] [8, -3, 21, 2] [-8, -1, -18, 1] [7, 3, -9, 17] [22, -5, -13, 1] [24, 9, 6, 22]
[4, -6, -4, -18] [0, -3, -8, -7] [-2, 7, 17, -1] [-9, 16, -29, -17] [36, 8, -10, 16] [16, -18, -35, 16] [-7, 1, 9, 1]
Food (up, right, down, left):
[19, 19, -5, 22] [-7, 3, -8, -28] [33, -15, -1, 6] [-6, 0, 22, 24] [-9, 15, 19, -4] [-2, -11, -9, -16] [-29, 24, -5, -16]
[-62, -4, -18, -21] [5, -7, -13, -20] [-7, 19, 10, 20] [-7, 14, -24, 25] [25, 9, -1, -49] [32, -13, -21, 10] [7, -7, 12, 19]
[-18, 16, 7, -26] [2, -6, 4, 28] [-37, -26, -30, 29] [34, -32, 18, 0] [-6, -4, -4, -5] [-3, 1, -32, -34] [24, 30, 7, 28]
[12, 3, 14, 50] [-11, -13, -41, 26] [1, -6, -30, -11] [0, 0, 0, 0] [-26, 55, -22, -2] [-27, -6, -19, 5] [3, 25, -10, 16]
[-16, 16, -11, 18] [5, 10, 7, 21] [20, -3, 34, -3] [-17, -16, 9, -7] [9, -3, 19, -33] [-10, 41, 18, 28] [9, -6, -7, -33]
[24, -6, -8, -2] [4, 19, 28, 15] [5, 12, 5, 25] [-7, -15, 16, -33] [-27, -22, -14, -26] [-15, 15, -5, 15] [11, 47, 2, 22]
[-6, 1, -25, -19] [10, -7, 12, -34] [16, 21, 10, -15] [5, 14, 35, -43] [28, 39, -3, -4] [6, 29, 6, -5] [22, -32, 13, -25]
------------------------------
ALIVE
Head: (4 55)
Body: (4 55) (3 55) (2 55) (1 55) (1 54) (1 53) (1 52) (25 52) (24 52) (23 52) (23 51) (23 50) (23 49) 
Length: 13, 4
Vision: 3
Hungry, suplies: 1/10
Reproductive: 16, mutating: 0.25
Generation: 32548
####################################
Wall (up, right, down, left):
[14, 5, -15, 7] [0, -11, -12, -4] [-17, 6, 5, -6] [21, 5, 20, 2] [-13, 7, 30, -13] [-3, -3, -7, -19] [-20, -15, -19, -20]
[-8, -8, 19, -9] [-2, 25, 1, 13] [-26, 5, 6, -8] [-15, 11, 6, 8] [24, 4, -10, 3] [-10, -19, 5, 3] [-18, -4, 15, 5]
[-5, -2, 43, -5] [-7, 23, -16, 9] [-16, 1, 34, -3] [-72, 18, 41, 24] [-43, -27, -36, 19] [-12, -24, 5, 23] [-29, -12, -3, -15]
[5, 28, 2, -46] [11, -2, 8, -31] [6, 21, 2, -94] [0, 0, 0, 0] [31, -87, 25, 7] [15, -11, 6, 20] [6, 7, 12, -8]
[-9, -15, -11, -3] [20, 3, -17, 0] [0, 10, -16, -16] [27, 21, -87, 20] [0, -13, -15, 34] [-5, 11, -16, 3] [-24, -48, 9, 20]
[20, 13, 5, 12] [12, 2, -11, -20] [8, -3, 21, 2] [-13, -1, -18, 1] [7, 3, -9, 17] [22, -5, -13, 6] [24, 9, 6, 22]
[4, -6, -4, -25] [0, -3, -8, -7] [-4, 7, 17, -1] [-9, 16, -29, -17] [36, 8, -10, 16] [16, -18, -35, 16] [-7, 1, 9, 1]
Food (up, right, down, left):
[19, 19, -5, 22] [-7, 3, -8, -28] [33, -15, -6, 11] [-6, 0, 22, 24] [-9, 15, 15, -4] [-2, -11, -9, -16] [-32, 24, -5, -16]
[-62, -4, -12, -21] [5, -7, -13, -20] [-7, 19, 10, 20] [-7, 14, -24, 25] [25, 9, -1, -46] [31, -13, -21, 10] [7, -7, 12, 19]
[-18, 16, 7, -26] [2, -6, 4, 28] [-37, -26, -30, 29] [34, -32, 18, 0] [-6, -4, -4, -9] [-3, 1, -32, -37] [24, 30, 7, 28]
[12, 3, 14, 48] [-11, -13, -41, 26] [1, -6, -30, -11] [0, 0, 0, 0] [-26, 55, -22, -2] [-27, -6, -19, 5] [-2, 25, -10, 16]
[-16, 19, -11, 18] [10, 10, 7, 21] [25, -3, 34, -3] [-17, -16, 9, -7] [9, -3, 19, -33] [-10, 41, 18, 28] [9, -6, -7, -33]
[24, -6, -5, -2] [4, 23, 28, 15] [5, 12, 5, 25] [-7, -15, 16, -28] [-27, -22, -14, -26] [-15, 17, -5, 15] [11, 47, 2, 22]
[-6, 1, -25, -19] [10, -7, 12, -34] [16, 16, 10, -14] [5, 14, 35, -43] [28, 39, -3, -4] [6, 29, 6, -5] [23, -32, 13, -25]
------------------------------
ALIVE
Head: (15 24)
Body: (15 24) (14 24) (14 23) (13 23) (12 23) (12 22) (11 22) (10 22) (9 22) (8 22) (7 22) (6 22) 
Length: 12, 4
Vision: 3
Hungry, suplies: 2/10
Reproductive: 16, mutating: 0.25
Generation: 32548
####################################
Wall (up, right, down, left):
[14, 5, -15, 7] [0, -11, -12, -4] [-17, 6, 5, -6] [21, 5, 20, 2] [-13, 7, 30, -13] [-3, -3, -7, -19] [-20, -15, -19, -15]
[-8, -5, 19, -9] [-2, 25, 1, 13] [-26, 5, 6, -8] [-15, 11, 6, 8] [24, 4, -10, 3] [-10, -19, 5, 2] [-18, -4, 15, 5]
[-5, -2, 43, -5] [-7, 23, -16, 7] [-16, 1, 34, -3] [-72, 18, 41, 24] [-43, -31, -36, 19] [-12, -24, 5, 23] [-29, -12, -3, -15]
[5, 26, 2, -46] [11, -2, 8, -31] [6, 21, 2, -91] [0, 0, 0, 0] [31, -87, 25, 7] [15, -11, 6, 20] [6, 7, 12, -8]
[-9, -15, -11, -3] [20, 8, -17, 0] [-4, 10, -16, -16] [27, 21, -87, 20] [0, -13, -15, 34] [-5, 11, -16, 3] [-24, -48, 5, 20]
[20, 13, 5, 12] [12, 7, -11, -20] [8, -3, 21, 2] [-13, -1, -18, 1] [7, 3, -9, 17] [22, -5, -13, 6] [24, 7, 6, 17]
[4, -6, -4, -18] [0, -3, -8, -7] [1, 7, 17, -1] [-9, 16, -29, -17] [36, 8, -10, 16] [16, -18, -35, 16] [-7, 1, 9, 1]
Food (up, right, down, left):
[19, 19, -5, 22] [-7, 3, -8, -28] [33, -15, -1, 11] [-6, 0, 22, 24] [-9, 15, 15, -4] [-2, -11, -9, -16] [-29, 24, -5, -16]
[-62, -4, -14, -21] [5, -7, -13, -20] [-7, 19, 10, 20] [-7, 14, -24, 25] [25, 9, -1, -46] [31, -13, -21, 11] [7, -7, 12, 19]
[-18, 16, 7, -26] [2, -6, 7, 28] [-37, -26, -30, 29] [34, -32, 18, 0] [-6, -4, -4, -5] [-3, 1, -32, -37] [24, 30, 7, 28]
[12, 3, 14, 50] [-11, -13, -41, 26] [-1, -6, -31, -11] [0, 0, 0, 0] [-26, 55, -22, -2] [-27, -6, -19, 5] [-2, 25, -10, 16]
[-16, 19, -11, 18] [10, 10, 7, 21] [20, -3, 34, -3] [-17, -16, 9, -7] [9, -3, 19, -33] [-10, 41, 18, 28] [9, -4, -7, -33]
[24, -6, -5, -2] [4, 19, 28, 15] [5, 12, 5, 25] [-7, -15, 16, -28] [-27, -22, -14, -26] [-15, 17, -5, 15] [12, 47, 2, 22]
[-6, 1, -25, -19] [10, -7, 12, -34] [16, 16, 10, -15] [5, 14, 35, -43] [28, 39, -3, -4] [6, 29, 6, -5] [22, -32, 13, -25]
------------------------------
ALIVE
Head: (10 37)
Body: (10 37) (10 38) (11 38) (12 38) (12 39) (11 39) (11 40) (11 41) (11 42) (12 42) 
Length: 10, 4
Vision: 3
Hungry, suplies: 8/10
Reproductive: 16, mutating: 0.25
Generation: 32552
####################################
Wall (up, right, down, left):
[14, 5, -15, 7] [0, -11, -12, -4] [-17, 6, 5, -6] [21, 5, 20, 2] [-13, 7, 30, -13] [-3, -3, -7, -19] [-20, -15, -19, -20]
[-8, -8, 19, -9] [-2, 25, 1, 13] [-26, 5, 6, -8] [-15, 11, 6, 8] [24, 4, -10, 3] [-10, -19, 5, 3] [-18, -4, 15, 5]
[-5, -2, 43, -5] [-7, 23, -16, 9] [-16, 1, 34, -3] [-72, 18, 41, 24] [-43, -27, -36, 19] [-12, -24, 5, 23] [-29, -12, -3, -15]
[5, 28, 2, -46] [11, -2, 8, -31] [6, 21, 2, -94] [0, 0, 0, 0] [31, -87, 25, 7] [15, -11, 6, 20] [6, 7, 12, -8]
[-9, -15, -11, -3] [20, 3, -17, 0] [0, 10, -16, -16] [27, 21, -87, 20] [0, -13, -15, 34] [-5, 11, -16, 3] [-24, -48, 9, 20]
[20, 13, 5, 12] [12, 2, -11, -20] [8, -3, 21, 2] [-13, -1, -18, 1] [7, 3, -9, 17] [22, -5, -13, 6] [24, 9, 6, 22]
[4, -6, -4, -25] [0, -3, -8, -7] [-4, 7, 17, -1] [-9, 16, -29, -17] [36, 8, -10, 16] [16, -18, -35, 16] [-7, 1, 9, 1]
Food (up, right, down, left):
[19, 19, -5, 22] [-7, 3, -8, -28] [33, -15, -6, 11] [-6, 0, 22, 24] [-9, 15, 15, -4] [-2, -11, -9, -16] [-32, 24, -5, -16]
[-62, -4, -12, -21] [5, -7, -13, -20] [-7, 19, 10, 20] [-7, 14, -24, 25] [25, 9, -1, -46] [31, -13, -21, 10] [7, -7, 12, 19]
[-18, 16, 7, -26] [2, -6, 4, 28] [-37, -26, -30, 29] [34, -32, 18, 0] [-6, -4, -4, -9] [-3, 1, -32, -37] [24, 30, 7, 28]
[12, 3, 14, 48] [-11, -13, -41, 26] [1, -6, -30, -11] [0, 0, 0, 0] [-26, 55, -22, -2] [-27, -6, -19, 5] [-2, 25, -10, 16]
[-16, 19, -11, 18] [10, 10, 7, 21] [25, -3, 34, -3] [-17, -16, 9, -7] [9, -3, 19, -33] [-10, 41, 18, 28] [9, -6, -7, -33]
[24, -6, -5, -2] [4, 23, 28, 15] [5, 12, 5, 25] [-7, -15, 16, -28] [-27, -22, -14, -26] [-15, 17, -5, 15] [11, 47, 2, 22]
[-6, 1, -25, -19] [10, -7, 12, -34] [16, 16, 10, -14] [5, 14, 35, -43] [28, 39, -3, -4] [6, 29, 6, -5] [23, -32, 13, -25]
------------------------------
ALIVE
Head: (13 37)
Body: (13 37) (13 36) (13 35) (12 35) (12 34) (12 33) (12 32) (11 32) (10 32) 
Length: 9, 4
Vision: 3
Hungry, suplies: 5/10
Reproductive: 16, mutating: 0.25
Generation: 32546
####################################
Wall (up, right, down, left):
[14, 5, -15, 7] [0, -11, -12, -4] [-17, 6, 5, -6] [21, 5, 20, 2] [-13, 7, 30, -13] [-3, -3, -7, -19] [-20, -15, -19, -15]
[-8, -5, 19, -9] [-2, 25, 1, 13] [-26, 5, 6, -8] [-15, 11, 6, 8] [24, 4, -10, 3] [-10, -19, 5, 2] [-18, -4, 15, 5]
[-5, -2, 43, -5] [-7, 23, -16, 7] [-16, 1, 34, -3] [-72, 18, 41, 24] [-43, -31, -36, 19] [-12, -24, 5, 23] [-29, -12, -3, -15]
[5, 26, 2, -46] [11, -2, 8, -31] [6, 21, 2, -94] [0, 0, 0, 0] [31, -87, 25, 7] [15, -11, 6, 20] [6, 7, 12, -8]
[-9, -15, -11, -3] [20, 8, -17, 0] [-4, 10, -16, -16] [27, 21, -87, 20] [0, -13, -15, 34] [-5, 11, -16, 3] [-27, -48, 5, 20]
[20, 13, 5, 12] [12, 7, -11, -20] [8, -3, 21, 2] [-18, -1, -18, 1] [7, 3, -9, 17] [22, -5, -13, 6] [24, 9, 6, 22]
[4, -6, -4, -18] [0, -3, -8, -7] [1, 7, 17, -1] [-9, 16, -29, -17] [36, 8, -10, 16] [16, -18, -35, 16] [-7, 1, 9, 1]
Food (up, right, down, left):
[19, 19, -5, 22] [-7, 3, -8, -28] [33, -15, -1, 11] [-6, 0, 22, 24] [-9, 15, 15, -4] [-2, -11, -9, -16] [-29, 24, -5, -16]
[-62, -4, -14, -21] [5, -7, -13, -20] [-7, 19, 10, 20] [-7, 14, -24, 25] [25, 9, -1, -46] [31, -13, -21, 11] [7, -7, 12, 19]
[-18, 16, 7, -26] [2, -6, 7, 28] [-37, -26, -30, 29] [34, -32, 18, 0] [-6, -4, -4, -5] [-3, 1, -32, -37] [24, 30, 7, 28]
[12, 3, 14, 50] [-11, -13, -41, 26] [1, -6, -30, -11] [0, 0, 0, 0] [-26, 55, -22, -2] [-27, -6, -19, 5] [-2, 25, -10, 16]
[-16, 19, -11, 18] [10, 10, 7, 21] [20, -3, 34, -3] [-17, -16, 9, -7] [9, -3, 19, -33] [-10, 41, 18, 28] [9, -6, -7, -33]
[24, -6, -5, -2] [4, 19, 28, 15] [5, 12, 5, 25] [-7, -15, 11, -28] [-27, -22, -14, -26] [-15, 17, -5, 15] [11, 47, 6, 22]
[-6, 1, -25, -19] [10, -7, 12, -34] [16, 16, 10, -15] [5, 14, 35, -43] [28, 39, -3, -4] [6, 29, 6, -5] [22, -32, 13, -25]
------------------------------
ALIVE
Head: (0 18)
Body: (0 18) (0 19) (24 19) (23 19) (22 19) (21 19) (20 19) (19 19) (18 19) 
Length: 9, 4
Vision: 3
Hungry, suplies: 9/10
Reproductive: 16, mutating: 0.25
Generation: 32545
####################################
Wall (up, right, down, left):
[14, 5, -15, 7] [0, -11, -12, -4] [-17, 6, 5, -6] [21, 5, 20, 2] [-13, 7, 30, -13] [-3, -3, -7, -19] [-20, -15, -19, -20]
[-8, -8, 19, -9] [-2, 25, 1, 13] [-26, 5, 6, -8] [-15, 11, 6, 8] [24, 4, -14, 3] [-10, -19, 5, 3] [-18, -4, 15, 5]
[-5, -2, 43, -5] [-7, 23, -16, 9] [-16, 1, 34, -3] [-72, 18, 41, 24] [-43, -27, -36, 19] [-12, -24, 5, 23] [-29, -12, -3, -15]
[5, 28, 2, -46] [11, -2, 8, -31] [6, 21, 2, -94] [0, 0, 0, 0] [31, -87, 25, 7] [15, -11, 6, 20] [6, 7, 12, -8]
[-9, -15, -11, -3] [20, 3, -17, 0] [-4, 10, -16, -16] [27, 21, -87, 20] [5, -13, -15, 34] [-5, 11, -16, 3] [-24, -48, 5, 20]
[20, 13, 5, 12] [12, 2, -11, -20] [8, -3, 21, 2] [-13, -1, -18, 1] [7, 3, -9, 17] [22, -5, -13, 6] [24, 9, 6, 22]
[4, -6, -4, -25] [0, -3, -8, -7] [-4, 7, 17, -1] [-9, 16, -29, -17] [36, 8, -10, 16] [16, -18, -35, 16] [-7, 1, 9, 1]
Food (up, right, down, left):
[19, 19, -5, 22] [-7, 3, -8, -28] [33, -15, -6, 11] [-6, 0, 22, 24] [-9, 15, 15, -4] [-2, -11, -9, -16] [-32, 24, -5, -16]
[-62, -4, -12, -21] [5, -7, -13, -20] [-7, 19, 10, 20] [-7, 14, -24, 25] [25, 9, -2, -46] [31, -13, -21, 10] [7, -7, 12, 19]
[-18, 16, 7, -26] [2, -6, 4, 28] [-37, -26, -30, 29] [34, -32, 18, 0] [-6, -4, -4, -9] [-3, 1, -32, -37] [24, 30, 7, 28]
[12, 3, 14, 48] [-11, -13, -41, 26] [1, -6, -30, -11] [0, 0, 0, 0] [-26, 55, -22, -2] [-27, -6, -19, 5] [-2, 25, -10, 16]
[-16, 19, -11, 18] [10, 10, 7, 21] [20, -3, 34, -3] [-17, -16, 9, -7] [5, -3, 19, -33] [-10, 41, 18, 28] [9, -6, -7, -34]
[24, -6, -5, -2] [4, 23, 28, 15] [5, 12, 5, 25] [-7, -15, 16, -28] [-27, -22, -14, -26] [-15, 17, -5, 15] [11, 47, 2, 22]
[-6, 1, -25, -19] [10, -7, 12, -34] [16, 16, 10, -14] [5, 14, 35, -43] [28, 39, -3, -4] [6, 29, 6, -5] [23, -32, 13, -25]
------------------------------
ALIVE
Head: (23 35)
Body: (23 35) (23 34) (23 33) (23 32) (23 31) (23 30) (23 29) (22 29) (22 28) (22 27) (21 27) (21 26) (21 25) (21 24) (21 23) 
Length: 15, 4
Vision: 3
Hungry, suplies: 10/10
Reproductive: 16, mutating: 0.25
Generation: 32543
####################################
Wall (up, right, down, left):
[14, 5, -15, 7] [0, -11, -12, -4] [-17, 6, 5, -6] [21, 5, 20, 2] [-13, 7, 30, -13] [-3, -3, -7, -19] [-20, -15, -19, -15]
[-8, -5, 19, -9] [-2, 25, 1, 13] [-26, 5, 6, -8] [-15, 11, 6, 8] [24, 4, -10, 3] [-10, -19, 5, 2] [-18, -4, 15, 5]
[-5, -2, 43, -5] [-7, 23, -16, 7] [-16, 1, 34, -3] [-72, 18, 41, 24] [-43, -31, -36, 19] [-12, -24, 5, 23] [-29, -12, -3, -15]
[5, 26, 2, -46] [11, -2, 8, -31] [6, 21, 2, -94] [0, 0, 0, 0] [31, -87, 25, 7] [15, -11, 6, 20] [6, 7, 12, -8]
[-9, -15, -11, -3] [20, 8, -17, 0] [-4, 10, -16, -16] [27, 21, -87, 20] [0, -13, -15, 34] [-5, 11, -16, 3] [-27, -48, 5, 20]
[20, 13, 5, 12] [12, 7, -11, -20] [8, -3, 21, 2] [-18, -1, -18, 1] [7, 3, -9, 17] [22, -5, -13, 6] [24, 9, 6, 22]
[4, -6, -4, -18] [0, -3, -8, -7] [1, 7, 17, -1] [-9, 16, -29, -17] [36, 8, -10, 16] [16, -18, -35, 16] [-7, 1, 9, 1]
Food (up, right, down, left):
[19, 19, -5, 22] [-7, 3, -8, -28] [33, -15, -1, 11] [-6, 0, 22, 24] [-9, 15, 15, -4] [-2, -11, -9, -16] [-29, 24, -5, -16]
[-62, -4, -14, -21] [5, -7, -13, -20] [-7, 19, 10, 20] [-7, 14, -24, 25] [25, 9, -1, -46] [31, -13, -21, 11] [7, -7, 12, 19]
[-18, 16, 7, -26] [2, -6, 7, 28] [-37, -26, -30, 29] [34, -32, 18, 0] [-6, -4, -4, -5] [-3, 1, -32, -37] [24, 30, 7, 28]
[12, 3, 14, 50] [-11, -13, -41, 26] [1, -6, -30, -11] [0, 0, 0, 0] [-26, 55, -22, -2] [-27, -6, -19, 5] [-2, 25, -10, 16]
[-16, 19, -11, 18] [10, 10, 7, 21] [20, -3, 34, -3] [-17, -16, 9, -7] [9, -3, 19, -33] [-10, 41, 18, 28] [9, -6, -7, -33]
[24, -6, -5, -2] [4, 19, 28, 15] [5, 12, 5, 25] [-7, -15, 11, -28] [-27, -22, -14, -26] [-15, 17, -5, 15] [11, 47, 6, 22]
[-6, 1, -25, -19] [10, -7, 12, -34] [16, 16, 10, -15] [5, 14, 35, -43] [28, 39, -3, -4] [6, 29, 6, -5] [22, -32, 13, -25]
------------------------------
ALIVE
Head: (14 14)
Body: (14 14) (15 14) (15 13) (15 12) (16 12) (17 12) (17 11) (17 10) (18 10) 
Length: 9, 4
Vision: 3
Hungry, suplies: 8/10
Reproductive: 16, mutating: 0.25
Generation: 32547
####################################
Wall (up, right, down, left):
[14, 5, -15, 7] [0, -11, -12, -4] [-16, 6, 5, -6] [21, 5, 20, 2] [-13, 7, 31, -13] [-3, -3, -7, -19] [-20, -15, -19, -15]
[-8, -5, 19, -9] [-2, 25, -1, 13] [-26, 5, 6, -8] [-15, 11, 6, 8] [24, 4, -13, 3] [-10, -15, 5, 3] [-18, -4, 15, 5]
[-5, -2, 43, -5] [-7, 23, -16, 9] [-16, 1, 34, -3] [-72, 18, 41, 24] [-43, -31, -36, 19] [-13, -24, 5, 23] [-29, -12, -3, -15]
[5, 26, 2, -46] [11, -2, 8, -31] [6, 21, 2, -94] [0, 0, 0, 0] [31, -87, 25, 7] [15, -11, 6, 20] [6, 9, 12, -8]
[-9, -15, -11, 0] [20, 8, -17, 0] [-4, 10, -16, -16] [27, 21, -87, 20] [0, -13, -15, 34] [-5, 11, -16, 3] [-27, -48, 5, 20]
[20, 18, 5, 12] [12, 7, -11, -20] [8, -3, 21, 2] [-8, -1, -18, 1] [7, 3, -9, 17] [22, -5, -13, 1] [24, 9, 6, 22]
[4, -6, -4, -18] [0, -3, -8, -7] [1, 7, 17, -1] [-9, 16, -29, -17] [36, 8, -10, 16] [16, -18, -35, 16] [-7, 1, 9, 1]
Food (up, right, down, left):
[19, 19, -5, 22] [-7, 3, -8, -28] [33, -15, -1, 6] [-6, 0, 22, 24] [-9, 15, 19, -4] [-2, -11, -9, -16] [-29, 24, -5, -16]
[-62, -4, -14, -21] [5, -7, -13, -20] [-7, 19, 10, 20] [-7, 14, -24, 25] [25, 9, -1, -49] [32, -13, -21, 10] [7, -7, 12, 19]
[-18, 16, 7, -26] [2, -6, 4, 28] [-37, -26, -30, 29] [34, -32, 18, 0] [-6, -4, -4, -5] [-3, 1, -32, -34] [24, 30, 7, 28]
[12, 3, 14, 50] [-11, -13, -41, 26] [1, -6, -30, -11] [0, 0, 0, 0] [-26, 55, -22, -2] [-27, -6, -19, 5] [3, 25, -10, 16]
[-16, 16, -11, 18] [5, 10, 7, 21] [20, -3, 34, -3] [-17, -16, 9, -7] [9, -3, 19, -33] [-10, 41, 18, 28] [9, -6, -7, -33]
[24, -6, -8, -2] [4, 19, 28, 15] [5, 12, 5, 25] [-7, -15, 16, -33] [-27, -22, -14, -26] [-15, 15, -5, 15] [11, 47, 2, 22]
[-6, 1, -25, -19] [10, -7, 12, -34] [16, 16, 10, -15] [5, 14, 35, -43] [28, 39, -3, -4] [6, 29, 6, -5] [22, -32, 13, -25]
------------------------------
ALIVE
Head: (18 35)
Body: (18 35) (19 35) (20 35) (20 34) (20 33) (21 33) (21 32) (21 31) (20 31) (19 31) (19 30) 
Length: 11, 4
Vision: 3
Hungry, suplies: 9/10
Reproductive: 16, mutating: 0.25
Generation: 32546
####################################
Wall (up, right, down, left):
[14, 5, -15, 7] [0, -11, -12, -4] [-17, 6, 5, -6] [21, 5, 20, 2] [-13, 7, 30, -13] [-3, -3, -7, -19] [-20, -15, -19, -20]
[-8, -8, 19, -9] [-2, 25, 1, 13] [-26, 5, 6, -8] [-15, 11, 6, 8] [24, 4, -14, 3] [-10, -19, 5, 3] [-18, -4, 15, 5]
[-5, -2, 43, -5] [-7, 23, -16, 9] [-16, 1, 34, -3] [-72, 14, 41, 24] [-43, -27, -36, 19] [-12, -24, 5, 23] [-29, -12, -3, -15]
[5, 28, 2, -46] [11, -2, 8, -31] [6, 21, 2, -94] [0, 0, 0, 0] [31, -87, 25, 7] [15, -11, 6, 20] [6, 7, 12, -8]
[-9, -15, -11, -3] [20, 3, -17, 0] [-4, 10, -16, -16] [27, 21, -87, 20] [0, -13, -15, 34] [-5, 11, -16, 3] [-24, -48, 5, 20]
[20, 13, 5, 12] [12, 2, -11, -20] [8, -3, 21, 2] [-13, -1, -18, 1] [7, 3, -9, 17] [22, -5, -13, 6] [24, 9, 6, 22]
[4, -6, -4, -25] [0, -3, -8, -7] [-4, 7, 17, -1] [-9, 16, -29, -17] [36, 8, -10, 16] [16, -18, -35, 16] [-7, 1, 9, 1]
Food (up, right, down, left):
[19, 19, -5, 22] [-7, 3, -8, -28] [33, -15, -6, 11] [-6, 0, 22, 24] [-9, 15, 15, -4] [-2, -11, -9, -16] [-32, 24, -5, -16]
[-62, -4, -12, -21] [5, -7, -13, -20] [-7, 19, 10, 20] [-7, 14, -24, 25] [25, 9, -2, -46] [31, -13, -21, 10] [7, -7, 12, 19]
[-18, 16, 7, -26] [2, -6, 4, 28] [-37, -26, -30, 29] [34, -32, 18, -3] [-6, -4, -4, -9] [-3, 1, -32, -37] [24, 30, 7, 28]
[12, 3, 14, 48] [-11, -13, -41, 26] [1, -6, -30, -11] [0, 0, 0, 0] [-26, 55, -22, -2] [-27, -6, -19, 5] [-2, 25, -10, 16]
[-16, 19, -11, 18] [10, 10, 7, 21] [20, -3, 34, -3] [-17, -16, 9, -7] [9, -3, 19, -33] [-10, 41, 18, 28] [9, -6, -7, -34]
[24, -6, -5, -2] [4, 23, 28, 15] [5, 12, 5, 25] [-7, -15, 16, -28] [-27, -22, -14, -26] [-15, 17, -5, 15] [11, 47, 2, 22]
[-6, 1, -25, -19] [10, -7, 12, -34] [16, 16, 10, -14] [5, 14, 35, -43] [28, 39, -3, -4] [6, 29, 6, -5] [23, -32, 13, -25]
------------------------------
ALIVE
Head: (9 18)
Body: (9 18) (10 18) (11 18) (12 18) (12 17) (13 17) (13 16) (13 15) 
Length: 8, 4
Vision: 3
Hungry, suplies: 6/10
Reproductive: 16, mutating: 0.25
Generation: 32542
####################################
Wall (up, right, down, left):
[14, 5, -15, 7] [0, -11, -12, -4] [-16, 6, 5, -6] [21, 5, 20, 2] [-13, 7, 31, -13] [-3, -3, -7, -19] [-20, -15, -19, -15]
[-8, -5, 19, -9] [-2, 25, -1, 13] [-26, 5, 6, -8] [-15, 11, 6, 8] [24, 4, -13, 3] [-10, -15, 5, 3] [-18, -4, 15, 5]
[-5, -2, 43, -5] [-7, 23, -16, 9] [-16, 1, 34, -3] [-72, 18, 41, 24] [-43, -31, -36, 19] [-13, -24, 5, 23] [-29, -12, -3, -15]
[5, 26, 2, -46] [11, -2, 8, -31] [6, 21, 2, -94] [0, 0, 0, 0] [31, -87, 25, 7] [15, -11, 6, 20] [6, 9, 12, -8]
[-9, -15, -11, 0] [20, 8, -17, 0] [-4, 10, -16, -16] [27, 21, -87, 20] [0, -13, -15, 34] [-5, 11, -16, 3] [-27, -48, 5, 20]
[20, 18, 5, 12] [12, 7, -11, -20] [8, -3, 21, 2] [-8, -1, -18, 1] [7, 3, -9, 17] [22, -5, -13, 1] [24, 9, 6, 22]
[4, -6, -4, -18] [0, -3, -8, -7] [-2, 7, 17, -1] [-9, 16, -29, -17] [36, 8, -10, 16] [16, -18, -35, 16] [-7, 1, 9, 1]
Food (up, right, down, left):
[19, 19, -5, 22] [-7, 3, -8, -28] [33, -15, -1, 6] [-6, 0, 22, 24] [-9, 15, 19, -4] [-2, -11, -9, -16] [-29, 24, -5, -16]
[-62, -4, -14, -21] [5, -7, -13, -20] [-7, 19, 10, 20] [-7, 14, -24, 25] [25, 9, -1, -49] [32, -13, -21, 10] [7, -7, 12, 19]
[-18, 16, 7, -26] [2, -6, 4, 28] [-37, -26, -30, 29] [34, -32, 18, 0] [-6, -4, -4, -5] [-3, 1, -32, -34] [24, 30, 7, 28]
[12, 3, 14, 50] [-11, -13, -41, 26] [1, -6, -30, -11] [0, 0, 0, 0] [-26, 55, -22, -2] [-27, -6, -19, 5] [3, 25, -10, 16]
[-16, 16, -11, 18] [5, 10, 7, 21] [20, -3, 34, -3] [-17, -16, 9, -7] [9, -3, 19, -33] [-10, 41, 18, 28] [9, -6, -7, -33]
[24, -6, -8, -2] [4, 19, 28, 15] [5, 12, 5, 25] [-7, -15, 16, -33] [-27, -22, -14, -26] [-15, 15, -5, 15] [11, 47, 2, 22]
[-6, 1, -25, -19] [10, -7, 12, -34] [16, 21, 10, -15] [5, 14, 35, -43] [28, 39, -3, -4] [6, 29, 6, -5] [22, -32, 13, -25]
------------------------------
ALIVE
Head: (5 1)
Body: (5 1) (4 1) (3 1) (2 1) (2 2) (1 2) (1 3) (1 4) 
Length: 8, 4
Vision: 3
Hungry, suplies: 8/10
Reproductive: 16, mutating: 0.25
Generation: 32548
####################################
Wall (up, right, down, left):
[14, 5, -15, 7] [0, -11, -12, -4] [-17, 6, 5, -6] [21, 5, 20, 2] [-13, 7, 30, -13] [-3, -3, -7, -19] [-20, -15, -19, -15]
[-8, -5, 19, -9] [-2, 25, 1, 13] [-26, 5, 6, -8] [-15, 11, 6, 8] [24, 4, -10, 3] [-10, -19, 5, 2] [-13, -4, 15, 5]
[-5, -2, 43, -5] [-7, 23, -16, 7] [-16, 1, 34, -3] [-72, 18, 36, 24] [-43, -31, -36, 19] [-12, -24, 5, 23] [-29, -12, -3, -15]
[5, 26, 2, -46] [11, -2, 8, -31] [6, 21, 2, -94] [0, 0, 0, 0] [31, -87, 25, 7] [15, -11, 6, 20] [6, 7, 12, -8]
[-9, -15, -11, -3] [20, 8, -17, 0] [-4, 10, -16, -16] [27, 21, -87, 20] [0, -13, -17, 34] [-5, 11, -16, 3] [-27, -48, 5, 20]
[20, 13, 5, 12] [12, 7, -11, -20] [8, -3, 21, 2] [-13, -1, -18, 1] [7, 3, -9, 17] [22, -5, -13, 6] [24, 9, 6, 22]
[4, -6, -4, -18] [0, -3, -8, -7] [1, 7, 17, -1] [-9, 16, -29, -17] [36, 8, -10, 16] [16, -18, -35, 16] [-7, 1, 9, 1]
Food (up, right, down, left):
[19, 19, -5, 22] [-7, 3, -8, -28] [33, -15, -1, 11] [-6, 0, 22, 24] [-9, 15, 15, -4] [-2, -11, -9, -16] [-29, 24, -5, -16]
[-62, -4, -14, -21] [5, -7, -13, -20] [-7, 19, 10, 20] [-7, 14, -24, 25] [25, 9, -1, -46] [31, -13, -21, 11] [7, -7, 8, 19]
[-18, 16, 7, -26] [2, -6, 7, 28] [-37, -26, -30, 29] [34, -32, 18, 3] [-6, -4, -4, -5] [-3, 1, -32, -37] [24, 30, 7, 23]
[12, 3, 14, 50] [-11, -13, -41, 26] [1, -6, -30, -11] [0, 0, 0, 0] [-26, 55, -22, -2] [-27, -6, -19, 5] [-2, 25, -10, 16]
[-16, 19, -11, 18] [10, 10, 7, 21] [20, -3, 34, -3] [-17, -16, 9, -7] [9, -3, 19, -33] [-10, 41, 18, 28] [9, -6, -7, -33]
[24, -6, -5, -2] [4, 19, 28, 15] [5, 12, 5, 25] [-7, -15, 16, -28] [-27, -22, -14, -26] [-15, 17, -5, 15] [11, 47, 2, 22]
[-6, 1, -25, -19] [10, -7, 12, -34] [16, 16, 10, -15] [5, 14, 35, -43] [28, 39, -3, -4] [6, 29, 6, -5] [22, -32, 13, -25]
------------------------------
ALIVE
Head: (9 0)
Body: (9 0) (8 0) (7 0) (7 -1) (6 56) (6 55) (6 54) (5 54) 
Length: 8, 4
Vision: 3
Hungry, suplies: 9/10
Reproductive: 16, mutating: 0.25
Generation: 32550
####################################
Wall (up, right, down, left):
[14, 5, -15, 7] [0, -11, -12, -4] [-17, 6, 5, -6] [21, 5, 20, 2] [-13, 7, 30, -13] [-3, -3, -7, -19] [-20, -15, -19, -20]
[-8, -8, 19, -9] [-2, 25, 1, 13] [-26, 5, 6, -8] [-15, 11, 6, 8] [24, 4, -10, 3] [-10, -19, 5, 3] [-18, -4, 15, 5]
[-5, -2, 43, -5] [-7, 23, -16, 9] [-16, 1, 34, -3] [-72, 18, 41, 24] [-43, -27, -36, 19] [-12, -24, 5, 23] [-29, -12, -3, -15]
[5, 28, 1, -46] [11, -2, 8, -31] [6, 21, 2, -94] [0, 0, 0, 0] [31, -87, 25, 7] [15, -11, 6, 20] [6, 7, 12, -8]
[-9, -15, -11, -3] [20, 3, -17, 0] [0, 10, -16, -16] [27, 21, -87, 20] [0, -13, -15, 34] [-5, 11, -16, 3] [-24, -48, 9, 20]
[20, 13, 5, 12] [12, 2, -11, -20] [8, -3, 21, 2] [-13, -1, -18, 1] [7, 3, -9, 17] [22, -5, -13, 6] [24, 9, 6, 22]
[4, -6, -4, -25] [0, -3, -8, -7] [-4, 7, 17, -1] [-9, 16, -29, -17] [36, 8, -10, 16] [16, -18, -35, 16] [-7, 1, 9, 1]
Food (up, right, down, left):
[19, 19, -5, 22] [-7, 3, -8, -28] [33, -15, -6, 11] [-6, 0, 22, 24] [-9, 15, 15, -4] [-2, -11, -9, -16] [-32, 24, -5, -16]
[-62, -4, -12, -21] [5, -7, -13, -20] [-7, 19, 10, 20] [-7, 14, -24, 25] [25, 9, -1, -46] [31, -13, -21, 10] [7, -7, 12, 19]
[-18, 16, 7, -26] [2, -6, 4, 28] [-37, -26, -30, 29] [34, -32, 18, 0] [-6, -4, -4, -9] [-3, 1, -32, -37] [24, 30, 7, 28]
[12, 3, 16, 48] [-11, -13, -41, 26] [1, -6, -30, -11] [0, 0, 0, 0] [-26, 55, -22, -2] [-27, -6, -19, 5] [-2, 25, -10, 16]
[-16, 19, -11, 18] [10, 10, 7, 21] [25, -3, 34, -3] [-17, -16, 9, -7] [9, -3, 19, -33] [-10, 41, 18, 28] [9, -6, -7, -33]
[24, -6, -5, -2] [4, 23, 28, 15] [5, 12, 5, 25] [-7, -15, 16, -28] [-27, -22, -14, -26] [-15, 17, -5, 15] [11, 47, 2, 22]
[-6, 1, -25, -19] [10, -7, 12, -34] [16, 16, 10, -14] [5, 14, 35, -43] [28, 39, -3, -4] [6, 29, 6, -5] [23, -32, 13, -25]
------------------------------
ALIVE
Head: (7 27)
Body: (7 27) (7 26) (8 26) (9 26) (9 27) (10 27) (11 27) (11 28) (12 28) 
Length: 9, 4
Vision: 3
Hungry, suplies: 10/10
Reproductive: 16, mutating: 0.25
Generation: 32548
####################################
