Wall (up, right, down, left):
[-11, -12, -7, -11] [4, 1, 9, -13] [-19, -9, -6, -24] [-2, 2, 19, 7] [-12, 10, 32, 1] [12, -11, -21, -12] [9, -25, 4, -1]
[-34, -1, 14, -13] [1, 27, -8, -2] [-40, 11, 17, -4] [-45, 13, 31, 16] [20, 31, 1, 7] [-36, -18, -6, -30] [-22, -4, 1, 9]
[-9, 20, 22, 29] [-12, 33, -29, -11] [-4, -3, 58, -2] [-102, 29, 57, 3] [-55, -56, -19, 29] [-16, -27, -14, -1] [-7, -20, -25, -3]
[-24, 54, -7, -28] [9, -7, 34, -35] [15, 39, 10, -123] [0, 0, 0, 0] [53, -112, 22, 14] [22, -17, 1, 9] [12, 18, 26, -6]
[7, -41, 15, 3] [8, -5, -9, -32] [-21, -18, -42, -44] [52, 2, -131, 32] [15, -10, -42, 71] [11, 23, -13, 7] [-17, -70, -18, 42]
[23, 32, 5, -3] [-33, 12, -8, 4] [28, -2, 22, -7] [-1, -5, -20, 3] [-4, -9, -36, -16] [-1, -20, -27, 8] [41, 13, 14, -1]
[-22, 5, 23, -17] [3, -16, -52, -20] [0, -1, 32, 14] [-23, 17, -60, -27] [43, 5, -7, 33] [38, -9, -21, 34] [13, -10, 24, -3]
Food (up, right, down, left):
[6, 8, -12, 21] [-18, 28, 2, -32] [4, -16, 1, 11] [-21, 1, 61, 4] [7, -14, 54, -4] [2, -34, -26, -32] [-60, 21, 9, -26]
[-79, 12, -44, 4] [1, -15, -27, 0] [-4, 5, 32, 32] [-29, 10, -58, 40] [14, 15, -2, -51] [37, 7, -57, 20] [14, -9, 29, 45]
[-34, 6, 39, -34] [17, 3, -5, 31] [-32, -36, -28, 32] [52, -39, 28, 11] [1, -19, -11, -26] [-4, 22, -49, -34] [67, 37, 34, 17]
[6, 26, -5, 44] [-24, -12, -17, 35] [-6, -3, -34, -14] [0, 0, 0, 0] [-14, 56, -51, -2] [13, -26, -48, -26] [-20, 54, -22, -1]
[5, 25, -13, 23] [17, 23, 5, 37] [20, -19, 34, 30] [-6, -51, 41, -14] [4, 23, 20, -9] [15, 48, 12, 4] [-12, -25, -13, -15]
[7, -35, -16, 8] [16, 14, 11, -36] [22, -4, 21, 35] [-50, -30, 60, -19] [-49, -36, 17, -66] [-33, 69, 35, 26] [2, 55, 33, 31]
[33, 6, -30, -12] [-10, -2, 26, -77] [41, 23, 3, -10] [5, 3, -8, -23] [75, 43, 8, -23] [-10, 43, 6, 2] [11, -33, 18, -23]
------------------------------
ALIVE
Head: (9 15)
Body: (9 15) (9 14) (9 13) (10 13) (10 12) (10 11) (9 11) (9 10) (9 9) (8 9) 
Length: 10, 4
Vision: 3
Hungry, suplies: 5/10
Reproductive: 16, mutating: 0.25
Generation: 60077
####################################
Wall (up, right, down, left):
[-9, -12, -7, -11] [4, 1, 9, -13] [-19, -9, -6, -24] [-2, 2, 19, 7] [-12, 10, 32, 1] [12, -8, -21, -12] [9, -25, 4, -1]
[-34, -1, 14, -13] [1, 27, -8, -2] [-40, 11, 17, -4] [-45, 13, 31, 16] [20, 31, 1, 7] [-36, -18, -6, -30] [-22, -4, 1, 9]
[-9, 20, 22, 29] [-12, 33, -29, -11] [-4, -3, 58, -2] [-102, 29, 57, 3] [-55, -56, -19, 29] [-16, -27, -14, -1] [-7, -20, -25, -3]
[-24, 54, -12, -28] [9, -7, 34, -35] [15, 39, 10, -123] [0, 0, 0, 0] [53, -112, 22, 14] [22, -17, 1, 9] [12, 18, 26, -6]
[7, -41, 15, 5] [8, -5, -9, -32] [-21, -18, -42, -46] [56, 2, -133, 32] [15, -7, -42, 71] [11, 23, -13, 7] [-17, -70, -18, 42]
[23, 32, 5, -3] [-33, 12, -8, 4] [28, -2, 22, -7] [-1, -5, -20, 3] [-4, -9, -36, -16] [-1, -20, -27, 8] [41, 13, 14, -1]
[-22, 5, 23, -17] [3, -16, -52, -20] [0, -1, 32, 14] [-23, 18, -60, -27] [43, 5, -7, 33] [38, -9, -21, 34] [13, -10, 24, -3]
Food (up, right, down, left):
[10, 8, -12, 21] [-18, 28, 2, -32] [4, -16, 1, 11] [-21, 1, 61, 4] [7, -14, 54, -4] [2, -34, -23, -32] [-60, 21, 9, -26]
[-79, 12, -44, 4] [1, -15, -27, 0] [-4, 5, 32, 32] [-29, 10, -58, 40] [14, 15, -2, -51] [37, 7, -57, 20] [14, -9, 29, 45]
[-34, 6, 39, -34] [17, 3, -5, 31] [-32, -36, -28, 32] [52, -39, 28, 11] [1, -19, -11, -26] [-4, 22, -49, -34] [67, 37, 34, 17]
[6, 26, -9, 44] [-24, -12, -17, 35] [-6, -3, -34, -14] [0, 0, 0, 0] [-14, 56, -51, -2] [13, -26, -48, -26] [-20, 54, -22, 3]
[5, 25, -16, 23] [17, 23, 5, 37] [20, -19, 32, 30] [-6, -51, 41, -19] [9, 23, 20, -9] [15, 48, 12, 4] [-12, -26, -13, -15]
[7, -35, -16, 8] [16, 14, 11, -36] [22, -4, 21, 35] [-50, -30, 60, -19] [-49, -36, 17, -66] [-33, 69, 35, 26] [2, 55, 33, 31]
[33, 6, -30, -12] [-10, -2, 26, -77] [41, 23, 3, -10] [5, 2, -8, -23] [75, 43, 8, -23] [-10, 43, 6, 2] [16, -33, 21, -23]
------------------------------
ALIVE
Head: (24 43)
Body: (24 43) (24 42) (24 41) (23 41) (22 41) (21 41) (20 41) (19 41) 
Length: 8, 4
Vision: 3
Hungry, suplies: 10/10
Reproductive: 16, mutating: 0.25
Generation: 60088
####################################
Wall (up, right, down, left):
[-9, -8, -7, -11] [4, 1, 9, -13] [-19, -9, -6, -24] [-2, 2, 19, 7] [-12, 10, 32, 1] [12, -8, -21, -12] [9, -25, 4, -1]
[-34, -1, 14, -13] [1, 27, -8, -2] [-40, 11, 17, -4] [-45, 13, 31, 16] [20, 31, 1, 7] [-36, -18, -6, -30] [-22, -4, 1, 9]
[-9, 20, 22, 29] [-12, 33, -29, -11] [-4, -3, 58, -2] [-102, 29, 57, 3] [-55, -56, -19, 29] [-16, -27, -14, -1] [-7, -20, -25, -3]
[-24, 54, -12, -28] [9, -7, 34, -35] [15, 39, 10, -123] [0, 0, 0, 0] [53, -112, 22, 14] [22, -17, 1, 9] [12, 18, 26, -6]
[7, -41, 15, 5] [8, -5, -9, -32] [-21, -18, -42, -46] [56, 2, -133, 32] [15, -7, -42, 71] [11, 23, -13, 7] [-17, -70, -18, 42]
[23, 32, 5, -3] [-33, 11, -8, 4] [28, -2, 22, -7] [-1, -5, -20, 8] [-4, -9, -33, -16] [-1, -20, -27, 8] [41, 13, 14, -1]
[-22, 5, 23, -17] [3, -16, -52, -20] [0, -1, 32, 14] [-23, 18, -60, -27] [43, 5, -7, 33] [38, -9, -21, 34] [13, -10, 24, -3]
Food (up, right, down, left):
[9, 8, -12, 21] [-18, 28, 2, -32] [4, -16, 1, 11] [-21, 1, 61, 4] [7, -14, 54, -4] [2, -34, -23, -32] [-60, 21, 9, -26]
[-79, 12, -44, 4] [1, -15, -27, 0] [-4, 5, 32, 32] [-29, 10, -58, 40] [14, 15, -2, -51] [37, 7, -57, 20] [14, -9, 29, 45]
[-34, 6, 39, -34] [17, 3, -5, 31] [-32, -36, -28, 32] [52, -39, 28, 11] [1, -19, -11, -26] [-4, 22, -49, -34] [67, 37, 34, 17]
[6, 26, -9, 44] [-24, -12, -17, 35] [-6, -3, -34, -14] [0, 0, 0, 0] [-14, 56, -51, -2] [13, -26, -48, -26] [-20, 54, -22, 3]
[5, 25, -16, 23] [17, 23, 5, 37] [20, -19, 32, 30] [-6, -51, 41, -19] [9, 23, 20, -9] [15, 48, 12, 4] [-12, -26, -13, -15]
[7, -35, -16, 8] [11, 14, 11, -36] [22, -4, 21, 35] [-50, -33, 60, -19] [-49, -40, 17, -66] [-33, 69, 35, 26] [2, 55, 33, 31]
[33, 6, -30, -12] [-10, -2, 26, -77] [41, 23, 3, -10] [5, 2, -8, -23] [75, 43, 8, -23] [-10, 43, 6, 2] [16, -33, 21, -23]
------------------------------
ALIVE
Head: (11 21)
Body: (11 21) (10 21) (9 21) (9 20) (9 19) (8 19) (7 19) (6 19) (5 19) (5 18) (4 18) 
Length: 11, 4
Vision: 3
Hungry, suplies: 7/10
Reproductive: 16, mutating: 0.25
Generation: 60090
####################################
Wall (up, right, down, left):
[-9, -12, -7, -11] [4, 1, 9, -13] [-19, -9, -6, -24] [-2, 2, 19, 7] [-12, 10, 32, 1] [12, -8, -21, -12] [9, -25, 4, -1]
[-34, -1, 14, -13] [1, 27, -13, -2] [-40, 11, 17, -4] [-45, 13, 31, 16] [20, 31, 1, 7] [-36, -18, -6, -30] [-22, -4, 1, 9]
[-9, 20, 22, 29] [-12, 33, -29, -11] [-4, -3, 58, -2] [-102, 29, 57, 3] [-55, -56, -19, 29] [-16, -27, -14, -1] [-7, -20, -25, -3]
[-24, 54, -12, -28] [9, -7, 34, -35] [15, 39, 10, -123] [0, 0, 0, 0] [53, -112, 22, 14] [22, -17, 1, 9] [12, 18, 26, -6]
[7, -41, 15, 5] [8, -5, -9, -32] [-21, -18, -42, -46] [56, 2, -133, 32] [15, -7, -42, 71] [11, 23, -13, 7] [-17, -70, -18, 42]
[23, 32, 5, -3] [-33, 12, -8, 4] [28, -2, 22, -7] [-1, -5, -20, 3] [-4, -9, -36, -16] [-1, -20, -27, 8] [41, 13, 14, -1]
[-22, 5, 23, -17] [3, -16, -52, -20] [0, -1, 32, 14] [-23, 18, -60, -27] [43, 5, -7, 33] [38, -9, -21, 34] [13, -10, 24, -3]
Food (up, right, down, left):
[10, 8, -12, 21] [-18, 28, 2, -32] [4, -16, 1, 11] [-21, 1, 61, 4] [7, -14, 54, -4] [2, -34, -23, -32] [-60, 21, 9, -26]
[-79, 12, -44, 4] [1, -15, -27, -5] [-4, 5, 32, 32] [-29, 10, -58, 40] [14, 15, -2, -51] [37, 7, -57, 20] [14, -9, 29, 45]
[-34, 6, 39, -34] [17, 3, -5, 31] [-32, -36, -28, 32] [52, -39, 28, 11] [1, -19, -11, -26] [-4, 22, -49, -34] [67, 37, 34, 17]
[6, 26, -9, 44] [-24, -12, -17, 35] [-6, -3, -34, -14] [0, 0, 0, 0] [-14, 56, -51, -2] [13, -26, -48, -26] [-20, 54, -22, 3]
[5, 25, -16, 23] [17, 23, 5, 37] [20, -19, 32, 30] [-6, -51, 41, -19] [9, 23, 20, -9] [15, 48, 12, 4] [-12, -26, -13, -15]
[7, -35, -16, 8] [16, 14, 11, -36] [22, -4, 21, 35] [-50, -30, 60, -19] [-49, -36, 17, -66] [-33, 69, 35, 26] [2, 55, 33, 31]
[33, 6, -30, -12] [-10, -2, 26, -77] [41, 23, 3, -10] [5, 2, -8, -23] [75, 43, 8, -23] [-10, 43, 6, 2] [16, -33, 21, -23]
------------------------------
ALIVE
Head: (20 45)
Body: (20 45) (19 45) (18 45) (17 45) (16 45) (16 44) (16 43) (16 42) (15 42) (14 42) (13 42) (13 41) (13 40) 
Length: 13, 4
Vision: 3
Hungry, suplies: 2/10
Reproductive: 16, mutating: 0.25
Generation: 60088
####################################
Wall (up, right, down, left):
[-9, -12, -7, -11] [4, 1, 9, -13] [-19, -9, -6, -24] [-2, 2, 19, 7] [-12, 10, 32, 1] [12, -8, -21, -12] [9, -25, 4, -1]
[-34, -1, 14, -13] [1, 27, -13, -2] [-40, 11, 17, -4] [-45, 13, 31, 16] [20, 31, 1, 7] [-36, -18, -6, -30] [-22, -4, 1, 9]
[-9, 20, 22, 29] [-12, 33, -29, -11] [-4, -3, 58, -2] [-102, 29, 57, 3] [-55, -56, -19, 29] [-16, -27, -14, -1] [-7, -20, -25, -3]
[-24, 54, -12, -28] [9, -7, 34, -35] [15, 39, 10, -123] [0, 0, 0, 0] [53, -112, 22, 14] [22, -17, 1, 9] [12, 18, 26, -6]
[7, -41, 15, 5] [8, -5, -9, -32] [-21, -18, -42, -46] [56, 2, -133, 32] [15, -7, -42, 71] [11, 23, -13, 7] [-17, -70, -18, 42]
[23, 32, 5, -3] [-33, 12, -8, 4] [28, -2, 22, -7] [-1, -5, -20, 3] [-4, -9, -36, -16] [-1, -20, -27, 8] [41, 13, 14, -1]
[-22, 5, 23, -17] [3, -16, -52, -20] [0, -1, 32, 14] [-23, 18, -60, -27] [43, 5, -7, 33] [38, -9, -21, 34] [13, -10, 24, -3]
Food (up, right, down, left):
[10, 8, -12, 21] [-18, 28, 2, -32] [4, -16, 1, 11] [-21, 1, 61, 4] [7, -14, 54, -4] [2, -34, -23, -32] [-60, 21, 9, -26]
[-79, 12, -44, 4] [1, -15, -27, -5] [-4, 5, 32, 32] [-29, 10, -58, 40] [14, 15, -2, -51] [37, 7, -57, 20] [14, -9, 29, 45]
[-34, 6, 39, -34] [17, 3, -5, 31] [-32, -36, -28, 32] [52, -39, 28, 11] [1, -19, -11, -26] [-4, 22, -49, -34] [67, 37, 34, 17]
[6, 26, -9, 44] [-24, -12, -17, 35] [-6, -3, -34, -14] [0, 0, 0, 0] [-14, 56, -51, -2] [13, -26, -48, -26] [-20, 54, -22, 3]
[5, 25, -16, 23] [17, 23, 5, 37] [20, -19, 32, 30] [-6, -51, 41, -19] [9, 23, 20, -9] [15, 48, 12, 4] [-12, -26, -13, -15]
[7, -35, -16, 8] [16, 14, 11, -36] [22, -4, 21, 35] [-50, -30, 60, -19] [-49, -36, 17, -66] [-33, 69, 35, 26] [2, 55, 33, 31]
[33, 6, -30, -12] [-10, -2, 26, -77] [41, 23, 3, -10] [5, 2, -8, -23] [75, 43, 8, -23] [-10, 43, 6, 2] [16, -33, 21, -23]
------------------------------
ALIVE
Head: (11 25)
Body: (11 25) (10 25) (10 24) (10 23) (10 22) (9 22) (8 22) 
Length: 7, 4
Vision: 3
Hungry, suplies: 1/10
Reproductive: 16, mutating: 0.25
Generation: 60088
####################################
Wall (up, right, down, left):
[-9, -12, -7, -11] [4, 1, 9, -13] [-19, -9, -6, -24] [-2, 2, 19, 7] [-12, 10, 32, 1] [12, -8, -21, -12] [9, -25, 4, -1]
[-34, -1, 14, -13] [1, 27, -13, -2] [-40, 11, 17, -4] [-45, 13, 31, 16] [20, 31, 1, 7] [-36, -18, -6, -30] [-22, -4, 1, 9]
[-9, 20, 22, 29] [-12, 33, -29, -11] [-4, -3, 58, -2] [-102, 29, 57, 3] [-55, -56, -19, 29] [-16, -27, -14, -1] [-7, -20, -25, -3]
[-24, 54, -12, -28] [9, -7, 34, -35] [15, 39, 10, -123] [0, 0, 0, 0] [53, -112, 22, 14] [22, -17, 1, 9] [12, 18, 26, -6]
[7, -41, 15, 5] [8, -5, -9, -32] [-21, -18, -42, -46] [56, 2, -133, 32] [15, -7, -42, 71] [11, 23, -13, 7] [-17, -70, -18, 42]
[23, 32, 5, -3] [-33, 8, -8, 4] [28, -2, 22, -7] [-1, -5, -20, 3] [-4, -9, -36, -16] [-1, -20, -27, 8] [41, 13, 14, -1]
[-22, 5, 23, -17] [3, -16, -52, -20] [0, -1, 32, 14] [-23, 18, -60, -27] [43, 5, -7, 33] [38, -9, -21, 34] [13, -10, 24, -3]
Food (up, right, down, left):
[10, 8, -12, 21] [-18, 28, 2, -32] [4, -16, 1, 11] [-21, 1, 61, 4] [7, -14, 54, -4] [2, -34, -23, -32] [-60, 21, 9, -26]
[-79, 12, -44, 4] [1, -15, -27, -5] [-4, 5, 32, 32] [-29, 10, -58, 40] [14, 15, -2, -51] [37, 7, -57, 20] [14, -9, 29, 45]
[-34, 6, 39, -34] [17, 3, -5, 31] [-32, -36, -28, 32] [52, -39, 28, 11] [1, -19, -11, -26] [-4, 22, -49, -34] [67, 37, 34, 17]
[6, 26, -9, 44] [-24, -12, -17, 35] [-6, -3, -34, -14] [0, 0, 0, 0] [-14, 56, -51, -2] [13, -26, -48, -26] [-20, 54, -22, 3]
[5, 25, -16, 23] [17, 23, 5, 37] [20, -19, 32, 30] [-6, -51, 41, -19] [9, 23, 20, -9] [15, 48, 12, 4] [-12, -26, -13, -15]
[7, -35, -16, 8] [16, 11, 11, -36] [22, -4, 21, 35] [-50, -30, 60, -19] [-49, -36, 17, -66] [-33, 69, 35, 26] [2, 55, 33, 31]
[33, 6, -30, -12] [-10, -2, 26, -77] [41, 23, 3, -10] [5, 2, -8, -23] [75, 43, 8, -23] [-10, 43, 6, 2] [16, -33, 21, -23]
------------------------------
ALIVE
Head: (17 25)
Body: (17 25) (17 24) (17 23) (17 22) (17 21) (17 20) (17 19) (16 19) (15 19) (15 18) (14 18) 
Length: 11, 4
Vision: 3
Hungry, suplies: 8/10
Reproductive: 16, mutating: 0.25
Generation: 60087
####################################
Wall (up, right, down, left):
[-9, -12, -7, -11] [4, 1, 9, -13] [-19, -9, -6, -24] [-2, 2, 19, 7] [-12, 10, 32, 1] [12, -8, -21, -12] [9, -25, 4, -1]
[-34, -1, 14, -13] [1, 27, -8, -2] [-40, 11, 17, -4] [-45, 13, 31, 16] [20, 31, 1, 7] [-36, -18, -6, -30] [-22, -4, 1, 9]
[-9, 20, 22, 29] [-12, 33, -29, -11] [-4, -3, 58, -2] [-102, 29, 57, 3] [-55, -56, -19, 29] [-16, -27, -14, -1] [-7, -20, -25, -3]
[-24, 54, -12, -28] [9, -7, 34, -35] [15, 39, 10, -123] [0, 0, 0, 0] [53, -112, 22, 14] [22, -17, 1, 9] [12, 18, 26, -6]
[7, -41, 15, 5] [8, -5, -9, -32] [-21, -18, -42, -46] [56, 2, -133, 32] [15, -7, -42, 71] [11, 23, -13, 7] [-17, -70, -18, 42]
[23, 32, 5, -3] [-33, 12, -8, 4] [28, -2, 22, -7] [-1, -5, -20, 3] [-4, -9, -36, -16] [-1, -20, -27, 8] [41, 13, 14, -1]
[-22, 5, 23, -17] [3, -16, -52, -20] [0, -1, 32, 14] [-23, 18, -60, -27] [43, 5, -7, 33] [38, -9, -21, 34] [13, -10, 24, -3]
Food (up, right, down, left):
[10, 8, -12, 21] [-18, 28, 2, -32] [4, -16, 1, 11] [-21, 1, 61, 4] [7, -14, 54, -4] [2, -34, -23, -32] [-60, 21, 9, -26]
[-79, 12, -44, 4] [1, -15, -27, 0] [-4, 5, 32, 32] [-29, 10, -58, 40] [14, 15, -2, -51] [37, 7, -57, 20] [14, -9, 29, 45]
[-34, 6, 39, -34] [17, 3, -5, 31] [-32, -36, -28, 32] [52, -39, 28, 11] [1, -19, -11, -26] [-4, 22, -49, -34] [67, 37, 34, 17]
[6, 26, -9, 44] [-24, -12, -17, 35] [-6, -3, -34, -14] [0, 0, 0, 0] [-14, 56, -51, -2] [13, -26, -48, -26] [-20, 54, -22, 3]
[5, 25, -16, 23] [17, 23, 5, 37] [20, -19, 32, 30] [-6, -51, 41, -19] [9, 23, 20, -9] [15, 48, 12, 4] [-12, -26, -13, -15]
[7, -35, -16, 8] [16, 14, 11, -36] [22, -4, 21, 35] [-50, -30, 60, -19] [-49, -36, 17, -66] [-33, 69, 35, 26] [2, 55, 33, 31]
[33, 6, -30, -12] [-10, -2, 26, -77] [41, 23, 3, -10] [5, 2, -8, -23] [75, 43, 8, -23] [-10, 43, 6, 2] [16, -33, 21, -23]
------------------------------
ALIVE
Head: (5 21)
Body: (5 21) (5 20) (6 20) (6 21) (6 22) (6 23) (5 23) (4 23) (4 22) (4 21) (4 20) (4 19) (3 19) (2 19) 
Length: 14, 4
Vision: 3
Hungry, suplies: 5/10
Reproductive: 16, mutating: 0.25
Generation: 60086
####################################
Wall (up, right, down, left):
[-9, -8, -7, -11] [4, 1, 9, -13] [-19, -9, -6, -24] [-2, 2, 19, 7] [-12, 10, 32, 1] [12, -8, -21, -12] [9, -25, 4, -1]
[-34, -1, 14, -13] [1, 27, -8, -2] [-40, 11, 17, -4] [-45, 13, 31, 16] [20, 31, 1, 7] [-36, -18, -6, -30] [-22, -4, 1, 9]
[-9, 20, 22, 29] [-12, 33, -29, -11] [-4, -3, 58, -2] [-102, 29, 57, 3] [-55, -56, -19, 29] [-16, -27, -14, -1] [-7, -20, -25, -3]
[-24, 54, -12, -28] [9, -7, 34, -35] [15, 39, 10, -123] [0, 0, 0, 0] [53, -112, 22, 14] [22, -17, 1, 9] [12, 18, 26, -6]
[7, -41, 15, 5] [8, -5, -9, -32] [-21, -18, -42, -46] [56, 2, -133, 32] [15, -7, -42, 71] [11, 23, -13, 7] [-17, -70, -18, 42]
[23, 32, 5, -3] [-33, 11, -8, 4] [28, -2, 22, -7] [-1, -5, -20, 8] [-4, -9, -33, -16] [-1, -20, -27, 8] [41, 13, 14, -1]
[-22, 5, 23, -17] [3, -16, -52, -20] [0, -1, 32, 14] [-23, 18, -60, -27] [43, 5, -7, 33] [38, -9, -21, 34] [13, -10, 24, -3]
Food (up, right, down, left):
[9, 8, -12, 21] [-18, 28, 2, -32] [4, -16, 1, 11] [-21, 1, 61, 4] [7, -14, 54, -4] [2, -34, -23, -32] [-60, 21, 9, -26]
[-79, 12, -44, 4] [1, -15, -27, 0] [-4, 5, 32, 32] [-29, 10, -58, 40] [14, 15, -2, -51] [37, 7, -57, 20] [14, -9, 29, 45]
[-34, 6, 39, -34] [17, 3, -5, 31] [-32, -36, -28, 32] [52, -39, 28, 11] [1, -19, -11, -26] [-4, 22, -49, -34] [67, 37, 34, 17]
[6, 26, -9, 44] [-24, -12, -17, 35] [-6, -3, -34, -14] [0, 0, 0, 0] [-14, 56, -51, -2] [13, -26, -48, -26] [-20, 54, -22, 3]
[5, 25, -16, 23] [17, 23, 5, 37] [20, -19, 32, 30] [-6, -51, 41, -19] [9, 23, 20, -9] [15, 48, 12, 4] [-12, -26, -13, -15]
[7, -35, -16, 8] [11, 14, 11, -36] [22, -4, 21, 35] [-50, -33, 60, -19] [-49, -40, 17, -66] [-33, 69, 35, 26] [2, 55, 33, 31]
[33, 6, -30, -12] [-10, -2, 26, -77] [41, 23, 3, -10] [5, 2, -8, -23] [75, 43, 8, -23] [-10, 43, 6, 2] [16, -33, 21, -23]
------------------------------
ALIVE
Head: (13 15)
Body: (13 15) (12 15) (12 14) (11 14) (11 13) (11 12) (11 11) (11 10) (11 9) (10 9) (10 8) (11 8) (12 8) (13 8) 
Length: 14, 4
Vision: 3
Hungry, suplies: 9/10
Reproductive: 16, mutating: 0.25
Generation: 60092
####################################
Wall (up, right, down, left):
[-9, -8, -7, -11] [4, 1, 9, -13] [-19, -9, -6, -24] [-2, 2, 19, 7] [-12, 10, 32, 1] [12, -8, -21, -12] [9, -25, 4, -1]
[-34, -1, 14, -13] [1, 27, -8, -2] [-40, 11, 17, -4] [-45, 13, 31, 16] [20, 31, 1, 7] [-36, -18, -6, -30] [-22, -4, 1, 9]
[-9, 20, 22, 29] [-12, 33, -29, -11] [-4, -3, 58, -2] [-102, 29, 57, 3] [-55, -56, -19, 29] [-16, -27, -14, -1] [-7, -20, -25, -3]
[-24, 54, -12, -28] [9, -7, 34, -35] [15, 39, 10, -123] [0, 0, 0, 0] [53, -112, 22, 14] [22, -17, 1, 9] [12, 18, 26, -6]
[7, -41, 15, 5] [8, -5, -9, -32] [-21, -18, -42, -46] [56, 2, -133, 32] [15, -7, -42, 71] [11, 23, -13, 7] [-17, -70, -18, 42]
[23, 32, 5, -3] [-33, 12, -8, 4] [28, -2, 22, -7] [-1, -5, -20, 8] [-4, -9, -33, -16] [-1, -20, -27, 8] [41, 13, 14, -1]
[-22, 5, 23, -17] [3, -16, -52, -20] [0, -1, 32, 14] [-23, 18, -60, -27] [43, 5, -7, 33] [38, -9, -21, 34] [13, -10, 24, -3]
Food (up, right, down, left):
[9, 8, -12, 21] [-18, 28, 2, -32] [4, -16, 1, 11] [-21, 1, 61, 4] [7, -14, 54, -4] [2, -34, -23, -32] [-60, 21, 9, -26]
[-79, 12, -44, 4] [1, -15, -27, 0] [-4, 5, 32, 32] [-29, 10, -58, 40] [14, 15, -2, -51] [37, 7, -57, 20] [14, -9, 29, 45]
[-34, 6, 39, -34] [17, 3, -5, 31] [-32, -36, -28, 32] [52, -39, 28, 11] [1, -19, -11, -26] [-4, 22, -49, -34] [67, 37, 34, 17]
[6, 26, -9, 44] [-24, -12, -17, 35] [-6, -3, -34, -14] [0, 0, 0, 0] [-14, 56, -51, -2] [13, -26, -48, -26] [-20, 54, -22, 3]
[5, 25, -16, 23] [17, 23, 5, 37] [20, -19, 32, 30] [-6, -51, 41, -19] [9, 23, 20, -9] [15, 48, 12, 4] [-12, -26, -13, -15]
[7, -35, -16, 8] [16, 14, 11, -36] [22, -4, 21, 35] [-50, -33, 60, -19] [-49, -40, 17, -66] [-33, 69, 35, 26] [2, 55, 33, 31]
[33, 6, -30, -12] [-10, -2, 26, -77] [41, 23, 3, -10] [5, 2, -8, -23] [75, 43, 8, -23] [-10, 43, 6, 2] [16, -33, 21, -23]
------------------------------
ALIVE
Head: (17 46)
Body: (17 46) (16 46) (15 46) (15 45) (14 45) (13 45) (13 44) (12 44) (11 44) (11 43) (11 42) (11 41) (11 40) 
Length: 13, 4
Vision: 3
Hungry, suplies: 8/10
Reproductive: 16, mutating: 0.25
Generation: 60092
####################################
Wall (up, right, down, left):
[-9, -12, -7, -11] [4, 1, 9, -13] [-19, -9, -6, -24] [-2, 2, 19, 7] [-12, 10, 32, 1] [12, -8, -21, -12] [9, -25, 4, -1]
[-34, -1, 14, -13] [1, 27, -8, -2] [-40, 11, 17, -4] [-45, 13, 31, 16] [20, 31, 1, 7] [-39, -18, -6, -30] [-22, -4, 1, 9]
[-9, 20, 22, 29] [-12, 33, -29, -11] [-4, -3, 58, -2] [-102, 29, 57, 3] [-55, -56, -19, 29] [-16, -27, -14, -1] [-7, -20, -25, -3]
[-24, 54, -12, -28] [9, -7, 34, -35] [15, 39, 10, -123] [0, 0, 0, 0] [53, -112, 22, 14] [22, -17, 1, 9] [12, 18, 26, -6]
[7, -41, 15, 5] [8, -5, -9, -32] [-21, -18, -42, -46] [56, 2, -133, 32] [15, -7, -42, 71] [11, 23, -13, 7] [-17, -70, -18, 42]
[23, 32, 5, -3] [-33, 12, -8, 4] [28, -2, 22, -7] [-1, -5, -20, 3] [-4, -9, -36, -16] [-1, -20, -27, 8] [41, 13, 14, -1]
[-22, 5, 23, -17] [3, -16, -52, -20] [0, -1, 32, 14] [-23, 18, -60, -27] [43, 5, -7, 33] [38, -9, -21, 34] [13, -10, 24, -3]
Food (up, right, down, left):
[10, 8, -12, 21] [-18, 28, 2, -32] [4, -16, 1, 11] [-21, 1, 61, 4] [7, -14, 54, -4] [2, -34, -23, -32] [-60, 21, 9, -26]
[-79, 12, -44, 4] [1, -15, -27, 0] [-4, 5, 32, 32] [-29, 10, -58, 40] [14, 15, -2, -51] [37, 7, -57, 21] [14, -9, 29, 45]
[-34, 6, 39, -34] [17, 3, -5, 31] [-32, -36, -28, 32] [52, -39, 28, 11] [1, -19, -11, -26] [-4, 22, -49, -34] [67, 37, 34, 17]
[6, 26, -9, 44] [-24, -12, -17, 35] [-6, -3, -34, -14] [0, 0, 0, 0] [-14, 56, -51, -2] [13, -26, -48, -26] [-20, 54, -22, 3]
[5, 25, -16, 23] [17, 23, 5, 37] [20, -19, 32, 30] [-6, -51, 41, -19] [9, 23, 20, -9] [15, 48, 12, 4] [-12, -26, -13, -15]
[7, -35, -16, 8] [16, 14, 11, -36] [22, -4, 21, 35] [-50, -30, 60, -19] [-49, -36, 17, -66] [-33, 69, 35, 26] [2, 55, 33, 31]
[33, 6, -30, -12] [-10, -2, 26, -77] [41, 23, 3, -10] [5, 2, -8, -23] [75, 43, 8, -23] [-10, 43, 6, 2] [16, -33, 21, -23]
------------------------------
ALIVE
Head: (15 20)
Body: (15 20) (14 20) (13 20) (12 20) (11 20) (10 20) (10 19) (10 18) (9 18) (8 18) 
Length: 10, 4
Vision: 3
Hungry, suplies: 10/10
Reproductive: 16, mutating: 0.25
Generation: 60086
####################################
Wall (up, right, down, left):
[-9, -12, -7, -11] [4, 1, 9, -13] [-19, -9, -6, -24] [-2, 2, 19, 7] [-12, 10, 32, 1] [12, -8, -21, -12] [9, -25, 4, -1]
[-34, -1, 14, -13] [1, 27, -8, -2] [-40, 11, 17, -4] [-45, 13, 31, 16] [20, 31, 1, 7] [-36, -18, -6, -30] [-22, -4, 1, 9]
[-9, 20, 22, 29] [-12, 33, -29, -11] [-4, -3, 58, -2] [-102, 29, 57, 3] [-55, -56, -19, 29] [-16, -27, -14, -1] [-7, -20, -25, -3]
[-24, 54, -12, -28] [9, -7, 34, -35] [15, 39, 10, -123] [0, 0, 0, 0] [53, -112, 22, 14] [22, -17, 1, 9] [12, 18, 26, -6]
[7, -41, 15, 5] [8, -5, -9, -32] [-21, -18, -42, -46] [56, 2, -133, 32] [15, -7, -42, 71] [11, 23, -13, 7] [-17, -70, -18, 42]
[23, 32, 5, -3] [-33, 12, -8, 4] [28, -2, 22, -7] [-1, -5, -20, 3] [-4, -9, -36, -16] [-1, -20, -27, 8] [41, 13, 14, -1]
[-22, 5, 23, -17] [3, -16, -52, -20] [0, -1, 32, 14] [-23, 18, -60, -27] [43, 5, -7, 33] [38, -9, -21, 34] [13, -10, 24, -3]
Food (up, right, down, left):
[10, 8, -12, 21] [-18, 28, 2, -32] [4, -16, 1, 11] [-21, 1, 61, 4] [7, -14, 54, -4] [2, -34, -23, -32] [-60, 21, 9, -26]
[-79, 12, -44, 4] [1, -15, -27, 0] [-4, 5, 32, 32] [-29, 10, -58, 40] [14, 15, -2, -51] [37, 7, -57, 20] [14, -9, 29, 45]
[-34, 6, 39, -34] [17, 3, -5, 31] [-32, -36, -28, 32] [52, -39, 28, 11] [1, -19, -11, -26] [-4, 22, -49, -34] [67, 37, 34, 17]
[6, 26, -9, 44] [-24, -12, -17, 35] [-6, -3, -34, -14] [0, 0, 0, 0] [-14, 56, -51, -2] [13, -26, -48, -26] [-20, 54, -22, 3]
[5, 25, -16, 23] [17, 23, 5, 37] [20, -19, 32, 30] [-6, -51, 41, -19] [9, 23, 20, -9] [15, 48, 12, 4] [-12, -26, -13, -15]
[7, -35, -16, 8] [16, 14, 11, -36] [22, -4, 21, 35] [-50, -30, 60, -19] [-49, -36, 17, -66] [-33, 69, 35, 26] [2, 55, 33, 31]
[33, 6, -30, -12] [-10, -2, 26, -77] [41, 23, 3, -10] [5, 2, -8, -23] [75, 43, 8, -23] [-10, 43, 6, 2] [16, -33, 21, -23]
------------------------------
ALIVE
Head: (8 6)
Body: (8 6) (8 5) (9 5) (9 4) (9 3) (10 3) (10 2) (10 1) (11 1) (11 2) (11 3) (12 3) (12 4) (12 5) (13 5) 
Length: 15, 4
Vision: 3
Hungry, suplies: 4/10
Reproductive: 16, mutating: 0.25
Generation: 60085
####################################
Wall (up, right, down, left):
[-9, -12, -7, -11] [4, 1, 9, -13] [-19, -9, -6, -24] [-2, 2, 19, 7] [-12, 10, 32, 1] [12, -8, -21, -12] [9, -25, 4, -1]
[-34, -1, 14, -13] [1, 27, -8, -2] [-40, 11, 17, -4] [-45, 13, 31, 16] [20, 31, 1, 7] [-39, -18, -6, -30] [-22, -4, 1, 9]
[-9, 20, 22, 29] [-12, 33, -29, -11] [-4, -3, 58, -2] [-102, 29, 57, 3] [-55, -56, -19, 29] [-16, -27, -14, -1] [-7, -20, -25, -3]
[-24, 54, -12, -28] [9, -7, 34, -35] [15, 39, 10, -123] [0, 0, 0, 0] [53, -112, 22, 14] [22, -17, 1, 9] [12, 18, 26, -6]
[7, -41, 15, 5] [8, -5, -9, -32] [-21, -18, -42, -46] [56, 2, -133, 32] [15, -7, -42, 71] [11, 23, -13, 7] [-17, -70, -18, 42]
[23, 32, 5, -3] [-33, 12, -8, 4] [28, -2, 22, -7] [-1, -5, -20, 3] [-4, -9, -36, -16] [-1, -20, -27, 8] [41, 13, 14, -1]
[-22, 5, 23, -17] [3, -16, -52, -20] [0, -1, 32, 14] [-23, 18, -60, -27] [43, 5, -7, 33] [38, -9, -21, 34] [13, -10, 24, -3]
Food (up, right, down, left):
[10, 8, -12, 21] [-18, 28, 2, -32] [4, -16, 1, 11] [-21, 1, 61, 4] [7, -14, 54, -4] [2, -34, -23, -32] [-60, 21, 9, -26]
[-79, 12, -44, 4] [1, -15, -27, 0] [-4, 5, 32, 32] [-29, 10, -58, 40] [14, 15, -2, -51] [37, 7, -57, 21] [14, -9, 29, 45]
[-34, 6, 39, -34] [17, 3, -5, 31] [-32, -36, -28, 32] [52, -39, 28, 11] [1, -19, -11, -26] [-4, 22, -49, -34] [67, 37, 34, 17]
[6, 26, -9, 44] [-24, -12, -17, 35] [-6, -3, -34, -14] [0, 0, 0, 0] [-14, 56, -51, -2] [13, -26, -48, -26] [-20, 54, -22, 3]
[5, 25, -16, 23] [17, 23, 5, 37] [20, -19, 32, 30] [-6, -51, 41, -19] [9, 23, 20, -9] [15, 48, 12, 4] [-12, -26, -13, -15]
[7, -35, -16, 8] [16, 14, 11, -36] [22, -4, 21, 35] [-50, -30, 60, -19] [-49, -36, 17, -66] [-33, 69, 35, 26] [2, 55, 33, 31]
[33, 6, -30, -12] [-10, -2, 26, -77] [41, 23, 3, -10] [5, 2, -8, -23] [75, 43, 8, -23] [-10, 43, 6, 2] [16, -33, 21, -23]
------------------------------
ALIVE
Head: (7 6)
Body: (7 6) (6 6) (6 5) (6 4) (6 3) (6 2) (6 1) (5 1) (4 1) (4 0) (3 0) (2 57) 
Length: 12, 4
Vision: 3
Hungry, suplies: 4/10
Reproductive: 16, mutating: 0.25
Generation: 60085
####################################
Wall (up, right, down, left):
[-11, -12, -7, -11] [4, 1, 9, -13] [-19, -8, -6, -24] [-2, 2, 19, 7] [-12, 10, 32, 1] [12, -8, -21, -12] [9, -25, 4, -1]
[-34, -1, 14, -13] [1, 27, -8, -2] [-40, 11, 17, -4] [-45, 13, 31, 16] [20, 31, 1, 7] [-36, -18, -6, -30] [-22, -4, 1, 9]
[-9, 20, 22, 29] [-12, 33, -29, -11] [-4, -3, 58, -7] [-102, 29, 57, 3] [-55, -56, -19, 29] [-16, -27, -14, -1] [-7, -20, -25, -3]
[-24, 54, -12, -32] [9, -7, 34, -35] [15, 39, 10, -125] [0, 0, 0, 0] [53, -112, 22, 14] [22, -17, 1, 9] [12, 18, 26, -6]
[7, -41, 15, 3] [8, -5, -9, -32] [-21, -18, -42, -46] [56, 2, -133, 32] [15, -7, -42, 71] [11, 23, -13, 7] [-17, -70, -18, 42]
[23, 32, 5, -3] [-33, 12, -8, 4] [28, -2, 22, -7] [-1, -5, -20, 3] [-4, -9, -36, -16] [-1, -20, -27, 8] [41, 13, 14, -1]
[-22, 5, 23, -17] [3, -16, -52, -20] [0, -1, 32, 14] [-23, 18, -60, -27] [43, 5, -7, 33] [38, -9, -21, 34] [14, -10, 24, -3]
Food (up, right, down, left):
[6, 8, -12, 21] [-18, 28, 2, -32] [4, -12, 1, 11] [-21, 1, 61, 4] [7, -14, 54, -4] [2, -34, -23, -32] [-60, 21, 9, -26]
[-79, 12, -44, 4] [1, -15, -27, 0] [-4, 5, 32, 32] [-29, 10, -58, 40] [14, 15, -2, -51] [37, 7, -57, 20] [14, -9, 29, 45]
[-34, 6, 39, -34] [17, 3, -5, 31] [-37, -36, -28, 32] [52, -39, 28, 11] [1, -19, -11, -26] [-4, 22, -49, -34] [67, 37, 34, 17]
[1, 26, -9, 44] [-24, -12, -17, 35] [-6, -3, -34, -19] [0, 0, 0, 0] [-14, 56, -51, -2] [13, -26, -48, -26] [-20, 54, -22, -1]
[5, 25, -13, 23] [17, 23, 5, 34] [20, -19, 32, 30] [-6, -51, 41, -19] [9, 23, 20, -9] [15, 48, 12, 4] [-12, -25, -13, -15]
[7, -35, -16, 8] [16, 14, 11, -36] [22, -4, 21, 35] [-50, -30, 60, -19] [-49, -36, 17, -66] [-33, 69, 35, 26] [2, 55, 33, 31]
[33, 6, -30, -12] [-10, -2, 26, -77] [41, 23, 3, -10] [5, 2, -8, -23] [75, 43, 8, -23] [-10, 43, 6, 2] [11, -33, 21, -23]
------------------------------
ALIVE
Head: (7 32)
Body: (7 32) (6 32) (6 31) (6 30) (6 29) (5 29) (4 29) (3 29) (3 28) (2 28) (1 28) (1 27) (0 27) (24 27) (23 27) 
Length: 15, 4
Vision: 3
Hungry, suplies: 7/10
Reproductive: 16, mutating: 0.25
Generation: 60089
####################################
Wall (up, right, down, left):
[-9, -8, -7, -11] [4, 1, 9, -13] [-19, -9, -6, -24] [-2, 2, 19, 7] [-12, 10, 32, 1] [12, -8, -21, -12] [9, -25, 4, -1]
[-34, -1, 14, -13] [1, 27, -8, -2] [-40, 11, 17, -4] [-45, 13, 31, 16] [20, 31, 1, 7] [-36, -18, -6, -30] [-22, -4, 1, 9]
[-9, 20, 22, 29] [-12, 33, -29, -11] [-4, -3, 58, -2] [-102, 29, 57, 3] [-55, -56, -19, 29] [-16, -27, -14, -1] [-7, -20, -25, -3]
[-24, 54, -12, -28] [9, -7, 34, -35] [15, 39, 10, -123] [0, 0, 0, 0] [53, -112, 22, 14] [22, -17, 1, 9] [12, 18, 26, -6]
[7, -41, 15, 5] [8, -5, -9, -32] [-21, -18, -42, -46] [56, 2, -133, 32] [15, -7, -42, 71] [11, 23, -13, 7] [-17, -70, -18, 42]
[23, 32, 5, -3] [-33, 11, -8, 4] [28, -2, 22, -7] [-1, -5, -20, 8] [-4, -9, -33, -16] [-1, -20, -27, 8] [41, 13, 14, -1]
[-22, 5, 23, -17] [3, -16, -52, -20] [0, -1, 32, 14] [-23, 18, -60, -27] [43, 5, -7, 33] [38, -9, -21, 34] [13, -10, 24, -3]
Food (up, right, down, left):
[9, 8, -12, 21] [-18, 28, 2, -32] [4, -16, 1, 11] [-21, 1, 61, 4] [7, -14, 54, -4] [2, -34, -23, -32] [-60, 21, 9, -26]
[-79, 12, -44, 4] [1, -15, -27, 0] [-4, 5, 32, 32] [-29, 10, -58, 40] [14, 15, -2, -51] [37, 7, -57, 20] [14, -9, 29, 45]
[-34, 6, 39, -34] [17, 3, -5, 31] [-32, -36, -28, 32] [52, -39, 28, 11] [1, -19, -11, -26] [-4, 22, -49, -34] [67, 37, 34, 17]
[6, 26, -9, 44] [-24, -12, -17, 35] [-6, -3, -34, -14] [0, 0, 0, 0] [-14, 56, -51, -2] [13, -26, -48, -26] [-20, 54, -22, 3]
[5, 25, -16, 23] [17, 23, 5, 37] [20, -19, 32, 30] [-6, -51, 41, -19] [9, 23, 20, -9] [15, 48, 12, 4] [-12, -26, -13, -15]
[7, -35, -16, 8] [11, 14, 11, -36] [22, -4, 21, 35] [-50, -33, 60, -19] [-49, -40, 17, -66] [-33, 69, 35, 26] [2, 55, 33, 31]
[33, 6, -30, -12] [-10, -2, 26, -77] [41, 23, 3, -10] [5, 2, -8, -23] [75, 43, 8, -23] [-10, 43, 6, 2] [16, -33, 21, -23]
------------------------------
ALIVE
Head: (1 47)
Body: (1 47) (2 47) (2 48) (3 48) (3 47) (4 47) (5 47) (5 46) (5 45) (5 44) (4 44) (3 44) 
Length: 12, 4
Vision: 3
Hungry, suplies: 5/10
Reproductive: 16, mutating: 0.25
Generation: 60091
####################################
Wall (up, right, down, left):
[-9, -8, -7, -11] [4, 1, 9, -13] [-19, -9, -6, -24] [-2, 2, 19, 7] [-12, 10, 32, 1] [12, -8, -21, -12] [9, -25, 4, -1]
[-34, -1, 14, -13] [1, 27, -8, -2] [-40, 11, 17, -4] [-45, 13, 31, 16] [20, 31, 1, 7] [-36, -18, -6, -30] [-22, -4, 1, 9]
[-9, 20, 22, 29] [-12, 33, -29, -11] [-4, -3, 58, -2] [-102, 29, 57, 3] [-55, -56, -19, 29] [-16, -27, -14, -1] [-7, -20, -25, -3]
[-24, 54, -12, -28] [9, -7, 34, -35] [15, 39, 10, -123] [0, 0, 0, 0] [53, -112, 22, 14] [22, -17, 1, 9] [12, 18, 26, -6]
[7, -41, 15, 5] [8, -5, -9, -32] [-21, -18, -42, -46] [56, 2, -133, 32] [15, -7, -42, 71] [11, 23, -13, 7] [-17, -70, -18, 42]
[23, 32, 5, -3] [-33, 12, -8, 4] [28, -2, 22, -7] [-1, -5, -20, 8] [-4, -9, -33, -16] [-1, -20, -27, 8] [41, 13, 14, -1]
[-22, 5, 23, -17] [3, -16, -52, -20] [0, -1, 32, 14] [-23, 18, -60, -27] [43, 5, -7, 33] [38, -9, -21, 34] [13, -10, 24, -3]
Food (up, right, down, left):
[9, 8, -12, 21] [-18, 28, 2, -32] [4, -16, 1, 11] [-21, 1, 61, 4] [7, -14, 54, -4] [2, -34, -23, -32] [-60, 21, 9, -26]
[-79, 12, -44, 4] [1, -15, -27, 0] [-4, 5, 32, 32] [-29, 10, -58, 40] [14, 15, -2, -51] [37, 7, -57, 20] [14, -9, 29, 45]
[-34, 6, 39, -34] [17, 3, -5, 31] [-32, -36, -28, 32] [52, -39, 28, 11] [1, -19, -11, -26] [-4, 22, -49, -34] [67, 37, 34, 17]
[6, 26, -9, 44] [-24, -12, -17, 35] [-6, -3, -34, -14] [0, 0, 0, 0] [-14, 56, -51, -2] [13, -26, -48, -26] [-20, 54, -22, 3]
[5, 25, -16, 23] [17, 23, 5, 37] [20, -19, 32, 30] [-6, -51, 41, -19] [9, 23, 20, -9] [15, 48, 12, 4] [-12, -26, -13, -15]
[7, -35, -16, 8] [16, 14, 11, -36] [22, -4, 21, 35] [-50, -33, 60, -19] [-49, -40, 17, -66] [-33, 69, 35, 26] [2, 55, 33, 31]
[33, 6, -30, -12] [-10, -2, 26, -77] [41, 23, 3, -10] [5, 2, -8, -23] [75, 43, 8, -23] [-10, 43, 6, 2] [16, -33, 21, -23]
------------------------------
ALIVE
Head: (10 55)
Body: (10 55) (11 55) (12 55) (12 56) (11 -1) (11 0) (10 0) (9 0) (8 0) (7 0) (6 0) (6 56) (5 56) 
Length: 13, 4
Vision: 3
Hungry, suplies: 10/10
Reproductive: 16, mutating: 0.25
Generation: 60092
####################################
Wall (up, right, down, left):
[-9, -12, -7, -11] [4, 1, 9, -13] [-19, -9, -6, -24] [-2, 2, 19, 7] [-12, 10, 32, 1] [12, -8, -21, -12] [9, -25, 4, -1]
[-34, -1, 14, -13] [1, 27, -8, -2] [-40, 11, 17, -4] [-45, 13, 31, 16] [20, 31, 1, 7] [-36, -18, -6, -30] [-22, -4, 1, 9]
[-9, 20, 22, 29] [-12, 33, -29, -11] [-4, -3, 58, -2] [-102, 29, 57, 3] [-55, -56, -19, 29] [-16, -27, -14, -1] [-7, -20, -25, -3]
[-24, 54, -12, -28] [9, -7, 34, -35] [15, 39, 10, -123] [0, 0, 0, 0] [53, -112, 22, 14] [22, -17, 1, 9] [12, 19, 26, -6]
[7, -41, 15, 5] [8, -5, -9, -32] [-21, -18, -42, -46] [56, 2, -133, 32] [15, -7, -42, 71] [11, 23, -13, 7] [-17, -70, -18, 42]
[23, 32, 5, -3] [-33, 12, -8, 4] [28, -2, 22, -7] [-1, -5, -20, 8] [-4, -9, -33, -16] [-1, -20, -27, 8] [41, 13, 14, -1]
[-22, 5, 23, -17] [3, -16, -52, -20] [0, -1, 32, 14] [-23, 18, -60, -27] [43, 5, -7, 33] [38, -9, -21, 34] [13, -10, 24, -3]
Food (up, right, down, left):
[10, 8, -12, 21] [-18, 28, 2, -32] [4, -16, 1, 11] [-21, 1, 61, 4] [7, -14, 54, -4] [2, -34, -23, -32] [-60, 21, 9, -26]
[-79, 12, -44, 4] [1, -15, -27, 0] [-4, 5, 32, 32] [-29, 10, -58, 40] [14, 15, -2, -51] [37, 7, -57, 20] [14, -9, 29, 45]
[-34, 6, 39, -34] [17, 3, -5, 31] [-32, -36, -28, 32] [52, -39, 28, 11] [1, -19, -11, -26] [-4, 22, -49, -34] [67, 37, 34, 17]
[6, 26, -9, 44] [-24, -12, -17, 35] [-6, -3, -34, -14] [0, 0, 0, 0] [-14, 56, -51, -2] [13, -26, -48, -26] [-20, 54, -26, 3]
[5, 25, -16, 23] [17, 23, 5, 37] [20, -19, 32, 30] [-6, -51, 41, -19] [9, 23, 20, -9] [15, 48, 12, 4] [-12, -26, -13, -15]
[7, -35, -16, 8] [16, 14, 11, -36] [22, -4, 21, 35] [-50, -33, 60, -19] [-49, -40, 17, -66] [-33, 69, 35, 26] [2, 55, 33, 31]
[33, 6, -30, -12] [-10, -2, 26, -77] [41, 23, 3, -10] [5, 2, -8, -23] [75, 43, 8, -23] [-10, 43, 6, 2] [16, -33, 21, -23]
------------------------------
ALIVE
Head: (17 54)
Body: (17 54) (16 54) (15 54) (14 54) (13 54) (12 54) (11 54) (10 54) (10 53) 
Length: 9, 4
Vision: 3
Hungry, suplies: 3/10
Reproductive: 16, mutating: 0.25
Generation: 60090
####################################
Wall (up, right, down, left):
[-9, -12, -7, -11] [4, 1, 9, -13] [-19, -9, -6, -24] [-2, 2, 19, 7] [-12, 10, 32, 1] [12, -8, -21, -12] [9, -25, 4, -1]
[-34, -1, 14, -13] [1, 27, -13, -2] [-40, 11, 17, -4] [-45, 13, 31, 16] [20, 31, 1, 7] [-36, -18, -6, -30] [-22, -4, 1, 9]
[-9, 20, 22, 29] [-12, 33, -29, -11] [-4, -3, 58, -2] [-102, 29, 57, 3] [-55, -56, -19, 29] [-16, -27, -14, -1] [-7, -20, -25, -3]
[-24, 54, -12, -28] [9, -7, 34, -35] [15, 39, 10, -123] [0, 0, 0, 0] [53, -112, 22, 14] [22, -17, 1, 9] [12, 18, 26, -6]
[7, -41, 15, 5] [8, -5, -9, -32] [-21, -18, -42, -46] [56, 2, -133, 32] [15, -7, -42, 71] [11, 23, -13, 7] [-17, -70, -18, 42]
[23, 32, 5, -3] [-33, 12, -8, 4] [28, -2, 22, -7] [-1, -5, -20, 3] [-4, -9, -36, -16] [-1, -20, -27, 8] [41, 13, 14, -1]
[-22, 5, 23, -17] [3, -16, -52, -20] [0, -1, 32, 14] [-23, 18, -60, -27] [43, 5, -7, 33] [38, -9, -21, 34] [13, -10, 24, -3]
Food (up, right, down, left):
[10, 8, -12, 21] [-18, 28, 2, -32] [4, -16, 1, 11] [-21, 1, 61, 4] [7, -14, 54, -4] [2, -34, -23, -32] [-60, 21, 9, -26]
[-79, 12, -44, 4] [1, -15, -27, -5] [-4, 5, 32, 32] [-29, 10, -58, 40] [14, 15, -2, -51] [37, 7, -57, 20] [14, -9, 29, 45]
[-34, 6, 39, -34] [17, 3, -5, 31] [-32, -36, -28, 32] [52, -39, 28, 11] [1, -19, -11, -26] [-4, 22, -49, -34] [67, 37, 34, 17]
[6, 26, -9, 44] [-24, -12, -17, 35] [-6, -3, -34, -14] [0, 0, 0, 0] [-14, 56, -51, -2] [13, -26, -48, -26] [-20, 54, -22, 3]
[5, 25, -16, 23] [17, 23, 5, 37] [20, -19, 32, 30] [-6, -51, 41, -19] [9, 23, 20, -9] [15, 48, 12, 4] [-12, -26, -13, -15]
[7, -35, -16, 8] [16, 14, 11, -36] [22, -4, 21, 35] [-50, -30, 60, -19] [-49, -36, 17, -66] [-33, 69, 35, 26] [2, 55, 33, 31]
[33, 6, -30, -12] [-10, -2, 26, -77] [41, 23, 3, -10] [5, 2, -8, -23] [75, 43, 8, -23] [-10, 43, 6, 2] [16, -33, 21, -23]
------------------------------
ALIVE
Head: (16 55)
Body: (16 55) (15 55) (15 56) (14 56) (13 -1) (13 0) (14 0) (15 0) 
Length: 8, 4
Vision: 3
Hungry, suplies: 8/10
Reproductive: 16, mutating: 0.25
Generation: 60089
####################################
Wall (up, right, down, left):
[-9, -12, -7, -11] [4, 1, 9, -13] [-19, -9, -6, -24] [-2, 2, 19, 7] [-12, 10, 32, 1] [12, -8, -21, -12] [9, -25, 4, -1]
[-34, -1, 14, -13] [1, 27, -8, -2] [-40, 11, 17, -4] [-45, 13, 31, 16] [20, 31, 1, 7] [-36, -18, -6, -30] [-22, -4, 1, 9]
[-9, 20, 22, 29] [-12, 33, -29, -11] [-4, -3, 58, -2] [-102, 29, 57, 3] [-55, -56, -19, 29] [-16, -27, -14, -1] [-7, -20, -25, -3]
[-24, 54, -12, -28] [9, -7, 34, -35] [15, 39, 10, -123] [0, 0, 0, 0] [53, -112, 22, 14] [22, -17, 1, 9] [12, 18, 26, -6]
[7, -41, 15, 5] [8, -5, -9, -32] [-21, -18, -42, -46] [56, 2, -133, 32] [15, -7, -42, 71] [11, 23, -13, 7] [-17, -70, -18, 42]
[23, 32, 5, -3] [-33, 12, -8, 4] [28, -2, 22, -7] [-1, -5, -20, 3] [-4, -9, -36, -16] [-1, -20, -27, 8] [41, 13, 14, -1]
[-22, 5, 23, -17] [3, -16, -52, -20] [0, -1, 32, 14] [-23, 18, -60, -27] [43, 5, -7, 33] [38, -9, -21, 34] [13, -10, 24, -3]
Food (up, right, down, left):
[10, 8, -12, 21] [-18, 28, 2, -32] [4, -16, 1, 11] [-21, 1, 61, 4] [7, -14, 54, -4] [2, -34, -23, -32] [-60, 21, 9, -26]
[-79, 12, -44, 4] [1, -15, -27, 0] [-4, 5, 32, 32] [-29, 10, -58, 40] [14, 15, -2, -51] [37, 7, -57, 20] [14, -9, 29, 45]
[-34, 6, 39, -34] [17, 3, -5, 31] [-32, -36, -28, 32] [52, -39, 28, 11] [1, -19, -11, -26] [-4, 22, -49, -34] [67, 37, 34, 17]
[6, 26, -9, 44] [-24, -12, -17, 35] [-6, -3, -34, -14] [0, 0, 0, 0] [-14, 56, -51, -2] [13, -26, -48, -26] [-20, 54, -22, 3]
[5, 25, -16, 23] [17, 23, 5, 37] [20, -19, 32, 30] [-6, -51, 41, -19] [9, 23, 20, -9] [15, 48, 12, 4] [-12, -26, -13, -15]
[7, -35, -16, 8] [16, 14, 11, -36] [22, -4, 21, 35] [-50, -30, 60, -19] [-49, -36, 17, -66] [-33, 69, 35, 26] [2, 55, 33, 31]
[33, 6, -30, -12] [-10, -2, 26, -77] [41, 23, 3, -10] [5, 2, -8, -23] [75, 43, 8, -23] [-10, 43, 6, 2] [16, -33, 21, -23]
------------------------------
ALIVE
Head: (4 53)
Body: (4 53) (4 52) (4 51) (3 51) (2 51) (1 51) (25 51) (24 51) 
Length: 8, 4
Vision: 3
Hungry, suplies: 9/10
Reproductive: 16, mutating: 0.25
Generation: 60086
####################################
Wall (up, right, down, left):
[-9, -12, -7, -11] [4, 1, 9, -13] [-19, -9, -6, -24] [-2, 2, 19, 7] [-12, 10, 32, 1] [12, -8, -21, -12] [9, -25, 4, -1]
[-34, -1, 14, -13] [1, 27, -8, -2] [-40, 11, 17, -4] [-45, 13, 31, 16] [20, 31, 5, 7] [-36, -18, -6, -30] [-22, -4, 1, 9]
[-9, 20, 22, 29] [-12, 33, -29, -11] [-4, -3, 58, -2] [-102, 29, 57, 3] [-55, -56, -19, 29] [-16, -27, -14, -1] [-7, -20, -25, -3]
[-24, 54, -12, -28] [9, -7, 34, -35] [15, 39, 10, -123] [0, 0, 0, 0] [53, -112, 22, 14] [22, -17, 1, 9] [12, 18, 26, -6]
[7, -41, 15, 5] [8, -5, -9, -32] [-21, -18, -42, -46] [56, 2, -133, 32] [15, -7, -42, 71] [11, 23, -13, 7] [-17, -70, -18, 42]
[23, 32, 5, -3] [-33, 12, -8, 4] [28, -2, 22, -7] [-1, -5, -20, 3] [-4, -9, -36, -16] [-1, -20, -27, 8] [41, 13, 14, -1]
[-22, 5, 23, -17] [3, -16, -52, -20] [0, -1, 32, 14] [-23, 18, -60, -27] [43, 5, -7, 33] [38, -9, -21, 34] [13, -10, 24, -5]
Food (up, right, down, left):
[10, 8, -12, 21] [-18, 28, 2, -32] [4, -16, 1, 11] [-21, 1, 61, 4] [7, -14, 54, -4] [2, -34, -23, -32] [-60, 21, 9, -26]
[-79, 12, -44, 4] [1, -15, -27, 0] [-4, 5, 32, 32] [-29, 10, -58, 40] [14, 15, -3, -51] [37, 7, -57, 20] [14, -9, 29, 45]
[-34, 6, 39, -34] [17, 3, -5, 31] [-32, -36, -28, 32] [52, -39, 28, 11] [1, -19, -11, -26] [-4, 22, -49, -34] [67, 37, 34, 17]
[6, 26, -9, 44] [-24, -12, -17, 35] [-6, -3, -34, -14] [0, 0, 0, 0] [-14, 56, -51, -2] [13, -26, -48, -26] [-20, 54, -22, 3]
[5, 25, -16, 23] [17, 23, 5, 37] [20, -19, 32, 30] [-6, -51, 41, -19] [9, 23, 20, -9] [15, 48, 12, 4] [-12, -26, -13, -15]
[7, -35, -16, 8] [16, 14, 11, -36] [22, -4, 21, 35] [-50, -30, 60, -19] [-49, -36, 17, -66] [-33, 69, 35, 26] [2, 55, 33, 31]
[33, 6, -30, -12] [-10, -2, 26, -77] [41, 23, 3, -10] [5, 2, -8, -23] [75, 43, 8, -23] [-10, 43, 6, 2] [16, -33, 21, -22]
------------------------------
ALIVE
Head: (21 24)
Body: (21 24) (22 24) (22 25) (22 26) (23 26) (-1 26) (0 26) (1 26) 
Length: 8, 4
Vision: 3
Hungry, suplies: 7/10
Reproductive: 16, mutating: 0.25
Generation: 60091
####################################
Wall (up, right, down, left):
[-11, -12, -7, -11] [4, 1, 9, -13] [-19, -8, -6, -24] [-2, 2, 19, 7] [-12, 10, 32, 1] [12, -8, -21, -12] [9, -25, 4, -1]
[-34, -1, 14, -13] [1, 27, -8, -2] [-40, 11, 17, -4] [-45, 13, 31, 16] [20, 31, 1, 7] [-36, -18, -6, -30] [-22, -4, 1, 9]
[-9, 20, 22, 29] [-12, 33, -29, -11] [-4, -3, 58, -7] [-102, 29, 57, 3] [-55, -56, -19, 29] [-16, -27, -14, -1] [-7, -20, -25, -3]
[-24, 54, -12, -32] [9, -7, 34, -35] [15, 39, 10, -125] [0, 0, 0, 0] [53, -112, 22, 14] [22, -17, 1, 9] [12, 18, 26, -6]
[7, -41, 15, 3] [8, -5, -9, -32] [-21, -18, -42, -46] [56, 2, -133, 32] [15, -7, -42, 71] [11, 23, -13, 7] [-17, -70, -18, 42]
[23, 32, 5, -3] [-33, 12, -8, 4] [28, -2, 22, -7] [-1, -5, -20, 3] [-4, -9, -36, -16] [-1, -20, -27, 8] [41, 13, 14, -1]
[-22, 5, 23, -17] [3, -16, -52, -20] [0, -1, 32, 14] [-23, 18, -60, -27] [43, 5, -7, 33] [38, -9, -21, 34] [14, -10, 24, -3]
Food (up, right, down, left):
[6, 8, -12, 21] [-18, 28, 2, -32] [4, -12, 1, 11] [-21, 1, 61, 4] [7, -14, 54, -4] [2, -34, -23, -32] [-60, 21, 9, -26]
[-79, 12, -44, 4] [1, -15, -27, 0] [-4, 5, 32, 32] [-29, 10, -58, 40] [14, 15, -2, -51] [37, 7, -57, 20] [14, -9, 29, 45]
[-34, 6, 39, -34] [17, 3, -5, 31] [-37, -36, -28, 32] [52, -39, 28, 11] [1, -19, -11, -26] [-4, 22, -49, -34] [67, 37, 34, 17]
[1, 26, -9, 44] [-24, -12, -17, 35] [-6, -3, -34, -19] [0, 0, 0, 0] [-14, 56, -51, -2] [13, -26, -48, -26] [-20, 54, -22, -1]
[5, 25, -13, 23] [17, 23, 5, 34] [20, -19, 32, 30] [-6, -51, 41, -19] [9, 23, 20, -9] [15, 48, 12, 4] [-12, -25, -13, -15]
[7, -35, -16, 8] [16, 14, 11, -36] [22, -4, 21, 35] [-50, -30, 60, -19] [-49, -36, 17, -66] [-33, 69, 35, 26] [2, 55, 33, 31]
[33, 6, -30, -12] [-10, -2, 26, -77] [41, 23, 3, -10] [5, 2, -8, -23] [75, 43, 8, -23] [-10, 43, 6, 2] [11, -33, 21, -23]
------------------------------
ALIVE
Head: (2 33)
Body: (2 33) (3 33) (3 34) (3 35) (4 35) (5 35) (5 36) (6 36) (7 36) (8 36) 
Length: 10, 4
Vision: 3
Hungry, suplies: 6/10
Reproductive: 16, mutating: 0.25
Generation: 60090
####################################
Wall (up, right, down, left):
[-9, -12, -7, -11] [4, 1, 9, -13] [-19, -9, -6, -24] [-2, 2, 19, 7] [-12, 10, 32, 1] [12, -8, -21, -12] [9, -25, 4, -1]
[-34, -1, 14, -13] [1, 27, -13, -2] [-40, 11, 17, -4] [-45, 13, 31, 16] [20, 31, 1, 7] [-36, -18, -6, -30] [-22, -4, 1, 9]
[-9, 20, 22, 29] [-12, 33, -29, -11] [-4, -3, 58, -2] [-102, 29, 57, 3] [-55, -56, -19, 29] [-16, -27, -14, -1] [-7, -20, -25, -3]
[-24, 54, -12, -28] [9, -7, 34, -35] [15, 39, 10, -123] [0, 0, 0, 0] [53, -112, 22, 14] [22, -17, 1, 9] [12, 18, 26, -6]
[7, -41, 15, 5] [8, -5, -9, -32] [-21, -18, -42, -46] [56, 2, -133, 32] [15, -7, -42, 71] [11, 23, -13, 7] [-17, -70, -18, 42]
[23, 32, 5, -3] [-33, 12, -8, 4] [28, -2, 22, -7] [-1, -5, -20, 3] [-4, -9, -36, -16] [-1, -20, -27, 8] [41, 13, 14, -1]
[-22, 5, 23, -17] [3, -16, -52, -20] [0, -1, 32, 14] [-23, 18, -60, -27] [43, 5, -7, 33] [38, -9, -21, 34] [13, -10, 24, -3]
Food (up, right, down, left):
[10, 8, -12, 21] [-18, 28, 2, -32] [4, -16, 1, 11] [-21, 1, 61, 4] [7, -14, 54, -4] [2, -34, -23, -32] [-60, 21, 9, -26]
[-79, 12, -44, 4] [1, -15, -27, -5] [-4, 5, 32, 32] [-29, 10, -58, 40] [14, 15, -2, -51] [37, 7, -57, 20] [14, -9, 29, 45]
[-34, 6, 39, -34] [17, 3, -5, 31] [-32, -36, -28, 32] [52, -39, 28, 11] [1, -19, -11, -26] [-4, 22, -49, -34] [67, 37, 34, 17]
[6, 26, -9, 44] [-24, -12, -17, 35] [-6, -3, -34, -14] [0, 0, 0, 0] [-14, 56, -51, -2] [13, -26, -48, -26] [-20, 54, -22, 3]
[5, 25, -16, 23] [17, 23, 5, 37] [20, -19, 32, 30] [-6, -51, 41, -19] [9, 23, 20, -9] [15, 48, 12, 4] [-12, -26, -13, -15]
[7, -35, -16, 8] [16, 14, 11, -36] [22, -4, 21, 35] [-50, -30, 60, -19] [-49, -36, 17, -66] [-33, 69, 35, 26] [2, 55, 33, 31]
[33, 6, -30, -12] [-10, -2, 26, -77] [41, 23, 3, -10] [5, 2, -8, -23] [75, 43, 8, -23] [-10, 43, 6, 2] [16, -33, 21, -23]
------------------------------
ALIVE
Head: (4 12)
Body: (4 12) (5 12) (6 12) (6 11) (6 10) (5 10) (4 10) (3 10) (3 9) (2 9) 
Length: 10, 4
Vision: 3
Hungry, suplies: 6/10
Reproductive: 16, mutating: 0.25
Generation: 60089
####################################
Wall (up, right, down, left):
[-9, -8, -7, -11] [4, 1, 9, -13] [-19, -9, -6, -24] [-2, 2, 19, 7] [-12, 10, 32, 1] [12, -8, -21, -12] [9, -25, 4, -1]
[-34, -1, 14, -13] [1, 27, -8, -2] [-40, 11, 17, -4] [-45, 13, 31, 16] [20, 31, 1, 7] [-36, -18, -6, -30] [-22, -4, 1, 9]
[-9, 20, 22, 27] [-12, 33, -29, -11] [-4, -3, 58, -2] [-102, 29, 57, 3] [-55, -56, -19, 29] [-16, -27, -14, -1] [-7, -20, -25, -3]
[-24, 54, -12, -28] [9, -7, 34, -35] [15, 39, 10, -123] [0, 0, 0, 0] [53, -112, 22, 14] [22, -17, 1, 9] [12, 18, 26, -6]
[7, -41, 15, 5] [8, -5, -9, -32] [-21, -18, -42, -46] [56, 2, -133, 32] [15, -7, -42, 71] [11, 23, -13, 7] [-17, -70, -18, 42]
[23, 29, 5, -3] [-33, 11, -8, 4] [28, -2, 22, -7] [-1, -5, -20, 8] [-4, -9, -33, -16] [-1, -20, -27, 8] [41, 13, 14, -1]
[-22, 5, 23, -17] [3, -16, -52, -20] [0, -1, 32, 14] [-23, 18, -60, -27] [43, 5, -7, 33] [38, -9, -21, 34] [13, -10, 24, -3]
Food (up, right, down, left):
[9, 8, -12, 21] [-18, 28, 2, -32] [4, -16, 1, 11] [-21, 1, 61, 4] [7, -14, 54, -4] [2, -34, -23, -32] [-60, 21, 9, -26]
[-79, 12, -44, 4] [1, -15, -27, 0] [-4, 5, 32, 32] [-29, 10, -58, 40] [14, 15, -2, -51] [37, 7, -57, 20] [14, -9, 29, 45]
[-36, 6, 39, -34] [17, 3, -5, 31] [-32, -36, -28, 32] [52, -39, 28, 11] [1, -19, -11, -26] [-4, 22, -49, -34] [67, 37, 34, 17]
[6, 26, -9, 44] [-24, -12, -17, 35] [-6, -3, -34, -14] [0, 0, 0, 0] [-14, 56, -51, -2] [13, -26, -48, -26] [-20, 54, -22, 3]
[5, 25, -16, 23] [17, 23, 5, 37] [20, -19, 32, 30] [-6, -51, 41, -19] [9, 23, 20, -9] [15, 48, 12, 4] [-12, -26, -13, -15]
[7, -34, -16, 8] [11, 14, 11, -36] [22, -4, 21, 35] [-50, -33, 60, -19] [-49, -40, 17, -66] [-33, 69, 35, 26] [2, 55, 33, 31]
[33, 6, -30, -12] [-10, -2, 26, -77] [41, 23, 3, -10] [5, 2, -8, -23] [75, 43, 8, -23] [-10, 43, 6, 2] [16, -33, 21, -23]
------------------------------
ALIVE
Head: (17 5)
Body: (17 5) (17 6) (17 7) (18 7) (19 7) (19 8) (20 8) (21 8) (21 9) (21 10) (22 10) (23 10) (-1 10) (0 10) (0 9) 
Length: 15, 4
Vision: 3
Hungry, suplies: 10/10
Reproductive: 16, mutating: 0.25
Generation: 60094
####################################
Wall (up, right, down, left):
[-11, -12, -7, -11] [4, 1, 9, -13] [-19, -9, -6, -24] [-2, 2, 19, 7] [-12, 10, 32, 1] [12, -11, -21, -12] [9, -25, 4, -1]
[-34, -1, 14, -13] [1, 27, -8, -2] [-40, 11, 17, -4] [-45, 13, 31, 16] [20, 31, 1, 7] [-36, -18, -6, -30] [-22, -4, 1, 9]
[-9, 20, 22, 29] [-12, 33, -29, -11] [-4, -3, 58, -2] [-102, 29, 57, 3] [-55, -56, -19, 29] [-16, -27, -14, -1] [-7, -20, -25, -3]
[-24, 59, -7, -28] [9, -7, 34, -35] [15, 39, 10, -123] [0, 0, 0, 0] [53, -112, 22, 14] [22, -17, 1, 9] [12, 18, 26, -6]
[7, -41, 15, 3] [8, -5, -9, -32] [-21, -18, -42, -44] [52, 2, -131, 32] [15, -10, -42, 71] [11, 23, -13, 7] [-17, -70, -18, 42]
[23, 32, 5, -3] [-33, 12, -8, 4] [28, -2, 22, -7] [-1, -5, -20, 3] [-4, -9, -36, -16] [-1, -20, -27, 8] [41, 13, 14, -1]
[-22, 5, 23, -17] [3, -16, -52, -20] [0, -1, 32, 14] [-23, 17, -60, -27] [43, 5, -7, 33] [38, -9, -21, 34] [13, -10, 24, -3]
Food (up, right, down, left):
[6, 8, -12, 21] [-18, 28, 2, -32] [4, -16, 1, 11] [-21, 1, 61, 4] [7, -14, 54, -4] [2, -34, -26, -32] [-60, 21, 9, -26]
[-79, 12, -44, 4] [1, -15, -27, 0] [-4, 5, 32, 32] [-29, 10, -58, 40] [14, 15, -2, -51] [37, 7, -57, 20] [14, -9, 29, 45]
[-34, 6, 39, -34] [17, 3, -5, 31] [-32, -36, -28, 32] [52, -39, 28, 11] [1, -19, -11, -26] [-4, 22, -49, -34] [67, 37, 34, 17]
[9, 26, -5, 44] [-24, -12, -17, 35] [-6, -3, -34, -14] [0, 0, 0, 0] [-14, 56, -51, -2] [13, -26, -48, -26] [-20, 54, -22, -1]
[5, 25, -13, 23] [17, 23, 5, 37] [20, -19, 34, 30] [-6, -51, 41, -14] [4, 23, 20, -9] [15, 48, 12, 4] [-12, -25, -13, -15]
[7, -35, -16, 8] [16, 14, 11, -36] [22, -4, 21, 35] [-50, -30, 60, -19] [-49, -36, 17, -66] [-33, 69, 35, 26] [2, 55, 33, 31]
[33, 6, -30, -12] [-10, -2, 26, -77] [41, 23, 3, -10] [5, 3, -8, -23] [75, 43, 8, -23] [-10, 43, 6, 2] [11, -33, 18, -23]
------------------------------
ALIVE
Head: (13 50)
Body: (13 50) (13 49) (13 48) (13 47) (13 46) (12 46) (11 46) (11 45) (10 45) (9 45) (8 45) (8 44) (7 44) 
Length: 13, 4
Vision: 3
Hungry, suplies: 10/10
Reproductive: 16, mutating: 0.25
Generation: 60079
####################################
Wall (up, right, down, left):
[-9, -8, -7, -11] [4, 1, 9, -13] [-19, -9, -6, -24] [-2, 2, 19, 7] [-12, 10, 32, 1] [12, -8, -21, -12] [9, -25, 4, -1]
[-34, -1, 14, -13] [1, 27, -8, -2] [-40, 11, 17, -4] [-45, 13, 31, 16] [20, 31, 1, 7] [-36, -18, -6, -30] [-22, -4, 1, 9]
[-9, 20, 22, 29] [-12, 33, -29, -11] [-4, -3, 58, -2] [-102, 29, 57, 3] [-55, -56, -19, 29] [-16, -27, -14, -1] [-7, -20, -25, -3]
[-24, 54, -12, -28] [9, -7, 34, -35] [15, 39, 10, -123] [0, 0, 0, 0] [53, -112, 22, 14] [22, -17, 1, 9] [12, 18, 26, -6]
[7, -41, 15, 5] [8, -5, -9, -32] [-21, -18, -42, -46] [56, 2, -133, 32] [15, -7, -42, 71] [11, 23, -13, 7] [-17, -70, -18, 42]
[23, 32, 5, -3] [-33, 12, -8, 4] [28, -2, 22, -7] [-1, -5, -20, 8] [-4, -9, -33, -16] [-1, -20, -27, 8] [41, 13, 14, -1]
[-22, 5, 23, -17] [3, -16, -52, -20] [0, -1, 32, 14] [-23, 18, -60, -27] [43, 5, -7, 33] [38, -9, -21, 34] [13, -10, 24, -3]
Food (up, right, down, left):
[9, 8, -12, 21] [-18, 28, 2, -32] [4, -16, 1, 11] [-21, 1, 61, 4] [7, -14, 54, -4] [2, -34, -23, -32] [-60, 21, 9, -26]
[-79, 12, -44, 4] [1, -15, -27, 0] [-4, 5, 32, 32] [-29, 10, -58, 40] [14, 15, -2, -51] [37, 7, -57, 20] [14, -9, 29, 45]
[-34, 6, 39, -34] [17, 3, -5, 31] [-32, -36, -28, 32] [52, -39, 28, 11] [1, -19, -11, -26] [-4, 22, -49, -34] [67, 37, 34, 17]
[6, 26, -9, 44] [-24, -12, -17, 35] [-6, -3, -34, -14] [0, 0, 0, 0] [-14, 56, -51, -2] [13, -26, -48, -26] [-20, 54, -22, 3]
[5, 25, -16, 23] [17, 23, 5, 37] [20, -19, 32, 30] [-6, -51, 41, -19] [9, 23, 20, -9] [15, 48, 12, 4] [-12, -26, -13, -15]
[7, -35, -16, 8] [16, 14, 11, -36] [22, -4, 21, 35] [-50, -33, 60, -19] [-49, -40, 17, -66] [-33, 69, 35, 26] [2, 55, 33, 31]
[33, 6, -30, -12] [-10, -2, 26, -77] [41, 23, 3, -10] [5, 2, -8, -23] [75, 43, 8, -23] [-10, 43, 6, 2] [16, -33, 21, -23]
------------------------------
ALIVE
Head: (21 35)
Body: (21 35) (21 34) (21 33) (20 33) (20 32) (19 32) (18 32) (17 32) 
Length: 8, 4
Vision: 3
Hungry, suplies: 10/10
Reproductive: 16, mutating: 0.25
Generation: 60093
####################################
Wall (up, right, down, left):
[-9, -12, -7, -11] [4, 1, 9, -13] [-19, -9, -6, -24] [-2, 2, 19, 7] [-12, 10, 32, 1] [12, -8, -21, -12] [9, -25, 4, -1]
[-34, -1, 14, -13] [1, 27, -8, -2] [-40, 11, 17, -4] [-45, 13, 31, 16] [20, 31, 1, 7] [-36, -18, -6, -30] [-22, -4, 1, 9]
[-9, 20, 22, 29] [-12, 33, -29, -11] [-4, -3, 58, -2] [-102, 29, 57, -2] [-55, -56, -19, 29] [-16, -27, -14, -1] [-7, -20, -25, -3]
[-24, 54, -12, -28] [9, -7, 34, -35] [15, 39, 10, -123] [0, 0, 0, 0] [53, -112, 22, 14] [22, -17, 1, 9] [12, 19, 26, -6]
[7, -41, 15, 5] [8, -10, -9, -32] [-21, -18, -42, -46] [56, 2, -133, 32] [15, -7, -42, 71] [11, 23, -13, 7] [-17, -70, -18, 42]
[23, 32, 5, -3] [-33, 12, -8, 4] [28, -2, 22, -7] [-1, -5, -20, 8] [-4, -9, -33, -16] [-1, -20, -27, 8] [41, 13, 14, -1]
[-22, 5, 23, -17] [3, -16, -52, -20] [0, -1, 32, 14] [-23, 18, -60, -27] [43, 5, -7, 33] [38, -9, -21, 34] [13, -10, 24, -3]
Food (up, right, down, left):
[10, 8, -12, 21] [-18, 28, 2, -32] [4, -16, 1, 11] [-21, 1, 61, 4] [7, -14, 54, -4] [2, -34, -23, -32] [-60, 21, 9, -26]
[-79, 12, -44, 4] [1, -15, -27, 0] [-4, 5, 32, 32] [-29, 10, -58, 40] [14, 15, -2, -51] [37, 7, -57, 20] [14, -9, 29, 45]
[-34, 6, 39, -34] [17, 3, -5, 31] [-32, -36, -28, 32] [52, -39, 28, 13] [1, -19, -11, -26] [-4, 22, -49, -34] [67, 37, 34, 17]
[6, 26, -9, 44] [-24, -12, -17, 35] [-6, -3, -34, -14] [0, 0, 0, 0] [-14, 56, -51, -2] [13, -26, -48, -26] [-20, 54, -26, 3]
[5, 25, -16, 23] [17, 23, 5, 39] [20, -19, 32, 30] [-6, -51, 41, -19] [9, 23, 20, -9] [15, 48, 12, 4] [-12, -26, -13, -15]
[7, -35, -16, 8] [16, 14, 11, -36] [22, -4, 21, 35] [-50, -33, 60, -19] [-49, -40, 17, -66] [-33, 69, 35, 26] [2, 55, 33, 31]
[33, 6, -30, -12] [-10, -2, 26, -77] [41, 23, 3, -10] [5, 2, -8, -23] [75, 43, 8, -23] [-10, 43, 6, 2] [16, -33, 21, -23]
------------------------------
ALIVE
Head: (7 20)
Body: (7 20) (8 20) (8 21) (7 21) (7 22) (7 23) (7 24) (7 25) (7 26) (8 26) (8 27) 
Length: 11, 4
Vision: 3
Hungry, suplies: 2/10
Reproductive: 16, mutating: 0.25
Generation: 60092
####################################
Wall (up, right, down, left):
[-9, -12, -7, -11] [4, 1, 9, -13] [-19, -9, -6, -24] [-2, 2, 19, 7] [-12, 10, 32, 1] [12, -8, -21, -12] [9, -25, 4, -1]
[-34, -1, 14, -13] [1, 27, -8, -2] [-40, 11, 17, -4] [-45, 13, 31, 16] [20, 31, 1, 7] [-36, -18, -6, -30] [-22, -4, 1, 9]
[-9, 20, 22, 29] [-12, 33, -29, -11] [-4, -3, 58, -2] [-102, 29, 57, 3] [-55, -56, -19, 29] [-16, -27, -14, -1] [-7, -20, -25, -3]
[-24, 54, -12, -28] [9, -7, 34, -35] [15, 39, 10, -123] [0, 0, 0, 0] [53, -112, 22, 14] [22, -17, 1, 9] [12, 18, 26, -6]
[7, -41, 15, 5] [8, -5, -9, -32] [-21, -18, -42, -46] [56, 2, -133, 32] [15, -7, -42, 71] [11, 23, -13, 7] [-17, -70, -18, 42]
[23, 32, 5, -3] [-33, 12, -8, 4] [28, -2, 22, -7] [-1, -5, -20, 3] [-4, -9, -36, -16] [-1, -20, -27, 8] [41, 13, 14, -1]
[-22, 5, 23, -17] [3, -16, -52, -20] [0, -1, 32, 14] [-23, 18, -60, -27] [43, 5, -7, 33] [38, -9, -21, 34] [13, -10, 24, -3]
Food (up, right, down, left):
[10, 8, -12, 21] [-18, 28, 2, -32] [4, -16, 1, 11] [-21, 1, 61, 4] [7, -14, 54, -4] [2, -34, -23, -32] [-60, 21, 9, -26]
[-79, 12, -44, 4] [1, -15, -27, 0] [-4, 5, 32, 32] [-29, 10, -58, 40] [14, 15, -2, -51] [37, 7, -57, 20] [14, -9, 29, 45]
[-34, 6, 39, -34] [17, 3, -5, 31] [-32, -36, -28, 32] [52, -39, 28, 11] [1, -19, -11, -26] [-4, 22, -49, -34] [67, 37, 34, 17]
[6, 26, -9, 44] [-24, -12, -17, 35] [-6, -3, -34, -14] [0, 0, 0, 0] [-14, 56, -51, -2] [13, -26, -48, -26] [-20, 54, -22, 3]
[5, 25, -16, 23] [17, 23, 5, 37] [20, -19, 32, 30] [-6, -51, 41, -19] [9, 23, 20, -9] [15, 48, 12, 4] [-12, -26, -13, -15]
[7, -35, -16, 8] [16, 14, 11, -36] [22, -4, 21, 35] [-50, -30, 60, -19] [-49, -36, 17, -66] [-33, 69, 35, 26] [2, 55, 33, 31]
[33, 6, -30, -12] [-10, -2, 26, -77] [41, 23, 3, -10] [5, 2, -8, -23] [75, 43, 8, -23] [-10, 43, 6, 2] [16, -33, 21, -23]
------------------------------
ALIVE
Head: (6 48)
Body: (6 48) (6 49) (5 49) (4 49) (3 49) (2 49) (1 49) (25 49) (24 49) (23 49) (22 49) (22 48) (21 48) (20 48) 
Length: 14, 4
Vision: 3
Hungry, suplies: 8/10
Reproductive: 16, mutating: 0.25
Generation: 60089
####################################
Wall (up, right, down, left):
[-9, -12, -7, -11] [4, 1, 9, -13] [-19, -9, -6, -24] [-2, 2, 19, 7] [-12, 10, 32, 1] [12, -8, -21, -12] [9, -25, 4, -1]
[-34, -1, 14, -13] [1, 27, -13, -2] [-40, 11, 17, -4] [-45, 13, 31, 16] [20, 31, 1, 7] [-36, -18, -6, -30] [-22, -4, 1, 9]
[-9, 20, 22, 29] [-12, 33, -29, -11] [-4, -3, 58, -2] [-102, 29, 57, 3] [-55, -56, -19, 29] [-16, -27, -14, -1] [-7, -20, -25, -3]
[-24, 54, -12, -28] [9, -7, 34, -35] [15, 39, 10, -123] [0, 0, 0, 0] [53, -112, 22, 14] [22, -17, 1, 9] [12, 18, 26, -6]
[7, -41, 15, 5] [8, -5, -9, -32] [-21, -18, -42, -46] [56, 2, -133, 32] [15, -7, -42, 71] [11, 23, -13, 7] [-17, -70, -18, 42]
[23, 32, 5, -3] [-33, 12, -8, 4] [28, -2, 22, -7] [-1, -5, -20, 3] [-4, -9, -36, -16] [-1, -20, -27, 8] [41, 13, 14, -1]
[-22, 5, 23, -17] [3, -16, -52, -20] [0, -1, 32, 14] [-23, 18, -60, -27] [43, 5, -7, 33] [38, -9, -21, 34] [13, -10, 24, -3]
Food (up, right, down, left):
[10, 8, -12, 21] [-18, 28, 2, -32] [4, -16, 1, 11] [-21, 1, 61, 4] [7, -14, 54, -4] [2, -34, -23, -32] [-60, 21, 9, -26]
[-79, 12, -44, 4] [1, -15, -27, -5] [-4, 5, 32, 32] [-29, 10, -58, 40] [14, 15, -2, -51] [37, 7, -57, 20] [14, -9, 29, 45]
[-34, 6, 39, -34] [17, 3, -5, 31] [-32, -36, -28, 32] [52, -39, 28, 11] [1, -19, -11, -26] [-4, 22, -49, -34] [67, 37, 34, 17]
[6, 26, -9, 44] [-24, -12, -17, 35] [-6, -3, -34, -14] [0, 0, 0, 0] [-14, 56, -51, -2] [13, -26, -48, -26] [-20, 54, -22, 3]
[5, 25, -16, 23] [17, 23, 5, 37] [20, -19, 32, 30] [-6, -51, 41, -19] [9, 23, 20, -9] [15, 48, 12, 4] [-12, -26, -13, -15]
[7, -35, -16, 8] [16, 14, 11, -36] [22, -4, 21, 35] [-50, -30, 60, -19] [-49, -36, 17, -66] [-33, 69, 35, 26] [2, 55, 33, 31]
[33, 6, -30, -12] [-10, -2, 26, -77] [41, 23, 3, -10] [5, 2, -8, -23] [75, 43, 8, -23] [-10, 43, 6, 2] [16, -33, 21, -23]
------------------------------
ALIVE
Head: (24 44)
Body: (24 44) (23 44) (22 44) (21 44) (20 44) (19 44) (18 44) (18 43) (17 43) (17 42) (17 41) (16 41) (16 40) 
Length: 13, 4
Vision: 3
Hungry, suplies: 10/10
Reproductive: 16, mutating: 0.25
Generation: 60089
####################################
Wall (up, right, down, left):
[-9, -12, -7, -11] [4, 1, 9, -13] [-19, -9, -6, -24] [-2, 2, 19, 7] [-12, 10, 32, 1] [12, -8, -21, -12] [9, -25, 4, -1]
[-34, -1, 14, -13] [1, 27, -13, -2] [-40, 11, 17, -4] [-45, 13, 31, 16] [20, 31, 1, 7] [-36, -18, -6, -30] [-22, -4, 1, 9]
[-9, 20, 22, 29] [-12, 33, -29, -11] [-4, -3, 58, -2] [-102, 29, 57, 3] [-55, -56, -19, 29] [-16, -27, -14, -1] [-7, -20, -25, -3]
[-24, 54, -12, -28] [9, -7, 34, -35] [15, 39, 10, -123] [0, 0, 0, 0] [53, -112, 22, 14] [22, -17, 1, 9] [12, 18, 26, -6]
[7, -41, 15, 5] [8, -5, -9, -32] [-21, -18, -42, -46] [56, 2, -133, 32] [15, -7, -42, 71] [11, 23, -13, 7] [-17, -70, -18, 42]
[23, 32, 5, -3] [-33, 12, -8, 4] [28, -2, 22, -7] [-1, -5, -20, 3] [-4, -9, -36, -16] [-1, -20, -27, 8] [41, 13, 14, -1]
[-22, 5, 23, -17] [3, -16, -52, -20] [0, -1, 32, 14] [-23, 18, -60, -27] [43, 5, -7, 33] [38, -9, -21, 34] [13, -10, 24, -3]
Food (up, right, down, left):
[10, 8, -12, 21] [-18, 28, 2, -32] [4, -16, 1, 11] [-21, 1, 61, 4] [7, -14, 54, -4] [2, -34, -23, -32] [-60, 21, 9, -26]
[-79, 12, -44, 4] [1, -15, -27, -5] [-4, 5, 32, 32] [-29, 10, -58, 40] [14, 15, -2, -51] [37, 7, -57, 20] [14, -9, 29, 45]
[-34, 6, 39, -34] [17, 3, -5, 31] [-32, -36, -28, 32] [52, -39, 28, 11] [1, -19, -11, -26] [-4, 22, -49, -34] [67, 37, 34, 17]
[6, 26, -9, 44] [-24, -12, -17, 35] [-6, -3, -34, -14] [0, 0, 0, 0] [-14, 56, -51, -2] [13, -26, -48, -26] [-20, 54, -22, 3]
[5, 25, -16, 23] [17, 23, 5, 37] [20, -19, 32, 30] [-6, -51, 41, -19] [9, 23, 20, -9] [15, 48, 12, 4] [-12, -26, -13, -15]
[7, -35, -16, 8] [16, 14, 11, -36] [22, -4, 21, 35] [-50, -30, 60, -19] [-49, -36, 17, -66] [-33, 69, 35, 26] [2, 55, 33, 31]
[33, 6, -30, -12] [-10, -2, 26, -77] [41, 23, 3, -10] [5, 2, -8, -23] [75, 43, 8, -23] [-10, 43, 6, 2] [16, -33, 21, -23]
------------------------------
ALIVE
Head: (12 50)
Body: (12 50) (12 49) (12 48) (11 48) (10 48) (9 48) (8 48) 
Length: 7, 4
Vision: 3
Hungry, suplies: 8/10
Reproductive: 16, mutating: 0.25
Generation: 60090
####################################
Wall (up, right, down, left):
[-9, -12, -7, -11] [4, 1, 9, -13] [-19, -9, -6, -24] [-2, 2, 19, 7] [-12, 10, 32, 1] [12, -8, -21, -12] [9, -25, 4, -1]
[-34, -1, 14, -13] [1, 27, -13, -2] [-40, 11, 17, -4] [-45, 13, 31, 16] [20, 31, 1, 7] [-36, -18, -6, -30] [-22, -4, 1, 9]
[-9, 20, 22, 29] [-12, 33, -29, -11] [-4, -3, 58, -2] [-102, 29, 57, 3] [-55, -56, -19, 29] [-16, -27, -14, -1] [-7, -20, -25, -3]
[-24, 54, -12, -28] [9, -7, 34, -35] [15, 39, 10, -123] [0, 0, 0, 0] [53, -112, 22, 14] [22, -17, 1, 9] [12, 18, 26, -6]
[7, -41, 15, 5] [8, -5, -9, -32] [-21, -18, -42, -46] [56, 2, -133, 32] [15, -7, -42, 71] [11, 23, -13, 7] [-17, -70, -18, 42]
[23, 32, 5, -3] [-33, 12, -8, 4] [28, -2, 22, -7] [-1, -5, -20, 3] [-4, -9, -36, -16] [-1, -20, -27, 8] [41, 13, 14, -1]
[-22, 5, 23, -17] [3, -16, -52, -20] [0, -1, 32, 14] [-23, 18, -60, -27] [43, 5, -7, 33] [38, -9, -21, 34] [13, -10, 24, -3]
Food (up, right, down, left):
[10, 8, -12, 21] [-18, 28, 2, -32] [4, -16, 1, 11] [-21, 1, 61, 4] [7, -14, 54, -4] [2, -34, -23, -32] [-60, 21, 9, -26]
[-79, 12, -44, 4] [1, -15, -27, -5] [-4, 5, 32, 32] [-29, 10, -58, 40] [14, 15, -2, -51] [37, 7, -57, 20] [14, -9, 29, 45]
[-34, 6, 39, -34] [17, 3, -5, 31] [-32, -36, -28, 32] [52, -39, 28, 11] [1, -19, -11, -26] [-4, 22, -49, -34] [67, 37, 34, 17]
[6, 26, -9, 44] [-24, -12, -17, 35] [-6, -3, -34, -14] [0, 0, 0, 0] [-14, 56, -51, -2] [13, -26, -48, -26] [-20, 54, -22, 3]
[5, 25, -16, 23] [17, 23, 5, 37] [20, -19, 32, 30] [-6, -51, 41, -19] [9, 23, 20, -9] [15, 48, 12, 4] [-12, -26, -13, -15]
[7, -35, -16, 8] [16, 14, 11, -36] [22, -4, 21, 35] [-50, -30, 60, -19] [-49, -36, 17, -66] [-33, 69, 35, 26] [2, 55, 33, 31]
[33, 6, -30, -12] [-10, -2, 26, -77] [41, 23, 3, -10] [5, 2, -8, -23] [75, 43, 8, -23] [-10, 43, 6, 2] [16, -33, 21, -23]
------------------------------
ALIVE
Head: (22 15)
Body: (22 15) (21 15) (20 15) (19 15) (18 15) (18 16) (17 16) (16 16) (15 16) (14 16) (13 16) (12 16) 
Length: 12, 4
Vision: 3
Hungry, suplies: 9/10
Reproductive: 16, mutating: 0.25
Generation: 60089
####################################
Wall (up, right, down, left):
[-11, -12, -7, -11] [4, 1, 9, -13] [-19, -9, -6, -24] [-2, 2, 19, 7] [-12, 10, 32, 1] [12, -11, -21, -12] [9, -25, 4, -1]
[-34, -1, 14, -13] [1, 27, -8, -2] [-40, 11, 17, -4] [-45, 13, 31, 16] [20, 31, 1, 7] [-36, -18, -6, -30] [-22, -4, 1, 9]
[-9, 20, 22, 29] [-12, 33, -29, -11] [-4, -3, 58, -2] [-102, 29, 57, 3] [-55, -56, -19, 29] [-16, -27, -14, -1] [-7, -20, -25, -3]
[-24, 54, -7, -28] [9, -7, 34, -35] [15, 39, 10, -123] [0, 0, 0, 0] [53, -112, 22, 14] [22, -17, 1, 9] [12, 18, 26, -6]
[7, -41, 15, 3] [8, -5, -9, -32] [-21, -18, -42, -44] [52, 2, -131, 32] [15, -10, -42, 71] [11, 23, -13, 7] [-17, -70, -18, 42]
[23, 32, 5, -3] [-33, 12, -8, 4] [28, -2, 22, -7] [-1, -5, -20, 3] [-4, -9, -36, -16] [-1, -20, -27, 8] [41, 13, 14, -1]
[-22, 5, 23, -17] [3, -16, -52, -20] [0, -1, 32, 14] [-23, 17, -60, -27] [43, 5, -7, 33] [38, -9, -21, 34] [13, -10, 24, -3]
Food (up, right, down, left):
[6, 8, -12, 21] [-18, 28, 2, -32] [4, -16, 1, 11] [-21, 1, 61, 4] [7, -14, 54, -4] [2, -34, -26, -32] [-60, 21, 9, -26]
[-79, 12, -44, 4] [1, -15, -27, 0] [-4, 5, 32, 32] [-29, 10, -58, 40] [14, 15, -2, -51] [37, 7, -57, 20] [14, -9, 29, 45]
[-34, 6, 39, -34] [17, 3, -5, 31] [-32, -36, -28, 32] [52, -39, 28, 11] [1, -19, -11, -26] [-4, 22, -49, -34] [67, 37, 34, 17]
[6, 26, -5, 44] [-24, -12, -17, 35] [-6, -3, -34, -14] [0, 0, 0, 0] [-14, 56, -51, -2] [13, -26, -48, -26] [-20, 54, -22, -1]
[5, 25, -13, 23] [17, 23, 5, 37] [20, -19, 34, 30] [-6, -51, 41, -14] [4, 23, 20, -9] [15, 48, 12, 4] [-12, -25, -13, -15]
[7, -35, -16, 8] [16, 14, 11, -36] [22, -4, 21, 35] [-50, -30, 60, -19] [-49, -36, 17, -66] [-33, 69, 35, 26] [2, 55, 33, 31]
[33, 6, -30, -12] [-10, -2, 26, -77] [41, 23, 3, -10] [5, 3, -8, -23] [75, 43, 8, -23] [-10, 43, 6, 2] [11, -33, 18, -23]
------------------------------
ALIVE
Head: (5 7)
Body: (5 7) (4 7) (4 6) (4 5) (4 4) (4 3) (4 2) 
Length: 7, 4
Vision: 3
Hungry, suplies: 8/10
Reproductive: 16, mutating: 0.25
Generation: 60078
####################################
Wall (up, right, down, left):
[-9, -12, -7, -11] [4, 1, 9, -13] [-19, -9, -6, -24] [-2, 2, 19, 7] [-12, 10, 32, 1] [12, -8, -21, -12] [9, -25, 4, -1]
[-34, -1, 14, -13] [1, 27, -8, -2] [-40, 11, 17, -4] [-45, 13, 31, 16] [20, 31, 1, 7] [-39, -18, -6, -30] [-22, -4, 1, 9]
[-9, 20, 22, 29] [-12, 33, -29, -11] [-4, -3, 58, -2] [-102, 29, 57, 3] [-55, -56, -19, 29] [-16, -27, -14, -1] [-7, -20, -25, -3]
[-24, 54, -12, -28] [9, -7, 34, -35] [15, 39, 10, -123] [0, 0, 0, 0] [53, -112, 22, 14] [22, -17, 1, 9] [12, 18, 26, -6]
[7, -41, 15, 5] [8, -5, -9, -32] [-21, -18, -42, -46] [56, 2, -133, 32] [15, -7, -42, 71] [11, 23, -13, 7] [-17, -70, -18, 42]
[23, 32, 5, -3] [-33, 12, -8, 4] [28, -2, 22, -7] [-1, -5, -20, 3] [-4, -9, -36, -16] [-1, -20, -27, 8] [41, 13, 14, -1]
[-27, 5, 23, -17] [3, -16, -52, -20] [0, -1, 32, 14] [-23, 18, -60, -27] [43, 5, -7, 33] [38, -9, -21, 34] [13, -10, 24, -3]
Food (up, right, down, left):
[10, 8, -12, 21] [-18, 28, 2, -32] [4, -16, 1, 11] [-21, 1, 61, 4] [7, -14, 54, -4] [2, -34, -23, -32] [-60, 21, 9, -26]
[-79, 12, -44, 4] [1, -15, -27, 0] [-4, 5, 32, 32] [-29, 10, -58, 40] [14, 15, -2, -51] [37, 7, -57, 21] [14, -9, 29, 45]
[-34, 6, 39, -34] [17, 3, -5, 31] [-32, -36, -28, 32] [52, -39, 28, 11] [1, -19, -11, -26] [-4, 22, -49, -34] [67, 37, 34, 17]
[6, 26, -9, 44] [-24, -12, -17, 35] [-6, -3, -34, -14] [0, 0, 0, 0] [-14, 56, -51, -2] [13, -26, -48, -26] [-20, 54, -22, 3]
[5, 25, -16, 23] [17, 23, 5, 37] [20, -19, 32, 30] [-6, -51, 41, -19] [9, 23, 20, -9] [15, 48, 12, 4] [-12, -26, -13, -15]
[7, -35, -16, 8] [16, 14, 11, -36] [22, -4, 21, 35] [-50, -30, 60, -19] [-49, -36, 17, -66] [-33, 69, 35, 26] [2, 55, 33, 31]
[33, 6, -30, -16] [-10, -2, 26, -77] [41, 23, 3, -10] [5, 2, -8, -23] [75, 43, 8, -23] [-10, 43, 6, 2] [16, -33, 21, -23]
------------------------------
ALIVE
Head: (8 15)
Body: (8 15) (7 15) (7 14) (7 13) (6 13) (5 13) (5 14) 
Length: 7, 4
Vision: 3
Hungry, suplies: 10/10
Reproductive: 16, mutating: 0.25
Generation: 60087
####################################
Wall (up, right, down, left):
[-9, -12, -7, -11] [4, 1, 9, -13] [-19, -9, -6, -24] [-2, 2, 19, 7] [-12, 10, 32, 1] [12, -8, -21, -12] [9, -25, 4, -1]
[-34, -1, 14, -13] [1, 29, -8, -2] [-40, 11, 17, -4] [-45, 13, 31, 16] [20, 31, 1, 7] [-36, -18, -6, -30] [-22, -4, 1, 9]
[-9, 20, 22, 29] [-12, 33, -29, -11] [-4, -3, 58, -2] [-102, 29, 57, 3] [-55, -56, -19, 29] [-16, -27, -14, -1] [-7, -20, -25, -3]
[-24, 54, -12, -28] [9, -7, 34, -35] [15, 39, 10, -123] [0, 0, 0, 0] [53, -112, 22, 14] [22, -17, 1, 9] [12, 19, 26, -6]
[7, -41, 15, 5] [8, -5, -9, -32] [-21, -18, -42, -46] [56, 2, -133, 32] [15, -7, -42, 71] [11, 23, -13, 7] [-17, -70, -18, 42]
[23, 32, 5, -3] [-33, 12, -8, 4] [28, -2, 22, -7] [-1, -5, -20, 8] [-4, -9, -33, -16] [-1, -20, -27, 8] [41, 13, 14, -1]
[-22, 5, 23, -17] [3, -16, -52, -20] [0, -1, 32, 14] [-23, 18, -60, -27] [43, 5, -7, 33] [38, -9, -21, 34] [13, -10, 24, -3]
Food (up, right, down, left):
[10, 8, -12, 21] [-18, 28, 2, -32] [4, -16, 1, 11] [-21, 1, 61, 4] [7, -14, 54, -4] [2, -34, -23, -32] [-60, 21, 9, -26]
[-79, 12, -44, 4] [-3, -15, -27, 0] [-4, 5, 32, 32] [-29, 10, -58, 40] [14, 15, -2, -51] [37, 7, -57, 20] [14, -9, 29, 45]
[-34, 6, 39, -34] [17, 3, -5, 31] [-32, -36, -28, 32] [52, -39, 28, 11] [1, -19, -11, -26] [-4, 22, -49, -34] [67, 37, 34, 17]
[6, 26, -9, 44] [-24, -12, -17, 35] [-6, -3, -34, -14] [0, 0, 0, 0] [-14, 56, -51, -2] [13, -26, -48, -26] [-20, 54, -26, 3]
[5, 25, -16, 23] [17, 23, 5, 37] [20, -19, 32, 30] [-6, -51, 41, -19] [9, 23, 20, -9] [15, 48, 12, 4] [-12, -26, -13, -15]
[7, -35, -16, 8] [16, 14, 11, -36] [22, -4, 21, 35] [-50, -33, 60, -19] [-49, -40, 17, -66] [-33, 69, 35, 26] [2, 55, 33, 31]
[33, 6, -30, -12] [-10, -2, 26, -77] [41, 23, 3, -10] [5, 2, -8, -23] [75, 43, 8, -23] [-10, 43, 6, 2] [16, -33, 21, -23]
------------------------------
ALIVE
Head: (6 51)
Body: (6 51) (5 51) (5 50) (6 50) (7 50) (8 50) (9 50) 
Length: 7, 4
Vision: 3
Hungry, suplies: 10/10
Reproductive: 16, mutating: 0.25
Generation: 60091
####################################
Wall (up, right, down, left):
[-9, -8, -7, -11] [4, 1, 9, -13] [-19, -9, -6, -24] [-2, 2, 19, 7] [-12, 10, 32, 1] [12, -8, -21, -12] [9, -25, 4, -1]
[-34, -1, 14, -13] [1, 27, -8, -2] [-40, 11, 17, -4] [-45, 13, 31, 16] [20, 31, 1, 7] [-36, -18, -6, -30] [-22, -4, 1, 9]
[-9, 20, 22, 29] [-12, 33, -29, -11] [-4, -3, 58, -2] [-102, 29, 57, 3] [-55, -56, -19, 29] [-16, -27, -14, -1] [-7, -20, -25, -3]
[-24, 54, -12, -28] [9, -7, 34, -35] [15, 39, 10, -123] [0, 0, 0, 0] [53, -112, 22, 14] [22, -17, 1, 9] [12, 18, 26, -6]
[7, -41, 15, 5] [8, -5, -9, -32] [-21, -18, -42, -46] [56, 2, -133, 32] [15, -7, -42, 71] [11, 23, -13, 7] [-17, -70, -18, 42]
[23, 33, 5, -3] [-33, 12, -8, 4] [28, -2, 22, -7] [-1, -5, -20, 8] [-4, -9, -33, -16] [-1, -20, -27, 8] [41, 13, 14, -1]
[-22, 5, 23, -17] [3, -16, -52, -20] [0, -1, 32, 14] [-23, 18, -60, -27] [43, 5, -7, 33] [38, -9, -21, 34] [13, -10, 24, -3]
Food (up, right, down, left):
[9, 8, -12, 21] [-18, 28, 2, -32] [4, -16, 1, 11] [-21, 1, 61, 4] [7, -14, 54, -4] [2, -34, -23, -32] [-60, 21, 9, -26]
[-79, 12, -44, 4] [1, -15, -27, 0] [-4, 5, 32, 32] [-29, 10, -58, 40] [14, 15, -2, -51] [37, 7, -57, 20] [14, -9, 29, 45]
[-34, 6, 39, -34] [17, 3, -5, 31] [-32, -36, -28, 32] [52, -39, 28, 11] [1, -19, -11, -26] [-4, 22, -49, -34] [67, 37, 34, 17]
[6, 26, -9, 44] [-24, -12, -17, 35] [-6, -3, -34, -14] [0, 0, 0, 0] [-14, 56, -51, -2] [13, -26, -48, -26] [-20, 54, -22, 3]
[5, 25, -16, 23] [17, 23, 5, 37] [20, -19, 32, 30] [-6, -51, 41, -19] [9, 23, 20, -9] [15, 48, 12, 4] [-12, -26, -13, -15]
[7, -30, -16, 8] [16, 14, 11, -36] [22, -4, 21, 35] [-50, -33, 60, -19] [-49, -40, 17, -66] [-33, 69, 35, 26] [2, 55, 33, 31]
[33, 6, -30, -12] [-10, -2, 26, -77] [41, 23, 3, -10] [5, 2, -8, -23] [75, 43, 8, -23] [-10, 43, 6, 2] [16, -33, 21, -23]
------------------------------
ALIVE
Head: (9 31)
Body: (9 31) (10 31) (11 31) (12 31) (13 31) (14 31) (15 31) (16 31) 
Length: 8, 4
Vision: 3
Hungry, suplies: 10/10
Reproductive: 16, mutating: 0.25
Generation: 60094
####################################
