Wall (up, right, down, left):
[-6, -2, -8, -14] [-3, 4, -6, -21] [-21, -18, -6, -18] [7, 11, 25, 10] [-4, 16, 39, 2] [5, -7, -27, -12] [0, -16, -4, -9]
[-43, -1, 14, -5] [38, 29, -5, 3] [-46, 13, 12, -4] [-40, 3, 30, 9] [28, 34, 11, 10] [-32, -17, -8, -24] [-21, -3, 7, 1]
[-10, 31, 30, 41] [-16, 33, -17, -13] [-13, 1, 67, -1] [-105, 25, 51, -5] [-41, -59, -19, 29] [-17, -28, -13, -5] [3, -23, -21, 2]
[-25, 57, -11, -30] [8, 0, 25, -40] [15, 40, 8, -134] [0, 0, 0, 0] [50, -118, 27, 18] [13, -18, -5, 3] [13, 10, 34, -4]
[2, -45, 21, 12] [3, -7, -23, -28] [-30, -19, -30, -41] [67, 6, -128, 34] [15, -9, -49, 58] [5, 23, -12, 16] [-7, -78, -24, 35]
[22, 23, 10, -23] [-35, 20, -2, 2] [29, -7, 31, -11] [-7, -6, -12, -7] [-9, -8, -37, -20] [-7, -28, -27, 14] [44, 9, 9, -3]
[-21, 13, 15, -19] [-4, -10, -52, -15] [18, 10, 34, 15] [-28, 21, -60, -25] [24, 4, -14, 36] [34, -12, -29, 28] [8, -7, 26, 0]
Food (up, right, down, left):
[16, 27, -31, 13] [-35, 30, 11, -25] [6, -15, 5, 9] [-9, 11, 59, 15] [19, -22, 52, -6] [14, -30, -21, -30] [-79, 20, 11, -29]
[-82, 20, -45, -13] [2, -35, -32, -1] [-1, 5, 35, 29] [-19, 15, -53, 48] [12, 27, 7, -60] [40, 7, -59, 8] [10, 1, 27, 52]
[-28, -8, 42, -32] [27, 10, -7, 27] [-30, -47, -24, 28] [64, -37, 22, -10] [3, -20, -15, -30] [-13, 17, -55, -28] [66, 37, 35, 29]
[13, 36, -14, 40] [-17, -8, -16, 23] [-7, -16, -25, -11] [0, 0, 0, 0] [-14, 52, -49, 6] [-8, -32, -44, -13] [-17, 49, -16, 2]
[13, 18, -19, 30] [21, 28, -4, 43] [20, -20, 36, 22] [-3, -51, 47, -17] [-2, 20, 10, -10] [18, 39, 17, 6] [-14, -30, -25, -10]
[8, -42, -15, 0] [7, 18, 8, -13] [21, -10, 26, 38] [-44, -32, 49, -22] [-56, -28, 16, -58] [-35, 55, 35, 18] [-7, 50, 34, 31]
[33, 15, -20, -10] [-12, -1, 29, -79] [32, 23, 5, -15] [8, -5, -15, -19] [79, 40, 17, -27] [-7, 37, 4, 0] [30, -33, 19, -19]
------------------------------
ALIVE
Head: (9 38)
Body: (9 38) (8 38) (7 38) (7 37) (6 37) (5 37) (4 37) (3 37) 
Length: 8, 4
Vision: 3
Hungry, suplies: 9/10
Reproductive: 16, mutating: 0.25
Generation: 63970
####################################
Wall (up, right, down, left):
[-6, -2, -8, -14] [-3, 4, -6, -21] [-21, -18, -6, -18] [7, 11, 25, 10] [-3, 16, 39, 2] [5, -7, -27, -12] [0, -16, -4, -9]
[-43, -1, 14, -5] [38, 29, -5, 3] [-46, 13, 12, -4] [-40, 3, 30, 9] [28, 34, 11, 10] [-32, -17, -8, -24] [-21, -3, 7, 1]
[-10, 31, 30, 41] [-16, 33, -17, -13] [-13, 1, 67, -1] [-105, 25, 51, -5] [-41, -59, -19, 29] [-17, -28, -13, -3] [3, -23, -21, 2]
[-25, 57, -11, -30] [8, 0, 25, -40] [15, 40, 8, -134] [0, 0, 0, 0] [50, -118, 27, 18] [13, -18, -5, 3] [13, 10, 34, -4]
[2, -45, 21, 12] [3, -7, -23, -28] [-30, -19, -30, -41] [67, 6, -128, 34] [15, -9, -49, 58] [5, 23, -12, 16] [-7, -78, -24, 35]
[22, 27, 10, -23] [-35, 20, -2, 2] [29, -7, 31, -11] [-7, -6, -12, -7] [-9, -8, -37, -20] [-7, -28, -27, 14] [44, 9, 9, -8]
[-21, 13, 15, -19] [-4, -10, -52, -15] [18, 10, 34, 16] [-28, 21, -60, -25] [24, 4, -14, 36] [34, -12, -29, 28] [8, -7, 26, 0]
Food (up, right, down, left):
[16, 27, -31, 13] [-35, 30, 11, -25] [6, -15, 5, 9] [-9, 11, 59, 15] [19, -22, 52, -8] [14, -30, -21, -30] [-79, 20, 11, -29]
[-82, 20, -45, -13] [2, -35, -32, -1] [-1, 5, 35, 29] [-19, 15, -53, 48] [12, 27, 7, -60] [40, 7, -59, 8] [10, 1, 27, 52]
[-28, -8, 42, -32] [27, 10, -7, 27] [-30, -47, -24, 28] [64, -37, 22, -10] [3, -20, -15, -30] [-13, 18, -55, -28] [66, 37, 35, 29]
[13, 36, -14, 40] [-17, -8, -16, 23] [-7, -16, -25, -11] [0, 0, 0, 0] [-14, 52, -49, 6] [-8, -32, -44, -13] [-17, 49, -16, 2]
[13, 18, -19, 30] [21, 28, -4, 43] [20, -20, 36, 22] [-3, -51, 47, -17] [-2, 20, 10, -10] [18, 39, 17, 6] [-14, -30, -25, -10]
[8, -42, -15, 0] [7, 18, 8, -13] [21, -10, 26, 38] [-44, -32, 49, -22] [-56, -28, 16, -58] [-35, 55, 35, 18] [-9, 50, 34, 31]
[33, 15, -20, -10] [-12, -1, 29, -79] [33, 23, 5, -15] [8, -8, -15, -19] [79, 40, 17, -27] [-7, 37, 4, 0] [30, -33, 19, -19]
------------------------------
ALIVE
Head: (19 3)
Body: (19 3) (18 3) (17 3) (17 4) (17 5) (16 5) (15 5) (15 4) (14 4) (13 4) (12 4) (11 4) (10 4) (10 3) 
Length: 14, 4
Vision: 3
Hungry, suplies: 5/10
Reproductive: 16, mutating: 0.25
Generation: 63971
####################################
Wall (up, right, down, left):
[-6, -2, -8, -14] [-3, 4, -4, -21] [-21, -18, -5, -18] [7, 11, 25, 10] [-4, 14, 39, 2] [5, -7, -27, -12] [0, -16, -4, -9]
[-43, -1, 14, -5] [38, 29, -5, 3] [-46, 13, 12, -4] [-40, 3, 30, 9] [28, 34, 11, 10] [-32, -17, -8, -24] [-21, -3, 7, 1]
[-9, 31, 30, 41] [-16, 33, -17, -13] [-15, 1, 67, -1] [-105, 25, 51, -5] [-41, -59, -19, 29] [-17, -28, -13, -5] [3, -23, -21, 2]
[-25, 57, -11, -30] [8, 0, 25, -40] [15, 40, 8, -134] [0, 0, 0, 0] [50, -122, 27, 18] [13, -18, -5, 3] [13, 10, 34, -4]
[2, -45, 21, 12] [3, -11, -23, -28] [-30, -19, -28, -41] [67, 6, -128, 34] [15, -9, -49, 58] [5, 23, -12, 17] [-7, -78, -24, 35]
[22, 27, 10, -23] [-35, 20, -2, 2] [29, -7, 31, -11] [-7, -6, -12, -7] [-9, -8, -37, -20] [-7, -28, -27, 14] [44, 9, 9, -3]
[-21, 13, 15, -19] [-4, -10, -52, -15] [18, 10, 30, 16] [-28, 21, -60, -25] [24, 4, -14, 36] [34, -12, -29, 28] [8, -7, 26, 0]
Food (up, right, down, left):
[16, 27, -31, 13] [-35, 30, 7, -25] [8, -15, 5, 9] [-9, 11, 59, 15] [21, -22, 52, -6] [14, -30, -21, -30] [-79, 20, 11, -29]
[-82, 20, -45, -13] [2, -35, -32, -1] [-1, 5, 35, 29] [-19, 15, -53, 48] [12, 27, 7, -60] [40, 7, -59, 8] [10, 1, 27, 52]
[-28, -8, 37, -32] [27, 10, -7, 27] [-30, -44, -24, 28] [64, -37, 22, -10] [3, -20, -15, -30] [-13, 17, -55, -28] [66, 37, 35, 29]
[13, 36, -14, 40] [-17, -8, -16, 23] [-7, -16, -25, -11] [0, 0, 0, 0] [-16, 52, -49, 6] [-8, -32, -44, -13] [-17, 49, -16, 2]
[13, 18, -19, 30] [21, 28, -4, 43] [20, -20, 40, 22] [-3, -51, 47, -17] [-2, 20, 10, -10] [18, 36, 17, 6] [-14, -30, -25, -9]
[8, -42, -15, 0] [7, 13, 8, -13] [21, -10, 26, 38] [-44, -32, 49, -22] [-56, -28, 16, -58] [-35, 55, 35, 18] [-7, 50, 34, 31]
[33, 15, -20, -10] [-12, -1, 29, -79] [32, 23, 5, -15] [8, -8, -15, -19] [79, 40, 17, -27] [-7, 37, 4, 0] [30, -33, 19, -19]
------------------------------
ALIVE
Head: (2 50)
Body: (2 50) (3 50) (3 51) (4 51) (4 50) (5 50) (6 50) (7 50) (7 49) (7 48) (7 47) (6 47) 
Length: 12, 4
Vision: 3
Hungry, suplies: 4/10
Reproductive: 16, mutating: 0.25
Generation: 63975
####################################
Wall (up, right, down, left):
[-6, -2, -8, -14] [-3, 4, -6, -21] [-21, -18, -6, -18] [7, 11, 25, 10] [-4, 16, 39, 2] [5, -7, -27, -12] [0, -16, -4, -9]
[-43, -1, 14, -5] [38, 29, -5, 3] [-46, 13, 12, -4] [-40, 3, 30, 9] [28, 34, 11, 10] [-32, -17, -8, -24] [-21, -3, 7, 1]
[-10, 31, 30, 41] [-16, 33, -17, -13] [-13, 1, 67, -1] [-105, 25, 51, -5] [-41, -59, -19, 29] [-17, -28, -13, -5] [3, -23, -21, 2]
[-25, 57, -11, -30] [8, 0, 25, -40] [15, 40, 8, -134] [0, 0, 0, 0] [50, -118, 27, 18] [13, -18, -5, 3] [13, 5, 34, -4]
[2, -45, 21, 12] [3, -7, -23, -28] [-30, -19, -30, -41] [67, 6, -128, 34] [15, -9, -49, 58] [5, 23, -12, 16] [-7, -78, -24, 35]
[22, 27, 10, -23] [-35, 20, -2, 2] [29, -7, 31, -11] [-4, -6, -12, -7] [-9, -8, -37, -20] [-7, -28, -27, 14] [44, 9, 9, -3]
[-21, 13, 15, -19] [-4, -10, -47, -15] [18, 10, 34, 16] [-28, 21, -60, -25] [24, 4, -14, 36] [34, -12, -29, 28] [8, -7, 26, 0]
Food (up, right, down, left):
[16, 27, -31, 13] [-35, 30, 11, -25] [6, -15, 5, 9] [-9, 11, 59, 15] [19, -22, 52, -6] [14, -30, -21, -30] [-79, 20, 11, -29]
[-82, 20, -45, -13] [2, -35, -32, -1] [-1, 5, 35, 29] [-19, 15, -53, 48] [12, 27, 7, -60] [40, 7, -59, 8] [10, 1, 27, 52]
[-28, -8, 42, -32] [27, 10, -7, 27] [-30, -47, -24, 28] [64, -37, 22, -10] [3, -20, -15, -30] [-13, 17, -55, -28] [66, 37, 35, 29]
[13, 36, -14, 40] [-17, -8, -16, 23] [-7, -16, -25, -11] [0, 0, 0, 0] [-14, 52, -49, 6] [-8, -32, -44, -13] [-17, 53, -16, 2]
[13, 18, -19, 30] [21, 28, -4, 43] [20, -20, 36, 22] [-3, -51, 47, -17] [-2, 20, 10, -10] [18, 39, 17, 10] [-14, -30, -25, -10]
[8, -42, -15, 0] [7, 18, 8, -13] [21, -10, 26, 38] [-44, -32, 49, -21] [-56, -28, 16, -58] [-35, 55, 35, 18] [-7, 50, 34, 31]
[33, 15, -20, -10] [-12, -1, 33, -79] [33, 23, 5, -15] [8, -8, -15, -19] [79, 40, 17, -27] [-7, 37, 4, 0] [30, -33, 19, -19]
------------------------------
ALIVE
Head: (9 17)
Body: (9 17) (9 18) (10 18) (11 18) (12 18) (13 18) (13 17) (14 17) (15 17) (16 17) (16 18) (17 18) (17 19) (17 20) 
Length: 14, 4
Vision: 3
Hungry, suplies: 6/10
Reproductive: 16, mutating: 0.25
Generation: 63968
####################################
Wall (up, right, down, left):
[-6, -2, -8, -14] [-3, 4, -6, -21] [-21, -18, -6, -18] [7, 11, 25, 10] [-4, 16, 39, 2] [5, -7, -27, -12] [0, -16, -4, -9]
[-43, -1, 14, -5] [38, 29, -5, 3] [-46, 13, 12, -4] [-40, 3, 30, 9] [28, 34, 11, 10] [-32, -17, -8, -24] [-21, -3, 7, 1]
[-10, 31, 30, 41] [-16, 33, -17, -13] [-13, 1, 67, -1] [-105, 25, 51, -5] [-41, -59, -19, 29] [-17, -28, -13, -5] [3, -23, -21, 2]
[-25, 57, -11, -30] [8, 0, 25, -40] [15, 40, 8, -134] [0, 0, 0, 0] [50, -118, 27, 18] [13, -18, -5, 3] [13, 5, 34, -4]
[2, -45, 21, 12] [3, -7, -23, -28] [-30, -19, -31, -41] [67, 6, -128, 34] [15, -9, -49, 58] [5, 23, -12, 16] [-7, -78, -29, 35]
[22, 27, 10, -23] [-35, 20, -2, 2] [29, -7, 31, -11] [-4, -6, -12, -7] [-9, -8, -37, -20] [-7, -28, -27, 14] [44, 9, 9, -3]
[-21, 13, 15, -20] [-4, -10, -52, -15] [18, 10, 34, 16] [-28, 21, -60, -25] [24, 4, -14, 36] [34, -12, -29, 28] [8, -7, 26, 5]
Food (up, right, down, left):
[16, 27, -31, 13] [-35, 30, 11, -25] [6, -15, 5, 9] [-9, 11, 59, 15] [19, -22, 52, -6] [14, -30, -21, -30] [-79, 20, 11, -29]
[-82, 20, -45, -13] [2, -35, -32, -1] [-1, 5, 35, 29] [-19, 15, -53, 48] [12, 27, 7, -60] [40, 7, -59, 8] [10, 1, 27, 52]
[-28, -8, 42, -32] [27, 10, -7, 27] [-30, -47, -24, 28] [64, -37, 22, -10] [3, -17, -15, -30] [-13, 17, -55, -28] [66, 37, 35, 29]
[13, 36, -14, 40] [-17, -8, -16, 23] [-7, -16, -25, -11] [0, 0, 0, 0] [-14, 52, -49, 6] [-8, -32, -44, -13] [-17, 53, -16, 2]
[13, 18, -19, 30] [21, 28, -4, 43] [20, -20, 36, 24] [-3, -51, 47, -17] [-2, 20, 10, -10] [18, 39, 17, 10] [-14, -30, -25, -6]
[8, -42, -15, 0] [7, 18, 8, -13] [21, -10, 26, 38] [-44, -32, 49, -21] [-56, -28, 16, -58] [-35, 55, 35, 18] [-7, 50, 34, 31]
[33, 12, -20, -10] [-12, -1, 29, -79] [33, 23, 5, -15] [8, -8, -15, -19] [79, 40, 17, -27] [-7, 37, 4, 0] [27, -33, 19, -19]
------------------------------
ALIVE
Head: (18 32)
Body: (18 32) (19 32) (20 32) (21 32) (22 32) (23 32) (24 32) (24 31) (23 31) (22 31) (21 31) (21 30) (20 30) 
Length: 13, 4
Vision: 3
Hungry, suplies: 10/10
Reproductive: 16, mutating: 0.25
Generation: 63970
####################################
Wall (up, right, down, left):
[-6, -2, -8, -14] [-3, 4, -6, -21] [-21, -18, -6, -18] [7, 11, 25, 10] [-4, 16, 39, 2] [5, -7, -27, -12] [0, -16, -4, -9]
[-43, -1, 14, -5] [38, 29, -5, 3] [-46, 13, 12, -4] [-40, 3, 30, 9] [28, 34, 11, 10] [-32, -17, -8, -24] [-21, -3, 7, 1]
[-10, 31, 30, 41] [-16, 33, -17, -13] [-13, 1, 67, -1] [-105, 25, 51, -5] [-41, -59, -19, 29] [-17, -28, -13, -5] [3, -23, -21, 2]
[-25, 57, -11, -30] [8, 0, 25, -40] [15, 40, 8, -134] [0, 0, 0, 0] [50, -118, 27, 18] [13, -18, -5, 3] [13, 10, 34, -4]
[2, -45, 21, 12] [3, -7, -23, -28] [-30, -19, -30, -41] [67, 6, -128, 34] [15, -9, -50, 58] [5, 23, -12, 16] [-7, -78, -24, 35]
[22, 23, 10, -23] [-35, 20, -2, 2] [29, -7, 31, -11] [-7, -6, -12, -7] [-9, -8, -37, -20] [-7, -28, -27, 14] [44, 9, 9, -3]
[-21, 13, 15, -19] [-4, -10, -52, -15] [18, 10, 34, 15] [-28, 21, -60, -25] [24, 4, -14, 36] [34, -12, -29, 28] [8, -7, 26, 0]
Food (up, right, down, left):
[16, 27, -31, 13] [-35, 30, 11, -25] [6, -15, 5, 9] [-9, 11, 59, 15] [19, -22, 52, -6] [14, -30, -21, -30] [-79, 20, 11, -29]
[-82, 20, -45, -13] [2, -35, -32, -1] [-1, 5, 35, 29] [-19, 15, -53, 48] [12, 27, 7, -60] [40, 7, -59, 8] [10, 1, 27, 52]
[-28, -8, 42, -32] [27, 10, -7, 27] [-30, -47, -24, 28] [64, -37, 22, -10] [3, -20, -15, -30] [-13, 17, -55, -28] [66, 37, 35, 29]
[13, 36, -14, 40] [-17, -8, -16, 23] [-7, -16, -25, -11] [0, 0, 0, 0] [-14, 52, -49, 6] [-8, -32, -44, -13] [-17, 49, -16, 2]
[13, 18, -19, 30] [21, 28, -4, 43] [20, -20, 36, 22] [-3, -51, 47, -17] [-2, 22, 10, -10] [18, 39, 17, 6] [-14, -30, -25, -10]
[8, -42, -15, 0] [7, 18, 8, -13] [21, -10, 26, 38] [-44, -32, 49, -22] [-56, -28, 16, -58] [-35, 55, 35, 18] [-7, 50, 34, 31]
[33, 15, -20, -10] [-12, -1, 29, -79] [32, 23, 5, -15] [8, -5, -15, -19] [79, 40, 17, -27] [-7, 37, 4, 0] [30, -33, 19, -19]
------------------------------
ALIVE
Head: (24 10)
Body: (24 10) (24 11) (24 12) (0 12) (0 13) (0 14) (1 14) (2 14) (3 14) (4 14) (5 14) (6 14) 
Length: 12, 4
Vision: 3
Hungry, suplies: 8/10
Reproductive: 16, mutating: 0.25
Generation: 63973
####################################
Wall (up, right, down, left):
[-6, -2, -8, -14] [-3, 4, -6, -21] [-21, -18, -6, -18] [7, 11, 25, 10] [-4, 16, 39, 2] [5, -7, -27, -12] [0, -16, -4, -9]
[-43, -1, 14, -5] [38, 29, -5, 3] [-46, 13, 12, -4] [-40, 3, 30, 9] [28, 34, 11, 10] [-32, -17, -8, -24] [-21, -3, 7, 1]
[-10, 31, 30, 41] [-16, 33, -17, -13] [-13, 1, 67, -1] [-105, 25, 51, -5] [-41, -59, -19, 29] [-17, -28, -13, -5] [3, -23, -21, 2]
[-25, 57, -11, -30] [8, 0, 25, -40] [15, 40, 8, -134] [0, 0, 0, 0] [50, -118, 27, 18] [13, -18, -5, 3] [13, 5, 34, -4]
[2, -45, 21, 12] [3, -7, -23, -28] [-30, -19, -30, -41] [67, 6, -128, 34] [15, -9, -49, 58] [5, 23, -12, 16] [-7, -78, -24, 35]
[22, 27, 10, -23] [-35, 20, -2, 2] [29, -7, 31, -11] [-4, -6, -12, -7] [-9, -8, -37, -20] [-7, -28, -27, 14] [44, 9, 9, -3]
[-21, 13, 15, -19] [-4, -10, -47, -15] [18, 10, 34, 16] [-28, 21, -60, -25] [24, 4, -14, 36] [34, -12, -29, 28] [8, -7, 26, 0]
Food (up, right, down, left):
[16, 27, -31, 13] [-35, 30, 11, -25] [6, -15, 5, 9] [-9, 11, 59, 15] [19, -22, 52, -6] [14, -30, -21, -30] [-79, 20, 11, -29]
[-82, 20, -45, -13] [2, -35, -32, -1] [-1, 5, 35, 29] [-19, 15, -53, 48] [12, 27, 7, -60] [40, 7, -59, 8] [10, 1, 27, 52]
[-28, -8, 42, -32] [27, 10, -7, 27] [-30, -47, -24, 28] [64, -37, 22, -10] [3, -20, -15, -30] [-13, 17, -55, -28] [66, 37, 35, 29]
[13, 36, -14, 40] [-17, -8, -16, 23] [-7, -16, -25, -11] [0, 0, 0, 0] [-14, 52, -49, 6] [-8, -32, -44, -13] [-17, 53, -16, 2]
[13, 18, -19, 30] [21, 28, -4, 43] [20, -20, 36, 22] [-3, -51, 47, -17] [-2, 20, 10, -10] [18, 39, 17, 10] [-14, -30, -25, -10]
[8, -42, -15, 0] [7, 18, 8, -13] [21, -10, 26, 38] [-44, -32, 49, -21] [-56, -28, 16, -58] [-35, 55, 35, 18] [-7, 50, 34, 31]
[33, 15, -20, -10] [-12, -1, 33, -79] [33, 23, 5, -15] [8, -8, -15, -19] [79, 40, 17, -27] [-7, 37, 4, 0] [30, -33, 19, -19]
------------------------------
ALIVE
Head: (10 35)
Body: (10 35) (9 35) (8 35) (8 34) (7 34) (6 34) (6 33) (6 32) (7 32) (8 32) 
Length: 10, 4
Vision: 3
Hungry, suplies: 9/10
Reproductive: 16, mutating: 0.25
Generation: 63969
####################################
Wall (up, right, down, left):
[-6, -2, -8, -14] [-3, 4, -6, -21] [-21, -18, -6, -18] [7, 11, 25, 10] [-4, 16, 39, 2] [5, -7, -27, -12] [0, -16, -4, -9]
[-43, -1, 14, -5] [38, 29, -5, 3] [-46, 13, 12, -4] [-40, 3, 30, 9] [28, 34, 11, 15] [-32, -17, -8, -24] [-21, -3, 7, 1]
[-10, 31, 30, 41] [-16, 33, -17, -13] [-13, 1, 67, -1] [-105, 25, 51, -5] [-41, -59, -19, 29] [-17, -28, -13, -5] [3, -23, -21, 2]
[-25, 57, -11, -30] [8, 0, 25, -40] [15, 40, 8, -134] [0, 0, 0, 0] [50, -118, 27, 18] [13, -18, -5, 3] [13, 5, 34, -4]
[2, -45, 21, 12] [3, -7, -23, -28] [-30, -19, -31, -41] [67, 6, -128, 34] [15, -9, -49, 58] [5, 23, -12, 16] [-7, -78, -29, 35]
[22, 27, 10, -23] [-35, 20, -2, 2] [29, -7, 31, -11] [-4, -6, -12, -7] [-9, -8, -37, -20] [-7, -28, -27, 14] [44, 9, 9, -3]
[-21, 13, 15, -20] [-4, -10, -52, -15] [18, 10, 34, 16] [-28, 21, -60, -25] [24, 4, -14, 36] [34, -12, -29, 28] [8, -7, 26, 5]
Food (up, right, down, left):
[16, 27, -31, 13] [-35, 30, 11, -25] [6, -15, 5, 9] [-9, 11, 59, 15] [19, -22, 52, -6] [14, -30, -21, -30] [-79, 20, 11, -29]
[-82, 20, -45, -13] [2, -35, -32, -1] [-1, 5, 35, 29] [-19, 15, -53, 48] [12, 27, 7, -57] [40, 7, -59, 8] [10, 1, 27, 52]
[-28, -8, 42, -32] [27, 10, -7, 27] [-30, -47, -24, 28] [64, -37, 22, -10] [3, -17, -15, -30] [-13, 17, -55, -28] [66, 37, 35, 29]
[13, 36, -14, 40] [-17, -8, -16, 23] [-7, -16, -25, -11] [0, 0, 0, 0] [-14, 52, -49, 6] [-8, -32, -44, -13] [-17, 53, -16, 2]
[13, 18, -19, 30] [21, 28, -4, 43] [20, -20, 36, 24] [-3, -51, 47, -17] [-2, 20, 10, -10] [18, 39, 17, 10] [-14, -30, -25, -6]
[8, -42, -15, 0] [7, 18, 8, -13] [21, -10, 26, 38] [-44, -32, 49, -21] [-56, -28, 16, -58] [-35, 55, 35, 18] [-7, 50, 34, 31]
[33, 12, -20, -10] [-12, -1, 29, -79] [33, 23, 5, -15] [8, -8, -15, -19] [79, 40, 17, -27] [-7, 37, 4, 0] [27, -33, 19, -19]
------------------------------
ALIVE
Head: (6 55)
Body: (6 55) (5 55) (5 54) (6 54) (7 54) (7 55) (8 55) (8 54) (8 53) (7 53) (6 53) (6 52) (5 52) (4 52) 
Length: 14, 4
Vision: 3
Hungry, suplies: 5/10
Reproductive: 16, mutating: 0.25
Generation: 63971
####################################
Wall (up, right, down, left):
[-6, -2, -8, -14] [-3, 4, -6, -21] [-21, -18, -6, -18] [7, 11, 25, 10] [-3, 16, 39, 2] [5, -7, -27, -12] [0, -16, -4, -9]
[-43, -1, 14, -5] [38, 29, -5, 3] [-46, 13, 12, -4] [-40, 3, 30, 9] [28, 34, 11, 10] [-32, -17, -8, -24] [-21, -3, 7, 1]
[-10, 31, 30, 41] [-16, 33, -17, -13] [-13, 1, 67, -1] [-105, 25, 51, -5] [-41, -59, -19, 29] [-17, -28, -13, -3] [3, -23, -21, 2]
[-25, 57, -11, -30] [8, 0, 25, -40] [15, 40, 8, -134] [0, 0, 0, 0] [50, -118, 27, 18] [13, -18, -5, 3] [13, 10, 34, -4]
[2, -45, 21, 12] [3, -7, -23, -28] [-30, -19, -30, -41] [67, 6, -128, 34] [15, -9, -49, 58] [5, 23, -12, 16] [-7, -78, -24, 35]
[22, 27, 10, -23] [-35, 20, -2, 2] [29, -7, 31, -11] [-7, -6, -12, -7] [-9, -8, -37, -20] [-7, -28, -27, 14] [44, 9, 9, -8]
[-21, 13, 15, -19] [-4, -10, -52, -15] [18, 10, 34, 16] [-28, 21, -60, -25] [24, 4, -14, 36] [34, -12, -29, 28] [8, -7, 26, 0]
Food (up, right, down, left):
[16, 27, -31, 13] [-35, 30, 11, -25] [6, -15, 5, 9] [-9, 11, 59, 15] [19, -22, 52, -8] [14, -30, -21, -30] [-79, 20, 11, -33]
[-82, 20, -45, -13] [2, -35, -32, -1] [-1, 5, 35, 29] [-19, 15, -53, 48] [12, 27, 7, -60] [40, 7, -59, 8] [10, 1, 27, 52]
[-28, -8, 42, -32] [27, 10, -7, 27] [-30, -47, -24, 28] [64, -37, 22, -10] [3, -20, -15, -30] [-13, 18, -55, -28] [66, 37, 35, 29]
[13, 36, -14, 40] [-17, -8, -16, 23] [-7, -16, -25, -11] [0, 0, 0, 0] [-14, 52, -49, 6] [-8, -32, -44, -13] [-17, 49, -16, 2]
[13, 18, -19, 30] [21, 28, -4, 43] [20, -20, 36, 22] [-3, -51, 47, -17] [-2, 20, 10, -10] [18, 39, 17, 6] [-14, -30, -25, -10]
[8, -42, -15, 0] [7, 18, 8, -13] [21, -10, 26, 38] [-44, -32, 49, -22] [-56, -28, 16, -58] [-35, 55, 35, 18] [-9, 50, 34, 31]
[33, 15, -20, -10] [-12, -1, 29, -79] [33, 23, 5, -15] [8, -8, -15, -19] [79, 40, 17, -27] [-7, 37, 4, 0] [30, -33, 19, -19]
------------------------------
ALIVE
Head: (17 32)
Body: (17 32) (17 31) (17 30) (17 29) (18 29) (18 28) (17 28) (16 28) (16 27) (16 26) (16 25) (16 24) (16 23) (16 22) 
Length: 14, 4
Vision: 3
Hungry, suplies: 7/10
Reproductive: 16, mutating: 0.25
Generation: 63974
####################################
Wall (up, right, down, left):
[-6, -2, -8, -14] [-3, 4, -4, -21] [-21, -18, -5, -18] [7, 11, 25, 10] [-4, 14, 39, 2] [5, -7, -27, -12] [0, -16, -4, -9]
[-43, -1, 14, -5] [38, 29, -5, 3] [-46, 13, 12, -4] [-40, 3, 30, 9] [28, 34, 11, 10] [-32, -17, -8, -24] [-21, -3, 7, 1]
[-9, 31, 30, 41] [-16, 33, -17, -13] [-13, 1, 67, -1] [-105, 25, 51, -5] [-41, -59, -18, 29] [-17, -28, -13, -5] [3, -23, -21, 2]
[-25, 57, -11, -30] [8, 0, 25, -40] [15, 40, 8, -134] [0, 0, 0, 0] [50, -122, 27, 18] [13, -18, -5, 3] [13, 10, 34, -4]
[2, -45, 21, 12] [3, -11, -23, -28] [-30, -19, -28, -41] [67, 6, -128, 34] [15, -9, -49, 58] [5, 23, -12, 17] [-7, -78, -24, 35]
[22, 27, 10, -23] [-35, 20, -2, 2] [29, -7, 31, -11] [-7, -6, -12, -7] [-9, -8, -37, -20] [-7, -28, -27, 14] [44, 9, 9, -3]
[-21, 13, 15, -19] [-4, -10, -52, -15] [18, 10, 30, 16] [-28, 21, -60, -25] [24, 4, -14, 36] [34, -12, -29, 28] [8, -7, 26, 0]
Food (up, right, down, left):
[16, 27, -31, 13] [-35, 30, 7, -25] [8, -15, 5, 9] [-9, 11, 59, 15] [21, -22, 52, -6] [14, -30, -21, -30] [-79, 20, 11, -29]
[-82, 20, -45, -13] [2, -35, -32, -1] [-1, 5, 35, 29] [-19, 15, -53, 48] [12, 27, 7, -60] [40, 7, -59, 8] [10, 1, 27, 52]
[-28, -8, 37, -32] [27, 10, -7, 27] [-30, -47, -24, 28] [64, -37, 22, -10] [3, -19, -15, -30] [-13, 17, -55, -28] [66, 37, 35, 29]
[13, 36, -14, 40] [-17, -8, -16, 23] [-7, -16, -25, -11] [0, 0, 0, 0] [-16, 52, -49, 6] [-8, -32, -44, -13] [-17, 49, -16, 2]
[13, 18, -19, 30] [21, 28, -4, 43] [20, -20, 40, 22] [-3, -51, 47, -17] [-2, 20, 10, -10] [18, 36, 17, 6] [-14, -30, -25, -9]
[8, -42, -15, 0] [7, 13, 8, -13] [21, -10, 26, 38] [-44, -32, 49, -22] [-56, -28, 16, -58] [-35, 55, 35, 18] [-7, 50, 34, 31]
[33, 15, -20, -10] [-12, -1, 29, -79] [32, 23, 5, -15] [8, -8, -15, -19] [79, 40, 17, -27] [-7, 37, 4, 0] [30, -33, 19, -19]
------------------------------
ALIVE
Head: (2 20)
Body: (2 20) (2 19) (2 18) (1 18) (1 17) (1 16) (1 15) (2 15) (3 15) (4 15) 
Length: 10, 4
Vision: 3
Hungry, suplies: 2/10
Reproductive: 16, mutating: 0.25
Generation: 63975
####################################
Wall (up, right, down, left):
[-6, -2, -8, -14] [-3, 4, -6, -21] [-21, -18, -6, -18] [7, 11, 25, 10] [-4, 16, 39, 2] [5, -7, -27, -12] [0, -16, -4, -9]
[-43, -1, 14, -5] [38, 29, -5, 3] [-46, 13, 12, -4] [-40, 3, 30, 9] [28, 34, 11, 10] [-32, -17, -8, -24] [-21, -3, 7, 1]
[-10, 31, 30, 41] [-16, 33, -17, -13] [-13, 1, 67, -1] [-105, 25, 51, -5] [-41, -59, -19, 29] [-17, -28, -13, -3] [3, -23, -21, 2]
[-25, 57, -11, -30] [8, 0, 25, -40] [15, 40, 8, -134] [0, 0, 0, 0] [50, -118, 27, 18] [13, -18, -5, 3] [13, 10, 34, -4]
[2, -45, 21, 12] [3, -7, -23, -28] [-30, -19, -30, -41] [67, 6, -128, 34] [15, -9, -49, 58] [5, 23, -12, 16] [-7, -78, -24, 35]
[22, 27, 10, -23] [-35, 20, -2, 2] [29, -7, 31, -11] [-7, -6, -12, -7] [-9, -8, -37, -20] [-7, -28, -27, 14] [44, 9, 9, -3]
[-21, 13, 15, -19] [-4, -10, -52, -15] [18, 10, 34, 16] [-28, 21, -60, -25] [24, 4, -14, 36] [34, -12, -29, 28] [8, -7, 25, 0]
Food (up, right, down, left):
[16, 27, -31, 13] [-35, 30, 11, -25] [6, -15, 5, 9] [-9, 11, 59, 15] [19, -22, 52, -6] [14, -30, -21, -30] [-79, 20, 11, -29]
[-82, 20, -45, -13] [2, -35, -32, -1] [-1, 5, 35, 29] [-19, 15, -53, 48] [12, 27, 7, -60] [40, 7, -59, 8] [10, 1, 27, 52]
[-28, -8, 42, -32] [27, 10, -7, 27] [-30, -47, -24, 28] [64, -37, 22, -10] [3, -20, -15, -30] [-13, 18, -55, -28] [66, 37, 35, 29]
[13, 36, -14, 40] [-17, -8, -16, 23] [-7, -16, -25, -11] [0, 0, 0, 0] [-14, 52, -49, 6] [-8, -32, -44, -13] [-17, 49, -16, 2]
[13, 18, -19, 30] [21, 28, -4, 43] [20, -20, 36, 22] [-3, -51, 47, -17] [-2, 20, 10, -10] [18, 39, 17, 6] [-14, -30, -25, -10]
[8, -42, -15, 0] [7, 18, 8, -13] [21, -10, 26, 38] [-44, -32, 49, -22] [-56, -28, 16, -58] [-35, 55, 35, 18] [-7, 50, 34, 31]
[33, 15, -20, -10] [-12, -1, 29, -79] [33, 23, 5, -15] [8, -8, -15, -19] [79, 40, 17, -27] [-7, 37, 4, 0] [30, -33, 19, -14]
------------------------------
ALIVE
Head: (17 53)
Body: (17 53) (16 53) (16 52) (17 52) (18 52) (19 52) (19 51) (19 50) (18 50) (17 50) (16 50) 
Length: 11, 4
Vision: 3
Hungry, suplies: 7/10
Reproductive: 16, mutating: 0.25
Generation: 63968
####################################
Wall (up, right, down, left):
[-6, -2, -8, -14] [-3, 4, -6, -21] [-21, -18, -6, -18] [7, 11, 25, 10] [-4, 16, 39, 2] [5, -7, -27, -12] [0, -16, -4, -9]
[-43, -1, 14, -5] [38, 29, -5, 3] [-46, 13, 12, -4] [-40, 3, 30, 9] [28, 34, 11, 10] [-32, -17, -8, -24] [-21, -3, 7, 1]
[-10, 31, 30, 41] [-16, 33, -17, -13] [-13, 1, 67, -1] [-105, 25, 51, -5] [-41, -59, -19, 29] [-17, -28, -13, -5] [3, -23, -21, 2]
[-25, 57, -11, -30] [8, 0, 25, -40] [15, 40, 8, -134] [0, 0, 0, 0] [50, -118, 27, 18] [13, -18, -5, 3] [13, 5, 34, -4]
[-1, -45, 21, 12] [3, -7, -23, -28] [-30, -19, -30, -41] [67, 6, -128, 34] [15, -9, -49, 58] [5, 23, -12, 16] [-7, -78, -24, 35]
[22, 27, 10, -23] [-35, 20, -2, 2] [29, -7, 31, -11] [-4, -6, -12, -7] [-9, -8, -37, -20] [-7, -28, -27, 14] [44, 9, 9, -3]
[-21, 13, 15, -19] [-4, -10, -47, -15] [18, 10, 34, 16] [-28, 21, -60, -25] [24, 4, -14, 36] [34, -12, -29, 28] [10, -7, 26, 0]
Food (up, right, down, left):
[16, 27, -31, 13] [-35, 30, 11, -25] [6, -15, 5, 9] [-9, 11, 59, 15] [19, -22, 52, -6] [14, -30, -21, -30] [-79, 20, 11, -29]
[-82, 20, -45, -13] [2, -35, -32, -1] [-1, 5, 35, 29] [-19, 15, -53, 48] [12, 27, 7, -60] [40, 7, -59, 8] [10, 1, 27, 52]
[-28, -8, 42, -32] [27, 10, -7, 27] [-30, -47, -24, 28] [64, -37, 22, -10] [3, -20, -15, -30] [-13, 17, -55, -28] [66, 37, 35, 29]
[13, 36, -14, 40] [-17, -8, -16, 23] [-7, -16, -25, -11] [0, 0, 0, 0] [-14, 52, -49, 6] [-8, -32, -44, -13] [-17, 53, -16, 2]
[13, 17, -19, 30] [21, 28, -4, 43] [20, -20, 36, 22] [-3, -51, 47, -17] [-2, 20, 10, -10] [18, 39, 17, 10] [-14, -30, -25, -10]
[8, -42, -15, 0] [7, 18, 8, -13] [21, -10, 26, 38] [-44, -32, 49, -21] [-56, -28, 16, -58] [-35, 55, 35, 18] [-7, 50, 34, 31]
[33, 15, -20, -10] [-12, -1, 33, -79] [33, 23, 5, -15] [8, -8, -15, -19] [79, 40, 17, -27] [-7, 37, 4, 0] [30, -33, 24, -19]
------------------------------
ALIVE
Head: (6 35)
Body: (6 35) (5 35) (5 34) (4 34) (3 34) (3 33) (2 33) (1 33) 
Length: 8, 4
Vision: 3
Hungry, suplies: 10/10
Reproductive: 16, mutating: 0.25
Generation: 63969
####################################
Wall (up, right, down, left):
[-6, -2, -8, -14] [-3, 4, -6, -21] [-21, -18, -6, -18] [7, 11, 25, 10] [-4, 16, 39, 2] [5, -7, -27, -12] [0, -16, -4, -9]
[-43, -1, 14, -5] [38, 29, -5, 3] [-46, 13, 12, -4] [-40, 3, 30, 9] [28, 34, 11, 10] [-32, -17, -8, -24] [-21, -3, 7, 1]
[-10, 31, 30, 41] [-16, 33, -17, -13] [-13, 1, 67, -1] [-105, 25, 51, -5] [-41, -59, -19, 29] [-17, -28, -13, -5] [3, -23, -21, 2]
[-25, 57, -11, -30] [8, 0, 25, -40] [15, 40, 8, -135] [0, 0, 0, 0] [50, -118, 27, 18] [13, -18, -5, 3] [13, 5, 34, -4]
[2, -45, 21, 12] [3, -7, -23, -28] [-30, -19, -30, -41] [67, 6, -128, 34] [15, -9, -49, 58] [5, 23, -12, 16] [-7, -78, -24, 35]
[22, 27, 10, -23] [-35, 20, -2, 2] [29, -7, 31, -11] [-4, -6, -12, -7] [-9, -8, -37, -20] [-7, -28, -27, 14] [44, 9, 9, -3]
[-21, 13, 15, -19] [-4, -10, -47, -15] [18, 10, 34, 16] [-28, 21, -60, -25] [24, 4, -14, 36] [34, -12, -29, 28] [8, -7, 26, 0]
Food (up, right, down, left):
[16, 27, -31, 13] [-35, 30, 11, -25] [6, -15, 5, 9] [-9, 11, 59, 15] [19, -22, 52, -6] [14, -30, -21, -30] [-79, 20, 11, -29]
[-82, 20, -45, -13] [2, -35, -32, -1] [-1, 5, 35, 29] [-19, 15, -53, 48] [12, 27, 7, -60] [40, 7, -59, 8] [10, 1, 27, 52]
[-28, -8, 42, -32] [27, 10, -7, 27] [-30, -47, -24, 28] [64, -37, 22, -10] [3, -20, -15, -30] [-13, 17, -55, -28] [66, 37, 35, 29]
[13, 36, -14, 40] [-17, -8, -16, 23] [-3, -16, -25, -11] [0, 0, 0, 0] [-14, 52, -49, 6] [-8, -32, -44, -13] [-17, 53, -16, 2]
[13, 18, -19, 30] [21, 28, -4, 43] [20, -20, 36, 22] [-3, -51, 47, -17] [-2, 20, 10, -10] [18, 39, 17, 10] [-14, -30, -25, -10]
[8, -42, -15, 0] [7, 18, 8, -13] [21, -10, 26, 38] [-44, -32, 49, -21] [-56, -28, 16, -58] [-35, 55, 35, 18] [-7, 50, 34, 31]
[33, 15, -20, -10] [-12, -1, 33, -79] [33, 23, 5, -15] [8, -8, -15, -19] [79, 40, 17, -27] [-7, 37, 4, 0] [30, -33, 19, -19]
------------------------------
ALIVE
Head: (23 19)
Body: (23 19) (-1 19) (0 19) (0 20) (0 21) (0 22) (0 23) (1 23) (1 22) (2 22) 
Length: 10, 4
Vision: 3
Hungry, suplies: 10/10
Reproductive: 16, mutating: 0.25
Generation: 63970
####################################
Wall (up, right, down, left):
[-6, -2, -8, -14] [-3, 4, -4, -21] [-21, -18, -5, -18] [7, 11, 25, 10] [-4, 14, 39, 2] [5, -7, -27, -12] [0, -16, -4, -9]
[-43, -1, 14, -5] [38, 29, -5, 3] [-46, 13, 12, -4] [-40, 3, 30, 9] [28, 34, 11, 10] [-32, -17, -8, -24] [-21, -3, 7, 1]
[-9, 31, 30, 41] [-16, 33, -17, -13] [-15, 1, 67, -1] [-105, 25, 51, -5] [-41, -59, -19, 29] [-17, -28, -13, -5] [3, -23, -21, 2]
[-25, 57, -11, -30] [8, 0, 25, -40] [15, 40, 8, -134] [0, 0, 0, 0] [50, -122, 27, 18] [13, -18, -5, 3] [13, 10, 34, -4]
[2, -45, 21, 12] [3, -11, -23, -28] [-30, -19, -28, -41] [67, 6, -128, 34] [15, -9, -49, 58] [5, 23, -12, 17] [-7, -78, -24, 35]
[22, 27, 10, -23] [-35, 20, -2, 2] [29, -7, 31, -11] [-7, -6, -12, -7] [-9, -8, -37, -20] [-7, -28, -27, 14] [44, 9, 9, -3]
[-21, 13, 15, -19] [-4, -10, -52, -15] [18, 10, 30, 16] [-28, 21, -60, -25] [24, 4, -14, 36] [34, -12, -29, 28] [8, -7, 26, 0]
Food (up, right, down, left):
[16, 27, -31, 13] [-35, 30, 7, -25] [8, -15, 5, 9] [-9, 11, 59, 15] [21, -22, 52, -6] [14, -30, -21, -30] [-79, 20, 11, -29]
[-82, 20, -45, -13] [2, -35, -32, -1] [-1, 5, 35, 29] [-19, 15, -53, 48] [12, 27, 7, -60] [40, 7, -59, 8] [10, 1, 27, 52]
[-28, -8, 37, -32] [27, 10, -7, 27] [-30, -44, -24, 28] [64, -37, 22, -10] [3, -20, -15, -30] [-13, 17, -55, -28] [66, 37, 35, 29]
[13, 36, -14, 40] [-17, -8, -16, 23] [-7, -16, -25, -11] [0, 0, 0, 0] [-16, 52, -49, 6] [-8, -32, -44, -13] [-17, 49, -16, 2]
[13, 18, -19, 30] [21, 28, -4, 43] [20, -20, 40, 22] [-3, -51, 47, -17] [-2, 20, 10, -10] [18, 36, 17, 6] [-14, -30, -25, -9]
[8, -42, -15, 0] [7, 13, 8, -13] [21, -10, 26, 38] [-44, -32, 49, -22] [-56, -28, 16, -58] [-35, 55, 35, 18] [-7, 50, 34, 31]
[33, 15, -20, -10] [-12, -1, 29, -79] [32, 23, 5, -15] [8, -8, -15, -19] [79, 40, 17, -27] [-7, 37, 4, 0] [30, -33, 19, -19]
------------------------------
ALIVE
Head: (4 4)
Body: (4 4) (4 3) (4 2) (3 2) (3 1) (2 1) (1 1) (25 1) 
Length: 8, 4
Vision: 3
Hungry, suplies: 9/10
Reproductive: 16, mutating: 0.25
Generation: 63976
####################################
Wall (up, right, down, left):
[-6, -2, -8, -14] [-3, 4, -6, -21] [-21, -18, -6, -18] [7, 11, 25, 10] [-4, 16, 39, 2] [5, -7, -27, -12] [0, -16, -4, -9]
[-43, -1, 14, -5] [38, 29, -5, 3] [-46, 13, 12, -4] [-40, 3, 30, 9] [28, 34, 11, 10] [-32, -17, -8, -24] [-21, -3, 7, 1]
[-10, 31, 30, 41] [-16, 33, -17, -13] [-13, 1, 67, -1] [-105, 25, 51, -5] [-41, -59, -19, 29] [-17, -28, -13, -5] [3, -23, -21, 2]
[-25, 57, -11, -30] [8, 0, 25, -40] [15, 40, 8, -134] [0, 0, 0, 0] [50, -118, 27, 18] [13, -18, -5, 3] [13, 10, 34, -4]
[2, -45, 21, 12] [3, -7, -23, -28] [-30, -19, -30, -41] [67, 6, -128, 34] [15, -9, -49, 58] [5, 23, -12, 16] [-7, -78, -24, 35]
[22, 23, 10, -23] [-35, 20, -2, 2] [29, -7, 31, -11] [-7, -6, -12, -7] [-9, -8, -37, -20] [-7, -28, -27, 14] [44, 9, 9, -3]
[-21, 13, 15, -19] [-4, -10, -52, -15] [18, 10, 34, 15] [-28, 21, -60, -25] [24, 4, -14, 36] [34, -12, -29, 28] [8, -7, 26, 0]
Food (up, right, down, left):
[16, 27, -31, 13] [-35, 30, 11, -25] [6, -15, 5, 9] [-9, 11, 59, 15] [19, -22, 52, -6] [14, -30, -21, -30] [-79, 20, 11, -29]
[-82, 20, -45, -13] [2, -35, -32, -1] [-1, 5, 35, 29] [-19, 15, -53, 48] [12, 27, 7, -60] [40, 7, -59, 8] [10, 1, 27, 52]
[-28, -8, 42, -32] [27, 10, -7, 27] [-30, -47, -24, 28] [64, -37, 22, -10] [3, -20, -15, -30] [-13, 17, -55, -28] [66, 37, 35, 29]
[13, 36, -14, 40] [-17, -8, -16, 23] [-7, -16, -25, -11] [0, 0, 0, 0] [-14, 52, -49, 6] [-8, -32, -44, -13] [-17, 49, -16, 2]
[13, 18, -19, 30] [21, 28, -4, 43] [20, -20, 36, 22] [-3, -51, 47, -17] [-2, 20, 10, -10] [18, 39, 17, 6] [-14, -30, -25, -10]
[8, -42, -15, 0] [7, 18, 8, -13] [21, -10, 26, 38] [-44, -32, 49, -22] [-56, -28, 16, -58] [-35, 55, 35, 18] [-7, 50, 34, 31]
[33, 15, -20, -10] [-12, -1, 29, -79] [32, 23, 5, -15] [8, -5, -15, -19] [79, 40, 17, -27] [-7, 37, 4, 0] [30, -33, 19, -19]
------------------------------
ALIVE
Head: (2 55)
Body: (2 55) (1 55) (25 55) (24 55) (24 54) (24 53) (24 52) (23 52) (23 51) (23 50) (-1 50) 
Length: 11, 4
Vision: 3
Hungry, suplies: 9/10
Reproductive: 16, mutating: 0.25
Generation: 63971
####################################
Wall (up, right, down, left):
[-6, -2, -8, -14] [-3, 4, -6, -21] [-21, -18, -6, -18] [7, 11, 25, 10] [-4, 16, 39, 2] [5, -7, -27, -12] [0, -16, -4, -9]
[-43, -1, 14, -5] [38, 29, -5, 3] [-46, 13, 12, -4] [-40, 3, 30, 9] [28, 34, 11, 10] [-32, -17, -8, -24] [-21, -3, 7, 1]
[-10, 31, 30, 41] [-16, 33, -17, -13] [-13, 1, 67, -1] [-105, 25, 51, -5] [-41, -59, -19, 26] [-17, -28, -13, -5] [3, -23, -21, 2]
[-25, 57, -11, -30] [8, 0, 25, -40] [15, 40, 8, -134] [0, 0, 0, 0] [50, -118, 27, 18] [13, -18, -5, 3] [13, 5, 34, -4]
[2, -45, 21, 12] [3, -7, -23, -28] [-30, -19, -30, -41] [67, 6, -128, 34] [15, -9, -49, 58] [5, 23, -12, 16] [-7, -78, -24, 35]
[22, 27, 10, -23] [-35, 20, -2, 2] [29, -7, 31, -11] [-4, -6, -12, -7] [-9, -8, -37, -20] [-7, -28, -27, 14] [44, 9, 9, -3]
[-21, 13, 15, -19] [-4, -10, -52, -15] [18, 10, 34, 16] [-28, 21, -60, -25] [24, 4, -14, 36] [34, -12, -29, 28] [8, -7, 26, 0]
Food (up, right, down, left):
[16, 27, -31, 13] [-35, 30, 11, -25] [6, -15, 5, 9] [-9, 11, 59, 15] [19, -22, 52, -6] [14, -30, -21, -30] [-79, 20, 11, -29]
[-82, 20, -45, -13] [2, -35, -32, -1] [-1, 5, 35, 29] [-19, 15, -53, 48] [12, 27, 7, -60] [40, 7, -59, 8] [10, 1, 27, 52]
[-28, -8, 42, -32] [27, 10, -7, 27] [-30, -47, -24, 28] [64, -37, 22, -10] [3, -18, -15, -30] [-13, 17, -55, -28] [66, 37, 35, 29]
[13, 36, -14, 40] [-17, -8, -16, 23] [-7, -16, -25, -11] [0, 0, 0, 0] [-14, 52, -49, 6] [-8, -32, -44, -13] [-17, 53, -16, 2]
[13, 18, -19, 30] [21, 28, -4, 43] [20, -20, 36, 22] [-3, -51, 47, -17] [-2, 20, 10, -10] [18, 39, 17, 10] [-14, -30, -25, -10]
[8, -42, -15, 0] [7, 18, 8, -13] [21, -10, 26, 38] [-44, -32, 49, -21] [-56, -28, 16, -58] [-35, 55, 35, 18] [-7, 50, 34, 31]
[33, 15, -20, -10] [-12, -1, 29, -79] [33, 23, 5, -15] [8, -8, -15, -19] [79, 40, 17, -27] [-7, 37, 4, 0] [30, -33, 19, -19]
------------------------------
ALIVE
Head: (10 30)
Body: (10 30) (11 30) (12 30) (12 29) (12 28) (12 27) (12 26) (12 25) (13 25) (14 25) (15 25) (15 24) (15 23) (15 22) 
Length: 14, 4
Vision: 3
Hungry, suplies: 9/10
Reproductive: 16, mutating: 0.25
Generation: 63968
####################################
Wall (up, right, down, left):
[-6, -2, -8, -14] [-3, 4, -6, -21] [-21, -18, -6, -18] [7, 11, 25, 10] [-4, 16, 39, 2] [5, -7, -27, -12] [0, -16, -4, -9]
[-43, -1, 14, -5] [38, 29, -5, 3] [-46, 13, 12, -4] [-40, 3, 30, 9] [28, 34, 11, 10] [-32, -17, -8, -24] [-21, -3, 7, 1]
[-10, 31, 30, 41] [-16, 33, -17, -13] [-13, 1, 67, -1] [-105, 25, 51, -5] [-41, -59, -19, 29] [-17, -28, -13, -3] [3, -23, -21, 2]
[-25, 57, -11, -30] [8, 0, 25, -40] [15, 40, 8, -134] [0, 0, 0, 0] [50, -118, 27, 18] [13, -18, -5, 3] [13, 10, 34, -4]
[2, -45, 21, 12] [3, -7, -23, -28] [-30, -19, -30, -41] [67, 6, -128, 34] [15, -9, -51, 58] [5, 23, -12, 16] [-7, -78, -24, 35]
[22, 27, 10, -23] [-35, 20, -2, 2] [29, -7, 31, -11] [-7, -6, -12, -7] [-9, -8, -37, -20] [-7, -28, -27, 14] [44, 9, 9, -3]
[-21, 13, 15, -19] [-4, -10, -52, -15] [18, 10, 34, 16] [-28, 21, -60, -25] [24, 4, -14, 36] [34, -12, -29, 28] [8, -7, 26, 0]
Food (up, right, down, left):
[16, 27, -31, 13] [-35, 30, 11, -25] [6, -15, 5, 9] [-9, 11, 59, 15] [19, -22, 52, -6] [14, -30, -21, -30] [-79, 20, 11, -29]
[-82, 20, -45, -13] [2, -35, -32, -1] [-1, 5, 35, 29] [-19, 15, -53, 48] [12, 27, 7, -60] [40, 7, -59, 8] [10, 1, 27, 52]
[-28, -8, 42, -32] [27, 10, -7, 27] [-30, -47, -24, 28] [64, -37, 22, -10] [3, -20, -15, -30] [-13, 18, -55, -28] [66, 37, 35, 29]
[13, 36, -14, 40] [-17, -8, -16, 23] [-7, -16, -25, -11] [0, 0, 0, 0] [-14, 52, -49, 6] [-8, -32, -44, -13] [-17, 49, -16, 2]
[13, 18, -19, 30] [21, 28, -4, 43] [20, -20, 36, 22] [-3, -51, 47, -17] [-2, 20, 10, -10] [18, 39, 17, 6] [-14, -30, -25, -10]
[8, -42, -15, 0] [7, 18, 8, -13] [21, -10, 26, 38] [-44, -32, 49, -22] [-56, -28, 16, -58] [-35, 55, 35, 18] [-7, 50, 34, 31]
[33, 15, -20, -10] [-12, -1, 29, -79] [33, 23, 5, -15] [8, -8, -15, -19] [79, 40, 17, -27] [-7, 37, 4, 0] [30, -33, 19, -19]
------------------------------
ALIVE
Head: (21 14)
Body: (21 14) (20 14) (20 13) (19 13) (18 13) (18 12) (18 11) (18 10) (18 9) (18 8) (18 7) 
Length: 11, 4
Vision: 3
Hungry, suplies: 7/10
Reproductive: 16, mutating: 0.25
Generation: 63971
####################################
Wall (up, right, down, left):
[-6, -2, -8, -14] [-3, 4, -4, -21] [-21, -18, -5, -18] [7, 11, 25, 10] [-4, 14, 39, 2] [5, -7, -27, -12] [0, -16, -4, -9]
[-43, -1, 14, -5] [38, 29, -5, 3] [-46, 13, 12, -4] [-40, 3, 30, 9] [28, 34, 11, 10] [-32, -17, -8, -24] [-21, -3, 7, 1]
[-9, 31, 30, 41] [-16, 33, -17, -13] [-15, 1, 67, -1] [-105, 25, 51, -5] [-41, -59, -19, 29] [-17, -28, -13, -5] [3, -23, -21, 2]
[-25, 57, -11, -30] [8, 0, 25, -40] [15, 40, 8, -134] [0, 0, 0, 0] [50, -122, 27, 18] [13, -18, -5, 3] [13, 10, 34, -4]
[2, -45, 21, 12] [3, -11, -23, -28] [-30, -19, -28, -41] [67, 6, -128, 34] [15, -9, -49, 58] [5, 23, -12, 17] [-7, -78, -24, 35]
[22, 27, 10, -23] [-35, 20, -2, 2] [29, -7, 31, -11] [-7, -6, -12, -7] [-9, -8, -37, -20] [-7, -28, -27, 14] [44, 9, 9, -3]
[-21, 13, 15, -19] [-4, -10, -52, -15] [18, 10, 30, 16] [-28, 21, -60, -25] [24, 4, -14, 36] [34, -12, -29, 28] [8, -7, 26, 0]
Food (up, right, down, left):
[16, 27, -31, 13] [-35, 30, 7, -25] [8, -15, 5, 9] [-9, 11, 59, 15] [21, -22, 52, -6] [14, -30, -21, -30] [-79, 20, 11, -29]
[-82, 20, -45, -13] [2, -35, -32, -1] [-1, 5, 35, 29] [-19, 15, -53, 48] [12, 27, 7, -60] [40, 7, -59, 8] [10, 1, 27, 52]
[-28, -8, 37, -32] [27, 10, -7, 27] [-30, -44, -24, 28] [64, -37, 22, -10] [3, -20, -15, -30] [-13, 17, -55, -28] [66, 37, 35, 29]
[13, 36, -14, 40] [-17, -8, -16, 23] [-7, -16, -25, -11] [0, 0, 0, 0] [-16, 52, -49, 6] [-8, -32, -44, -13] [-17, 49, -16, 2]
[13, 18, -19, 30] [21, 28, -4, 43] [20, -20, 40, 22] [-3, -51, 47, -17] [-2, 20, 10, -10] [18, 36, 17, 6] [-14, -30, -25, -9]
[8, -42, -15, 0] [7, 13, 8, -13] [21, -10, 26, 38] [-44, -32, 49, -22] [-56, -28, 16, -58] [-35, 55, 35, 18] [-7, 50, 34, 31]
[33, 15, -20, -10] [-12, -1, 29, -79] [32, 23, 5, -15] [8, -8, -15, -19] [79, 40, 17, -27] [-7, 37, 4, 0] [30, -33, 19, -19]
------------------------------
ALIVE
Head: (19 1)
Body: (19 1) (18 1) (17 1) (16 1) (16 0) (15 57) (15 56) (15 55) (15 54) (16 54) 
Length: 10, 4
Vision: 3
Hungry, suplies: 7/10
Reproductive: 16, mutating: 0.25
Generation: 63976
####################################
Wall (up, right, down, left):
[-6, -2, -8, -14] [-3, 4, -4, -21] [-21, -18, -5, -18] [7, 11, 25, 10] [-4, 14, 39, 2] [5, -7, -27, -12] [0, -16, -4, -9]
[-43, -1, 14, -5] [38, 29, -5, 3] [-46, 13, 12, -4] [-40, 3, 30, 9] [28, 34, 11, 10] [-32, -17, -8, -24] [-21, -3, 7, 1]
[-9, 31, 30, 41] [-16, 33, -17, -13] [-15, 1, 67, -1] [-105, 25, 51, -5] [-41, -59, -19, 29] [-17, -28, -13, -5] [3, -23, -21, 2]
[-25, 57, -11, -30] [8, 0, 25, -40] [15, 40, 8, -134] [0, 0, 0, 0] [50, -122, 27, 18] [13, -18, -5, 3] [13, 10, 34, -4]
[2, -45, 21, 12] [3, -11, -23, -28] [-30, -19, -28, -41] [67, 6, -128, 34] [15, -9, -49, 58] [5, 23, -12, 17] [-7, -78, -24, 35]
[22, 27, 10, -23] [-35, 20, -2, 2] [29, -7, 31, -11] [-7, -6, -12, -7] [-9, -8, -37, -20] [-7, -28, -27, 14] [44, 9, 9, -3]
[-21, 13, 15, -19] [-4, -10, -52, -15] [18, 10, 30, 16] [-28, 21, -60, -25] [24, 4, -14, 36] [34, -12, -29, 28] [8, -7, 26, 0]
Food (up, right, down, left):
[16, 27, -31, 13] [-35, 30, 7, -25] [8, -15, 5, 9] [-9, 11, 59, 15] [21, -22, 52, -6] [14, -30, -21, -30] [-79, 20, 11, -29]
[-82, 20, -45, -13] [2, -35, -32, -1] [-1, 5, 35, 29] [-19, 15, -53, 48] [12, 27, 7, -60] [40, 7, -59, 8] [10, 1, 27, 52]
[-28, -8, 37, -32] [27, 10, -7, 27] [-30, -44, -24, 28] [64, -37, 22, -10] [3, -20, -15, -30] [-13, 17, -55, -28] [66, 37, 35, 29]
[13, 36, -14, 40] [-17, -8, -16, 23] [-7, -16, -25, -11] [0, 0, 0, 0] [-16, 52, -49, 6] [-8, -32, -44, -13] [-17, 49, -16, 2]
[13, 18, -19, 30] [21, 28, -4, 43] [20, -20, 40, 22] [-3, -51, 47, -17] [-2, 20, 10, -10] [18, 36, 17, 6] [-14, -30, -25, -9]
[8, -42, -15, 0] [7, 13, 8, -13] [21, -10, 26, 38] [-44, -32, 49, -22] [-56, -28, 16, -58] [-35, 55, 35, 18] [-7, 50, 34, 31]
[33, 15, -20, -10] [-12, -1, 29, -79] [32, 23, 5, -15] [8, -8, -15, -19] [79, 40, 17, -27] [-7, 37, 4, 0] [30, -33, 19, -19]
------------------------------
ALIVE
Head: (17 48)
Body: (17 48) (17 49) (18 49) (18 48) (18 47) (19 47) (20 47) (21 47) 
Length: 8, 4
Vision: 3
Hungry, suplies: 7/10
Reproductive: 16, mutating: 0.25
Generation: 63977
####################################
Wall (up, right, down, left):
[-6, -2, -8, -14] [-3, 4, -6, -21] [-21, -18, -6, -18] [7, 11, 25, 10] [-4, 16, 39, 2] [5, -7, -27, -12] [0, -16, -4, -9]
[-43, -1, 14, -5] [38, 29, -5, 3] [-46, 13, 12, -4] [-40, 3, 30, 9] [28, 34, 11, 10] [-32, -17, -8, -24] [-21, -3, 7, 1]
[-10, 31, 30, 41] [-16, 33, -17, -13] [-13, 1, 67, -1] [-105, 25, 51, -5] [-41, -59, -19, 29] [-17, -28, -13, -5] [3, -23, -21, 2]
[-25, 57, -11, -30] [8, 0, 25, -40] [15, 40, 8, -134] [0, 0, 0, 0] [50, -118, 27, 18] [13, -18, -5, 3] [13, 5, 34, -4]
[2, -45, 21, 12] [3, -7, -23, -28] [-30, -19, -30, -41] [67, 6, -128, 34] [15, -9, -47, 58] [5, 23, -12, 16] [-7, -78, -29, 35]
[22, 27, 10, -23] [-35, 20, -2, 2] [29, -7, 31, -11] [-4, -6, -12, -7] [-9, -8, -37, -20] [-7, -28, -27, 14] [44, 9, 9, -3]
[-21, 13, 15, -20] [-4, -10, -52, -15] [18, 10, 34, 16] [-28, 21, -60, -25] [24, 4, -14, 36] [34, -12, -29, 28] [8, -7, 26, 5]
Food (up, right, down, left):
[16, 27, -31, 13] [-35, 30, 11, -25] [6, -15, 5, 9] [-9, 11, 59, 15] [19, -22, 52, -6] [14, -30, -21, -30] [-79, 20, 11, -29]
[-82, 20, -45, -13] [2, -35, -32, -1] [-1, 5, 35, 29] [-19, 15, -53, 48] [12, 27, 7, -60] [40, 7, -59, 8] [10, 1, 27, 52]
[-28, -8, 42, -32] [27, 10, -7, 27] [-30, -47, -24, 28] [64, -37, 22, -10] [3, -17, -15, -30] [-13, 17, -55, -28] [66, 37, 35, 29]
[13, 36, -14, 40] [-17, -8, -16, 23] [-7, -16, -25, -11] [0, 0, 0, 0] [-14, 52, -49, 6] [-8, -32, -44, -13] [-17, 53, -16, 2]
[13, 18, -19, 30] [21, 28, -4, 43] [20, -20, 36, 22] [-3, -51, 47, -17] [-2, 22, 10, -10] [18, 39, 17, 10] [-14, -30, -25, -6]
[8, -42, -15, 0] [7, 18, 8, -13] [21, -10, 26, 38] [-44, -32, 49, -21] [-56, -28, 16, -58] [-35, 55, 35, 18] [-7, 50, 34, 31]
[33, 12, -20, -10] [-12, -1, 29, -79] [33, 23, 5, -15] [8, -8, -15, -19] [79, 40, 17, -27] [-7, 37, 4, 0] [27, -33, 19, -19]
------------------------------
ALIVE
Head: (11 48)
Body: (11 48) (11 47) (12 47) (13 47) (14 47) (14 46) (14 45) (15 45) (16 45) (17 45) (18 45) 
Length: 11, 4
Vision: 3
Hungry, suplies: 6/10
Reproductive: 16, mutating: 0.25
Generation: 63969
####################################
Wall (up, right, down, left):
[-6, -2, -8, -14] [-3, 4, -6, -21] [-21, -18, -6, -18] [7, 11, 25, 10] [-4, 16, 39, 2] [5, -7, -27, -12] [0, -16, -4, -9]
[-43, -1, 14, -5] [38, 29, -5, 3] [-46, 13, 12, -4] [-40, 3, 30, 9] [28, 34, 11, 10] [-32, -17, -8, -24] [-21, -3, 7, 1]
[-10, 31, 30, 41] [-16, 33, -17, -13] [-13, 1, 67, -1] [-105, 25, 51, -5] [-41, -59, -19, 29] [-17, -28, -13, -5] [3, -23, -21, 2]
[-25, 57, -11, -30] [8, 0, 25, -40] [15, 40, 8, -134] [0, 0, 0, 0] [50, -118, 27, 18] [13, -18, -5, 3] [13, 5, 34, -4]
[2, -45, 21, 12] [3, -7, -23, -28] [-30, -19, -31, -41] [67, 6, -128, 34] [15, -9, -49, 58] [5, 23, -12, 16] [-7, -78, -29, 35]
[22, 27, 10, -23] [-35, 20, -2, 2] [29, -7, 31, -11] [-4, -6, -12, -7] [-9, -8, -37, -20] [-7, -28, -27, 14] [44, 9, 9, -3]
[-21, 13, 15, -20] [-4, -10, -52, -15] [18, 10, 34, 16] [-28, 21, -60, -25] [24, 4, -14, 36] [34, -12, -29, 28] [8, -7, 26, 5]
Food (up, right, down, left):
[16, 27, -31, 13] [-35, 30, 11, -25] [6, -15, 5, 9] [-9, 11, 59, 15] [19, -22, 52, -6] [14, -30, -21, -30] [-79, 20, 11, -29]
[-82, 20, -45, -13] [2, -35, -32, -1] [-1, 5, 35, 29] [-19, 15, -53, 48] [12, 27, 7, -60] [40, 7, -59, 8] [10, 1, 27, 52]
[-28, -8, 42, -32] [27, 10, -7, 27] [-30, -47, -24, 28] [64, -37, 22, -10] [3, -17, -15, -30] [-13, 17, -55, -28] [66, 37, 35, 29]
[13, 36, -14, 40] [-17, -8, -16, 23] [-7, -16, -25, -11] [0, 0, 0, 0] [-14, 52, -49, 6] [-8, -32, -44, -13] [-17, 53, -16, 2]
[13, 18, -19, 30] [21, 28, -4, 43] [20, -20, 36, 24] [-3, -51, 47, -17] [-2, 20, 10, -10] [18, 39, 17, 10] [-14, -30, -25, -6]
[8, -42, -15, 0] [7, 18, 8, -13] [21, -10, 26, 38] [-44, -32, 49, -21] [-56, -28, 16, -58] [-35, 55, 35, 18] [-7, 50, 34, 31]
[33, 12, -20, -10] [-12, -1, 29, -79] [33, 23, 5, -15] [8, -8, -15, -19] [79, 40, 17, -27] [-7, 37, 4, 0] [27, -33, 19, -19]
------------------------------
ALIVE
Head: (0 43)
Body: (0 43) (0 44) (1 44) (1 45) (1 46) (2 46) (3 46) (3 45) 
Length: 8, 4
Vision: 3
Hungry, suplies: 8/10
Reproductive: 16, mutating: 0.25
Generation: 63971
####################################
Wall (up, right, down, left):
[-6, -2, -8, -14] [-3, 4, -6, -21] [-21, -18, -6, -18] [7, 11, 25, 10] [-3, 16, 39, 2] [5, -7, -27, -12] [0, -16, -4, -9]
[-43, -1, 14, -5] [38, 29, -5, 3] [-46, 13, 12, -4] [-40, 3, 30, 9] [28, 34, 11, 10] [-32, -17, -8, -24] [-21, -3, 7, 1]
[-10, 31, 30, 41] [-16, 34, -17, -13] [-13, 1, 67, -1] [-105, 25, 51, -5] [-41, -59, -19, 29] [-17, -28, -13, -3] [3, -23, -21, 2]
[-25, 57, -11, -30] [8, 0, 25, -40] [15, 40, 8, -134] [0, 0, 0, 0] [50, -118, 27, 18] [13, -18, -5, 3] [13, 10, 34, -4]
[2, -45, 21, 12] [3, -7, -23, -28] [-30, -19, -30, -41] [67, 6, -128, 34] [15, -9, -49, 58] [5, 23, -12, 16] [-7, -78, -24, 35]
[22, 27, 10, -23] [-35, 20, -2, 2] [29, -7, 31, -11] [-7, -6, -12, -7] [-9, -8, -37, -20] [-7, -28, -27, 14] [44, 9, 9, -8]
[-21, 13, 15, -19] [-4, -10, -52, -15] [18, 10, 34, 16] [-28, 21, -60, -25] [24, 4, -14, 36] [34, -12, -29, 28] [8, -7, 26, 0]
Food (up, right, down, left):
[16, 27, -31, 13] [-35, 30, 11, -25] [6, -15, 5, 9] [-9, 11, 59, 15] [19, -22, 52, -8] [14, -30, -21, -30] [-79, 20, 11, -29]
[-82, 20, -45, -13] [2, -35, -32, -1] [-1, 5, 35, 29] [-19, 15, -53, 48] [12, 27, 7, -60] [40, 7, -59, 8] [10, 1, 27, 52]
[-28, -8, 42, -32] [27, 15, -7, 27] [-30, -47, -24, 28] [64, -37, 22, -10] [3, -20, -15, -30] [-13, 18, -55, -28] [66, 37, 35, 29]
[13, 36, -14, 40] [-17, -8, -16, 23] [-7, -16, -25, -11] [0, 0, 0, 0] [-14, 52, -49, 6] [-8, -32, -44, -13] [-17, 49, -16, 2]
[13, 18, -19, 30] [21, 28, -4, 43] [20, -20, 36, 22] [-3, -51, 47, -17] [-2, 20, 10, -10] [18, 39, 17, 6] [-14, -30, -25, -10]
[8, -42, -15, 0] [7, 18, 8, -13] [21, -10, 26, 38] [-44, -32, 49, -22] [-56, -28, 16, -58] [-35, 55, 35, 18] [-9, 50, 34, 31]
[33, 15, -20, -10] [-12, -1, 29, -79] [33, 23, 5, -15] [8, -8, -15, -19] [79, 40, 17, -27] [-7, 37, 4, 0] [30, -33, 19, -19]
------------------------------
ALIVE
Head: (3 53)
Body: (3 53) (3 54) (4 54) (4 55) (4 56) (5 56) (6 56) (7 -1) (7 0) 
Length: 9, 4
Vision: 3
Hungry, suplies: 7/10
Reproductive: 16, mutating: 0.25
Generation: 63972
####################################
Wall (up, right, down, left):
[-6, -2, -8, -14] [-3, 4, -6, -21] [-21, -18, -6, -18] [7, 11, 25, 10] [-4, 16, 39, 2] [5, -7, -27, -12] [0, -16, -4, -9]
[-43, -1, 14, -5] [38, 29, -5, 3] [-46, 13, 12, -4] [-40, 3, 30, 9] [28, 34, 11, 10] [-32, -17, -8, -24] [-21, -3, 7, 1]
[-10, 31, 30, 41] [-16, 33, -17, -13] [-13, 1, 67, -1] [-105, 25, 51, -5] [-41, -59, -19, 29] [-17, -28, -13, -5] [3, -23, -21, 2]
[-25, 57, -11, -30] [8, 0, 25, -40] [15, 40, 8, -134] [0, 0, 0, 0] [50, -118, 27, 18] [13, -18, -5, 3] [13, 10, 34, -4]
[2, -45, 21, 12] [3, -7, -23, -28] [-30, -19, -30, -41] [67, 6, -128, 34] [15, -9, -49, 58] [5, 23, -12, 16] [-7, -78, -24, 35]
[22, 23, 10, -23] [-35, 20, -2, 2] [29, -7, 31, -11] [-7, -6, -12, -7] [-9, -8, -37, -20] [-7, -28, -27, 14] [44, 9, 9, -3]
[-21, 13, 15, -19] [-4, -10, -52, -15] [18, 10, 34, 15] [-28, 21, -60, -25] [24, 4, -14, 36] [34, -12, -29, 28] [8, -7, 26, 0]
Food (up, right, down, left):
[16, 27, -31, 13] [-35, 30, 11, -25] [6, -15, 5, 9] [-9, 11, 59, 15] [19, -22, 52, -6] [14, -30, -21, -30] [-79, 20, 11, -29]
[-82, 20, -45, -13] [2, -35, -32, -1] [-1, 5, 35, 29] [-19, 15, -53, 48] [12, 27, 7, -60] [40, 7, -59, 8] [10, 1, 27, 52]
[-28, -8, 42, -32] [27, 10, -7, 27] [-30, -47, -24, 28] [64, -37, 22, -10] [3, -20, -15, -30] [-13, 17, -55, -28] [66, 37, 35, 29]
[13, 36, -14, 40] [-17, -8, -16, 23] [-7, -16, -25, -11] [0, 0, 0, 0] [-14, 52, -49, 6] [-8, -32, -44, -13] [-17, 49, -16, 2]
[13, 18, -19, 30] [21, 28, -4, 43] [20, -20, 36, 22] [-3, -51, 47, -17] [-2, 20, 10, -10] [18, 39, 17, 6] [-14, -30, -25, -10]
[8, -42, -15, 0] [7, 18, 8, -13] [21, -10, 26, 38] [-44, -32, 49, -22] [-56, -28, 16, -58] [-35, 55, 35, 18] [-7, 50, 34, 31]
[33, 15, -20, -10] [-12, -1, 29, -79] [32, 23, 5, -15] [8, -5, -15, -19] [79, 40, 17, -27] [-7, 37, 4, 0] [30, -33, 19, -19]
------------------------------
ALIVE
Head: (14 6)
Body: (14 6) (15 6) (16 6) (17 6) (17 7) (16 7) (15 7) (14 7) (13 7) (12 7) (12 8) (12 9) (13 9) (13 10) 
Length: 14, 4
Vision: 3
Hungry, suplies: 8/10
Reproductive: 16, mutating: 0.25
Generation: 63972
####################################
Wall (up, right, down, left):
[-6, -2, -8, -14] [-3, 4, -4, -21] [-21, -18, -5, -18] [7, 11, 25, 10] [-4, 14, 39, 2] [5, -7, -27, -12] [0, -16, -4, -9]
[-43, -1, 14, -5] [38, 29, -5, 3] [-46, 13, 12, -4] [-40, 3, 30, 9] [28, 34, 11, 10] [-32, -17, -8, -24] [-21, -3, 7, 1]
[-9, 31, 30, 41] [-16, 33, -17, -13] [-13, 1, 67, -1] [-105, 25, 51, -5] [-41, -59, -18, 29] [-17, -28, -13, -5] [3, -23, -21, 2]
[-25, 57, -11, -30] [8, 0, 25, -40] [15, 40, 8, -134] [0, 0, 0, 0] [50, -122, 27, 18] [13, -18, -5, 3] [13, 10, 34, -4]
[2, -45, 21, 12] [3, -11, -23, -28] [-30, -19, -28, -41] [67, 6, -128, 34] [15, -9, -49, 58] [5, 23, -12, 17] [-7, -78, -24, 35]
[22, 27, 10, -23] [-35, 20, -2, 2] [29, -7, 31, -11] [-7, -6, -12, -7] [-9, -8, -37, -20] [-7, -28, -27, 14] [44, 9, 9, -3]
[-21, 13, 15, -19] [-4, -10, -52, -15] [18, 10, 30, 16] [-28, 21, -60, -25] [24, 4, -14, 36] [34, -12, -29, 28] [8, -7, 26, 0]
Food (up, right, down, left):
[16, 27, -31, 13] [-35, 30, 7, -25] [8, -15, 5, 9] [-9, 11, 59, 15] [21, -22, 52, -6] [14, -30, -21, -30] [-79, 20, 11, -29]
[-82, 20, -45, -13] [2, -35, -32, -1] [-1, 5, 35, 29] [-19, 15, -53, 48] [12, 27, 7, -60] [40, 7, -59, 8] [10, 1, 27, 52]
[-28, -8, 37, -32] [27, 10, -7, 27] [-30, -47, -24, 28] [64, -37, 22, -10] [3, -19, -15, -30] [-13, 17, -55, -28] [66, 37, 35, 29]
[13, 36, -14, 40] [-17, -8, -16, 23] [-7, -16, -25, -11] [0, 0, 0, 0] [-16, 52, -49, 6] [-8, -32, -44, -13] [-17, 49, -16, 2]
[13, 18, -19, 30] [21, 28, -4, 43] [20, -20, 40, 22] [-3, -51, 47, -17] [-2, 20, 10, -10] [18, 36, 17, 6] [-14, -30, -25, -9]
[8, -42, -15, 0] [7, 13, 8, -13] [21, -10, 26, 38] [-44, -32, 49, -22] [-56, -28, 16, -58] [-35, 55, 35, 18] [-7, 50, 34, 31]
[33, 15, -20, -10] [-12, -1, 29, -79] [32, 23, 5, -15] [8, -8, -15, -19] [79, 40, 17, -27] [-7, 37, 4, 0] [30, -33, 19, -19]
------------------------------
ALIVE
Head: (7 27)
Body: (7 27) (6 27) (5 27) (4 27) (3 27) (2 27) (2 26) (2 25) (2 24) (1 24) (25 24) 
Length: 11, 4
Vision: 3
Hungry, suplies: 10/10
Reproductive: 16, mutating: 0.25
Generation: 63976
####################################
Wall (up, right, down, left):
[-6, -2, -8, -14] [-3, 4, -6, -21] [-21, -18, -6, -18] [7, 11, 25, 10] [-4, 16, 39, 2] [5, -7, -27, -12] [0, -16, -4, -9]
[-43, -1, 14, -5] [38, 29, -5, 3] [-46, 13, 12, -4] [-40, 3, 30, 9] [28, 34, 11, 10] [-32, -17, -8, -24] [-21, -3, 7, 1]
[-10, 31, 30, 41] [-16, 33, -17, -13] [-13, 1, 67, -1] [-105, 25, 51, -5] [-41, -59, -19, 29] [-17, -28, -13, -5] [3, -23, -21, 2]
[-25, 57, -11, -30] [8, 0, 25, -40] [15, 40, 8, -134] [0, 0, 0, 0] [50, -118, 27, 18] [13, -18, -5, 3] [13, 10, 34, -4]
[2, -45, 21, 12] [3, -7, -23, -28] [-30, -19, -30, -41] [67, 6, -128, 34] [15, -9, -49, 58] [5, 23, -12, 16] [-7, -78, -24, 35]
[22, 23, 10, -23] [-35, 20, -2, 2] [29, -7, 31, -11] [-7, -6, -12, -7] [-9, -8, -37, -20] [-7, -28, -27, 14] [44, 9, 9, -3]
[-21, 13, 15, -19] [-4, -10, -52, -15] [18, 10, 34, 15] [-28, 21, -60, -25] [24, 4, -14, 36] [34, -12, -29, 28] [8, -7, 26, 0]
Food (up, right, down, left):
[16, 27, -31, 13] [-35, 30, 11, -25] [6, -15, 5, 9] [-9, 11, 59, 15] [19, -22, 52, -6] [14, -30, -21, -30] [-79, 20, 11, -29]
[-82, 20, -45, -13] [2, -35, -32, -1] [-1, 5, 35, 29] [-19, 15, -53, 48] [12, 27, 7, -60] [40, 7, -59, 8] [10, 1, 27, 52]
[-28, -8, 42, -32] [27, 10, -7, 27] [-30, -47, -24, 28] [64, -37, 22, -10] [3, -20, -15, -30] [-13, 17, -55, -28] [66, 37, 35, 29]
[13, 36, -14, 40] [-17, -8, -16, 23] [-7, -16, -25, -11] [0, 0, 0, 0] [-14, 52, -49, 6] [-8, -32, -44, -13] [-17, 49, -16, 2]
[13, 18, -19, 30] [21, 28, -4, 43] [20, -20, 36, 22] [-3, -51, 47, -17] [-2, 20, 10, -10] [18, 39, 17, 6] [-14, -30, -25, -10]
[8, -42, -15, 0] [7, 18, 8, -13] [21, -10, 26, 38] [-44, -32, 49, -22] [-56, -28, 16, -58] [-35, 55, 35, 18] [-7, 50, 34, 31]
[33, 15, -20, -10] [-12, -1, 29, -79] [32, 23, 5, -15] [8, -5, -15, -19] [79, 40, 17, -27] [-7, 37, 4, 0] [30, -33, 19, -19]
------------------------------
ALIVE
Head: (20 40)
Body: (20 40) (20 39) (19 39) (18 39) (17 39) (17 38) (17 37) (17 36) (18 36) (19 36) (20 36) (21 36) 
Length: 12, 4
Vision: 3
Hungry, suplies: 8/10
Reproductive: 16, mutating: 0.25
Generation: 63972
####################################
Wall (up, right, down, left):
[-6, -2, -8, -14] [-3, 4, -6, -21] [-21, -18, -6, -18] [7, 11, 25, 10] [-3, 16, 39, 2] [5, -7, -27, -12] [0, -16, -4, -9]
[-43, -1, 14, -5] [38, 29, -5, 3] [-46, 13, 12, -4] [-40, 3, 30, 9] [28, 34, 11, 10] [-32, -17, -8, -24] [-21, -3, 7, 1]
[-10, 31, 30, 41] [-16, 33, -17, -13] [-13, 1, 67, -1] [-105, 25, 51, -5] [-41, -59, -19, 29] [-17, -28, -13, -3] [3, -23, -21, 2]
[-25, 57, -11, -30] [8, 0, 25, -40] [15, 40, 8, -134] [0, 0, 0, 0] [50, -118, 27, 18] [13, -18, -5, 3] [13, 10, 34, -4]
[2, -45, 21, 12] [3, -7, -23, -28] [-30, -19, -30, -41] [67, 6, -128, 34] [15, -9, -49, 58] [5, 23, -12, 16] [-7, -78, -24, 35]
[22, 27, 10, -23] [-35, 20, -2, 2] [29, -7, 31, -11] [-7, -6, -12, -7] [-9, -8, -37, -20] [-7, -28, -27, 14] [44, 9, 9, -8]
[-21, 13, 15, -19] [-4, -10, -52, -15] [18, 10, 34, 16] [-28, 21, -60, -25] [24, 4, -14, 36] [34, -12, -29, 28] [8, -7, 26, 0]
Food (up, right, down, left):
[16, 27, -31, 13] [-35, 30, 11, -25] [6, -15, 5, 9] [-9, 11, 59, 15] [19, -22, 52, -8] [14, -30, -21, -30] [-79, 20, 11, -33]
[-82, 20, -45, -13] [2, -35, -32, -1] [-1, 5, 35, 29] [-19, 15, -53, 48] [12, 27, 7, -60] [40, 7, -59, 8] [10, 1, 27, 52]
[-28, -8, 42, -32] [27, 10, -7, 27] [-30, -47, -24, 28] [64, -37, 22, -10] [3, -20, -15, -30] [-13, 18, -55, -28] [66, 37, 35, 29]
[13, 36, -14, 40] [-17, -8, -16, 23] [-7, -16, -25, -11] [0, 0, 0, 0] [-14, 52, -49, 6] [-8, -32, -44, -13] [-17, 49, -16, 2]
[13, 18, -19, 30] [21, 28, -4, 43] [20, -20, 36, 22] [-3, -51, 47, -17] [-2, 20, 10, -10] [18, 39, 17, 6] [-14, -30, -25, -10]
[8, -42, -15, 0] [7, 18, 8, -13] [21, -10, 26, 38] [-44, -32, 49, -22] [-56, -28, 16, -58] [-35, 55, 35, 18] [-9, 50, 34, 31]
[33, 15, -20, -10] [-12, -1, 29, -79] [33, 23, 5, -15] [8, -8, -15, -19] [79, 40, 17, -27] [-7, 37, 4, 0] [30, -33, 19, -19]
------------------------------
ALIVE
Head: (15 12)
Body: (15 12) (15 11) (14 11) (13 11) (12 11) (12 10) (11 10) (10 10) (9 10) (9 9) (9 8) (8 8) (7 8) (7 7) 
Length: 14, 4
Vision: 3
Hungry, suplies: 10/10
Reproductive: 16, mutating: 0.25
Generation: 63975
####################################
Wall (up, right, down, left):
[-6, -2, -8, -14] [-3, 4, -6, -21] [-21, -18, -6, -18] [7, 11, 25, 10] [-4, 16, 39, 2] [5, -7, -27, -12] [0, -16, -4, -9]
[-43, -1, 14, -5] [38, 29, -5, 3] [-46, 13, 12, -4] [-40, 3, 30, 9] [28, 34, 11, 10] [-32, -17, -8, -24] [-21, -3, 7, 1]
[-10, 31, 30, 41] [-16, 33, -17, -13] [-13, 1, 67, -1] [-105, 25, 51, -5] [-41, -59, -19, 29] [-17, -28, -13, -3] [3, -23, -21, 2]
[-25, 57, -11, -30] [8, 0, 25, -40] [15, 40, 8, -134] [0, 0, 0, 0] [50, -118, 27, 18] [13, -18, -5, 3] [13, 10, 34, -4]
[2, -45, 21, 12] [3, -7, -23, -28] [-30, -19, -30, -41] [67, 6, -128, 34] [15, -9, -49, 58] [5, 23, -12, 16] [-7, -78, -24, 35]
[22, 27, 10, -23] [-35, 20, -2, 2] [29, -7, 31, -11] [-7, -6, -12, -7] [-9, -8, -37, -20] [-7, -28, -27, 14] [44, 9, 9, -3]
[-21, 13, 15, -19] [-4, -10, -52, -15] [18, 10, 34, 16] [-28, 21, -60, -25] [24, 4, -14, 36] [34, -12, -29, 28] [8, -7, 26, 0]
Food (up, right, down, left):
[16, 27, -31, 13] [-35, 30, 11, -25] [6, -15, 5, 9] [-9, 11, 59, 15] [19, -22, 52, -6] [14, -30, -21, -30] [-79, 20, 11, -29]
[-82, 20, -45, -13] [2, -35, -32, -1] [-1, 5, 35, 29] [-19, 15, -53, 48] [12, 27, 7, -60] [40, 7, -59, 8] [10, 1, 27, 52]
[-28, -8, 42, -32] [27, 10, -7, 27] [-30, -47, -24, 28] [64, -37, 22, -10] [3, -20, -15, -30] [-13, 18, -55, -28] [66, 37, 35, 29]
[13, 36, -14, 40] [-17, -8, -16, 23] [-7, -16, -25, -11] [0, 0, 0, 0] [-14, 52, -49, 6] [-8, -32, -44, -13] [-17, 49, -16, 2]
[13, 18, -19, 30] [21, 28, -4, 43] [20, -20, 36, 22] [-3, -51, 47, -17] [-2, 20, 10, -10] [18, 39, 17, 6] [-14, -30, -25, -10]
[8, -42, -15, 0] [7, 18, 8, -13] [21, -10, 26, 38] [-44, -32, 49, -22] [-56, -28, 16, -58] [-35, 55, 35, 18] [-7, 50, 34, 31]
[33, 15, -20, -10] [-12, -1, 29, -79] [33, 23, 5, -15] [8, -8, -15, -19] [79, 40, 17, -27] [-7, 37, 4, 0] [30, -33, 19, -19]
------------------------------
ALIVE
Head: (23 7)
Body: (23 7) (24 7) (24 6) (24 5) (24 4) (-1 3) (0 3) (1 3) (2 3) 
Length: 9, 4
Vision: 3
Hungry, suplies: 10/10
Reproductive: 16, mutating: 0.25
Generation: 63968
####################################
Wall (up, right, down, left):
[-6, -2, -8, -14] [-3, 4, -6, -21] [-21, -18, -6, -18] [7, 11, 25, 10] [-4, 16, 39, 2] [5, -7, -27, -12] [0, -16, -4, -9]
[-43, -1, 14, -5] [38, 29, -5, 3] [-46, 13, 12, -4] [-40, 3, 30, 9] [28, 34, 11, 10] [-32, -17, -8, -24] [-21, -3, 7, 1]
[-10, 31, 30, 41] [-16, 33, -17, -13] [-13, 1, 67, -1] [-105, 25, 51, -5] [-41, -59, -19, 26] [-17, -28, -13, -5] [3, -23, -21, 2]
[-25, 57, -11, -30] [8, 0, 25, -40] [15, 40, 8, -134] [0, 0, 0, 0] [50, -118, 27, 18] [13, -18, -5, 3] [13, 5, 34, -4]
[2, -45, 21, 12] [3, -7, -23, -28] [-30, -19, -30, -41] [67, 6, -128, 34] [15, -9, -49, 58] [5, 23, -12, 16] [-7, -78, -24, 35]
[22, 27, 10, -23] [-35, 20, -2, 2] [29, -7, 31, -11] [-4, -6, -12, -7] [-9, -8, -37, -20] [-7, -28, -27, 14] [44, 9, 9, -3]
[-21, 13, 15, -19] [-4, -10, -52, -15] [18, 10, 34, 16] [-28, 21, -60, -25] [24, 4, -14, 36] [34, -12, -29, 28] [8, -7, 26, 0]
Food (up, right, down, left):
[16, 27, -31, 13] [-35, 30, 11, -25] [6, -15, 5, 9] [-9, 11, 59, 15] [19, -22, 52, -6] [14, -30, -21, -30] [-79, 20, 11, -29]
[-82, 20, -45, -13] [2, -35, -32, -1] [-1, 5, 35, 29] [-19, 15, -53, 48] [12, 27, 7, -60] [40, 7, -59, 8] [10, 1, 27, 52]
[-28, -8, 42, -32] [27, 10, -7, 27] [-30, -47, -24, 28] [64, -37, 22, -10] [3, -18, -15, -30] [-13, 17, -55, -28] [66, 37, 35, 29]
[13, 36, -14, 40] [-17, -8, -16, 23] [-7, -16, -25, -11] [0, 0, 0, 0] [-14, 52, -49, 6] [-8, -32, -44, -13] [-17, 53, -16, 2]
[13, 18, -19, 30] [21, 28, -4, 43] [20, -20, 36, 22] [-3, -51, 47, -17] [-2, 20, 10, -10] [18, 39, 17, 10] [-14, -30, -25, -10]
[8, -42, -15, 0] [7, 18, 8, -13] [21, -10, 26, 38] [-44, -32, 49, -21] [-56, -28, 16, -58] [-35, 55, 35, 18] [-7, 50, 34, 31]
[33, 15, -20, -10] [-12, -1, 29, -79] [33, 23, 5, -15] [8, -8, -15, -19] [79, 40, 17, -27] [-7, 37, 4, 0] [30, -33, 19, -19]
------------------------------
ALIVE
Head: (18 18)
Body: (18 18) (18 17) (18 16) (18 15) (18 14) (17 14) (16 14) (15 14) (14 14) (13 14) (12 14) (11 14) 
Length: 12, 4
Vision: 3
Hungry, suplies: 7/10
Reproductive: 16, mutating: 0.25
Generation: 63969
####################################
Wall (up, right, down, left):
[-6, -2, -8, -14] [-3, 4, -6, -21] [-21, -18, -6, -18] [7, 11, 25, 10] [-4, 16, 39, 2] [5, -7, -27, -12] [0, -16, -4, -9]
[-43, -1, 14, -5] [38, 29, -5, 3] [-46, 13, 12, -4] [-40, 3, 30, 9] [28, 34, 11, 10] [-32, -17, -8, -24] [-21, -3, 7, 1]
[-10, 31, 30, 41] [-16, 33, -17, -13] [-13, 1, 67, -1] [-105, 25, 51, -5] [-41, -59, -19, 29] [-17, -28, -13, -5] [3, -23, -21, 2]
[-25, 57, -11, -30] [8, 0, 25, -40] [15, 40, 8, -134] [0, 0, 0, 0] [50, -118, 27, 18] [13, -18, -5, 3] [13, 5, 34, -4]
[2, -45, 21, 12] [3, -7, -23, -28] [-30, -19, -30, -41] [67, 6, -128, 34] [15, -9, -49, 58] [5, 23, -12, 16] [-7, -78, -29, 35]
[22, 27, 10, -23] [-35, 20, -2, 2] [29, -7, 31, -11] [-4, -6, -12, -7] [-9, -8, -37, -20] [-7, -28, -27, 14] [44, 9, 9, -3]
[-21, 13, 15, -20] [-4, -10, -52, -15] [18, 10, 34, 16] [-28, 21, -60, -25] [24, 4, -14, 36] [34, -12, -29, 28] [8, -7, 26, 5]
Food (up, right, down, left):
[16, 27, -31, 13] [-35, 30, 11, -25] [6, -15, 5, 9] [-9, 11, 59, 15] [19, -22, 52, -6] [14, -30, -21, -30] [-79, 20, 11, -29]
[-82, 20, -45, -13] [2, -35, -32, -1] [-1, 5, 35, 29] [-19, 15, -53, 48] [12, 27, 7, -60] [40, 7, -59, 8] [10, 1, 27, 52]
[-28, -8, 42, -32] [27, 10, -7, 27] [-30, -47, -24, 28] [64, -37, 22, -10] [3, -17, -15, -30] [-13, 17, -55, -28] [66, 37, 35, 29]
[13, 36, -14, 40] [-17, -8, -16, 23] [-7, -16, -25, -11] [0, 0, 0, 0] [-14, 52, -49, 6] [-8, -32, -44, -13] [-17, 53, -16, 2]
[13, 18, -19, 30] [21, 28, -4, 43] [20, -20, 36, 22] [-3, -51, 47, -17] [-2, 20, 10, -10] [18, 39, 17, 10] [-14, -30, -25, -6]
[8, -42, -15, 0] [7, 18, 8, -13] [21, -10, 26, 38] [-44, -32, 49, -21] [-56, -28, 16, -58] [-35, 55, 35, 18] [-7, 50, 34, 31]
[33, 12, -20, -10] [-12, -1, 29, -79] [33, 23, 5, -15] [8, -8, -15, -19] [79, 40, 17, -27] [-7, 37, 4, 0] [27, -33, 19, -19]
------------------------------
ALIVE
Head: (13 2)
Body: (13 2) (14 2) (15 2) (15 1) (14 1) (14 57) (14 56) (14 55) 
Length: 8, 4
Vision: 3
Hungry, suplies: 10/10
Reproductive: 16, mutating: 0.25
Generation: 63970
####################################
Wall (up, right, down, left):
[-6, -2, -8, -14] [-3, 4, -6, -21] [-21, -18, -6, -18] [7, 11, 25, 10] [-4, 16, 39, 2] [5, -7, -27, -12] [0, -16, -4, -9]
[-43, -1, 14, -5] [38, 29, -5, 3] [-46, 13, 12, -4] [-40, 3, 30, 9] [28, 34, 11, 10] [-32, -17, -8, -24] [-21, -3, 7, 1]
[-10, 31, 30, 41] [-16, 33, -17, -13] [-13, 1, 67, -1] [-105, 25, 51, -5] [-41, -59, -19, 29] [-17, -28, -13, -5] [3, -23, -21, 2]
[-25, 57, -11, -30] [8, 0, 25, -40] [15, 40, 8, -134] [0, 0, 0, 0] [50, -118, 27, 18] [13, -18, -5, 3] [13, 5, 34, -4]
[-1, -45, 21, 12] [3, -7, -23, -28] [-30, -19, -30, -41] [67, 6, -128, 34] [15, -9, -49, 58] [5, 23, -12, 16] [-7, -78, -24, 35]
[22, 27, 10, -23] [-35, 20, -2, 2] [29, -7, 31, -11] [-4, -6, -12, -7] [-9, -8, -37, -20] [-7, -28, -27, 14] [44, 9, 9, -3]
[-21, 13, 15, -19] [-4, -10, -47, -15] [18, 10, 34, 16] [-28, 21, -60, -25] [24, 4, -14, 36] [34, -12, -29, 28] [10, -7, 26, 0]
Food (up, right, down, left):
[16, 27, -31, 13] [-35, 30, 11, -25] [6, -15, 5, 9] [-9, 11, 59, 15] [19, -22, 52, -6] [14, -30, -21, -30] [-79, 20, 11, -29]
[-82, 20, -45, -13] [2, -35, -32, -1] [-1, 5, 35, 29] [-19, 15, -53, 48] [12, 27, 7, -60] [40, 7, -59, 8] [10, 1, 27, 52]
[-28, -8, 42, -32] [27, 10, -7, 27] [-30, -47, -24, 28] [64, -37, 22, -10] [3, -20, -15, -30] [-13, 17, -55, -28] [66, 37, 35, 29]
[13, 36, -14, 40] [-17, -8, -16, 23] [-7, -16, -25, -11] [0, 0, 0, 0] [-14, 52, -49, 6] [-8, -32, -44, -13] [-17, 53, -16, 2]
[13, 17, -19, 30] [21, 28, -4, 43] [20, -20, 36, 22] [-3, -51, 47, -17] [-2, 20, 10, -10] [18, 39, 17, 10] [-14, -30, -25, -10]
[8, -42, -15, 0] [7, 18, 8, -13] [21, -10, 26, 38] [-44, -32, 49, -21] [-56, -28, 16, -58] [-35, 55, 35, 18] [-7, 50, 34, 31]
[33, 15, -20, -10] [-12, -1, 33, -79] [33, 23, 5, -15] [8, -8, -15, -19] [79, 40, 17, -27] [-7, 37, 4, 0] [30, -33, 24, -19]
------------------------------
ALIVE
Head: (14 33)
Body: (14 33) (15 33) (16 33) (16 34) (16 35) (17 35) (18 35) (19 35) (20 35) 
Length: 9, 4
Vision: 3
Hungry, suplies: 6/10
Reproductive: 16, mutating: 0.25
Generation: 63970
####################################
Wall (up, right, down, left):
[-6, -2, -8, -14] [-3, 4, -6, -21] [-21, -18, -6, -18] [7, 11, 25, 10] [-4, 16, 39, 2] [5, -7, -27, -12] [0, -16, -4, -9]
[-43, -1, 14, -5] [38, 29, -5, 3] [-46, 13, 12, -4] [-40, 3, 30, 9] [28, 34, 11, 10] [-32, -17, -8, -24] [-21, -3, 7, 1]
[-10, 31, 30, 41] [-16, 33, -17, -13] [-13, 1, 67, -1] [-105, 25, 51, -5] [-41, -59, -19, 29] [-17, -28, -13, -5] [3, -23, -21, 2]
[-25, 57, -11, -30] [8, 0, 25, -40] [15, 40, 8, -135] [0, 0, 0, 0] [50, -118, 27, 18] [13, -18, -5, 3] [13, 5, 34, -4]
[2, -45, 21, 12] [3, -7, -23, -28] [-30, -19, -30, -41] [67, 6, -128, 34] [15, -9, -49, 58] [5, 23, -12, 16] [-7, -78, -24, 35]
[22, 27, 10, -23] [-35, 20, -2, 2] [29, -7, 31, -11] [-4, -6, -12, -7] [-9, -8, -37, -20] [-7, -28, -27, 14] [44, 9, 9, -3]
[-21, 13, 15, -19] [-4, -10, -47, -15] [18, 10, 34, 16] [-28, 21, -60, -25] [24, 4, -14, 36] [34, -12, -29, 28] [8, -7, 26, 0]
Food (up, right, down, left):
[16, 27, -31, 13] [-35, 30, 11, -25] [6, -15, 5, 9] [-9, 11, 59, 15] [19, -22, 52, -6] [14, -30, -21, -30] [-79, 20, 11, -29]
[-82, 20, -45, -13] [2, -35, -32, -1] [-1, 5, 35, 29] [-19, 15, -53, 48] [12, 27, 7, -60] [40, 7, -59, 8] [10, 1, 27, 52]
[-28, -8, 42, -32] [27, 10, -7, 27] [-30, -47, -24, 28] [64, -37, 22, -10] [3, -20, -15, -30] [-13, 17, -55, -28] [66, 37, 35, 29]
[13, 36, -14, 40] [-17, -8, -16, 23] [-3, -16, -25, -11] [0, 0, 0, 0] [-14, 52, -49, 6] [-8, -32, -44, -13] [-17, 53, -16, 2]
[13, 18, -19, 30] [21, 28, -4, 43] [20, -20, 36, 22] [-3, -51, 47, -17] [-2, 20, 10, -10] [18, 39, 17, 10] [-14, -30, -25, -10]
[8, -42, -15, 0] [7, 18, 8, -13] [21, -10, 26, 38] [-44, -32, 49, -21] [-56, -28, 16, -58] [-35, 55, 35, 18] [-7, 50, 34, 31]
[33, 15, -20, -10] [-12, -1, 33, -79] [33, 23, 5, -15] [8, -8, -15, -19] [79, 40, 17, -27] [-7, 37, 4, 0] [30, -33, 19, -19]
------------------------------
ALIVE
Head: (24 28)
Body: (-1 28) (0 28) (1 28) (2 28) (3 28) (3 29) (3 30) (4 30) (5 30) (5 31) (4 31) (3 31) 
Length: 12, 4
Vision: 3
Hungry, suplies: 3/10
Reproductive: 16, mutating: 0.25
Generation: 63971
####################################
Wall (up, right, down, left):
[-6, -2, -8, -14] [-3, 4, -4, -21] [-21, -18, -5, -18] [7, 11, 25, 10] [1, 14, 39, 2] [5, -7, -27, -12] [0, -16, -4, -9]
[-43, -1, 14, -5] [38, 29, -5, 3] [-46, 13, 12, -4] [-40, 3, 30, 9] [28, 34, 11, 10] [-32, -17, -8, -24] [-21, -3, 7, 1]
[-9, 31, 30, 41] [-16, 33, -17, -13] [-13, 1, 67, -1] [-105, 25, 51, -5] [-41, -59, -18, 29] [-17, -28, -13, -5] [3, -23, -21, 2]
[-25, 57, -11, -30] [8, 0, 25, -40] [15, 40, 8, -134] [0, 0, 0, 0] [50, -122, 27, 18] [13, -18, -5, 3] [13, 10, 34, -4]
[2, -45, 21, 12] [3, -11, -23, -28] [-30, -19, -28, -41] [67, 6, -128, 34] [15, -9, -49, 58] [5, 23, -12, 17] [-7, -78, -24, 35]
[22, 27, 10, -23] [-35, 20, -2, 2] [29, -7, 31, -11] [-7, -6, -12, -7] [-9, -8, -37, -20] [-7, -28, -27, 14] [44, 9, 9, -3]
[-21, 13, 15, -19] [-4, -10, -52, -15] [18, 10, 30, 16] [-28, 21, -60, -25] [24, 4, -14, 36] [34, -12, -29, 28] [8, -7, 26, 0]
Food (up, right, down, left):
[16, 27, -31, 13] [-35, 30, 7, -25] [8, -15, 5, 9] [-9, 11, 59, 15] [21, -17, 52, -6] [14, -30, -21, -30] [-79, 20, 11, -29]
[-82, 20, -45, -13] [2, -35, -32, -1] [-1, 5, 35, 29] [-19, 15, -53, 48] [12, 27, 7, -60] [40, 7, -59, 8] [10, 1, 27, 52]
[-28, -8, 37, -32] [27, 10, -7, 27] [-30, -47, -24, 28] [64, -37, 22, -10] [3, -19, -15, -30] [-13, 17, -55, -28] [66, 37, 35, 29]
[13, 36, -14, 40] [-17, -8, -16, 23] [-7, -16, -25, -11] [0, 0, 0, 0] [-16, 52, -49, 6] [-8, -32, -44, -13] [-17, 49, -16, 2]
[13, 18, -19, 30] [21, 28, -4, 43] [20, -20, 40, 22] [-3, -51, 47, -17] [-2, 20, 10, -10] [18, 36, 17, 6] [-14, -30, -25, -9]
[8, -42, -15, 0] [7, 13, 8, -13] [21, -10, 26, 38] [-44, -32, 49, -22] [-56, -28, 16, -58] [-35, 55, 35, 18] [-7, 50, 34, 31]
[33, 15, -20, -10] [-12, -1, 29, -79] [32, 23, 5, -15] [8, -8, -15, -19] [79, 40, 17, -27] [-7, 37, 4, 0] [30, -33, 19, -19]
------------------------------
ALIVE
Head: (11 23)
Body: (11 23) (11 22) (10 22) (10 21) (10 20) (9 20) (8 20) (8 19) (7 19) (6 19) (5 19) 
Length: 11, 4
Vision: 3
Hungry, suplies: 8/10
Reproductive: 16, mutating: 0.25
Generation: 63977
####################################
Wall (up, right, down, left):
[-6, -2, -8, -14] [-3, 4, -6, -21] [-21, -18, -6, -18] [7, 11, 25, 10] [-4, 16, 39, 2] [5, -7, -27, -12] [0, -16, -4, -9]
[-43, -1, 14, -5] [38, 29, -5, 3] [-46, 13, 12, -4] [-40, 3, 30, 9] [28, 34, 11, 10] [-32, -17, -8, -24] [-21, -3, 7, 1]
[-10, 31, 30, 41] [-16, 33, -17, -13] [-13, 1, 67, -1] [-105, 25, 51, -5] [-41, -59, -19, 29] [-17, -28, -13, -5] [3, -23, -21, 2]
[-25, 57, -11, -30] [8, 0, 25, -40] [15, 40, 8, -134] [0, 0, 0, 0] [50, -118, 27, 18] [13, -18, -5, 3] [13, 5, 34, -4]
[2, -45, 21, 12] [3, -7, -23, -28] [-30, -19, -30, -41] [67, 6, -128, 34] [15, -9, -49, 58] [5, 23, -12, 16] [-7, -78, -24, 35]
[22, 27, 10, -23] [-35, 20, -2, 2] [29, -7, 31, -11] [-4, -6, -12, -7] [-9, -8, -37, -20] [-7, -28, -27, 14] [44, 9, 9, -3]
[-21, 13, 15, -19] [-4, -10, -47, -15] [18, 10, 34, 16] [-28, 21, -60, -25] [24, 4, -14, 36] [34, -12, -29, 28] [8, -7, 26, 0]
Food (up, right, down, left):
[16, 27, -31, 13] [-35, 30, 11, -25] [6, -15, 5, 9] [-9, 11, 59, 15] [19, -22, 52, -6] [14, -30, -21, -30] [-79, 20, 11, -29]
[-82, 20, -45, -13] [2, -35, -32, -1] [-1, 5, 35, 29] [-19, 15, -53, 48] [12, 27, 7, -60] [40, 7, -59, 8] [10, 1, 27, 52]
[-28, -8, 42, -32] [27, 10, -7, 27] [-30, -47, -24, 28] [64, -37, 22, -10] [3, -20, -15, -30] [-13, 17, -55, -28] [66, 37, 35, 29]
[13, 36, -14, 40] [-17, -8, -16, 23] [-7, -16, -25, -11] [0, 0, 0, 0] [-14, 52, -49, 6] [-8, -32, -44, -13] [-17, 53, -16, 2]
[13, 18, -19, 30] [21, 28, -4, 43] [20, -20, 36, 22] [-3, -51, 47, -17] [-2, 20, 10, -10] [18, 39, 17, 10] [-14, -30, -25, -10]
[8, -42, -15, 0] [7, 18, 8, -13] [21, -10, 26, 38] [-44, -32, 49, -21] [-56, -28, 16, -58] [-35, 55, 35, 18] [-7, 50, 34, 31]
[33, 15, -20, -10] [-12, -1, 33, -79] [33, 23, 5, -15] [8, -8, -15, -19] [79, 40, 17, -27] [-7, 37, 4, 0] [30, -33, 19, -19]
------------------------------
ALIVE
Head: (15 38)
Body: (15 38) (16 38) (16 37) (16 36) (15 36) (14 36) (13 36) (12 36) (12 37) (11 37) 
Length: 10, 4
Vision: 3
Hungry, suplies: 9/10
Reproductive: 16, mutating: 0.25
Generation: 63970
####################################
Wall (up, right, down, left):
[-6, -2, -8, -14] [-3, 4, -6, -21] [-21, -18, -6, -18] [7, 11, 25, 10] [-3, 16, 39, 2] [5, -7, -27, -12] [0, -16, -4, -9]
[-43, -1, 14, -5] [38, 29, -5, 3] [-46, 13, 12, -4] [-40, 3, 30, 9] [28, 34, 11, 10] [-32, -17, -8, -24] [-21, -3, 7, 1]
[-10, 31, 30, 41] [-16, 34, -17, -13] [-13, 1, 67, -1] [-105, 25, 51, -5] [-41, -59, -19, 29] [-17, -28, -13, -3] [3, -23, -21, 2]
[-25, 57, -11, -30] [8, 0, 25, -40] [15, 40, 8, -134] [0, 0, 0, 0] [50, -118, 27, 18] [13, -18, -5, 3] [13, 10, 34, -4]
[2, -45, 21, 12] [3, -7, -23, -28] [-30, -19, -30, -41] [67, 6, -128, 34] [15, -9, -49, 58] [5, 23, -12, 16] [-7, -78, -24, 35]
[22, 27, 10, -23] [-35, 20, -2, 2] [29, -7, 31, -11] [-7, -6, -12, -7] [-9, -8, -37, -20] [-7, -28, -27, 14] [44, 9, 9, -8]
[-21, 13, 15, -19] [-4, -10, -52, -15] [18, 10, 34, 16] [-28, 21, -60, -25] [24, 4, -14, 36] [34, -12, -29, 28] [8, -7, 26, 0]
Food (up, right, down, left):
[16, 27, -31, 13] [-35, 30, 11, -25] [6, -15, 5, 9] [-9, 11, 59, 15] [19, -22, 52, -8] [14, -30, -21, -30] [-79, 20, 11, -29]
[-82, 20, -45, -13] [2, -35, -32, -1] [-1, 5, 35, 29] [-19, 15, -53, 48] [12, 27, 7, -60] [40, 7, -59, 8] [10, 1, 27, 52]
[-28, -8, 42, -32] [27, 15, -7, 27] [-30, -47, -24, 28] [64, -37, 22, -10] [3, -20, -15, -30] [-13, 18, -55, -28] [66, 37, 35, 29]
[13, 36, -14, 40] [-17, -8, -16, 23] [-7, -16, -25, -11] [0, 0, 0, 0] [-14, 52, -49, 6] [-8, -32, -44, -13] [-17, 49, -16, 2]
[13, 18, -19, 30] [21, 28, -4, 43] [20, -20, 36, 22] [-3, -51, 47, -17] [-2, 20, 10, -10] [18, 39, 17, 6] [-14, -30, -25, -10]
[8, -42, -15, 0] [7, 18, 8, -13] [21, -10, 26, 38] [-44, -32, 49, -22] [-56, -28, 16, -58] [-35, 55, 35, 18] [-9, 50, 34, 31]
[33, 15, -20, -10] [-12, -1, 29, -79] [33, 23, 5, -15] [8, -8, -15, -19] [79, 40, 17, -27] [-7, 37, 4, 0] [30, -33, 19, -19]
------------------------------
ALIVE
Head: (6 5)
Body: (6 5) (5 5) (5 4) (5 3) (5 2) (5 1) (6 1) (6 2) 
Length: 8, 4
Vision: 3
Hungry, suplies: 6/10
Reproductive: 16, mutating: 0.25
Generation: 63973
####################################
Wall (up, right, down, left):
[-6, -2, -8, -14] [-3, 4, -4, -21] [-21, -18, -5, -18] [7, 11, 25, 10] [-4, 14, 39, 2] [5, -7, -27, -12] [0, -16, -4, -9]
[-43, -1, 14, -5] [38, 29, -5, 3] [-46, 13, 12, -4] [-40, 3, 30, 9] [28, 34, 11, 10] [-32, -17, -8, -24] [-21, -3, 7, 1]
[-9, 31, 30, 41] [-16, 33, -17, -13] [-15, 1, 67, -1] [-105, 25, 51, -5] [-41, -59, -19, 29] [-17, -28, -13, -5] [3, -23, -21, 2]
[-25, 57, -11, -30] [8, 0, 25, -40] [15, 40, 8, -134] [0, 0, 0, 0] [50, -122, 27, 18] [13, -18, -5, 3] [13, 10, 34, -4]
[2, -45, 21, 12] [3, -11, -23, -28] [-30, -19, -28, -41] [67, 6, -128, 34] [15, -9, -49, 58] [5, 23, -12, 17] [-7, -78, -24, 35]
[22, 27, 10, -23] [-35, 20, -2, 2] [29, -7, 31, -11] [-7, -6, -12, -7] [-9, -8, -37, -20] [-7, -28, -27, 14] [44, 9, 9, -3]
[-21, 13, 15, -19] [-4, -10, -52, -15] [18, 10, 30, 16] [-28, 21, -60, -25] [24, 4, -14, 36] [34, -12, -29, 28] [8, -7, 26, 0]
Food (up, right, down, left):
[16, 27, -31, 13] [-35, 30, 7, -25] [8, -15, 5, 9] [-9, 11, 59, 15] [21, -22, 52, -6] [14, -30, -21, -30] [-79, 20, 11, -29]
[-82, 20, -45, -13] [2, -35, -32, -1] [-1, 5, 35, 29] [-19, 15, -53, 48] [12, 27, 7, -60] [40, 7, -59, 8] [10, 1, 27, 52]
[-28, -8, 37, -32] [27, 10, -7, 27] [-30, -44, -24, 28] [64, -37, 22, -10] [3, -20, -15, -30] [-13, 17, -55, -28] [66, 37, 35, 29]
[13, 36, -14, 40] [-17, -8, -16, 23] [-7, -16, -25, -11] [0, 0, 0, 0] [-16, 52, -49, 6] [-8, -32, -44, -13] [-17, 49, -16, 2]
[13, 18, -19, 30] [21, 28, -4, 43] [20, -20, 40, 22] [-3, -51, 47, -17] [-2, 20, 10, -10] [18, 36, 17, 6] [-14, -30, -25, -9]
[8, -42, -15, 0] [7, 13, 8, -13] [21, -10, 26, 38] [-44, -32, 49, -22] [-56, -28, 16, -58] [-35, 55, 35, 18] [-7, 50, 34, 31]
[33, 15, -20, -10] [-12, -1, 29, -79] [32, 23, 5, -15] [8, -8, -15, -19] [79, 40, 17, -27] [-7, 37, 4, 0] [30, -33, 19, -19]
------------------------------
ALIVE
Head: (21 52)
Body: (21 52) (21 51) (21 50) (21 49) (21 48) (22 48) (23 48) (24 48) 
Length: 8, 4
Vision: 3
Hungry, suplies: 7/10
Reproductive: 16, mutating: 0.25
Generation: 63978
####################################
Wall (up, right, down, left):
[-6, -2, -8, -14] [-3, 4, -6, -21] [-21, -18, -6, -18] [7, 11, 25, 10] [-4, 16, 39, 2] [5, -7, -27, -12] [0, -16, -4, -9]
[-43, -1, 14, -5] [38, 29, -5, 3] [-46, 13, 12, -4] [-40, 3, 30, 9] [28, 34, 11, 10] [-32, -17, -8, -24] [-21, -3, 7, 1]
[-10, 31, 30, 41] [-16, 33, -17, -13] [-13, 1, 67, -1] [-105, 25, 51, -5] [-41, -59, -19, 29] [-17, -28, -13, -5] [3, -23, -21, 2]
[-25, 57, -11, -30] [8, 0, 25, -40] [15, 40, 8, -134] [0, 0, 0, 0] [50, -118, 27, 18] [13, -18, -5, 3] [13, 5, 34, -4]
[2, -45, 21, 12] [3, -7, -23, -28] [-30, -19, -31, -41] [67, 6, -128, 34] [15, -9, -49, 58] [5, 23, -12, 16] [-7, -78, -29, 35]
[22, 27, 10, -23] [-35, 20, -2, 2] [29, -7, 31, -11] [-4, -6, -12, -7] [-9, -8, -37, -20] [-7, -28, -27, 14] [44, 9, 9, -3]
[-21, 13, 15, -20] [-4, -10, -52, -15] [18, 10, 34, 16] [-28, 21, -60, -25] [24, 4, -14, 36] [34, -12, -29, 28] [8, -7, 26, 5]
Food (up, right, down, left):
[16, 27, -31, 13] [-35, 30, 11, -25] [6, -15, 5, 9] [-9, 11, 59, 15] [19, -22, 52, -6] [14, -30, -21, -30] [-79, 20, 11, -29]
[-82, 20, -45, -13] [2, -35, -32, -1] [-1, 5, 35, 29] [-19, 15, -53, 48] [12, 27, 7, -60] [40, 7, -59, 8] [10, 1, 27, 52]
[-28, -8, 42, -32] [27, 10, -7, 27] [-30, -47, -24, 28] [64, -37, 22, -10] [3, -17, -15, -30] [-13, 17, -55, -28] [66, 37, 35, 29]
[13, 36, -14, 40] [-17, -8, -16, 23] [-7, -16, -25, -11] [0, 0, 0, 0] [-14, 52, -49, 6] [-8, -32, -44, -13] [-17, 53, -16, 2]
[13, 18, -19, 30] [21, 28, -4, 43] [20, -20, 36, 24] [-3, -51, 47, -17] [-2, 20, 10, -10] [18, 39, 17, 10] [-14, -30, -25, -6]
[8, -42, -15, 0] [7, 18, 8, -13] [21, -10, 26, 38] [-44, -32, 49, -21] [-56, -28, 16, -58] [-35, 55, 35, 18] [-7, 50, 34, 31]
[33, 12, -20, -10] [-12, -1, 29, -79] [33, 23, 5, -15] [8, -8, -15, -19] [79, 40, 17, -27] [-7, 37, 4, 0] [27, -33, 19, -19]
------------------------------
ALIVE
Head: (22 42)
Body: (22 42) (23 42) (23 41) (23 40) (24 40) (0 40) (1 40) (1 41) (2 41) 
Length: 9, 4
Vision: 3
Hungry, suplies: 9/10
Reproductive: 16, mutating: 0.25
Generation: 63972
####################################
