Wall (up, right, down, left):
[7, -10, -17, 1] [0, -11, -18, -7] [-9, 4, 1, -10] [4, 4, 19, 8] [-15, 9, 31, -22] [-1, 3, 9, -22] [-34, -16, -16, -17]
[3, 8, 17, -8] [14, 21, 3, 9] [-11, 18, 4, -7] [-23, 18, 6, 4] [23, 7, -4, -4] [-13, -10, 4, 11] [-13, -7, 25, -11]
[-8, 5, 38, 4] [-6, 6, -10, 17] [-21, 2, 26, -5] [-61, 17, 35, 30] [-39, -30, -31, 10] [-7, -26, 12, 26] [-18, -11, -7, -17]
[5, 10, 2, -32] [8, -5, 11, -34] [1, 14, -1, -88] [0, 0, 0, 0] [31, -86, 19, 10] [15, -7, 1, 22] [0, 13, 10, 0]
[-15, -19, -11, -7] [17, 12, -8, 5] [2, 13, -15, -5] [22, 11, -64, 24] [-1, -13, -15, 37] [11, 12, -10, 4] [-19, -35, 7, 16]
[12, 12, 2, 15] [13, 4, -6, -16] [9, 4, 16, -9] [-8, 5, -24, 1] [9, 18, -7, 15] [29, 0, -15, 2] [31, 9, 0, 14]
[4, -11, -14, -10] [4, 3, -3, -3] [3, -1, 12, -7] [-11, 19, -22, -6] [29, 13, -10, 8] [21, -2, -19, 13] [0, -1, 3, 2]
Food (up, right, down, left):
[30, 7, 1, 15] [-9, 7, -6, -35] [21, -15, -14, 19] [-8, -1, 17, 20] [-3, 16, -5, -1] [-2, -6, 10, -10] [-25, 21, 3, -14]
[-53, -5, -13, -26] [-3, -9, -14, -11] [-11, 23, 3, 17] [-4, 14, -26, 25] [11, 12, 3, -35] [26, -10, -21, 8] [7, -4, 8, 10]
[-22, 19, -3, -29] [-10, -7, -5, 30] [-28, -24, -18, 12] [32, -15, 14, -5] [-13, -7, -6, -5] [-5, 8, -37, -30] [16, 21, 2, 25]
[12, 1, 15, 27] [-16, -6, -32, 26] [1, 3, -25, -11] [0, 0, 0, 0] [-29, 47, -23, 2] [-26, 0, -19, -1] [-8, 18, -13, 7]
[-19, 22, -6, 19] [8, -1, 16, 19] [26, -14, 29, -8] [-20, -14, 17, -8] [-5, -4, 19, -35] [-6, 45, 14, 20] [16, 7, -1, -49]
[21, -10, -1, -8] [-6, 14, 23, 15] [8, 19, 8, 18] [-7, -20, 16, -21] [-13, -30, -8, -23] [-9, 24, -12, 18] [9, 47, -11, 17]
[-4, 1, -19, -5] [9, -2, 11, -21] [9, 20, 4, -11] [4, 17, 40, -40] [28, 31, -5, -3] [8, 35, 8, -7] [24, -27, 15, -21]
------------------------------
ALIVE
Head: (18 39)
Body: (18 39) (17 39) (17 38) (17 37) (17 36) (17 35) (16 35) (16 34) 
Length: 8, 4
Vision: 3
Hungry, suplies: 9/10
Reproductive: 16, mutating: 0.25
Generation: 28924
####################################
Wall (up, right, down, left):
[7, -10, -18, 1] [0, -8, -18, -7] [-9, 4, 1, -10] [4, 4, 19, 8] [-15, 9, 31, -22] [-1, 3, 9, -22] [-29, -16, -11, -15]
[3, 8, 17, -8] [14, 21, 3, 9] [-11, 17, 4, -7] [-23, 18, 6, 4] [23, 6, -4, 1] [-13, -10, 4, 11] [-13, -7, 25, -11]
[-8, 7, 33, 4] [-6, 6, -10, 17] [-21, 2, 24, -5] [-61, 15, 35, 30] [-44, -30, -31, 10] [-7, -23, 10, 26] [-18, -11, -7, -17]
[5, 10, 2, -32] [8, -5, 11, -34] [1, 14, -1, -88] [0, 0, 0, 0] [31, -86, 19, 10] [15, -7, 1, 22] [0, 13, 10, -4]
[-15, -19, -11, -7] [17, 12, -8, 9] [1, 13, -15, -5] [22, 11, -64, 24] [-1, -13, -15, 37] [11, 12, -10, 4] [-19, -35, 7, 16]
[12, 12, 6, 15] [13, 4, -6, -16] [9, 4, 16, -5] [-8, 8, -24, 1] [9, 20, -7, 15] [29, 0, -15, 2] [31, 9, 0, 14]
[4, -11, -14, -10] [4, 3, -3, -3] [3, -1, 12, -7] [-11, 19, -22, -6] [25, 13, -10, 8] [21, -2, -15, 13] [0, -1, 3, 2]
Food (up, right, down, left):
[30, 7, -1, 15] [-9, 7, -4, -35] [21, -15, -14, 19] [-8, -1, 17, 20] [-3, 16, -5, -1] [-2, -6, 10, -10] [-25, 21, 11, -18]
[-53, -5, -13, -26] [-3, -9, -14, -11] [-11, 27, 3, 17] [-4, 14, -26, 25] [11, 12, 2, -34] [26, -10, -21, 8] [7, -4, 8, 10]
[-19, 19, -3, -30] [-10, -7, -5, 30] [-27, -24, -18, 12] [32, -15, 15, -1] [-17, -7, -6, -4] [-4, 3, -37, -30] [16, 21, 2, 25]
[12, 1, 15, 27] [-16, -6, -32, 26] [1, 3, -25, -11] [0, 0, 0, 0] [-29, 47, -23, 2] [-26, 0, -19, -1] [-8, 18, -13, 5]
[-19, 22, -6, 19] [8, -1, 13, 19] [26, -14, 29, -4] [-20, -14, 17, -8] [-5, -4, 19, -35] [-6, 45, 14, 20] [16, 7, -1, -49]
[21, -8, -1, -8] [-6, 14, 23, 15] [8, 19, 8, 19] [-7, -20, 16, -21] [-15, -30, -8, -23] [-9, 24, -12, 18] [9, 47, -11, 17]
[-4, 1, -19, -5] [9, -2, 11, -21] [9, 20, 4, -11] [4, 17, 40, -40] [28, 31, -5, -7] [8, 35, 8, -7] [24, -27, 15, -21]
------------------------------
ALIVE
Head: (2 7)
Body: (2 7) (3 7) (4 7) (4 8) (3 8) (2 8) (1 8) (0 8) (0 7) 
Length: 9, 4
Vision: 3
Hungry, suplies: 10/10
Reproductive: 16, mutating: 0.25
Generation: 28917
####################################
Wall (up, right, down, left):
[7, -10, -18, 1] [0, -11, -18, -7] [-9, 4, 1, -10] [4, 4, 19, 8] [-15, 9, 31, -22] [-1, 3, 9, -22] [-34, -16, -16, -17]
[3, 8, 17, -8] [14, 21, 3, 9] [-11, 18, 4, -7] [-23, 18, 6, 4] [23, 7, -4, -4] [-13, -10, 4, 11] [-13, -7, 25, -11]
[-8, 5, 38, 4] [-6, 6, -10, 17] [-21, 2, 26, -5] [-61, 17, 35, 30] [-39, -30, -31, 10] [-7, -26, 10, 26] [-18, -11, -7, -17]
[5, 10, 2, -32] [8, -5, 11, -34] [1, 14, -1, -88] [0, 0, 0, 0] [31, -86, 19, 10] [15, -7, 1, 22] [0, 13, 10, 0]
[-15, -19, -11, -7] [17, 12, -8, 5] [2, 13, -15, -5] [22, 11, -64, 24] [-1, -13, -15, 37] [11, 12, -10, 4] [-19, -35, 7, 16]
[12, 12, 2, 15] [13, 4, -6, -16] [9, 4, 16, -9] [-8, 5, -24, 1] [6, 18, -7, 15] [29, 0, -15, 2] [31, 9, 0, 14]
[4, -11, -14, -10] [4, -1, -3, -3] [3, -1, 12, -7] [-11, 19, -22, -6] [29, 13, -10, 8] [21, -2, -19, 13] [0, -1, 3, 2]
Food (up, right, down, left):
[30, 7, -1, 15] [-9, 7, -6, -35] [21, -15, -14, 19] [-8, -1, 17, 20] [-3, 16, -5, -1] [-2, -6, 10, -10] [-25, 21, 3, -14]
[-53, -5, -13, -26] [-3, -9, -14, -11] [-11, 23, 3, 17] [-4, 14, -26, 25] [11, 12, 3, -35] [26, -10, -21, 8] [7, -4, 8, 10]
[-22, 19, -3, -29] [-10, -7, -5, 30] [-28, -24, -18, 12] [32, -15, 14, -5] [-13, -7, -6, -5] [-5, 3, -37, -30] [16, 21, 2, 25]
[12, 1, 15, 27] [-16, -6, -32, 26] [1, 3, -25, -11] [0, 0, 0, 0] [-29, 47, -23, 2] [-26, 0, -19, -1] [-8, 18, -13, 7]
[-19, 22, -6, 19] [8, -1, 16, 19] [26, -14, 29, -8] [-20, -14, 17, -8] [-5, -4, 19, -35] [-6, 45, 14, 20] [16, 7, -1, -49]
[21, -10, -1, -8] [-6, 14, 23, 15] [8, 19, 8, 18] [-7, -20, 16, -21] [-16, -30, -8, -23] [-9, 24, -12, 18] [9, 47, -11, 17]
[-4, 1, -19, -5] [4, -2, 11, -21] [9, 20, 4, -11] [4, 17, 40, -40] [28, 31, -5, -3] [8, 35, 8, -7] [24, -27, 15, -21]
------------------------------
ALIVE
Head: (3 19)
Body: (3 19) (2 19) (2 18) (1 18) (0 18) (0 17) (0 16) 
Length: 7, 4
Vision: 3
Hungry, suplies: 4/10
Reproductive: 16, mutating: 0.25
Generation: 28923
####################################
Wall (up, right, down, left):
[7, -10, -18, 1] [0, -8, -18, -7] [-9, 4, 1, -10] [4, 4, 19, 8] [-15, 9, 31, -22] [-1, 3, 9, -22] [-29, -16, -11, -15]
[3, 8, 17, -8] [14, 21, 3, 9] [-11, 17, 4, -7] [-23, 18, 6, 4] [23, 6, -4, 1] [-13, -10, 4, 11] [-13, -7, 25, -11]
[-8, 7, 33, 4] [-6, 6, -10, 17] [-21, 2, 24, -5] [-61, 15, 35, 30] [-44, -30, -31, 10] [-7, -26, 10, 26] [-21, -11, -7, -17]
[5, 10, 2, -32] [8, -5, 11, -34] [1, 14, -1, -88] [0, 0, 0, 0] [31, -86, 19, 10] [15, -7, 1, 22] [0, 13, 10, -4]
[-15, -19, -11, -7] [17, 12, -8, 9] [1, 13, -15, -5] [22, 11, -64, 24] [-1, -13, -15, 37] [11, 12, -10, 4] [-19, -35, 7, 16]
[12, 12, 6, 15] [13, 4, -6, -16] [9, 4, 16, -5] [-8, 5, -24, 1] [9, 20, -7, 15] [29, 0, -15, 2] [31, 9, 0, 14]
[4, -11, -14, -10] [4, 3, -3, -3] [3, -1, 12, -7] [-11, 19, -22, -6] [29, 13, -10, 8] [21, -2, -15, 13] [0, -1, 3, 2]
Food (up, right, down, left):
[30, 7, -1, 15] [-9, 7, -4, -35] [21, -15, -14, 19] [-8, -1, 17, 20] [-3, 16, -5, -1] [-2, -6, 10, -10] [-25, 21, 11, -18]
[-53, -5, -13, -26] [-3, -9, -14, -11] [-11, 27, 3, 17] [-4, 14, -26, 25] [11, 12, 2, -34] [26, -10, -21, 8] [7, -4, 8, 10]
[-19, 19, -3, -30] [-10, -7, -5, 30] [-27, -24, -18, 12] [32, -15, 15, -1] [-17, -7, -6, -4] [-5, 3, -37, -30] [16, 21, 2, 25]
[12, 1, 15, 27] [-16, -6, -32, 26] [1, 3, -25, -11] [0, 0, 0, 0] [-29, 47, -23, 2] [-26, 0, -19, -1] [-8, 18, -13, 5]
[-19, 22, -6, 19] [8, -1, 13, 19] [26, -14, 29, -4] [-20, -14, 17, -8] [-5, -4, 19, -35] [-6, 45, 14, 20] [16, 7, -1, -49]
[21, -8, -1, -8] [-6, 14, 23, 15] [8, 19, 8, 19] [-7, -20, 16, -21] [-15, -30, -8, -23] [-9, 24, -12, 18] [9, 47, -11, 17]
[-4, 1, -19, -5] [9, -2, 11, -21] [9, 20, 4, -11] [4, 17, 40, -40] [28, 31, -5, -3] [8, 35, 8, -7] [24, -27, 15, -21]
------------------------------
ALIVE
Head: (22 48)
Body: (22 48) (21 48) (21 49) (21 50) (21 51) (20 51) (20 50) (20 49) (20 48) (20 47) (21 47) (21 46) 
Length: 12, 4
Vision: 3
Hungry, suplies: 4/10
Reproductive: 16, mutating: 0.25
Generation: 28916
####################################
Wall (up, right, down, left):
[7, -10, -18, 1] [0, -11, -18, -7] [-9, 4, 1, -10] [4, 4, 19, 8] [-15, 9, 31, -22] [-1, 3, 9, -22] [-34, -16, -16, -17]
[3, 8, 17, -8] [14, 21, 3, 9] [-11, 18, 4, -7] [-23, 23, 6, 4] [23, 7, -4, -4] [-13, -10, 4, 11] [-13, -7, 25, -11]
[-8, 5, 38, 4] [-6, 6, -10, 17] [-21, 2, 26, -5] [-61, 17, 35, 30] [-39, -30, -31, 10] [-7, -26, 10, 26] [-18, -11, -7, -17]
[5, 10, 2, -32] [8, -5, 11, -34] [1, 14, -1, -88] [0, 0, 0, 0] [31, -86, 19, 10] [15, -7, 1, 22] [0, 13, 10, 0]
[-15, -19, -11, -7] [17, 12, -8, 5] [2, 13, -15, -5] [22, 11, -64, 24] [-1, -13, -15, 38] [11, 12, -10, 4] [-19, -35, 7, 16]
[12, 12, 2, 15] [13, 4, -6, -16] [9, 4, 16, -9] [-8, 5, -24, 1] [6, 18, -7, 15] [29, 0, -15, 2] [31, 9, 0, 14]
[4, -11, -14, -10] [4, -6, -3, -3] [3, -1, 12, -7] [-11, 19, -22, -6] [29, 13, -10, 8] [21, -2, -19, 13] [0, -1, 3, 2]
Food (up, right, down, left):
[30, 7, -1, 15] [-9, 7, -6, -35] [21, -15, -14, 19] [-8, -1, 17, 20] [-3, 16, -5, -1] [-2, -6, 10, -10] [-25, 21, 3, -14]
[-53, -5, -13, -26] [-3, -9, -14, -11] [-11, 23, 3, 17] [-6, 14, -26, 25] [11, 12, 3, -35] [26, -10, -21, 8] [7, -4, 8, 10]
[-22, 19, -3, -29] [-10, -7, -5, 30] [-28, -24, -18, 12] [32, -15, 14, -5] [-13, -7, -6, -5] [-5, 3, -37, -30] [16, 21, 2, 25]
[12, 1, 15, 27] [-16, -6, -32, 26] [1, 3, -25, -11] [0, 0, 0, 0] [-29, 47, -23, 2] [-26, 0, -19, -1] [-8, 18, -13, 7]
[-19, 22, -6, 19] [8, -1, 16, 19] [26, -14, 29, -8] [-20, -14, 17, -8] [-5, -2, 19, -35] [-6, 45, 14, 20] [16, 7, -1, -49]
[21, -10, -1, -8] [-6, 14, 23, 15] [8, 19, 8, 18] [-7, -20, 16, -21] [-16, -30, -8, -23] [-9, 24, -12, 18] [9, 47, -11, 17]
[-4, 1, -19, -5] [4, 1, 11, -21] [9, 20, 4, -11] [4, 17, 40, -40] [28, 31, -5, -3] [8, 35, 8, -7] [24, -27, 15, -21]
------------------------------
ALIVE
Head: (4 28)
Body: (4 28) (3 28) (2 28) (2 27) (2 26) (2 25) (1 25) (1 24) (1 23) (1 22) 
Length: 10, 4
Vision: 3
Hungry, suplies: 7/10
Reproductive: 16, mutating: 0.25
Generation: 28924
####################################
Wall (up, right, down, left):
[7, -10, -18, 1] [0, -8, -18, -7] [-9, 4, 1, -10] [4, 4, 19, 8] [-15, 9, 31, -22] [-1, 3, 9, -22] [-29, -16, -11, -15]
[3, 8, 17, -8] [14, 21, 3, 9] [-11, 17, 4, -7] [-23, 18, 6, 4] [23, 6, -4, 1] [-13, -10, 4, 11] [-13, -7, 25, -11]
[-8, 7, 33, 4] [-6, 6, -10, 17] [-21, 2, 24, -5] [-61, 15, 35, 30] [-44, -30, -31, 10] [-7, -23, 10, 26] [-18, -11, -7, -17]
[5, 10, 2, -32] [8, -5, 11, -34] [1, 14, -1, -88] [0, 0, 0, 0] [31, -86, 19, 10] [15, -7, 1, 22] [0, 13, 10, -4]
[-15, -19, -11, -7] [17, 12, -8, 9] [1, 13, -15, -5] [22, 11, -64, 24] [-1, -13, -15, 37] [11, 12, -10, 4] [-19, -35, 7, 16]
[12, 12, 6, 15] [13, 4, -6, -16] [9, 4, 16, -5] [-8, 8, -24, 1] [9, 20, -7, 15] [29, 0, -15, 2] [31, 9, 0, 14]
[4, -11, -14, -10] [4, 3, -3, -3] [3, -1, 12, -7] [-11, 19, -22, -6] [25, 13, -10, 8] [21, -2, -15, 13] [0, -1, 3, 2]
Food (up, right, down, left):
[30, 7, -1, 15] [-9, 7, -4, -35] [21, -15, -14, 19] [-8, -1, 17, 20] [-3, 16, -5, -1] [-2, -6, 10, -10] [-25, 21, 11, -18]
[-53, -5, -13, -26] [-3, -9, -14, -11] [-11, 27, 3, 17] [-4, 14, -26, 25] [11, 12, 2, -34] [26, -10, -21, 8] [7, -4, 8, 10]
[-19, 19, -3, -30] [-10, -7, -5, 30] [-27, -24, -18, 12] [32, -15, 15, -1] [-17, -7, -6, -4] [-4, 3, -37, -30] [16, 21, 2, 25]
[12, 1, 15, 27] [-16, -6, -32, 26] [1, 3, -25, -11] [0, 0, 0, 0] [-29, 47, -23, 2] [-26, 0, -19, -1] [-8, 18, -13, 5]
[-19, 22, -6, 19] [8, -1, 13, 19] [26, -14, 29, -4] [-20, -14, 17, -8] [-5, -4, 19, -35] [-6, 45, 14, 20] [16, 7, -1, -49]
[21, -8, -1, -8] [-6, 14, 23, 15] [8, 19, 8, 19] [-7, -20, 16, -21] [-15, -30, -8, -23] [-9, 24, -12, 18] [9, 47, -11, 17]
[-4, 1, -19, -5] [9, -2, 11, -21] [9, 20, 4, -11] [4, 17, 40, -40] [28, 31, -5, -7] [8, 35, 8, -7] [24, -27, 15, -21]
------------------------------
ALIVE
Head: (22 5)
Body: (22 5) (22 4) (23 4) (23 3) (23 2) (24 2) (24 1) (23 1) (22 1) (22 0) (21 57) 
Length: 11, 4
Vision: 3
Hungry, suplies: 9/10
Reproductive: 16, mutating: 0.25
Generation: 28919
####################################
Wall (up, right, down, left):
[7, -10, -18, 1] [0, -11, -18, -7] [-9, 4, 1, -10] [4, 4, 19, 8] [-15, 9, 31, -22] [-1, 3, 9, -22] [-34, -16, -16, -17]
[3, 8, 17, -8] [14, 21, 3, 9] [-11, 18, 4, -7] [-23, 23, 6, 4] [23, 7, -4, -4] [-13, -10, 4, 11] [-13, -7, 25, -11]
[-8, 5, 38, 4] [-6, 6, -10, 17] [-21, 2, 26, -5] [-61, 17, 35, 30] [-39, -30, -31, 10] [-7, -26, 10, 26] [-18, -11, -7, -17]
[5, 10, 2, -32] [8, -5, 11, -34] [1, 14, -1, -88] [0, 0, 0, 0] [31, -86, 19, 10] [15, -7, 1, 22] [0, 13, 10, 0]
[-15, -19, -11, -7] [17, 12, -8, 5] [2, 13, -15, -5] [22, 11, -64, 24] [-1, -13, -15, 38] [11, 12, -10, 4] [-19, -35, 7, 16]
[12, 12, 2, 15] [13, 4, -6, -16] [9, 4, 16, -9] [-8, 5, -24, 1] [6, 18, -7, 15] [29, 0, -15, 2] [31, 9, 0, 14]
[4, -11, -14, -10] [4, -6, -3, -3] [3, -1, 12, -7] [-11, 19, -22, -6] [29, 13, -10, 8] [21, -2, -19, 13] [0, -1, 3, 2]
Food (up, right, down, left):
[30, 7, -1, 15] [-9, 7, -6, -35] [21, -15, -14, 19] [-8, -1, 17, 20] [-3, 16, -5, -1] [-2, -6, 10, -10] [-25, 21, 3, -14]
[-53, -5, -13, -26] [-3, -9, -14, -11] [-11, 23, 3, 17] [-6, 14, -26, 25] [11, 12, 3, -35] [26, -10, -21, 8] [7, -4, 8, 10]
[-22, 19, -3, -29] [-10, -7, -5, 30] [-28, -24, -18, 12] [32, -15, 14, -5] [-13, -7, -6, -5] [-5, 3, -37, -30] [16, 21, 2, 25]
[12, 1, 15, 27] [-16, -6, -32, 26] [1, 3, -25, -11] [0, 0, 0, 0] [-29, 47, -23, 2] [-26, 0, -19, -1] [-8, 18, -13, 7]
[-19, 22, -6, 19] [8, -1, 16, 19] [26, -14, 29, -8] [-20, -14, 17, -8] [-5, -2, 19, -35] [-6, 45, 14, 20] [16, 7, -1, -49]
[21, -10, -1, -8] [-6, 14, 23, 15] [8, 19, 8, 18] [-7, -20, 16, -21] [-16, -30, -8, -23] [-9, 24, -12, 18] [9, 47, -11, 17]
[-4, 1, -19, -5] [4, 1, 11, -21] [9, 20, 4, -11] [4, 17, 40, -40] [28, 31, -5, -3] [8, 35, 8, -7] [24, -27, 15, -21]
------------------------------
ALIVE
Head: (13 12)
Body: (13 12) (13 13) (13 14) (13 15) (12 15) (12 16) (12 17) (12 18) (12 19) (12 20) (13 20) (13 21) (13 22) 
Length: 13, 4
Vision: 3
Hungry, suplies: 10/10
Reproductive: 16, mutating: 0.25
Generation: 28924
####################################
Wall (up, right, down, left):
[7, -10, -18, 1] [0, -8, -18, -7] [-9, 4, 1, -10] [4, 4, 19, 8] [-15, 9, 31, -22] [-1, 3, 9, -22] [-29, -16, -11, -15]
[3, 8, 17, -8] [14, 21, 3, 9] [-11, 17, 4, -7] [-23, 18, 6, 4] [23, 6, -4, 1] [-13, -10, 4, 11] [-13, -7, 25, -11]
[-8, 7, 33, 4] [-6, 6, -10, 17] [-21, 2, 24, -5] [-61, 15, 35, 30] [-44, -30, -31, 10] [-7, -23, 10, 26] [-18, -11, -7, -17]
[5, 10, 2, -32] [8, -5, 11, -34] [1, 14, -1, -88] [0, 0, 0, 0] [31, -86, 19, 10] [15, -7, 1, 22] [0, 13, 10, -4]
[-15, -19, -11, -7] [17, 12, -8, 9] [1, 13, -15, -5] [22, 11, -64, 24] [-1, -13, -15, 37] [11, 12, -10, 4] [-19, -35, 7, 16]
[12, 12, 6, 15] [13, 4, -6, -16] [9, 4, 16, -5] [-8, 8, -24, 1] [9, 20, -7, 15] [29, 0, -15, 2] [31, 9, 0, 14]
[4, -11, -14, -10] [4, 3, -3, -3] [3, -1, 12, -7] [-11, 19, -22, -6] [25, 13, -10, 8] [21, -2, -15, 13] [0, -1, 3, 2]
Food (up, right, down, left):
[30, 7, -1, 15] [-9, 7, -4, -35] [21, -15, -14, 19] [-8, -1, 17, 20] [-3, 16, -5, -1] [-2, -6, 10, -10] [-25, 21, 11, -18]
[-53, -5, -13, -26] [-3, -9, -14, -11] [-11, 27, 3, 17] [-4, 14, -26, 25] [11, 12, 2, -34] [26, -10, -21, 8] [7, -4, 8, 10]
[-19, 19, -3, -30] [-10, -7, -5, 30] [-27, -24, -18, 12] [32, -15, 15, -1] [-17, -7, -6, -4] [-4, 3, -37, -30] [16, 21, 2, 25]
[12, 1, 15, 27] [-16, -6, -32, 26] [1, 3, -25, -11] [0, 0, 0, 0] [-29, 47, -23, 2] [-26, 0, -19, -1] [-8, 18, -13, 5]
[-19, 22, -6, 19] [8, -1, 13, 19] [26, -14, 29, -4] [-20, -14, 17, -8] [-5, -4, 19, -35] [-6, 45, 14, 20] [16, 7, -1, -49]
[21, -8, -1, -8] [-6, 14, 23, 15] [8, 19, 8, 19] [-7, -20, 16, -21] [-15, -30, -8, -23] [-9, 24, -12, 18] [9, 47, -11, 17]
[-4, 1, -19, -5] [9, -2, 11, -21] [9, 20, 4, -11] [4, 17, 40, -40] [28, 31, -5, -7] [8, 35, 8, -7] [24, -27, 15, -21]
------------------------------
DEAD: Wall
Head: (15 39)
Body: (15 39) (15 38) (15 37) (15 36) (15 35) (15 34) (15 33) (15 32) (14 32) (13 32) (13 31) (12 31) (12 30) (12 29) 
Length: 14, 4
Vision: 3
Hungry, suplies: 1/10
Reproductive: 16, mutating: 0.25
Generation: 28920
####################################
Wall (up, right, down, left):
[7, -10, -18, 1] [0, -8, -18, -7] [-9, 4, 1, -10] [4, 4, 19, 8] [-15, 9, 31, -22] [-1, 3, 9, -22] [-29, -14, -11, -15]
[3, 8, 17, -8] [14, 21, 3, 9] [-11, 17, 4, -7] [-23, 18, 6, 4] [23, 6, -4, 1] [-13, -10, 4, 11] [-13, -7, 25, -11]
[-8, 7, 33, 4] [-6, 6, -10, 17] [-21, 2, 24, -5] [-61, 15, 35, 30] [-44, -30, -31, 10] [-7, -26, 10, 26] [-18, -11, -7, -17]
[5, 10, 2, -32] [8, -5, 11, -34] [1, 14, -1, -88] [0, 0, 0, 0] [31, -86, 19, 10] [15, -7, 1, 22] [0, 13, 10, -4]
[-15, -19, -11, -7] [17, 12, -8, 9] [1, 13, -15, -5] [22, 11, -64, 24] [-1, -13, -15, 37] [11, 12, -10, 4] [-19, -35, 7, 16]
[12, 12, 6, 15] [13, 4, -6, -16] [9, 4, 16, -5] [-8, 5, -24, 1] [9, 20, -7, 15] [29, 0, -15, 2] [31, 9, 0, 14]
[4, -11, -14, -10] [4, 3, -3, -3] [3, -1, 12, -7] [-11, 19, -22, -6] [29, 13, -10, 8] [21, -2, -15, 13] [0, -1, 3, 2]
Food (up, right, down, left):
[30, 7, -1, 15] [-9, 7, -4, -35] [21, -15, -14, 19] [-8, -1, 17, 20] [2, 16, -5, -1] [-2, -6, 10, -10] [-25, 21, 10, -18]
[-53, -5, -13, -26] [-3, -9, -14, -11] [-11, 27, 3, 17] [-4, 14, -26, 25] [11, 12, 2, -34] [26, -10, -21, 8] [7, -4, 8, 10]
[-19, 19, -3, -30] [-10, -7, -5, 30] [-27, -24, -18, 12] [32, -15, 15, -1] [-17, -7, -6, -4] [-5, 3, -37, -30] [16, 21, 2, 25]
[12, 1, 15, 27] [-16, -6, -32, 26] [1, 3, -25, -11] [0, 0, 0, 0] [-29, 47, -23, 2] [-26, 0, -19, -1] [-8, 18, -13, 5]
[-19, 22, -6, 19] [8, -1, 13, 19] [26, -14, 29, -4] [-20, -14, 17, -8] [-5, -4, 19, -35] [-6, 45, 14, 20] [16, 7, -1, -49]
[21, -8, -1, -8] [-6, 14, 23, 15] [8, 19, 8, 19] [-7, -20, 16, -21] [-15, -30, -8, -23] [-9, 24, -12, 18] [9, 47, -11, 17]
[-4, 1, -19, -5] [9, -2, 11, -21] [9, 20, 4, -11] [4, 17, 40, -40] [28, 31, -5, -3] [8, 35, 8, -7] [24, -27, 15, -21]
------------------------------
ALIVE
Head: (18 15)
Body: (18 15) (18 14) (18 13) (18 12) (17 12) (16 12) (16 11) (16 10) (16 9) (15 9) 
Length: 10, 4
Vision: 3
Hungry, suplies: 2/10
Reproductive: 16, mutating: 0.25
Generation: 28915
####################################
Wall (up, right, down, left):
[7, -10, -18, 1] [0, -11, -18, -7] [-9, 4, 1, -10] [4, 4, 19, 8] [-15, 9, 31, -22] [-1, 3, 9, -22] [-34, -16, -16, -17]
[3, 8, 17, -8] [14, 21, 3, 9] [-11, 18, 4, -7] [-23, 18, 6, 4] [23, 7, -4, -4] [-13, -10, 4, 11] [-13, -7, 25, -11]
[-8, 5, 38, 4] [-6, 6, -10, 17] [-21, 2, 26, -5] [-61, 17, 35, 30] [-39, -30, -31, 10] [-7, -26, 10, 26] [-18, -11, -7, -17]
[5, 10, 2, -32] [8, -5, 11, -34] [1, 14, -1, -88] [0, 0, 0, 0] [31, -86, 19, 10] [15, -7, 1, 22] [0, 13, 10, 0]
[-15, -19, -11, -7] [17, 12, -8, 5] [2, 13, -15, -5] [22, 11, -64, 24] [-1, -13, -15, 37] [11, 12, -10, 4] [-19, -35, 7, 16]
[12, 12, 2, 15] [13, 4, -6, -16] [9, 4, 16, -9] [-8, 5, -24, 1] [6, 18, -7, 15] [29, 0, -15, 2] [31, 9, 0, 14]
[4, -11, -14, -10] [4, -1, -3, -3] [3, -1, 12, -7] [-11, 19, -22, -6] [29, 13, -10, 8] [21, -2, -24, 13] [0, -1, 3, 2]
Food (up, right, down, left):
[30, 7, -1, 15] [-9, 7, -6, -35] [21, -15, -14, 19] [-8, -1, 17, 20] [-3, 16, -5, -1] [-2, -6, 10, -10] [-25, 21, 3, -14]
[-53, -5, -13, -26] [-3, -9, -14, -11] [-11, 23, 3, 17] [-4, 14, -26, 25] [11, 12, 3, -35] [26, -10, -21, 8] [7, -4, 8, 10]
[-22, 19, -3, -29] [-10, -7, -5, 30] [-28, -24, -18, 12] [32, -15, 14, -5] [-13, -7, -6, -5] [-5, 3, -37, -30] [16, 21, 2, 25]
[12, 1, 15, 27] [-16, -6, -32, 26] [1, 3, -25, -11] [0, 0, 0, 0] [-29, 47, -23, 2] [-26, 0, -19, -1] [-8, 18, -13, 7]
[-19, 22, -6, 19] [8, -1, 16, 19] [26, -14, 29, -8] [-20, -14, 17, -8] [-5, -4, 19, -35] [-6, 45, 14, 20] [16, 7, -1, -49]
[21, -10, -1, -8] [-6, 14, 23, 15] [8, 19, 8, 18] [-7, -20, 16, -21] [-16, -30, -8, -23] [-9, 24, -12, 18] [9, 47, -11, 17]
[-4, 1, -19, -5] [4, -2, 11, -21] [9, 20, 4, -11] [4, 17, 40, -40] [28, 31, -5, -3] [8, 35, 8, -11] [24, -27, 15, -21]
------------------------------
ALIVE
Head: (20 16)
Body: (20 16) (20 15) (20 14) (21 14) (22 14) (23 14) (23 13) (23 12) 
Length: 8, 4
Vision: 3
Hungry, suplies: 5/10
Reproductive: 16, mutating: 0.25
Generation: 28924
####################################
Wall (up, right, down, left):
[7, -10, -18, 1] [0, -8, -18, -7] [-9, 4, 1, -10] [4, 4, 19, 8] [-15, 9, 31, -22] [-1, 3, 9, -22] [-29, -14, -11, -15]
[3, 8, 17, -8] [14, 21, 3, 9] [-11, 17, 4, -7] [-23, 18, 6, 4] [23, 6, -4, 1] [-13, -10, 4, 11] [-13, -7, 25, -11]
[-8, 7, 33, 4] [-6, 6, -10, 17] [-21, 2, 24, -5] [-61, 15, 35, 30] [-44, -30, -31, 10] [-7, -26, 10, 26] [-18, -11, -7, -17]
[5, 10, 2, -32] [8, -5, 11, -34] [1, 14, -1, -88] [0, 0, 0, 0] [31, -86, 19, 10] [15, -7, 1, 22] [0, 13, 10, -4]
[-15, -19, -11, -7] [17, 12, -8, 9] [1, 13, -20, -5] [22, 11, -64, 24] [-1, -13, -15, 37] [11, 12, -10, 4] [-19, -35, 7, 16]
[12, 12, 6, 15] [13, 4, -6, -16] [9, 4, 16, -5] [-8, 5, -24, 1] [9, 20, -7, 15] [29, 0, -15, 2] [31, 9, 0, 14]
[4, -11, -14, -10] [4, 3, -3, -3] [3, -1, 12, -7] [-11, 19, -22, -6] [29, 13, -10, 8] [21, -2, -15, 13] [0, -1, 3, 2]
Food (up, right, down, left):
[30, 7, -1, 15] [-9, 7, -4, -35] [21, -15, -14, 19] [-8, -1, 17, 20] [2, 16, -5, -1] [-2, -6, 10, -10] [-25, 21, 10, -18]
[-53, -5, -13, -26] [-3, -9, -14, -11] [-11, 27, 3, 17] [-4, 14, -26, 25] [11, 12, 2, -34] [26, -10, -21, 8] [7, -4, 8, 10]
[-19, 19, -3, -30] [-10, -7, -5, 30] [-27, -24, -18, 12] [32, -15, 15, -1] [-17, -7, -6, -4] [-5, 3, -37, -30] [16, 21, 2, 25]
[12, 1, 15, 27] [-16, -6, -32, 26] [1, 3, -25, -11] [0, 0, 0, 0] [-29, 47, -23, 2] [-26, 0, -19, -1] [-8, 18, -13, 5]
[-19, 22, -6, 19] [8, -1, 13, 19] [26, -9, 29, -4] [-20, -14, 17, -8] [-5, -4, 19, -35] [-6, 45, 14, 20] [16, 7, -1, -49]
[21, -8, -1, -8] [-6, 14, 23, 15] [8, 19, 8, 19] [-7, -20, 16, -21] [-15, -30, -8, -23] [-9, 24, -12, 18] [9, 47, -11, 17]
[-4, 1, -19, -5] [9, -2, 11, -21] [9, 20, 4, -11] [4, 17, 40, -40] [28, 31, -5, -3] [8, 35, 8, -7] [24, -27, 15, -21]
------------------------------
ALIVE
Head: (17 49)
Body: (17 49) (17 48) (18 48) (18 47) (18 46) (18 45) (18 44) (18 43) (18 42) (18 41) 
Length: 10, 4
Vision: 3
Hungry, suplies: 9/10
Reproductive: 16, mutating: 0.25
Generation: 28916
####################################
Wall (up, right, down, left):
[7, -10, -17, 1] [0, -11, -18, -7] [-9, 4, 1, -10] [4, 4, 19, 8] [-15, 9, 31, -22] [-1, 0, 9, -22] [-34, -16, -16, -17]
[3, 8, 17, -8] [14, 21, 3, 9] [-11, 18, 4, -7] [-23, 18, 6, 4] [23, 7, -4, -4] [-13, -10, 4, 11] [-13, -7, 25, -11]
[-8, 5, 38, 4] [-6, 6, -10, 17] [-21, 2, 26, -5] [-61, 17, 35, 30] [-39, -30, -31, 10] [-7, -26, 12, 26] [-18, -11, -7, -17]
[5, 10, 2, -32] [8, 0, 11, -34] [1, 14, -1, -88] [0, 0, 0, 0] [31, -86, 19, 10] [15, -7, 1, 22] [0, 13, 10, 0]
[-15, -19, -11, -7] [17, 12, -8, 5] [2, 13, -15, -5] [22, 11, -64, 24] [-1, -13, -15, 37] [11, 12, -10, 4] [-19, -35, 7, 16]
[12, 12, 2, 15] [13, 4, -6, -16] [9, 4, 16, -9] [-8, 5, -24, 1] [9, 18, -7, 15] [29, 0, -15, 2] [31, 9, 0, 14]
[4, -11, -14, -10] [4, 3, -3, -3] [3, -1, 12, -7] [-11, 19, -22, -6] [29, 13, -10, 8] [21, -2, -19, 13] [0, -1, 3, 2]
Food (up, right, down, left):
[30, 7, 1, 15] [-9, 7, -6, -35] [21, -15, -14, 19] [-8, -1, 17, 20] [-3, 16, -5, -1] [-2, -7, 10, -10] [-25, 21, 3, -14]
[-53, -5, -13, -26] [-3, -9, -14, -11] [-11, 23, 3, 17] [-4, 14, -26, 25] [11, 12, 3, -35] [26, -10, -21, 8] [7, -4, 8, 10]
[-22, 19, -3, -29] [-10, -7, -5, 30] [-28, -24, -18, 12] [32, -15, 14, -5] [-13, -7, -6, -5] [-5, 8, -37, -30] [16, 21, 2, 25]
[12, 1, 15, 27] [-17, -6, -32, 26] [1, 3, -25, -11] [0, 0, 0, 0] [-29, 47, -23, 2] [-26, 0, -19, -1] [-8, 18, -13, 7]
[-19, 22, -6, 19] [8, -1, 16, 19] [26, -14, 29, -8] [-20, -14, 17, -8] [-5, -4, 19, -35] [-6, 45, 14, 20] [16, 7, -1, -49]
[21, -10, -1, -8] [-6, 14, 23, 15] [8, 19, 8, 18] [-7, -20, 16, -21] [-13, -30, -8, -23] [-9, 24, -12, 18] [9, 47, -11, 17]
[-4, 1, -19, -5] [9, -2, 11, -21] [9, 20, 4, -11] [4, 17, 40, -40] [28, 31, -5, -3] [8, 35, 8, -7] [24, -27, 15, -21]
------------------------------
ALIVE
Head: (7 46)
Body: (7 46) (8 46) (8 47) (8 48) (9 48) (9 47) (9 46) (10 46) 
Length: 8, 4
Vision: 3
Hungry, suplies: 9/10
Reproductive: 16, mutating: 0.25
Generation: 28928
####################################
Wall (up, right, down, left):
[7, -10, -18, 1] [0, -11, -18, -7] [-9, 4, 1, -10] [4, 4, 19, 8] [-15, 9, 31, -22] [-1, 3, 9, -22] [-34, -16, -16, -17]
[3, 8, 17, -8] [14, 21, 4, 9] [-11, 18, 4, -7] [-23, 18, 6, 4] [23, 7, -4, -4] [-13, -10, 4, 11] [-13, -7, 25, -11]
[-8, 5, 38, 4] [-6, 6, -10, 17] [-21, 2, 26, -5] [-61, 17, 35, 30] [-39, -30, -31, 10] [-7, -26, 10, 26] [-18, -11, -7, -17]
[5, 10, 2, -32] [8, -5, 11, -34] [1, 14, -1, -88] [0, 0, 0, 0] [31, -86, 19, 10] [15, -7, 1, 22] [0, 13, 10, 0]
[-15, -19, -11, -7] [17, 12, -8, 5] [2, 13, -15, -5] [22, 11, -64, 24] [-1, -13, -15, 37] [11, 12, -10, 4] [-19, -35, 7, 16]
[12, 12, 2, 15] [13, 4, -6, -16] [9, 4, 16, -9] [-8, 5, -24, 1] [6, 18, -7, 15] [29, 0, -15, 2] [31, 9, 0, 14]
[4, -11, -14, -10] [4, -1, -3, -3] [3, -1, 12, -7] [-11, 19, -22, -6] [29, 13, -10, 8] [21, -2, -19, 13] [0, -1, 3, 2]
Food (up, right, down, left):
[30, 7, -1, 15] [-9, 7, -6, -35] [21, -15, -14, 19] [-8, -1, 17, 20] [-3, 16, -5, -1] [-2, -6, 10, -10] [-25, 21, 3, -14]
[-53, -5, -13, -26] [-3, -7, -14, -11] [-11, 23, 3, 17] [-4, 14, -26, 25] [11, 12, 3, -35] [26, -10, -21, 8] [7, -4, 8, 10]
[-22, 19, -3, -29] [-10, -7, -5, 30] [-28, -24, -18, 12] [32, -15, 14, -5] [-13, -7, -6, -5] [-5, 3, -37, -30] [16, 21, 2, 25]
[12, 1, 15, 27] [-16, -6, -32, 26] [1, 3, -25, -11] [0, 0, 0, 0] [-29, 47, -23, 2] [-26, 0, -19, -1] [-8, 18, -13, 7]
[-19, 22, -6, 19] [8, -1, 16, 19] [26, -14, 29, -8] [-20, -14, 17, -8] [-5, -4, 19, -35] [-6, 45, 14, 20] [16, 7, -1, -49]
[21, -10, -1, -8] [-6, 14, 23, 15] [8, 19, 8, 18] [-7, -20, 16, -21] [-16, -30, -8, -23] [-9, 24, -12, 18] [9, 47, -11, 17]
[-4, 1, -19, -5] [4, -2, 11, -21] [9, 20, 4, -11] [4, 17, 40, -40] [28, 31, -5, -3] [8, 35, 8, -7] [24, -27, 15, -21]
------------------------------
ALIVE
Head: (3 41)
Body: (3 41) (3 40) (2 40) (2 39) (2 38) (2 37) (2 36) (2 35) (2 34) (2 33) (2 32) (2 31) (1 31) 
Length: 13, 4
Vision: 3
Hungry, suplies: 10/10
Reproductive: 16, mutating: 0.25
Generation: 28926
####################################
Wall (up, right, down, left):
[7, -10, -18, 1] [0, -8, -18, -7] [-9, 4, 1, -10] [4, 4, 19, 8] [-15, 9, 31, -22] [-1, 3, 9, -22] [-29, -16, -11, -15]
[3, 8, 17, -8] [14, 21, 3, 9] [-11, 17, 4, -7] [-23, 18, 6, 4] [23, 6, -4, 1] [-13, -10, 4, 11] [-13, -7, 25, -11]
[-8, 7, 33, 4] [-6, 6, -10, 17] [-21, 2, 24, -5] [-61, 15, 35, 30] [-44, -30, -31, 10] [-7, -26, 10, 26] [-18, -11, -7, -17]
[5, 10, 2, -32] [8, -5, 11, -34] [1, 14, -1, -88] [0, 0, 0, 0] [31, -86, 19, 10] [15, -7, 1, 22] [0, 13, 10, -4]
[-15, -19, -11, -7] [17, 12, -8, 9] [1, 13, -15, -5] [22, 11, -64, 24] [-1, -13, -15, 37] [11, 12, -10, 4] [-19, -35, 7, 16]
[12, 12, 6, 15] [13, 4, -6, -16] [9, 4, 16, -5] [-8, 5, -24, 1] [9, 20, -7, 15] [29, 0, -10, 2] [31, 9, 0, 14]
[4, -11, -14, -10] [4, 3, -3, -3] [3, -1, 12, -7] [-11, 19, -22, -6] [29, 13, -10, 8] [21, -2, -15, 13] [0, -1, 3, 2]
Food (up, right, down, left):
[30, 7, -1, 15] [-9, 7, -4, -35] [21, -15, -14, 19] [-8, -1, 17, 20] [-3, 16, -5, -1] [-2, -6, 10, -10] [-25, 21, 11, -18]
[-53, -5, -13, -26] [-3, -9, -14, -11] [-11, 27, 3, 17] [-4, 14, -26, 25] [11, 12, 2, -34] [26, -10, -21, 8] [7, -4, 8, 10]
[-19, 19, -3, -30] [-10, -7, -5, 30] [-27, -24, -18, 12] [32, -15, 15, -1] [-17, -7, -6, -4] [-5, 3, -37, -30] [16, 21, 2, 25]
[12, 1, 15, 27] [-16, -6, -32, 26] [1, 3, -25, -11] [0, 0, 0, 0] [-29, 47, -23, 2] [-26, 0, -19, -1] [-8, 18, -13, 5]
[-19, 22, -6, 19] [8, -1, 13, 19] [26, -14, 29, -4] [-20, -14, 17, -8] [-5, -4, 19, -35] [-6, 45, 14, 20] [16, 7, -1, -49]
[21, -8, -1, -8] [-6, 14, 23, 15] [8, 19, 8, 19] [-7, -20, 16, -21] [-15, -30, -8, -23] [-9, 24, -15, 18] [9, 47, -11, 17]
[-4, 1, -19, -5] [9, -2, 11, -21] [9, 20, 4, -11] [4, 17, 40, -40] [28, 31, -5, -3] [8, 35, 8, -7] [24, -27, 15, -21]
------------------------------
ALIVE
Head: (11 37)
Body: (11 37) (11 38) (11 39) (12 39) (12 40) (12 41) (12 42) (12 43) (12 44) (13 44) (14 44) (14 45) (15 45) 
Length: 13, 4
Vision: 3
Hungry, suplies: 8/10
Reproductive: 16, mutating: 0.25
Generation: 28915
####################################
Wall (up, right, down, left):
[7, -10, -18, 1] [0, -8, -18, -7] [-9, 4, 1, -10] [4, 4, 19, 8] [-15, 9, 31, -22] [-1, 3, 6, -22] [-29, -16, -11, -15]
[3, 8, 17, -8] [14, 21, 3, 9] [-11, 17, 4, -7] [-23, 18, 6, 4] [23, 6, -4, 1] [-13, -10, 4, 11] [-13, -7, 25, -11]
[-8, 7, 33, 4] [-6, 6, -10, 17] [-21, 2, 24, -5] [-61, 15, 35, 30] [-44, -30, -31, 10] [-7, -23, 10, 26] [-18, -11, -7, -17]
[5, 10, 2, -32] [8, -5, 11, -34] [1, 14, -1, -88] [0, 0, 0, 0] [31, -86, 19, 10] [15, -7, 1, 22] [0, 13, 10, -4]
[-15, -19, -11, -7] [17, 12, -8, 9] [1, 13, -15, -5] [22, 11, -64, 24] [-1, -13, -15, 37] [11, 12, -10, 4] [-19, -35, 7, 16]
[12, 12, 6, 15] [13, 4, -6, -16] [9, 4, 16, -5] [-8, 8, -24, 1] [9, 20, -7, 15] [29, 0, -10, 2] [31, 9, 0, 14]
[4, -11, -14, -10] [4, 3, -3, -3] [3, -1, 12, -7] [-11, 19, -22, -6] [25, 13, -10, 8] [21, -2, -15, 13] [0, -1, 3, 2]
Food (up, right, down, left):
[30, 7, -1, 15] [-9, 7, -4, -35] [21, -15, -14, 19] [-8, -1, 17, 20] [-3, 16, -5, -1] [-2, -8, 10, -10] [-25, 21, 11, -18]
[-53, -5, -13, -26] [-3, -9, -14, -11] [-11, 27, 3, 17] [-4, 14, -26, 25] [11, 12, 2, -34] [26, -10, -21, 8] [7, -4, 8, 10]
[-19, 19, -3, -30] [-10, -7, -5, 30] [-27, -24, -18, 12] [32, -15, 15, -1] [-17, -7, -6, -4] [-4, 3, -37, -30] [16, 21, 2, 25]
[12, 1, 15, 27] [-16, -6, -32, 26] [1, 3, -25, -11] [0, 0, 0, 0] [-29, 47, -23, 2] [-26, 0, -19, -1] [-8, 18, -13, 5]
[-19, 22, -6, 19] [8, -1, 13, 19] [26, -14, 29, -4] [-20, -14, 17, -8] [-5, -4, 19, -35] [-6, 45, 14, 20] [16, 7, -1, -49]
[21, -8, -1, -8] [-6, 14, 23, 15] [8, 19, 8, 19] [-7, -20, 16, -21] [-15, -30, -8, -23] [-12, 24, -12, 18] [9, 47, -11, 17]
[-4, 1, -19, -5] [9, -2, 11, -21] [9, 20, 4, -11] [4, 17, 40, -40] [28, 31, -5, -7] [8, 35, 8, -7] [24, -27, 15, -21]
------------------------------
ALIVE
Head: (22 17)
Body: (22 17) (22 16) (23 16) (24 16) (24 15) (-1 14) (0 14) (0 13) (1 13) 
Length: 9, 4
Vision: 3
Hungry, suplies: 8/10
Reproductive: 16, mutating: 0.25
Generation: 28919
####################################
Wall (up, right, down, left):
[7, -10, -18, 1] [0, -8, -18, -7] [-9, 4, 1, -10] [4, 4, 19, 8] [-15, 9, 31, -22] [-1, 3, 9, -22] [-29, -14, -11, -15]
[3, 8, 17, -8] [14, 21, 3, 9] [-11, 17, 4, -7] [-23, 18, 6, 4] [23, 6, -4, 1] [-13, -10, 4, 11] [-13, -7, 25, -11]
[-8, 7, 33, 4] [-6, 6, -10, 17] [-21, 2, 24, -5] [-61, 15, 35, 30] [-44, -30, -31, 10] [-7, -26, 10, 26] [-18, -11, -7, -17]
[5, 10, 2, -32] [8, -5, 11, -34] [1, 14, -1, -88] [0, 0, 0, 0] [31, -86, 19, 10] [15, -7, 1, 22] [0, 13, 10, -4]
[-15, -19, -11, -7] [17, 12, -8, 9] [1, 13, -20, -5] [22, 11, -64, 24] [-1, -13, -15, 37] [11, 12, -10, 4] [-19, -35, 7, 16]
[12, 12, 6, 15] [13, 4, -6, -16] [9, 4, 16, -5] [-8, 5, -24, 1] [9, 20, -7, 15] [29, 0, -15, 2] [31, 9, 0, 14]
[4, -11, -14, -10] [4, 3, -3, -3] [3, -1, 12, -7] [-11, 19, -22, -6] [29, 13, -10, 8] [21, -2, -15, 13] [0, -1, 3, 2]
Food (up, right, down, left):
[30, 7, -1, 15] [-9, 7, -4, -35] [21, -15, -14, 19] [-8, -1, 17, 20] [2, 16, -5, -1] [-2, -6, 10, -10] [-25, 21, 10, -18]
[-53, -5, -13, -26] [-3, -9, -14, -11] [-11, 27, 3, 17] [-4, 14, -26, 25] [11, 12, 2, -34] [26, -10, -21, 8] [7, -4, 8, 10]
[-19, 19, -3, -30] [-10, -7, -5, 30] [-27, -24, -18, 12] [32, -15, 15, -1] [-17, -7, -6, -4] [-5, 3, -37, -30] [16, 21, 2, 25]
[12, 1, 15, 27] [-16, -6, -32, 26] [1, 3, -25, -11] [0, 0, 0, 0] [-29, 47, -23, 2] [-26, 0, -19, -1] [-8, 18, -13, 5]
[-19, 22, -6, 19] [8, -1, 13, 19] [26, -9, 29, -4] [-20, -14, 17, -8] [-5, -4, 19, -35] [-6, 45, 14, 20] [16, 7, -1, -49]
[21, -8, -1, -8] [-6, 14, 23, 15] [8, 19, 8, 19] [-7, -20, 16, -21] [-15, -30, -8, -23] [-9, 24, -12, 18] [9, 47, -11, 17]
[-4, 1, -19, -5] [9, -2, 11, -21] [9, 20, 4, -11] [4, 17, 40, -40] [28, 31, -5, -3] [8, 35, 8, -7] [24, -27, 15, -21]
------------------------------
DEAD: Wall
Head: (5 31)
Body: (5 31) (6 31) (7 31) (7 30) (8 30) (9 30) (10 30) (10 29) (10 28) 
Length: 9, 4
Vision: 3
Hungry, suplies: 8/10
Reproductive: 16, mutating: 0.25
Generation: 28917
####################################
Wall (up, right, down, left):
[7, -10, -18, 1] [0, -8, -18, -7] [-9, 4, 1, -10] [4, 4, 19, 8] [-15, 9, 31, -22] [-1, 3, 9, -22] [-29, -16, -11, -15]
[3, 8, 17, -8] [14, 21, 3, 9] [-11, 17, 4, -7] [-23, 18, 6, 4] [23, 6, -4, 1] [-13, -10, 4, 11] [-13, -7, 25, -11]
[-8, 7, 33, 4] [-6, 6, -10, 17] [-21, 2, 24, -5] [-61, 15, 35, 30] [-44, -30, -31, 10] [-7, -23, 10, 26] [-18, -11, -7, -17]
[5, 10, 2, -32] [8, -5, 11, -34] [1, 14, -1, -88] [0, 0, 0, 0] [31, -86, 19, 10] [15, -7, 1, 22] [0, 13, 10, -4]
[-15, -19, -11, -7] [17, 12, -8, 9] [1, 13, -15, -5] [22, 11, -64, 24] [-1, -13, -15, 37] [11, 12, -10, 4] [-19, -35, 7, 16]
[12, 12, 6, 15] [13, 4, -6, -16] [9, 4, 16, -5] [-8, 8, -24, 1] [9, 20, -7, 15] [29, 0, -15, 2] [31, 9, 0, 14]
[4, -11, -14, -10] [4, 7, -3, -3] [3, -1, 12, -7] [-11, 19, -22, -6] [29, 13, -10, 8] [21, -2, -15, 13] [0, -1, 3, 2]
Food (up, right, down, left):
[30, 7, -1, 15] [-9, 7, -4, -35] [21, -15, -14, 19] [-8, -1, 17, 20] [-3, 16, -5, -1] [-2, -6, 10, -10] [-25, 21, 11, -18]
[-53, -5, -13, -26] [-3, -9, -14, -11] [-11, 27, 3, 17] [-4, 14, -26, 25] [11, 12, 2, -34] [26, -10, -21, 8] [7, -4, 8, 10]
[-19, 19, -3, -30] [-10, -7, -5, 30] [-27, -24, -18, 12] [32, -15, 15, -1] [-17, -7, -6, -4] [-4, 3, -37, -30] [16, 21, 2, 25]
[12, 1, 15, 27] [-16, -6, -32, 26] [1, 3, -25, -11] [0, 0, 0, 0] [-29, 47, -23, 2] [-26, 0, -19, -1] [-8, 18, -13, 5]
[-19, 22, -6, 19] [8, -1, 13, 19] [26, -14, 29, -4] [-20, -14, 17, -8] [-5, -4, 19, -35] [-6, 45, 14, 20] [16, 7, -1, -49]
[21, -8, -1, -8] [-6, 14, 23, 15] [8, 19, 8, 19] [-7, -20, 16, -21] [-15, -30, -8, -23] [-9, 24, -12, 18] [9, 47, -11, 17]
[-4, 1, -19, -5] [9, -7, 11, -21] [9, 20, 4, -11] [4, 17, 40, -40] [28, 31, -5, -3] [8, 35, 8, -7] [24, -27, 15, -21]
------------------------------
ALIVE
Head: (7 9)
Body: (7 9) (7 8) (6 8) (6 9) (5 9) (5 10) (5 11) (5 12) (4 12) (3 12) (3 13) (4 13) (4 14) (5 14) 
Length: 14, 4
Vision: 3
Hungry, suplies: 1/10
Reproductive: 16, mutating: 0.25
Generation: 28918
####################################
Wall (up, right, down, left):
[7, -10, -18, 1] [0, -8, -18, -7] [-9, 4, 1, -10] [4, 4, 19, 8] [-15, 9, 31, -22] [-1, 3, 9, -22] [-29, -16, -11, -15]
[3, 8, 17, -8] [14, 21, 3, 9] [-11, 17, 4, -7] [-23, 18, 6, 4] [23, 6, -4, 1] [-13, -10, 4, 11] [-13, -7, 25, -11]
[-8, 7, 33, 4] [-6, 6, -10, 17] [-21, 2, 24, -5] [-61, 15, 35, 30] [-44, -30, -31, 10] [-7, -23, 10, 26] [-18, -11, -7, -17]
[5, 10, 2, -32] [8, -5, 11, -34] [1, 14, -1, -88] [0, 0, 0, 0] [31, -86, 19, 10] [15, -7, 1, 22] [0, 13, 10, -4]
[-15, -19, -11, -7] [17, 12, -8, 9] [1, 13, -15, -5] [22, 11, -64, 24] [-1, -13, -15, 37] [11, 12, -10, 4] [-19, -35, 7, 16]
[12, 12, 6, 15] [13, 4, -6, -16] [9, 4, 16, -5] [-8, 8, -24, 1] [9, 20, -7, 15] [29, 0, -15, 2] [31, 9, 0, 14]
[4, -11, -14, -10] [4, 3, -3, -3] [3, -1, 12, -7] [-11, 19, -22, -6] [25, 13, -10, 8] [21, -2, -15, 13] [0, -1, 3, 2]
Food (up, right, down, left):
[30, 7, -1, 15] [-9, 7, -4, -35] [21, -15, -14, 19] [-8, -1, 17, 20] [-3, 16, -5, -1] [-2, -6, 10, -10] [-25, 21, 11, -18]
[-53, -5, -13, -26] [-3, -9, -14, -11] [-11, 27, 3, 17] [-4, 14, -26, 25] [11, 12, 2, -34] [26, -10, -21, 8] [7, -4, 8, 10]
[-19, 19, -3, -30] [-10, -7, -5, 30] [-27, -24, -18, 12] [32, -15, 15, -1] [-17, -7, -6, -4] [-4, 3, -37, -30] [16, 21, 2, 25]
[12, 1, 15, 27] [-16, -6, -32, 26] [1, 3, -25, -11] [0, 0, 0, 0] [-29, 47, -23, 2] [-26, 0, -19, -1] [-8, 18, -13, 5]
[-19, 22, -6, 19] [8, -1, 13, 19] [26, -14, 29, -4] [-20, -14, 17, -8] [-5, -4, 19, -35] [-6, 45, 14, 20] [16, 7, -1, -49]
[21, -8, -1, -8] [-6, 14, 23, 15] [8, 19, 8, 19] [-7, -20, 16, -21] [-15, -30, -8, -23] [-9, 24, -12, 18] [9, 47, -11, 17]
[-4, 1, -19, -5] [9, -2, 11, -21] [9, 20, 4, -11] [4, 17, 40, -40] [28, 31, -5, -7] [8, 35, 8, -7] [24, -27, 15, -21]
------------------------------
ALIVE
Head: (5 48)
Body: (5 48) (5 47) (4 47) (3 47) (3 46) (2 46) (2 45) (2 44) (2 43) (1 43) 
Length: 10, 4
Vision: 3
Hungry, suplies: 2/10
Reproductive: 16, mutating: 0.25
Generation: 28918
####################################
Wall (up, right, down, left):
[7, -10, -18, 1] [0, -8, -18, -7] [-9, 4, 1, -10] [4, 4, 19, 8] [-15, 9, 31, -22] [-1, 3, 9, -22] [-29, -16, -11, -15]
[3, 8, 17, -8] [14, 21, 3, 9] [-11, 17, 4, -7] [-23, 18, 6, 4] [23, 6, -4, 1] [-13, -10, 4, 11] [-13, -7, 25, -11]
[-8, 7, 33, 4] [-6, 6, -10, 17] [-21, 2, 24, -5] [-61, 15, 35, 30] [-44, -30, -31, 10] [-7, -23, 10, 26] [-18, -11, -7, -17]
[5, 10, 2, -32] [8, -5, 11, -34] [1, 14, -1, -88] [0, 0, 0, 0] [31, -86, 19, 10] [15, -7, 1, 22] [0, 13, 10, -4]
[-15, -19, -11, -7] [17, 12, -8, 9] [1, 13, -15, -5] [22, 11, -64, 24] [-1, -13, -15, 37] [11, 12, -10, 4] [-19, -35, 7, 16]
[12, 12, 6, 15] [13, 4, -6, -16] [9, 4, 16, -5] [-8, 8, -24, 1] [9, 20, -7, 15] [29, 0, -15, 2] [31, 9, 0, 14]
[4, -11, -14, -10] [4, 3, -3, -3] [3, -1, 12, -7] [-11, 19, -22, -6] [25, 13, -10, 8] [21, -2, -15, 13] [0, -1, 3, 2]
Food (up, right, down, left):
[30, 7, -1, 15] [-9, 7, -4, -35] [21, -15, -14, 19] [-8, -1, 17, 20] [-3, 16, -5, -1] [-2, -6, 10, -10] [-25, 21, 11, -18]
[-53, -5, -13, -26] [-3, -9, -14, -11] [-11, 27, 3, 17] [-4, 14, -26, 25] [11, 12, 2, -34] [26, -10, -21, 8] [7, -4, 8, 10]
[-17, 19, -3, -30] [-10, -7, -5, 30] [-27, -24, -18, 12] [32, -15, 15, -1] [-17, -7, -6, -4] [-4, 3, -37, -30] [16, 21, 2, 25]
[12, 1, 15, 27] [-16, -6, -32, 26] [1, 3, -25, -11] [0, 0, 0, 0] [-29, 47, -23, 2] [-26, 0, -19, -1] [-8, 18, -13, 5]
[-19, 22, -6, 19] [8, -1, 13, 19] [26, -14, 29, -4] [-20, -14, 17, -8] [-5, -4, 19, -35] [-6, 45, 14, 20] [16, 7, -1, -49]
[21, -8, -1, -8] [-6, 14, 23, 15] [8, 19, 8, 19] [-7, -20, 16, -21] [-15, -30, -8, -23] [-9, 24, -12, 18] [9, 47, -11, 17]
[-4, 1, -19, -5] [9, -2, 11, -21] [9, 20, 4, -11] [4, 17, 40, -40] [28, 31, -5, -7] [8, 35, 8, -7] [24, -27, 15, -21]
------------------------------
ALIVE
Head: (5 29)
Body: (5 29) (5 28) (5 27) (4 27) (3 27) (3 26) (4 26) (5 26) (6 26) 
Length: 9, 4
Vision: 3
Hungry, suplies: 9/10
Reproductive: 16, mutating: 0.25
Generation: 28921
####################################
Wall (up, right, down, left):
[7, -10, -18, 1] [0, -11, -18, -7] [-9, 4, 1, -10] [4, 4, 19, 8] [-15, 9, 31, -22] [-1, 3, 9, -22] [-34, -16, -16, -17]
[3, 8, 17, -8] [14, 21, 4, 9] [-11, 18, 4, -7] [-23, 18, 6, 4] [23, 7, -4, -4] [-13, -10, 4, 11] [-13, -7, 25, -11]
[-8, 5, 38, 4] [-6, 6, -10, 17] [-21, 2, 26, -5] [-61, 17, 35, 30] [-39, -30, -31, 10] [-7, -26, 10, 26] [-18, -11, -7, -17]
[5, 10, 2, -32] [8, -5, 11, -34] [1, 14, -1, -88] [0, 0, 0, 0] [31, -86, 19, 10] [15, -7, 1, 22] [0, 13, 10, 0]
[-15, -19, -11, -7] [17, 12, -8, 5] [2, 13, -15, -5] [22, 11, -64, 24] [-1, -13, -15, 37] [11, 12, -10, 4] [-19, -35, 7, 16]
[12, 12, 2, 15] [13, 4, -6, -16] [9, 4, 16, -9] [-8, 5, -24, 1] [6, 18, -7, 15] [29, 0, -15, 2] [31, 9, 0, 14]
[4, -11, -14, -10] [4, -1, -3, -3] [3, -1, 12, -7] [-11, 19, -22, -6] [29, 13, -10, 8] [21, -2, -19, 13] [0, -1, 3, 2]
Food (up, right, down, left):
[30, 7, -1, 15] [-9, 7, -6, -35] [21, -15, -14, 19] [-8, -1, 17, 20] [-3, 16, -5, -1] [-2, -6, 10, -10] [-25, 21, 3, -14]
[-53, -5, -13, -26] [-3, -7, -14, -11] [-11, 23, 3, 17] [-4, 14, -26, 25] [11, 12, 3, -35] [26, -10, -21, 8] [7, -4, 8, 10]
[-22, 19, -3, -29] [-10, -7, -5, 30] [-28, -24, -18, 12] [32, -15, 14, -5] [-13, -7, -6, -5] [-5, 3, -37, -30] [16, 21, 2, 25]
[12, 1, 15, 27] [-16, -6, -32, 26] [1, 3, -25, -11] [0, 0, 0, 0] [-29, 47, -23, 2] [-26, 0, -19, -1] [-8, 18, -13, 7]
[-19, 22, -6, 19] [8, -1, 16, 19] [26, -14, 29, -8] [-20, -14, 17, -8] [-5, -4, 19, -35] [-6, 45, 14, 20] [16, 7, -1, -49]
[21, -10, -1, -8] [-6, 14, 23, 15] [8, 19, 8, 18] [-7, -20, 16, -21] [-16, -30, -8, -23] [-9, 24, -12, 18] [9, 47, -11, 17]
[-4, 1, -19, -5] [4, -2, 11, -21] [9, 20, 4, -11] [4, 17, 40, -40] [28, 31, -5, -3] [8, 35, 8, -7] [24, -27, 15, -21]
------------------------------
ALIVE
Head: (22 39)
Body: (22 39) (22 38) (22 37) (21 37) (20 37) (20 36) (20 35) (20 34) (20 33) (20 32) (20 31) 
Length: 11, 4
Vision: 3
Hungry, suplies: 4/10
Reproductive: 16, mutating: 0.25
Generation: 28926
####################################
Wall (up, right, down, left):
[7, -10, -18, 1] [0, -8, -18, -7] [-9, 4, 1, -10] [4, 4, 19, 8] [-15, 9, 31, -18] [-1, 3, 6, -22] [-29, -16, -11, -15]
[3, 8, 17, -8] [14, 21, 3, 9] [-11, 17, 4, -7] [-23, 18, 6, 4] [23, 6, -4, 1] [-13, -10, 4, 11] [-13, -7, 25, -11]
[-8, 7, 33, 4] [-6, 6, -10, 17] [-21, 2, 24, -5] [-61, 15, 35, 30] [-44, -30, -31, 10] [-7, -23, 10, 26] [-18, -11, -7, -17]
[5, 10, 2, -32] [8, -5, 11, -34] [1, 14, -1, -88] [0, 0, 0, 0] [31, -86, 19, 10] [15, -7, 1, 22] [0, 13, 10, -4]
[-15, -19, -11, -7] [17, 12, -8, 9] [1, 13, -15, -5] [22, 11, -64, 24] [-1, -13, -15, 37] [11, 12, -10, 4] [-19, -35, 7, 16]
[12, 12, 6, 15] [13, 4, -6, -16] [9, 4, 16, -5] [-8, 8, -24, 1] [9, 20, -7, 15] [29, 0, -15, 2] [31, 9, 0, 14]
[4, -11, -14, -10] [4, 3, -3, -3] [3, -1, 12, -7] [-11, 19, -22, -6] [25, 13, -10, 8] [21, -2, -15, 13] [0, -1, 3, 2]
Food (up, right, down, left):
[30, 7, -1, 15] [-9, 7, -4, -35] [21, -15, -14, 19] [-8, -1, 17, 20] [-3, 16, -5, -6] [-2, -8, 10, -10] [-25, 21, 11, -18]
[-53, -5, -13, -26] [-3, -9, -14, -11] [-11, 27, 3, 17] [-4, 14, -26, 25] [11, 12, 2, -34] [26, -10, -21, 8] [7, -4, 8, 10]
[-19, 19, -3, -30] [-10, -7, -5, 30] [-27, -24, -18, 12] [32, -15, 15, -1] [-17, -7, -6, -4] [-4, 3, -37, -30] [16, 21, 2, 25]
[12, 1, 15, 27] [-16, -6, -32, 26] [1, 3, -25, -11] [0, 0, 0, 0] [-29, 47, -23, 2] [-26, 0, -19, -1] [-8, 18, -13, 5]
[-19, 22, -6, 19] [8, -1, 13, 19] [26, -14, 29, -4] [-20, -14, 17, -8] [-5, -4, 19, -35] [-6, 45, 14, 20] [16, 7, -1, -49]
[21, -8, -1, -8] [-6, 14, 23, 15] [8, 19, 8, 19] [-7, -20, 16, -21] [-15, -30, -8, -23] [-9, 24, -12, 18] [9, 47, -11, 17]
[-4, 1, -19, -5] [9, -2, 11, -21] [9, 20, 4, -11] [4, 17, 40, -40] [28, 31, -5, -7] [8, 35, 8, -7] [24, -27, 15, -21]
------------------------------
ALIVE
Head: (7 4)
Body: (7 4) (6 4) (6 3) (6 2) (5 2) (4 2) (4 1) (4 0) 
Length: 8, 4
Vision: 3
Hungry, suplies: 3/10
Reproductive: 16, mutating: 0.25
Generation: 28920
####################################
Wall (up, right, down, left):
[7, -10, -17, 1] [0, -11, -18, -7] [-9, 4, 1, -10] [4, 4, 19, 8] [-15, 9, 31, -22] [-1, 3, 9, -22] [-34, -16, -16, -17]
[3, 8, 17, -8] [14, 21, 3, 9] [-11, 18, 4, -7] [-23, 18, 6, 4] [23, 7, -4, -4] [-13, -10, 4, 11] [-13, -7, 25, -11]
[-8, 5, 38, 4] [-6, 6, -10, 17] [-21, 2, 26, -5] [-61, 17, 35, 30] [-39, -30, -31, 10] [-7, -26, 12, 26] [-18, -11, -7, -17]
[5, 10, 2, -32] [8, -5, 11, -34] [1, 14, -1, -88] [0, 0, 0, 0] [31, -86, 19, 10] [15, -7, 1, 22] [0, 13, 10, 0]
[-15, -19, -11, -7] [17, 12, -8, 5] [2, 13, -15, -5] [22, 11, -64, 24] [-1, -13, -15, 37] [11, 12, -10, 4] [-19, -35, 7, 16]
[12, 12, 2, 15] [13, 4, -6, -16] [9, 4, 16, -9] [-8, 5, -24, 1] [9, 18, -7, 15] [29, 0, -15, 2] [31, 9, 0, 14]
[4, -11, -14, -10] [4, 3, -3, -3] [3, -1, 12, -7] [-11, 19, -22, -6] [29, 13, -10, 8] [21, -2, -19, 13] [0, -1, 3, 2]
Food (up, right, down, left):
[30, 7, 1, 15] [-9, 7, -6, -35] [21, -15, -14, 19] [-8, -1, 17, 20] [-3, 16, -5, -1] [-2, -6, 10, -10] [-25, 21, 3, -14]
[-53, -5, -13, -26] [-3, -9, -14, -11] [-11, 23, 3, 17] [-4, 14, -26, 25] [11, 12, 3, -35] [26, -10, -21, 8] [7, -4, 8, 10]
[-22, 19, -3, -29] [-10, -7, -5, 30] [-28, -24, -18, 12] [32, -15, 14, -5] [-13, -7, -6, -5] [-5, 8, -37, -30] [16, 21, 2, 25]
[12, 1, 15, 27] [-16, -6, -32, 26] [1, 3, -25, -11] [0, 0, 0, 0] [-29, 47, -23, 2] [-26, 0, -19, -1] [-8, 18, -13, 7]
[-19, 22, -6, 19] [8, -1, 16, 19] [26, -14, 29, -8] [-20, -14, 17, -8] [-5, -4, 19, -35] [-6, 45, 14, 20] [16, 7, -1, -49]
[21, -10, -1, -8] [-6, 14, 23, 15] [8, 19, 8, 18] [-7, -20, 16, -21] [-13, -30, -8, -23] [-9, 24, -12, 18] [9, 47, -11, 17]
[-4, 1, -19, -5] [9, -2, 11, -21] [9, 20, 4, -11] [4, 17, 40, -40] [28, 31, -5, -3] [8, 35, 8, -7] [24, -27, 15, -21]
------------------------------
ALIVE
Head: (21 32)
Body: (21 32) (21 31) (21 30) (21 29) (22 29) (22 28) (23 28) (23 27) 
Length: 8, 4
Vision: 3
Hungry, suplies: 10/10
Reproductive: 16, mutating: 0.25
Generation: 28925
####################################
Wall (up, right, down, left):
[7, -10, -18, 1] [0, -11, -18, -7] [-9, 4, 1, -10] [4, 4, 19, 8] [-15, 9, 31, -22] [-1, 3, 9, -22] [-34, -16, -16, -17]
[3, 8, 17, -8] [14, 21, 3, 9] [-11, 18, 4, -7] [-23, 23, 6, 4] [23, 7, -4, -4] [-13, -10, 4, 11] [-13, -7, 25, -11]
[-8, 5, 38, 4] [-6, 6, -10, 17] [-21, 2, 26, -5] [-61, 17, 35, 30] [-39, -30, -31, 7] [-7, -26, 10, 26] [-18, -11, -7, -17]
[5, 10, 2, -32] [8, -5, 11, -34] [1, 14, -1, -88] [0, 0, 0, 0] [31, -86, 19, 10] [15, -7, 1, 22] [0, 13, 10, 0]
[-15, -19, -11, -7] [17, 12, -8, 5] [2, 13, -15, -5] [22, 11, -64, 24] [-1, -13, -15, 38] [11, 12, -10, 4] [-19, -35, 7, 16]
[12, 12, 2, 15] [13, 4, -6, -16] [9, 4, 16, -9] [-8, 5, -24, 1] [6, 18, -7, 15] [29, 0, -15, 2] [31, 9, 0, 14]
[4, -11, -14, -10] [4, -6, -3, -3] [3, -1, 12, -7] [-11, 19, -22, -6] [29, 13, -10, 8] [21, -2, -19, 13] [0, -1, 3, 2]
Food (up, right, down, left):
[30, 7, -1, 15] [-9, 7, -6, -35] [21, -15, -14, 19] [-8, -1, 17, 20] [-3, 16, -5, -1] [-2, -6, 10, -10] [-25, 21, 3, -14]
[-53, -5, -13, -26] [-3, -9, -14, -11] [-11, 23, 3, 17] [-6, 14, -26, 25] [11, 12, 3, -35] [26, -10, -21, 8] [7, -4, 8, 10]
[-22, 19, -3, -29] [-10, -7, -5, 30] [-28, -24, -18, 12] [32, -15, 14, -5] [-13, -4, -6, -5] [-5, 3, -37, -30] [16, 21, 2, 25]
[12, 1, 15, 27] [-16, -6, -32, 26] [1, 3, -25, -11] [0, 0, 0, 0] [-29, 47, -23, 2] [-26, 0, -19, -1] [-8, 18, -13, 7]
[-19, 22, -6, 19] [8, -1, 16, 19] [26, -14, 29, -8] [-20, -14, 17, -8] [-5, -2, 19, -35] [-6, 45, 14, 20] [16, 7, -1, -49]
[21, -10, -1, -8] [-6, 14, 23, 15] [8, 19, 8, 18] [-7, -20, 16, -21] [-16, -30, -8, -23] [-9, 24, -12, 18] [9, 47, -11, 17]
[-4, 1, -19, -5] [4, 1, 11, -21] [9, 20, 4, -11] [4, 17, 40, -40] [28, 31, -5, -3] [8, 35, 8, -7] [24, -27, 15, -21]
------------------------------
ALIVE
Head: (6 15)
Body: (6 15) (6 16) (6 17) (6 18) (6 19) (7 19) (7 20) (7 21) (7 22) (7 23) (8 23) (8 22) (8 21) 
Length: 13, 4
Vision: 3
Hungry, suplies: 5/10
Reproductive: 16, mutating: 0.25
Generation: 28926
####################################
Wall (up, right, down, left):
[7, -10, -18, 1] [0, -11, -18, -7] [-9, 4, 1, -10] [4, 4, 19, 8] [-15, 9, 31, -22] [-1, 3, 9, -22] [-34, -16, -16, -17]
[3, 8, 17, -8] [14, 21, 4, 9] [-11, 18, 4, -7] [-23, 18, 6, 4] [23, 7, -4, -4] [-13, -10, 4, 11] [-13, -7, 25, -11]
[-8, 5, 38, 4] [-6, 6, -10, 17] [-21, 2, 26, -5] [-61, 17, 35, 30] [-39, -30, -31, 10] [-7, -26, 10, 26] [-18, -11, -7, -17]
[5, 10, 2, -32] [8, -5, 11, -34] [1, 14, -1, -88] [0, 0, 0, 0] [31, -86, 19, 10] [15, -7, 1, 22] [0, 13, 10, 0]
[-15, -19, -11, -7] [17, 12, -8, 5] [2, 13, -15, -5] [22, 11, -64, 24] [-1, -13, -15, 37] [11, 12, -10, 4] [-19, -35, 7, 16]
[12, 12, 2, 15] [13, 4, -6, -16] [9, 4, 16, -9] [-8, 5, -24, 1] [6, 18, -7, 15] [29, 0, -15, 2] [31, 9, 0, 14]
[4, -11, -14, -10] [4, -1, -3, -3] [3, -1, 12, -7] [-11, 19, -22, -6] [29, 13, -10, 8] [21, -2, -19, 13] [0, -1, 3, 2]
Food (up, right, down, left):
[30, 7, -1, 15] [-9, 7, -6, -35] [21, -15, -14, 19] [-8, -1, 17, 20] [-3, 16, -5, -1] [-2, -6, 10, -10] [-25, 21, 3, -14]
[-53, -5, -13, -26] [-3, -7, -14, -11] [-11, 23, 3, 17] [-4, 14, -26, 25] [11, 12, 3, -35] [26, -10, -21, 8] [7, -4, 8, 10]
[-22, 19, -3, -29] [-10, -7, -5, 30] [-28, -24, -18, 12] [32, -15, 14, -5] [-13, -7, -6, -5] [-5, 3, -37, -30] [16, 21, 2, 25]
[12, 1, 15, 27] [-16, -6, -32, 26] [1, 3, -25, -11] [0, 0, 0, 0] [-29, 47, -23, 2] [-26, 0, -19, -1] [-8, 18, -13, 7]
[-19, 22, -6, 19] [8, -1, 16, 19] [26, -14, 29, -8] [-20, -14, 17, -8] [-5, -4, 19, -35] [-6, 45, 14, 20] [16, 7, -1, -49]
[21, -10, -1, -8] [-6, 14, 23, 15] [8, 19, 8, 18] [-7, -20, 16, -21] [-16, -30, -8, -23] [-9, 24, -12, 18] [9, 47, -11, 17]
[-4, 1, -19, -5] [4, -2, 11, -21] [9, 20, 4, -11] [4, 17, 40, -40] [28, 31, -5, -3] [8, 35, 8, -7] [24, -27, 15, -21]
------------------------------
ALIVE
Head: (6 39)
Body: (6 39) (6 38) (6 37) (6 36) (5 36) (4 36) (4 35) (3 35) (3 34) (3 33) (3 32) (3 31) 
Length: 12, 4
Vision: 3
Hungry, suplies: 7/10
Reproductive: 16, mutating: 0.25
Generation: 28927
####################################
Wall (up, right, down, left):
[7, -10, -18, 1] [0, -11, -18, -7] [-9, 4, 1, -10] [4, 4, 19, 8] [-15, 9, 31, -22] [-1, 3, 9, -22] [-34, -16, -16, -17]
[3, 8, 17, -8] [14, 21, 4, 9] [-11, 18, 4, -7] [-23, 18, 6, 4] [23, 7, -4, -4] [-13, -10, 4, 11] [-13, -7, 25, -11]
[-8, 5, 38, 4] [-6, 6, -10, 17] [-21, 2, 26, -5] [-61, 17, 35, 30] [-39, -30, -31, 10] [-7, -26, 10, 26] [-18, -11, -7, -17]
[5, 10, 2, -32] [8, -5, 11, -34] [1, 14, -1, -88] [0, 0, 0, 0] [31, -86, 19, 10] [15, -7, 1, 22] [0, 13, 10, 0]
[-15, -19, -11, -7] [17, 12, -8, 5] [2, 13, -15, -5] [22, 11, -64, 24] [-1, -13, -15, 37] [11, 12, -10, 4] [-19, -35, 7, 16]
[12, 12, 2, 15] [13, 4, -6, -16] [9, 4, 16, -9] [-8, 5, -24, 1] [6, 18, -7, 15] [29, 0, -15, 2] [31, 9, 0, 14]
[4, -11, -14, -10] [4, -1, -3, -3] [3, -1, 12, -7] [-11, 19, -22, -6] [29, 13, -10, 8] [21, -2, -19, 13] [0, -1, 3, 2]
Food (up, right, down, left):
[30, 7, -1, 15] [-9, 7, -6, -35] [21, -15, -14, 19] [-8, -1, 17, 20] [-3, 16, -5, -1] [-2, -6, 10, -10] [-25, 21, 3, -14]
[-53, -5, -13, -26] [-3, -7, -14, -11] [-11, 23, 3, 17] [-4, 14, -26, 25] [11, 12, 3, -35] [26, -10, -21, 8] [7, -4, 8, 10]
[-22, 19, -3, -29] [-10, -7, -5, 30] [-28, -24, -18, 12] [32, -15, 14, -5] [-13, -7, -6, -5] [-5, 3, -37, -30] [16, 21, 2, 25]
[12, 1, 15, 27] [-16, -6, -32, 26] [1, 3, -25, -11] [0, 0, 0, 0] [-29, 47, -23, 2] [-26, 0, -19, -1] [-8, 18, -13, 7]
[-19, 22, -6, 19] [8, -1, 16, 19] [26, -14, 29, -8] [-20, -14, 17, -8] [-5, -4, 19, -35] [-6, 45, 14, 20] [16, 7, -1, -49]
[21, -10, -1, -8] [-6, 14, 23, 15] [8, 19, 8, 18] [-7, -20, 16, -21] [-16, -30, -8, -23] [-9, 24, -12, 18] [9, 47, -11, 17]
[-4, 1, -19, -5] [4, -2, 11, -21] [9, 20, 4, -11] [4, 17, 40, -40] [28, 31, -5, -3] [8, 35, 8, -7] [24, -27, 15, -21]
------------------------------
ALIVE
Head: (6 34)
Body: (6 34) (7 34) (7 35) (7 36) (8 36) (9 36) (9 35) (9 34) 
Length: 8, 4
Vision: 3
Hungry, suplies: 6/10
Reproductive: 16, mutating: 0.25
Generation: 28925
####################################
Wall (up, right, down, left):
[7, -10, -18, 1] [0, -8, -18, -7] [-9, 4, 1, -10] [4, 4, 19, 8] [-15, 9, 31, -22] [-1, 3, 9, -22] [-29, -16, -11, -15]
[3, 8, 17, -8] [14, 21, 3, 9] [-11, 17, 4, -7] [-23, 18, 6, 4] [23, 6, -4, 1] [-13, -10, 4, 11] [-13, -7, 25, -11]
[-8, 7, 33, 4] [-6, 6, -10, 17] [-21, 2, 24, -5] [-61, 15, 35, 30] [-44, -30, -31, 10] [-7, -26, 10, 26] [-18, -11, -7, -17]
[5, 10, 2, -32] [8, -5, 11, -34] [1, 14, -1, -88] [0, 0, 0, 0] [31, -86, 19, 10] [15, -7, 1, 22] [0, 13, 10, -4]
[-15, -19, -11, -7] [17, 12, -8, 9] [1, 13, -15, -5] [22, 11, -64, 24] [-1, -10, -15, 37] [11, 12, -10, 4] [-19, -35, 7, 16]
[12, 12, 6, 15] [13, 4, -6, -16] [9, 4, 16, -5] [-8, 5, -24, 1] [9, 20, -7, 15] [29, 0, -10, 2] [31, 9, 0, 14]
[4, -11, -14, -10] [4, 3, -3, -3] [3, -1, 12, -7] [-11, 19, -22, -6] [29, 13, -10, 8] [21, -2, -15, 13] [0, -1, 3, 2]
Food (up, right, down, left):
[30, 7, -1, 15] [-9, 7, -4, -35] [21, -15, -14, 19] [-8, -1, 17, 20] [-3, 16, -5, -1] [-2, -6, 10, -10] [-25, 21, 11, -18]
[-53, -5, -13, -26] [-3, -9, -14, -11] [-11, 27, 3, 17] [-4, 14, -26, 25] [11, 12, 2, -34] [26, -10, -21, 8] [7, -4, 8, 10]
[-19, 19, -3, -30] [-10, -7, -5, 30] [-27, -24, -18, 12] [32, -15, 15, -1] [-17, -7, -6, -4] [-5, 3, -37, -30] [16, 21, 2, 25]
[12, 1, 15, 27] [-16, -6, -32, 26] [1, 3, -25, -11] [0, 0, 0, 0] [-29, 47, -23, 2] [-26, 0, -19, -1] [-8, 18, -13, 5]
[-19, 22, -6, 19] [8, -1, 13, 19] [26, -14, 29, -4] [-20, -14, 17, -8] [-5, -4, 15, -35] [-6, 45, 14, 20] [16, 7, -1, -49]
[21, -8, -1, -8] [-6, 14, 23, 15] [8, 19, 8, 19] [-7, -20, 16, -21] [-15, -30, -8, -23] [-9, 24, -15, 18] [9, 47, -11, 17]
[-4, 1, -19, -5] [9, -2, 11, -21] [9, 20, 4, -11] [4, 17, 40, -40] [28, 31, -5, -3] [8, 35, 8, -7] [24, -27, 15, -21]
------------------------------
ALIVE
Head: (14 3)
Body: (14 3) (15 3) (15 2) (15 1) (15 57) (15 56) (15 55) (16 55) (16 54) (17 54) (17 53) (17 52) (17 51) (17 50) 
Length: 14, 4
Vision: 3
Hungry, suplies: 10/10
Reproductive: 16, mutating: 0.25
Generation: 28915
####################################
Wall (up, right, down, left):
[7, -10, -18, 1] [0, -8, -18, -7] [-9, 4, 1, -10] [4, 4, 19, 8] [-15, 9, 31, -22] [-1, 3, 9, -22] [-29, -16, -11, -15]
[3, 8, 17, -8] [14, 21, 3, 9] [-11, 17, 4, -7] [-23, 18, 6, 4] [23, 6, -4, 1] [-13, -10, 4, 11] [-13, -7, 25, -11]
[-8, 7, 33, 4] [-6, 6, -10, 17] [-21, 2, 24, -5] [-61, 15, 35, 30] [-44, -30, -31, 10] [-7, -23, 10, 26] [-18, -11, -7, -17]
[5, 10, 2, -32] [8, -5, 11, -34] [1, 14, -1, -88] [0, 0, 0, 0] [31, -86, 19, 10] [15, -7, 1, 22] [0, 13, 10, -4]
[-15, -19, -11, -7] [17, 12, -8, 9] [1, 13, -15, -5] [22, 11, -64, 24] [-1, -13, -15, 37] [11, 12, -10, 4] [-19, -35, 7, 16]
[12, 12, 6, 15] [13, 4, -6, -16] [9, 4, 16, -5] [-8, 8, -24, 1] [9, 20, -7, 15] [29, 0, -15, 2] [31, 9, 0, 14]
[4, -11, -14, -10] [4, 3, -3, -3] [3, -1, 12, -7] [-11, 19, -22, -6] [25, 13, -10, 8] [21, -2, -15, 13] [0, -1, 3, 2]
Food (up, right, down, left):
[30, 7, -1, 15] [-9, 7, -4, -35] [21, -15, -14, 19] [-8, -1, 17, 20] [-3, 16, -5, -1] [-2, -6, 10, -10] [-25, 21, 11, -18]
[-53, -5, -13, -26] [-3, -9, -14, -11] [-11, 27, 3, 17] [-4, 14, -26, 25] [11, 12, 2, -34] [26, -10, -21, 8] [7, -4, 8, 10]
[-19, 19, -3, -30] [-10, -7, -5, 30] [-27, -24, -18, 12] [32, -15, 15, -1] [-17, -7, -6, -4] [-4, 3, -37, -30] [16, 21, 2, 25]
[12, 1, 15, 27] [-16, -6, -32, 26] [1, 3, -25, -11] [0, 0, 0, 0] [-29, 47, -23, 2] [-26, 0, -19, -1] [-8, 18, -13, 5]
[-19, 22, -6, 19] [8, -1, 13, 19] [26, -14, 29, -4] [-20, -14, 17, -8] [-5, -4, 19, -35] [-6, 45, 14, 20] [16, 7, -1, -49]
[21, -8, -1, -8] [-6, 14, 23, 15] [8, 19, 8, 19] [-7, -20, 16, -21] [-15, -30, -8, -23] [-9, 24, -12, 18] [9, 47, -11, 17]
[-4, 1, -19, -5] [9, -2, 11, -21] [9, 20, 4, -11] [4, 17, 40, -40] [28, 31, -5, -7] [8, 35, 8, -7] [24, -27, 15, -21]
------------------------------
ALIVE
Head: (8 3)
Body: (8 3) (8 2) (8 1) (7 1) (6 1) (6 0) (6 56) (5 56) (5 55) (5 54) (5 53) (6 53) 
Length: 12, 4
Vision: 3
Hungry, suplies: 5/10
Reproductive: 16, mutating: 0.25
Generation: 28920
####################################
Wall (up, right, down, left):
[7, -10, -17, 1] [0, -11, -18, -7] [-9, 4, 1, -10] [4, 4, 19, 8] [-15, 9, 31, -22] [-1, 0, 9, -22] [-34, -16, -16, -17]
[3, 8, 17, -8] [14, 21, 3, 9] [-11, 18, 4, -7] [-23, 18, 6, 4] [23, 7, -4, -4] [-13, -10, 4, 11] [-13, -7, 25, -11]
[-8, 5, 38, 4] [-6, 6, -10, 17] [-21, 2, 26, -5] [-61, 17, 35, 30] [-39, -30, -31, 10] [-7, -26, 12, 26] [-18, -11, -7, -17]
[5, 10, 2, -32] [8, 0, 11, -34] [1, 14, -1, -88] [0, 0, 0, 0] [31, -86, 19, 10] [15, -7, 1, 22] [0, 13, 10, 0]
[-15, -19, -11, -7] [17, 12, -8, 5] [2, 13, -15, -5] [22, 11, -64, 24] [-1, -13, -15, 37] [11, 12, -10, 4] [-19, -35, 7, 16]
[12, 12, 2, 15] [13, 4, -6, -16] [9, 4, 16, -9] [-8, 5, -24, 1] [9, 18, -7, 15] [29, 0, -15, 2] [31, 9, 0, 14]
[4, -11, -14, -10] [4, 3, -3, -3] [3, -1, 12, -7] [-11, 19, -22, -6] [29, 13, -10, 8] [21, -2, -19, 13] [0, -1, 3, 2]
Food (up, right, down, left):
[30, 7, 1, 15] [-9, 7, -6, -35] [21, -15, -14, 19] [-8, -1, 17, 20] [-3, 16, -5, -1] [-2, -7, 10, -10] [-25, 21, 3, -14]
[-53, -5, -13, -26] [-3, -9, -14, -11] [-11, 23, 3, 17] [-4, 14, -26, 25] [11, 12, 3, -35] [26, -10, -21, 8] [7, -4, 8, 10]
[-22, 19, -3, -29] [-10, -7, -5, 30] [-28, -24, -18, 12] [32, -15, 14, -5] [-13, -7, -6, -5] [-5, 8, -37, -30] [16, 21, 2, 25]
[12, 1, 15, 27] [-17, -6, -32, 26] [1, 3, -25, -11] [0, 0, 0, 0] [-29, 47, -23, 2] [-26, 0, -19, -1] [-8, 18, -13, 7]
[-19, 22, -6, 19] [8, -1, 16, 19] [26, -14, 29, -8] [-20, -14, 17, -8] [-5, -4, 19, -35] [-6, 45, 14, 20] [16, 7, -1, -49]
[21, -10, -1, -8] [-6, 14, 23, 15] [8, 19, 8, 18] [-7, -20, 16, -21] [-13, -30, -8, -23] [-9, 24, -12, 18] [9, 47, -11, 17]
[-4, 1, -19, -5] [9, -2, 11, -21] [9, 20, 4, -11] [4, 17, 40, -40] [28, 31, -5, -3] [8, 35, 8, -7] [24, -27, 15, -21]
------------------------------
ALIVE
Head: (7 6)
Body: (7 6) (6 6) (5 6) (4 6) (3 6) (3 5) (2 5) (1 5) 
Length: 8, 4
Vision: 3
Hungry, suplies: 5/10
Reproductive: 16, mutating: 0.25
Generation: 28929
####################################
Wall (up, right, down, left):
[7, -10, -18, 1] [0, -8, -18, -7] [-9, 4, 1, -10] [4, 4, 19, 8] [-15, 9, 31, -22] [-1, 3, 9, -22] [-29, -14, -11, -15]
[3, 8, 17, -8] [14, 21, 3, 9] [-11, 17, 4, -7] [-23, 18, 6, 4] [23, 6, -4, 1] [-13, -10, 4, 11] [-13, -7, 25, -11]
[-8, 7, 33, 4] [-6, 6, -10, 17] [-21, 2, 24, -5] [-61, 15, 35, 30] [-44, -30, -31, 10] [-7, -26, 10, 26] [-18, -11, -7, -17]
[5, 10, 2, -32] [8, -5, 11, -34] [1, 14, -1, -88] [0, 0, 0, 0] [31, -86, 19, 10] [15, -7, 1, 22] [0, 13, 10, -4]
[-15, -19, -11, -7] [17, 12, -8, 9] [1, 13, -15, -5] [22, 11, -64, 24] [-1, -13, -15, 37] [11, 12, -10, 4] [-19, -35, 7, 16]
[12, 12, 6, 15] [13, 4, -6, -16] [9, 4, 16, -5] [-8, 5, -24, 1] [9, 20, -7, 15] [29, 0, -15, 2] [31, 9, 0, 14]
[4, -11, -14, -10] [4, 3, -3, -3] [3, -1, 12, -7] [-11, 19, -22, -6] [29, 13, -10, 8] [21, -2, -15, 13] [0, -1, 3, 2]
Food (up, right, down, left):
[30, 7, -1, 15] [-9, 7, -4, -35] [21, -15, -14, 19] [-8, -1, 17, 20] [2, 16, -5, -1] [-2, -6, 10, -10] [-25, 21, 10, -18]
[-53, -5, -13, -26] [-3, -9, -14, -11] [-11, 27, 3, 17] [-4, 14, -26, 25] [11, 12, 2, -34] [26, -10, -21, 8] [7, -4, 8, 10]
[-19, 19, -3, -30] [-10, -7, -5, 30] [-27, -24, -18, 12] [32, -15, 15, -1] [-17, -7, -6, -4] [-5, 3, -37, -30] [16, 21, 2, 25]
[12, 1, 15, 27] [-16, -6, -32, 26] [1, 3, -25, -11] [0, 0, 0, 0] [-29, 47, -23, 2] [-26, 0, -19, -1] [-8, 18, -13, 5]
[-19, 22, -6, 19] [8, -1, 13, 19] [26, -14, 29, -4] [-20, -14, 17, -8] [-5, -4, 19, -35] [-6, 45, 14, 20] [16, 7, -1, -49]
[21, -8, -1, -8] [-6, 14, 23, 15] [8, 19, 8, 19] [-7, -20, 16, -21] [-15, -30, -8, -23] [-9, 24, -12, 18] [9, 47, -11, 17]
[-4, 1, -19, -5] [9, -2, 11, -21] [9, 20, 4, -11] [4, 17, 40, -40] [28, 31, -5, -3] [8, 35, 8, -7] [24, -27, 15, -21]
------------------------------
ALIVE
Head: (12 3)
Body: (12 3) (12 2) (12 1) (12 0) (11 0) (10 0) (9 57) (9 56) (10 56) (10 55) (10 54) (11 54) (11 53) 
Length: 13, 4
Vision: 3
Hungry, suplies: 10/10
Reproductive: 16, mutating: 0.25
Generation: 28916
####################################
Wall (up, right, down, left):
[7, -10, -18, 1] [0, -8, -18, -7] [-9, 4, 1, -10] [4, 4, 19, 8] [-15, 9, 31, -22] [-1, 3, 9, -22] [-29, -16, -11, -16]
[3, 8, 17, -8] [14, 21, 3, 9] [-11, 17, 4, -7] [-23, 18, 6, 4] [23, 6, -4, 1] [-13, -10, 4, 11] [-13, -7, 25, -11]
[-8, 7, 33, 4] [-6, 6, -10, 17] [-21, 2, 24, -5] [-61, 15, 35, 30] [-44, -30, -31, 10] [-7, -23, 10, 26] [-18, -11, -7, -17]
[5, 10, 2, -32] [8, -5, 11, -34] [1, 14, -1, -88] [0, 0, 0, 0] [31, -86, 19, 10] [15, -7, 1, 22] [0, 13, 10, -4]
[-15, -19, -11, -7] [17, 12, -8, 9] [1, 13, -15, -5] [22, 11, -64, 24] [-1, -13, -15, 37] [11, 12, -10, 4] [-19, -35, 7, 16]
[12, 12, 6, 15] [13, 4, -6, -16] [9, 4, 16, -5] [-8, 8, -24, 1] [9, 20, -7, 15] [29, 0, -15, 2] [31, 9, 0, 14]
[4, -11, -14, -10] [4, 3, -3, -3] [3, -1, 12, -7] [-11, 19, -22, -6] [25, 13, -10, 8] [21, -2, -15, 13] [0, -1, 3, 2]
Food (up, right, down, left):
[30, 7, -1, 15] [-9, 7, -4, -35] [21, -15, -14, 19] [-8, -1, 17, 20] [-3, 16, -5, -1] [-2, -6, 10, -10] [-25, 21, 11, -18]
[-53, -5, -13, -26] [-3, -9, -14, -11] [-11, 27, 3, 17] [-4, 14, -26, 25] [11, 12, 2, -34] [26, -10, -21, 8] [7, -4, 8, 10]
[-19, 19, -3, -30] [-10, -7, -5, 30] [-27, -24, -18, 12] [32, -15, 15, -1] [-17, -7, -6, -4] [-4, 3, -37, -30] [16, 21, 2, 25]
[12, 1, 15, 27] [-16, -6, -32, 26] [1, 3, -25, -11] [0, 0, 0, 0] [-29, 47, -23, 2] [-26, 0, -19, -1] [-8, 18, -13, 5]
[-19, 22, -6, 19] [8, -1, 13, 19] [26, -14, 29, -4] [-20, -14, 17, -8] [-5, -4, 19, -35] [-6, 45, 14, 20] [16, 7, -1, -49]
[21, -8, -1, -8] [-6, 14, 23, 15] [8, 19, 8, 19] [-7, -20, 16, -21] [-15, -30, -8, -23] [-9, 24, -12, 18] [9, 47, -11, 17]
[-4, 1, -19, -5] [9, -2, 11, -21] [9, 20, 4, -11] [4, 17, 40, -40] [28, 31, -5, -7] [8, 35, 8, -7] [24, -27, 15, -21]
------------------------------
ALIVE
Head: (16 1)
Body: (16 1) (17 1) (17 2) (18 2) (18 1) (18 57) (18 56) (19 56) 
Length: 8, 4
Vision: 3
Hungry, suplies: 4/10
Reproductive: 16, mutating: 0.25
Generation: 28918
####################################
Wall (up, right, down, left):
[7, -10, -18, 1] [0, -8, -18, -7] [-9, 4, 1, -10] [4, 4, 19, 8] [-15, 9, 31, -18] [-1, 3, 6, -22] [-29, -16, -11, -15]
[3, 8, 17, -8] [14, 21, 3, 9] [-11, 17, 4, -7] [-23, 18, 6, 4] [23, 6, -4, 1] [-13, -10, 4, 11] [-13, -7, 25, -11]
[-8, 7, 33, 4] [-6, 6, -10, 17] [-21, 2, 24, -5] [-61, 15, 35, 30] [-44, -30, -31, 10] [-7, -23, 10, 26] [-18, -11, -7, -17]
[5, 10, 2, -32] [8, -5, 11, -34] [1, 14, -1, -88] [0, 0, 0, 0] [31, -86, 19, 10] [15, -7, 1, 22] [0, 13, 10, -4]
[-15, -19, -11, -7] [17, 12, -8, 9] [1, 13, -15, -5] [22, 11, -64, 24] [-1, -13, -15, 37] [11, 12, -10, 4] [-19, -35, 7, 16]
[12, 12, 6, 15] [13, 4, -6, -16] [9, 4, 16, -5] [-8, 8, -24, 1] [9, 20, -7, 15] [29, 0, -15, 2] [31, 9, 0, 14]
[4, -11, -14, -10] [4, 3, -3, -3] [3, -1, 12, -7] [-11, 19, -22, -6] [25, 13, -10, 8] [21, -2, -15, 13] [0, -1, 3, 2]
Food (up, right, down, left):
[30, 7, -1, 15] [-9, 7, -4, -35] [21, -15, -14, 19] [-8, -1, 17, 20] [-3, 16, -5, -6] [-2, -8, 10, -10] [-25, 21, 11, -18]
[-53, -5, -13, -26] [-3, -9, -14, -11] [-11, 27, 3, 17] [-4, 14, -26, 25] [11, 12, 2, -34] [26, -10, -21, 8] [7, -4, 8, 10]
[-19, 19, -3, -30] [-10, -7, -5, 30] [-27, -24, -18, 12] [32, -15, 15, -1] [-17, -7, -6, -4] [-4, 3, -37, -30] [16, 21, 2, 25]
[12, 1, 15, 27] [-16, -6, -32, 26] [1, 3, -25, -11] [0, 0, 0, 0] [-29, 47, -23, 2] [-26, 0, -19, -1] [-8, 18, -13, 5]
[-19, 22, -6, 19] [8, -1, 13, 19] [26, -14, 29, -4] [-20, -14, 17, -8] [-5, -4, 19, -35] [-6, 45, 14, 20] [16, 7, -1, -49]
[21, -8, -1, -8] [-6, 14, 23, 15] [8, 19, 8, 19] [-7, -20, 16, -21] [-15, -30, -8, -23] [-9, 24, -12, 18] [9, 47, -11, 17]
[-4, 1, -19, -5] [9, -2, 11, -21] [9, 20, 4, -11] [4, 17, 40, -40] [28, 31, -5, -7] [8, 35, 8, -7] [24, -27, 15, -21]
------------------------------
ALIVE
Head: (0 50)
Body: (0 50) (1 50) (1 51) (2 51) (2 52) (2 53) (3 53) (3 52) 
Length: 8, 4
Vision: 3
Hungry, suplies: 3/10
Reproductive: 16, mutating: 0.25
Generation: 28921
####################################
Wall (up, right, down, left):
[7, -10, -18, 1] [0, -11, -18, -7] [-9, 4, 1, -10] [4, 4, 19, 8] [-15, 9, 31, -22] [-1, 3, 9, -22] [-34, -16, -16, -17]
[3, 8, 17, -8] [14, 21, 3, 9] [-11, 18, 4, -7] [-23, 18, 6, 4] [23, 7, -4, -4] [-13, -10, 4, 11] [-13, -7, 25, -11]
[-8, 5, 38, 4] [-6, 6, -10, 17] [-21, 2, 26, -5] [-61, 17, 35, 30] [-39, -30, -31, 10] [-7, -26, 10, 26] [-18, -11, -7, -17]
[5, 10, 2, -32] [8, -5, 11, -34] [1, 14, -1, -88] [0, 0, 0, 0] [31, -86, 19, 10] [15, -7, 1, 22] [0, 13, 10, 0]
[-15, -19, -11, -7] [17, 12, -8, 5] [2, 13, -15, -5] [22, 11, -64, 24] [-1, -13, -15, 37] [11, 12, -10, 4] [-19, -35, 7, 16]
[12, 12, 2, 15] [13, 4, -6, -16] [9, 4, 16, -9] [-8, 5, -24, 1] [6, 18, -7, 15] [29, 0, -15, 2] [31, 9, 0, 14]
[4, -11, -14, -10] [4, -1, -3, -3] [3, -1, 12, -7] [-11, 19, -22, -6] [29, 13, -10, 8] [21, -2, -24, 13] [0, -1, 3, 2]
Food (up, right, down, left):
[30, 7, -1, 15] [-9, 7, -6, -35] [21, -15, -14, 19] [-8, -1, 17, 20] [-3, 16, -5, -1] [-2, -6, 10, -10] [-25, 21, 3, -14]
[-53, -5, -13, -26] [-3, -9, -14, -11] [-11, 23, 3, 17] [-4, 14, -26, 25] [11, 12, 3, -35] [26, -10, -21, 8] [7, -4, 8, 10]
[-22, 19, -3, -29] [-10, -7, -5, 30] [-28, -24, -18, 12] [32, -15, 14, -5] [-13, -7, -6, -5] [-5, 3, -37, -30] [16, 21, 2, 25]
[12, 1, 15, 27] [-16, -6, -32, 26] [1, 3, -25, -11] [0, 0, 0, 0] [-29, 47, -23, 2] [-26, 0, -19, -1] [-8, 18, -13, 7]
[-19, 22, -6, 19] [8, -1, 16, 19] [26, -14, 29, -8] [-20, -14, 17, -8] [-5, -4, 19, -35] [-6, 45, 14, 20] [16, 7, -1, -49]
[21, -10, -1, -8] [-6, 14, 23, 15] [8, 19, 8, 18] [-7, -20, 16, -21] [-16, -30, -8, -23] [-9, 24, -12, 18] [9, 47, -11, 17]
[-4, 1, -19, -5] [4, -2, 11, -21] [9, 20, 4, -11] [4, 17, 40, -40] [28, 31, -5, -3] [8, 35, 8, -11] [24, -27, 15, -21]
------------------------------
ALIVE
Head: (20 4)
Body: (20 4) (19 4) (19 3) (18 3) (18 4) (18 5) (19 5) (19 6) (19 7) (19 8) 
Length: 10, 4
Vision: 3
Hungry, suplies: 9/10
Reproductive: 16, mutating: 0.25
Generation: 28925
####################################
Wall (up, right, down, left):
[7, -10, -18, 1] [0, -11, -18, -7] [-9, 4, 1, -10] [4, 4, 19, 8] [-15, 9, 31, -22] [-1, 3, 9, -22] [-34, -16, -16, -17]
[3, 8, 17, -8] [14, 21, 4, 9] [-11, 18, 4, -7] [-23, 18, 6, 4] [23, 7, -4, -4] [-13, -10, 4, 11] [-13, -7, 25, -11]
[-8, 5, 38, 4] [-6, 6, -10, 17] [-21, 2, 26, -5] [-61, 17, 35, 30] [-39, -30, -31, 10] [-7, -26, 10, 26] [-18, -11, -7, -17]
[5, 10, 2, -32] [8, -5, 11, -34] [1, 14, -1, -88] [0, 0, 0, 0] [31, -86, 19, 10] [15, -7, 1, 22] [0, 13, 10, 0]
[-15, -19, -11, -7] [17, 12, -8, 5] [2, 13, -15, -5] [22, 11, -64, 24] [-1, -13, -15, 37] [11, 12, -10, 4] [-19, -35, 7, 16]
[12, 12, 2, 15] [13, 4, -6, -16] [9, 4, 16, -9] [-8, 5, -24, 1] [6, 18, -7, 15] [29, 0, -15, 2] [31, 9, 0, 14]
[4, -11, -14, -10] [4, -1, -3, -3] [3, -1, 12, -7] [-11, 19, -22, -6] [29, 13, -10, 8] [21, -2, -19, 13] [0, -1, 3, 2]
Food (up, right, down, left):
[30, 7, -1, 15] [-9, 7, -6, -35] [21, -15, -14, 19] [-8, -1, 17, 20] [-3, 16, -5, -1] [-2, -6, 10, -10] [-25, 21, 3, -14]
[-53, -5, -13, -26] [-3, -7, -14, -11] [-11, 23, 3, 17] [-4, 14, -26, 25] [11, 12, 3, -35] [26, -10, -21, 8] [7, -4, 8, 10]
[-22, 19, -3, -29] [-10, -7, -5, 30] [-28, -24, -18, 12] [32, -15, 14, -5] [-13, -7, -6, -5] [-5, 3, -37, -30] [16, 21, 2, 25]
[12, 1, 15, 27] [-16, -6, -32, 26] [1, 3, -25, -11] [0, 0, 0, 0] [-29, 47, -23, 2] [-26, 0, -19, -1] [-8, 18, -13, 7]
[-19, 22, -6, 19] [8, -1, 16, 19] [26, -14, 29, -8] [-20, -14, 17, -8] [-5, -4, 19, -35] [-6, 45, 14, 20] [16, 7, -1, -49]
[21, -10, -1, -8] [-6, 14, 23, 15] [8, 19, 8, 18] [-7, -20, 16, -21] [-16, -30, -8, -23] [-9, 24, -12, 18] [9, 47, -11, 17]
[-4, 1, -19, -5] [4, -2, 11, -21] [9, 20, 4, -11] [4, 17, 40, -40] [28, 31, -5, -3] [8, 35, 8, -7] [24, -27, 15, -21]
------------------------------
ALIVE
Head: (15 42)
Body: (15 42) (15 41) (15 40) (14 40) (13 40) (13 39) (13 38) (13 37) 
Length: 8, 4
Vision: 3
Hungry, suplies: 7/10
Reproductive: 16, mutating: 0.25
Generation: 28926
####################################
Wall (up, right, down, left):
[7, -10, -17, 1] [0, -11, -18, -7] [-9, 4, 1, -10] [4, 4, 19, 8] [-15, 9, 31, -22] [-1, 3, 9, -22] [-34, -16, -16, -17]
[3, 8, 17, -8] [14, 21, 3, 9] [-11, 18, 4, -7] [-23, 18, 6, 4] [23, 7, -4, -4] [-13, -10, 4, 11] [-13, -7, 25, -11]
[-8, 5, 38, 4] [-6, 6, -10, 17] [-21, 2, 26, -5] [-61, 17, 35, 30] [-39, -30, -31, 10] [-7, -26, 12, 26] [-18, -11, -7, -17]
[5, 10, 2, -32] [8, -5, 11, -34] [1, 14, -1, -88] [0, 0, 0, 0] [31, -86, 19, 10] [15, -7, 1, 22] [0, 13, 10, 0]
[-15, -19, -11, -7] [17, 12, -8, 5] [2, 13, -15, -5] [22, 11, -64, 24] [-1, -13, -15, 37] [11, 12, -10, 4] [-19, -35, 7, 16]
[12, 12, 2, 15] [13, 4, -6, -16] [9, 4, 16, -9] [-8, 5, -24, 1] [9, 18, -7, 15] [29, 0, -15, 2] [31, 9, 0, 14]
[4, -11, -14, -10] [4, 3, -3, -3] [3, -1, 12, -7] [-11, 19, -22, -6] [29, 13, -10, 8] [21, -2, -19, 13] [0, -1, 3, 2]
Food (up, right, down, left):
[30, 7, 1, 15] [-9, 7, -6, -35] [21, -15, -14, 19] [-8, -1, 17, 20] [-3, 16, -5, -1] [-2, -6, 10, -10] [-25, 21, 3, -14]
[-53, -5, -13, -26] [-3, -9, -14, -11] [-11, 23, 3, 17] [-4, 14, -26, 25] [11, 12, 3, -35] [26, -10, -21, 8] [7, -4, 8, 10]
[-22, 19, -3, -29] [-10, -7, -5, 30] [-28, -24, -18, 12] [32, -15, 14, -5] [-13, -7, -6, -5] [-5, 8, -37, -30] [16, 21, 2, 25]
[12, 1, 15, 27] [-16, -6, -32, 26] [1, 3, -25, -11] [0, 0, 0, 0] [-29, 47, -23, 2] [-26, 0, -19, -1] [-8, 18, -13, 7]
[-19, 22, -6, 19] [8, -1, 16, 19] [26, -14, 29, -8] [-20, -14, 17, -8] [-5, -4, 19, -35] [-6, 45, 14, 20] [16, 7, -1, -49]
[21, -10, -1, -8] [-6, 14, 23, 15] [8, 19, 8, 18] [-7, -20, 16, -21] [-13, -30, -8, -23] [-9, 24, -12, 18] [9, 47, -11, 17]
[-4, 1, -19, -5] [9, -2, 11, -21] [9, 20, 4, -11] [4, 17, 40, -40] [28, 31, -5, -3] [8, 35, 8, -7] [24, -27, 15, -21]
------------------------------
ALIVE
Head: (12 27)
Body: (12 27) (13 27) (14 27) (14 28) (14 29) (15 29) (16 29) (16 30) 
Length: 8, 4
Vision: 3
Hungry, suplies: 9/10
Reproductive: 16, mutating: 0.25
Generation: 28925
####################################
Wall (up, right, down, left):
[7, -10, -17, 1] [0, -11, -18, -7] [-9, 4, 1, -10] [4, 4, 19, 8] [-15, 9, 31, -22] [-1, 0, 9, -22] [-34, -16, -16, -17]
[3, 8, 17, -8] [14, 21, 3, 9] [-11, 18, 4, -7] [-23, 18, 6, 4] [23, 7, -4, -4] [-13, -10, 4, 11] [-13, -7, 25, -11]
[-8, 5, 38, 4] [-6, 6, -10, 17] [-21, 2, 26, -5] [-61, 17, 35, 30] [-39, -30, -31, 10] [-7, -26, 12, 26] [-18, -11, -7, -17]
[5, 10, 2, -32] [8, 0, 11, -34] [1, 14, -1, -88] [0, 0, 0, 0] [31, -86, 19, 10] [15, -7, 1, 22] [0, 13, 10, 0]
[-15, -19, -11, -7] [17, 12, -8, 5] [2, 13, -15, -5] [22, 11, -64, 24] [-1, -13, -15, 37] [11, 12, -10, 4] [-19, -35, 7, 16]
[12, 12, 2, 15] [13, 4, -6, -16] [9, 4, 16, -9] [-8, 5, -24, 1] [9, 18, -7, 15] [29, 0, -15, 2] [31, 9, 0, 14]
[4, -11, -14, -10] [4, 3, -3, -3] [3, -1, 12, -7] [-11, 19, -22, -6] [29, 13, -10, 8] [21, -2, -19, 13] [0, -1, 3, 2]
Food (up, right, down, left):
[30, 7, 1, 15] [-9, 7, -6, -35] [21, -15, -14, 19] [-8, -1, 17, 20] [-3, 16, -5, -1] [-2, -7, 10, -10] [-25, 21, 3, -14]
[-53, -5, -13, -26] [-3, -9, -14, -11] [-11, 23, 3, 17] [-4, 14, -26, 25] [11, 12, 3, -35] [26, -10, -21, 8] [7, -4, 8, 10]
[-22, 19, -3, -29] [-10, -7, -5, 30] [-28, -24, -18, 12] [32, -15, 14, -5] [-13, -7, -6, -5] [-5, 8, -37, -30] [16, 21, 2, 25]
[12, 1, 15, 27] [-17, -6, -32, 26] [1, 3, -25, -11] [0, 0, 0, 0] [-29, 47, -23, 2] [-26, 0, -19, -1] [-8, 18, -13, 7]
[-19, 22, -6, 19] [8, -1, 16, 19] [26, -14, 29, -8] [-20, -14, 17, -8] [-5, -4, 19, -35] [-6, 45, 14, 20] [16, 7, -1, -49]
[21, -10, -1, -8] [-6, 14, 23, 15] [8, 19, 8, 18] [-7, -20, 16, -21] [-13, -30, -8, -23] [-9, 24, -12, 18] [9, 47, -11, 17]
[-4, 1, -19, -5] [9, -2, 11, -21] [9, 20, 4, -11] [4, 17, 40, -40] [28, 31, -5, -3] [8, 35, 8, -7] [24, -27, 15, -21]
------------------------------
ALIVE
Head: (8 41)
Body: (8 41) (8 40) (9 40) (10 40) (11 40) (11 41) (11 42) (11 43) 
Length: 8, 4
Vision: 3
Hungry, suplies: 9/10
Reproductive: 16, mutating: 0.25
Generation: 28929
####################################
Wall (up, right, down, left):
[7, -10, -17, 1] [0, -11, -18, -7] [-9, 4, 1, -10] [4, 4, 19, 8] [-15, 9, 31, -22] [-1, 3, 9, -22] [-34, -16, -16, -17]
[3, 8, 17, -8] [14, 21, 3, 9] [-11, 18, 4, -7] [-23, 18, 6, 4] [23, 7, -4, -4] [-13, -10, 4, 11] [-13, -7, 25, -11]
[-8, 5, 38, 4] [-6, 6, -10, 17] [-21, 2, 26, -5] [-61, 17, 35, 30] [-39, -30, -31, 10] [-7, -26, 12, 26] [-18, -11, -7, -17]
[5, 10, 2, -32] [8, -5, 11, -34] [1, 14, -1, -88] [0, 0, 0, 0] [31, -86, 19, 10] [15, -7, 1, 22] [0, 13, 10, 0]
[-15, -19, -11, -7] [17, 12, -8, 5] [2, 13, -15, -5] [22, 11, -64, 24] [-1, -13, -15, 37] [11, 12, -10, 4] [-19, -35, 7, 16]
[12, 12, 2, 15] [13, 4, -6, -16] [9, 4, 16, -9] [-8, 5, -24, 1] [9, 18, -7, 15] [29, 0, -15, 2] [31, 9, 0, 14]
[4, -11, -14, -10] [4, 3, -3, -3] [3, -1, 12, -7] [-11, 19, -22, -6] [29, 13, -10, 8] [21, -2, -19, 13] [0, -1, 3, 2]
Food (up, right, down, left):
[30, 7, 1, 15] [-9, 7, -6, -35] [21, -15, -14, 19] [-8, -1, 17, 20] [-3, 16, -5, -1] [-2, -6, 10, -10] [-25, 21, 3, -14]
[-53, -5, -13, -26] [-3, -9, -14, -11] [-11, 23, 3, 17] [-4, 14, -26, 25] [11, 12, 3, -35] [26, -10, -21, 8] [7, -4, 8, 10]
[-22, 19, -3, -29] [-10, -7, -5, 30] [-28, -24, -18, 12] [32, -15, 14, -5] [-13, -7, -6, -5] [-5, 8, -37, -30] [16, 21, 2, 25]
[12, 1, 15, 27] [-16, -6, -32, 26] [1, 3, -25, -11] [0, 0, 0, 0] [-29, 47, -23, 2] [-26, 0, -19, -1] [-8, 18, -13, 7]
[-19, 22, -6, 19] [8, -1, 16, 19] [26, -14, 29, -8] [-20, -14, 17, -8] [-5, -4, 19, -35] [-6, 45, 14, 20] [16, 7, -1, -49]
[21, -10, -1, -8] [-6, 14, 23, 15] [8, 19, 8, 18] [-7, -20, 16, -21] [-13, -30, -8, -23] [-9, 24, -12, 18] [9, 47, -11, 17]
[-4, 1, -19, -5] [9, -2, 11, -21] [9, 20, 4, -11] [4, 17, 40, -40] [28, 31, -5, -3] [8, 35, 8, -7] [24, -27, 15, -21]
------------------------------
ALIVE
Head: (20 21)
Body: (20 21) (21 21) (21 22) (21 23) (21 24) (21 25) (21 26) (22 26) 
Length: 8, 4
Vision: 3
Hungry, suplies: 10/10
Reproductive: 16, mutating: 0.25
Generation: 28926
####################################
