Wall (up, right, down, left):
[14, 1, -13, 6] [0, -4, -7, 1] [-17, 6, 8, -6] [23, 5, 29, 5] [-10, 4, 27, -14] [-3, -3, 2, -20] [-15, -14, -19, -9]
[-3, -11, 23, -9] [-2, 29, -3, 13] [-27, 1, 6, -5] [-15, 17, 14, 8] [24, 4, -10, 3] [-15, -18, 13, 7] [-18, -5, 14, 5]
[-2, -2, 41, -5] [-7, 18, -16, 2] [-16, -7, 32, -2] [-66, 18, 40, 24] [-40, -31, -36, 16] [-15, -24, 0, 27] [-29, -12, -9, -15]
[5, 29, 5, -49] [11, -7, 13, -26] [3, 21, 2, -89] [0, 0, 0, 0] [35, -92, 25, 2] [20, -11, 4, 16] [5, 7, 12, -8]
[-14, -15, -10, 2] [15, 3, -17, 5] [-7, 10, -16, -19] [34, 21, -87, 20] [0, -12, -15, 40] [-3, 11, -16, -2] [-27, -44, 0, 21]
[20, 16, 7, 8] [7, 9, -7, -18] [13, -2, 24, 0] [-8, 6, -22, 6] [9, -3, -9, 15] [23, -8, -11, 6] [26, 9, 6, 22]
[-4, -6, -5, -13] [0, -3, -17, -7] [-6, 4, 23, -3] [-9, 16, -30, -13] [36, 12, -10, 17] [17, -19, -35, 15] [-6, 5, 9, 1]
Food (up, right, down, left):
[19, 19, -5, 21] [0, 15, -8, -28] [33, -14, -1, 11] [-4, 0, 25, 29] [-9, 10, 21, -7] [-3, -12, -9, -16] [-29, 19, -9, -28]
[-63, -9, -19, -20] [5, -4, -10, -20] [-11, 15, 10, 27] [-12, 14, -31, 30] [25, 9, -1, -40] [33, -13, -28, 12] [7, -7, 12, 13]
[-17, 16, 8, -27] [2, -3, 7, 22] [-45, -27, -33, 30] [34, -32, 17, -11] [-6, -5, 0, -10] [2, 1, -34, -34] [24, 26, 5, 31]
[20, 8, 14, 50] [-6, -13, -43, 31] [-1, -6, -30, -11] [0, 0, 0, 0] [-26, 64, -27, 1] [-27, -6, -21, 2] [-2, 25, -10, 14]
[-16, 14, -7, 20] [6, 15, 7, 21] [20, 0, 29, -2] [-9, -16, 9, -10] [5, -8, 17, -38] [-10, 39, 18, 28] [5, -6, -7, -36]
[19, -10, -5, 0] [5, 22, 27, 15] [8, 2, 5, 22] [-11, -14, 12, -22] [-29, -27, -9, -31] [-15, 16, -4, 7] [15, 47, 2, 22]
[-1, -1, -24, -19] [14, -12, 12, -40] [16, 21, 6, -18] [6, 16, 39, -43] [30, 36, -3, -9] [7, 28, 10, -8] [26, -34, 13, -25]
------------------------------
ALIVE
Head: (1 17)
Body: (1 17) (25 17) (24 17) (23 17) (22 17) (21 17) (20 17) (20 16) (19 16) (18 16) (18 17) (18 18) (19 18) (19 19) (19 20) 
Length: 15, 4
Vision: 3
Hungry, suplies: 10/10
Reproductive: 16, mutating: 0.25
Generation: 33538
####################################
Wall (up, right, down, left):
[14, 1, -13, 6] [0, -4, -7, 1] [-17, 6, 8, -6] [23, 4, 29, 2] [-10, 4, 27, -18] [-3, -3, 2, -21] [-15, -14, -17, -9]
[-3, -11, 23, -9] [-2, 29, -3, 13] [-27, 1, 6, -5] [-15, 17, 14, 8] [24, 4, -10, 3] [-20, -18, 13, 7] [-18, -5, 14, 5]
[-7, -2, 41, -5] [-7, 18, -16, 2] [-16, -7, 32, -2] [-66, 18, 40, 24] [-40, -31, -36, 16] [-15, -24, 0, 25] [-29, -12, -9, -15]
[5, 29, 5, -49] [11, -7, 13, -26] [3, 21, 2, -89] [0, 0, 0, 0] [31, -92, 25, 2] [20, -11, 4, 15] [5, 7, 12, -8]
[-14, -15, -10, 2] [15, 3, -17, 5] [-7, 10, -16, -19] [34, 21, -87, 20] [0, -12, -15, 40] [-3, 11, -16, -2] [-27, -44, 0, 20]
[22, 16, 7, 8] [7, 9, -7, -18] [13, -2, 24, 0] [-8, 10, -22, 6] [9, -3, -9, 11] [23, -8, -11, 6] [26, 13, 6, 22]
[0, -6, -5, -13] [0, -3, -17, -6] [-6, 4, 23, -3] [-9, 16, -30, -13] [36, 12, -10, 17] [17, -19, -35, 15] [-6, 5, 9, 1]
Food (up, right, down, left):
[19, 19, -5, 21] [0, 15, -8, -28] [33, -14, -1, 11] [-8, 0, 25, 29] [-14, 10, 21, -7] [-2, -12, -9, -16] [-29, 19, -9, -25]
[-63, -9, -19, -20] [5, -4, -10, -20] [-11, 15, 10, 27] [-12, 14, -31, 30] [25, 9, -1, -40] [33, -13, -28, 17] [7, -7, 12, 13]
[-17, 11, 8, -27] [2, -3, 7, 24] [-45, -27, -33, 30] [34, -32, 17, -11] [-6, -5, 0, -10] [2, 1, -34, -33] [24, 26, 5, 31]
[20, 8, 14, 50] [-6, -13, -43, 31] [-1, -6, -30, -11] [0, 0, 0, 0] [-26, 64, -22, 1] [-27, -6, -24, 2] [-2, 25, -10, 14]
[-16, 14, -7, 20] [6, 15, 7, 21] [20, 0, 29, -2] [-9, -16, 9, -10] [5, -8, 17, -38] [-10, 39, 18, 28] [5, -6, -7, -33]
[19, -10, -5, -1] [5, 22, 27, 15] [8, 2, 5, 22] [-9, -14, 12, -22] [-29, -27, -9, -31] [-15, 16, -4, 7] [17, 47, 2, 22]
[-1, -1, -24, -19] [14, -7, 12, -40] [16, 21, 6, -18] [6, 16, 39, -43] [30, 36, -3, -9] [7, 28, 10, -8] [26, -34, 13, -25]
------------------------------
ALIVE
Head: (17 38)
Body: (17 38) (17 39) (17 40) (18 40) (19 40) (20 40) (20 41) (20 42) (21 42) (22 42) (23 42) (23 43) (23 44) (-1 44) (0 44) 
Length: 15, 4
Vision: 3
Hungry, suplies: 10/10
Reproductive: 16, mutating: 0.25
Generation: 33535
####################################
Wall (up, right, down, left):
[14, 1, -13, 6] [0, -4, -7, 1] [-17, 6, 8, -6] [23, 5, 29, 5] [-10, 4, 27, -14] [-3, -3, 2, -20] [-15, -14, -19, -9]
[-3, -11, 23, -9] [-2, 29, -3, 13] [-27, 1, 6, -5] [-15, 17, 14, 8] [24, 4, -10, 3] [-15, -18, 13, 7] [-18, -5, 14, 5]
[-2, -2, 41, -5] [-7, 18, -16, 2] [-16, -7, 32, -2] [-66, 18, 40, 24] [-40, -31, -36, 16] [-15, -24, 0, 27] [-29, -12, -9, -15]
[5, 29, 5, -49] [11, -7, 13, -26] [3, 21, 2, -89] [0, 0, 0, 0] [35, -92, 25, 2] [20, -11, 4, 16] [5, 7, 12, -8]
[-14, -15, -10, 2] [15, 3, -17, 5] [-7, 10, -16, -19] [34, 21, -87, 20] [0, -12, -15, 40] [-3, 11, -16, -2] [-27, -44, 0, 21]
[20, 16, 7, 8] [7, 9, -7, -18] [13, -2, 24, 0] [-8, 6, -22, 6] [9, -3, -9, 15] [23, -9, -11, 6] [26, 9, 6, 22]
[-4, -6, -5, -13] [0, -3, -17, -7] [-6, 4, 23, -3] [-9, 16, -30, -13] [36, 12, -10, 17] [17, -19, -35, 15] [-6, 5, 9, 1]
Food (up, right, down, left):
[19, 19, -5, 21] [0, 15, -8, -28] [33, -14, -1, 11] [-4, 0, 25, 29] [-9, 10, 21, -7] [-3, -12, -9, -16] [-29, 19, -9, -28]
[-63, -9, -19, -20] [5, -4, -10, -20] [-11, 15, 10, 27] [-12, 14, -31, 30] [25, 9, -1, -40] [33, -13, -28, 12] [7, -7, 12, 13]
[-17, 16, 8, -27] [2, -3, 7, 22] [-45, -27, -33, 30] [34, -32, 17, -11] [-6, -5, 0, -10] [2, 1, -34, -34] [24, 26, 5, 31]
[20, 8, 14, 50] [-6, -13, -43, 31] [-1, -6, -30, -11] [0, 0, 0, 0] [-26, 64, -27, 1] [-27, -6, -21, 2] [-2, 25, -10, 14]
[-16, 14, -7, 20] [6, 15, 7, 21] [20, 0, 29, -2] [-9, -16, 9, -10] [5, -8, 17, -38] [-10, 39, 18, 28] [5, -6, -7, -36]
[19, -10, -5, 0] [5, 22, 27, 15] [8, 2, 5, 22] [-11, -14, 12, -22] [-29, -27, -9, -31] [-15, 16, -4, 11] [15, 47, 2, 22]
[-1, -1, -24, -19] [14, -12, 12, -40] [16, 21, 6, -18] [6, 16, 39, -43] [30, 36, -3, -9] [7, 28, 10, -8] [26, -34, 13, -25]
------------------------------
ALIVE
Head: (13 5)
Body: (13 5) (12 5) (12 4) (13 4) (14 4) (14 3) (14 2) (14 1) (13 1) (12 1) (12 57) (12 56) (12 55) 
Length: 13, 4
Vision: 3
Hungry, suplies: 6/10
Reproductive: 16, mutating: 0.25
Generation: 33540
####################################
Wall (up, right, down, left):
[14, 1, -13, 6] [0, -4, -7, 1] [-17, 6, 8, -6] [23, 5, 29, 2] [-10, 4, 27, -14] [-3, -3, 2, -20] [-10, -14, -19, -9]
[-7, -11, 23, -9] [-2, 29, -3, 13] [-27, 1, 6, -5] [-15, 17, 14, 8] [24, 4, -10, 3] [-15, -18, 13, 7] [-18, -5, 14, 5]
[-2, -2, 41, -5] [-7, 18, -16, 2] [-16, -7, 32, -2] [-66, 18, 40, 24] [-40, -31, -36, 16] [-15, -24, 0, 27] [-29, -12, -9, -15]
[5, 29, 5, -49] [11, -7, 13, -26] [3, 21, 2, -89] [0, 0, 0, 0] [35, -92, 25, 2] [20, -11, 4, 15] [5, 7, 12, -8]
[-14, -15, -10, 2] [15, 3, -17, 5] [-7, 10, -16, -19] [34, 21, -87, 20] [0, -12, -15, 40] [-3, 11, -16, -2] [-27, -44, 0, 21]
[22, 16, 7, 8] [7, 9, -7, -18] [13, -2, 24, 0] [-8, 10, -22, 6] [9, -3, -9, 15] [23, -8, -11, 6] [26, 9, 6, 22]
[-4, -6, -5, -13] [0, -3, -17, -7] [-6, 4, 23, -3] [-9, 16, -30, -13] [36, 12, -10, 17] [17, -19, -35, 15] [-6, 5, 9, 1]
Food (up, right, down, left):
[19, 19, -5, 21] [0, 15, -8, -28] [33, -14, -1, 11] [-6, 0, 25, 29] [-9, 10, 21, -7] [-3, -12, -9, -16] [-29, 18, -9, -28]
[-63, -14, -19, -20] [5, -4, -10, -20] [-11, 15, 10, 27] [-12, 14, -31, 30] [25, 9, -1, -40] [33, -13, -28, 12] [7, -7, 12, 13]
[-17, 16, 8, -27] [2, -3, 7, 22] [-45, -27, -33, 30] [34, -32, 17, -11] [-6, -5, 0, -10] [2, 1, -34, -34] [24, 26, 5, 31]
[20, 8, 14, 50] [-6, -13, -43, 31] [-1, -6, -30, -11] [0, 0, 0, 0] [-26, 64, -27, 1] [-27, -6, -24, 2] [-2, 25, -10, 14]
[-16, 14, -7, 20] [6, 15, 7, 21] [20, 0, 29, -2] [-9, -16, 9, -10] [5, -8, 17, -38] [-10, 39, 18, 28] [5, -6, -7, -36]
[19, -10, -5, -1] [5, 22, 27, 15] [8, 2, 5, 22] [-9, -14, 12, -22] [-29, -27, -9, -31] [-15, 16, -4, 7] [15, 47, 2, 22]
[-1, -1, -24, -19] [14, -12, 12, -40] [16, 21, 6, -18] [6, 16, 39, -43] [30, 36, -3, -9] [7, 28, 10, -8] [26, -34, 13, -25]
------------------------------
ALIVE
Head: (11 22)
Body: (11 22) (12 22) (12 21) (12 20) (12 19) (11 19) (10 19) 
Length: 7, 4
Vision: 3
Hungry, suplies: 8/10
Reproductive: 16, mutating: 0.25
Generation: 33542
####################################
Wall (up, right, down, left):
[14, 1, -13, 6] [0, -4, -7, 1] [-17, 6, 8, -6] [23, 5, 29, 5] [-10, 4, 27, -14] [-3, -3, 2, -20] [-15, -14, -19, -9]
[-3, -11, 23, -9] [-2, 29, -3, 13] [-27, 1, 6, -5] [-15, 17, 14, 8] [24, 4, -10, 3] [-15, -18, 13, 7] [-18, -5, 14, 5]
[-2, -2, 41, -5] [-7, 18, -16, 2] [-16, -7, 32, -2] [-66, 18, 40, 24] [-40, -31, -36, 16] [-15, -24, 0, 27] [-29, -12, -9, -15]
[5, 29, 5, -49] [11, -7, 13, -26] [3, 21, 2, -89] [0, 0, 0, 0] [35, -92, 25, 2] [20, -11, 4, 16] [5, 7, 12, -8]
[-14, -15, -10, 5] [15, 3, -17, 5] [-7, 10, -16, -19] [34, 21, -87, 20] [0, -12, -15, 40] [-3, 11, -16, -2] [-27, -44, 0, 21]
[20, 16, 7, 8] [7, 9, -7, -18] [13, -2, 24, 0] [-8, 6, -22, 6] [9, -3, -9, 15] [23, -8, -11, 6] [26, 9, 6, 22]
[-4, -6, -5, -13] [0, -3, -17, -7] [-6, 4, 23, -3] [-9, 16, -30, -13] [36, 12, -10, 17] [17, -19, -35, 15] [-6, 5, 9, 1]
Food (up, right, down, left):
[19, 19, -5, 21] [0, 15, -8, -28] [33, -14, -1, 11] [-4, 0, 25, 29] [-9, 10, 21, -7] [-3, -12, -9, -16] [-29, 19, -9, -28]
[-63, -9, -19, -20] [5, -4, -10, -20] [-11, 15, 10, 27] [-12, 14, -31, 30] [25, 9, -1, -40] [33, -13, -28, 12] [7, -7, 12, 13]
[-17, 16, 8, -27] [2, -3, 7, 22] [-45, -27, -33, 30] [34, -32, 17, -11] [-6, -5, 0, -10] [2, 1, -34, -34] [24, 26, 5, 31]
[20, 8, 14, 50] [-6, -13, -43, 31] [-1, -6, -30, -11] [0, 0, 0, 0] [-26, 64, -27, 1] [-27, -6, -21, 2] [-2, 25, -10, 14]
[-16, 14, -9, 20] [6, 15, 7, 21] [20, 0, 29, -2] [-9, -16, 9, -10] [5, -8, 17, -38] [-10, 39, 18, 28] [5, -6, -7, -36]
[19, -10, -5, 0] [5, 22, 27, 15] [8, 2, 5, 22] [-11, -14, 12, -22] [-29, -27, -9, -31] [-15, 16, -4, 7] [15, 47, 2, 22]
[-1, -1, -24, -19] [14, -12, 12, -40] [16, 21, 6, -18] [6, 16, 39, -43] [30, 36, -3, -9] [7, 28, 10, -8] [26, -34, 13, -25]
------------------------------
DEAD: Wall
Head: (21 33)
Body: (21 33) (21 34) (22 34) (22 35) (23 35) (23 36) 
Length: 6, 4
Vision: 3
Hungry, suplies: 7/10
Reproductive: 16, mutating: 0.25
Generation: 33539
####################################
Wall (up, right, down, left):
[14, 1, -13, 6] [0, -4, -7, 1] [-17, 6, 8, -6] [23, 4, 29, 2] [-10, 4, 27, -18] [-3, -3, 2, -21] [-15, -14, -22, -9]
[-3, -11, 23, -9] [-2, 29, -3, 13] [-27, 1, 6, -5] [-15, 17, 14, 8] [24, 4, -10, 3] [-15, -18, 13, 10] [-18, -5, 14, 5]
[-7, 0, 41, -5] [-7, 18, -16, 2] [-16, -7, 32, -2] [-66, 18, 40, 24] [-40, -31, -36, 16] [-15, -24, 0, 25] [-29, -12, -9, -15]
[5, 29, 5, -49] [7, -7, 13, -26] [3, 21, 2, -89] [0, 0, 0, 0] [31, -92, 25, 2] [20, -11, 4, 15] [5, 7, 12, -8]
[-14, -15, -10, 2] [15, 3, -17, 5] [-7, 10, -16, -19] [34, 21, -87, 20] [0, -12, -15, 40] [-3, 11, -16, -2] [-27, -44, 0, 20]
[22, 16, 7, 8] [7, 9, -7, -18] [13, -2, 24, 0] [-8, 10, -22, 6] [9, -3, -9, 15] [23, -8, -11, 6] [26, 13, 6, 22]
[0, -6, -5, -13] [0, -3, -17, -7] [-6, 4, 23, -3] [-9, 16, -30, -13] [36, 12, -10, 17] [20, -19, -35, 15] [-6, 5, 9, 1]
Food (up, right, down, left):
[19, 19, -5, 21] [0, 15, -8, -28] [33, -14, -1, 11] [-8, 0, 25, 29] [-14, 10, 21, -7] [-2, -12, -9, -16] [-29, 19, -9, -26]
[-63, -9, -19, -20] [5, -4, -10, -20] [-11, 15, 10, 27] [-12, 14, -31, 30] [25, 9, -1, -40] [37, -13, -28, 12] [7, -7, 12, 13]
[-16, 11, 8, -27] [2, -3, 7, 24] [-45, -27, -33, 30] [34, -32, 17, -11] [-6, -5, 0, -10] [2, 1, -34, -33] [24, 26, 5, 31]
[20, 8, 14, 50] [-6, -13, -43, 31] [-1, -6, -30, -11] [0, 0, 0, 0] [-26, 64, -22, 1] [-27, -6, -24, 2] [-2, 25, -10, 14]
[-16, 14, -7, 20] [6, 15, 7, 21] [20, 0, 29, -2] [-9, -16, 9, -10] [5, -8, 17, -38] [-10, 39, 18, 28] [5, -6, -7, -33]
[19, -10, -5, -1] [5, 22, 27, 15] [8, 2, 5, 22] [-9, -14, 12, -22] [-29, -27, -9, -31] [-15, 16, -4, 7] [17, 47, 2, 22]
[-1, -1, -24, -19] [14, -7, 12, -45] [16, 21, 6, -18] [6, 16, 39, -43] [30, 36, -3, -9] [7, 28, 13, -8] [26, -34, 13, -25]
------------------------------
ALIVE
Head: (9 46)
Body: (9 46) (8 46) (7 46) (6 46) (6 45) (6 44) (6 43) (7 43) (7 42) 
Length: 9, 4
Vision: 3
Hungry, suplies: 7/10
Reproductive: 16, mutating: 0.25
Generation: 33536
####################################
Wall (up, right, down, left):
[14, 1, -13, 6] [0, -4, -7, 1] [-17, 6, 8, -6] [23, 4, 29, 2] [-10, 4, 27, -18] [-3, -3, 2, -21] [-15, -14, -17, -9]
[-3, -11, 23, -9] [-2, 29, -3, 13] [-27, 1, 6, -5] [-15, 17, 14, 8] [24, 4, -10, 3] [-20, -18, 13, 7] [-18, -5, 14, 5]
[-7, -2, 41, -5] [-7, 18, -16, 2] [-16, -7, 32, -2] [-66, 18, 40, 24] [-40, -31, -36, 16] [-15, -24, 0, 25] [-29, -12, -9, -15]
[5, 29, 5, -49] [11, -7, 13, -26] [3, 21, 2, -89] [0, 0, 0, 0] [31, -92, 25, 2] [20, -11, 4, 15] [5, 7, 12, -8]
[-14, -15, -10, 2] [15, 3, -17, 5] [-7, 10, -16, -19] [34, 21, -87, 20] [0, -12, -15, 40] [-3, 11, -16, -2] [-31, -44, 0, 20]
[22, 16, 7, 8] [7, 9, -7, -18] [13, -2, 24, 0] [-8, 10, -22, 6] [9, -3, -9, 11] [23, -8, -11, 6] [26, 13, 6, 22]
[0, -6, -5, -13] [0, -3, -17, -6] [-6, 4, 23, -3] [-9, 16, -30, -13] [36, 12, -10, 17] [17, -19, -35, 15] [-6, 5, 9, 1]
Food (up, right, down, left):
[19, 19, -5, 21] [0, 15, -8, -28] [33, -14, -1, 11] [-8, 0, 25, 29] [-14, 10, 21, -7] [-2, -12, -9, -16] [-29, 19, -9, -25]
[-63, -9, -19, -20] [5, -4, -10, -20] [-11, 15, 10, 27] [-12, 14, -31, 30] [25, 9, -1, -40] [33, -13, -28, 17] [7, -7, 12, 13]
[-17, 11, 8, -27] [2, -3, 7, 24] [-45, -27, -33, 30] [34, -32, 17, -11] [-6, -5, 0, -10] [2, 1, -34, -33] [24, 26, 5, 31]
[20, 8, 14, 50] [-6, -13, -43, 31] [-1, -6, -30, -11] [0, 0, 0, 0] [-26, 64, -22, 1] [-27, -6, -24, 2] [-2, 25, -10, 14]
[-16, 14, -7, 20] [6, 15, 7, 21] [20, 0, 29, -2] [-9, -16, 9, -10] [5, -8, 17, -38] [-10, 39, 18, 28] [5, -6, -7, -33]
[19, -10, -5, -1] [5, 22, 27, 15] [8, 2, 5, 22] [-9, -14, 12, -22] [-29, -27, -9, -31] [-15, 16, -4, 7] [17, 47, 2, 22]
[-1, -1, -24, -19] [14, -7, 12, -40] [16, 21, 6, -18] [6, 16, 39, -43] [30, 36, -3, -9] [7, 28, 10, -8] [26, -34, 13, -25]
------------------------------
DEAD: Wall
Head: (18 53)
Body: (18 53) (17 53) (16 53) (15 53) (15 54) (15 55) (15 56) (16 56) (16 0) (15 0) (14 0) (14 56) 
Length: 12, 4
Vision: 3
Hungry, suplies: 8/10
Reproductive: 16, mutating: 0.25
Generation: 33536
####################################
Wall (up, right, down, left):
[14, 1, -13, 6] [0, -4, -7, 1] [-17, 6, 8, -6] [23, 5, 29, 5] [-10, 4, 27, -14] [-3, -3, 2, -20] [-15, -14, -19, -9]
[-3, -11, 23, -9] [-2, 29, -3, 13] [-27, 1, 6, -5] [-15, 17, 14, 8] [24, 4, -10, 3] [-15, -18, 13, 7] [-18, -5, 14, 5]
[-2, -2, 41, -5] [-7, 18, -16, 2] [-16, -7, 32, -2] [-66, 18, 40, 24] [-40, -31, -36, 16] [-15, -24, 0, 27] [-29, -12, -9, -15]
[5, 29, 5, -49] [11, -7, 13, -26] [3, 21, 2, -89] [0, 0, 0, 0] [35, -92, 25, 2] [20, -11, 4, 16] [5, 7, 12, -8]
[-14, -15, -10, 2] [15, 3, -17, 5] [-7, 10, -16, -19] [34, 21, -87, 20] [0, -12, -15, 40] [-3, 11, -16, -2] [-27, -44, 0, 21]
[22, 16, 7, 8] [7, 9, -7, -18] [13, -2, 24, 0] [-8, 10, -22, 6] [9, -3, -9, 15] [23, -8, -11, 6] [26, 9, 6, 22]
[-4, -6, -5, -13] [0, -3, -17, -7] [-6, 4, 23, -3] [-9, 16, -30, -13] [36, 12, -10, 17] [17, -19, -35, 15] [-6, 5, 9, 1]
Food (up, right, down, left):
[19, 19, -5, 21] [0, 15, -8, -28] [33, -14, -1, 11] [-4, 0, 25, 29] [-9, 10, 21, -7] [-3, -12, -9, -16] [-29, 19, -9, -28]
[-63, -9, -19, -20] [5, -4, -10, -20] [-11, 15, 10, 27] [-12, 14, -31, 30] [25, 9, -1, -40] [33, -13, -28, 12] [7, -7, 12, 13]
[-17, 16, 8, -27] [2, -3, 7, 22] [-45, -27, -33, 30] [34, -32, 17, -11] [-6, -5, 0, -10] [2, 1, -34, -34] [24, 26, 5, 31]
[20, 8, 14, 50] [-6, -13, -43, 31] [-1, -6, -30, -11] [0, 0, 0, 0] [-26, 64, -27, 1] [-27, -6, -21, 2] [-2, 25, -10, 14]
[-16, 14, -7, 20] [6, 15, 7, 21] [20, 0, 29, -2] [-9, -16, 9, -10] [5, -8, 17, -38] [-10, 39, 18, 28] [5, -6, -7, -36]
[19, -10, -5, -1] [5, 22, 27, 15] [8, 2, 5, 22] [-9, -14, 12, -22] [-29, -27, -9, -31] [-15, 16, -4, 7] [15, 47, 2, 22]
[-1, -1, -24, -19] [14, -12, 12, -40] [16, 21, 6, -18] [6, 16, 39, -43] [30, 36, -3, -9] [7, 28, 10, -8] [26, -34, 13, -25]
------------------------------
ALIVE
Head: (3 56)
Body: (3 56) (2 56) (2 55) (1 55) (0 55) (0 54) (0 53) (1 53) (2 53) (2 52) (3 52) (4 52) (4 51) 
Length: 13, 4
Vision: 3
Hungry, suplies: 9/10
Reproductive: 16, mutating: 0.25
Generation: 33535
####################################
Wall (up, right, down, left):
[14, 1, -13, 6] [0, -4, -7, 1] [-17, 6, 8, -6] [23, 5, 29, 5] [-10, 4, 27, -14] [-3, -3, 2, -20] [-15, -14, -19, -9]
[-3, -11, 23, -9] [-2, 29, -3, 13] [-27, 1, 6, -5] [-15, 17, 14, 8] [24, 4, -10, 3] [-15, -18, 13, 7] [-18, -5, 14, 5]
[-2, -2, 41, -5] [-7, 18, -16, 2] [-16, -7, 32, -2] [-66, 18, 40, 24] [-40, -31, -36, 16] [-15, -24, 0, 27] [-29, -12, -9, -15]
[5, 29, 5, -49] [11, -7, 13, -26] [3, 21, 2, -89] [0, 0, 0, 0] [35, -92, 25, 2] [20, -11, 4, 16] [5, 7, 12, -8]
[-14, -15, -10, 2] [15, 3, -17, 5] [-7, 10, -16, -19] [34, 21, -87, 20] [0, -12, -15, 40] [-3, 11, -16, -2] [-27, -44, 0, 21]
[20, 16, 7, 8] [7, 9, -7, -18] [13, -2, 24, 0] [-8, 6, -22, 6] [9, -3, -9, 15] [23, -9, -11, 6] [26, 9, 6, 22]
[-4, -6, -5, -13] [0, -3, -17, -7] [-6, 4, 23, -3] [-9, 16, -30, -13] [36, 12, -10, 17] [17, -19, -35, 15] [-6, 5, 9, 1]
Food (up, right, down, left):
[19, 19, -5, 21] [0, 15, -8, -28] [33, -14, -1, 11] [-4, 0, 25, 29] [-9, 10, 21, -7] [-3, -12, -9, -16] [-29, 19, -9, -28]
[-63, -9, -19, -20] [5, -4, -10, -20] [-11, 15, 10, 27] [-12, 14, -31, 30] [25, 9, -1, -40] [33, -13, -28, 12] [7, -7, 12, 13]
[-17, 16, 8, -27] [2, -3, 7, 22] [-45, -27, -33, 30] [34, -32, 17, -11] [-6, -5, 0, -10] [2, 1, -34, -34] [24, 26, 5, 31]
[20, 8, 14, 50] [-6, -13, -43, 31] [-1, -6, -30, -11] [0, 0, 0, 0] [-26, 64, -27, 1] [-27, -6, -21, 2] [-2, 25, -10, 14]
[-16, 14, -7, 20] [6, 15, 7, 21] [20, 0, 29, -2] [-9, -16, 9, -10] [5, -8, 17, -38] [-10, 39, 18, 28] [5, -6, -7, -36]
[19, -10, -5, 0] [5, 22, 27, 15] [8, 2, 5, 22] [-11, -14, 12, -22] [-29, -27, -9, -31] [-15, 16, -4, 11] [15, 47, 2, 22]
[-1, -1, -24, -19] [14, -12, 12, -40] [16, 21, 6, -18] [6, 16, 39, -43] [30, 36, -3, -9] [7, 28, 10, -8] [26, -34, 13, -25]
------------------------------
ALIVE
Head: (17 33)
Body: (17 33) (17 32) (18 32) (19 32) (19 31) (20 31) (20 30) (21 30) (21 29) (21 28) (21 27) (22 27) 
Length: 12, 4
Vision: 3
Hungry, suplies: 6/10
Reproductive: 16, mutating: 0.25
Generation: 33542
####################################
Wall (up, right, down, left):
[14, 1, -13, 6] [0, -4, -7, 1] [-17, 6, 8, -6] [23, 5, 29, 5] [-10, 4, 27, -14] [-3, -3, 2, -20] [-15, -14, -19, -9]
[-3, -11, 23, -9] [-2, 29, -3, 13] [-27, 1, 6, -5] [-15, 17, 14, 8] [24, 4, -10, 3] [-15, -18, 13, 7] [-18, -5, 14, 5]
[-2, -2, 41, -5] [-7, 18, -16, 2] [-16, -7, 32, -2] [-66, 18, 40, 24] [-40, -31, -36, 16] [-15, -24, 0, 27] [-29, -12, -9, -15]
[5, 29, 5, -49] [11, -7, 13, -26] [3, 21, 2, -89] [0, 0, 0, 0] [35, -92, 25, 2] [20, -11, 4, 16] [5, 7, 12, -8]
[-14, -15, -10, 2] [15, 3, -17, 5] [-7, 10, -16, -19] [34, 21, -87, 20] [0, -12, -15, 40] [-3, 11, -16, -2] [-27, -44, 0, 21]
[20, 16, 7, 8] [7, 9, -7, -18] [13, -2, 24, 0] [-8, 6, -22, 6] [9, -3, -9, 15] [23, -8, -11, 6] [26, 9, 6, 22]
[-4, -6, -5, -13] [0, -3, -17, -7] [-6, 4, 23, -3] [-9, 16, -30, -13] [36, 12, -10, 17] [17, -19, -35, 15] [-6, 5, 9, 1]
Food (up, right, down, left):
[19, 19, -5, 21] [0, 15, -8, -28] [33, -14, -1, 11] [-4, 0, 25, 29] [-9, 10, 21, -7] [-3, -12, -9, -16] [-29, 19, -9, -28]
[-63, -9, -19, -20] [5, -4, -10, -20] [-11, 15, 10, 27] [-12, 14, -31, 30] [25, 9, -1, -40] [33, -13, -28, 12] [7, -7, 12, 13]
[-17, 16, 8, -27] [2, -3, 7, 22] [-45, -27, -33, 30] [34, -32, 17, -11] [-6, -5, 0, -10] [2, 1, -34, -34] [24, 26, 5, 31]
[20, 8, 14, 50] [-6, -13, -43, 31] [-1, -6, -30, -11] [0, 0, 0, 0] [-26, 64, -27, 1] [-27, -6, -21, 2] [-2, 25, -10, 14]
[-16, 14, -7, 20] [6, 15, 7, 21] [20, 0, 29, -2] [-9, -16, 9, -10] [5, -8, 17, -38] [-10, 39, 18, 28] [5, -6, -7, -36]
[19, -10, -5, 0] [5, 22, 27, 15] [8, 2, 5, 22] [-11, -14, 12, -22] [-29, -27, -9, -31] [-15, 16, -4, 7] [15, 47, 2, 22]
[-1, -1, -24, -19] [14, -12, 12, -40] [16, 21, 6, -18] [6, 16, 39, -43] [30, 36, -3, -9] [7, 28, 10, -8] [26, -34, 13, -25]
------------------------------
ALIVE
Head: (20 8)
Body: (20 8) (20 9) (20 10) (19 10) (19 9) (18 9) (18 8) (18 7) (18 6) (17 6) (17 5) 
Length: 11, 4
Vision: 3
Hungry, suplies: 4/10
Reproductive: 16, mutating: 0.25
Generation: 33540
####################################
Wall (up, right, down, left):
[14, 1, -13, 6] [0, -4, -7, 1] [-17, 6, 8, -6] [23, 5, 29, 5] [-10, 4, 27, -14] [-3, -3, 2, -20] [-15, -14, -19, -9]
[-3, -11, 23, -9] [-2, 29, -3, 13] [-27, 1, 6, -5] [-15, 17, 14, 8] [24, 4, -10, 3] [-15, -18, 13, 7] [-18, -5, 14, 5]
[-2, -2, 41, -5] [-7, 18, -16, 2] [-16, -7, 32, -2] [-66, 18, 40, 24] [-40, -31, -36, 16] [-15, -24, 0, 27] [-29, -12, -9, -15]
[5, 29, 5, -49] [11, -7, 13, -26] [3, 21, 2, -89] [0, 0, 0, 0] [35, -92, 25, 2] [20, -11, 4, 16] [5, 7, 12, -8]
[-14, -15, -10, 2] [15, 3, -17, 5] [-7, 10, -16, -19] [34, 21, -87, 20] [0, -12, -15, 40] [-3, 11, -16, -2] [-27, -44, 0, 21]
[20, 16, 7, 8] [7, 9, -7, -18] [13, -2, 24, 0] [-8, 6, -22, 6] [9, -3, -9, 15] [23, -9, -11, 6] [26, 9, 6, 22]
[-4, -6, -5, -13] [0, -3, -17, -7] [-6, 4, 23, -3] [-9, 16, -30, -13] [36, 12, -10, 17] [17, -19, -35, 15] [-6, 5, 9, 1]
Food (up, right, down, left):
[19, 19, -5, 21] [0, 15, -8, -28] [33, -14, -1, 11] [-4, 0, 25, 29] [-9, 10, 21, -7] [-3, -12, -9, -16] [-29, 19, -9, -28]
[-63, -9, -19, -20] [5, -4, -10, -20] [-11, 15, 10, 27] [-12, 14, -31, 30] [25, 9, -1, -40] [33, -13, -28, 12] [7, -7, 12, 13]
[-17, 16, 8, -27] [2, -3, 7, 22] [-45, -27, -33, 30] [34, -32, 17, -11] [-6, -5, 0, -10] [2, 1, -34, -34] [24, 26, 5, 31]
[20, 8, 14, 50] [-6, -13, -43, 31] [-1, -6, -30, -11] [0, 0, 0, 0] [-26, 64, -27, 1] [-27, -6, -21, 2] [-2, 25, -10, 14]
[-16, 14, -7, 20] [6, 15, 7, 21] [20, 0, 29, -2] [-9, -16, 9, -10] [5, -8, 17, -38] [-10, 39, 18, 28] [5, -6, -7, -36]
[19, -10, -5, 0] [5, 22, 27, 15] [8, 2, 5, 22] [-11, -14, 12, -22] [-29, -27, -9, -31] [-15, 16, -4, 11] [15, 47, 2, 22]
[-1, -1, -24, -19] [14, -12, 12, -40] [16, 21, 6, -18] [6, 16, 39, -43] [30, 36, -3, -9] [7, 28, 10, -8] [26, -34, 13, -25]
------------------------------
ALIVE
Head: (16 40)
Body: (16 40) (15 40) (14 40) (14 39) (14 38) (14 37) (13 37) (12 37) 
Length: 8, 4
Vision: 3
Hungry, suplies: 2/10
Reproductive: 16, mutating: 0.25
Generation: 33541
####################################
Wall (up, right, down, left):
[14, 1, -13, 6] [0, -4, -7, 1] [-17, 6, 8, -6] [23, 4, 29, 2] [-10, 4, 27, -18] [-3, -3, 2, -21] [-15, -14, -17, -9]
[-3, -11, 23, -9] [-2, 29, -3, 13] [-27, 1, 6, -5] [-15, 17, 14, 8] [24, 4, -10, 3] [-20, -18, 13, 7] [-18, -5, 14, 5]
[-7, -2, 41, -5] [-7, 18, -16, 2] [-16, -7, 32, -2] [-66, 18, 40, 24] [-40, -31, -36, 16] [-15, -24, 0, 25] [-29, -12, -9, -15]
[5, 29, 5, -49] [11, -7, 13, -26] [3, 21, 2, -89] [0, 0, 0, 0] [31, -92, 25, 2] [20, -11, 4, 15] [5, 7, 13, -8]
[-14, -15, -10, 2] [15, 3, -17, 5] [-7, 10, -16, -19] [34, 21, -87, 20] [0, -12, -15, 40] [-3, 11, -16, -2] [-27, -44, 0, 20]
[22, 16, 7, 8] [7, 9, -7, -18] [13, -2, 24, 0] [-8, 10, -22, 6] [9, -3, -9, 11] [23, -8, -11, 6] [26, 13, 6, 22]
[0, -6, -5, -13] [0, -3, -17, -6] [-6, 4, 23, -3] [-9, 16, -30, -13] [36, 12, -10, 17] [17, -19, -35, 15] [-6, 5, 9, 1]
Food (up, right, down, left):
[19, 19, -5, 21] [0, 15, -8, -28] [33, -14, -1, 11] [-8, 0, 25, 29] [-14, 10, 21, -7] [-2, -12, -9, -16] [-29, 19, -9, -25]
[-63, -9, -19, -20] [5, -4, -10, -20] [-11, 15, 10, 27] [-12, 14, -31, 30] [25, 9, -1, -40] [33, -13, -28, 17] [7, -7, 12, 13]
[-17, 11, 8, -27] [2, -3, 7, 24] [-45, -27, -33, 30] [34, -32, 17, -11] [-6, -5, 0, -10] [2, 1, -34, -33] [24, 26, 5, 31]
[20, 8, 14, 50] [-6, -13, -43, 31] [-1, -6, -30, -11] [0, 0, 0, 0] [-26, 64, -22, 1] [-27, -6, -24, 2] [0, 25, -10, 14]
[-16, 14, -7, 20] [6, 15, 7, 21] [20, 0, 29, -2] [-9, -16, 9, -10] [5, -8, 17, -38] [-10, 39, 18, 28] [5, -6, -7, -33]
[19, -10, -5, -1] [5, 22, 27, 15] [8, 2, 5, 22] [-9, -14, 12, -22] [-29, -27, -9, -31] [-15, 16, -4, 7] [17, 47, 2, 22]
[-1, -1, -24, -19] [14, -7, 12, -40] [16, 21, 6, -18] [6, 16, 39, -43] [30, 36, -3, -9] [7, 28, 10, -8] [26, -34, 13, -25]
------------------------------
ALIVE
Head: (24 1)
Body: (24 1) (24 57) (24 56) (24 55) (23 55) (22 55) (22 56) (23 -1) 
Length: 8, 4
Vision: 3
Hungry, suplies: 7/10
Reproductive: 16, mutating: 0.25
Generation: 33536
####################################
Wall (up, right, down, left):
[14, 1, -13, 6] [0, -4, -7, 1] [-17, 6, 8, -6] [23, 5, 29, 5] [-10, 4, 27, -14] [-3, -3, 2, -20] [-15, -14, -19, -9]
[-3, -11, 23, -9] [-2, 29, -3, 13] [-27, 1, 6, -5] [-15, 17, 14, 8] [24, 4, -10, 3] [-15, -18, 13, 7] [-18, -5, 14, 5]
[-2, -2, 41, -5] [-7, 18, -16, 2] [-16, -7, 32, -2] [-66, 18, 40, 24] [-40, -31, -36, 16] [-15, -24, 0, 27] [-29, -12, -9, -15]
[5, 29, 5, -49] [11, -7, 13, -26] [3, 21, 2, -89] [0, 0, 0, 0] [35, -92, 25, 2] [20, -11, 4, 16] [5, 7, 12, -8]
[-14, -15, -10, 2] [15, 3, -17, 5] [-7, 10, -16, -19] [34, 21, -87, 20] [0, -12, -15, 40] [-3, 11, -16, -2] [-27, -44, 0, 21]
[20, 16, 7, 8] [7, 9, -7, -18] [13, -2, 24, 0] [-8, 6, -22, 6] [9, -3, -9, 15] [23, -8, -11, 6] [26, 9, 6, 22]
[-4, -6, -5, -13] [0, -3, -17, -7] [-6, 4, 23, -3] [-9, 16, -30, -13] [36, 12, -10, 17] [17, -19, -35, 15] [-6, 5, 9, 1]
Food (up, right, down, left):
[19, 19, -5, 21] [0, 15, -8, -28] [33, -14, -1, 11] [-4, 0, 25, 29] [-9, 10, 21, -7] [-3, -12, -9, -16] [-29, 19, -9, -28]
[-63, -9, -19, -20] [5, -4, -10, -20] [-11, 15, 10, 27] [-12, 14, -31, 30] [25, 9, -1, -40] [33, -13, -28, 12] [7, -7, 12, 13]
[-17, 16, 8, -27] [2, -3, 7, 22] [-45, -27, -33, 30] [34, -32, 17, -11] [-6, -5, 0, -10] [2, 1, -34, -34] [24, 26, 5, 31]
[20, 8, 14, 50] [-6, -13, -43, 31] [-1, -6, -30, -11] [0, 0, 0, 0] [-26, 64, -27, 1] [-27, -6, -21, 2] [-2, 25, -10, 14]
[-16, 14, -7, 20] [6, 15, 7, 21] [20, 0, 29, -2] [-9, -16, 9, -10] [5, -8, 17, -38] [-10, 39, 18, 28] [5, -6, -7, -36]
[19, -10, -5, 0] [5, 22, 27, 15] [8, 2, 5, 22] [-11, -14, 12, -22] [-29, -27, -9, -31] [-15, 16, -4, 7] [15, 47, 2, 22]
[-1, -1, -24, -19] [14, -12, 12, -40] [16, 21, 6, -18] [6, 16, 39, -43] [30, 36, -3, -9] [7, 28, 10, -8] [26, -34, 13, -25]
------------------------------
ALIVE
Head: (2 12)
Body: (2 12) (2 13) (3 13) (3 14) (4 14) (4 15) (4 16) (4 17) (4 18) (5 18) (5 19) (5 20) (5 21) (5 22) 
Length: 14, 4
Vision: 3
Hungry, suplies: 5/10
Reproductive: 16, mutating: 0.25
Generation: 33539
####################################
Wall (up, right, down, left):
[14, 1, -13, 6] [0, -4, -7, 1] [-17, 6, 8, -6] [23, 5, 29, 5] [-10, 4, 27, -14] [-3, -3, 2, -20] [-15, -14, -19, -9]
[-3, -11, 23, -9] [-2, 29, -3, 13] [-27, 1, 6, -5] [-15, 17, 14, 8] [24, 4, -10, 3] [-15, -18, 13, 7] [-18, -5, 14, 5]
[-2, -2, 41, -5] [-7, 18, -16, 2] [-16, -7, 32, -2] [-66, 18, 40, 24] [-40, -31, -36, 16] [-15, -24, 0, 27] [-29, -12, -9, -15]
[5, 29, 5, -49] [11, -7, 13, -26] [3, 21, 2, -89] [0, 0, 0, 0] [35, -92, 25, 2] [20, -11, 4, 16] [5, 7, 12, -8]
[-14, -15, -10, 2] [15, -1, -17, 5] [-7, 10, -16, -19] [34, 21, -87, 20] [0, -12, -15, 40] [-3, 11, -16, -2] [-27, -44, 0, 21]
[22, 16, 7, 8] [7, 9, -7, -18] [13, -2, 24, 0] [-8, 10, -22, 6] [9, -3, -9, 15] [23, -8, -11, 6] [26, 9, 6, 22]
[-4, -6, -5, -13] [0, -3, -17, -7] [-6, 4, 23, -3] [-9, 16, -30, -13] [36, 12, -10, 17] [17, -19, -35, 15] [-6, 5, 9, 1]
Food (up, right, down, left):
[19, 19, -5, 21] [0, 15, -8, -28] [33, -14, -1, 11] [-4, 0, 25, 29] [-9, 10, 21, -7] [-3, -12, -9, -16] [-29, 19, -9, -28]
[-63, -9, -19, -20] [5, -4, -10, -20] [-11, 15, 10, 27] [-12, 14, -31, 30] [25, 9, -1, -40] [33, -13, -28, 12] [7, -7, 12, 13]
[-17, 16, 8, -27] [2, -3, 7, 22] [-45, -27, -33, 30] [34, -32, 17, -11] [-6, -5, 0, -10] [2, 1, -34, -34] [24, 26, 5, 31]
[20, 8, 14, 50] [-6, -13, -43, 31] [-1, -6, -30, -11] [0, 0, 0, 0] [-26, 64, -27, 1] [-27, -6, -21, 2] [-2, 25, -10, 14]
[-16, 14, -7, 20] [6, 17, 7, 21] [20, 0, 29, -2] [-9, -16, 9, -10] [5, -8, 17, -38] [-10, 39, 18, 28] [5, -6, -7, -36]
[19, -10, -5, -1] [5, 22, 27, 15] [8, 2, 5, 22] [-9, -14, 12, -22] [-29, -27, -9, -31] [-15, 16, -4, 7] [15, 47, 2, 22]
[-1, -1, -24, -19] [14, -12, 12, -40] [16, 21, 6, -18] [6, 16, 39, -43] [30, 36, -3, -9] [7, 28, 10, -8] [26, -34, 13, -25]
------------------------------
ALIVE
Head: (8 6)
Body: (8 6) (8 7) (8 8) (7 8) (7 7) (7 6) (6 6) (5 6) (5 5) (4 5) 
Length: 10, 4
Vision: 3
Hungry, suplies: 10/10
Reproductive: 16, mutating: 0.25
Generation: 33536
####################################
Wall (up, right, down, left):
[14, 1, -13, 6] [0, -4, -7, 1] [-17, 6, 8, -6] [23, 5, 29, 5] [-10, 4, 27, -14] [-3, -3, 2, -20] [-15, -14, -19, -9]
[-3, -11, 23, -9] [-2, 29, -3, 13] [-27, 1, 6, -5] [-15, 17, 14, 8] [24, 4, -10, 3] [-15, -18, 13, 7] [-18, -5, 14, 5]
[-2, -2, 41, -5] [-7, 18, -16, 2] [-16, -7, 32, -2] [-66, 18, 40, 24] [-40, -31, -36, 16] [-15, -24, 0, 27] [-29, -12, -9, -15]
[5, 29, 5, -49] [11, -7, 13, -26] [3, 21, 2, -89] [0, 0, 0, 0] [35, -92, 25, 2] [20, -11, 4, 16] [5, 7, 12, -8]
[-14, -15, -10, 2] [15, 3, -17, 5] [-7, 10, -16, -19] [34, 21, -87, 20] [0, -12, -15, 40] [-3, 11, -16, -2] [-27, -44, 0, 21]
[20, 16, 7, 8] [7, 9, -7, -18] [13, -2, 24, 0] [-8, 6, -22, 6] [9, -3, -9, 15] [23, -8, -11, 6] [26, 9, 6, 22]
[-4, -6, -5, -13] [0, -3, -17, -7] [-6, 4, 23, -3] [-9, 16, -30, -13] [36, 12, -10, 17] [17, -19, -35, 15] [-6, 5, 9, 1]
Food (up, right, down, left):
[19, 19, -5, 21] [0, 15, -8, -28] [33, -14, -1, 11] [-4, 0, 25, 29] [-9, 10, 21, -7] [-3, -12, -9, -16] [-29, 19, -9, -28]
[-63, -9, -19, -20] [5, -4, -10, -20] [-11, 15, 10, 27] [-12, 14, -31, 30] [25, 9, -1, -40] [33, -13, -28, 12] [7, -7, 12, 13]
[-17, 16, 8, -27] [2, -3, 7, 22] [-45, -27, -33, 30] [34, -32, 17, -11] [-6, -5, 0, -10] [2, 1, -34, -34] [24, 26, 5, 31]
[20, 8, 14, 50] [-6, -13, -43, 31] [-1, -6, -30, -11] [0, 0, 0, 0] [-26, 64, -27, 1] [-27, -6, -21, 2] [-2, 25, -10, 14]
[-16, 14, -7, 20] [6, 15, 7, 21] [20, 0, 29, -2] [-9, -16, 9, -10] [5, -8, 17, -38] [-10, 39, 18, 28] [5, -6, -7, -36]
[19, -10, -5, 0] [5, 22, 27, 15] [8, 2, 5, 22] [-11, -14, 12, -22] [-29, -27, -9, -31] [-15, 16, -4, 7] [15, 47, 2, 22]
[-1, -1, -24, -19] [14, -12, 12, -40] [16, 21, 6, -18] [6, 16, 39, -43] [30, 36, -3, -9] [7, 28, 10, -8] [26, -34, 13, -25]
------------------------------
ALIVE
Head: (7 17)
Body: (7 17) (6 17) (6 16) (6 15) (6 14) (7 14) (7 13) (7 12) (8 12) (8 11) (8 10) (7 10) 
Length: 12, 4
Vision: 3
Hungry, suplies: 4/10
Reproductive: 16, mutating: 0.25
Generation: 33541
####################################
Wall (up, right, down, left):
[14, 1, -13, 6] [0, -4, -7, 1] [-17, 6, 8, -6] [23, 5, 29, 5] [-10, 4, 27, -14] [-3, -3, 2, -20] [-15, -14, -19, -9]
[-3, -11, 23, -9] [-2, 29, -3, 13] [-27, 1, 6, -5] [-15, 17, 14, 8] [24, 4, -10, 3] [-15, -18, 13, 7] [-18, -5, 14, 5]
[-2, -2, 41, -5] [-7, 18, -16, 2] [-16, -7, 32, -2] [-66, 18, 40, 24] [-40, -31, -36, 16] [-15, -24, 0, 27] [-29, -12, -9, -15]
[5, 29, 5, -49] [11, -7, 13, -26] [3, 21, 2, -89] [0, 0, 0, 0] [35, -92, 25, 2] [20, -11, 4, 16] [5, 7, 12, -8]
[-14, -15, -10, 2] [15, 3, -17, 5] [-7, 10, -16, -19] [34, 21, -87, 20] [0, -12, -15, 40] [-3, 11, -16, -2] [-27, -44, 0, 21]
[20, 16, 7, 8] [7, 9, -7, -18] [13, -2, 24, 0] [-8, 6, -22, 6] [9, -3, -9, 15] [23, -8, -11, 6] [26, 9, 6, 22]
[-4, -6, -5, -13] [0, -3, -17, -7] [-6, 4, 23, -3] [-9, 16, -30, -13] [36, 12, -10, 17] [17, -19, -35, 15] [-6, 5, 9, 1]
Food (up, right, down, left):
[19, 19, -5, 21] [0, 15, -8, -28] [33, -14, -1, 11] [-4, 0, 25, 29] [-9, 10, 21, -7] [-3, -12, -9, -16] [-29, 19, -9, -28]
[-63, -9, -19, -20] [5, -4, -10, -20] [-11, 15, 10, 27] [-12, 14, -31, 30] [25, 9, -1, -40] [33, -13, -28, 12] [7, -7, 12, 13]
[-17, 16, 8, -27] [2, -3, 7, 22] [-45, -27, -33, 30] [34, -32, 17, -11] [-6, -5, 0, -10] [2, 1, -34, -34] [24, 26, 5, 31]
[20, 8, 14, 50] [-6, -13, -43, 31] [-1, -6, -30, -11] [0, 0, 0, 0] [-26, 64, -27, 1] [-27, -6, -21, 2] [-2, 25, -10, 14]
[-16, 14, -7, 20] [6, 15, 7, 21] [20, 0, 29, -2] [-9, -16, 9, -10] [5, -8, 17, -38] [-10, 39, 18, 28] [5, -6, -7, -36]
[19, -10, -5, 0] [5, 22, 27, 15] [8, 2, 5, 22] [-11, -14, 12, -22] [-29, -27, -9, -31] [-15, 16, -4, 7] [15, 47, 2, 22]
[-1, -1, -24, -19] [14, -12, 12, -40] [16, 21, 6, -18] [6, 16, 39, -43] [30, 36, -3, -9] [7, 28, 10, -8] [26, -34, 13, -25]
------------------------------
ALIVE
Head: (23 12)
Body: (23 12) (23 13) (22 13) (21 13) (20 13) (19 13) (19 14) (19 15) (18 15) (18 14) 
Length: 10, 4
Vision: 3
Hungry, suplies: 4/10
Reproductive: 16, mutating: 0.25
Generation: 33540
####################################
Wall (up, right, down, left):
[14, 1, -13, 6] [0, -4, -7, 1] [-17, 6, 8, -6] [23, 5, 29, 2] [-10, 4, 27, -14] [-3, -3, 2, -20] [-10, -14, -19, -9]
[-7, -11, 23, -9] [-2, 29, -3, 13] [-27, 1, 6, -5] [-15, 17, 14, 8] [24, 4, -10, 3] [-15, -18, 13, 7] [-18, -5, 14, 5]
[-2, -2, 41, -5] [-7, 18, -16, 2] [-16, -7, 32, -2] [-66, 18, 40, 24] [-40, -31, -36, 16] [-15, -24, 0, 27] [-29, -12, -9, -15]
[5, 29, 5, -49] [11, -7, 13, -26] [3, 21, 2, -89] [0, 0, 0, 0] [35, -92, 25, 2] [20, -11, 4, 15] [5, 7, 12, -8]
[-14, -15, -10, 2] [15, 3, -17, 5] [-7, 10, -16, -19] [34, 21, -87, 20] [0, -12, -15, 40] [-3, 11, -16, -2] [-27, -44, 0, 21]
[22, 16, 7, 8] [7, 9, -7, -18] [13, -2, 24, 0] [-8, 10, -22, 6] [9, -3, -9, 15] [23, -8, -11, 6] [26, 9, 6, 22]
[-4, -6, -5, -13] [0, -3, -17, -7] [-6, 4, 23, -3] [-9, 16, -30, -13] [36, 12, -10, 17] [17, -19, -35, 15] [-6, 5, 9, 1]
Food (up, right, down, left):
[19, 19, -5, 21] [0, 15, -8, -28] [33, -14, -1, 11] [-6, 0, 25, 29] [-9, 10, 21, -7] [-3, -12, -9, -16] [-29, 18, -9, -28]
[-63, -14, -19, -20] [5, -4, -10, -20] [-11, 15, 10, 27] [-12, 14, -31, 30] [25, 9, -1, -40] [33, -13, -28, 12] [7, -7, 12, 13]
[-17, 16, 8, -27] [2, -3, 7, 22] [-45, -27, -33, 30] [34, -32, 17, -11] [-6, -5, 0, -10] [2, 1, -34, -34] [24, 26, 5, 31]
[20, 8, 14, 50] [-6, -13, -43, 31] [-1, -6, -30, -11] [0, 0, 0, 0] [-26, 64, -27, 1] [-27, -6, -24, 2] [-2, 25, -10, 14]
[-16, 14, -7, 20] [6, 15, 7, 21] [20, 0, 29, -2] [-9, -16, 9, -10] [5, -8, 17, -38] [-10, 39, 18, 28] [5, -6, -7, -36]
[19, -10, -5, -1] [5, 22, 27, 15] [8, 2, 5, 22] [-9, -14, 12, -22] [-29, -27, -9, -31] [-15, 16, -4, 7] [15, 47, 2, 22]
[-1, -1, -24, -19] [14, -12, 12, -40] [16, 21, 6, -18] [6, 16, 39, -43] [30, 36, -3, -9] [7, 28, 10, -8] [26, -34, 13, -25]
------------------------------
ALIVE
Head: (11 10)
Body: (11 10) (10 10) (10 9) (9 9) (9 10) (9 11) (9 12) (9 13) (8 13) (8 14) (9 14) 
Length: 11, 4
Vision: 3
Hungry, suplies: 7/10
Reproductive: 16, mutating: 0.25
Generation: 33542
####################################
Wall (up, right, down, left):
[14, 1, -13, 6] [0, -4, -7, 1] [-17, 6, 8, -6] [23, 5, 29, 5] [-10, 4, 27, -14] [-3, -3, 2, -20] [-15, -14, -19, -9]
[-3, -11, 23, -9] [-2, 29, -3, 13] [-27, 1, 6, -5] [-15, 17, 14, 8] [24, 4, -10, 3] [-15, -18, 13, 7] [-18, -5, 14, 5]
[-2, -2, 41, -5] [-7, 18, -16, 2] [-16, -7, 32, -2] [-66, 18, 40, 24] [-40, -31, -36, 16] [-15, -24, 0, 27] [-29, -12, -9, -15]
[5, 29, 5, -49] [11, -7, 18, -26] [3, 21, 2, -89] [0, 0, 0, 0] [35, -92, 25, 2] [20, -11, 4, 16] [5, 7, 12, -8]
[-14, -15, -10, 2] [15, 3, -17, 5] [-7, 10, -16, -19] [34, 21, -87, 20] [0, -12, -15, 40] [-3, 11, -16, -2] [-27, -44, 0, 21]
[22, 16, 7, 8] [7, 9, -7, -18] [13, -2, 24, 0] [-8, 10, -22, 6] [9, -3, -9, 15] [23, -8, -11, 6] [26, 9, 6, 22]
[-4, -6, -5, -13] [0, -3, -17, -7] [-6, 4, 23, -3] [-9, 16, -30, -13] [36, 12, -10, 17] [17, -19, -35, 15] [-6, 5, 9, 1]
Food (up, right, down, left):
[19, 19, -5, 21] [0, 15, -8, -28] [33, -14, -1, 11] [-4, 0, 25, 29] [-9, 10, 21, -7] [-3, -12, -9, -16] [-29, 19, -9, -28]
[-63, -9, -19, -20] [5, -4, -10, -20] [-11, 15, 10, 27] [-12, 14, -31, 30] [25, 9, -1, -40] [33, -13, -28, 12] [7, -7, 12, 13]
[-17, 16, 8, -27] [2, -3, 7, 22] [-45, -27, -33, 30] [34, -32, 17, -11] [-6, -5, 0, -10] [2, 1, -34, -34] [24, 26, 5, 31]
[20, 8, 14, 50] [-6, -14, -43, 31] [-1, -6, -30, -11] [0, 0, 0, 0] [-26, 64, -27, 1] [-27, -6, -21, 2] [-2, 25, -10, 14]
[-16, 14, -7, 20] [6, 15, 7, 21] [20, 0, 29, -2] [-9, -16, 9, -10] [5, -8, 17, -38] [-10, 39, 18, 28] [5, -6, -7, -36]
[19, -10, -5, -1] [5, 22, 27, 15] [8, 2, 5, 22] [-9, -14, 12, -22] [-29, -27, -9, -31] [-15, 16, -4, 7] [15, 47, 2, 22]
[-1, -1, -24, -19] [14, -12, 12, -40] [16, 21, 6, -18] [6, 16, 39, -43] [30, 36, -3, -9] [7, 28, 10, -8] [26, -34, 13, -25]
------------------------------
ALIVE
Head: (21 50)
Body: (21 50) (21 51) (20 51) (20 50) (19 50) (18 50) (17 50) (17 49) (16 49) (16 50) (15 50) 
Length: 11, 4
Vision: 3
Hungry, suplies: 4/10
Reproductive: 16, mutating: 0.25
Generation: 33538
####################################
Wall (up, right, down, left):
[14, 1, -13, 6] [0, -4, -7, 1] [-17, 6, 8, -6] [23, 5, 29, 5] [-10, 4, 27, -14] [-3, -3, 2, -20] [-15, -14, -19, -9]
[-3, -11, 23, -9] [-2, 29, -3, 13] [-27, 1, 6, -5] [-15, 17, 14, 8] [24, 4, -10, 3] [-15, -18, 13, 7] [-18, -5, 14, 5]
[-2, -2, 41, -5] [-7, 18, -16, 2] [-16, -7, 32, -2] [-66, 18, 40, 24] [-40, -31, -36, 16] [-15, -24, 0, 27] [-29, -12, -9, -15]
[5, 29, 5, -49] [11, -7, 13, -26] [3, 21, 2, -89] [0, 0, 0, 0] [35, -92, 25, 2] [20, -11, 4, 16] [5, 7, 12, -8]
[-14, -15, -10, 5] [15, 3, -17, 5] [-7, 10, -16, -19] [34, 21, -87, 20] [0, -12, -15, 40] [-3, 11, -16, -2] [-27, -44, 0, 21]
[20, 16, 7, 8] [7, 9, -7, -18] [13, -2, 24, 0] [-8, 6, -22, 6] [9, -3, -9, 15] [23, -8, -11, 6] [26, 9, 6, 22]
[-4, -6, -5, -13] [0, -3, -17, -7] [-6, 4, 23, -3] [-9, 16, -30, -13] [36, 12, -10, 17] [17, -19, -35, 15] [-6, 5, 9, 1]
Food (up, right, down, left):
[19, 19, -5, 21] [0, 15, -8, -28] [33, -14, -1, 11] [-4, 0, 25, 29] [-9, 10, 21, -7] [-3, -12, -9, -16] [-29, 19, -9, -28]
[-63, -9, -19, -20] [5, -4, -10, -20] [-11, 15, 10, 27] [-12, 14, -31, 30] [25, 9, -1, -40] [33, -13, -28, 12] [7, -7, 12, 13]
[-17, 16, 8, -27] [2, -3, 7, 22] [-45, -27, -33, 30] [34, -32, 17, -11] [-6, -5, 0, -10] [2, 1, -34, -34] [24, 26, 5, 31]
[20, 8, 14, 50] [-6, -13, -43, 31] [-1, -6, -30, -11] [0, 0, 0, 0] [-26, 64, -27, 1] [-27, -6, -21, 2] [-2, 25, -10, 14]
[-16, 14, -9, 20] [6, 15, 7, 21] [20, 0, 29, -2] [-9, -16, 9, -10] [5, -8, 17, -38] [-10, 39, 18, 28] [5, -6, -7, -36]
[19, -10, -5, 0] [5, 22, 27, 15] [8, 2, 5, 22] [-11, -14, 12, -22] [-29, -27, -9, -31] [-15, 16, -4, 7] [15, 47, 2, 22]
[-1, -1, -24, -19] [14, -12, 12, -40] [16, 21, 6, -18] [6, 16, 39, -43] [30, 36, -3, -9] [7, 28, 10, -8] [26, -34, 13, -25]
------------------------------
ALIVE
Head: (2 18)
Body: (2 18) (1 18) (1 19) (0 19) (0 20) (0 21) (1 21) (1 22) (25 22) 
Length: 9, 4
Vision: 3
Hungry, suplies: 4/10
Reproductive: 16, mutating: 0.25
Generation: 33540
####################################
Wall (up, right, down, left):
[14, 1, -13, 6] [0, -4, -7, 1] [-17, 6, 8, -6] [23, 5, 29, 2] [-10, 4, 27, -14] [-3, -4, 2, -20] [-10, -14, -19, -9]
[-7, -11, 23, -9] [-2, 29, -3, 12] [-27, 1, 6, -5] [-15, 17, 14, 8] [24, 4, -10, 3] [-15, -18, 17, 7] [-18, -5, 14, 5]
[-2, -2, 41, -5] [-7, 18, -16, 2] [-16, -7, 32, -2] [-66, 18, 40, 24] [-40, -31, -36, 16] [-15, -24, 0, 27] [-29, -12, -9, -15]
[5, 29, 5, -49] [11, -7, 13, -26] [3, 21, 2, -89] [0, 0, 0, 0] [35, -92, 25, 2] [20, -11, 4, 15] [5, 7, 12, -8]
[-14, -15, -10, 2] [15, 3, -17, 5] [-7, 10, -16, -19] [34, 21, -87, 20] [0, -12, -15, 40] [-3, 11, -16, -2] [-27, -44, 0, 21]
[22, 16, 7, 8] [7, 9, -7, -18] [13, -2, 24, 0] [-8, 10, -22, 6] [9, -3, -9, 15] [23, -8, -11, 6] [26, 9, 6, 22]
[-4, -6, -5, -13] [0, -3, -17, -7] [-6, 8, 23, -5] [-9, 16, -30, -13] [36, 12, -10, 17] [17, -19, -35, 15] [-6, 5, 9, 1]
Food (up, right, down, left):
[19, 19, -5, 21] [0, 15, -8, -28] [33, -14, -1, 11] [-6, 0, 25, 29] [-9, 10, 21, -7] [-3, -12, -9, -13] [-29, 18, -9, -28]
[-63, -14, -19, -20] [4, -4, -10, -20] [-11, 15, 10, 27] [-12, 14, -31, 30] [25, 9, -1, -40] [33, -13, -28, 13] [7, -7, 12, 13]
[-17, 16, 8, -27] [2, -3, 7, 22] [-45, -27, -33, 30] [34, -32, 17, -11] [-6, -5, 0, -10] [2, 1, -34, -34] [24, 26, 5, 31]
[20, 8, 14, 50] [-6, -13, -43, 31] [-1, -6, -30, -11] [0, 0, 0, 0] [-26, 64, -27, 1] [-27, -6, -24, 2] [-2, 25, -10, 14]
[-16, 14, -7, 20] [6, 15, 7, 21] [20, 0, 29, -2] [-9, -16, 9, -10] [5, -8, 17, -38] [-10, 39, 18, 28] [5, -6, -7, -36]
[19, -10, -5, -1] [5, 22, 27, 15] [8, 2, 5, 22] [-9, -14, 12, -22] [-29, -27, -9, -31] [-15, 16, -4, 7] [15, 47, 2, 22]
[-1, -1, -24, -19] [14, -12, 12, -40] [16, 25, 9, -18] [6, 16, 39, -43] [30, 36, -3, -9] [7, 28, 10, -8] [26, -34, 13, -25]
------------------------------
ALIVE
Head: (16 23)
Body: (16 23) (15 23) (14 23) (13 23) (12 23) (12 24) (12 25) (13 25) (13 26) 
Length: 9, 4
Vision: 3
Hungry, suplies: 4/10
Reproductive: 16, mutating: 0.25
Generation: 33540
####################################
Wall (up, right, down, left):
[14, 1, -13, 6] [0, -4, -7, 1] [-17, 6, 8, -6] [23, 4, 29, 2] [-10, 4, 27, -18] [-3, -3, 2, -21] [-15, -14, -17, -9]
[-3, -11, 23, -9] [-2, 29, -3, 13] [-27, 1, 6, -5] [-15, 17, 14, 8] [24, 4, -10, 3] [-20, -18, 13, 7] [-18, -5, 14, 5]
[-7, -2, 41, -5] [-7, 18, -16, 2] [-16, -7, 32, -2] [-66, 18, 40, 24] [-40, -31, -36, 16] [-15, -24, 0, 25] [-29, -12, -9, -15]
[5, 29, 5, -49] [11, -7, 13, -26] [3, 21, 2, -89] [0, 0, 0, 0] [31, -92, 25, 2] [20, -11, 4, 15] [5, 7, 12, -8]
[-14, -15, -10, 2] [15, 3, -17, 5] [-7, 10, -16, -19] [34, 21, -87, 20] [0, -12, -15, 40] [-3, 11, -16, -2] [-27, -44, 0, 20]
[22, 16, 7, 8] [7, 9, -7, -18] [13, -2, 24, 0] [-8, 10, -22, 6] [9, -3, -9, 11] [23, -8, -11, 6] [26, 13, 6, 22]
[0, -6, -5, -13] [0, -3, -17, -6] [-6, 4, 23, -3] [-9, 16, -30, -13] [36, 12, -10, 17] [17, -19, -35, 15] [-6, 5, 9, 1]
Food (up, right, down, left):
[19, 19, -5, 21] [0, 15, -8, -28] [33, -14, -1, 11] [-8, 0, 25, 29] [-14, 10, 21, -7] [-2, -12, -9, -16] [-29, 19, -9, -25]
[-63, -9, -19, -20] [5, -4, -10, -20] [-11, 15, 10, 27] [-12, 14, -31, 30] [25, 9, -1, -40] [33, -13, -28, 17] [7, -7, 12, 13]
[-17, 11, 8, -27] [2, -3, 7, 24] [-45, -27, -33, 30] [34, -32, 17, -11] [-6, -5, 0, -10] [2, 1, -34, -33] [24, 26, 5, 31]
[20, 8, 14, 50] [-6, -13, -43, 31] [-1, -6, -30, -11] [0, 0, 0, 0] [-26, 64, -22, 1] [-27, -6, -24, 2] [-2, 25, -10, 14]
[-16, 14, -7, 20] [6, 15, 7, 21] [20, 0, 29, -2] [-9, -16, 9, -10] [5, -8, 17, -38] [-10, 39, 18, 28] [5, -6, -7, -33]
[19, -10, -5, -1] [5, 22, 27, 15] [8, 2, 5, 22] [-9, -14, 12, -22] [-29, -27, -9, -31] [-15, 16, -4, 7] [17, 47, 2, 22]
[-1, -1, -24, -19] [14, -7, 12, -40] [16, 21, 6, -18] [6, 16, 39, -43] [30, 36, -3, -9] [7, 28, 10, -8] [26, -34, 13, -25]
------------------------------
ALIVE
Head: (20 19)
Body: (20 19) (21 19) (22 19) (22 20) (23 20) (23 21) (23 22) 
Length: 7, 4
Vision: 3
Hungry, suplies: 10/10
Reproductive: 16, mutating: 0.25
Generation: 33538
####################################
Wall (up, right, down, left):
[14, 1, -13, 6] [0, -4, -7, 1] [-17, 6, 8, -6] [23, 5, 29, 5] [-10, 4, 27, -14] [-3, -3, 2, -20] [-15, -14, -19, -9]
[-3, -11, 23, -9] [-2, 29, -3, 13] [-27, 1, 6, -5] [-15, 17, 14, 8] [24, 4, -10, 3] [-15, -18, 13, 7] [-18, -5, 14, 5]
[-2, -2, 41, -5] [-7, 18, -16, 2] [-16, -7, 32, -2] [-66, 18, 40, 24] [-40, -31, -36, 16] [-15, -24, 0, 27] [-29, -12, -9, -15]
[5, 29, 5, -49] [11, -7, 13, -26] [3, 21, 2, -89] [0, 0, 0, 0] [35, -92, 25, 2] [20, -11, 4, 16] [5, 7, 12, -8]
[-14, -15, -10, 2] [15, 3, -17, 5] [-7, 10, -16, -19] [34, 21, -87, 20] [0, -12, -15, 40] [-3, 11, -16, -2] [-27, -44, 0, 21]
[20, 16, 7, 8] [7, 9, -7, -18] [13, -2, 24, 0] [-8, 6, -22, 6] [9, -3, -9, 15] [23, -9, -11, 6] [26, 9, 6, 22]
[-4, -6, -5, -13] [0, -3, -17, -7] [-6, 4, 23, -3] [-9, 16, -30, -13] [36, 12, -10, 17] [17, -19, -35, 15] [-6, 5, 9, 1]
Food (up, right, down, left):
[19, 19, -5, 21] [0, 15, -8, -28] [33, -14, -1, 11] [-4, 0, 25, 29] [-9, 10, 21, -7] [-3, -12, -9, -16] [-29, 19, -9, -28]
[-63, -9, -19, -20] [5, -4, -10, -20] [-11, 15, 10, 27] [-12, 14, -31, 30] [25, 9, -1, -40] [33, -13, -28, 12] [7, -7, 12, 13]
[-13, 16, 8, -27] [2, -3, 7, 22] [-45, -27, -33, 30] [34, -32, 17, -11] [-6, -5, 0, -10] [2, 1, -34, -34] [24, 26, 5, 31]
[20, 8, 14, 50] [-6, -13, -43, 31] [-1, -6, -30, -11] [0, 0, 0, 0] [-26, 64, -27, 1] [-27, -6, -21, 2] [-2, 25, -10, 14]
[-16, 14, -7, 20] [6, 15, 7, 21] [20, 0, 29, -2] [-9, -16, 9, -10] [5, -8, 17, -38] [-10, 39, 18, 28] [5, -6, -7, -36]
[19, -10, -5, 0] [5, 22, 27, 15] [8, 2, 5, 22] [-11, -14, 12, -22] [-29, -27, -9, -31] [-15, 16, -4, 11] [15, 47, 2, 22]
[-1, -1, -24, -19] [14, -12, 12, -40] [16, 21, 6, -18] [6, 16, 39, -43] [30, 36, -3, -9] [7, 28, 10, -8] [26, -34, 13, -25]
------------------------------
ALIVE
Head: (21 12)
Body: (21 12) (22 12) (22 11) (21 11) (21 10) (21 9) (22 9) (22 8) (22 7) (23 7) 
Length: 10, 4
Vision: 3
Hungry, suplies: 5/10
Reproductive: 16, mutating: 0.25
Generation: 33541
####################################
Wall (up, right, down, left):
[14, 1, -13, 6] [0, -4, -7, 1] [-17, 6, 8, -6] [23, 4, 29, 2] [-10, 4, 27, -18] [-3, -3, 2, -21] [-15, -14, -17, -9]
[-3, -11, 23, -9] [-2, 29, -3, 13] [-27, 1, 6, -5] [-15, 17, 14, 8] [24, 4, -10, 3] [-20, -18, 13, 7] [-18, -5, 14, 5]
[-7, -2, 41, -5] [-7, 18, -16, 2] [-16, -7, 32, -2] [-66, 18, 40, 24] [-40, -31, -36, 16] [-15, -24, 0, 25] [-29, -12, -9, -15]
[5, 29, 5, -49] [11, -7, 13, -26] [3, 21, 2, -89] [0, 0, 0, 0] [31, -92, 25, 2] [20, -11, 4, 15] [5, 7, 12, -8]
[-14, -15, -10, 2] [15, 3, -17, 5] [-7, 10, -16, -19] [34, 21, -87, 20] [0, -12, -15, 40] [-3, 11, -16, -2] [-31, -44, 0, 20]
[22, 16, 7, 8] [7, 9, -7, -18] [13, -2, 24, 0] [-8, 10, -22, 6] [9, -3, -9, 11] [23, -8, -11, 6] [26, 13, 6, 22]
[0, -6, -5, -13] [0, -3, -17, -6] [-6, 4, 23, -3] [-9, 16, -30, -13] [36, 12, -10, 17] [17, -19, -35, 15] [-6, 5, 9, 1]
Food (up, right, down, left):
[19, 19, -5, 21] [0, 15, -8, -28] [33, -14, -1, 11] [-8, 0, 25, 29] [-14, 10, 21, -7] [-2, -12, -9, -16] [-29, 19, -9, -25]
[-63, -9, -19, -20] [5, -4, -10, -20] [-11, 15, 10, 27] [-12, 14, -31, 30] [25, 9, -1, -40] [33, -13, -28, 17] [7, -7, 12, 13]
[-17, 11, 8, -27] [2, -3, 7, 24] [-45, -27, -33, 30] [34, -32, 17, -11] [-6, -5, 0, -10] [2, 1, -34, -33] [24, 26, 5, 31]
[20, 8, 14, 50] [-6, -13, -43, 31] [-1, -6, -30, -11] [0, 0, 0, 0] [-26, 64, -22, 1] [-27, -6, -24, 2] [-2, 25, -10, 14]
[-16, 14, -7, 20] [6, 15, 7, 21] [20, 0, 29, -2] [-9, -16, 9, -10] [5, -8, 17, -38] [-10, 39, 18, 28] [5, -6, -7, -33]
[19, -10, -5, -1] [5, 22, 27, 15] [8, 2, 5, 22] [-9, -14, 12, -22] [-29, -27, -9, -31] [-15, 16, -4, 7] [17, 47, 2, 22]
[-1, -1, -24, -19] [14, -7, 12, -40] [16, 21, 6, -18] [6, 16, 39, -43] [30, 36, -3, -9] [7, 28, 10, -8] [26, -34, 13, -25]
------------------------------
ALIVE
Head: (14 11)
Body: (14 11) (13 11) (13 10) (13 9) (12 9) (12 8) (11 8) (10 8) (10 7) (9 7) (9 6) (9 5) (8 5) (7 5) (6 5) 
Length: 15, 4
Vision: 3
Hungry, suplies: 8/10
Reproductive: 16, mutating: 0.25
Generation: 33537
####################################
Wall (up, right, down, left):
[14, 1, -13, 6] [0, -4, -7, 1] [-17, 6, 8, -6] [23, 5, 29, 5] [-10, 4, 27, -14] [-3, -3, 2, -20] [-15, -14, -19, -9]
[-3, -11, 23, -9] [-2, 29, -3, 13] [-27, 1, 6, -5] [-15, 17, 14, 8] [24, 4, -10, 3] [-15, -18, 13, 7] [-18, -5, 14, 5]
[-2, -2, 41, -5] [-7, 18, -16, 2] [-16, -7, 32, -2] [-66, 18, 40, 24] [-40, -31, -36, 16] [-15, -24, 0, 27] [-29, -12, -9, -15]
[5, 29, 5, -49] [11, -7, 13, -26] [3, 21, 2, -89] [0, 0, 0, 0] [35, -92, 25, 2] [20, -11, 4, 16] [5, 7, 12, -8]
[-14, -15, -10, 2] [15, 3, -17, 5] [-7, 10, -16, -19] [34, 21, -87, 20] [0, -12, -15, 40] [-3, 11, -16, -2] [-27, -44, 0, 21]
[20, 16, 7, 8] [7, 9, -7, -18] [13, -2, 24, 0] [-8, 6, -22, 6] [9, -3, -9, 15] [23, -8, -11, 6] [26, 9, 6, 22]
[-4, -6, -5, -13] [0, -3, -17, -7] [-6, 4, 23, -3] [-9, 16, -30, -13] [36, 12, -10, 17] [17, -19, -35, 15] [-6, 5, 9, 1]
Food (up, right, down, left):
[19, 19, -5, 21] [0, 15, -8, -28] [33, -14, -1, 11] [-4, 0, 25, 29] [-9, 10, 21, -7] [-3, -12, -9, -16] [-29, 19, -9, -28]
[-63, -9, -19, -20] [5, -4, -10, -20] [-11, 15, 10, 27] [-12, 14, -31, 30] [25, 9, -1, -40] [33, -13, -28, 12] [7, -7, 12, 13]
[-17, 16, 8, -27] [2, -3, 7, 22] [-45, -27, -33, 30] [34, -32, 17, -11] [-6, -5, 0, -10] [2, 1, -34, -34] [24, 26, 5, 31]
[20, 8, 14, 50] [-6, -13, -43, 31] [-1, -6, -30, -11] [0, 0, 0, 0] [-26, 64, -27, 1] [-27, -6, -21, 2] [-2, 25, -10, 14]
[-16, 14, -7, 20] [6, 15, 7, 21] [20, 0, 29, -2] [-9, -16, 9, -10] [5, -8, 17, -38] [-10, 39, 18, 28] [5, -6, -7, -36]
[19, -10, -5, 0] [5, 22, 27, 15] [8, 2, 5, 22] [-11, -14, 12, -22] [-29, -27, -9, -31] [-15, 16, -4, 7] [15, 47, 2, 22]
[-1, -1, -24, -19] [14, -12, 12, -40] [16, 21, 6, -18] [6, 16, 39, -43] [30, 36, -3, -9] [7, 28, 10, -8] [26, -34, 13, -25]
------------------------------
ALIVE
Head: (15 0)
Body: (15 0) (15 1) (15 2) (15 3) (15 4) (16 4) (16 3) (17 3) (18 3) (18 2) (19 2) (20 2) (20 3) 
Length: 13, 4
Vision: 3
Hungry, suplies: 6/10
Reproductive: 16, mutating: 0.25
Generation: 33541
####################################
Wall (up, right, down, left):
[14, 1, -13, 6] [0, -4, -7, 1] [-17, 6, 8, -6] [23, 5, 29, 2] [-10, 4, 27, -14] [-3, -3, 2, -20] [-10, -14, -19, -9]
[-7, -11, 23, -9] [-2, 29, -3, 13] [-27, 1, 6, -5] [-15, 17, 14, 8] [24, 4, -10, 3] [-15, -18, 13, 7] [-18, -5, 14, 5]
[-2, -2, 41, -5] [-7, 18, -16, 2] [-16, -7, 32, -2] [-66, 18, 40, 24] [-40, -31, -36, 16] [-15, -24, 0, 27] [-29, -12, -9, -15]
[5, 29, 5, -49] [11, -7, 13, -26] [3, 21, 2, -89] [0, 0, 0, 0] [35, -92, 25, 2] [20, -11, 4, 15] [5, 7, 12, -8]
[-14, -15, -10, 2] [15, 3, -17, 5] [-7, 10, -16, -19] [34, 21, -87, 20] [0, -12, -15, 40] [-3, 11, -16, -2] [-27, -44, 0, 21]
[22, 16, 7, 8] [7, 9, -7, -18] [13, -2, 24, 0] [-8, 10, -22, 6] [9, -3, -9, 15] [23, -8, -11, 6] [26, 9, 6, 22]
[-4, -6, -5, -13] [0, -3, -17, -7] [-6, 4, 23, -3] [-9, 16, -30, -13] [36, 12, -10, 17] [17, -19, -35, 15] [-6, 5, 9, 1]
Food (up, right, down, left):
[19, 19, -5, 21] [0, 15, -8, -28] [33, -14, -1, 11] [-6, 0, 25, 29] [-9, 10, 21, -7] [-3, -12, -9, -16] [-29, 18, -9, -28]
[-63, -14, -19, -20] [5, -4, -10, -20] [-11, 15, 10, 27] [-12, 14, -31, 30] [25, 9, -1, -40] [33, -13, -28, 12] [7, -7, 12, 13]
[-17, 16, 8, -27] [2, -3, 7, 22] [-45, -27, -33, 30] [34, -32, 17, -11] [-6, -5, 0, -10] [2, 1, -34, -34] [24, 26, 5, 31]
[20, 8, 14, 50] [-6, -13, -43, 31] [-1, -6, -30, -11] [0, 0, 0, 0] [-26, 64, -27, 1] [-27, -6, -24, 2] [-2, 25, -10, 14]
[-16, 14, -7, 20] [6, 15, 7, 21] [20, 0, 29, -2] [-9, -16, 9, -10] [5, -8, 17, -38] [-10, 39, 18, 28] [5, -6, -7, -36]
[19, -10, -5, -1] [5, 22, 27, 15] [8, 2, 5, 22] [-9, -14, 12, -22] [-29, -27, -9, -31] [-15, 16, -4, 7] [15, 47, 2, 22]
[-1, -1, -24, -19] [14, -12, 12, -40] [16, 21, 6, -18] [6, 16, 39, -43] [30, 36, -3, -9] [7, 28, 10, -8] [26, -34, 13, -25]
------------------------------
ALIVE
Head: (17 24)
Body: (17 24) (17 23) (17 22) (16 22) (15 22) (15 21) (15 20) (15 19) (15 18) (15 17) (15 16) (14 16) 
Length: 12, 4
Vision: 3
Hungry, suplies: 10/10
Reproductive: 16, mutating: 0.25
Generation: 33543
####################################
Wall (up, right, down, left):
[14, 1, -13, 6] [0, -4, -7, 1] [-17, 6, 8, -6] [23, 5, 29, 5] [-10, 4, 27, -14] [-3, -3, 2, -20] [-15, -14, -19, -9]
[-3, -11, 23, -9] [-2, 29, -3, 13] [-27, 1, 6, -5] [-15, 17, 14, 8] [24, 4, -10, 3] [-15, -18, 13, 7] [-18, -5, 14, 5]
[-2, -2, 41, -5] [-7, 18, -16, 2] [-16, -7, 32, -2] [-66, 18, 40, 24] [-40, -31, -36, 16] [-15, -24, 0, 27] [-29, -12, -9, -15]
[5, 29, 5, -49] [11, -7, 18, -26] [3, 21, 2, -89] [0, 0, 0, 0] [35, -92, 25, 2] [20, -11, 4, 16] [5, 7, 12, -8]
[-14, -15, -10, 2] [15, 3, -17, 5] [-7, 10, -16, -19] [34, 21, -87, 20] [0, -12, -15, 40] [-3, 11, -16, -2] [-27, -44, 0, 21]
[22, 16, 7, 8] [7, 9, -7, -18] [13, -2, 24, 0] [-8, 10, -22, 6] [9, -3, -9, 15] [23, -8, -11, 6] [26, 9, 6, 22]
[-4, -6, -5, -13] [0, -3, -17, -7] [-6, 4, 23, -3] [-9, 16, -30, -13] [36, 12, -10, 17] [17, -19, -35, 15] [-6, 5, 9, 1]
Food (up, right, down, left):
[19, 19, -5, 21] [0, 15, -8, -28] [33, -14, -1, 11] [-4, 0, 25, 29] [-9, 10, 21, -7] [-3, -12, -9, -16] [-29, 19, -9, -28]
[-63, -9, -19, -20] [5, -4, -10, -20] [-11, 15, 10, 27] [-12, 14, -31, 30] [25, 9, -1, -40] [33, -13, -28, 12] [7, -7, 12, 13]
[-17, 16, 8, -27] [2, -3, 7, 22] [-45, -27, -33, 30] [34, -32, 17, -11] [-6, -5, 0, -10] [2, 1, -34, -34] [24, 26, 5, 31]
[20, 8, 14, 50] [-6, -14, -43, 31] [-4, -6, -30, -11] [0, 0, 0, 0] [-26, 64, -27, 1] [-27, -6, -21, 2] [-2, 25, -10, 14]
[-16, 14, -7, 20] [6, 15, 7, 21] [20, 0, 29, -2] [-9, -16, 9, -10] [5, -8, 17, -38] [-10, 39, 18, 28] [5, -6, -7, -36]
[19, -10, -5, -1] [5, 22, 27, 15] [8, 2, 5, 22] [-9, -14, 12, -22] [-29, -27, -9, -31] [-15, 16, -4, 7] [15, 47, 2, 22]
[-1, -1, -24, -19] [14, -12, 12, -40] [16, 21, 6, -18] [6, 16, 39, -43] [30, 36, -3, -9] [7, 28, 10, -8] [26, -34, 13, -25]
------------------------------
ALIVE
Head: (3 42)
Body: (3 42) (2 42) (2 41) (1 41) (0 41) (0 40) (0 39) (1 39) (1 38) (2 38) (3 38) (3 39) (3 40) 
Length: 13, 4
Vision: 3
Hungry, suplies: 9/10
Reproductive: 16, mutating: 0.25
Generation: 33539
####################################
Wall (up, right, down, left):
[14, 1, -13, 6] [0, -4, -7, 1] [-17, 6, 8, -6] [23, 5, 29, 2] [-10, 4, 27, -14] [-3, -3, 2, -20] [-10, -14, -19, -9]
[-7, -11, 23, -9] [-2, 29, -3, 13] [-27, 1, 6, -5] [-15, 17, 14, 8] [24, 4, -10, 3] [-15, -18, 13, 7] [-18, -5, 14, 5]
[-2, -2, 41, -5] [-7, 18, -16, 2] [-16, -7, 32, -2] [-66, 18, 40, 24] [-40, -31, -36, 16] [-15, -24, 0, 27] [-29, -12, -9, -15]
[5, 29, 5, -49] [11, -7, 13, -26] [3, 21, 2, -89] [0, 0, 0, 0] [35, -92, 25, 2] [20, -11, 4, 15] [5, 7, 12, -8]
[-14, -15, -10, 2] [15, 3, -17, 5] [-7, 10, -16, -19] [34, 21, -87, 20] [0, -12, -15, 40] [-3, 11, -16, -2] [-27, -44, 0, 21]
[22, 16, 7, 8] [7, 9, -7, -18] [13, -2, 24, 0] [-8, 10, -22, 6] [9, -3, -9, 15] [23, -8, -11, 6] [26, 9, 6, 22]
[-4, -6, -5, -13] [0, -3, -17, -7] [-6, 4, 23, -3] [-9, 16, -30, -13] [36, 12, -10, 17] [17, -19, -35, 15] [-6, 5, 9, 1]
Food (up, right, down, left):
[19, 19, -5, 21] [0, 15, -8, -28] [33, -14, -1, 11] [-6, 0, 25, 29] [-9, 10, 21, -7] [-3, -12, -9, -16] [-29, 18, -9, -28]
[-63, -14, -19, -20] [5, -4, -10, -20] [-11, 15, 10, 27] [-12, 14, -31, 30] [25, 9, -1, -40] [33, -13, -28, 12] [7, -7, 12, 13]
[-17, 16, 8, -27] [2, -3, 7, 22] [-45, -27, -33, 30] [34, -32, 17, -11] [-6, -5, 0, -10] [2, 1, -34, -34] [24, 26, 5, 31]
[20, 8, 14, 50] [-6, -13, -43, 31] [-1, -6, -30, -11] [0, 0, 0, 0] [-26, 64, -27, 1] [-27, -6, -24, 2] [-2, 25, -10, 14]
[-16, 14, -7, 20] [6, 15, 7, 21] [20, 0, 29, -2] [-9, -16, 9, -10] [5, -8, 17, -38] [-10, 39, 18, 28] [5, -6, -7, -36]
[19, -10, -5, -1] [5, 22, 27, 15] [8, 2, 5, 22] [-9, -14, 12, -22] [-29, -27, -9, -31] [-15, 16, -4, 7] [15, 47, 2, 22]
[-1, -1, -24, -19] [14, -12, 12, -40] [16, 21, 6, -18] [6, 16, 39, -43] [30, 36, -3, -9] [7, 28, 10, -8] [26, -34, 13, -25]
------------------------------
ALIVE
Head: (10 29)
Body: (10 29) (9 29) (8 29) (7 29) (7 28) (7 27) (7 26) (7 25) (7 24) 
Length: 9, 4
Vision: 3
Hungry, suplies: 7/10
Reproductive: 16, mutating: 0.25
Generation: 33543
####################################
Wall (up, right, down, left):
[14, 1, -13, 6] [0, -4, -7, 1] [-17, 6, 8, -6] [23, 5, 29, 5] [-10, 4, 27, -14] [-3, -3, 2, -20] [-15, -14, -19, -9]
[-3, -11, 23, -9] [-2, 29, -3, 13] [-27, 1, 6, -5] [-15, 17, 14, 8] [24, 4, -10, 3] [-15, -18, 13, 7] [-18, -5, 14, 5]
[-2, -2, 41, -5] [-7, 18, -16, 2] [-16, -7, 32, -2] [-66, 18, 40, 24] [-40, -31, -36, 16] [-15, -24, 0, 27] [-29, -12, -9, -15]
[5, 29, 5, -49] [11, -7, 13, -26] [3, 21, 2, -89] [0, 0, 0, 0] [35, -92, 25, 2] [20, -11, 4, 16] [5, 7, 12, -8]
[-14, -15, -10, 2] [15, 3, -17, 5] [-7, 10, -16, -19] [34, 21, -87, 20] [0, -12, -15, 40] [-3, 11, -16, -2] [-27, -44, 0, 21]
[20, 16, 7, 8] [7, 9, -7, -18] [13, -2, 24, 0] [-8, 6, -22, 6] [9, -3, -9, 15] [23, -9, -11, 6] [26, 9, 6, 22]
[-4, -6, -5, -13] [0, -3, -17, -7] [-6, 4, 23, -3] [-9, 16, -30, -13] [36, 12, -10, 17] [17, -19, -35, 15] [-6, 5, 9, 1]
Food (up, right, down, left):
[19, 19, -5, 21] [0, 15, -8, -28] [33, -14, -1, 11] [-4, 0, 25, 29] [-9, 10, 21, -7] [-3, -12, -9, -16] [-29, 19, -9, -28]
[-63, -9, -19, -20] [5, -4, -10, -20] [-11, 15, 10, 27] [-12, 14, -31, 30] [25, 9, -1, -40] [33, -13, -28, 12] [7, -7, 12, 13]
[-17, 16, 8, -27] [2, -3, 7, 22] [-45, -27, -33, 30] [34, -32, 17, -11] [-6, -5, 0, -10] [2, 1, -34, -34] [24, 26, 5, 31]
[20, 8, 14, 50] [-6, -13, -43, 31] [-1, -6, -30, -11] [0, 0, 0, 0] [-26, 64, -27, 1] [-27, -6, -21, 2] [-2, 25, -10, 14]
[-16, 14, -7, 20] [6, 15, 7, 21] [20, 0, 29, -2] [-9, -16, 9, -10] [5, -8, 17, -38] [-10, 39, 18, 28] [5, -6, -7, -36]
[19, -10, -5, 0] [5, 22, 27, 15] [8, 2, 5, 22] [-11, -14, 12, -22] [-29, -27, -9, -31] [-15, 16, -4, 11] [15, 47, 2, 22]
[-1, -1, -24, -19] [14, -12, 12, -40] [16, 21, 6, -18] [6, 16, 39, -43] [30, 36, -3, -9] [7, 28, 10, -8] [26, -34, 13, -25]
------------------------------
ALIVE
Head: (7 39)
Body: (7 39) (7 38) (7 37) (6 37) (6 36) (6 35) (5 35) (5 34) 
Length: 8, 4
Vision: 3
Hungry, suplies: 2/10
Reproductive: 16, mutating: 0.25
Generation: 33542
####################################
Wall (up, right, down, left):
[14, 1, -13, 6] [0, -4, -7, 1] [-17, 6, 8, -6] [23, 4, 29, 2] [-10, 4, 27, -18] [-3, -3, 2, -21] [-15, -14, -22, -9]
[-3, -11, 23, -9] [-2, 29, -3, 13] [-27, 1, 6, -5] [-15, 17, 14, 8] [24, 4, -10, 3] [-15, -18, 13, 10] [-18, -5, 14, 5]
[-7, 0, 41, -5] [-7, 18, -16, 2] [-16, -7, 32, -2] [-66, 18, 40, 24] [-40, -31, -36, 16] [-15, -24, 0, 25] [-29, -12, -9, -15]
[5, 29, 5, -49] [7, -7, 13, -26] [3, 21, 2, -89] [0, 0, 0, 0] [31, -92, 25, 2] [20, -11, 4, 15] [5, 7, 12, -8]
[-14, -15, -10, 2] [15, 3, -17, 5] [-7, 10, -16, -19] [34, 21, -87, 20] [0, -12, -15, 40] [-3, 11, -16, -2] [-27, -44, 0, 20]
[22, 16, 7, 8] [7, 9, -7, -18] [13, -2, 24, 0] [-8, 10, -22, 6] [9, -3, -9, 15] [23, -8, -11, 6] [26, 13, 6, 22]
[0, -6, -5, -13] [0, -3, -17, -7] [-6, 4, 23, -3] [-9, 16, -30, -13] [36, 12, -10, 17] [20, -19, -35, 15] [-6, 5, 9, 1]
Food (up, right, down, left):
[19, 19, -5, 21] [0, 15, -8, -28] [33, -14, -1, 11] [-8, 0, 25, 29] [-14, 10, 21, -7] [-2, -12, -9, -16] [-29, 19, -9, -26]
[-63, -9, -19, -20] [5, -4, -10, -20] [-11, 15, 10, 27] [-12, 14, -31, 30] [25, 9, -1, -40] [37, -13, -28, 12] [7, -7, 12, 13]
[-16, 11, 8, -27] [2, -3, 7, 24] [-45, -27, -33, 30] [34, -32, 17, -11] [-6, -5, 0, -10] [2, 1, -34, -33] [24, 26, 5, 31]
[20, 8, 14, 50] [-6, -13, -43, 31] [-1, -6, -30, -11] [0, 0, 0, 0] [-26, 64, -22, 1] [-27, -6, -24, 2] [-2, 25, -10, 14]
[-16, 14, -7, 20] [6, 15, 7, 21] [20, 0, 29, -2] [-9, -16, 9, -10] [5, -8, 17, -38] [-10, 39, 18, 28] [5, -6, -7, -33]
[19, -10, -5, -1] [5, 22, 27, 15] [8, 2, 5, 22] [-9, -14, 12, -22] [-29, -27, -9, -31] [-15, 16, -4, 7] [17, 47, 2, 22]
[-1, -1, -24, -19] [14, -7, 12, -45] [16, 21, 6, -18] [6, 16, 39, -43] [30, 36, -3, -9] [7, 28, 13, -8] [26, -34, 13, -25]
------------------------------
ALIVE
Head: (17 44)
Body: (17 44) (17 43) (16 43) (15 43) (14 43) (13 43) (12 43) (11 43) (11 42) (10 42) 
Length: 10, 4
Vision: 3
Hungry, suplies: 10/10
Reproductive: 16, mutating: 0.25
Generation: 33537
####################################
Wall (up, right, down, left):
[14, 1, -13, 6] [0, -4, -7, 1] [-17, 6, 8, -6] [23, 5, 29, 5] [-10, 4, 27, -14] [-3, -3, 2, -20] [-15, -14, -19, -9]
[-3, -11, 23, -9] [-2, 29, -3, 13] [-27, 1, 6, -5] [-15, 17, 14, 8] [24, 4, -10, 3] [-15, -18, 13, 7] [-18, -5, 14, 5]
[-2, -2, 41, -5] [-7, 18, -16, 2] [-16, -7, 32, -2] [-67, 18, 40, 24] [-40, -31, -36, 16] [-15, -24, 0, 27] [-29, -12, -9, -15]
[5, 29, 5, -49] [11, -7, 13, -26] [3, 21, 2, -89] [0, 0, 0, 0] [35, -92, 25, 2] [20, -11, 4, 16] [5, 7, 12, -8]
[-14, -15, -10, 2] [15, -1, -17, 5] [-7, 10, -16, -19] [34, 21, -87, 20] [0, -12, -15, 40] [-3, 11, -16, -2] [-27, -44, 0, 21]
[22, 16, 7, 8] [7, 9, -7, -18] [13, -2, 24, 0] [-8, 10, -22, 6] [9, -3, -9, 15] [23, -8, -11, 6] [26, 9, 6, 22]
[-4, -6, -5, -13] [0, -3, -17, -7] [-6, 4, 23, -3] [-9, 16, -30, -13] [36, 12, -10, 17] [17, -19, -35, 15] [-6, 5, 9, 1]
Food (up, right, down, left):
[19, 19, -5, 21] [0, 15, -8, -28] [33, -14, -1, 11] [-4, 0, 25, 29] [-9, 10, 21, -7] [-3, -12, -9, -16] [-29, 19, -9, -28]
[-63, -9, -19, -20] [5, -4, -10, -20] [-11, 15, 10, 27] [-12, 14, -31, 30] [25, 9, -1, -40] [33, -13, -28, 12] [7, -7, 12, 13]
[-17, 16, 8, -27] [2, -3, 7, 22] [-45, -27, -33, 30] [30, -32, 17, -11] [-6, -5, 0, -10] [2, 1, -34, -34] [24, 26, 5, 31]
[20, 8, 14, 50] [-6, -13, -43, 31] [-1, -6, -30, -11] [0, 0, 0, 0] [-26, 64, -27, 1] [-27, -6, -21, 2] [-2, 25, -10, 14]
[-16, 14, -7, 20] [6, 17, 7, 21] [20, 0, 29, -2] [-9, -16, 9, -10] [5, -8, 17, -38] [-10, 39, 18, 28] [5, -6, -7, -36]
[19, -10, -5, -1] [5, 22, 27, 15] [8, 2, 5, 22] [-9, -14, 12, -22] [-29, -27, -9, -31] [-15, 16, -4, 7] [15, 47, 2, 22]
[-1, -1, -24, -19] [14, -12, 12, -40] [16, 21, 6, -18] [6, 16, 39, -43] [30, 36, -3, -9] [7, 28, 10, -8] [26, -34, 13, -25]
------------------------------
ALIVE
Head: (1 15)
Body: (1 15) (1 14) (0 14) (0 13) (0 12) (0 11) (25 10) (24 10) 
Length: 8, 4
Vision: 3
Hungry, suplies: 4/10
Reproductive: 16, mutating: 0.25
Generation: 33537
####################################
Wall (up, right, down, left):
[14, 1, -13, 6] [0, -4, -7, 1] [-17, 6, 8, -6] [23, 4, 29, 2] [-10, 4, 27, -18] [-3, -3, 2, -21] [-15, -14, -17, -9]
[-3, -11, 23, -9] [-2, 29, -3, 13] [-27, 1, 6, -5] [-15, 17, 14, 8] [24, 4, -10, 3] [-20, -18, 13, 7] [-18, -5, 14, 5]
[-7, -2, 41, -5] [-7, 18, -16, 2] [-16, -7, 32, -2] [-66, 18, 40, 24] [-40, -31, -36, 16] [-15, -24, 0, 25] [-29, -12, -9, -15]
[5, 29, 5, -49] [11, -7, 13, -26] [3, 21, 2, -89] [0, 0, 0, 0] [31, -92, 25, 2] [20, -11, 4, 15] [5, 7, 13, -8]
[-14, -15, -10, 2] [15, 3, -17, 5] [-7, 10, -16, -19] [34, 21, -87, 20] [0, -12, -15, 40] [-3, 11, -16, -2] [-27, -44, 0, 20]
[22, 16, 7, 8] [7, 9, -7, -18] [13, -2, 24, 0] [-8, 10, -22, 6] [9, -3, -9, 11] [23, -8, -11, 6] [26, 13, 6, 22]
[0, -6, -5, -13] [0, -3, -17, -6] [-6, 4, 23, -3] [-9, 16, -30, -13] [36, 12, -10, 17] [17, -19, -35, 15] [-6, 5, 9, 1]
Food (up, right, down, left):
[19, 19, -5, 21] [0, 15, -8, -28] [33, -14, -1, 11] [-8, 0, 25, 29] [-14, 10, 21, -7] [-2, -12, -9, -16] [-29, 19, -9, -25]
[-63, -9, -19, -20] [5, -4, -10, -20] [-11, 15, 10, 27] [-12, 14, -31, 30] [25, 9, -1, -40] [33, -13, -28, 17] [7, -7, 12, 13]
[-17, 11, 8, -27] [2, -3, 7, 24] [-45, -27, -33, 30] [34, -32, 17, -11] [-6, -5, 0, -10] [2, 1, -34, -33] [24, 26, 5, 31]
[20, 8, 14, 50] [-6, -13, -43, 31] [-1, -6, -30, -11] [0, 0, 0, 0] [-26, 64, -22, 1] [-27, -6, -24, 2] [0, 25, -10, 14]
[-16, 14, -7, 20] [6, 15, 7, 21] [20, 0, 29, -2] [-9, -16, 9, -10] [5, -8, 17, -38] [-10, 39, 18, 28] [5, -6, -7, -33]
[19, -10, -5, -1] [5, 22, 27, 15] [8, 2, 5, 22] [-9, -14, 12, -22] [-29, -27, -9, -31] [-15, 16, -4, 7] [17, 47, 2, 22]
[-1, -1, -24, -19] [14, -7, 12, -40] [16, 21, 6, -18] [6, 16, 39, -43] [30, 36, -3, -9] [7, 28, 10, -8] [26, -34, 13, -25]
------------------------------
ALIVE
Head: (21 53)
Body: (21 53) (20 53) (19 53) (19 54) (18 54) (18 55) (18 56) (19 56) (19 57) 
Length: 9, 4
Vision: 3
Hungry, suplies: 9/10
Reproductive: 16, mutating: 0.25
Generation: 33537
####################################
