Wall (up, right, down, left):
[12, -8, -4, -16] [4, 1, 1, 4] [-14, 11, 6, -8] [17, 2, 28, 12] [-27, 5, 29, -8] [4, -7, -3, -2] [-12, -10, -22, -15]
[-31, -15, 21, -12] [0, 25, -5, -3] [-19, 7, -4, 1] [-23, 12, 10, 5] [25, 7, 12, -2] [-25, -35, 14, 10] [-12, 6, -5, 11]
[-7, 0, 36, 3] [1, 23, -17, -4] [-18, -3, 48, -12] [-77, 23, 48, 23] [-41, -34, -24, 30] [-19, -24, -6, 15] [-27, -8, -9, -24]
[3, 44, -5, -39] [16, 8, 14, -23] [-3, 38, 3, -95] [0, 0, 0, 0] [43, -88, 39, 8] [17, 4, -2, 18] [7, 3, 8, -6]
[-13, -22, -13, 9] [15, 0, -10, 2] [0, -2, -38, -43] [41, 11, -80, 9] [11, -11, -24, 34] [-4, 18, 3, 5] [-37, -73, -15, 23]
[11, 15, 12, 0] [-10, -3, -9, -8] [26, -3, 18, -17] [-6, 8, -28, 6] [16, 3, -24, -6] [27, -9, -28, 8] [33, 0, 20, 19]
[-6, -6, 4, -17] [-7, -7, -24, -5] [-8, 12, 25, 0] [-14, 12, -44, -11] [34, 19, -14, 27] [42, -25, -47, 14] [-12, 7, 9, -5]
Food (up, right, down, left):
[17, 20, 7, 7] [-13, 13, 4, -28] [35, -17, 9, 22] [-17, -17, 33, 24] [-11, 10, 32, -14] [-4, -20, -11, -28] [-31, 19, -5, -8]
[-65, -9, -32, -17] [9, 0, -18, -14] [-3, 11, 20, 34] [-5, 20, -34, 20] [42, 14, -8, -36] [35, -3, -30, 17] [16, 4, 30, 13]
[-14, 3, 28, -34] [10, 10, -4, 34] [-51, -25, -34, 33] [45, -42, 25, 3] [-2, -3, 5, -23] [-1, 11, -47, -30] [28, 30, 6, 24]
[23, 15, 10, 52] [-11, -7, -26, 26] [7, -5, -39, -20] [0, 0, 0, 0] [-20, 62, -32, -9] [-20, -18, -21, -6] [-18, 36, -26, 13]
[-8, 1, -8, 16] [3, 17, 5, 14] [15, -7, 37, 10] [-6, -24, 12, -18] [13, -2, 6, -27] [6, 45, 26, 17] [3, -16, 3, -25]
[12, -11, 8, -8] [15, 14, 11, -1] [9, 9, 12, 10] [-28, -29, 35, -34] [-37, -26, -3, -43] [-13, 31, -5, 26] [0, 29, -8, 24]
[3, 5, -26, -27] [22, 4, 6, -54] [11, 17, 2, -29] [-3, 20, 42, -42] [48, 33, -4, -9] [10, 30, 14, -4] [22, -19, 26, -19]
------------------------------
ALIVE
Head: (17 22)
Body: (17 22) (17 23) (17 24) (16 24) (16 25) (17 25) (17 26) (17 27) (17 28) (18 28) (18 27) (18 26) (18 25) (18 24) 
Length: 14, 4
Vision: 3
Hungry, suplies: 9/10
Reproductive: 16, mutating: 0.25
Generation: 39513
####################################
Wall (up, right, down, left):
[12, -8, -4, -16] [4, 1, 1, 4] [-14, 11, 6, -8] [17, 2, 28, 12] [-27, 5, 29, -8] [2, -7, -3, -2] [-12, -10, -22, -15]
[-31, -15, 26, -12] [0, 25, -5, -3] [-19, 7, -4, 1] [-23, 12, 10, 5] [25, 7, 12, -2] [-25, -35, 14, 10] [-12, 6, -5, 11]
[-7, 0, 36, 3] [1, 23, -17, -4] [-18, -3, 48, -12] [-77, 23, 48, 23] [-41, -34, -24, 30] [-19, -24, -6, 15] [-27, -8, -9, -22]
[3, 44, -5, -39] [16, 8, 14, -23] [-3, 38, 3, -95] [0, 0, 0, 0] [43, -88, 39, 8] [17, 4, -2, 18] [7, 3, 8, -6]
[-13, -22, -13, 9] [15, 0, -10, 2] [0, -2, -38, -43] [41, 11, -80, 9] [11, -11, -24, 34] [-4, 18, 3, 5] [-37, -73, -15, 23]
[11, 15, 12, 0] [-10, -3, -9, -8] [26, -3, 18, -17] [-6, 8, -28, 6] [16, 3, -24, -6] [27, -5, -28, 8] [33, 0, 20, 19]
[-6, -6, 4, -17] [-7, -7, -24, -5] [-8, 12, 25, 0] [-14, 7, -44, -11] [34, 19, -14, 27] [42, -25, -47, 14] [-12, 7, 9, -5]
Food (up, right, down, left):
[17, 20, 7, 7] [-13, 13, 4, -28] [35, -17, 9, 22] [-17, -17, 33, 24] [-11, 10, 32, -14] [-9, -20, -11, -28] [-31, 19, -5, -8]
[-65, -9, -29, -17] [9, 0, -18, -14] [-3, 11, 20, 34] [-5, 20, -34, 20] [42, 14, -8, -36] [35, -3, -30, 17] [16, 4, 30, 13]
[-14, 3, 28, -34] [10, 10, -4, 34] [-51, -25, -34, 33] [45, -42, 25, 3] [-2, -3, 5, -23] [-1, 11, -47, -30] [28, 30, 6, 24]
[23, 15, 10, 52] [-11, -7, -26, 26] [7, -5, -39, -20] [0, 0, 0, 0] [-20, 62, -32, -9] [-20, -18, -21, -6] [-18, 36, -26, 13]
[-8, 1, -8, 16] [3, 17, 5, 14] [15, -7, 37, 10] [-6, -24, 12, -18] [13, -2, 6, -27] [6, 45, 26, 17] [3, -16, 3, -25]
[12, -11, 8, -8] [15, 14, 11, -1] [9, 9, 12, 10] [-28, -29, 35, -34] [-37, -26, -3, -43] [-13, 31, -5, 21] [0, 29, -8, 24]
[3, 5, -26, -27] [22, 4, 6, -54] [11, 17, 2, -29] [1, 20, 42, -42] [48, 33, -4, -9] [10, 30, 14, -4] [22, -19, 26, -19]
------------------------------
ALIVE
Head: (12 37)
Body: (12 37) (12 36) (12 35) (12 34) (12 33) (12 32) (12 31) (11 31) (10 31) (10 30) (10 29) (10 28) (10 27) 
Length: 13, 4
Vision: 3
Hungry, suplies: 5/10
Reproductive: 16, mutating: 0.25
Generation: 39515
####################################
Wall (up, right, down, left):
[12, -8, -4, -16] [4, 1, 1, 4] [-14, 11, 6, -8] [17, 2, 28, 12] [-27, 5, 29, -8] [4, -7, -3, -2] [-12, -10, -22, -15]
[-31, -15, 26, -12] [0, 25, -5, -3] [-19, 7, -4, 1] [-23, 12, 10, 5] [25, 7, 12, -2] [-25, -35, 14, 10] [-12, 6, -5, 11]
[-7, 0, 36, 3] [1, 23, -17, -4] [-18, -3, 48, -12] [-77, 23, 48, 23] [-41, -34, -24, 30] [-19, -24, -6, 15] [-27, -8, -9, -22]
[3, 44, -5, -39] [16, 8, 14, -23] [-3, 38, 3, -93] [0, 0, 0, 0] [43, -88, 39, 8] [17, 4, -2, 18] [7, 3, 8, -6]
[-13, -22, -9, 9] [15, 0, -10, 2] [0, -2, -38, -43] [41, 11, -80, 9] [11, -11, -24, 34] [-4, 18, 3, 5] [-37, -73, -15, 23]
[11, 15, 12, 0] [-10, -3, -9, -8] [26, -3, 18, -17] [-6, 8, -28, 6] [16, 3, -24, -6] [27, -9, -28, 8] [33, 0, 20, 19]
[-6, -6, 4, -17] [-7, -7, -24, -5] [-8, 12, 25, 0] [-14, 7, -44, -11] [34, 19, -14, 27] [42, -25, -47, 14] [-12, 7, 9, -5]
Food (up, right, down, left):
[17, 20, 7, 7] [-13, 13, 4, -28] [35, -17, 9, 22] [-17, -17, 33, 24] [-11, 10, 32, -14] [-4, -20, -11, -28] [-31, 19, -5, -8]
[-65, -9, -29, -17] [9, 0, -18, -14] [-3, 11, 20, 34] [-5, 20, -34, 20] [42, 14, -8, -36] [35, -3, -30, 17] [16, 4, 30, 13]
[-14, 3, 28, -34] [10, 10, -4, 34] [-51, -25, -34, 33] [45, -42, 25, 3] [-2, -3, 5, -23] [-1, 11, -47, -30] [28, 30, 6, 24]
[23, 15, 10, 52] [-11, -7, -26, 26] [8, -5, -39, -20] [0, 0, 0, 0] [-20, 62, -32, -9] [-20, -18, -21, -6] [-18, 36, -26, 13]
[-8, 1, -8, 18] [3, 17, 5, 14] [15, -7, 37, 10] [-6, -24, 12, -18] [13, -2, 6, -27] [6, 45, 26, 17] [3, -16, 3, -25]
[12, -11, 8, -8] [15, 14, 11, -1] [9, 9, 12, 10] [-28, -29, 35, -34] [-37, -26, -3, -43] [-13, 31, -5, 26] [0, 29, -8, 24]
[3, 5, -26, -27] [22, 4, 6, -54] [11, 17, 2, -29] [1, 20, 42, -42] [48, 33, -4, -9] [10, 30, 14, -4] [22, -19, 26, -19]
------------------------------
ALIVE
Head: (21 16)
Body: (21 16) (21 15) (21 14) (21 13) (21 12) (21 11) (21 10) (21 9) (21 8) 
Length: 9, 4
Vision: 3
Hungry, suplies: 6/10
Reproductive: 16, mutating: 0.25
Generation: 39517
####################################
Wall (up, right, down, left):
[12, -8, -4, -16] [4, 1, 1, 4] [-14, 11, 6, -8] [17, 2, 28, 12] [-27, 5, 29, -8] [4, -7, -3, -2] [-12, -10, -22, -15]
[-31, -15, 26, -12] [0, 25, -5, -3] [-19, 7, -4, 1] [-23, 12, 10, 5] [25, 7, 12, -2] [-25, -35, 14, 10] [-12, 6, -5, 11]
[-7, 0, 36, 3] [1, 23, -17, -4] [-18, -3, 48, -12] [-77, 23, 48, 23] [-41, -34, -24, 30] [-19, -24, -6, 15] [-27, -8, -9, -22]
[3, 44, -5, -39] [16, 8, 14, -23] [-3, 38, 3, -95] [0, 0, 0, 0] [43, -88, 39, 8] [17, 4, -2, 18] [7, 3, 8, -6]
[-13, -22, -13, 9] [15, 0, -10, 2] [0, -2, -38, -43] [41, 11, -80, 9] [11, -11, -24, 34] [-4, 18, 3, 5] [-37, -73, -15, 23]
[11, 15, 12, 0] [-10, -3, -9, -8] [26, -3, 18, -17] [-6, 8, -28, 6] [16, 3, -24, -6] [27, -9, -28, 8] [33, 0, 20, 19]
[-6, -6, 4, -17] [-7, -7, -24, -5] [-8, 12, 25, 0] [-14, 7, -44, -11] [34, 19, -14, 27] [42, -25, -47, 14] [-12, 7, 9, -5]
Food (up, right, down, left):
[17, 20, 7, 7] [-13, 13, 4, -28] [35, -17, 9, 22] [-17, -17, 33, 24] [-11, 10, 32, -14] [-4, -20, -11, -28] [-31, 19, -5, -8]
[-65, -9, -29, -17] [9, 0, -18, -14] [-3, 11, 20, 34] [-5, 20, -34, 20] [42, 14, -8, -36] [35, -3, -30, 17] [16, 4, 30, 13]
[-14, 3, 28, -34] [10, 10, -4, 34] [-51, -25, -34, 33] [45, -42, 25, 3] [-2, -3, 5, -23] [-1, 11, -47, -30] [28, 30, 6, 24]
[23, 15, 10, 52] [-11, -7, -26, 26] [7, -5, -39, -20] [0, 0, 0, 0] [-20, 62, -32, -9] [-20, -18, -21, -6] [-18, 36, -26, 13]
[-8, 1, -8, 16] [3, 17, 5, 14] [15, -7, 37, 10] [-6, -24, 12, -18] [13, -2, 6, -27] [6, 45, 26, 17] [3, -16, 3, -25]
[12, -11, 8, -8] [15, 14, 11, -1] [9, 9, 12, 10] [-28, -29, 35, -34] [-37, -26, -3, -43] [-13, 31, -5, 26] [0, 29, -8, 24]
[3, 5, -26, -27] [22, 4, 6, -54] [11, 17, 2, -29] [1, 20, 42, -42] [48, 33, -4, -9] [10, 30, 14, -4] [22, -19, 26, -19]
------------------------------
ALIVE
Head: (8 54)
Body: (8 54) (7 54) (7 53) (7 52) (7 51) (7 50) (6 50) (6 49) (6 48) (6 47) (6 46) (6 45) (6 44) 
Length: 13, 4
Vision: 3
Hungry, suplies: 7/10
Reproductive: 16, mutating: 0.25
Generation: 39518
####################################
Wall (up, right, down, left):
[12, -8, -4, -16] [4, 1, 1, 4] [-14, 11, 6, -8] [17, 2, 28, 12] [-27, 5, 29, -8] [4, -7, -3, -2] [-12, -10, -22, -15]
[-31, -15, 26, -12] [0, 25, -5, -3] [-19, 7, -4, 1] [-23, 12, 10, 5] [25, 7, 12, -2] [-25, -35, 14, 10] [-12, 6, -5, 11]
[-7, 0, 36, 3] [1, 23, -17, -4] [-18, -3, 48, -12] [-77, 23, 48, 23] [-41, -34, -24, 30] [-19, -24, -6, 15] [-27, -8, -9, -22]
[3, 44, -5, -39] [16, 8, 14, -23] [-3, 38, 3, -95] [0, 0, 0, 0] [43, -88, 39, 8] [17, 4, -2, 18] [7, 3, 8, -6]
[-13, -22, -13, 9] [15, 0, -10, 2] [0, -2, -38, -43] [41, 11, -80, 9] [11, -11, -24, 34] [-4, 18, 3, 5] [-37, -73, -15, 23]
[11, 15, 12, 0] [-10, -3, -9, -8] [26, -3, 18, -17] [-6, 8, -28, 6] [16, 3, -24, -6] [27, -9, -28, 8] [33, 0, 20, 19]
[-6, -6, 4, -17] [-7, -7, -24, -5] [-8, 12, 25, 0] [-14, 7, -44, -11] [34, 19, -14, 27] [42, -25, -47, 14] [-12, 7, 9, -5]
Food (up, right, down, left):
[17, 20, 7, 7] [-13, 13, 4, -28] [35, -17, 9, 22] [-17, -17, 33, 24] [-11, 10, 32, -14] [-4, -20, -11, -28] [-31, 19, -5, -8]
[-65, -9, -29, -17] [9, 0, -18, -14] [-3, 11, 20, 34] [-5, 20, -34, 20] [42, 14, -8, -36] [35, -3, -30, 17] [16, 4, 30, 13]
[-14, 3, 28, -34] [10, 10, -4, 34] [-51, -25, -34, 33] [45, -42, 25, 3] [-2, -3, 5, -23] [-1, 11, -47, -30] [28, 30, 6, 24]
[23, 15, 10, 52] [-11, -7, -26, 26] [7, -5, -39, -20] [0, 0, 0, 0] [-20, 62, -32, -9] [-20, -18, -21, -6] [-18, 36, -26, 13]
[-8, 1, -8, 16] [3, 17, 5, 14] [15, -7, 37, 10] [-6, -24, 12, -18] [13, -2, 6, -27] [6, 45, 26, 17] [3, -16, 3, -25]
[12, -11, 8, -8] [15, 14, 11, -1] [9, 9, 12, 10] [-28, -29, 35, -34] [-37, -26, -3, -43] [-13, 31, -5, 26] [0, 29, -8, 24]
[3, 5, -26, -27] [22, 4, 6, -54] [11, 17, 2, -29] [1, 20, 42, -42] [48, 33, -4, -9] [10, 30, 14, -4] [22, -19, 26, -19]
------------------------------
ALIVE
Head: (8 13)
Body: (8 13) (8 14) (9 14) (10 14) (11 14) (11 13) (11 12) (10 12) (9 12) (9 11) 
Length: 10, 4
Vision: 3
Hungry, suplies: 4/10
Reproductive: 16, mutating: 0.25
Generation: 39518
####################################
Wall (up, right, down, left):
[12, -8, -4, -16] [4, 1, 1, 4] [-14, 11, 6, -8] [17, 2, 28, 12] [-27, 5, 29, -8] [4, -7, -3, -2] [-12, -10, -22, -15]
[-31, -15, 26, -12] [0, 25, -5, -3] [-19, 7, -4, 1] [-23, 12, 10, 5] [25, 7, 12, -2] [-25, -35, 14, 10] [-12, 6, -5, 11]
[-7, 0, 36, 3] [1, 23, -17, -4] [-18, -3, 48, -12] [-76, 23, 48, 23] [-41, -34, -24, 30] [-19, -24, -6, 15] [-27, -8, -9, -22]
[3, 44, -5, -39] [16, 8, 14, -23] [-3, 38, 3, -95] [0, 0, 0, 0] [43, -88, 39, 8] [17, 4, -2, 18] [7, 3, 8, -6]
[-13, -22, -13, 9] [15, 0, -10, 2] [0, -2, -38, -43] [41, 11, -80, 9] [11, -11, -24, 34] [-4, 18, 3, 5] [-37, -73, -15, 23]
[11, 15, 12, 0] [-10, -3, -9, -8] [26, -3, 18, -17] [-6, 8, -28, 6] [16, 3, -24, -6] [27, -9, -28, 8] [33, 0, 20, 19]
[-6, -6, 4, -17] [-7, -7, -24, -5] [-8, 12, 25, 0] [-14, 7, -44, -11] [34, 19, -14, 27] [42, -25, -47, 14] [-12, 7, 9, -5]
Food (up, right, down, left):
[17, 20, 7, 7] [-13, 13, 4, -28] [35, -17, 9, 22] [-17, -17, 33, 24] [-11, 10, 32, -14] [-4, -20, -11, -28] [-31, 19, -5, -8]
[-65, -9, -29, -17] [9, 0, -18, -14] [-3, 11, 20, 34] [-5, 20, -34, 20] [42, 14, -8, -36] [35, -3, -30, 17] [16, 4, 30, 13]
[-14, 3, 28, -34] [10, 10, -4, 34] [-51, -25, -34, 33] [45, -42, 25, -2] [-2, -3, 5, -23] [-1, 11, -47, -30] [28, 30, 6, 24]
[23, 15, 10, 52] [-11, -7, -26, 26] [7, -5, -39, -20] [0, 0, 0, 0] [-20, 62, -32, -9] [-20, -18, -21, -6] [-18, 36, -26, 13]
[-8, 1, -8, 16] [3, 17, 5, 14] [15, -7, 37, 10] [-6, -24, 12, -18] [13, -2, 6, -27] [6, 45, 26, 17] [3, -16, 3, -25]
[12, -11, 8, -8] [15, 14, 11, -1] [9, 9, 12, 10] [-28, -29, 35, -34] [-37, -26, -3, -43] [-13, 31, -5, 26] [0, 29, -8, 24]
[3, 5, -26, -27] [22, 4, 6, -54] [11, 17, 2, -29] [1, 20, 42, -42] [48, 33, -4, -9] [10, 30, 14, -4] [22, -19, 26, -19]
------------------------------
ALIVE
Head: (23 3)
Body: (23 3) (22 3) (22 2) (22 1) (21 1) (20 1) (19 1) (18 1) (17 1) (16 1) (15 1) 
Length: 11, 4
Vision: 3
Hungry, suplies: 8/10
Reproductive: 16, mutating: 0.25
Generation: 39517
####################################
Wall (up, right, down, left):
[12, -8, -4, -16] [4, 1, 1, 4] [-14, 11, 6, -8] [17, 2, 28, 12] [-27, 5, 29, -8] [4, -7, -3, -2] [-12, -10, -22, -15]
[-31, -15, 26, -12] [0, 25, -5, -3] [-19, 7, -4, 1] [-23, 12, 10, 5] [25, 7, 12, -2] [-25, -35, 14, 10] [-12, 6, -5, 11]
[-7, 0, 36, 3] [1, 23, -17, -4] [-18, -3, 48, -12] [-77, 23, 48, 23] [-41, -34, -24, 30] [-19, -24, -6, 15] [-27, -8, -9, -22]
[3, 44, -5, -39] [16, 8, 14, -23] [-3, 38, 3, -93] [0, 0, 0, 0] [43, -88, 39, 8] [17, 4, -2, 18] [7, 3, 8, -6]
[-13, -22, -13, 9] [15, 0, -10, 2] [0, -2, -38, -43] [41, 11, -80, 9] [11, -11, -24, 34] [-4, 18, 3, 5] [-37, -73, -15, 23]
[11, 15, 12, 0] [-10, -3, -9, -8] [26, -3, 18, -17] [-6, 8, -28, 6] [16, 3, -24, -6] [27, -9, -28, 8] [33, 0, 20, 19]
[-6, -6, 4, -17] [-7, -7, -24, -5] [-8, 12, 25, 0] [-14, 7, -44, -11] [34, 19, -14, 27] [42, -25, -47, 14] [-12, 7, 9, -5]
Food (up, right, down, left):
[17, 20, 7, 7] [-13, 13, 4, -28] [35, -17, 9, 22] [-17, -17, 33, 24] [-11, 10, 32, -14] [-4, -20, -11, -28] [-31, 19, -5, -8]
[-65, -9, -29, -17] [9, 0, -18, -14] [-3, 11, 20, 34] [-5, 20, -34, 20] [42, 14, -8, -36] [35, -3, -30, 17] [16, 4, 30, 13]
[-14, 3, 28, -34] [10, 10, -4, 34] [-51, -25, -34, 33] [45, -42, 25, 3] [-2, -3, 5, -23] [-1, 11, -47, -30] [28, 30, 6, 24]
[23, 15, 10, 52] [-11, -7, -26, 26] [8, -5, -39, -20] [0, 0, 0, 0] [-20, 62, -32, -9] [-20, -18, -21, -6] [-18, 36, -26, 13]
[-8, 1, -8, 16] [3, 17, 5, 14] [15, -7, 37, 10] [-6, -24, 12, -18] [13, -2, 6, -27] [6, 45, 26, 17] [3, -16, 3, -25]
[12, -11, 8, -8] [15, 14, 11, -1] [9, 9, 12, 10] [-28, -29, 35, -34] [-37, -26, -3, -43] [-13, 31, -5, 26] [0, 29, -8, 24]
[3, 5, -26, -27] [22, 4, 6, -54] [11, 17, 2, -29] [1, 20, 42, -42] [48, 33, -4, -9] [10, 30, 14, -4] [22, -19, 26, -19]
------------------------------
ALIVE
Head: (19 23)
Body: (19 23) (19 24) (20 24) (21 24) (21 25) (22 25) (23 25) (-1 25) (0 25) (0 26) (1 26) 
Length: 11, 4
Vision: 3
Hungry, suplies: 9/10
Reproductive: 16, mutating: 0.25
Generation: 39517
####################################
Wall (up, right, down, left):
[12, -8, -4, -16] [4, 1, 1, 4] [-14, 11, 6, -8] [17, 2, 28, 12] [-25, 5, 29, -8] [4, -7, -3, -2] [-15, -10, -22, -15]
[-31, -15, 26, -12] [0, 25, -5, -3] [-19, 7, -4, 1] [-23, 12, 10, 5] [25, 7, 12, -2] [-25, -35, 18, 10] [-12, 6, 0, 11]
[-7, 0, 36, 3] [1, 23, -17, -4] [-18, -3, 48, -12] [-73, 23, 48, 23] [-41, -34, -24, 30] [-19, -24, -6, 15] [-27, -8, -9, -24]
[3, 44, -5, -39] [16, 8, 14, -23] [-3, 38, 3, -95] [0, 0, 0, 0] [43, -88, 39, 8] [17, 4, -2, 18] [7, 3, 7, -6]
[-13, -22, -13, 6] [15, 0, -10, 2] [0, -2, -38, -43] [41, 11, -80, 9] [11, -12, -26, 34] [-4, 18, 5, 5] [-33, -73, -15, 23]
[11, 15, 12, 0] [-10, -3, -9, -8] [26, -3, 18, -17] [-10, 8, -28, 6] [14, 3, -24, -6] [27, -9, -28, 8] [32, 0, 20, 19]
[-6, -6, 4, -17] [-7, -3, -24, -5] [-8, 12, 25, 0] [-14, 7, -44, -11] [34, 19, -14, 27] [42, -25, -47, 14] [-12, 10, 9, -6]
Food (up, right, down, left):
[17, 20, 7, 7] [-13, 13, 4, -28] [35, -17, 9, 22] [-17, -17, 33, 24] [-11, 12, 32, -14] [-4, -20, -11, -28] [-31, 19, -5, -8]
[-65, -9, -29, -17] [9, 0, -18, -14] [-3, 11, 20, 34] [-5, 20, -34, 20] [42, 14, -8, -36] [34, -3, -30, 17] [16, 4, 30, 9]
[-14, 3, 28, -34] [10, 10, -4, 34] [-51, -25, -34, 33] [45, -42, 25, 6] [-2, -3, 5, -23] [-1, 11, -47, -30] [28, 30, 6, 24]
[23, 15, 10, 52] [-11, -7, -26, 26] [7, -5, -39, -20] [0, 0, 0, 0] [-20, 62, -32, -9] [-20, -18, -21, -6] [-18, 38, -26, 13]
[-8, 1, -3, 16] [3, 17, 5, 14] [15, -7, 37, 10] [-6, -24, 12, -18] [13, -5, 6, -19] [6, 45, 26, 17] [5, -16, 3, -25]
[12, -11, 8, -8] [15, 14, 11, -1] [12, 9, 12, 10] [-28, -29, 35, -37] [-39, -26, -3, -43] [-13, 31, -5, 26] [3, 29, -8, 24]
[3, 5, -26, -27] [22, 4, 6, -57] [11, 17, 2, -29] [1, 20, 42, -42] [48, 33, -4, -9] [10, 30, 14, -4] [25, -22, 26, -19]
------------------------------
ALIVE
Head: (3 21)
Body: (3 21) (2 21) (1 21) (1 20) (25 20) (24 20) (23 20) (22 20) (21 20) 
Length: 9, 4
Vision: 3
Hungry, suplies: 9/10
Reproductive: 16, mutating: 0.25
Generation: 39518
####################################
Wall (up, right, down, left):
[12, -8, -4, -16] [4, 1, 1, 4] [-14, 11, 6, -8] [17, 2, 28, 12] [-27, 5, 29, -8] [2, -7, -3, -2] [-12, -10, -22, -15]
[-31, -15, 26, -12] [0, 25, -5, -3] [-19, 7, -4, 1] [-23, 12, 10, 5] [25, 7, 12, -2] [-25, -35, 14, 10] [-12, 6, -5, 11]
[-7, 0, 36, 3] [1, 23, -17, -4] [-18, -3, 48, -12] [-77, 23, 48, 23] [-41, -34, -24, 30] [-19, -24, -6, 15] [-27, -8, -9, -22]
[3, 44, -5, -39] [16, 8, 14, -23] [-3, 38, 3, -95] [0, 0, 0, 0] [43, -88, 39, 8] [17, 4, -2, 18] [7, 3, 8, -6]
[-13, -22, -13, 9] [15, 0, -10, 2] [0, -2, -38, -43] [41, 11, -80, 9] [11, -11, -24, 34] [-4, 18, 3, 5] [-37, -73, -15, 23]
[11, 15, 12, 0] [-10, -3, -9, -8] [26, -3, 18, -17] [-6, 8, -28, 6] [16, 3, -24, -6] [27, -9, -28, 8] [33, 0, 20, 19]
[-6, -6, 4, -17] [-7, -7, -24, -5] [-8, 12, 25, 0] [-14, 7, -44, -11] [34, 19, -14, 27] [42, -25, -47, 14] [-12, 7, 9, -2]
Food (up, right, down, left):
[17, 20, 7, 7] [-13, 13, 4, -28] [35, -17, 9, 22] [-17, -17, 33, 24] [-11, 10, 32, -14] [-9, -20, -11, -28] [-31, 19, -5, -8]
[-65, -9, -29, -17] [9, 0, -18, -14] [-3, 11, 20, 34] [-5, 20, -34, 20] [42, 14, -8, -36] [35, -3, -30, 17] [16, 4, 30, 13]
[-14, 3, 28, -34] [10, 10, -4, 34] [-51, -25, -34, 33] [45, -42, 25, 3] [-2, -3, 5, -23] [-1, 11, -47, -30] [28, 30, 6, 24]
[23, 15, 10, 52] [-11, -7, -26, 26] [7, -5, -39, -20] [0, 0, 0, 0] [-20, 62, -32, -9] [-20, -18, -21, -6] [-18, 36, -26, 13]
[-8, 1, -8, 16] [3, 17, 5, 14] [15, -7, 37, 10] [-6, -24, 12, -18] [13, -2, 6, -27] [6, 45, 26, 17] [3, -16, 3, -25]
[12, -11, 8, -8] [15, 14, 11, -1] [9, 9, 12, 10] [-28, -29, 35, -34] [-37, -26, -3, -43] [-13, 31, -5, 26] [0, 29, -8, 24]
[3, 5, -26, -27] [22, 4, 6, -54] [11, 17, 2, -29] [1, 20, 42, -42] [48, 33, -4, -9] [10, 30, 14, -4] [21, -19, 26, -19]
------------------------------
ALIVE
Head: (3 49)
Body: (3 49) (3 50) (4 50) (5 50) (5 51) (4 51) (3 51) (3 52) (4 52) (4 53) (4 54) 
Length: 11, 4
Vision: 3
Hungry, suplies: 1/10
Reproductive: 16, mutating: 0.25
Generation: 39517
####################################
Wall (up, right, down, left):
[12, -8, -4, -16] [4, 1, 1, 4] [-14, 11, 6, -8] [17, 2, 28, 12] [-25, 5, 29, -8] [4, -7, -3, -2] [-15, -10, -22, -15]
[-31, -15, 26, -12] [0, 25, -5, -3] [-19, 7, -4, 1] [-23, 12, 10, 5] [25, 7, 12, -2] [-25, -35, 18, 10] [-12, 6, 0, 11]
[-7, 0, 36, 3] [1, 23, -17, -4] [-18, -3, 48, -12] [-73, 23, 48, 23] [-41, -34, -24, 30] [-19, -24, -6, 15] [-27, -8, -9, -24]
[3, 44, -5, -39] [16, 8, 14, -23] [-3, 38, 3, -95] [0, 0, 0, 0] [43, -88, 39, 8] [17, 4, -2, 18] [7, 3, 7, -6]
[-13, -22, -13, 6] [15, 0, -10, 2] [0, -2, -38, -43] [41, 11, -83, 9] [11, -12, -26, 34] [-4, 18, 5, 5] [-33, -73, -15, 23]
[11, 15, 12, 0] [-10, -3, -9, -8] [26, -3, 18, -17] [-10, 8, -28, 6] [14, 3, -24, -6] [27, -9, -28, 8] [32, 0, 20, 19]
[-6, -6, 4, -17] [-7, -3, -24, -5] [-8, 12, 25, 0] [-14, 7, -44, -11] [34, 19, -14, 27] [42, -25, -47, 14] [-12, 10, 9, -6]
Food (up, right, down, left):
[17, 20, 7, 7] [-13, 13, 4, -28] [35, -17, 9, 22] [-17, -17, 33, 24] [-11, 12, 32, -14] [-4, -20, -11, -28] [-31, 19, -5, -8]
[-65, -9, -29, -17] [9, 0, -18, -14] [-3, 11, 20, 34] [-5, 20, -34, 20] [42, 14, -8, -36] [34, -3, -30, 17] [16, 4, 30, 9]
[-14, 3, 28, -34] [10, 10, -4, 34] [-51, -25, -34, 33] [45, -42, 25, 6] [-2, -3, 5, -23] [-1, 11, -47, -30] [28, 30, 6, 24]
[23, 15, 10, 52] [-11, -7, -26, 26] [7, -5, -39, -20] [0, 0, 0, 0] [-20, 62, -32, -9] [-20, -18, -21, -6] [-18, 38, -26, 13]
[-8, 1, -3, 16] [3, 17, 5, 14] [15, -7, 37, 10] [-9, -24, 12, -18] [13, -5, 6, -19] [6, 45, 26, 17] [5, -16, 3, -25]
[12, -11, 8, -8] [15, 14, 11, -1] [12, 9, 12, 10] [-28, -29, 35, -37] [-39, -26, -3, -43] [-13, 31, -5, 26] [3, 29, -8, 24]
[3, 5, -26, -27] [22, 4, 6, -57] [11, 17, 2, -29] [1, 20, 42, -42] [48, 33, -4, -9] [10, 30, 14, -4] [25, -22, 26, -19]
------------------------------
ALIVE
Head: (18 12)
Body: (18 12) (18 11) (18 10) (17 10) (17 9) (16 9) (16 8) (15 8) (14 8) (13 8) (12 8) (11 8) (11 7) 
Length: 13, 4
Vision: 3
Hungry, suplies: 8/10
Reproductive: 16, mutating: 0.25
Generation: 39518
####################################
Wall (up, right, down, left):
[12, -8, -4, -16] [4, 1, 1, 4] [-14, 11, 6, -8] [17, 2, 28, 12] [-27, 5, 29, -8] [4, -7, -3, -2] [-12, -10, -22, -15]
[-31, -15, 26, -12] [0, 25, -5, -3] [-19, 7, -4, 1] [-23, 12, 10, 5] [25, 7, 12, -2] [-25, -35, 14, 10] [-12, 6, -5, 11]
[-7, 0, 36, 3] [1, 23, -17, -4] [-18, -3, 48, -12] [-77, 23, 48, 23] [-41, -34, -24, 30] [-19, -24, -6, 15] [-27, -8, -9, -22]
[3, 44, -5, -39] [16, 8, 14, -23] [-3, 38, 3, -95] [0, 0, 0, 0] [43, -88, 39, 8] [17, 4, -2, 18] [7, 3, 8, -6]
[-13, -22, -13, 9] [15, 0, -10, 2] [0, -2, -38, -43] [41, 11, -80, 9] [11, -11, -24, 34] [-4, 18, 3, 5] [-37, -73, -15, 23]
[11, 15, 12, 0] [-10, -3, -9, -8] [26, -3, 18, -17] [-6, 8, -28, 6] [16, 3, -24, -6] [27, -9, -28, 8] [33, 0, 20, 19]
[-6, -6, 4, -17] [-7, -7, -24, -5] [-8, 12, 25, 0] [-14, 7, -44, -11] [34, 19, -14, 27] [42, -25, -47, 14] [-12, 7, 9, -5]
Food (up, right, down, left):
[17, 20, 7, 7] [-13, 13, 4, -28] [35, -17, 9, 22] [-17, -17, 33, 24] [-11, 10, 32, -14] [-4, -20, -11, -28] [-31, 19, -5, -8]
[-65, -9, -29, -17] [9, 0, -18, -14] [-3, 11, 20, 34] [-5, 20, -34, 20] [42, 14, -8, -36] [35, -3, -30, 17] [16, 4, 30, 13]
[-14, 3, 28, -34] [10, 10, -4, 34] [-51, -25, -34, 33] [45, -42, 25, 3] [-2, -3, 5, -23] [-1, 11, -47, -30] [28, 30, 6, 24]
[23, 15, 10, 52] [-11, -7, -26, 26] [7, -5, -39, -20] [0, 0, 0, 0] [-20, 62, -32, -9] [-20, -18, -21, -6] [-18, 36, -26, 13]
[-8, 1, -8, 16] [3, 17, 5, 14] [15, -7, 37, 10] [-6, -24, 12, -18] [13, -2, 6, -27] [6, 45, 26, 17] [3, -16, 3, -25]
[12, -11, 8, -8] [15, 14, 11, -1] [9, 9, 12, 10] [-28, -29, 35, -34] [-37, -26, -3, -43] [-13, 31, -5, 26] [0, 29, -8, 24]
[3, 5, -26, -27] [22, 4, 6, -54] [11, 17, 2, -29] [1, 20, 42, -42] [48, 33, -4, -9] [10, 30, 14, -4] [22, -19, 26, -19]
------------------------------
ALIVE
Head: (20 21)
Body: (20 21) (19 21) (18 21) (17 21) (16 21) (16 20) (15 20) (15 21) (14 21) (13 21) (12 21) (11 21) 
Length: 12, 4
Vision: 3
Hungry, suplies: 3/10
Reproductive: 16, mutating: 0.25
Generation: 39517
####################################
Wall (up, right, down, left):
[12, -8, -4, -16] [4, 1, 1, 4] [-14, 11, 6, -8] [17, 2, 28, 12] [-27, 5, 29, -8] [4, -7, -3, -2] [-12, -10, -22, -15]
[-31, -15, 21, -12] [0, 25, -5, -3] [-19, 7, -4, 1] [-23, 12, 10, 5] [25, 7, 12, -2] [-25, -35, 14, 10] [-12, 6, -5, 11]
[-7, 0, 36, 3] [1, 23, -17, -4] [-18, -3, 48, -12] [-77, 23, 48, 23] [-41, -34, -24, 30] [-19, -24, -6, 15] [-27, -8, -9, -24]
[3, 44, -5, -39] [16, 8, 14, -23] [-3, 38, 3, -95] [0, 0, 0, 0] [43, -88, 39, 8] [17, 4, -2, 18] [7, 3, 8, -6]
[-13, -22, -13, 9] [15, 0, -10, 2] [0, -2, -38, -43] [41, 11, -80, 9] [11, -11, -24, 34] [-4, 18, 3, 5] [-37, -73, -15, 23]
[11, 15, 12, 0] [-10, -3, -9, -8] [26, -3, 18, -17] [-6, 8, -28, 6] [16, 3, -24, -6] [27, -9, -28, 8] [33, 0, 20, 19]
[-6, -6, 4, -17] [-7, -7, -24, -5] [-8, 12, 25, 0] [-14, 12, -44, -11] [34, 19, -14, 27] [42, -25, -47, 14] [-12, 7, 9, -5]
Food (up, right, down, left):
[17, 20, 7, 7] [-13, 13, 4, -28] [35, -17, 9, 22] [-17, -17, 33, 24] [-11, 10, 32, -14] [-4, -20, -11, -28] [-31, 19, -5, -8]
[-65, -9, -32, -17] [9, 0, -18, -14] [-3, 11, 20, 34] [-5, 20, -34, 20] [42, 14, -8, -36] [35, -3, -30, 17] [16, 4, 30, 13]
[-14, 3, 28, -34] [10, 10, -4, 34] [-51, -25, -34, 33] [45, -42, 25, 3] [-2, -3, 5, -23] [-1, 11, -47, -30] [28, 30, 6, 24]
[23, 15, 10, 52] [-11, -7, -26, 26] [7, -5, -39, -20] [0, 0, 0, 0] [-20, 62, -32, -9] [-20, -18, -21, -6] [-18, 36, -26, 13]
[-8, 1, -8, 16] [3, 17, 5, 14] [15, -7, 37, 10] [-6, -24, 12, -18] [13, -2, 6, -27] [6, 45, 26, 17] [3, -16, 3, -25]
[12, -11, 8, -8] [15, 14, 11, -1] [9, 9, 12, 10] [-28, -29, 35, -34] [-37, -26, -3, -43] [-13, 31, -5, 26] [0, 29, -8, 24]
[3, 5, -26, -27] [22, 4, 6, -54] [11, 17, 2, -29] [-3, 20, 42, -42] [48, 33, -4, -9] [10, 30, 14, -4] [22, -19, 26, -19]
------------------------------
ALIVE
Head: (13 28)
Body: (13 28) (13 29) (14 29) (14 28) (14 27) (14 26) (14 25) (14 24) (14 23) (13 23) (12 23) (11 23) (11 22) (10 22) 
Length: 14, 4
Vision: 3
Hungry, suplies: 8/10
Reproductive: 16, mutating: 0.25
Generation: 39515
####################################
Wall (up, right, down, left):
[12, -8, -4, -16] [4, 1, 1, 4] [-14, 11, 6, -8] [17, 2, 28, 12] [-27, 5, 29, -8] [4, -7, -3, -2] [-12, -10, -22, -15]
[-31, -15, 26, -12] [0, 25, -5, -3] [-19, 7, -4, 1] [-23, 12, 10, 5] [25, 7, 12, -2] [-25, -35, 14, 10] [-12, 6, -5, 11]
[-7, 0, 36, 3] [1, 23, -17, 1] [-18, -3, 48, -12] [-77, 23, 48, 23] [-41, -34, -24, 30] [-19, -24, -6, 15] [-27, -8, -9, -22]
[3, 44, -5, -39] [16, 8, 14, -23] [-3, 38, 3, -93] [0, 0, 0, 0] [43, -88, 39, 8] [17, 4, -2, 18] [7, 3, 8, -6]
[-13, -22, -9, 9] [15, 0, -10, 2] [0, -2, -38, -43] [41, 11, -80, 9] [11, -11, -24, 34] [-4, 18, 3, 5] [-37, -73, -15, 23]
[11, 15, 12, 0] [-10, -3, -9, -8] [26, -3, 18, -17] [-6, 8, -28, 6] [16, 3, -24, -6] [27, -9, -28, 8] [33, 0, 20, 19]
[-6, -6, 4, -17] [-7, -7, -24, -5] [-8, 12, 25, 0] [-14, 7, -44, -11] [34, 19, -14, 27] [42, -25, -47, 14] [-12, 7, 9, -5]
Food (up, right, down, left):
[17, 20, 7, 7] [-13, 13, 4, -28] [35, -17, 9, 22] [-17, -17, 33, 24] [-11, 10, 32, -14] [-4, -20, -11, -28] [-31, 19, -5, -8]
[-65, -9, -29, -17] [9, 0, -18, -14] [-3, 11, 20, 34] [-5, 20, -34, 20] [42, 14, -8, -36] [35, -3, -30, 17] [16, 4, 30, 13]
[-14, 3, 28, -34] [8, 10, -4, 34] [-51, -25, -34, 33] [45, -42, 25, 3] [-2, -3, 5, -23] [-1, 11, -47, -30] [28, 30, 6, 24]
[23, 15, 10, 52] [-11, -7, -26, 26] [8, -5, -39, -20] [0, 0, 0, 0] [-20, 62, -32, -9] [-20, -18, -21, -6] [-18, 36, -26, 13]
[-8, 1, -8, 18] [3, 17, 5, 14] [15, -7, 37, 10] [-6, -24, 12, -18] [13, -2, 6, -27] [6, 45, 26, 17] [3, -16, 3, -25]
[12, -11, 8, -8] [15, 14, 11, -1] [9, 9, 12, 10] [-28, -29, 35, -34] [-37, -26, -3, -43] [-13, 31, -5, 26] [0, 29, -8, 24]
[3, 5, -26, -27] [22, 4, 6, -54] [11, 17, 2, -29] [1, 20, 42, -42] [48, 33, -4, -9] [10, 30, 14, -4] [22, -19, 26, -19]
------------------------------
ALIVE
Head: (22 47)
Body: (22 47) (23 47) (-1 47) (0 47) (0 46) (1 46) (2 46) (2 47) (2 48) (1 48) 
Length: 10, 4
Vision: 3
Hungry, suplies: 7/10
Reproductive: 16, mutating: 0.25
Generation: 39519
####################################
Wall (up, right, down, left):
[12, -8, -4, -16] [4, 1, 1, 4] [-14, 11, 6, -8] [17, 2, 28, 12] [-27, 5, 29, -8] [2, -7, -3, -2] [-12, -10, -22, -15]
[-31, -15, 26, -12] [0, 25, -5, -3] [-19, 7, -4, 1] [-23, 12, 10, 5] [25, 7, 12, -2] [-25, -35, 14, 10] [-12, 6, -5, 11]
[-7, 0, 36, 3] [1, 23, -17, -4] [-18, -3, 48, -12] [-77, 23, 48, 23] [-41, -34, -24, 30] [-19, -24, -6, 15] [-27, -8, -9, -22]
[3, 44, -5, -39] [16, 8, 14, -23] [-3, 38, 3, -95] [0, 0, 0, 0] [43, -88, 39, 8] [17, 4, -2, 18] [7, 3, 8, -6]
[-13, -22, -13, 9] [15, 0, -10, 2] [0, -2, -38, -43] [41, 11, -80, 9] [11, -11, -24, 34] [-4, 18, 3, 5] [-37, -73, -15, 23]
[11, 15, 12, 0] [-10, -3, -9, -8] [26, -3, 18, -17] [-6, 8, -28, 6] [16, 3, -24, -6] [27, -9, -28, 8] [33, 0, 20, 19]
[-6, -6, 4, -17] [-7, -7, -24, -5] [-8, 12, 25, 0] [-14, 7, -44, -11] [34, 19, -14, 27] [42, -25, -47, 14] [-12, 7, 9, -2]
Food (up, right, down, left):
[17, 20, 7, 7] [-13, 13, 4, -28] [35, -17, 9, 22] [-17, -17, 33, 24] [-11, 10, 32, -14] [-9, -20, -11, -28] [-31, 19, -5, -8]
[-65, -9, -29, -17] [9, 0, -18, -14] [-3, 11, 20, 34] [-5, 20, -34, 20] [42, 14, -8, -36] [35, -3, -30, 17] [16, 4, 30, 13]
[-14, 3, 28, -34] [10, 10, -4, 34] [-51, -25, -34, 33] [45, -42, 25, 3] [-2, -3, 5, -23] [-1, 11, -47, -30] [28, 30, 6, 24]
[23, 15, 10, 52] [-11, -7, -26, 26] [7, -5, -39, -20] [0, 0, 0, 0] [-20, 62, -32, -9] [-20, -18, -21, -6] [-18, 36, -26, 13]
[-8, 1, -8, 16] [3, 17, 5, 14] [15, -7, 37, 10] [-6, -24, 12, -18] [13, -2, 6, -27] [6, 45, 26, 17] [3, -16, 3, -25]
[12, -11, 8, -8] [15, 14, 11, -1] [9, 9, 12, 10] [-28, -29, 35, -34] [-37, -26, -3, -43] [-13, 31, -5, 26] [0, 29, -8, 24]
[3, 5, -26, -27] [22, 4, 6, -54] [11, 17, 2, -29] [1, 20, 42, -42] [48, 33, -4, -9] [10, 30, 14, -4] [21, -19, 26, -19]
------------------------------
ALIVE
Head: (6 56)
Body: (6 56) (7 -1) (7 0) (8 0) (9 0) (10 0) (11 0) (11 1) (11 2) (12 2) (12 3) (12 4) (11 4) (10 4) 
Length: 14, 4
Vision: 3
Hungry, suplies: 10/10
Reproductive: 16, mutating: 0.25
Generation: 39518
####################################
Wall (up, right, down, left):
[12, -8, -4, -16] [4, 1, 1, 4] [-14, 11, 6, -8] [17, 2, 28, 12] [-25, 5, 29, -8] [4, -7, -3, -2] [-15, -10, -22, -15]
[-31, -15, 26, -12] [0, 25, -5, -3] [-19, 7, -4, 1] [-23, 12, 10, 5] [25, 7, 12, -2] [-25, -35, 18, 10] [-12, 6, 0, 11]
[-7, 0, 36, 3] [1, 23, -17, -4] [-18, -3, 48, -12] [-73, 23, 48, 23] [-41, -34, -24, 30] [-19, -24, -6, 15] [-27, -8, -9, -24]
[3, 44, -5, -39] [16, 8, 14, -23] [-3, 38, 3, -95] [0, 0, 0, 0] [43, -88, 39, 8] [17, 4, -2, 18] [7, 3, 7, -6]
[-13, -22, -13, 6] [15, 0, -10, 2] [0, -2, -38, -43] [41, 11, -83, 9] [11, -12, -26, 34] [-4, 18, 5, 5] [-33, -73, -15, 23]
[11, 15, 12, 0] [-10, -3, -9, -8] [26, -3, 18, -17] [-10, 8, -28, 6] [14, 3, -24, -6] [27, -9, -28, 8] [32, 0, 20, 19]
[-2, -6, 4, -17] [-7, -3, -24, -5] [-8, 12, 25, 0] [-14, 7, -44, -11] [34, 19, -14, 27] [42, -25, -47, 14] [-12, 10, 9, -6]
Food (up, right, down, left):
[17, 20, 7, 7] [-13, 13, 4, -28] [35, -17, 9, 22] [-17, -17, 33, 24] [-11, 12, 32, -14] [-4, -20, -11, -28] [-31, 19, -5, -8]
[-65, -9, -29, -17] [9, 0, -18, -14] [-3, 11, 20, 34] [-5, 20, -34, 20] [42, 14, -8, -36] [34, -3, -30, 17] [16, 4, 30, 9]
[-14, 3, 28, -34] [10, 10, -4, 34] [-51, -25, -34, 33] [45, -42, 25, 6] [-2, -3, 5, -23] [-1, 11, -47, -30] [28, 30, 6, 24]
[23, 15, 10, 52] [-11, -7, -26, 26] [7, -5, -39, -20] [0, 0, 0, 0] [-20, 62, -32, -9] [-20, -18, -21, -6] [-18, 38, -26, 13]
[-8, 1, -3, 16] [3, 17, 5, 14] [15, -7, 37, 10] [-9, -24, 12, -18] [13, -5, 6, -19] [6, 45, 26, 17] [5, -16, 3, -25]
[12, -11, 8, -8] [15, 14, 11, -1] [12, 9, 12, 10] [-28, -29, 35, -37] [-39, -26, -3, -43] [-13, 31, -5, 26] [3, 29, -8, 24]
[3, 9, -26, -27] [22, 4, 6, -57] [11, 17, 2, -29] [1, 20, 42, -42] [48, 33, -4, -9] [10, 30, 14, -4] [25, -22, 26, -19]
------------------------------
ALIVE
Head: (6 9)
Body: (6 9) (6 8) (5 8) (4 8) (4 7) (3 7) (2 7) (1 7) (1 6) (2 6) (3 6) 
Length: 11, 4
Vision: 3
Hungry, suplies: 10/10
Reproductive: 16, mutating: 0.25
Generation: 39519
####################################
Wall (up, right, down, left):
[12, -8, -4, -16] [4, 1, 1, 4] [-14, 11, 6, -8] [17, 2, 28, 12] [-27, 5, 29, -8] [4, -7, -3, -2] [-12, -10, -22, -15]
[-31, -15, 26, -12] [0, 25, -5, -3] [-19, 7, -4, 1] [-23, 12, 10, 5] [25, 7, 12, -2] [-25, -35, 14, 10] [-12, 6, -5, 11]
[-7, 0, 36, 3] [1, 23, -17, -4] [-18, -3, 48, -12] [-77, 23, 48, 23] [-41, -34, -24, 30] [-19, -24, -6, 15] [-27, -8, -9, -22]
[3, 44, -5, -39] [16, 8, 14, -23] [-3, 38, 3, -95] [0, 0, 0, 0] [43, -88, 39, 8] [17, 4, -2, 18] [7, 3, 8, -6]
[-13, -22, -13, 9] [15, 0, -10, 2] [0, -2, -38, -43] [41, 11, -80, 9] [11, -11, -24, 34] [-4, 18, 3, 5] [-37, -73, -15, 23]
[11, 15, 12, 0] [-10, -3, -9, -8] [26, -3, 18, -17] [-6, 8, -28, 6] [16, 3, -24, -6] [27, -9, -28, 8] [33, 0, 20, 19]
[-6, -6, 4, -17] [-7, -7, -24, -5] [-8, 12, 25, 0] [-14, 7, -44, -11] [34, 19, -14, 27] [42, -25, -47, 14] [-12, 7, 9, -5]
Food (up, right, down, left):
[17, 20, 7, 7] [-13, 13, 4, -28] [35, -17, 9, 22] [-17, -17, 33, 24] [-11, 10, 32, -14] [-4, -20, -11, -28] [-31, 19, -5, -8]
[-65, -9, -29, -17] [9, 0, -18, -14] [-3, 11, 20, 34] [-5, 20, -34, 20] [42, 14, -8, -36] [35, -3, -30, 17] [16, 4, 30, 13]
[-14, 3, 28, -34] [10, 10, -4, 34] [-51, -25, -34, 33] [45, -42, 25, 3] [-2, -3, 5, -23] [-1, 11, -47, -30] [28, 30, 6, 24]
[23, 15, 10, 52] [-11, -7, -26, 26] [7, -5, -39, -20] [0, 0, 0, 0] [-20, 62, -32, -9] [-20, -18, -21, -6] [-18, 36, -26, 13]
[-8, 1, -8, 16] [3, 17, 5, 14] [15, -7, 37, 10] [-6, -24, 12, -18] [13, -2, 6, -27] [6, 45, 26, 17] [3, -16, 3, -25]
[12, -11, 8, -8] [15, 14, 11, -1] [9, 9, 12, 10] [-28, -29, 35, -34] [-37, -26, -3, -43] [-13, 31, -5, 26] [0, 29, -8, 24]
[3, 5, -26, -27] [22, 4, 6, -54] [11, 17, 2, -29] [1, 20, 42, -42] [48, 33, -4, -9] [10, 30, 14, -4] [22, -19, 26, -19]
------------------------------
ALIVE
Head: (9 37)
Body: (9 37) (9 36) (8 36) (7 36) (7 35) (7 34) (7 33) (7 32) (7 31) (7 30) (7 29) (7 28) 
Length: 12, 4
Vision: 3
Hungry, suplies: 9/10
Reproductive: 16, mutating: 0.25
Generation: 39519
####################################
Wall (up, right, down, left):
[12, -8, -4, -16] [4, 1, 1, 4] [-14, 11, 6, -8] [17, 2, 28, 12] [-27, 5, 29, -8] [4, -7, -3, -2] [-12, -10, -22, -15]
[-31, -15, 26, -12] [0, 25, -5, -3] [-19, 7, -4, 1] [-23, 12, 10, 5] [25, 7, 12, -2] [-25, -35, 14, 10] [-12, 6, -5, 11]
[-7, 0, 36, 3] [1, 23, -17, -4] [-18, -3, 48, -12] [-77, 23, 48, 23] [-41, -34, -24, 30] [-19, -24, -6, 15] [-27, -8, -9, -22]
[3, 44, -5, -39] [16, 8, 14, -23] [-3, 38, 3, -95] [0, 0, 0, 0] [43, -88, 39, 8] [17, 4, -2, 18] [7, 3, 8, -6]
[-13, -22, -13, 9] [15, 0, -10, 2] [0, -2, -38, -43] [41, 11, -80, 9] [11, -11, -24, 34] [-4, 18, 3, 5] [-37, -73, -15, 23]
[11, 15, 12, 0] [-10, -3, -9, -8] [26, -3, 18, -17] [-6, 8, -28, 6] [16, 3, -24, -6] [27, -9, -28, 8] [33, 0, 20, 19]
[-6, -6, 4, -17] [-7, -7, -24, -5] [-8, 12, 25, 0] [-14, 7, -44, -11] [34, 19, -14, 27] [42, -25, -47, 14] [-12, 7, 9, -5]
Food (up, right, down, left):
[17, 20, 7, 7] [-13, 13, 4, -28] [35, -17, 9, 22] [-17, -17, 33, 24] [-11, 10, 32, -14] [-4, -20, -11, -28] [-31, 19, -5, -8]
[-65, -9, -29, -17] [9, 0, -18, -14] [-3, 11, 20, 34] [-5, 20, -34, 20] [42, 14, -8, -36] [35, -3, -30, 17] [16, 4, 30, 13]
[-14, 3, 28, -34] [10, 10, -4, 34] [-51, -25, -34, 33] [45, -42, 25, 3] [-2, -3, 5, -23] [-1, 11, -47, -30] [28, 30, 6, 24]
[23, 15, 10, 52] [-11, -7, -26, 26] [7, -5, -39, -20] [0, 0, 0, 0] [-20, 62, -32, -9] [-20, -18, -21, -6] [-18, 36, -26, 13]
[-8, 1, -8, 16] [3, 17, 5, 14] [15, -7, 37, 10] [-6, -24, 12, -18] [13, -2, 6, -27] [6, 45, 26, 17] [3, -16, 3, -25]
[12, -11, 8, -8] [15, 14, 11, -1] [9, 9, 12, 10] [-28, -29, 35, -34] [-37, -26, -3, -43] [-13, 31, -5, 26] [0, 29, -8, 24]
[3, 5, -26, -27] [22, 4, 6, -54] [11, 17, 2, -29] [1, 20, 42, -42] [48, 33, -4, -9] [10, 30, 14, -4] [22, -19, 26, -19]
------------------------------
DEAD: Wall
Head: (12 47)
Body: (12 47) (13 47) (13 46) (14 46) (15 46) (15 47) (16 47) (16 46) (16 45) (16 44) (16 43) (16 42) (16 41) (16 40) (16 39) 
Length: 15, 4
Vision: 3
Hungry, suplies: 9/10
Reproductive: 16, mutating: 0.25
Generation: 39516
####################################
Wall (up, right, down, left):
[12, -8, -4, -16] [4, 1, 1, 4] [-14, 11, 6, -8] [17, 2, 28, 12] [-27, 5, 29, -8] [4, -7, -3, -2] [-12, -10, -22, -15]
[-31, -15, 26, -12] [0, 25, -5, -3] [-19, 2, -4, 1] [-23, 12, 10, 5] [25, 7, 12, -2] [-25, -35, 14, 10] [-12, 6, -5, 11]
[-7, 0, 36, 3] [1, 23, -17, -4] [-18, -3, 48, -12] [-77, 23, 48, 23] [-41, -34, -24, 30] [-19, -24, -6, 15] [-27, -8, -9, -22]
[3, 44, -5, -39] [16, 8, 14, -23] [-3, 38, 3, -93] [0, 0, 0, 0] [43, -88, 39, 8] [17, 4, -2, 18] [7, 3, 8, -6]
[-13, -22, -9, 9] [15, 0, -10, 2] [0, -2, -38, -43] [41, 11, -80, 9] [11, -11, -24, 34] [-4, 18, 3, 5] [-37, -73, -15, 23]
[11, 15, 12, 0] [-10, -3, -9, -8] [26, -3, 18, -17] [-6, 8, -28, 6] [16, 3, -24, -6] [27, -9, -28, 8] [33, 0, 20, 19]
[-6, -6, 4, -17] [-7, -7, -24, -5] [-8, 12, 25, 0] [-14, 7, -44, -11] [34, 19, -14, 27] [42, -25, -47, 14] [-12, 7, 9, -5]
Food (up, right, down, left):
[17, 20, 7, 7] [-13, 13, 4, -28] [35, -17, 9, 22] [-17, -17, 33, 24] [-11, 10, 32, -14] [-4, -20, -11, -28] [-31, 19, -5, -8]
[-65, -9, -29, -17] [9, 0, -18, -14] [-3, 11, 24, 34] [-5, 20, -34, 20] [42, 14, -8, -36] [35, -3, -30, 17] [16, 4, 30, 13]
[-14, 3, 28, -34] [10, 10, -4, 34] [-51, -25, -34, 33] [45, -42, 25, 3] [-2, -3, 5, -23] [-1, 11, -47, -30] [28, 30, 6, 24]
[23, 15, 10, 52] [-11, -7, -26, 26] [8, -5, -39, -20] [0, 0, 0, 0] [-20, 62, -32, -9] [-20, -18, -21, -6] [-18, 36, -26, 13]
[-8, 1, -8, 18] [3, 17, 5, 14] [15, -7, 37, 10] [-6, -24, 12, -18] [13, -2, 6, -27] [6, 45, 26, 17] [3, -16, 3, -25]
[12, -11, 8, -8] [15, 14, 11, -1] [9, 9, 12, 10] [-28, -29, 35, -34] [-37, -26, -3, -43] [-13, 31, -5, 26] [0, 29, -8, 24]
[3, 5, -26, -27] [22, 4, 6, -54] [11, 17, 2, -29] [1, 20, 42, -42] [48, 33, -4, -9] [10, 30, 14, -4] [22, -19, 26, -19]
------------------------------
ALIVE
Head: (8 47)
Body: (8 47) (9 47) (10 47) (11 47) (11 46) (12 46) (12 45) (13 45) (13 44) 
Length: 9, 4
Vision: 3
Hungry, suplies: 10/10
Reproductive: 16, mutating: 0.25
Generation: 39519
####################################
Wall (up, right, down, left):
[12, -8, -4, -16] [4, 1, 1, 4] [-14, 11, 6, -8] [17, 2, 28, 12] [-27, 5, 29, -8] [4, -7, -3, -2] [-12, -10, -22, -15]
[-31, -15, 26, -12] [0, 25, -5, -3] [-19, 7, -4, 1] [-23, 12, 10, 5] [25, 7, 12, -2] [-25, -35, 14, 10] [-12, 6, -5, 11]
[-7, 0, 36, 3] [1, 23, -17, 1] [-18, -3, 48, -12] [-77, 23, 48, 23] [-41, -34, -24, 30] [-19, -24, -6, 15] [-27, -8, -9, -22]
[3, 44, -5, -39] [16, 8, 14, -23] [-3, 38, 3, -93] [0, 0, 0, 0] [43, -88, 39, 8] [17, 4, -2, 18] [7, 3, 8, -6]
[-13, -22, -9, 9] [15, 0, -10, 2] [0, -2, -38, -43] [41, 11, -80, 9] [11, -11, -24, 34] [-4, 18, 3, 5] [-37, -73, -15, 23]
[11, 15, 12, 0] [-10, -3, -9, -8] [26, -3, 18, -17] [-6, 8, -28, 6] [16, 3, -24, -6] [27, -9, -28, 8] [33, 0, 20, 19]
[-6, -6, 4, -17] [-7, -7, -24, -5] [-8, 12, 25, 0] [-14, 7, -44, -11] [34, 19, -14, 27] [42, -25, -47, 14] [-12, 7, 9, -5]
Food (up, right, down, left):
[17, 20, 7, 7] [-13, 13, 4, -28] [35, -17, 9, 22] [-17, -17, 33, 24] [-11, 10, 32, -14] [-4, -20, -11, -28] [-31, 19, -5, -8]
[-65, -9, -29, -17] [9, 0, -18, -14] [-3, 11, 20, 34] [-5, 20, -34, 20] [42, 14, -8, -36] [35, -3, -30, 17] [16, 4, 30, 13]
[-14, 3, 28, -34] [8, 10, -4, 34] [-51, -25, -34, 33] [45, -42, 25, 3] [-2, -3, 5, -23] [-1, 11, -47, -30] [28, 30, 6, 24]
[23, 15, 10, 52] [-11, -7, -26, 26] [8, -5, -39, -20] [0, 0, 0, 0] [-20, 62, -32, -9] [-20, -18, -21, -6] [-18, 36, -26, 13]
[-8, 1, -8, 18] [3, 17, 5, 14] [15, -7, 37, 10] [-6, -24, 12, -18] [13, -2, 6, -27] [6, 45, 26, 17] [3, -16, 3, -25]
[12, -11, 8, -8] [15, 14, 11, -1] [9, 9, 12, 10] [-28, -29, 35, -34] [-37, -26, -3, -43] [-13, 31, -5, 26] [0, 29, -8, 24]
[3, 5, -26, -27] [22, 4, 6, -54] [11, 17, 2, -29] [1, 20, 42, -42] [48, 33, -4, -9] [10, 30, 14, -4] [22, -19, 26, -19]
------------------------------
ALIVE
Head: (15 36)
Body: (15 36) (14 36) (14 35) (14 34) (14 33) (14 32) (14 31) (14 30) (15 30) (15 29) (16 29) (17 29) 
Length: 12, 4
Vision: 3
Hungry, suplies: 4/10
Reproductive: 16, mutating: 0.25
Generation: 39521
####################################
Wall (up, right, down, left):
[12, -8, -4, -16] [4, 1, 1, 4] [-14, 11, 6, -8] [17, 2, 28, 12] [-27, 5, 29, -8] [4, -7, -3, -2] [-12, -10, -22, -15]
[-31, -15, 21, -12] [0, 25, -5, -3] [-19, 7, -4, 1] [-23, 12, 10, 5] [25, 7, 12, -2] [-25, -35, 14, 10] [-12, 6, -5, 11]
[-7, 0, 36, 3] [1, 23, -17, -4] [-18, -3, 48, -12] [-77, 23, 48, 23] [-41, -34, -24, 30] [-19, -24, -6, 15] [-27, -8, -9, -24]
[3, 44, -5, -39] [16, 8, 14, -23] [-3, 38, 3, -95] [0, 0, 0, 0] [43, -88, 39, 8] [17, 4, -2, 18] [7, 3, 8, -6]
[-13, -22, -13, 9] [15, 0, -10, 2] [0, -2, -38, -43] [41, 11, -80, 9] [11, -11, -24, 34] [-4, 18, 3, 5] [-37, -73, -15, 23]
[11, 15, 12, 0] [-10, -3, -9, -8] [26, -3, 18, -17] [-6, 8, -28, 6] [16, 3, -24, -6] [27, -9, -28, 8] [33, 0, 20, 19]
[-6, -6, 4, -17] [-7, -7, -24, -5] [-8, 12, 25, 0] [-14, 12, -44, -11] [34, 19, -14, 27] [42, -25, -47, 14] [-12, 7, 9, -5]
Food (up, right, down, left):
[17, 20, 7, 7] [-13, 13, 4, -28] [35, -17, 9, 22] [-17, -17, 33, 24] [-11, 10, 32, -14] [-4, -20, -11, -28] [-31, 19, -5, -8]
[-65, -9, -32, -17] [9, 0, -18, -14] [-3, 11, 20, 34] [-5, 20, -34, 20] [41, 14, -8, -36] [35, -3, -30, 17] [16, 4, 30, 13]
[-14, 3, 28, -34] [10, 10, -4, 34] [-51, -25, -34, 33] [45, -42, 25, 3] [-2, -3, 5, -23] [-1, 11, -47, -30] [28, 30, 6, 24]
[23, 15, 10, 52] [-11, -7, -26, 26] [7, -5, -39, -20] [0, 0, 0, 0] [-20, 62, -32, -9] [-20, -18, -21, -6] [-18, 36, -26, 13]
[-8, 1, -8, 16] [3, 17, 5, 14] [15, -7, 37, 10] [-6, -24, 12, -18] [13, -2, 6, -27] [6, 45, 26, 17] [3, -16, 3, -25]
[12, -11, 8, -8] [15, 14, 11, -1] [9, 9, 12, 10] [-28, -29, 35, -34] [-37, -26, -3, -43] [-13, 31, -5, 26] [0, 29, -8, 24]
[3, 5, -26, -27] [22, 4, 6, -54] [11, 17, 2, -29] [-3, 20, 42, -42] [48, 33, -4, -9] [10, 30, 14, -4] [22, -19, 26, -19]
------------------------------
ALIVE
Head: (12 18)
Body: (12 18) (11 18) (11 17) (11 16) (12 16) (13 16) (14 16) (14 15) (14 14) (14 13) (13 13) (12 13) (12 12) 
Length: 13, 4
Vision: 3
Hungry, suplies: 2/10
Reproductive: 16, mutating: 0.25
Generation: 39515
####################################
Wall (up, right, down, left):
[12, -8, -4, -16] [4, 1, 1, 4] [-14, 11, 6, -8] [17, 2, 28, 12] [-25, 5, 29, -8] [4, -7, -3, -2] [-15, -10, -22, -15]
[-31, -15, 26, -12] [0, 25, -5, -3] [-19, 7, -4, 1] [-23, 12, 10, 5] [25, 7, 12, -2] [-25, -35, 18, 10] [-12, 6, 0, 11]
[-7, 0, 36, 3] [1, 23, -17, -4] [-18, -3, 48, -12] [-73, 23, 48, 23] [-41, -34, -24, 30] [-19, -24, -6, 15] [-27, -8, -9, -24]
[3, 44, -5, -39] [16, 8, 14, -23] [-3, 38, 3, -95] [0, 0, 0, 0] [43, -88, 39, 8] [17, 4, -2, 18] [7, 3, 7, -6]
[-13, -22, -13, 6] [15, 0, -10, 2] [0, -2, -38, -43] [41, 11, -80, 9] [11, -12, -26, 34] [-4, 18, 5, 5] [-33, -73, -15, 23]
[11, 15, 12, 0] [-10, -3, -9, -8] [26, -3, 18, -17] [-10, 8, -28, 6] [14, 3, -24, -6] [27, -9, -28, 8] [32, 0, 20, 19]
[-6, -6, 4, -17] [-7, -3, -24, -5] [-8, 12, 25, 0] [-14, 7, -44, -11] [34, 19, -14, 27] [42, -25, -47, 14] [-12, 10, 9, -6]
Food (up, right, down, left):
[17, 20, 7, 7] [-13, 13, 4, -28] [35, -17, 9, 22] [-17, -17, 33, 24] [-11, 12, 32, -14] [-4, -20, -11, -28] [-31, 19, -5, -8]
[-65, -9, -29, -17] [9, 0, -18, -14] [-3, 11, 20, 34] [-5, 20, -34, 20] [42, 14, -8, -36] [34, -3, -30, 17] [16, 4, 30, 9]
[-14, 3, 28, -34] [10, 10, -4, 34] [-51, -25, -34, 33] [45, -42, 25, 6] [-2, -3, 5, -23] [-1, 11, -47, -30] [28, 30, 6, 24]
[23, 15, 10, 52] [-11, -7, -26, 26] [7, -5, -39, -20] [0, 0, 0, 0] [-20, 62, -32, -9] [-20, -18, -21, -6] [-18, 38, -26, 13]
[-8, 1, -3, 16] [3, 17, 5, 14] [15, -7, 37, 10] [-6, -24, 12, -18] [13, -5, 6, -19] [6, 45, 26, 17] [5, -16, 3, -25]
[12, -11, 8, -8] [15, 14, 11, -1] [12, 9, 12, 10] [-28, -29, 35, -37] [-39, -26, -3, -43] [-13, 31, -5, 26] [3, 29, -8, 24]
[3, 5, -26, -27] [22, 4, 6, -57] [11, 17, 2, -29] [1, 20, 42, -42] [48, 33, -4, -9] [10, 30, 14, -4] [25, -22, 26, -19]
------------------------------
ALIVE
Head: (10 17)
Body: (10 17) (10 16) (10 15) (9 15) (9 16) (8 16) (8 15) (7 15) (6 15) (6 14) (5 14) (4 14) (3 14) 
Length: 13, 4
Vision: 3
Hungry, suplies: 9/10
Reproductive: 16, mutating: 0.25
Generation: 39517
####################################
Wall (up, right, down, left):
[12, -8, -4, -16] [4, 1, 1, 4] [-14, 11, 6, -8] [17, 2, 28, 12] [-27, 5, 29, -8] [4, -7, -3, -2] [-12, -10, -22, -15]
[-31, -15, 26, -12] [0, 25, -5, -3] [-19, 7, -4, 1] [-23, 12, 10, 5] [25, 7, 12, -2] [-25, -35, 14, 10] [-12, 6, -5, 11]
[-7, 0, 36, 3] [1, 23, -17, -4] [-18, -3, 48, -12] [-77, 23, 48, 23] [-41, -34, -24, 30] [-19, -24, -6, 15] [-27, -8, -9, -22]
[3, 44, -5, -39] [16, 8, 14, -23] [-3, 38, 3, -95] [0, 0, 0, 0] [43, -88, 39, 8] [17, 4, -2, 18] [7, 3, 8, -6]
[-13, -22, -13, 9] [15, 0, -10, 2] [0, -2, -38, -43] [41, 11, -80, 9] [11, -11, -24, 34] [-4, 18, 3, 5] [-37, -73, -15, 23]
[11, 15, 12, 0] [-10, -3, -9, -8] [26, -3, 18, -17] [-6, 8, -28, 6] [16, 3, -24, -6] [27, -9, -28, 8] [33, 0, 20, 19]
[-6, -6, 4, -17] [-7, -7, -24, -5] [-8, 12, 25, 0] [-14, 7, -44, -11] [34, 19, -14, 27] [42, -25, -47, 19] [-12, 7, 9, -5]
Food (up, right, down, left):
[17, 20, 7, 7] [-13, 13, 4, -28] [35, -17, 9, 22] [-17, -17, 33, 24] [-11, 10, 32, -14] [-4, -20, -11, -28] [-31, 19, -5, -8]
[-65, -9, -29, -17] [9, 0, -18, -14] [-3, 11, 20, 34] [-5, 20, -34, 20] [42, 14, -8, -36] [35, -3, -30, 17] [16, 4, 30, 13]
[-14, 3, 28, -34] [10, 10, -4, 34] [-51, -25, -34, 33] [45, -42, 25, 3] [-2, -3, 5, -23] [-1, 11, -47, -30] [28, 30, 6, 24]
[23, 15, 10, 52] [-11, -7, -26, 26] [7, -5, -39, -20] [0, 0, 0, 0] [-20, 62, -32, -9] [-20, -18, -21, -6] [-18, 36, -26, 13]
[-8, 1, -8, 16] [3, 17, 5, 14] [15, -7, 37, 10] [-6, -24, 12, -18] [13, -2, 6, -27] [6, 45, 26, 17] [3, -16, 3, -25]
[12, -11, 8, -8] [15, 14, 11, -1] [9, 9, 12, 10] [-28, -29, 35, -34] [-37, -26, -3, -43] [-13, 31, -5, 26] [0, 29, -8, 24]
[3, 5, -26, -27] [22, 4, 6, -54] [11, 17, 2, -29] [1, 20, 42, -42] [48, 33, -4, -9] [10, 30, 14, -4] [22, -19, 26, -19]
------------------------------
ALIVE
Head: (6 11)
Body: (6 11) (6 10) (5 10) (4 10) (3 10) (2 10) (1 10) (1 9) (0 9) (0 8) (25 7) (24 7) (23 7) (23 6) (22 6) 
Length: 15, 4
Vision: 3
Hungry, suplies: 7/10
Reproductive: 16, mutating: 0.25
Generation: 39518
####################################
Wall (up, right, down, left):
[12, -8, -4, -16] [4, 1, 1, 4] [-14, 11, 6, -8] [17, 2, 28, 12] [-25, 5, 29, -8] [4, -7, -3, -2] [-15, -10, -22, -15]
[-31, -15, 26, -12] [0, 25, -5, -3] [-19, 7, -4, 1] [-23, 12, 10, 5] [25, 7, 12, -2] [-25, -35, 18, 10] [-12, 6, 0, 11]
[-7, 0, 36, 3] [1, 23, -17, -4] [-18, -3, 48, -12] [-73, 23, 48, 23] [-41, -34, -24, 30] [-19, -24, -6, 15] [-27, -8, -9, -24]
[3, 44, -5, -39] [16, 8, 14, -23] [-3, 38, 3, -95] [0, 0, 0, 0] [43, -88, 39, 8] [17, 4, -2, 18] [7, 3, 7, -6]
[-13, -22, -13, 6] [15, 0, -10, 2] [0, -2, -38, -43] [41, 11, -80, 9] [11, -12, -26, 34] [-4, 18, 5, 5] [-33, -73, -15, 23]
[11, 15, 12, 0] [-10, -3, -9, -8] [26, -3, 18, -17] [-10, 8, -28, 6] [14, 3, -24, -6] [27, -9, -28, 8] [32, 0, 20, 19]
[-6, -6, 4, -17] [-7, -3, -24, -5] [-8, 12, 25, 0] [-14, 7, -44, -11] [34, 19, -14, 27] [42, -25, -47, 14] [-12, 10, 9, -6]
Food (up, right, down, left):
[17, 20, 7, 7] [-13, 13, 4, -28] [35, -17, 9, 22] [-17, -17, 33, 24] [-11, 12, 32, -14] [-4, -20, -11, -28] [-31, 19, -5, -8]
[-65, -9, -29, -17] [9, 0, -18, -14] [-3, 11, 20, 34] [-5, 20, -34, 20] [42, 14, -8, -36] [34, -3, -30, 17] [16, 4, 30, 9]
[-14, 3, 28, -34] [10, 10, -4, 34] [-51, -25, -34, 33] [45, -42, 25, 6] [-2, -3, 5, -23] [-1, 11, -47, -30] [28, 30, 6, 24]
[23, 15, 10, 52] [-11, -7, -26, 26] [7, -5, -39, -20] [0, 0, 0, 0] [-20, 62, -32, -9] [-20, -18, -21, -6] [-18, 38, -26, 13]
[-8, 1, -3, 16] [3, 17, 5, 14] [15, -7, 37, 10] [-6, -24, 12, -18] [13, -5, 6, -19] [6, 45, 26, 17] [5, -16, 3, -25]
[12, -11, 8, -8] [15, 14, 11, -1] [12, 9, 12, 10] [-28, -29, 35, -37] [-39, -26, -3, -43] [-13, 31, -5, 26] [3, 29, -8, 24]
[3, 5, -26, -27] [22, 4, 6, -57] [11, 17, 2, -29] [1, 20, 42, -42] [48, 33, -4, -9] [10, 30, 14, -4] [25, -22, 26, -19]
------------------------------
ALIVE
Head: (8 20)
Body: (8 20) (7 20) (7 19) (8 19) (8 18) (8 17) (7 17) (6 17) (5 17) (4 17) 
Length: 10, 4
Vision: 3
Hungry, suplies: 6/10
Reproductive: 16, mutating: 0.25
Generation: 39519
####################################
Wall (up, right, down, left):
[12, -8, -4, -16] [4, 1, 1, 4] [-14, 11, 6, -8] [17, 2, 28, 12] [-27, 5, 29, -8] [4, -7, -3, -2] [-12, -10, -22, -15]
[-31, -15, 22, -12] [0, 25, -5, -3] [-19, 7, -4, 1] [-23, 12, 10, 5] [25, 7, 12, -2] [-25, -35, 14, 10] [-12, 6, -5, 11]
[-7, 0, 36, 3] [1, 23, -17, -4] [-18, -3, 48, -12] [-77, 23, 48, 23] [-41, -34, -24, 30] [-19, -24, -6, 15] [-27, -8, -9, -22]
[3, 44, -5, -39] [16, 8, 14, -23] [-3, 38, 3, -95] [0, 0, 0, 0] [43, -88, 39, 8] [17, 4, -2, 18] [7, 3, 8, -6]
[-13, -22, -13, 9] [15, 0, -10, 2] [0, -2, -38, -43] [41, 11, -80, 9] [11, -11, -24, 34] [-4, 18, 3, 5] [-37, -73, -15, 23]
[11, 15, 12, 0] [-10, -3, -9, -8] [26, -3, 18, -17] [-6, 8, -28, 6] [16, 3, -24, -6] [27, -9, -28, 8] [33, 0, 20, 19]
[-6, -6, 4, -17] [-7, -7, -24, -5] [-8, 12, 25, 0] [-14, 7, -44, -11] [34, 19, -14, 27] [42, -25, -47, 14] [-12, 7, 9, -5]
Food (up, right, down, left):
[17, 20, 7, 7] [-13, 13, 4, -28] [35, -17, 9, 22] [-17, -17, 33, 24] [-11, 10, 32, -14] [-4, -20, -11, -28] [-31, 19, -5, -8]
[-65, -9, -27, -17] [9, 0, -18, -14] [-3, 11, 20, 34] [-5, 20, -34, 20] [42, 14, -8, -36] [35, -3, -30, 17] [16, 4, 30, 13]
[-14, 3, 28, -34] [10, 10, -4, 34] [-51, -25, -34, 33] [45, -42, 25, 3] [-2, -3, 5, -23] [-1, 11, -47, -30] [28, 30, 6, 24]
[23, 15, 10, 52] [-11, -7, -26, 26] [7, -5, -39, -20] [0, 0, 0, 0] [-20, 62, -32, -9] [-20, -18, -21, -6] [-18, 36, -26, 13]
[-8, 1, -8, 16] [3, 17, 5, 14] [15, -7, 37, 10] [-6, -24, 12, -18] [13, -2, 6, -27] [6, 45, 26, 17] [3, -16, 3, -25]
[12, -11, 8, -8] [15, 14, 11, -1] [9, 9, 12, 10] [-28, -29, 35, -34] [-37, -26, -3, -43] [-13, 31, -5, 26] [0, 29, -8, 24]
[3, 5, -26, -27] [22, 4, 6, -54] [11, 17, 2, -29] [1, 20, 42, -42] [48, 33, -4, -9] [10, 30, 14, -4] [22, -19, 26, -19]
------------------------------
ALIVE
Head: (12 51)
Body: (12 51) (12 50) (12 49) (12 48) (13 48) (13 49) (14 49) (15 49) (16 49) (16 50) (16 51) (17 51) (17 52) (17 53) 
Length: 14, 4
Vision: 3
Hungry, suplies: 9/10
Reproductive: 16, mutating: 0.25
Generation: 39519
####################################
Wall (up, right, down, left):
[12, -8, -4, -16] [4, 1, 1, 4] [-14, 11, 6, -8] [17, 2, 28, 12] [-27, 5, 29, -8] [4, -7, -3, -2] [-12, -10, -22, -15]
[-31, -15, 26, -12] [0, 25, -5, -3] [-19, 7, -4, 1] [-23, 12, 10, 5] [25, 7, 12, -2] [-25, -35, 14, 10] [-12, 6, -5, 11]
[-7, 0, 36, 3] [1, 23, -17, 1] [-18, -3, 48, -12] [-77, 23, 48, 23] [-41, -34, -24, 30] [-19, -24, -6, 15] [-27, -8, -9, -22]
[3, 44, -5, -39] [16, 8, 14, -23] [-3, 38, 3, -93] [0, 0, 0, 0] [43, -88, 39, 8] [17, 4, -2, 18] [7, 3, 8, -6]
[-13, -22, -9, 9] [15, 0, -10, 2] [0, -2, -38, -43] [41, 11, -80, 9] [11, -11, -24, 34] [-4, 18, 3, 5] [-37, -73, -15, 23]
[11, 15, 12, 0] [-10, -3, -9, -8] [26, -3, 18, -17] [-6, 8, -28, 6] [16, 3, -24, -6] [27, -9, -28, 8] [33, 0, 20, 19]
[-6, -6, 4, -17] [-7, -7, -24, -5] [-8, 12, 25, 0] [-14, 7, -44, -11] [34, 19, -14, 27] [42, -25, -47, 14] [-12, 7, 9, -5]
Food (up, right, down, left):
[17, 20, 7, 7] [-13, 13, 4, -28] [35, -17, 9, 22] [-17, -17, 33, 24] [-11, 10, 32, -14] [-4, -20, -11, -28] [-31, 19, -5, -8]
[-65, -9, -29, -17] [9, 0, -18, -14] [-3, 11, 20, 34] [-5, 20, -34, 20] [42, 14, -8, -36] [35, -3, -30, 17] [16, 4, 30, 13]
[-14, 3, 28, -34] [8, 10, -4, 34] [-51, -25, -34, 33] [45, -42, 25, 3] [-2, -3, 5, -23] [-1, 11, -47, -30] [28, 30, 6, 24]
[23, 15, 10, 52] [-11, -7, -26, 26] [8, -5, -39, -20] [0, 0, 0, 0] [-20, 62, -32, -9] [-20, -18, -21, -6] [-18, 36, -26, 13]
[-8, 1, -8, 18] [3, 17, 5, 14] [15, -7, 37, 10] [-6, -24, 12, -18] [13, -2, 6, -27] [6, 45, 26, 17] [3, -16, 3, -25]
[12, -11, 8, -8] [15, 14, 11, -1] [9, 9, 12, 10] [-28, -29, 35, -34] [-37, -26, -3, -43] [-13, 31, -5, 26] [0, 29, -8, 24]
[3, 5, -26, -27] [22, 4, 6, -54] [11, 17, 2, -29] [1, 20, 42, -42] [48, 33, -4, -9] [10, 30, 14, -4] [22, -19, 26, -19]
------------------------------
ALIVE
Head: (20 50)
Body: (20 50) (19 50) (19 49) (20 49) (21 49) (21 48) (21 47) (21 46) (21 45) 
Length: 9, 4
Vision: 3
Hungry, suplies: 7/10
Reproductive: 16, mutating: 0.25
Generation: 39520
####################################
Wall (up, right, down, left):
[12, -8, -4, -16] [4, 1, 1, 4] [-14, 11, 6, -8] [17, 2, 28, 12] [-27, 5, 29, -8] [4, -7, -3, -2] [-12, -10, -22, -15]
[-31, -15, 26, -12] [0, 25, -5, -3] [-19, 7, -4, 1] [-23, 12, 10, 5] [25, 7, 12, -2] [-25, -35, 14, 10] [-12, 6, -5, 11]
[-7, 0, 36, 3] [1, 23, -17, -4] [-18, -3, 48, -12] [-77, 23, 48, 23] [-41, -34, -24, 30] [-19, -24, -6, 15] [-27, -8, -9, -22]
[3, 44, -5, -39] [16, 8, 14, -23] [-3, 38, 3, -93] [0, 0, 0, 0] [43, -88, 39, 8] [17, 4, -2, 18] [7, 3, 8, -6]
[-13, -22, -13, 9] [15, 0, -10, 2] [0, -2, -38, -43] [41, 11, -80, 9] [11, -11, -24, 34] [-4, 18, 3, 5] [-37, -73, -15, 23]
[11, 15, 12, 0] [-10, -3, -9, -8] [26, -3, 18, -17] [-6, 8, -28, 6] [16, 3, -24, -6] [27, -9, -28, 8] [33, 0, 20, 19]
[-6, -6, 4, -17] [-7, -5, -24, -5] [-8, 12, 25, 0] [-14, 7, -44, -11] [34, 19, -14, 27] [42, -25, -47, 14] [-12, 7, 9, -5]
Food (up, right, down, left):
[17, 20, 7, 7] [-13, 13, 4, -28] [35, -17, 9, 22] [-17, -17, 33, 24] [-11, 10, 32, -14] [-4, -20, -11, -28] [-31, 19, -5, -8]
[-65, -9, -29, -17] [9, 0, -18, -14] [-3, 11, 20, 34] [-5, 20, -34, 20] [42, 14, -8, -36] [35, -3, -30, 17] [16, 4, 30, 13]
[-14, 3, 28, -34] [10, 10, -4, 34] [-51, -25, -34, 33] [45, -42, 25, 3] [-2, -3, 5, -23] [-1, 11, -47, -30] [28, 30, 6, 24]
[23, 15, 10, 52] [-11, -7, -26, 26] [8, -5, -39, -20] [0, 0, 0, 0] [-20, 62, -32, -9] [-20, -18, -21, -6] [-18, 36, -26, 13]
[-8, 1, -8, 16] [3, 17, 5, 14] [15, -7, 37, 10] [-6, -24, 12, -18] [13, -2, 6, -27] [6, 45, 26, 17] [3, -16, 3, -25]
[12, -11, 8, -8] [15, 14, 11, -1] [9, 9, 12, 10] [-28, -29, 35, -34] [-37, -26, -3, -43] [-13, 31, -5, 26] [0, 29, -8, 24]
[3, 5, -26, -27] [22, 4, 6, -54] [11, 17, 2, -29] [1, 20, 42, -42] [48, 33, -4, -9] [10, 30, 14, -4] [22, -19, 26, -19]
------------------------------
ALIVE
Head: (2 42)
Body: (2 42) (1 42) (1 41) (1 40) (1 39) (25 39) (24 39) (24 38) (23 38) (22 38) (22 37) (21 37) 
Length: 12, 4
Vision: 3
Hungry, suplies: 10/10
Reproductive: 16, mutating: 0.25
Generation: 39518
####################################
Wall (up, right, down, left):
[12, -8, -4, -16] [4, 1, 1, 4] [-14, 11, 6, -8] [17, 2, 28, 12] [-27, 5, 29, -8] [4, -7, -3, -2] [-12, -10, -22, -15]
[-31, -15, 26, -12] [0, 25, -5, -3] [-19, 2, -4, 1] [-23, 12, 10, 5] [25, 7, 12, -2] [-25, -35, 14, 10] [-12, 6, -5, 11]
[-7, 0, 36, 3] [1, 23, -17, -4] [-18, -3, 48, -12] [-77, 23, 48, 23] [-41, -34, -24, 30] [-19, -24, -6, 15] [-27, -8, -9, -22]
[3, 44, -5, -39] [16, 8, 14, -23] [-3, 38, 3, -93] [0, 0, 0, 0] [43, -88, 39, 8] [17, 4, -2, 18] [7, 3, 8, -6]
[-13, -22, -9, 9] [15, 0, -10, 2] [0, -2, -38, -43] [41, 11, -80, 9] [11, -11, -24, 34] [-4, 18, 3, 5] [-37, -73, -15, 23]
[11, 15, 12, 0] [-10, -3, -9, -8] [26, -3, 18, -17] [-6, 8, -28, 6] [16, 3, -24, -6] [27, -9, -28, 8] [33, 0, 20, 19]
[-6, -6, 4, -17] [-7, -7, -24, -5] [-8, 12, 25, 0] [-14, 7, -44, -11] [34, 19, -14, 27] [42, -25, -47, 14] [-12, 7, 9, -5]
Food (up, right, down, left):
[17, 20, 7, 7] [-13, 13, 4, -28] [35, -17, 9, 22] [-17, -17, 33, 24] [-11, 10, 32, -14] [-4, -20, -11, -28] [-31, 19, -5, -8]
[-65, -9, -29, -17] [9, 0, -18, -14] [-3, 11, 24, 34] [-5, 20, -34, 20] [42, 14, -8, -36] [35, -3, -30, 17] [16, 4, 30, 13]
[-14, 3, 28, -34] [10, 10, -4, 34] [-51, -25, -34, 33] [45, -42, 25, 3] [-2, -3, 5, -23] [-1, 11, -47, -30] [28, 30, 6, 24]
[23, 15, 10, 52] [-11, -7, -26, 26] [8, -5, -39, -20] [0, 0, 0, 0] [-20, 62, -32, -9] [-20, -18, -21, -6] [-18, 36, -26, 13]
[-8, 1, -8, 18] [3, 17, 5, 14] [15, -7, 37, 10] [-6, -24, 12, -18] [13, -2, 6, -27] [6, 45, 26, 17] [3, -16, 3, -25]
[12, -11, 8, -8] [15, 14, 11, -1] [9, 9, 12, 10] [-28, -29, 35, -34] [-37, -26, -3, -43] [-13, 31, -5, 26] [0, 29, -8, 24]
[3, 5, -26, -27] [22, 4, 6, -54] [11, 17, 2, -29] [1, 20, 42, -42] [48, 33, -4, -9] [10, 30, 14, -4] [22, -19, 26, -19]
------------------------------
ALIVE
Head: (9 42)
Body: (9 42) (9 41) (8 41) (7 41) (7 40) (7 39) (8 39) (9 39) (9 40) (10 40) 
Length: 10, 4
Vision: 3
Hungry, suplies: 10/10
Reproductive: 16, mutating: 0.25
Generation: 39520
####################################
