Wall (up, right, down, left):
[1, -1, -12, -5] [8, -4, 1, 14] [-5, 2, 18, 7] [3, 18, 6, 9] [9, 1, 3, -7] [-11, -9, -2, -9] [3, -4, 4, -8]
[3, 10, -7, -3] [9, 22, 6, 5] [0, 3, -3, 12] [-14, -6, 7, 12] [10, -9, 11, 7] [-13, 12, 14, 0] [-4, -15, 8, 2]
[2, 8, 7, -16] [1, 10, -7, 16] [5, 3, 8, -11] [-31, 11, 32, 9] [-27, -15, -20, 10] [6, -22, 1, 9] [-7, -4, -3, 7]
[-5, -10, 4, -18] [6, 8, -1, -2] [-6, 12, -1, -57] [0, 0, 0, 0] [8, -47, 14, 10] [9, -18, 2, 22] [-2, -14, -4, -7]
[-5, -6, -13, -5] [4, 11, -4, 8] [-9, 9, -18, -4] [12, -5, -33, -10] [9, -8, -3, 21] [1, 12, -10, 9] [-7, -12, 9, -2]
[-6, 18, -2, -10] [-3, -8, -14, -19] [-1, -7, 0, -2] [-1, -1, 8, -4] [9, 5, -6, 4] [11, 7, -9, -5] [15, -2, -1, 7]
[1, -8, -22, -1] [-3, -8, -3, -12] [-13, -1, -3, -1] [1, 16, -5, -3] [11, -2, -1, 10] [2, 6, -18, -2] [-2, 2, 10, -1]
Food (up, right, down, left):
[19, 4, -5, 15] [-1, 8, 1, -9] [-1, -4, -13, 4] [3, -4, 2, -1] [-5, 9, 2, 19] [9, -20, 6, -5] [-12, 1, 5, -12]
[-17, -11, -10, -4] [-10, 6, -4, -2] [18, 13, -6, 10] [-11, 11, -16, 12] [7, 3, 7, -15] [10, -17, 7, 17] [-8, -8, -1, 1]
[-4, 11, -6, 6] [4, 1, 11, -14] [2, -37, -7, 10] [17, -14, 10, -15] [-6, -2, -7, -1] [7, 1, -4, -12] [7, -1, 14, 17]
[-2, -9, 5, 15] [-16, -8, -26, 11] [-4, 17, -21, -1] [0, 0, 0, 0] [-14, 29, 10, -3] [-4, -1, -10, -2] [-7, -4, -22, -1]
[9, 9, -10, 9] [3, -5, 7, 9] [5, -1, -3, 2] [-4, -3, 15, -5] [-2, -18, -4, -6] [-13, 15, 17, -2] [2, -1, -5, -16]
[3, -5, 23, -9] [16, -6, 16, 10] [-5, 12, 7, 15] [3, -19, -4, -11] [-3, -8, 0, -7] [-7, 2, -9, 9] [1, 23, -16, 10]
[-5, -15, -9, -5] [1, 3, 0, -9] [3, -1, 1, -5] [-7, -2, 12, -29] [20, 17, -11, -1] [14, 18, 17, 1] [-22, -8, 9, -15]
------------------------------
ALIVE
Head: (23 29)
Body: (23 29) (22 29) (22 28) (22 27) (22 26) (22 25) (22 24) (22 23) (23 23) (23 22) (23 21) (22 21) (21 21) 
Length: 13, 4
Vision: 3
Hungry, suplies: 9/10
Reproductive: 16, mutating: 0.25
Generation: 10531
####################################
Wall (up, right, down, left):
[1, -1, -12, -5] [8, -4, 1, 14] [-5, 2, 18, 7] [3, 18, 6, 9] [9, 1, 3, -7] [-11, -9, -2, -9] [3, -4, 4, -8]
[3, 10, -7, -3] [9, 22, 6, 5] [0, 3, -3, 12] [-14, -6, 7, 12] [10, -9, 11, 7] [-13, 12, 14, 0] [-4, -15, 8, 2]
[2, 8, 7, -16] [1, 10, -7, 16] [5, 3, 8, -11] [-31, 11, 32, 9] [-27, -15, -20, 10] [6, -22, 1, 9] [-7, -4, -3, 7]
[-5, -10, 4, -18] [6, 8, 2, -2] [-6, 12, -1, -57] [0, 0, 0, 0] [8, -47, 12, 10] [9, -18, 2, 22] [-2, -14, -4, -7]
[-5, -6, -13, -5] [4, 11, -4, 8] [-9, 7, -18, -4] [12, -5, -33, -10] [9, -8, -3, 21] [1, 12, -10, 9] [-9, -12, 9, 3]
[-6, 18, -2, -10] [-3, -8, -14, -19] [-1, -7, 0, -2] [-1, -1, 8, -4] [9, 5, -6, 4] [6, 7, -9, -5] [15, -2, -1, 7]
[1, -8, -22, -1] [-3, -8, -3, -12] [-13, -1, -3, -1] [1, 16, -5, -3] [11, -2, -1, 10] [2, 6, -18, -2] [-2, 2, 10, -1]
Food (up, right, down, left):
[19, 4, -5, 15] [-1, 8, 1, -9] [-1, -4, -13, 4] [3, -4, 2, -1] [-5, 9, 2, 19] [9, -20, 6, -5] [-12, 1, 5, -12]
[-17, -11, -10, -4] [-10, 6, -4, -2] [18, 13, -6, 10] [-11, 11, -16, 12] [7, 3, 7, -15] [10, -17, 7, 17] [-8, -8, -1, 1]
[-4, 11, -6, 6] [4, 1, 11, -14] [2, -37, -7, 10] [17, -14, 10, -15] [-6, -2, -7, -1] [7, 1, -4, -12] [7, -1, 14, 17]
[-2, -9, 5, 15] [-16, -8, -23, 11] [-4, 17, -21, -1] [0, 0, 0, 0] [-14, 29, 7, -3] [-4, -1, -10, -2] [-7, -4, -22, -1]
[9, 9, -10, 9] [3, -5, 7, 9] [7, -1, -3, 2] [-4, -3, 15, -5] [-2, -18, -4, -6] [-13, 15, 17, -2] [-2, 2, -5, -16]
[3, -5, 23, -9] [16, -6, 16, 10] [-5, 12, 7, 15] [3, -19, -4, -11] [-3, -8, 0, -7] [-7, 2, -9, 9] [1, 23, -16, 10]
[-5, -15, -9, -5] [1, 3, 0, -9] [3, -1, 6, -5] [-7, -2, 12, -29] [20, 17, -11, -1] [14, 18, 17, 1] [-22, -8, 9, -15]
------------------------------
ALIVE
Head: (0 49)
Body: (0 49) (1 49) (2 49) (3 49) (3 48) (3 47) (4 47) (5 47) (5 46) (6 46) (6 45) 
Length: 11, 4
Vision: 3
Hungry, suplies: 7/10
Reproductive: 16, mutating: 0.25
Generation: 10532
####################################
Wall (up, right, down, left):
[1, -1, -12, -5] [8, -4, 1, 14] [-5, 2, 18, 7] [3, 18, 6, 9] [9, 1, 3, -7] [-11, -9, -2, -9] [3, -4, 4, -8]
[3, 10, -7, -3] [9, 22, 6, 5] [0, 3, -3, 12] [-14, -6, 7, 12] [10, -9, 11, 7] [-13, 12, 14, 0] [-4, -15, 8, 2]
[2, 8, 7, -16] [1, 10, -7, 16] [5, 3, 8, -11] [-31, 11, 32, 9] [-27, -15, -20, 10] [6, -22, 1, 9] [-7, -4, -3, 7]
[-5, -10, 4, -18] [6, 8, -1, -2] [-6, 12, -1, -57] [0, 0, 0, 0] [8, -47, 14, 10] [9, -18, 2, 22] [-2, -14, -4, -7]
[-5, -6, -13, -5] [4, 11, -4, 8] [-9, 9, -18, -4] [12, -5, -33, -10] [9, -8, -3, 21] [1, 12, -10, 9] [-7, -12, 9, -2]
[-6, 18, -2, -10] [-3, -8, -14, -19] [-1, -7, 0, -2] [-1, -1, 8, -4] [9, 5, -6, 4] [11, 7, -9, -5] [15, -2, -1, 7]
[1, -8, -22, -1] [-3, -8, -3, -12] [-13, -1, -3, -1] [1, 16, -5, -3] [11, -2, -1, 10] [2, 6, -18, -2] [-2, 2, 10, -1]
Food (up, right, down, left):
[19, 4, -5, 15] [-1, 8, 1, -9] [-1, -4, -13, 4] [3, -4, 2, -1] [-5, 9, 2, 19] [9, -20, 6, -5] [-12, 1, 5, -12]
[-17, -11, -10, -4] [-10, 6, -4, -2] [18, 13, -6, 10] [-11, 11, -16, 12] [7, 3, 7, -15] [10, -17, 7, 17] [-8, -8, -1, 1]
[-4, 11, -6, 6] [4, 1, 11, -14] [2, -37, -7, 10] [17, -14, 10, -15] [-6, -2, -7, -1] [7, 1, -4, -12] [7, -1, 14, 17]
[-2, -9, 5, 15] [-16, -8, -26, 11] [-4, 17, -21, -1] [0, 0, 0, 0] [-14, 29, 10, -3] [-4, -1, -10, -2] [-7, -4, -22, -1]
[9, 9, -10, 9] [3, -5, 7, 9] [5, -1, -3, 2] [-4, -3, 15, -5] [-2, -18, -4, -6] [-13, 15, 17, -2] [2, -1, -5, -16]
[3, -5, 23, -9] [16, -6, 16, 10] [-5, 12, 7, 15] [3, -19, -4, -11] [-3, -8, 0, -7] [-7, 2, -9, 9] [1, 23, -16, 10]
[-5, -15, -9, -5] [1, 3, 0, -9] [3, -1, 1, -5] [-7, -2, 12, -29] [20, 17, -11, -1] [14, 18, 17, 1] [-22, -8, 9, -15]
------------------------------
ALIVE
Head: (9 42)
Body: (9 42) (9 43) (9 44) (9 45) (9 46) (9 47) (9 48) 
Length: 7, 4
Vision: 3
Hungry, suplies: 4/10
Reproductive: 16, mutating: 0.25
Generation: 10532
####################################
Wall (up, right, down, left):
[1, -1, -12, -5] [8, -4, 1, 14] [-5, 2, 18, 7] [3, 18, 6, 9] [9, 1, 8, -2] [-11, -9, -2, -9] [3, -4, 4, -11]
[3, 10, -7, -3] [9, 22, -1, 5] [-1, 3, -4, 12] [-10, -6, 7, 12] [10, -9, 11, 7] [-13, 12, 14, 0] [-4, -15, 8, 2]
[2, 8, 7, -16] [1, 10, -7, 16] [5, 3, 8, -11] [-27, 6, 32, 8] [-27, -15, -20, 10] [6, -22, 1, 9] [-7, -4, -2, 7]
[-5, -10, 4, -18] [6, 8, 2, -2] [-6, 12, -1, -57] [0, 0, 0, 0] [8, -47, 14, 10] [9, -18, 2, 22] [-2, -14, -4, -7]
[-5, -6, -13, -5] [4, 11, -4, 8] [-9, 9, -18, -4] [12, -5, -33, -10] [6, -8, -3, 21] [1, 12, -10, 9] [-9, -12, 9, -2]
[-6, 18, -2, -10] [-3, -8, -14, -19] [-1, -7, 0, -2] [-1, -1, 8, -4] [9, 5, -11, 4] [11, 7, -9, -9] [15, -2, -1, 7]
[1, -8, -22, -1] [-3, -8, -8, -7] [-13, -1, -3, -1] [1, 16, -5, -3] [11, -2, -1, 10] [3, 6, -18, -2] [-2, 2, 10, -1]
Food (up, right, down, left):
[19, 4, -5, 15] [-1, 8, 1, -9] [-1, -4, -13, 4] [3, -4, 2, -1] [-5, 9, 6, 17] [9, -20, 6, -5] [-12, 1, 5, -7]
[-17, -11, -10, -4] [-10, 6, -9, -6] [18, 15, -6, 9] [-11, 11, -19, 12] [7, 3, 7, -15] [10, -17, 7, 17] [-8, -8, -1, 1]
[-4, 11, -6, 6] [4, 1, 11, -14] [2, -37, -7, 10] [17, -15, 10, -11] [-6, -2, -7, -1] [7, 1, -4, -12] [7, 2, 14, 17]
[-2, -14, 5, 15] [-16, -8, -23, 11] [-4, 17, -21, -1] [0, 0, 0, 0] [-14, 29, 10, -3] [-4, -1, -10, -2] [-7, -4, -22, -1]
[9, 9, -10, 9] [3, -5, 7, 9] [5, -1, -3, 2] [-4, -3, 15, -5] [-2, -14, -4, -6] [-13, 15, 17, -2] [2, 2, -5, -16]
[3, -5, 23, -9] [16, -6, 16, 10] [-5, 12, 7, 15] [3, -19, -4, -11] [-3, -10, 0, -7] [-8, 2, -9, 9] [1, 23, -16, 10]
[-5, -15, -9, -5] [1, 3, 0, 0] [3, -1, 1, -5] [-7, -2, 12, -29] [20, 17, -11, -1] [14, 13, 17, 1] [-22, -8, 9, -15]
------------------------------
ALIVE
Head: (9 3)
Body: (9 3) (9 4) (9 5) (8 5) (7 5) (6 5) (6 6) (5 6) 
Length: 8, 4
Vision: 3
Hungry, suplies: 10/10
Reproductive: 16, mutating: 0.25
Generation: 10554
####################################
Wall (up, right, down, left):
[1, -1, -12, -5] [8, -4, 1, 14] [-5, 2, 18, 7] [3, 18, 6, 9] [9, 1, 3, -7] [-11, -9, -2, -9] [3, -4, 4, -8]
[3, 10, -7, -3] [9, 22, 6, 5] [0, 3, -3, 12] [-14, -6, 7, 12] [10, -9, 11, 7] [-13, 12, 14, 0] [-4, -15, 8, 2]
[2, 8, 7, -16] [1, 10, -7, 16] [5, 3, 8, -11] [-31, 11, 32, 9] [-27, -15, -20, 10] [6, -22, 1, 9] [-7, -4, -3, 7]
[-5, -10, 4, -18] [6, 8, -1, -2] [-6, 12, -1, -57] [0, 0, 0, 0] [8, -47, 14, 10] [9, -18, 2, 22] [-2, -14, -4, -7]
[-5, -6, -13, -5] [4, 11, -4, 8] [-9, 9, -18, -4] [12, -5, -33, -10] [9, -8, -3, 21] [1, 12, -10, 9] [-9, -12, 9, -2]
[-6, 18, -2, -10] [-3, -8, -14, -19] [-1, -7, 0, -2] [-1, -1, 8, -4] [9, 5, -6, 4] [11, 7, -9, -5] [15, -2, -1, 7]
[1, -8, -17, -1] [-3, -8, -3, -12] [-13, -1, -3, -1] [1, 16, -5, -3] [11, -2, -1, 10] [2, 6, -18, -2] [-2, 2, 10, -1]
Food (up, right, down, left):
[19, 4, -5, 15] [-1, 8, 1, -9] [-1, -4, -13, 4] [3, -4, 2, -1] [-5, 9, 2, 19] [9, -20, 6, -5] [-12, 1, 5, -12]
[-17, -11, -10, -4] [-10, 6, -4, -2] [18, 13, -6, 10] [-11, 11, -16, 12] [7, 3, 7, -15] [10, -17, 7, 17] [-8, -8, -1, 1]
[-4, 11, -6, 6] [4, 1, 11, -14] [2, -37, -7, 10] [17, -14, 10, -15] [-6, -2, -7, -1] [7, 1, -4, -12] [7, -1, 14, 17]
[-2, -9, 5, 15] [-16, -8, -26, 11] [-4, 17, -21, -1] [0, 0, 0, 0] [-14, 29, 10, -3] [-4, -1, -10, -2] [-7, -4, -22, -1]
[9, 9, -10, 9] [3, -5, 7, 9] [5, -1, -3, 2] [-4, -3, 15, -5] [-2, -18, -4, -6] [-13, 15, 17, -2] [2, 2, -5, -16]
[3, -5, 23, -9] [16, -6, 16, 10] [-5, 12, 7, 15] [3, -19, -4, -11] [-3, -8, 0, -7] [-7, 2, -9, 9] [1, 23, -16, 10]
[-5, -15, -8, -5] [1, 3, 0, -9] [3, -1, 1, -5] [-7, -2, 12, -29] [20, 17, -11, -1] [14, 18, 17, 1] [-22, -8, 9, -15]
------------------------------
ALIVE
Head: (1 52)
Body: (1 52) (1 51) (1 50) (25 50) (24 50) (24 49) (24 48) (24 47) (24 46) 
Length: 9, 4
Vision: 3
Hungry, suplies: 9/10
Reproductive: 16, mutating: 0.25
Generation: 10533
####################################
Wall (up, right, down, left):
[1, -1, -12, -5] [8, -4, 1, 14] [-5, 2, 18, 7] [3, 18, 6, 9] [9, 1, 3, -7] [-11, -9, -2, -9] [3, -4, 4, -8]
[3, 10, -7, -3] [9, 22, 6, 5] [0, 3, -3, 12] [-14, -6, 7, 12] [10, -9, 11, 7] [-13, 12, 14, 0] [-4, -15, 8, 2]
[2, 8, 7, -16] [1, 10, -7, 16] [5, 3, 8, -11] [-31, 11, 32, 9] [-27, -15, -20, 10] [6, -22, 1, 9] [-7, -4, -3, 7]
[-5, -10, 4, -18] [6, 8, 2, -2] [-6, 12, -1, -57] [0, 0, 0, 0] [8, -47, 12, 10] [9, -18, 2, 22] [-2, -14, -4, -7]
[-5, -6, -13, -5] [4, 11, -4, 8] [-9, 9, -18, -4] [12, -5, -33, -10] [9, -8, -3, 21] [1, 12, -10, 9] [-9, -12, 9, 3]
[-6, 18, -2, -10] [-3, -8, -14, -19] [-1, -7, 0, -2] [-1, -1, 8, -4] [9, 5, -6, 4] [6, 7, -9, -5] [15, -2, -1, 7]
[1, -8, -22, -1] [-3, -8, -3, -12] [-13, -1, -3, -1] [1, 16, -5, -3] [11, -2, -1, 10] [2, 6, -18, -2] [-2, 2, 10, -1]
Food (up, right, down, left):
[19, 4, -5, 15] [-1, 8, 1, -9] [-1, -4, -13, 4] [3, -4, 2, -1] [-5, 9, 2, 19] [9, -20, 6, -5] [-12, 1, 5, -12]
[-17, -11, -10, -4] [-10, 6, -4, -2] [18, 13, -6, 10] [-11, 11, -16, 12] [7, 3, 7, -15] [10, -17, 7, 17] [-8, -8, -1, 1]
[-4, 11, -6, 6] [4, 1, 11, -14] [2, -37, -7, 10] [17, -14, 10, -15] [-6, -2, -7, -1] [7, 1, -4, -12] [7, -1, 14, 17]
[-2, -9, 5, 15] [-16, -8, -23, 11] [-4, 17, -21, -1] [0, 0, 0, 0] [-14, 29, 7, -3] [-4, -1, -10, -2] [-7, -4, -22, -1]
[9, 9, -10, 9] [3, -5, 7, 9] [5, -1, -3, 2] [-4, -3, 15, -5] [-2, -18, -4, -6] [-13, 15, 17, -2] [-2, 2, -5, -16]
[3, -5, 23, -9] [16, -6, 16, 10] [-5, 12, 7, 15] [3, -19, -4, -11] [-3, -8, 0, -7] [-7, 2, -9, 9] [1, 23, -16, 10]
[-5, -15, -9, -5] [1, 3, 0, -9] [3, -1, 6, -5] [-7, -2, 12, -29] [20, 17, -11, -1] [14, 18, 17, 1] [-22, -8, 9, -15]
------------------------------
ALIVE
Head: (10 30)
Body: (10 30) (11 30) (11 29) (10 29) (10 28) (10 27) (10 26) (9 26) (9 25) (10 25) (11 25) (12 25) (13 25) 
Length: 13, 4
Vision: 3
Hungry, suplies: 10/10
Reproductive: 16, mutating: 0.25
Generation: 10533
####################################
Wall (up, right, down, left):
[1, -1, -12, -5] [8, -4, 1, 14] [-5, 2, 18, 7] [3, 18, 6, 9] [9, 1, 3, -7] [-11, -9, -2, -9] [3, -4, 4, -8]
[3, 10, -7, -3] [9, 22, 6, 5] [0, 3, -3, 12] [-14, -6, 7, 12] [10, -9, 11, 7] [-13, 12, 14, 0] [-4, -15, 8, 2]
[2, 8, 7, -16] [1, 10, -7, 16] [5, 3, 8, -11] [-31, 11, 32, 9] [-27, -15, -20, 10] [6, -22, 1, 9] [-7, -4, -3, 7]
[-5, -10, 4, -18] [6, 8, -1, -2] [-6, 12, -1, -57] [0, 0, 0, 0] [8, -47, 14, 10] [9, -18, 2, 22] [-2, -14, -4, -7]
[-5, -6, -13, -5] [4, 11, -4, 8] [-9, 9, -18, -4] [12, -5, -33, -10] [9, -8, -3, 21] [1, 12, -10, 9] [-7, -12, 9, -2]
[-6, 18, -2, -10] [-3, -8, -14, -19] [-1, -7, 0, -2] [-1, -1, 8, -4] [9, 5, -6, 4] [11, 7, -9, -5] [15, -2, -1, 7]
[1, -8, -22, -1] [-3, -8, -3, -12] [-13, -1, -3, -1] [1, 16, -6, -3] [11, -2, -1, 10] [2, 6, -18, -2] [-2, 2, 10, -1]
Food (up, right, down, left):
[19, 4, -5, 15] [-1, 8, 1, -9] [-1, -4, -13, 4] [3, -4, 2, -1] [-5, 9, 2, 19] [9, -20, 6, -5] [-12, 1, 5, -12]
[-17, -11, -10, -4] [-10, 6, -4, -2] [18, 13, -6, 10] [-11, 11, -16, 12] [7, 3, 7, -15] [10, -17, 7, 17] [-8, -8, -1, 1]
[-4, 11, -6, 6] [4, 1, 11, -14] [2, -37, -7, 10] [17, -14, 10, -15] [-6, -2, -7, -1] [7, 1, -4, -12] [7, -1, 14, 17]
[-2, -9, 5, 15] [-16, -8, -26, 11] [-4, 17, -21, -1] [0, 0, 0, 0] [-14, 29, 10, -3] [-4, -1, -10, -2] [-7, -4, -22, -1]
[9, 9, -10, 9] [3, -5, 7, 9] [5, -1, -3, 2] [-4, -3, 15, -5] [-2, -18, -4, -6] [-13, 15, 17, -2] [2, -1, -5, -16]
[3, -5, 23, -9] [16, -6, 16, 10] [-5, 12, 7, 15] [3, -19, -4, -11] [-3, -8, 0, -7] [-7, 2, -9, 9] [1, 23, -16, 10]
[-5, -15, -9, -5] [1, 3, 0, -9] [3, -1, 1, -5] [-5, -2, 12, -29] [20, 17, -11, -1] [14, 18, 17, 1] [-22, -8, 9, -15]
------------------------------
ALIVE
Head: (20 37)
Body: (20 37) (20 36) (20 35) (20 34) (21 34) (21 33) (21 32) (21 31) 
Length: 8, 4
Vision: 3
Hungry, suplies: 5/10
Reproductive: 16, mutating: 0.25
Generation: 10533
####################################
Wall (up, right, down, left):
[1, -1, -12, -5] [8, -4, 1, 14] [-5, 2, 18, 7] [3, 18, 6, 9] [9, 1, 8, -2] [-11, -9, -2, -9] [3, -4, 4, -11]
[3, 10, -7, -3] [9, 22, -1, 5] [-1, 3, -4, 12] [-10, -6, 7, 12] [10, -9, 11, 7] [-13, 12, 14, 0] [-4, -15, 8, 2]
[2, 8, 7, -16] [1, 10, -7, 16] [5, 3, 8, -11] [-27, 6, 32, 8] [-27, -15, -20, 10] [6, -22, 1, 9] [-7, -4, -2, 7]
[-5, -10, 4, -18] [6, 8, 2, -2] [-6, 12, -1, -57] [0, 0, 0, 0] [8, -47, 14, 10] [9, -18, 2, 22] [-2, -14, -4, -7]
[-5, -6, -13, -5] [4, 11, -4, 8] [-9, 9, -18, -4] [12, -5, -33, -10] [6, -8, -3, 21] [1, 12, -10, 9] [-9, -12, 9, -2]
[-6, 18, -2, -10] [-3, -8, -14, -19] [-1, -7, 0, -2] [-1, -1, 8, -4] [9, 5, -11, 4] [11, 7, -9, -9] [15, -2, -1, 7]
[1, -8, -22, -1] [-3, -8, -8, -7] [-13, -1, -3, -1] [1, 16, -5, -3] [11, -2, -1, 10] [3, 6, -18, -2] [-2, 2, 10, -1]
Food (up, right, down, left):
[19, 4, -5, 15] [-1, 8, 1, -9] [-1, -4, -13, 4] [3, -4, 2, -1] [-5, 9, 6, 17] [9, -20, 6, -5] [-12, 1, 5, -7]
[-17, -11, -10, -4] [-10, 6, -9, -6] [18, 15, -6, 9] [-11, 11, -19, 12] [7, 3, 7, -15] [10, -17, 7, 17] [-8, -8, -1, 1]
[-4, 11, -6, 6] [4, 1, 11, -14] [2, -37, -7, 10] [17, -15, 10, -11] [-6, -2, -7, -1] [7, 1, -4, -12] [7, 2, 14, 17]
[-2, -14, 5, 15] [-16, -8, -23, 11] [-4, 17, -21, -1] [0, 0, 0, 0] [-14, 29, 10, -3] [-4, -1, -10, -2] [-7, -4, -22, -1]
[9, 9, -10, 9] [3, -5, 7, 9] [5, -1, -3, 2] [-4, -3, 15, -5] [-2, -14, -4, -6] [-13, 15, 17, -2] [2, 2, -5, -16]
[3, -5, 23, -9] [16, -6, 16, 10] [-5, 12, 7, 15] [3, -19, -4, -11] [-3, -10, 0, -7] [-8, 2, -9, 9] [1, 23, -16, 10]
[-5, -15, -9, -5] [1, 3, 0, 0] [3, -1, 1, -5] [-7, -2, 12, -29] [20, 17, -11, -1] [14, 13, 17, 1] [-22, -8, 9, -15]
------------------------------
ALIVE
Head: (15 16)
Body: (15 16) (15 17) (14 17) (14 18) (13 18) (13 19) (12 19) (12 18) (12 17) (12 16) (12 15) (12 14) (12 13) 
Length: 13, 4
Vision: 3
Hungry, suplies: 3/10
Reproductive: 16, mutating: 0.25
Generation: 10555
####################################
Wall (up, right, down, left):
[1, -1, -12, -5] [8, -4, 1, 14] [-5, 2, 18, 7] [3, 18, 6, 9] [9, 1, 3, -7] [-11, -9, -2, -9] [3, -4, 4, -8]
[3, 10, -7, -3] [9, 22, 6, 5] [0, 3, -3, 12] [-14, -6, 7, 12] [10, -9, 11, 7] [-13, 12, 14, 0] [-4, -15, 8, 2]
[2, 13, 7, -21] [1, 10, -7, 16] [5, 3, 8, -11] [-31, 11, 32, 9] [-27, -15, -20, 10] [6, -22, 1, 9] [-7, -4, -3, 7]
[-6, -10, 4, -18] [6, 8, 2, -2] [-6, 12, -1, -57] [0, 0, 0, 0] [8, -47, 14, 10] [9, -18, 2, 22] [-2, -14, -1, -7]
[-5, -6, -13, -5] [4, 11, -4, 8] [-9, 9, -18, -4] [12, -5, -33, -10] [9, -8, -3, 21] [1, 12, -10, 9] [-9, -12, 9, -2]
[-6, 18, -2, -10] [-3, -8, -14, -19] [-1, -7, 0, -2] [-1, -1, 8, -4] [9, 5, -6, 4] [11, 7, -9, -5] [15, -2, -1, 7]
[1, -8, -22, -1] [-3, -8, -3, -12] [-13, -1, -3, -1] [1, 16, -5, -3] [11, -2, -1, 10] [2, 6, -18, -2] [-2, 2, 10, -1]
Food (up, right, down, left):
[19, 4, -5, 15] [-1, 8, 1, -9] [-1, -4, -13, 4] [3, -4, 2, -1] [-5, 9, 2, 19] [9, -20, 6, -5] [-12, 1, 5, -12]
[-17, -11, -10, -4] [-10, 6, -4, -2] [18, 13, -6, 10] [-11, 11, -16, 12] [7, 3, 7, -15] [10, -17, 7, 17] [-8, -8, -1, 1]
[-9, 15, -6, 6] [4, 1, 11, -14] [2, -37, -7, 10] [17, -14, 10, -15] [-6, -2, -7, -1] [7, 1, -4, -12] [7, -1, 14, 17]
[-3, -9, 5, 15] [-16, -8, -23, 11] [-4, 17, -21, -1] [0, 0, 0, 0] [-14, 29, 10, -3] [-4, -1, -10, -2] [-7, -4, -22, 0]
[9, 9, -10, 9] [3, -5, 7, 9] [5, -1, -3, 2] [-4, -3, 15, -5] [-2, -18, -4, -6] [-13, 15, 17, -2] [2, 2, -5, -16]
[3, -5, 23, -9] [16, -6, 16, 10] [-5, 12, 7, 15] [3, -19, -4, -11] [-3, -8, 0, -7] [-7, 2, -9, 9] [1, 23, -16, 10]
[-5, -15, -9, -5] [1, 3, 0, -9] [3, -1, 1, -5] [-7, -2, 12, -29] [20, 17, -11, -1] [14, 18, 17, 1] [-22, -8, 9, -15]
------------------------------
ALIVE
Head: (3 15)
Body: (3 15) (3 14) (3 13) (4 13) (5 13) (6 13) (6 14) (7 14) (7 13) 
Length: 9, 4
Vision: 3
Hungry, suplies: 2/10
Reproductive: 16, mutating: 0.25
Generation: 10535
####################################
Wall (up, right, down, left):
[1, -1, -12, -5] [8, -4, 1, 14] [-5, 2, 18, 7] [3, 18, 6, 9] [9, 1, 3, -7] [-11, -9, -2, -9] [3, -4, 4, -8]
[3, 10, -7, -3] [9, 22, 6, 5] [0, 3, -3, 12] [-14, -6, 7, 12] [10, -9, 11, 7] [-13, 12, 14, 0] [-4, -15, 8, 2]
[2, 8, 7, -16] [1, 10, -7, 16] [5, 3, 8, -11] [-31, 11, 32, 9] [-27, -15, -20, 10] [6, -22, 1, 9] [-7, -4, -3, 7]
[-5, -10, 4, -18] [6, 8, -1, -2] [-6, 12, -1, -57] [0, 0, 0, 0] [8, -47, 14, 10] [9, -18, 2, 22] [-2, -14, -4, -7]
[-5, -6, -13, -5] [4, 11, -4, 8] [-9, 9, -18, -4] [12, -5, -33, -10] [9, -8, -3, 21] [1, 12, -10, 9] [-7, -12, 9, -2]
[-6, 18, -2, -10] [-3, -8, -14, -19] [-1, -7, 0, -2] [-1, -1, 8, -4] [9, 5, -6, 4] [11, 7, -9, -5] [15, -2, -1, 7]
[1, -8, -22, -1] [-7, -8, -3, -12] [-13, -1, -3, -1] [1, 16, -5, -3] [11, -2, -1, 10] [2, 6, -18, -2] [-2, 2, 10, -1]
Food (up, right, down, left):
[19, 4, -5, 15] [-1, 8, 1, -9] [-1, -4, -13, 4] [3, -4, 2, -1] [-5, 9, 2, 19] [9, -20, 6, -5] [-12, 1, 5, -12]
[-17, -11, -10, -4] [-10, 6, -4, -2] [18, 13, -6, 10] [-11, 11, -16, 12] [7, 3, 7, -15] [10, -17, 7, 17] [-8, -8, -1, 1]
[-4, 11, -6, 6] [4, 1, 11, -14] [2, -37, -7, 10] [17, -14, 10, -15] [-6, -2, -7, -1] [7, 1, -4, -12] [7, -1, 14, 17]
[-2, -9, 5, 15] [-16, -8, -26, 11] [-4, 17, -21, -1] [0, 0, 0, 0] [-14, 29, 10, -3] [-4, -1, -10, -2] [-7, -4, -22, -1]
[9, 9, -10, 9] [3, -5, 7, 9] [5, -1, -3, 2] [-4, -3, 15, -5] [-2, -18, -4, -6] [-13, 15, 17, -2] [2, -1, -5, -16]
[3, -5, 23, -9] [16, -6, 16, 10] [-5, 12, 7, 15] [3, -19, -4, -11] [-3, -8, 0, -7] [-7, 2, -9, 9] [1, 23, -16, 10]
[-5, -15, -9, -5] [-2, 3, 0, -9] [3, -1, 1, -5] [-7, -2, 12, -29] [20, 17, -11, -1] [14, 18, 17, 1] [-22, -8, 9, -15]
------------------------------
ALIVE
Head: (6 33)
Body: (6 33) (7 33) (8 33) (8 32) (8 31) (8 30) (8 29) (8 28) (8 27) (7 27) (6 27) (6 26) (6 25) (6 24) (6 23) 
Length: 15, 4
Vision: 3
Hungry, suplies: 6/10
Reproductive: 16, mutating: 0.25
Generation: 10533
####################################
Wall (up, right, down, left):
[1, -1, -12, -5] [8, -4, 1, 14] [-5, 2, 18, 7] [3, 18, 6, 9] [9, 1, 3, -7] [-11, -9, -2, -9] [3, -4, 4, -8]
[3, 10, -7, -3] [9, 22, 6, 5] [0, 3, -3, 12] [-14, -6, 7, 12] [10, -9, 11, 7] [-13, 12, 14, 0] [-4, -15, 8, 2]
[2, 8, 7, -16] [1, 10, -7, 16] [5, 3, 8, -11] [-31, 11, 32, 9] [-27, -15, -20, 10] [6, -22, 1, 9] [-7, -4, -3, 7]
[-5, -10, 4, -18] [6, 8, 2, -2] [-6, 12, -1, -57] [0, 0, 0, 0] [8, -47, 14, 10] [9, -18, 2, 22] [-2, -14, -4, -7]
[-5, -6, -13, -5] [4, 11, -4, 8] [-9, 9, -18, -4] [12, -5, -33, -10] [9, -8, -3, 21] [1, 12, -10, 9] [-9, -12, 9, -2]
[-6, 18, -2, -10] [-3, -8, -14, -19] [-1, -7, 0, -2] [-1, -1, 8, -4] [9, 5, -6, 4] [11, 7, -9, -5] [15, -2, -1, 7]
[1, -8, -22, -1] [-3, -8, -3, -12] [-13, -1, -3, -1] [1, 16, -5, -3] [11, -2, -1, 10] [2, 6, -18, -2] [-2, 2, 10, -1]
Food (up, right, down, left):
[19, 4, -5, 15] [-1, 8, 1, -9] [-1, -4, -13, 4] [3, -4, 2, -1] [-5, 9, 2, 19] [9, -20, 6, -5] [-12, 1, 5, -12]
[-17, -11, -10, -4] [-10, 6, -4, -2] [18, 13, -6, 10] [-11, 11, -16, 12] [7, 3, 7, -15] [10, -17, 7, 17] [-8, -8, -1, 1]
[-4, 11, -6, 6] [4, 1, 11, -14] [2, -37, -7, 10] [17, -14, 10, -15] [-6, -2, -7, -1] [7, 1, -4, -12] [7, -1, 14, 17]
[-2, -9, 5, 15] [-16, -8, -23, 11] [-4, 17, -21, -1] [0, 0, 0, 0] [-14, 29, 10, -3] [-4, -1, -10, -2] [-7, -4, -22, -1]
[9, 9, -10, 9] [3, -5, 7, 9] [5, -1, -3, 2] [-4, -3, 15, -5] [-2, -18, -4, -6] [-13, 15, 17, -2] [2, 2, -5, -16]
[3, -5, 23, -9] [16, -6, 16, 10] [-5, 12, 7, 15] [3, -19, -4, -11] [-3, -8, 0, -7] [-7, 2, -9, 9] [1, 23, -16, 10]
[-5, -15, -9, -5] [1, 3, 0, -9] [3, -1, 1, -5] [-7, -2, 12, -29] [20, 17, -11, -1] [14, 18, 17, 1] [-22, -8, 9, -15]
------------------------------
ALIVE
Head: (5 30)
Body: (5 30) (4 30) (4 31) (4 32) (4 33) (3 33) (2 33) (1 33) (25 33) 
Length: 9, 4
Vision: 3
Hungry, suplies: 10/10
Reproductive: 16, mutating: 0.25
Generation: 10530
####################################
Wall (up, right, down, left):
[1, -1, -12, -5] [8, -4, 1, 14] [-5, 2, 18, 7] [3, 18, 6, 9] [9, 1, 8, -2] [-11, -9, -2, -9] [3, -4, 4, -11]
[3, 10, -7, -3] [9, 22, -1, 5] [-1, 3, -4, 12] [-10, -6, 7, 12] [10, -9, 11, 7] [-13, 12, 14, 0] [-4, -15, 8, 2]
[2, 8, 7, -16] [1, 10, -7, 16] [5, 3, 8, -11] [-27, 6, 32, 8] [-27, -15, -20, 10] [6, -22, 1, 9] [-7, -4, -2, 7]
[-5, -10, 4, -18] [6, 8, 2, -2] [-6, 12, -1, -57] [0, 0, 0, 0] [8, -47, 14, 10] [9, -18, 2, 22] [-2, -14, -4, -7]
[-5, -6, -13, -5] [4, 11, -4, 8] [-9, 9, -18, -4] [12, -5, -33, -10] [6, -8, -3, 21] [1, 12, -10, 9] [-9, -12, 9, -2]
[-6, 18, -2, -10] [-3, -8, -14, -19] [-1, -7, 0, -2] [-1, -1, 8, -4] [9, 5, -11, 4] [11, 7, -9, -9] [15, -2, -1, 7]
[1, -8, -22, -1] [-3, -8, -8, -7] [-13, -1, -3, -1] [1, 16, -5, -3] [11, -2, -1, 10] [3, 6, -18, -2] [-2, 2, 10, -1]
Food (up, right, down, left):
[19, 4, -5, 15] [-1, 8, 1, -9] [-1, -4, -13, 4] [3, -4, 2, -1] [-5, 9, 6, 17] [9, -20, 6, -5] [-12, 1, 5, -7]
[-17, -11, -10, -4] [-10, 6, -9, -6] [18, 15, -6, 9] [-11, 11, -19, 12] [7, 3, 7, -15] [10, -17, 7, 17] [-8, -8, -1, 1]
[-4, 11, -6, 6] [4, 1, 11, -14] [2, -37, -7, 10] [17, -15, 10, -11] [-6, -2, -7, -1] [7, 1, -4, -12] [7, 2, 14, 17]
[-2, -14, 5, 15] [-16, -8, -23, 11] [-4, 17, -21, -1] [0, 0, 0, 0] [-14, 29, 10, -3] [-4, -1, -10, -2] [-7, -4, -22, -1]
[9, 9, -10, 9] [3, -5, 7, 9] [5, -1, -3, 2] [-4, -3, 15, -5] [-2, -14, -4, -6] [-13, 15, 17, -2] [2, 2, -5, -16]
[3, -5, 23, -9] [16, -6, 16, 10] [-5, 12, 7, 15] [3, -19, -4, -11] [-3, -10, 0, -7] [-8, 2, -9, 9] [1, 23, -16, 10]
[-5, -15, -9, -5] [1, 3, 0, 0] [3, -1, 1, -5] [-7, -2, 12, -29] [20, 17, -11, -1] [14, 13, 17, 1] [-22, -8, 9, -15]
------------------------------
ALIVE
Head: (17 0)
Body: (17 0) (17 56) (18 56) (19 56) (19 55) (20 55) (20 54) (20 53) (19 53) (19 52) (19 51) (19 50) (19 49) (19 48) 
Length: 14, 4
Vision: 3
Hungry, suplies: 10/10
Reproductive: 16, mutating: 0.25
Generation: 10556
####################################
Wall (up, right, down, left):
[1, -1, -12, -5] [8, -4, 1, 14] [-5, 2, 18, 7] [3, 18, 6, 9] [9, 1, 3, -7] [-11, -9, -2, -9] [3, -4, 4, -8]
[3, 10, -7, -3] [9, 22, 6, 5] [0, 3, -3, 12] [-14, -6, 7, 12] [10, -9, 11, 7] [-13, 12, 14, 0] [-4, -15, 8, 2]
[2, 8, 7, -16] [1, 10, -7, 16] [5, 3, 8, -11] [-31, 11, 32, 9] [-27, -15, -20, 10] [6, -22, 1, 9] [-7, -4, -3, 7]
[-5, -10, 4, -18] [6, 8, 2, -2] [-6, 12, -1, -57] [0, 0, 0, 0] [8, -47, 12, 10] [9, -18, 2, 22] [-2, -14, -4, -7]
[-5, -6, -13, -5] [4, 11, -4, 8] [-9, 7, -18, -4] [12, -5, -33, -10] [9, -8, -3, 21] [1, 12, -10, 9] [-9, -12, 9, 3]
[-6, 18, -2, -10] [-3, -8, -14, -19] [-1, -7, 0, -2] [-1, -1, 8, -4] [9, 5, -6, 4] [6, 7, -9, -5] [15, -2, -1, 7]
[1, -8, -22, -1] [-3, -8, -3, -12] [-13, -1, -3, -1] [1, 16, -5, -3] [11, -2, -1, 10] [2, 6, -18, -2] [-2, 2, 10, -1]
Food (up, right, down, left):
[19, 4, -5, 15] [-1, 8, 1, -9] [-1, -4, -13, 4] [3, -4, 2, -1] [-5, 9, 2, 19] [9, -20, 6, -5] [-12, 1, 5, -12]
[-17, -11, -10, -4] [-10, 6, -4, -2] [18, 13, -6, 10] [-11, 11, -16, 12] [7, 3, 7, -15] [10, -17, 7, 17] [-8, -8, -1, 1]
[-4, 11, -6, 6] [4, 1, 11, -14] [2, -37, -7, 10] [17, -14, 10, -15] [-6, -2, -7, -1] [7, 1, -4, -12] [7, -1, 14, 17]
[-2, -9, 5, 15] [-16, -8, -23, 11] [-4, 17, -21, -1] [0, 0, 0, 0] [-14, 29, 7, -3] [-4, -1, -10, -2] [-7, -4, -22, -1]
[9, 9, -10, 9] [3, -5, 7, 9] [7, -1, -3, 2] [-4, -3, 15, -5] [-2, -18, -4, -6] [-13, 15, 17, -2] [-2, 2, -5, -16]
[3, -5, 23, -9] [16, -6, 16, 10] [-5, 12, 7, 15] [3, -19, -4, -11] [-3, -8, 0, -7] [-7, 2, -9, 9] [1, 23, -16, 10]
[-5, -15, -9, -5] [1, 3, 0, -9] [3, -1, 6, -5] [-7, -2, 12, -29] [20, 17, -11, -1] [14, 18, 17, 1] [-22, -8, 9, -15]
------------------------------
ALIVE
Head: (2 27)
Body: (2 27) (3 27) (3 26) (3 25) (3 24) (4 24) (4 23) (4 22) 
Length: 8, 4
Vision: 3
Hungry, suplies: 6/10
Reproductive: 16, mutating: 0.25
Generation: 10533
####################################
Wall (up, right, down, left):
[1, -1, -12, -5] [8, -4, 1, 14] [-5, 2, 18, 7] [3, 18, 6, 9] [9, 1, 3, -7] [-11, -9, -2, -9] [3, -4, 4, -8]
[3, 10, -7, -3] [9, 22, 6, 5] [0, 3, -3, 12] [-14, -6, 7, 12] [10, -9, 11, 7] [-13, 12, 14, 0] [-4, -15, 8, 2]
[2, 8, 7, -16] [1, 10, -7, 16] [5, 3, 8, -11] [-31, 11, 32, 9] [-27, -15, -20, 10] [6, -22, 1, 9] [-7, -4, -3, 7]
[-5, -10, 4, -18] [6, 8, -1, -2] [-6, 12, -1, -57] [0, 0, 0, 0] [8, -47, 14, 10] [9, -18, 2, 22] [-2, -14, -4, -7]
[-5, -6, -13, -5] [4, 11, -4, 8] [-9, 9, -18, -1] [12, -5, -33, -10] [9, -8, -3, 21] [1, 12, -10, 9] [-7, -12, 9, -2]
[-6, 18, -2, -10] [-3, -8, -14, -19] [-1, -7, 0, -2] [-1, -1, 8, -4] [9, 5, -6, 4] [11, 7, -9, -5] [15, -2, -1, 7]
[1, -8, -22, -1] [-3, -8, -3, -12] [-13, -1, -3, -1] [1, 16, -5, -3] [11, -2, -1, 10] [2, 6, -18, -2] [-2, 2, 10, -1]
Food (up, right, down, left):
[19, 4, -5, 15] [-1, 8, 1, -9] [-1, -4, -13, 4] [3, -4, 2, -1] [-5, 9, 2, 19] [9, -20, 6, -5] [-12, 1, 5, -12]
[-17, -11, -10, -4] [-10, 6, -4, -2] [18, 13, -6, 10] [-11, 11, -16, 12] [7, 3, 7, -15] [10, -17, 7, 17] [-8, -8, -1, 1]
[-4, 11, -6, 6] [4, 1, 11, -14] [2, -37, -7, 10] [17, -14, 10, -15] [-6, -2, -7, -1] [7, 1, -4, -12] [7, -1, 14, 17]
[-2, -9, 5, 15] [-16, -8, -26, 11] [-4, 17, -21, -1] [0, 0, 0, 0] [-14, 29, 10, -3] [-4, -1, -10, -2] [-7, -4, -22, -1]
[9, 9, -10, 9] [3, -5, 7, 9] [5, -1, -3, -3] [-4, -3, 15, -5] [-2, -18, -4, -6] [-13, 15, 17, -2] [2, -1, -5, -16]
[3, -5, 23, -9] [16, -6, 16, 10] [-5, 12, 7, 15] [3, -19, -4, -11] [-3, -8, 0, -7] [-7, 2, -9, 9] [1, 23, -16, 10]
[-5, -15, -9, -5] [1, 3, 0, -9] [3, -1, 1, -5] [-7, -2, 12, -29] [20, 17, -11, -1] [14, 18, 17, 1] [-22, -8, 9, -15]
------------------------------
DEAD: Wall
Head: (5 37)
Body: (5 37) (5 38) (5 39) (5 40) (5 41) (6 41) (6 40) (6 39) (6 38) (6 37) (6 36) (7 36) 
Length: 12, 4
Vision: 3
Hungry, suplies: 3/10
Reproductive: 16, mutating: 0.25
Generation: 10533
####################################
Wall (up, right, down, left):
[1, -1, -12, -5] [8, -4, 1, 14] [-5, 2, 18, 7] [3, 18, 6, 9] [9, 1, 3, -7] [-11, -9, -2, -9] [3, -4, 4, -8]
[3, 10, -7, -3] [9, 22, 6, 5] [0, 3, -3, 12] [-14, -6, 7, 12] [10, -9, 11, 7] [-13, 12, 14, 0] [-4, -15, 8, 2]
[2, 8, 7, -16] [1, 10, -7, 16] [5, 3, 8, -11] [-31, 11, 32, 9] [-27, -15, -20, 10] [6, -22, 1, 9] [-7, -4, -3, 7]
[-5, -10, 4, -18] [6, 8, -1, -2] [-6, 12, -1, -57] [0, 0, 0, 0] [8, -47, 14, 10] [9, -18, 2, 22] [-2, -14, -4, -7]
[-5, -6, -13, -5] [4, 11, -4, 8] [-9, 9, -18, -4] [12, -5, -33, -10] [9, -8, -3, 21] [1, 12, -10, 9] [-7, -12, 9, -2]
[-6, 18, -2, -10] [-3, -8, -14, -19] [-1, -7, 0, -2] [-1, -1, 8, -4] [9, 5, -6, 4] [11, 7, -9, -5] [15, -2, -1, 7]
[1, -8, -22, -1] [-3, -8, -3, -12] [-13, -1, -3, -1] [1, 16, -5, -3] [11, -2, -1, 10] [2, 6, -18, -2] [-2, 2, 10, -1]
Food (up, right, down, left):
[19, 4, -5, 15] [-1, 8, 1, -9] [-1, -4, -13, 4] [3, -4, 2, -1] [-5, 9, 2, 19] [9, -20, 6, -5] [-12, 1, 5, -12]
[-17, -11, -10, -4] [-10, 6, -4, -2] [18, 13, -6, 10] [-11, 11, -16, 12] [7, 3, 7, -15] [10, -17, 7, 17] [-8, -8, -1, 1]
[-4, 11, -6, 6] [4, 1, 11, -14] [2, -37, -7, 10] [17, -14, 10, -15] [-6, -2, -7, -1] [7, 1, -4, -12] [7, -1, 14, 17]
[-2, -9, 5, 15] [-16, -8, -26, 11] [-4, 17, -21, -1] [0, 0, 0, 0] [-14, 29, 10, -3] [-4, -1, -10, -2] [-7, -4, -22, -1]
[9, 9, -10, 9] [3, -5, 7, 9] [5, -1, -3, 2] [-4, -3, 15, -5] [-2, -18, -4, -6] [-13, 15, 17, -2] [2, -1, -5, -16]
[3, -5, 23, -9] [16, -6, 16, 10] [-5, 12, 7, 15] [3, -19, -4, -11] [-3, -8, 0, -7] [-7, 2, -9, 9] [1, 23, -16, 10]
[-5, -15, -9, -5] [1, 3, 0, -9] [3, -1, 1, -5] [-7, -2, 12, -29] [20, 17, -11, -1] [14, 18, 17, 1] [-22, -8, 9, -15]
------------------------------
DEAD: Wall
Head: (11 42)
Body: (11 42) (10 42) (10 41) (10 40) (10 39) (11 39) (11 38) (11 37) (11 36) (11 35) (11 34) (12 34) (13 34) 
Length: 13, 4
Vision: 3
Hungry, suplies: 8/10
Reproductive: 16, mutating: 0.25
Generation: 10532
####################################
Wall (up, right, down, left):
[1, -1, -12, -5] [8, -4, 1, 14] [-5, 2, 18, 7] [3, 18, 6, 9] [9, 1, 8, -2] [-11, -9, -2, -9] [3, -4, 4, -11]
[3, 10, -7, -3] [9, 22, -1, 5] [-1, 3, -4, 12] [-10, -6, 7, 12] [10, -9, 11, 7] [-13, 12, 14, 0] [-4, -15, 8, 2]
[2, 8, 7, -16] [1, 10, -7, 16] [5, 3, 8, -11] [-27, 6, 32, 8] [-27, -15, -20, 10] [6, -22, 1, 9] [-7, -4, -2, 7]
[-5, -10, 4, -18] [6, 8, 2, -2] [-6, 12, -1, -57] [0, 0, 0, 0] [8, -47, 14, 10] [9, -18, 2, 22] [-2, -14, -4, -7]
[-5, -6, -13, -5] [4, 11, -4, 8] [-9, 9, -18, -4] [12, -5, -33, -10] [6, -8, -3, 21] [1, 12, -10, 9] [-9, -12, 9, -2]
[-6, 18, -2, -10] [-3, -8, -14, -19] [-1, -7, 0, -2] [-1, -1, 8, -4] [9, 5, -11, 4] [11, 7, -9, -9] [15, -2, -1, 7]
[1, -8, -22, -1] [-3, -8, -8, -7] [-13, -1, -3, -1] [1, 16, -5, -3] [11, -2, -1, 10] [3, 6, -18, -2] [-2, 2, 10, -1]
Food (up, right, down, left):
[19, 4, -5, 15] [-1, 8, 1, -9] [-1, -4, -13, 4] [3, -4, 2, -1] [-5, 9, 6, 17] [9, -20, 6, -5] [-12, 1, 5, -7]
[-17, -11, -10, -4] [-10, 6, -9, -6] [18, 15, -6, 9] [-11, 11, -19, 12] [7, 3, 7, -15] [10, -17, 7, 17] [-8, -8, -1, 1]
[-4, 11, -6, 6] [4, 1, 11, -14] [2, -37, -7, 10] [17, -15, 10, -11] [-6, -2, -7, -1] [7, 1, -4, -12] [7, 2, 14, 17]
[-2, -14, 5, 15] [-16, -8, -23, 11] [-4, 17, -21, -1] [0, 0, 0, 0] [-14, 29, 10, -3] [-4, -1, -10, -2] [-7, -4, -22, -1]
[9, 9, -10, 9] [3, -5, 7, 9] [5, -1, -3, 2] [-4, -3, 15, -5] [-2, -14, -4, -6] [-13, 15, 17, -2] [2, 2, -5, -16]
[3, -5, 23, -9] [16, -6, 16, 10] [-5, 12, 7, 15] [3, -19, -4, -11] [-3, -10, 0, -7] [-8, 2, -9, 9] [1, 23, -16, 10]
[-5, -15, -9, -5] [1, 3, 0, 0] [3, -1, 1, -5] [-7, -2, 12, -29] [20, 17, -11, -1] [14, 13, 17, 1] [-22, -8, 9, -15]
------------------------------
DEAD: Wall
Head: (3 3)
Body: (3 3) (3 4) (3 5) (3 6) (3 7) (3 8) (2 8) (1 8) 
Length: 8, 4
Vision: 3
Hungry, suplies: 10/10
Reproductive: 16, mutating: 0.25
Generation: 10555
####################################
Wall (up, right, down, left):
[1, -1, -12, -5] [8, -4, 1, 14] [-5, 2, 18, 7] [3, 18, 6, 9] [9, 1, 3, -7] [-11, -9, -2, -9] [3, -4, 4, -8]
[3, 10, -7, -3] [9, 22, 6, 5] [0, 3, -3, 12] [-14, -6, 7, 12] [10, -9, 11, 7] [-13, 12, 14, 0] [-4, -15, 8, 2]
[2, 8, 7, -16] [1, 10, -7, 16] [5, 3, 8, -11] [-31, 11, 32, 9] [-27, -15, -20, 10] [6, -22, 1, 9] [-7, -4, -3, 7]
[-5, -10, 4, -18] [6, 8, -1, -2] [-6, 12, -1, -57] [0, 0, 0, 0] [8, -47, 14, 10] [9, -18, 2, 22] [-2, -14, -4, -7]
[-5, -6, -13, -5] [4, 11, -4, 8] [-9, 9, -18, -4] [12, -5, -33, -10] [9, -8, -3, 21] [1, 12, -10, 9] [-7, -12, 9, -2]
[-6, 18, -2, -10] [-3, -8, -14, -19] [-1, -7, 0, -2] [-1, -1, 8, -4] [9, 5, -6, 4] [11, 7, -9, -5] [15, -2, -1, 7]
[1, -8, -22, -1] [-3, -8, -3, -12] [-13, -1, -3, -1] [1, 16, -6, -3] [11, -2, -1, 10] [2, 6, -18, -2] [-2, 2, 10, -1]
Food (up, right, down, left):
[19, 4, -5, 15] [-1, 8, 1, -9] [-1, -4, -13, 4] [3, -4, 2, -1] [-5, 9, 2, 19] [9, -20, 6, -5] [-12, 1, 5, -12]
[-17, -11, -10, -4] [-10, 6, -4, -2] [18, 13, -6, 10] [-11, 11, -16, 12] [7, 3, 7, -15] [10, -17, 7, 17] [-8, -8, -1, 1]
[-4, 11, -6, 6] [4, 1, 11, -14] [2, -37, -7, 10] [17, -14, 10, -15] [-6, -2, -7, -1] [7, 1, -4, -12] [7, -1, 14, 17]
[-2, -9, 5, 15] [-16, -8, -26, 11] [-4, 17, -21, -1] [0, 0, 0, 0] [-14, 29, 10, -3] [-4, -1, -10, -2] [-7, -4, -22, -1]
[9, 9, -10, 9] [3, -5, 7, 9] [5, -1, -3, 2] [-4, -3, 15, -5] [-2, -18, -4, -6] [-13, 15, 17, -2] [2, -1, -5, -16]
[3, -5, 23, -9] [16, -6, 16, 10] [-5, 12, 7, 15] [3, -19, -4, -11] [-3, -8, 0, -7] [-7, 2, -9, 9] [1, 23, -16, 10]
[-5, -15, -9, -5] [1, 3, 0, -9] [3, -1, 1, -5] [-5, -2, 12, -29] [20, 17, -11, -1] [14, 18, 17, 1] [-22, -8, 9, -15]
------------------------------
ALIVE
Head: (12 46)
Body: (12 46) (12 45) (12 44) (12 43) (12 42) (13 42) (13 41) (13 40) 
Length: 8, 4
Vision: 3
Hungry, suplies: 10/10
Reproductive: 16, mutating: 0.25
Generation: 10534
####################################
Wall (up, right, down, left):
[1, -1, -12, -5] [8, -4, 1, 14] [-5, 2, 18, 7] [3, 18, 6, 9] [9, 1, 3, -7] [-11, -9, -2, -9] [3, -4, 4, -8]
[3, 10, -7, -3] [9, 22, 6, 5] [0, 3, -3, 12] [-14, -6, 7, 12] [10, -9, 11, 7] [-13, 12, 14, 0] [-4, -15, 8, 2]
[2, 8, 7, -16] [1, 10, -7, 16] [5, 3, 8, -11] [-31, 11, 32, 9] [-27, -15, -20, 10] [6, -22, 1, 9] [-7, -4, -3, 7]
[-5, -10, 4, -18] [6, 8, -1, -2] [-6, 12, -1, -57] [0, 0, 0, 0] [8, -47, 14, 10] [9, -18, 2, 22] [-2, -15, -4, -7]
[-5, -6, -13, -5] [4, 11, -4, 8] [-9, 9, -18, -4] [12, -5, -33, -10] [9, -8, -3, 21] [1, 12, -10, 9] [-9, -12, 9, -2]
[-6, 18, -2, -10] [-3, -8, -14, -19] [-1, -7, 0, -2] [-1, -1, 8, -4] [9, 5, -6, 4] [11, 7, -9, -5] [15, -2, -1, 7]
[1, -8, -22, -1] [-3, -8, -3, -12] [-13, -1, -3, -1] [1, 16, -5, -3] [11, -2, -1, 10] [2, 6, -18, -2] [-2, 2, 10, -1]
Food (up, right, down, left):
[19, 4, -5, 15] [-1, 8, 1, -9] [-1, -4, -13, 4] [3, -4, 2, -1] [-5, 9, 2, 19] [9, -20, 6, -5] [-12, 1, 5, -12]
[-17, -11, -10, -4] [-10, 6, -4, -2] [18, 13, -6, 10] [-11, 11, -16, 12] [7, 3, 7, -15] [10, -17, 7, 17] [-8, -8, -1, 1]
[-4, 11, -6, 6] [4, 1, 11, -14] [2, -37, -7, 10] [17, -14, 10, -15] [-6, -2, -7, -1] [7, 1, -4, -12] [7, -1, 14, 17]
[-2, -9, 5, 15] [-16, -8, -26, 11] [-4, 17, -21, -1] [0, 0, 0, 0] [-14, 29, 10, -3] [-4, -1, -10, -2] [-6, -4, -22, -1]
[9, 9, -10, 9] [3, -5, 7, 9] [5, -1, -3, 2] [-4, -3, 15, -5] [-2, -18, -4, -6] [-13, 15, 17, -2] [2, 2, -5, -16]
[3, -5, 23, -9] [16, -6, 16, 10] [-5, 12, 7, 15] [3, -19, -4, -11] [-3, -8, 0, -7] [-7, 2, -9, 9] [1, 23, -16, 10]
[-5, -15, -9, -5] [1, 3, 0, -9] [3, -1, 1, -5] [-7, -2, 12, -29] [20, 17, -11, -1] [14, 18, 17, 1] [-22, -8, 9, -15]
------------------------------
ALIVE
Head: (18 11)
Body: (18 11) (18 10) (19 10) (19 9) (19 8) (20 8) (21 8) (22 8) (22 9) (22 10) 
Length: 10, 4
Vision: 3
Hungry, suplies: 9/10
Reproductive: 16, mutating: 0.25
Generation: 10531
####################################
Wall (up, right, down, left):
[1, -1, -12, -5] [8, -4, 1, 14] [-5, 2, 18, 7] [3, 18, 6, 9] [9, 1, 3, -7] [-11, -9, -2, -9] [3, -4, 4, -8]
[3, 10, -7, -3] [9, 22, 6, 5] [0, 3, -3, 12] [-14, -6, 7, 12] [10, -9, 11, 7] [-13, 12, 14, 0] [-4, -15, 8, 2]
[2, 8, 7, -16] [3, 10, -7, 16] [5, 3, 8, -11] [-31, 11, 32, 9] [-27, -15, -20, 10] [6, -22, 1, 9] [-7, -4, -3, 7]
[-5, -10, 4, -18] [6, 8, -1, -2] [-6, 12, -1, -57] [0, 0, 0, 0] [8, -47, 14, 10] [9, -18, 2, 22] [-2, -14, -4, -7]
[-5, -6, -13, -5] [4, 11, -4, 8] [-9, 9, -18, -4] [12, -5, -33, -10] [9, -8, -3, 21] [1, 12, -10, 9] [-7, -12, 9, -2]
[-6, 18, -2, -10] [-3, -8, -14, -19] [-1, -7, 0, -2] [-1, -1, 8, -4] [9, 5, -6, 4] [11, 7, -9, -5] [15, -2, -1, 7]
[1, -8, -22, -1] [-3, -8, -3, -12] [-13, -1, -3, -1] [1, 16, -5, -3] [11, -2, -1, 10] [2, 6, -18, -2] [-2, 2, 10, -1]
Food (up, right, down, left):
[19, 4, -5, 15] [-1, 8, 1, -9] [-1, -4, -13, 4] [3, -4, 2, -1] [-5, 9, 2, 19] [9, -20, 6, -5] [-12, 1, 5, -12]
[-17, -11, -10, -4] [-10, 6, -4, -2] [18, 13, -6, 10] [-11, 11, -16, 12] [7, 3, 7, -15] [10, -17, 7, 17] [-8, -8, -1, 1]
[-4, 11, -6, 6] [4, 1, 11, -14] [2, -37, -7, 10] [17, -14, 10, -15] [-6, -2, -7, -1] [7, 1, -4, -12] [7, -1, 14, 17]
[-2, -9, 5, 15] [-16, -8, -26, 11] [-4, 17, -21, -1] [0, 0, 0, 0] [-14, 29, 10, -3] [-4, -1, -10, -2] [-7, -4, -22, -1]
[9, 9, -10, 9] [3, -5, 7, 9] [6, -1, -3, 2] [-4, -3, 15, -5] [-2, -18, -4, -6] [-13, 15, 17, -2] [2, -1, -5, -16]
[3, -5, 23, -9] [16, -6, 16, 10] [-5, 12, 7, 15] [3, -19, -4, -11] [-3, -8, 0, -7] [-7, 2, -9, 9] [1, 23, -16, 10]
[-5, -15, -9, -5] [1, 3, 0, -9] [3, -1, 1, -5] [-7, -2, 12, -29] [20, 17, -11, -1] [14, 18, 17, 1] [-22, -8, 9, -15]
------------------------------
ALIVE
Head: (7 41)
Body: (7 41) (7 42) (7 43) (8 43) (8 44) (8 45) (8 46) (8 47) 
Length: 8, 4
Vision: 3
Hungry, suplies: 8/10
Reproductive: 16, mutating: 0.25
Generation: 10534
####################################
Wall (up, right, down, left):
[1, -1, -12, -5] [8, -4, 1, 14] [-5, 2, 18, 7] [3, 18, 6, 9] [9, 1, 8, -7] [-11, -9, -2, -9] [3, -4, 4, -11]
[3, 10, -7, -3] [9, 22, -1, 5] [-1, 3, -4, 12] [-10, -6, 7, 12] [10, -9, 11, 7] [-13, 12, 14, 0] [-4, -15, 8, 2]
[2, 8, 7, -16] [1, 10, -7, 16] [5, 3, 8, -11] [-27, 6, 32, 8] [-27, -15, -20, 10] [6, -22, 1, 9] [-7, -4, -2, 7]
[-5, -10, 4, -18] [6, 8, 2, -2] [-6, 12, -1, -57] [0, 0, 0, 0] [8, -47, 14, 10] [9, -18, 2, 22] [-2, -14, -4, -7]
[-5, -6, -13, -5] [4, 11, -4, 8] [-9, 9, -18, -4] [12, -5, -33, -10] [6, -8, -3, 21] [1, 12, -10, 9] [-9, -12, 9, -2]
[-6, 18, -2, -10] [-3, -8, -14, -19] [-1, -7, 0, -2] [-1, -1, 8, -4] [9, 5, -11, 4] [11, 7, -9, -9] [15, -2, -1, 7]
[1, -8, -22, -1] [-3, -8, -8, -7] [-13, -1, -3, -1] [1, 16, -5, -3] [11, -2, -1, 10] [3, 6, -18, -2] [-2, 2, 10, -1]
Food (up, right, down, left):
[19, 4, -5, 15] [-1, 8, 1, -9] [-1, -4, -13, 4] [3, -4, 2, -1] [-5, 9, 2, 17] [9, -20, 6, -5] [-12, 1, 5, -7]
[-17, -11, -10, -4] [-10, 6, -9, -6] [18, 15, -6, 9] [-11, 11, -19, 12] [7, 3, 7, -15] [10, -17, 7, 17] [-8, -8, -1, 1]
[-4, 11, -6, 6] [4, 1, 11, -14] [2, -37, -7, 10] [17, -15, 10, -11] [-6, -2, -7, -1] [7, 1, -4, -12] [7, 2, 14, 17]
[-2, -14, 5, 15] [-16, -8, -23, 11] [-4, 17, -21, -1] [0, 0, 0, 0] [-14, 29, 10, -3] [-4, -1, -10, -2] [-7, -4, -22, -1]
[9, 9, -10, 9] [3, -5, 7, 9] [5, -1, -3, 2] [-4, -3, 15, -5] [-2, -14, -4, -6] [-13, 15, 17, -2] [2, 2, -5, -16]
[3, -5, 23, -9] [16, -6, 16, 10] [-5, 12, 7, 15] [3, -19, -4, -11] [-3, -10, 0, -7] [-8, 2, -9, 9] [1, 23, -16, 10]
[-5, -15, -9, -5] [1, 3, 0, 0] [3, -1, 1, -5] [-7, -2, 12, -29] [20, 17, -11, -1] [14, 13, 17, 1] [-22, -8, 9, -15]
------------------------------
ALIVE
Head: (16 52)
Body: (16 52) (16 53) (15 53) (14 53) (14 54) (14 55) (14 56) (13 56) (12 56) (11 56) (11 55) (11 54) (12 54) (12 53) 
Length: 14, 4
Vision: 3
Hungry, suplies: 10/10
Reproductive: 16, mutating: 0.25
Generation: 10555
####################################
Wall (up, right, down, left):
[1, -1, -12, -5] [8, -4, 1, 14] [-5, 2, 18, 7] [3, 18, 6, 9] [9, 1, 3, -7] [-11, -9, -2, -9] [3, -4, 4, -8]
[3, 10, -7, -3] [9, 22, 6, 5] [0, 3, -3, 12] [-14, -6, 7, 12] [10, -9, 11, 7] [-13, 12, 14, 0] [-4, -15, 8, 2]
[2, 8, 7, -16] [1, 10, -7, 16] [5, 3, 8, -11] [-31, 11, 32, 9] [-27, -15, -20, 10] [6, -22, 1, 9] [-7, -4, -3, 7]
[-5, -10, 4, -18] [6, 8, 2, -2] [-6, 12, -1, -57] [0, 0, 0, 0] [8, -47, 12, 10] [9, -18, 2, 22] [-2, -14, -4, -7]
[-5, -6, -13, -5] [4, 11, -4, 8] [-9, 7, -18, -4] [12, -5, -33, -10] [9, -8, -3, 21] [1, 12, -10, 9] [-9, -12, 9, 3]
[-6, 18, -2, -10] [-3, -8, -14, -19] [-1, -7, 0, -2] [-1, -1, 8, -4] [9, 5, -6, 4] [6, 7, -9, -5] [15, -2, -1, 7]
[1, -8, -22, -1] [-3, -8, -3, -12] [-13, -1, -3, -1] [1, 16, -5, -3] [11, -2, -1, 10] [2, 6, -18, -2] [-2, 2, 10, -1]
Food (up, right, down, left):
[19, 4, -5, 15] [-1, 8, 1, -9] [-1, -4, -13, 4] [3, -4, 2, -1] [-5, 9, 2, 19] [9, -20, 6, -5] [-12, 1, 5, -12]
[-17, -11, -10, -4] [-10, 6, -4, -2] [18, 13, -6, 10] [-11, 11, -16, 12] [7, 3, 7, -15] [10, -17, 7, 17] [-8, -8, -1, 1]
[-4, 11, -6, 6] [4, 1, 11, -14] [2, -37, -7, 10] [17, -14, 10, -15] [-6, -2, -7, -1] [7, 1, -4, -12] [7, -1, 14, 17]
[-2, -9, 5, 15] [-16, -8, -23, 11] [-4, 17, -21, -1] [0, 0, 0, 0] [-14, 29, 7, -3] [-4, -1, -10, -2] [-7, -4, -22, -1]
[9, 9, -10, 9] [3, -5, 7, 9] [7, -1, -3, 2] [-4, -3, 15, -5] [-2, -18, -4, -6] [-13, 15, 17, -2] [-2, 2, -5, -16]
[3, -5, 23, -9] [16, -6, 16, 10] [-5, 12, 7, 15] [3, -19, -4, -11] [-3, -8, 0, -7] [-7, 2, -9, 9] [1, 23, -16, 10]
[-5, -15, -9, -5] [1, 3, 0, -9] [3, -1, 6, -5] [-7, -2, 12, -29] [20, 17, -11, -1] [14, 18, 17, 1] [-22, -8, 9, -15]
------------------------------
ALIVE
Head: (1 42)
Body: (1 42) (2 42) (2 41) (2 40) (3 40) (3 39) (3 38) (4 38) (4 37) (4 36) (5 36) (5 35) 
Length: 12, 4
Vision: 3
Hungry, suplies: 10/10
Reproductive: 16, mutating: 0.25
Generation: 10533
####################################
Wall (up, right, down, left):
[1, -1, -12, -5] [8, -4, 1, 14] [-5, 2, 18, 7] [3, 18, 6, 9] [9, 1, 3, -7] [-11, -9, -2, -9] [3, -4, 4, -8]
[3, 10, -7, -3] [9, 22, 6, 5] [0, 3, -3, 12] [-14, -6, 7, 12] [10, -9, 11, 7] [-13, 12, 14, 0] [-4, -15, 8, 2]
[2, 8, 7, -16] [1, 10, -7, 16] [5, 3, 8, -11] [-31, 11, 32, 9] [-27, -15, -20, 10] [6, -22, 1, 9] [-7, -4, -3, 7]
[-5, -10, 4, -18] [6, 8, 2, -2] [-6, 12, -1, -57] [0, 0, 0, 0] [8, -47, 12, 10] [9, -18, 2, 22] [-2, -14, -4, -7]
[-5, -6, -13, -5] [4, 11, -4, 8] [-9, 9, -18, -4] [12, -5, -33, -10] [9, -8, -3, 21] [1, 12, -10, 9] [-9, -12, 9, 3]
[-6, 18, -2, -10] [-3, -8, -14, -19] [-1, -7, 0, -2] [-1, -1, 8, -4] [9, 5, -6, 4] [6, 7, -9, -5] [15, -2, -1, 7]
[1, -8, -22, -1] [-3, -8, -3, -12] [-13, -1, -3, -1] [1, 16, -5, -3] [11, -2, -1, 10] [2, 6, -18, -2] [-2, 2, 10, -1]
Food (up, right, down, left):
[19, 4, -5, 15] [-1, 8, 1, -9] [-1, -4, -13, 4] [3, -4, 2, -1] [-5, 9, 2, 19] [9, -20, 6, -5] [-12, 1, 5, -12]
[-17, -11, -10, -4] [-10, 6, -4, -2] [18, 13, -6, 10] [-11, 11, -16, 12] [7, 3, 7, -15] [10, -17, 7, 17] [-8, -8, -1, 1]
[-4, 11, -6, 6] [4, 1, 11, -14] [2, -37, -7, 10] [17, -14, 10, -15] [-6, -2, -7, -1] [7, 1, -4, -12] [7, -1, 14, 17]
[-2, -9, 5, 15] [-16, -8, -23, 11] [-4, 17, -21, -1] [0, 0, 0, 0] [-14, 29, 7, -3] [-4, -1, -10, -2] [-7, -4, -22, -1]
[9, 9, -10, 9] [3, -5, 7, 9] [5, -1, -3, 2] [-4, -3, 15, -5] [-2, -18, -4, -6] [-13, 15, 17, -2] [-2, 2, -5, -16]
[3, -5, 23, -9] [16, -6, 16, 10] [-5, 12, 7, 15] [3, -19, -4, -11] [-3, -8, 0, -7] [-7, 2, -9, 9] [1, 23, -16, 10]
[-5, -15, -9, -5] [1, 3, 0, -9] [3, -1, 6, -5] [-7, -2, 12, -29] [20, 17, -11, -1] [14, 18, 17, 1] [-22, -8, 9, -15]
------------------------------
ALIVE
Head: (19 20)
Body: (19 20) (19 21) (18 21) (18 22) (17 22) (17 21) (17 20) (17 19) (17 18) (16 18) (16 17) (16 16) (16 15) (16 14) (15 14) 
Length: 15, 4
Vision: 3
Hungry, suplies: 3/10
Reproductive: 16, mutating: 0.25
Generation: 10534
####################################
Wall (up, right, down, left):
[1, -1, -12, -5] [8, -4, 1, 14] [-5, 2, 18, 7] [3, 18, 6, 9] [9, 1, 3, -7] [-11, -9, -2, -9] [3, -4, 4, -8]
[3, 10, -7, -3] [9, 22, 6, 5] [0, 3, -3, 12] [-14, -6, 7, 12] [10, -9, 11, 7] [-13, 12, 14, 0] [-4, -15, 8, 2]
[2, 8, 7, -16] [1, 10, -7, 16] [5, 3, 8, -11] [-31, 11, 32, 9] [-27, -15, -20, 10] [6, -22, 1, 9] [-7, -4, -3, 7]
[-5, -10, 4, -18] [6, 8, -1, -2] [-6, 12, -1, -57] [0, 0, 0, 0] [8, -47, 14, 10] [9, -18, 2, 22] [-2, -14, -4, -7]
[-5, -6, -13, -5] [4, 11, -4, 8] [-9, 9, -18, -4] [12, -5, -33, -10] [9, -8, -3, 21] [1, 12, -10, 9] [-7, -12, 9, -2]
[-6, 18, -2, -10] [-3, -8, -14, -19] [-1, -7, 0, -2] [-1, -1, 8, -4] [9, 5, -6, 4] [11, 7, -9, -5] [15, -2, -1, 7]
[1, -8, -22, -1] [-7, -8, -3, -12] [-13, -1, -3, -1] [1, 16, -5, -3] [11, -2, -1, 10] [2, 6, -18, -2] [-2, 2, 10, -1]
Food (up, right, down, left):
[19, 4, -5, 15] [-1, 8, 1, -9] [-1, -4, -13, 4] [3, -4, 2, -1] [-5, 9, 2, 19] [9, -20, 6, -5] [-12, 1, 5, -12]
[-17, -11, -10, -4] [-10, 6, -4, -2] [18, 13, -6, 10] [-11, 11, -16, 12] [7, 3, 7, -15] [10, -17, 7, 17] [-8, -8, -1, 1]
[-4, 11, -6, 6] [4, 1, 11, -14] [2, -37, -7, 10] [17, -14, 10, -15] [-6, -2, -7, -1] [7, 1, -4, -12] [7, -1, 14, 17]
[-2, -9, 5, 15] [-16, -8, -26, 11] [-4, 17, -21, -1] [0, 0, 0, 0] [-14, 29, 10, -3] [-4, -1, -10, -2] [-7, -4, -22, -1]
[9, 9, -10, 9] [3, -5, 7, 9] [5, -1, -3, 2] [-4, -3, 15, -5] [-2, -18, -4, -6] [-13, 15, 17, -2] [2, -1, -5, -16]
[3, -8, 23, -9] [16, -6, 16, 10] [-5, 12, 7, 15] [3, -19, -4, -11] [-3, -8, 0, -7] [-7, 2, -9, 9] [1, 23, -16, 10]
[-5, -15, -9, -5] [-2, 3, 0, -9] [3, -1, 1, -5] [-7, -2, 12, -29] [20, 17, -11, -1] [14, 18, 17, 1] [-22, -8, 9, -15]
------------------------------
ALIVE
Head: (12 51)
Body: (12 51) (13 51) (14 51) (14 50) (14 49) (15 49) (15 48) (15 47) (15 46) (15 45) 
Length: 10, 4
Vision: 3
Hungry, suplies: 1/10
Reproductive: 16, mutating: 0.25
Generation: 10533
####################################
Wall (up, right, down, left):
[1, -1, -12, -5] [8, -4, 1, 14] [-5, 2, 18, 7] [3, 18, 6, 9] [9, 1, 3, -7] [-11, -9, -2, -9] [3, -4, 4, -8]
[3, 10, -7, -3] [9, 22, 6, 5] [0, 3, -3, 12] [-14, -6, 7, 12] [10, -9, 11, 7] [-13, 12, 14, 0] [-4, -15, 8, 2]
[2, 8, 7, -16] [1, 10, -7, 16] [5, 3, 8, -11] [-31, 11, 32, 9] [-27, -15, -20, 10] [6, -22, 1, 9] [-7, -4, -3, 7]
[-5, -10, 4, -18] [6, 8, 2, -2] [-6, 12, -1, -57] [0, 0, 0, 0] [8, -47, 14, 10] [9, -18, 2, 22] [-2, -14, -4, -7]
[-5, -6, -13, -5] [4, 11, -4, 8] [-9, 9, -18, -4] [12, -5, -33, -10] [9, -8, -3, 21] [1, 12, -10, 9] [-9, -12, 9, -2]
[-6, 18, -2, -10] [-3, -8, -14, -19] [-1, -7, 0, -2] [-1, -1, 8, -4] [9, 5, -6, 4] [11, 7, -9, -5] [15, -2, -1, 7]
[1, -8, -22, -1] [-3, -8, -3, -12] [-13, -1, -3, -1] [1, 16, -5, -3] [11, -2, -1, 10] [2, 6, -13, -2] [-2, 2, 10, -1]
Food (up, right, down, left):
[19, 4, -5, 15] [-1, 8, 1, -9] [-1, -4, -13, 4] [3, -4, 2, -1] [-5, 9, 2, 19] [9, -20, 6, -5] [-12, 1, 5, -12]
[-17, -11, -10, -4] [-10, 6, -4, -2] [18, 13, -6, 10] [-11, 11, -16, 12] [7, 3, 7, -15] [10, -17, 7, 17] [-8, -8, -1, 1]
[-4, 11, -6, 6] [4, 1, 11, -14] [2, -37, -7, 10] [17, -14, 10, -15] [-6, -2, -7, -1] [7, 1, -4, -12] [7, -1, 14, 17]
[-2, -9, 5, 15] [-16, -8, -23, 11] [-4, 17, -21, -1] [0, 0, 0, 0] [-14, 29, 10, -3] [-4, -1, -10, -2] [-7, -4, -22, -1]
[9, 9, -10, 9] [3, -5, 7, 9] [5, -1, -3, 2] [-4, -3, 15, -5] [-2, -18, -4, -6] [-13, 15, 17, -2] [2, 2, -5, -16]
[3, -5, 23, -9] [16, -6, 16, 10] [-5, 12, 7, 15] [3, -19, -4, -11] [-3, -8, 0, -7] [-7, 2, -9, 9] [1, 23, -16, 10]
[-5, -15, -9, -5] [1, 3, 0, -9] [3, -1, 1, -5] [-7, -2, 12, -29] [20, 17, -11, -1] [14, 22, 17, 1] [-22, -8, 9, -15]
------------------------------
ALIVE
Head: (24 15)
Body: (-1 15) (0 15) (1 15) (2 15) (2 16) (2 17) (2 18) (1 18) (25 18) 
Length: 9, 4
Vision: 3
Hungry, suplies: 8/10
Reproductive: 16, mutating: 0.25
Generation: 10531
####################################
Wall (up, right, down, left):
[1, -1, -12, -5] [8, -4, 1, 14] [-5, 2, 18, 7] [3, 18, 6, 9] [9, 1, 3, -7] [-11, -9, -2, -9] [3, -4, 4, -8]
[3, 10, -7, -3] [9, 22, 6, 5] [0, 3, -3, 12] [-14, -6, 7, 12] [10, -9, 11, 7] [-13, 12, 14, 0] [-4, -15, 8, 2]
[2, 8, 7, -16] [1, 10, -7, 16] [5, 3, 8, -11] [-31, 11, 32, 9] [-27, -15, -20, 10] [6, -22, 1, 9] [-7, -4, -3, 7]
[-5, -10, 4, -18] [6, 8, -1, -2] [-6, 12, -1, -57] [0, 0, 0, 0] [8, -47, 14, 10] [9, -18, 2, 22] [-2, -14, -4, -7]
[-5, -6, -13, -5] [4, 11, -4, 8] [-9, 9, -18, -4] [12, -5, -33, -10] [9, -8, -3, 21] [1, 12, -10, 9] [-9, -12, 9, -2]
[-6, 18, -2, -10] [-3, -8, -14, -19] [-1, -7, 0, -2] [-1, -1, 8, -4] [9, 5, -6, 4] [11, 7, -9, -5] [15, -2, -1, 7]
[1, -8, -17, -1] [-3, -8, -3, -12] [-13, -1, -3, -1] [1, 16, -5, -3] [11, -2, -1, 10] [2, 6, -18, -2] [-2, 2, 10, -1]
Food (up, right, down, left):
[19, 4, -5, 15] [-1, 8, 1, -9] [-1, -4, -13, 4] [3, -4, 2, -1] [-5, 9, 2, 19] [9, -20, 6, -5] [-12, 1, 5, -12]
[-17, -11, -10, -4] [-10, 6, -4, -2] [18, 13, -6, 10] [-11, 11, -16, 12] [7, 3, 7, -15] [10, -17, 7, 17] [-8, -8, -1, 1]
[-4, 11, -6, 6] [4, 1, 11, -14] [2, -37, -7, 10] [17, -14, 10, -15] [-6, -2, -7, -1] [7, 1, -4, -12] [7, -1, 14, 17]
[-2, -9, 5, 16] [-16, -8, -26, 11] [-4, 17, -21, -1] [0, 0, 0, 0] [-14, 29, 10, -3] [-4, -1, -10, -2] [-7, -4, -22, -1]
[9, 9, -10, 9] [3, -5, 7, 9] [5, -1, -3, 2] [-4, -3, 15, -5] [-2, -18, -4, -6] [-13, 15, 17, -2] [2, 2, -5, -16]
[3, -5, 23, -9] [16, -6, 16, 10] [-5, 12, 7, 15] [3, -19, -4, -11] [-3, -8, 0, -7] [-7, 2, -9, 9] [1, 23, -16, 10]
[-5, -15, -8, -5] [1, 3, 0, -9] [3, -1, 1, -5] [-7, -2, 12, -29] [20, 17, -11, -1] [14, 18, 17, 1] [-22, -8, 9, -15]
------------------------------
ALIVE
Head: (23 45)
Body: (23 45) (23 46) (23 47) (22 47) (21 47) (21 46) (21 45) (22 45) (22 44) 
Length: 9, 4
Vision: 3
Hungry, suplies: 10/10
Reproductive: 16, mutating: 0.25
Generation: 10534
####################################
Wall (up, right, down, left):
[1, -1, -12, -5] [8, -4, 1, 14] [-5, 2, 18, 7] [3, 18, 6, 9] [9, 1, 3, -7] [-11, -9, -2, -9] [3, -4, 4, -8]
[3, 10, -7, -3] [9, 22, 6, 5] [0, 3, -3, 12] [-14, -6, 7, 12] [10, -9, 11, 7] [-13, 12, 14, 0] [-4, -15, 8, 2]
[2, 8, 7, -16] [1, 10, -7, 16] [5, 3, 8, -11] [-31, 11, 32, 9] [-27, -15, -20, 10] [6, -22, 1, 9] [-7, -4, -3, 7]
[-5, -10, 4, -18] [6, 8, -1, -2] [-6, 12, -1, -57] [0, 0, 0, 0] [8, -47, 14, 10] [9, -18, 2, 22] [-2, -14, -4, -7]
[-5, -6, -13, -5] [4, 11, -4, 8] [-9, 9, -18, -4] [12, -5, -33, -10] [9, -8, -3, 21] [1, 12, -10, 9] [-7, -12, 9, -2]
[-6, 18, -2, -10] [-3, -8, -14, -19] [-1, -7, 0, -2] [-1, -1, 8, -4] [9, 5, -6, 4] [11, 7, -9, -5] [15, -2, -1, 7]
[1, -8, -22, -1] [-3, -8, -3, -12] [-13, -1, -3, -1] [1, 16, -6, -3] [11, -2, -1, 10] [2, 6, -18, -2] [-2, 2, 10, -1]
Food (up, right, down, left):
[19, 4, -5, 15] [-1, 8, 1, -9] [-1, -4, -13, 4] [3, -4, 2, -1] [-5, 9, 2, 19] [9, -20, 6, -5] [-12, 1, 5, -12]
[-17, -11, -10, -4] [-10, 6, -4, -2] [18, 13, -6, 10] [-11, 11, -16, 12] [7, 3, 7, -15] [10, -17, 7, 17] [-8, -8, -1, 1]
[-4, 11, -6, 6] [4, 1, 11, -14] [2, -37, -7, 10] [17, -14, 10, -15] [-6, -2, -7, -1] [7, 1, -4, -12] [7, -1, 14, 17]
[-2, -9, 5, 15] [-16, -8, -26, 11] [-4, 17, -21, -1] [0, 0, 0, 0] [-14, 29, 10, -3] [-4, -1, -10, -2] [-7, -4, -22, -1]
[9, 9, -10, 9] [3, -5, 7, 9] [5, -1, -3, 2] [-4, -3, 15, -5] [-2, -18, -4, -6] [-13, 15, 17, -2] [2, -1, -5, -16]
[3, -5, 23, -9] [16, -6, 16, 10] [-5, 12, 7, 15] [3, -19, -4, -11] [-3, -8, 0, -7] [-7, 2, -9, 9] [1, 23, -16, 10]
[-5, -15, -9, -5] [1, 3, 0, -9] [3, -1, 1, -5] [-5, -2, 12, -29] [20, 17, -11, -1] [14, 18, 17, 1] [-22, -8, 9, -15]
------------------------------
ALIVE
Head: (16 29)
Body: (16 29) (16 28) (16 27) (16 26) (16 25) (16 24) (17 24) (18 24) (19 24) 
Length: 9, 4
Vision: 3
Hungry, suplies: 10/10
Reproductive: 16, mutating: 0.25
Generation: 10534
####################################
Wall (up, right, down, left):
[1, -1, -12, -5] [8, -4, 1, 14] [-5, 2, 18, 7] [3, 18, 6, 9] [9, 1, 3, -7] [-11, -9, -2, -9] [3, -4, 4, -8]
[3, 10, -7, -3] [9, 22, 6, 5] [0, 3, -3, 12] [-14, -6, 7, 12] [10, -9, 11, 7] [-13, 12, 14, 0] [-4, -15, 8, 2]
[2, 8, 7, -16] [1, 10, -7, 16] [5, 3, 8, -11] [-31, 11, 32, 9] [-27, -15, -20, 10] [6, -22, 1, 9] [-7, -4, -3, 7]
[-5, -10, 4, -18] [6, 8, 2, -2] [-6, 12, -1, -57] [0, 0, 0, 0] [8, -47, 12, 10] [9, -18, 2, 22] [-2, -14, -4, -7]
[-5, -6, -13, -5] [4, 11, -4, 8] [-9, 7, -18, -4] [12, -5, -33, -10] [9, -8, -3, 21] [1, 12, -10, 9] [-9, -12, 9, 3]
[-6, 18, -2, -10] [-3, -8, -14, -19] [-1, -7, 0, -2] [-1, -1, 8, -4] [9, 5, -6, 4] [6, 7, -9, -5] [15, -2, -1, 7]
[1, -8, -22, -1] [-3, -8, -3, -12] [-13, -1, -3, -1] [1, 16, -5, -3] [11, -2, -1, 10] [2, 6, -18, -2] [-2, 2, 10, -1]
Food (up, right, down, left):
[19, 4, -5, 15] [-1, 8, 1, -9] [-1, -4, -13, 4] [3, -4, 2, -1] [-5, 9, 2, 19] [9, -20, 6, -5] [-12, 1, 5, -12]
[-17, -11, -10, -4] [-10, 6, -4, -2] [18, 13, -6, 10] [-11, 11, -16, 12] [7, 3, 7, -15] [10, -17, 7, 17] [-8, -8, -1, 1]
[-4, 11, -6, 6] [4, 1, 11, -14] [2, -37, -7, 10] [17, -14, 10, -15] [-6, -2, -7, -1] [7, 1, -4, -12] [7, -1, 14, 17]
[-2, -9, 5, 15] [-16, -8, -23, 11] [-4, 17, -21, -1] [0, 0, 0, 0] [-14, 29, 7, -3] [-4, -1, -10, -2] [-7, -4, -22, -1]
[9, 9, -10, 9] [3, -5, 7, 9] [7, -1, -3, 2] [-4, -3, 15, -5] [-2, -18, -4, -6] [-13, 15, 17, -2] [-2, 2, -5, -16]
[3, -5, 23, -9] [16, -6, 16, 10] [-5, 12, 7, 15] [3, -19, -4, -11] [-3, -8, 0, -7] [-7, 2, -9, 9] [1, 23, -16, 10]
[-5, -15, -9, -5] [1, 3, 0, -9] [3, -1, 6, -5] [-7, -2, 12, -29] [20, 17, -11, -1] [14, 18, 17, 1] [-22, -8, 9, -15]
------------------------------
ALIVE
Head: (9 18)
Body: (9 18) (9 17) (8 17) (8 16) (7 16) (6 16) (5 16) (5 17) 
Length: 8, 4
Vision: 3
Hungry, suplies: 6/10
Reproductive: 16, mutating: 0.25
Generation: 10534
####################################
Wall (up, right, down, left):
[1, -1, -12, -5] [8, -4, 1, 14] [-5, 2, 18, 7] [3, 18, 6, 9] [9, 1, 3, -7] [-11, -9, -2, -9] [3, -4, 4, -8]
[3, 10, -7, -3] [9, 22, 6, 5] [0, 3, -3, 12] [-14, -6, 7, 12] [10, -9, 11, 7] [-13, 12, 14, 0] [-4, -15, 8, 2]
[2, 8, 7, -16] [1, 10, -7, 16] [5, 3, 8, -11] [-31, 11, 32, 9] [-27, -15, -20, 10] [6, -22, 1, 9] [-7, -4, -3, 7]
[-5, -10, 4, -18] [6, 8, -1, -2] [-6, 12, -1, -57] [0, 0, 0, 0] [8, -47, 14, 10] [9, -18, 2, 22] [-2, -15, -4, -7]
[-5, -6, -13, -5] [4, 11, -4, 8] [-9, 9, -18, -4] [12, -5, -33, -10] [9, -8, -3, 21] [1, 12, -10, 9] [-9, -12, 9, -2]
[-6, 18, -2, -10] [-3, -8, -14, -19] [-1, -7, 0, -2] [-1, -1, 8, -4] [9, 5, -6, 4] [11, 7, -9, -5] [15, -2, -1, 7]
[1, -8, -22, -1] [-3, -8, -3, -12] [-13, -1, -3, -1] [1, 16, -5, -3] [11, -2, -1, 10] [2, 6, -18, -2] [-2, 2, 10, -1]
Food (up, right, down, left):
[19, 4, -5, 15] [-1, 8, 1, -9] [-1, -4, -13, 4] [3, -4, 2, -1] [-5, 9, 2, 19] [9, -20, 6, -5] [-12, 1, 5, -12]
[-17, -11, -10, -4] [-10, 6, -4, -2] [18, 13, -6, 10] [-11, 11, -16, 12] [7, 3, 7, -15] [10, -17, 7, 17] [-8, -8, -1, 1]
[-4, 11, -6, 6] [4, 1, 11, -14] [2, -37, -7, 10] [17, -14, 10, -15] [-6, -2, -7, -1] [7, 1, -4, -12] [7, -1, 14, 17]
[-2, -9, 5, 15] [-16, -8, -26, 11] [-4, 17, -21, -1] [0, 0, 0, 0] [-14, 29, 10, -3] [-4, -1, -10, -2] [-6, -4, -22, -1]
[9, 9, -10, 9] [3, -5, 7, 9] [5, -1, -3, 2] [-4, -3, 15, -5] [-2, -18, -4, -6] [-13, 15, 17, -2] [2, 2, -5, -16]
[3, -5, 23, -9] [16, -6, 16, 10] [-5, 12, 7, 15] [3, -19, -4, -11] [-3, -8, 0, -7] [-7, 2, -9, 9] [1, 23, -16, 10]
[-5, -15, -9, -5] [1, 3, 0, -9] [3, -1, 1, -5] [-7, -2, 12, -29] [20, 17, -11, -1] [14, 18, 17, 1] [-22, -8, 9, -15]
------------------------------
ALIVE
Head: (0 12)
Body: (0 12) (1 12) (2 12) (3 12) (3 11) (2 11) (1 11) (0 11) 
Length: 8, 4
Vision: 3
Hungry, suplies: 7/10
Reproductive: 16, mutating: 0.25
Generation: 10532
####################################
Wall (up, right, down, left):
[1, -1, -12, -5] [8, -4, 1, 14] [-5, 2, 18, 7] [3, 18, 6, 9] [9, 1, 3, -7] [-11, -9, -2, -9] [3, -4, 4, -8]
[3, 10, -7, -3] [9, 22, 6, 5] [0, 3, -3, 12] [-14, -6, 7, 12] [10, -9, 11, 7] [-13, 12, 14, 0] [-4, -15, 8, 2]
[2, 8, 7, -16] [1, 10, -7, 16] [5, 3, 8, -11] [-31, 11, 32, 9] [-27, -15, -20, 10] [6, -22, 1, 9] [-7, -4, -3, 7]
[-5, -10, 4, -18] [6, 8, 2, -2] [-6, 12, -1, -57] [0, 0, 0, 0] [8, -47, 14, 10] [9, -18, 2, 22] [-2, -14, -4, -7]
[-5, -6, -13, -5] [4, 11, -4, 8] [-9, 9, -18, -4] [12, -5, -33, -10] [9, -8, -3, 21] [1, 12, -10, 9] [-9, -12, 9, -2]
[-6, 18, -2, -10] [-3, -8, -14, -19] [-1, -7, 0, -2] [-1, -1, 8, -4] [9, 5, -6, 4] [11, 7, -9, -5] [15, -2, -1, 7]
[1, -8, -22, -1] [-3, -8, -3, -12] [-13, -1, -3, -1] [1, 16, -5, -3] [11, -2, -1, 10] [2, 6, -13, -2] [-2, 2, 10, -1]
Food (up, right, down, left):
[19, 4, -5, 15] [-1, 8, 1, -9] [-1, -4, -13, 4] [3, -4, 2, -1] [-5, 9, 2, 19] [9, -20, 6, -5] [-12, 1, 5, -12]
[-17, -11, -10, -4] [-10, 6, -4, -2] [18, 13, -6, 10] [-11, 11, -16, 12] [7, 3, 7, -15] [10, -17, 7, 17] [-8, -8, -1, 1]
[-4, 11, -6, 6] [4, 1, 11, -14] [2, -37, -7, 10] [17, -14, 10, -15] [-6, -2, -7, -1] [7, 1, -4, -12] [7, -1, 14, 17]
[-2, -9, 5, 15] [-16, -8, -23, 11] [-4, 17, -21, -1] [0, 0, 0, 0] [-14, 29, 10, -3] [-4, -1, -10, -2] [-7, -4, -22, -1]
[9, 9, -10, 9] [3, -5, 7, 9] [5, -1, -3, 2] [-4, -3, 15, -5] [-2, -18, -4, -6] [-13, 15, 17, -2] [2, 2, -5, -16]
[3, -5, 23, -9] [16, -6, 16, 10] [-5, 12, 7, 15] [3, -19, -4, -11] [-3, -8, 0, -7] [-7, 2, -9, 9] [1, 23, -16, 10]
[-5, -15, -9, -5] [1, 3, 0, -9] [3, -1, 1, -5] [-7, -2, 12, -29] [20, 17, -11, -1] [14, 22, 17, 1] [-22, -8, 9, -15]
------------------------------
ALIVE
Head: (0 26)
Body: (0 26) (0 25) (24 25) (23 25) (23 24) (24 24) (24 23) (24 22) (24 21) (24 20) 
Length: 10, 4
Vision: 3
Hungry, suplies: 10/10
Reproductive: 16, mutating: 0.25
Generation: 10532
####################################
Wall (up, right, down, left):
[1, -1, -12, -5] [8, -4, 1, 14] [-5, 2, 18, 7] [3, 18, 6, 9] [9, 1, 3, -7] [-11, -9, -2, -9] [3, -4, 4, -8]
[3, 10, -7, -3] [9, 22, 6, 5] [0, 3, -3, 12] [-14, -6, 7, 12] [10, -9, 11, 7] [-13, 12, 14, 0] [-4, -15, 8, 2]
[2, 8, 7, -16] [3, 10, -7, 16] [5, 3, 8, -11] [-31, 11, 32, 9] [-27, -15, -20, 10] [6, -22, 1, 9] [-7, -4, -3, 7]
[-5, -10, 4, -18] [6, 8, -1, -2] [-6, 12, -1, -57] [0, 0, 0, 0] [8, -47, 14, 10] [9, -18, 2, 22] [-2, -14, -4, -7]
[-5, -6, -13, -5] [4, 11, -4, 8] [-9, 9, -18, -4] [12, -5, -33, -10] [9, -8, -3, 21] [1, 12, -10, 9] [-7, -12, 9, -2]
[-6, 18, -2, -10] [-3, -8, -14, -19] [-1, -7, 0, -2] [-1, -1, 8, -4] [9, 5, -6, 4] [11, 7, -9, -5] [15, -2, -1, 7]
[1, -8, -22, -1] [-3, -8, -3, -12] [-13, -1, -3, -1] [1, 16, -5, -3] [11, -2, -1, 10] [2, 6, -18, -2] [-2, 2, 10, -1]
Food (up, right, down, left):
[19, 4, -5, 15] [-1, 8, 1, -9] [-1, -4, -13, 4] [3, -4, 2, -1] [-5, 9, 2, 19] [9, -20, 6, -5] [-12, 1, 5, -12]
[-17, -11, -10, -4] [-10, 6, -4, -2] [18, 13, -6, 10] [-11, 11, -16, 12] [7, 3, 7, -15] [10, -17, 7, 17] [-8, -8, -1, 1]
[-4, 11, -6, 6] [4, 1, 11, -14] [2, -37, -7, 10] [17, -14, 10, -15] [-6, -2, -7, -1] [7, 1, -4, -12] [7, -1, 14, 17]
[-2, -9, 5, 15] [-16, -8, -26, 11] [-4, 17, -21, -1] [0, 0, 0, 0] [-14, 29, 10, -3] [-4, -1, -10, -2] [-7, -4, -22, -1]
[9, 9, -10, 9] [3, -5, 7, 9] [6, -1, -3, 2] [-4, -3, 15, -5] [-2, -18, -4, -6] [-13, 15, 17, -2] [2, -1, -5, -16]
[3, -5, 23, -9] [16, -6, 16, 10] [-5, 12, 7, 15] [3, -19, -4, -11] [-3, -8, 0, -7] [-7, 2, -9, 9] [1, 23, -16, 10]
[-5, -15, -9, -5] [1, 3, 0, -9] [3, -1, 1, -5] [-7, -2, 12, -29] [20, 17, -7, -1] [14, 18, 17, 1] [-22, -8, 9, -15]
------------------------------
ALIVE
Head: (8 1)
Body: (8 1) (8 0) (7 0) (7 -1) (7 55) (7 54) (7 53) (7 52) (8 52) 
Length: 9, 4
Vision: 3
Hungry, suplies: 10/10
Reproductive: 16, mutating: 0.25
Generation: 10535
####################################
Wall (up, right, down, left):
[1, -1, -12, -5] [8, -4, 1, 14] [-5, 2, 18, 7] [3, 18, 6, 9] [9, 1, 8, -2] [-11, -9, -2, -9] [3, -4, 4, -11]
[3, 10, -7, -3] [9, 22, -1, 5] [-1, 3, -4, 12] [-10, -6, 7, 12] [10, -9, 11, 7] [-13, 12, 14, 0] [-4, -15, 8, 2]
[2, 8, 7, -16] [1, 10, -7, 16] [5, 3, 8, -11] [-27, 6, 32, 8] [-27, -15, -20, 10] [6, -22, 1, 9] [-7, -4, -2, 7]
[-5, -10, 4, -18] [6, 8, 2, -2] [-6, 12, -1, -57] [0, 0, 0, 0] [8, -47, 14, 10] [9, -18, 2, 22] [-2, -14, -4, -7]
[-5, -6, -13, -5] [4, 11, -4, 8] [-9, 9, -18, -4] [12, -5, -33, -10] [6, -8, -3, 21] [1, 12, -10, 9] [-9, -12, 9, -2]
[-6, 18, -2, -10] [-3, -8, -14, -19] [-1, -7, 0, -2] [-1, -1, 8, -4] [9, 5, -11, 4] [11, 7, -9, -9] [15, -2, -1, 7]
[1, -8, -22, -1] [-3, -8, -8, -7] [-13, -1, -3, -1] [1, 16, -5, -3] [11, -2, -1, 10] [3, 6, -18, -2] [-2, 2, 10, -1]
Food (up, right, down, left):
[19, 4, -5, 15] [-1, 8, 1, -9] [-1, -4, -13, 4] [3, -4, 2, -1] [-5, 9, 6, 17] [9, -20, 6, -5] [-12, 1, 5, -7]
[-17, -11, -10, -4] [-10, 6, -9, -6] [18, 15, -6, 9] [-11, 11, -19, 12] [7, 3, 7, -15] [10, -17, 7, 17] [-8, -8, -1, 1]
[-4, 11, -6, 6] [4, 1, 11, -14] [2, -37, -7, 10] [17, -15, 10, -11] [-6, -2, -7, -1] [7, 1, -4, -12] [7, 2, 14, 17]
[-2, -14, 5, 15] [-16, -8, -23, 11] [-4, 17, -21, -1] [0, 0, 0, 0] [-14, 29, 10, -3] [-4, -1, -10, -2] [-7, -4, -22, -1]
[9, 9, -10, 9] [3, -5, 7, 9] [5, -1, -3, 2] [-4, -3, 15, -5] [-2, -14, -4, -6] [-13, 15, 17, -2] [2, 2, -5, -16]
[3, -5, 23, -9] [16, -6, 16, 10] [-5, 12, 7, 15] [3, -19, -4, -11] [-3, -10, 0, -7] [-8, 2, -9, 9] [1, 23, -16, 10]
[-5, -15, -9, -5] [1, 3, 0, 0] [3, -1, 1, -5] [-7, -2, 12, -29] [20, 17, -11, -1] [14, 13, 17, 1] [-22, -8, 9, -15]
------------------------------
ALIVE
Head: (0 56)
Body: (0 -1) (0 0) (0 1) (0 2) (0 3) (1 3) (1 4) (1 5) 
Length: 8, 4
Vision: 3
Hungry, suplies: 9/10
Reproductive: 16, mutating: 0.25
Generation: 10556
####################################
Wall (up, right, down, left):
[1, -1, -12, -5] [8, -4, 1, 14] [-5, 2, 18, 7] [3, 18, 6, 9] [9, 1, 8, -2] [-11, -9, -2, -9] [3, -4, 4, -11]
[3, 10, -7, -3] [9, 22, -1, 5] [-1, 3, -4, 12] [-10, -6, 7, 12] [10, -9, 11, 7] [-13, 12, 14, 0] [-4, -15, 8, 2]
[2, 8, 7, -16] [1, 10, -7, 16] [5, 3, 8, -11] [-27, 6, 32, 8] [-27, -15, -20, 10] [6, -22, 1, 9] [-7, -4, -2, 7]
[-5, -10, 4, -18] [6, 8, 2, -2] [-6, 12, -1, -57] [0, 0, 0, 0] [8, -47, 14, 10] [9, -18, 2, 22] [-2, -14, -4, -7]
[-5, -6, -13, -5] [4, 11, -4, 8] [-9, 9, -18, -4] [12, -5, -33, -10] [6, -8, -3, 21] [1, 12, -10, 9] [-9, -12, 9, -2]
[-6, 18, -2, -10] [-3, -8, -14, -19] [-1, -7, 0, -2] [-1, -1, 8, -4] [9, 5, -11, 4] [11, 7, -9, -9] [15, -2, -1, 7]
[1, -8, -22, -1] [-3, -8, -8, -7] [-13, -1, -3, -1] [1, 16, -5, -3] [11, -2, -1, 10] [3, 6, -18, -2] [-2, 2, 10, -1]
Food (up, right, down, left):
[19, 4, -5, 15] [-1, 8, 1, -9] [-1, -4, -13, 4] [3, -4, 2, -1] [-5, 9, 6, 17] [9, -20, 6, -5] [-12, 1, 5, -7]
[-17, -11, -10, -4] [-10, 6, -9, -6] [18, 15, -6, 9] [-11, 11, -19, 12] [7, 3, 7, -15] [10, -17, 7, 17] [-8, -8, -1, 1]
[-4, 11, -6, 6] [4, 1, 11, -14] [2, -37, -7, 10] [17, -15, 10, -11] [-6, -2, -7, -1] [7, 1, -4, -12] [7, 2, 14, 17]
[-2, -14, 5, 15] [-16, -8, -23, 11] [-4, 17, -21, -1] [0, 0, 0, 0] [-14, 29, 10, -3] [-4, -1, -10, -2] [-7, -4, -22, -1]
[9, 9, -10, 9] [3, -5, 7, 9] [5, -1, -3, 2] [-4, -3, 15, -5] [-2, -14, -4, -6] [-13, 15, 17, -2] [2, 2, -5, -16]
[3, -5, 23, -9] [16, -6, 16, 10] [-5, 12, 7, 15] [3, -19, -4, -11] [-3, -10, 0, -7] [-8, 2, -9, 9] [1, 23, -16, 10]
[-5, -15, -9, -5] [1, 3, 0, 0] [3, -1, 1, -5] [-7, -2, 12, -29] [20, 17, -11, -1] [14, 13, 17, 1] [-22, -8, 9, -15]
------------------------------
ALIVE
Head: (2 0)
Body: (2 0) (2 1) (2 2) (3 2) (4 2) (4 3) (4 4) (4 5) 
Length: 8, 4
Vision: 3
Hungry, suplies: 10/10
Reproductive: 16, mutating: 0.25
Generation: 10555
####################################
Wall (up, right, down, left):
[1, -1, -12, -5] [8, -4, 1, 14] [-5, 2, 18, 7] [3, 18, 6, 9] [9, 1, 3, -7] [-11, -9, -2, -9] [3, -4, 4, -8]
[3, 10, -7, -3] [9, 22, 6, 5] [0, 3, -3, 12] [-14, -6, 7, 12] [10, -9, 11, 7] [-13, 12, 14, 0] [-4, -15, 8, 2]
[2, 8, 7, -16] [1, 10, -7, 16] [5, 3, 8, -11] [-31, 11, 32, 9] [-27, -15, -20, 10] [6, -22, 1, 9] [-7, -4, -3, 7]
[-5, -10, 4, -18] [6, 8, -1, -2] [-6, 12, -1, -57] [0, 0, 0, 0] [8, -47, 14, 10] [9, -18, 2, 22] [-2, -14, -4, -7]
[-5, -6, -13, -5] [4, 11, -4, 8] [-9, 9, -18, -4] [12, -5, -33, -10] [9, -8, -3, 21] [1, 12, -10, 9] [-7, -12, 9, -2]
[-6, 18, -2, -10] [-3, -8, -14, -19] [-1, -7, 0, -2] [-1, -1, 8, -4] [9, 5, -6, 4] [11, 7, -9, -5] [15, -2, -1, 7]
[1, -8, -22, -1] [-3, -8, -3, -12] [-13, -1, -3, -1] [1, 16, -6, -3] [11, -2, -1, 10] [2, 6, -18, -2] [-2, 2, 10, -1]
Food (up, right, down, left):
[19, 4, -5, 15] [-1, 8, 1, -9] [-1, -4, -13, 4] [3, -4, 2, -1] [-5, 9, 2, 19] [9, -20, 6, -5] [-12, 1, 5, -12]
[-17, -11, -10, -4] [-10, 6, -4, -2] [18, 13, -6, 10] [-11, 11, -16, 12] [7, 3, 7, -15] [10, -17, 7, 17] [-8, -8, -1, 1]
[-4, 11, -6, 6] [4, 1, 11, -14] [2, -37, -7, 10] [17, -14, 10, -15] [-6, -2, -7, -1] [7, 1, -4, -12] [7, -1, 14, 17]
[-2, -9, 5, 15] [-16, -8, -26, 11] [-4, 17, -21, -1] [0, 0, 0, 0] [-14, 29, 10, -3] [-4, -1, -10, -2] [-7, -4, -22, -1]
[9, 9, -10, 9] [3, -5, 7, 9] [5, -1, -3, 2] [-4, -3, 15, -5] [-2, -18, -4, -6] [-13, 15, 17, -2] [2, -1, -5, -16]
[3, -5, 23, -9] [16, -6, 16, 10] [-5, 12, 7, 15] [3, -19, -4, -11] [-3, -8, 0, -7] [-7, 2, -9, 9] [1, 23, -16, 10]
[-5, -15, -9, -5] [1, 3, 0, -9] [3, -1, 1, -5] [-5, -2, 12, -29] [20, 17, -11, -1] [14, 18, 17, 1] [-22, -8, 9, -15]
------------------------------
ALIVE
Head: (15 33)
Body: (15 33) (15 34) (15 35) (14 35) (14 36) (14 37) (14 38) (13 38) 
Length: 8, 4
Vision: 3
Hungry, suplies: 10/10
Reproductive: 16, mutating: 0.25
Generation: 10535
####################################
