Wall (up, right, down, left):
[3, 4, 17, -7] [-2, 4, 11, -20] [-30, 4, -1, -25] [6, -1, 25, 4] [-15, 19, 24, -7] [21, -3, -15, -5] [0, -19, -1, -7]
[-51, -14, 5, -15] [0, 14, -11, -5] [-38, 1, 10, 6] [-39, 13, 21, 19] [35, 20, 2, -12] [-28, -19, -1, -16] [-17, -3, -1, 14]
[0, 0, 30, 29] [-6, 20, -12, -8] [-8, -6, 44, -24] [-82, 18, 63, 9] [-44, -40, -17, 40] [-24, -21, -7, -1] [-23, -22, -26, 0]
[7, 48, -10, -39] [7, 0, 37, -27] [3, 47, 5, -109] [0, 0, 0, 0] [40, -105, 33, 19] [28, -4, -5, 0] [2, 1, 20, 3]
[-3, -33, 4, -3] [18, 2, -19, -13] [-14, -13, -38, -44] [50, 13, -123, 22] [10, -6, -32, 33] [6, 13, -6, 21] [-35, -72, -21, 38]
[22, 28, 1, 1] [-29, 3, -19, 0] [34, -14, 13, -2] [-8, 5, -33, -13] [2, -4, -44, -13] [2, -11, -20, 2] [45, 4, 19, -7]
[-17, -13, 18, -9] [-2, -10, -57, -21] [-11, 11, 24, 2] [-21, 22, -45, -15] [36, 7, -11, 27] [42, -22, -39, 23] [-16, 1, 33, -1]
Food (up, right, down, left):
[10, 14, -5, 22] [-9, 19, 1, -25] [18, -19, 25, 16] [-21, -2, 50, 2] [-10, 0, 54, -14] [-6, -22, -18, -16] [-50, 11, 13, -15]
[-79, 7, -50, -4] [-4, -7, -36, -3] [7, 27, 16, 35] [-17, 20, -49, 25] [18, 5, -3, -58] [61, 6, -44, 29] [8, 0, 22, 32]
[-20, 7, 31, -34] [12, -4, -17, 30] [-52, -38, -42, 18] [48, -31, 14, 14] [-13, -11, -18, -30] [9, 24, -48, -32] [52, 33, 7, 11]
[11, 26, -1, 42] [-18, -7, -27, 32] [1, 3, -37, -9] [0, 0, 0, 0] [-14, 51, -41, -5] [20, -22, -39, -27] [-22, 52, -19, 16]
[0, 10, -12, 12] [10, 20, 5, 40] [29, -6, 35, 24] [-15, -51, 29, -10] [5, 10, 18, -19] [1, 48, 20, 19] [-11, -13, 9, 2]
[8, -31, -9, 10] [4, 8, 16, -16] [18, 10, 18, 36] [-27, -34, 55, -20] [-44, -43, 15, -71] [-28, 67, 21, 21] [1, 39, 5, 30]
[12, -9, -32, -21] [-7, 9, 16, -59] [30, 15, -1, -15] [-18, 2, 8, -32] [56, 26, 3, -20] [31, 29, 9, 2] [10, -18, 17, -21]
------------------------------
ALIVE
Head: (19 13)
Body: (19 13) (19 12) (20 12) (20 13) (21 13) (21 12) (22 12) (23 12) 
Length: 8, 4
Vision: 3
Hungry, suplies: 9/10
Reproductive: 16, mutating: 0.25
Generation: 51842
####################################
Wall (up, right, down, left):
[3, 4, 17, -7] [-2, 4, 11, -20] [-30, 4, -1, -25] [6, -4, 25, 4] [-15, 19, 24, -7] [21, -5, -15, -5] [0, -19, -1, -7]
[-51, -14, 4, -15] [0, 14, -14, -5] [-38, 1, 10, 6] [-39, 13, 21, 19] [35, 20, 2, -12] [-28, -19, -1, -16] [-17, -3, -1, 14]
[0, 0, 30, 29] [-6, 20, -12, -8] [-8, -5, 44, -24] [-82, 18, 63, 9] [-46, -40, -17, 40] [-24, -21, -7, -1] [-23, -22, -26, 0]
[7, 48, -10, -39] [7, 0, 37, -27] [3, 47, 5, -109] [0, 0, 0, 0] [40, -109, 33, 19] [28, -4, -5, 0] [2, 1, 20, 3]
[-3, -36, 4, -3] [18, 2, -19, -13] [-14, -13, -38, -44] [50, 13, -123, 22] [10, -6, -32, 33] [1, 13, -6, 21] [-35, -72, -21, 38]
[22, 28, 1, 1] [-29, 3, -19, 0] [34, -14, 13, -2] [-8, 5, -33, -9] [2, -4, -44, -13] [2, -11, -20, -1] [45, 4, 19, -7]
[-17, -14, 18, -9] [-2, -10, -57, -21] [-11, 11, 24, 2] [-21, 22, -45, -14] [36, 7, -11, 27] [42, -22, -39, 23] [-16, 1, 33, -1]
Food (up, right, down, left):
[10, 14, -5, 22] [-9, 19, 1, -25] [18, -19, 25, 16] [-25, -2, 50, 2] [-10, 0, 54, -14] [-6, -22, -16, -16] [-50, 11, 13, -15]
[-79, 7, -48, -4] [-4, -7, -33, -3] [7, 27, 16, 35] [-17, 20, -49, 25] [18, 5, -3, -58] [61, 6, -44, 29] [8, 0, 22, 32]
[-20, 7, 31, -34] [12, -4, -17, 30] [-52, -38, -42, 23] [48, -31, 14, 14] [-13, -11, -18, -30] [9, 24, -48, -32] [52, 33, 7, 11]
[11, 26, -1, 42] [-18, -7, -27, 32] [1, 3, -37, -9] [0, 0, 0, 0] [-19, 51, -41, -5] [20, -22, -39, -27] [-22, 52, -19, 16]
[0, 6, -12, 12] [10, 20, 5, 40] [29, -6, 35, 24] [-15, -51, 29, -10] [5, 10, 18, -19] [1, 48, 16, 19] [-11, -13, 9, 2]
[8, -31, -9, 10] [4, 8, 16, -16] [18, 10, 18, 36] [-27, -34, 54, -20] [-44, -43, 15, -71] [-28, 64, 21, 21] [1, 39, 5, 30]
[12, -5, -32, -21] [-7, 9, 16, -59] [30, 15, -1, -15] [-15, 2, 8, -32] [56, 26, 3, -20] [31, 29, 9, 2] [10, -18, 17, -21]
------------------------------
ALIVE
Head: (9 35)
Body: (9 35) (9 36) (8 36) (8 37) (8 38) (8 39) (7 39) (6 39) (6 38) (6 37) (6 36) (6 35) (6 34) (6 33) 
Length: 14, 4
Vision: 3
Hungry, suplies: 9/10
Reproductive: 16, mutating: 0.25
Generation: 51836
####################################
Wall (up, right, down, left):
[3, 4, 17, -7] [-2, 4, 11, -20] [-30, 4, -1, -25] [6, -4, 25, 4] [-15, 19, 24, -7] [21, -5, -15, -5] [0, -19, -1, -7]
[-51, -14, 4, -15] [0, 14, -14, -5] [-38, 1, 10, 6] [-39, 13, 21, 19] [35, 20, 2, -12] [-28, -19, -1, -16] [-17, -3, -1, 14]
[0, 0, 30, 29] [-6, 20, -12, -8] [-8, -5, 44, -24] [-82, 18, 63, 9] [-46, -40, -17, 40] [-24, -21, -7, -1] [-23, -22, -26, 0]
[7, 48, -10, -39] [7, 0, 37, -27] [3, 47, 5, -109] [0, 0, 0, 0] [40, -109, 33, 19] [28, -4, -5, 0] [2, 1, 20, 3]
[-3, -36, 4, -3] [18, 2, -19, -13] [-14, -13, -38, -44] [50, 13, -123, 22] [10, -6, -32, 33] [1, 13, -6, 21] [-35, -72, -21, 38]
[22, 28, 1, 1] [-29, 3, -19, 0] [34, -14, 13, -2] [-8, 5, -33, -9] [2, -4, -44, -13] [2, -11, -20, -1] [45, 4, 19, -7]
[-17, -14, 18, -9] [-2, -10, -57, -21] [-11, 11, 24, 2] [-21, 24, -45, -9] [36, 7, -11, 27] [42, -22, -39, 23] [-16, 1, 33, -1]
Food (up, right, down, left):
[10, 14, -5, 22] [-9, 19, 1, -25] [18, -19, 25, 16] [-25, -2, 50, 2] [-10, 0, 54, -14] [-6, -22, -16, -16] [-50, 11, 13, -15]
[-79, 7, -48, -4] [-4, -7, -33, -3] [7, 27, 16, 35] [-17, 20, -49, 25] [18, 5, -3, -58] [61, 6, -44, 29] [8, 0, 22, 32]
[-20, 7, 31, -34] [12, -4, -17, 30] [-52, -38, -42, 23] [48, -31, 14, 14] [-13, -11, -18, -30] [9, 24, -48, -32] [52, 33, 7, 11]
[11, 26, -1, 42] [-18, -7, -27, 32] [1, 3, -37, -9] [0, 0, 0, 0] [-19, 51, -41, -5] [20, -22, -39, -27] [-22, 52, -19, 16]
[0, 6, -12, 12] [10, 20, 5, 40] [29, -6, 35, 24] [-15, -51, 29, -10] [5, 10, 18, -19] [1, 48, 16, 19] [-11, -13, 9, 2]
[8, -31, -9, 10] [4, 8, 16, -16] [18, 10, 18, 36] [-27, -34, 54, -20] [-44, -43, 15, -71] [-28, 64, 21, 21] [1, 39, 5, 30]
[12, -5, -32, -21] [-7, 9, 16, -59] [30, 15, -1, -15] [-19, 2, 8, -33] [56, 26, 3, -20] [31, 29, 9, 2] [10, -18, 17, -21]
------------------------------
ALIVE
Head: (23 49)
Body: (23 49) (23 48) (24 48) (-1 47) (0 47) (1 47) (2 47) (3 47) (3 46) (3 45) (2 45) (1 45) (0 45) (25 46) (24 46) 
Length: 15, 4
Vision: 3
Hungry, suplies: 10/10
Reproductive: 16, mutating: 0.25
Generation: 51843
####################################
Wall (up, right, down, left):
[3, 4, 17, -7] [-2, 4, 11, -20] [-30, 4, -1, -28] [6, -4, 25, 4] [-15, 19, 24, -7] [21, -3, -15, -5] [0, -19, -1, -7]
[-51, -14, 5, -15] [0, 14, -11, -5] [-38, 1, 10, 6] [-39, 13, 21, 19] [35, 20, 2, -12] [-28, -19, -6, -16] [-17, -3, -1, 14]
[0, 0, 30, 29] [-6, 20, -12, -8] [-8, -6, 44, -24] [-82, 18, 63, 9] [-44, -40, -17, 40] [-24, -21, -7, -1] [-23, -22, -26, 0]
[7, 48, -10, -39] [7, 0, 37, -31] [3, 47, 5, -109] [0, 0, 0, 0] [40, -105, 33, 19] [28, -4, -5, 0] [2, 1, 20, 3]
[-3, -33, 4, -3] [18, 2, -19, -13] [-14, -13, -38, -44] [50, 13, -123, 22] [10, -6, -32, 33] [6, 13, -6, 21] [-35, -72, -21, 38]
[22, 28, 1, 1] [-29, 3, -19, 0] [34, -14, 13, -2] [-8, 5, -33, -13] [2, -4, -44, -13] [2, -11, -20, 2] [45, 4, 19, -7]
[-17, -14, 18, -9] [-2, -10, -57, -21] [-11, 11, 24, 2] [-21, 22, -45, -15] [36, 7, -11, 27] [42, -22, -39, 23] [-16, 1, 33, -1]
Food (up, right, down, left):
[10, 14, -5, 22] [-9, 19, 1, -25] [18, -19, 25, 18] [-25, -2, 50, 2] [-10, 0, 54, -14] [-6, -22, -18, -16] [-50, 11, 13, -15]
[-79, 7, -50, -4] [-4, -7, -36, -3] [7, 27, 16, 35] [-17, 20, -49, 25] [18, 5, -3, -58] [61, 6, -45, 29] [8, 0, 22, 32]
[-20, 7, 31, -34] [12, -4, -17, 30] [-52, -38, -42, 18] [48, -31, 14, 14] [-13, -11, -18, -30] [9, 24, -48, -32] [52, 33, 7, 11]
[11, 26, -1, 42] [-18, -7, -30, 32] [1, 3, -37, -9] [0, 0, 0, 0] [-14, 51, -41, -5] [20, -22, -39, -27] [-22, 52, -19, 16]
[0, 10, -12, 12] [10, 20, 5, 40] [29, -6, 35, 24] [-15, -51, 29, -10] [5, 10, 18, -19] [1, 48, 20, 19] [-11, -13, 9, 2]
[8, -31, -9, 10] [4, 8, 16, -16] [18, 10, 18, 36] [-27, -34, 55, -20] [-44, -43, 15, -71] [-28, 67, 21, 21] [1, 39, 5, 30]
[12, -5, -32, -21] [-7, 9, 16, -59] [30, 15, -1, -15] [-18, 2, 8, -32] [56, 26, 3, -20] [31, 29, 9, 2] [10, -18, 17, -21]
------------------------------
ALIVE
Head: (8 13)
Body: (8 13) (9 13) (9 14) (9 15) (8 15) (7 15) (6 15) (5 15) (4 15) (3 15) (3 14) (4 14) (5 14) 
Length: 13, 4
Vision: 3
Hungry, suplies: 3/10
Reproductive: 16, mutating: 0.25
Generation: 51848
####################################
Wall (up, right, down, left):
[3, 4, 17, -7] [-2, 4, 11, -20] [-30, 4, -1, -25] [6, -4, 25, 4] [-15, 19, 24, -7] [21, -5, -15, -5] [0, -19, -1, -7]
[-51, -14, 4, -15] [0, 14, -14, -5] [-38, 1, 10, 6] [-39, 13, 21, 19] [35, 20, 2, -12] [-28, -19, -1, -16] [-17, -3, -1, 14]
[0, 0, 30, 29] [-6, 20, -12, -8] [-8, -5, 44, -24] [-82, 18, 63, 9] [-46, -40, -17, 40] [-24, -21, -7, -1] [-23, -22, -26, 0]
[7, 48, -10, -39] [7, 0, 37, -27] [3, 47, 5, -109] [0, 0, 0, 0] [40, -109, 33, 19] [28, -4, -5, 0] [2, 1, 20, 3]
[-3, -36, 4, -3] [18, 2, -19, -13] [-14, -13, -38, -44] [50, 13, -123, 22] [10, -6, -32, 33] [1, 13, -6, 21] [-35, -72, -21, 38]
[22, 28, 1, 1] [-29, 3, -19, 0] [34, -14, 13, -2] [-8, 5, -33, -9] [2, -4, -44, -13] [2, -11, -20, -1] [45, 4, 19, -7]
[-17, -14, 18, -9] [-2, -10, -57, -21] [-11, 11, 24, 2] [-21, 24, -45, -9] [36, 7, -11, 27] [42, -22, -39, 23] [-16, 1, 33, -1]
Food (up, right, down, left):
[10, 14, -5, 22] [-9, 19, 1, -25] [18, -19, 25, 16] [-25, -2, 50, 2] [-10, 0, 54, -14] [-6, -22, -16, -16] [-50, 11, 13, -15]
[-79, 7, -48, -4] [-4, -7, -33, -3] [7, 27, 16, 35] [-17, 20, -49, 25] [18, 5, -3, -58] [61, 6, -44, 29] [8, 0, 22, 32]
[-20, 7, 31, -34] [12, -4, -17, 30] [-52, -38, -42, 23] [48, -31, 14, 14] [-13, -11, -18, -30] [9, 24, -48, -32] [52, 33, 7, 11]
[11, 26, -1, 42] [-18, -7, -27, 32] [1, 3, -37, -9] [0, 0, 0, 0] [-19, 51, -41, -5] [20, -22, -39, -27] [-22, 52, -19, 16]
[0, 6, -12, 12] [10, 20, 5, 40] [29, -6, 35, 24] [-15, -51, 29, -10] [5, 10, 18, -19] [1, 48, 16, 19] [-11, -13, 9, 2]
[8, -31, -9, 10] [4, 8, 16, -16] [18, 10, 18, 36] [-27, -34, 54, -20] [-44, -43, 15, -71] [-28, 64, 21, 21] [1, 39, 5, 30]
[12, -5, -32, -21] [-7, 9, 16, -59] [30, 15, -1, -15] [-19, 2, 8, -33] [56, 26, 3, -20] [31, 29, 9, 2] [10, -18, 17, -21]
------------------------------
ALIVE
Head: (0 1)
Body: (0 1) (0 57) (0 56) (1 56) (2 -1) (2 0) (3 57) (3 56) (3 55) (4 55) 
Length: 10, 4
Vision: 3
Hungry, suplies: 2/10
Reproductive: 16, mutating: 0.25
Generation: 51845
####################################
Wall (up, right, down, left):
[3, 4, 17, -7] [-2, 4, 11, -20] [-30, 4, -1, -25] [6, -4, 25, 4] [-15, 19, 24, -7] [21, -5, -15, -5] [0, -19, -1, -3]
[-51, -14, 4, -15] [0, 14, -11, -5] [-38, 1, 10, 6] [-39, 13, 21, 19] [35, 20, 2, -12] [-28, -19, -1, -16] [-17, -3, -1, 14]
[0, 0, 30, 28] [-6, 20, -12, -8] [-8, -5, 44, -24] [-82, 18, 63, 9] [-44, -40, -17, 40] [-24, -21, -7, -1] [-23, -22, -26, 0]
[7, 48, -10, -39] [7, 0, 37, -27] [3, 47, 5, -109] [0, 0, 0, 0] [40, -109, 33, 19] [28, -4, -5, 0] [2, 1, 20, 3]
[-3, -36, 4, -3] [18, 2, -19, -13] [-14, -13, -38, -44] [50, 13, -123, 22] [10, -6, -32, 33] [6, 13, -6, 21] [-35, -72, -21, 38]
[22, 28, 1, 1] [-29, 3, -19, 0] [34, -14, 13, -2] [-8, 5, -33, -9] [2, -4, -44, -13] [2, -11, -20, -1] [45, 4, 19, -7]
[-17, -14, 18, -9] [-2, -10, -57, -21] [-11, 11, 24, 2] [-21, 22, -45, -14] [36, 7, -11, 27] [45, -22, -39, 23] [-16, 1, 33, -1]
Food (up, right, down, left):
[10, 14, -5, 22] [-9, 19, 1, -25] [18, -19, 25, 16] [-25, -2, 50, 2] [-10, 0, 54, -14] [-6, -22, -16, -16] [-50, 11, 13, -12]
[-79, 7, -48, -4] [-4, -2, -36, -3] [7, 27, 16, 35] [-17, 20, -49, 25] [18, 5, -3, -58] [61, 6, -44, 29] [8, 0, 22, 32]
[-20, 7, 29, -34] [12, -4, -17, 30] [-52, -38, -42, 23] [48, -31, 14, 14] [-13, -11, -18, -30] [9, 24, -48, -32] [52, 33, 7, 11]
[11, 26, -1, 42] [-18, -7, -27, 32] [1, 3, -37, -9] [0, 0, 0, 0] [-19, 51, -41, -5] [20, -22, -39, -27] [-22, 52, -19, 16]
[0, 6, -12, 12] [10, 20, 5, 40] [29, -6, 35, 24] [-15, -51, 29, -10] [5, 10, 18, -19] [1, 48, 20, 19] [-11, -13, 9, 2]
[8, -31, -9, 10] [4, 8, 16, -16] [18, 10, 18, 36] [-27, -34, 54, -20] [-44, -43, 15, -71] [-28, 64, 21, 21] [1, 39, 5, 30]
[12, -5, -32, -21] [-7, 9, 16, -59] [30, 15, -1, -15] [-15, 2, 8, -32] [56, 26, 3, -20] [28, 29, 9, 2] [10, -18, 17, -21]
------------------------------
ALIVE
Head: (8 3)
Body: (8 3) (7 3) (6 3) (5 3) (4 3) (4 2) (4 1) 
Length: 7, 4
Vision: 3
Hungry, suplies: 10/10
Reproductive: 16, mutating: 0.25
Generation: 51837
####################################
Wall (up, right, down, left):
[3, 4, 17, -7] [-2, 4, 11, -22] [-30, 4, -1, -25] [6, -1, 25, 4] [-15, 19, 24, -7] [21, -3, -15, -5] [0, -19, -1, -7]
[-51, -14, 5, -15] [0, 14, -11, -5] [-38, 1, 10, 6] [-39, 13, 21, 19] [35, 20, 2, -12] [-28, -19, -1, -16] [-17, -3, -1, 14]
[0, 0, 30, 29] [-6, 20, -12, -8] [-8, -6, 44, -24] [-82, 18, 63, 9] [-44, -40, -17, 40] [-24, -21, -7, -1] [-23, -22, -26, 0]
[7, 48, -10, -39] [7, 0, 37, -27] [3, 47, 5, -109] [0, 0, 0, 0] [40, -105, 33, 19] [28, -4, -5, 0] [2, 1, 20, 3]
[-3, -33, 4, -3] [18, 2, -19, -13] [-14, -13, -38, -44] [50, 13, -123, 22] [10, -6, -32, 33] [6, 13, -6, 21] [-35, -72, -21, 38]
[22, 28, 1, 1] [-29, 3, -19, 0] [34, -14, 13, -2] [-8, 5, -33, -13] [2, -4, -44, -13] [2, -11, -20, 2] [45, 4, 19, -7]
[-17, -13, 18, -9] [-2, -10, -57, -21] [-11, 11, 24, 2] [-21, 22, -45, -15] [36, 7, -11, 27] [42, -22, -39, 23] [-16, 1, 33, -1]
Food (up, right, down, left):
[10, 14, -5, 22] [-9, 19, 6, -25] [18, -19, 25, 16] [-21, -2, 50, 2] [-10, 0, 54, -14] [-6, -22, -18, -16] [-50, 11, 13, -15]
[-79, 7, -50, -4] [-4, -7, -36, -3] [7, 27, 16, 35] [-17, 20, -49, 25] [18, 5, -3, -58] [61, 6, -44, 29] [8, 0, 22, 32]
[-20, 7, 31, -34] [12, -4, -17, 30] [-52, -38, -42, 18] [48, -31, 14, 14] [-13, -11, -18, -30] [9, 24, -48, -32] [52, 33, 7, 11]
[11, 26, -1, 42] [-18, -7, -27, 32] [1, 3, -37, -9] [0, 0, 0, 0] [-14, 51, -41, -5] [20, -22, -39, -27] [-22, 52, -19, 16]
[0, 10, -12, 12] [10, 20, 5, 40] [29, -6, 35, 24] [-15, -51, 29, -10] [5, 10, 18, -19] [1, 48, 20, 19] [-11, -13, 9, 2]
[8, -31, -9, 10] [4, 8, 16, -16] [18, 10, 18, 36] [-27, -34, 55, -20] [-44, -43, 15, -71] [-28, 67, 21, 21] [1, 39, 5, 30]
[12, -9, -32, -21] [-7, 9, 16, -59] [30, 15, -1, -15] [-18, 2, 8, -32] [56, 26, 3, -20] [31, 29, 9, 2] [10, -18, 17, -21]
------------------------------
ALIVE
Head: (8 30)
Body: (8 30) (7 30) (6 30) (5 30) (5 31) (5 32) (5 33) (5 34) (5 35) (5 36) (4 36) (4 35) 
Length: 12, 4
Vision: 3
Hungry, suplies: 5/10
Reproductive: 16, mutating: 0.25
Generation: 51846
####################################
Wall (up, right, down, left):
[3, 4, 17, -7] [-2, 4, 11, -20] [-30, 4, -1, -25] [6, -1, 25, 4] [-15, 19, 24, -7] [21, -3, -15, -5] [0, -19, -1, -7]
[-51, -14, 5, -15] [0, 14, -11, -5] [-38, 1, 10, 6] [-39, 13, 21, 19] [35, 20, 2, -12] [-28, -19, -1, -16] [-17, -3, -1, 14]
[0, 0, 30, 29] [-6, 20, -12, -8] [-8, -6, 44, -24] [-82, 18, 63, 9] [-44, -40, -17, 40] [-24, -21, -7, -1] [-23, -22, -26, 0]
[7, 48, -10, -39] [7, 0, 37, -27] [3, 47, 5, -109] [0, 0, 0, 0] [40, -105, 33, 19] [28, -4, -5, 0] [2, 1, 20, 3]
[-3, -33, 4, -3] [18, 2, -19, -13] [-14, -13, -38, -44] [50, 13, -123, 22] [10, -6, -32, 33] [6, 13, -6, 21] [-35, -72, -21, 38]
[22, 28, 1, 1] [-29, 3, -19, 0] [34, -14, 13, -2] [-8, 5, -33, -13] [2, -4, -44, -13] [2, -11, -20, 2] [45, 4, 19, -7]
[-17, -13, 18, -9] [-2, -10, -57, -26] [-11, 11, 24, 2] [-21, 22, -45, -15] [36, 7, -11, 27] [42, -22, -39, 23] [-16, 1, 33, -1]
Food (up, right, down, left):
[10, 14, -5, 22] [-9, 19, 1, -25] [18, -19, 25, 16] [-21, -2, 50, 2] [-10, 0, 54, -14] [-6, -22, -18, -16] [-50, 11, 13, -15]
[-79, 7, -50, -4] [-4, -7, -36, -3] [7, 27, 16, 35] [-17, 20, -49, 25] [18, 5, -3, -58] [61, 6, -44, 29] [8, 0, 22, 32]
[-20, 7, 31, -34] [12, -4, -17, 30] [-52, -38, -42, 18] [48, -31, 14, 14] [-13, -11, -18, -30] [9, 24, -48, -32] [52, 33, 7, 11]
[11, 26, -1, 42] [-18, -7, -27, 32] [1, 3, -37, -9] [0, 0, 0, 0] [-14, 51, -41, -5] [20, -22, -39, -27] [-22, 52, -19, 16]
[0, 10, -12, 12] [10, 20, 5, 40] [29, -6, 35, 24] [-15, -51, 29, -10] [5, 10, 18, -19] [1, 48, 20, 19] [-11, -13, 9, 2]
[8, -31, -9, 10] [4, 8, 16, -16] [18, 10, 18, 36] [-27, -34, 55, -20] [-44, -43, 15, -71] [-28, 67, 21, 21] [1, 39, 5, 30]
[12, -9, -32, -21] [-2, 9, 16, -59] [30, 15, -1, -15] [-18, 2, 8, -32] [56, 26, 3, -20] [31, 29, 9, 2] [10, -18, 17, -21]
------------------------------
ALIVE
Head: (18 24)
Body: (18 24) (18 23) (18 22) (18 21) (18 20) (18 19) (17 19) (16 19) (15 19) (14 19) (13 19) (12 19) (12 20) (12 21) 
Length: 14, 4
Vision: 3
Hungry, suplies: 7/10
Reproductive: 16, mutating: 0.25
Generation: 51843
####################################
Wall (up, right, down, left):
[3, 4, 17, -7] [-2, 4, 11, -20] [-30, 4, -1, -25] [6, -4, 25, 4] [-15, 19, 24, -7] [21, -5, -15, -5] [0, -19, -1, -7]
[-51, -14, 4, -15] [0, 14, -14, -5] [-38, 1, 10, 6] [-39, 13, 21, 19] [35, 20, 2, -12] [-28, -19, -1, -16] [-17, -3, -1, 14]
[0, 0, 30, 29] [-6, 20, -12, -8] [-8, -5, 44, -24] [-82, 18, 63, 9] [-46, -40, -17, 40] [-24, -21, -7, -1] [-23, -22, -26, 0]
[7, 48, -10, -39] [7, 0, 37, -27] [3, 47, 5, -109] [0, 0, 0, 0] [40, -109, 33, 19] [28, -4, -5, 0] [2, 1, 20, 3]
[-3, -36, 4, -3] [18, 2, -19, -13] [-14, -13, -38, -44] [50, 13, -123, 22] [10, -6, -32, 33] [1, 13, -6, 21] [-35, -72, -21, 38]
[22, 28, 1, 1] [-29, 3, -19, 0] [34, -14, 13, -2] [-8, 5, -33, -9] [2, -4, -44, -13] [2, -11, -20, -1] [45, 4, 19, -7]
[-17, -14, 18, -9] [-2, -10, -57, -21] [-11, 11, 24, 2] [-21, 24, -45, -9] [36, 7, -11, 27] [42, -22, -39, 23] [-16, 1, 33, -1]
Food (up, right, down, left):
[10, 14, -5, 22] [-9, 19, 1, -25] [18, -19, 25, 16] [-25, -2, 50, 2] [-10, 0, 54, -14] [-6, -22, -16, -16] [-50, 11, 13, -15]
[-79, 7, -48, -4] [-4, -7, -33, -3] [7, 27, 16, 35] [-17, 20, -49, 25] [18, 5, -3, -58] [61, 6, -44, 29] [8, 0, 22, 32]
[-20, 7, 31, -34] [12, -4, -17, 30] [-52, -38, -42, 23] [48, -31, 14, 14] [-13, -11, -18, -30] [9, 24, -48, -32] [52, 33, 7, 11]
[11, 26, -1, 42] [-18, -7, -27, 32] [1, 3, -37, -9] [0, 0, 0, 0] [-19, 51, -41, -5] [20, -22, -39, -27] [-22, 52, -19, 16]
[0, 6, -12, 12] [10, 20, 5, 40] [29, -6, 35, 24] [-15, -51, 29, -10] [5, 10, 18, -19] [1, 48, 16, 19] [-11, -13, 9, 2]
[8, -31, -9, 10] [4, 8, 16, -16] [18, 10, 18, 36] [-27, -34, 54, -20] [-44, -43, 15, -71] [-28, 64, 21, 21] [1, 39, 5, 30]
[12, -5, -32, -21] [-7, 9, 16, -59] [30, 15, -1, -15] [-19, 2, 8, -33] [56, 26, 3, -20] [31, 29, 9, 2] [10, -18, 17, -21]
------------------------------
ALIVE
Head: (23 4)
Body: (23 4) (23 3) (23 2) (23 1) (22 1) (21 1) (20 1) (19 1) (18 1) (17 1) 
Length: 10, 4
Vision: 3
Hungry, suplies: 8/10
Reproductive: 16, mutating: 0.25
Generation: 51844
####################################
Wall (up, right, down, left):
[3, 4, 17, -7] [-2, 4, 11, -20] [-30, 4, -1, -28] [6, -4, 25, 4] [-15, 19, 24, -7] [21, -3, -15, -5] [0, -19, -1, -7]
[-51, -14, 5, -15] [0, 14, -11, -5] [-38, 1, 10, 6] [-39, 13, 21, 19] [35, 20, 2, -12] [-28, -19, -6, -16] [-17, -3, -1, 14]
[0, 0, 30, 29] [-6, 20, -12, -8] [-8, -6, 44, -24] [-82, 18, 63, 9] [-44, -44, -17, 40] [-24, -21, -7, -1] [-23, -22, -26, 0]
[7, 48, -10, -39] [7, 0, 37, -31] [3, 47, 5, -109] [0, 0, 0, 0] [40, -105, 33, 19] [28, -4, -5, 0] [2, 1, 20, 3]
[-3, -33, 4, -3] [18, 2, -19, -13] [-14, -13, -38, -44] [50, 13, -123, 22] [10, -6, -32, 33] [6, 13, -6, 21] [-35, -72, -21, 38]
[22, 28, 1, 1] [-29, 3, -19, 0] [34, -14, 13, -2] [-8, 5, -33, -13] [2, -4, -44, -13] [2, -11, -20, 2] [45, 4, 19, -7]
[-17, -14, 18, -9] [-2, -10, -57, -21] [-11, 11, 24, 2] [-21, 22, -45, -15] [36, 7, -11, 27] [42, -22, -39, 23] [-16, 1, 33, -1]
Food (up, right, down, left):
[10, 14, -5, 22] [-9, 19, 1, -25] [18, -19, 25, 18] [-25, -2, 50, 2] [-10, 0, 54, -14] [-6, -22, -18, -16] [-50, 11, 13, -15]
[-79, 7, -50, -4] [-4, -7, -36, -3] [7, 27, 16, 35] [-17, 20, -49, 25] [18, 5, -3, -58] [61, 6, -45, 29] [8, 0, 22, 32]
[-20, 7, 31, -34] [12, -4, -17, 30] [-52, -38, -42, 18] [48, -31, 14, 14] [-13, -11, -18, -26] [9, 24, -48, -32] [52, 33, 7, 11]
[11, 26, -1, 42] [-18, -7, -30, 32] [1, 3, -37, -9] [0, 0, 0, 0] [-14, 51, -41, -5] [20, -22, -39, -27] [-22, 52, -19, 16]
[0, 10, -12, 12] [10, 20, 5, 40] [29, -6, 35, 24] [-15, -51, 29, -10] [5, 10, 18, -19] [1, 48, 20, 19] [-11, -13, 9, 2]
[8, -31, -9, 10] [4, 8, 16, -16] [18, 10, 18, 36] [-27, -34, 55, -20] [-44, -43, 15, -71] [-28, 67, 21, 21] [1, 39, 5, 30]
[12, -5, -32, -21] [-7, 9, 16, -59] [30, 15, -1, -15] [-18, 2, 8, -32] [56, 26, 3, -20] [31, 29, 9, 2] [10, -18, 17, -21]
------------------------------
ALIVE
Head: (18 36)
Body: (18 36) (18 35) (18 34) (18 33) (18 32) (18 31) (19 31) (20 31) (20 30) (20 29) (20 28) (19 28) (18 28) 
Length: 13, 4
Vision: 3
Hungry, suplies: 8/10
Reproductive: 16, mutating: 0.25
Generation: 51849
####################################
Wall (up, right, down, left):
[3, 4, 17, -7] [-2, 4, 11, -20] [-30, 4, -1, -25] [6, -4, 25, 4] [-15, 19, 24, -7] [21, -5, -15, -5] [0, -19, -1, -3]
[-51, -14, 4, -15] [0, 14, -11, -5] [-38, 1, 10, 6] [-39, 13, 21, 19] [35, 20, 2, -12] [-28, -19, -1, -16] [-17, -3, -1, 14]
[0, 0, 30, 29] [-6, 20, -12, -8] [-8, -5, 44, -24] [-82, 18, 63, 9] [-44, -40, -17, 40] [-24, -21, -7, -1] [-23, -22, -26, 0]
[7, 48, -10, -39] [7, 0, 37, -27] [3, 47, 5, -109] [0, 0, 0, 0] [40, -109, 33, 19] [28, -4, -5, 0] [2, 1, 20, 3]
[-3, -36, 4, -3] [18, 2, -19, -13] [-14, -13, -38, -44] [50, 13, -123, 22] [10, -6, -32, 33] [6, 13, -6, 21] [-35, -72, -21, 38]
[22, 28, 1, 1] [-29, 3, -19, 0] [34, -14, 13, -2] [-8, 5, -33, -9] [2, -4, -44, -13] [2, -11, -20, -1] [45, 4, 19, -7]
[-17, -14, 18, -9] [-2, -10, -57, -21] [-11, 11, 24, 2] [-21, 22, -45, -14] [36, 7, -11, 27] [45, -22, -39, 23] [-16, 1, 33, -1]
Food (up, right, down, left):
[10, 14, -5, 22] [-9, 19, 1, -25] [18, -19, 25, 16] [-25, -2, 50, 2] [-10, 0, 54, -14] [-6, -22, -16, -16] [-50, 11, 13, -12]
[-79, 7, -48, -4] [-4, -2, -36, -3] [7, 27, 16, 35] [-17, 20, -49, 25] [18, 5, -3, -58] [61, 6, -44, 29] [8, 0, 22, 32]
[-20, 7, 31, -34] [12, -4, -17, 30] [-52, -38, -42, 23] [48, -31, 14, 14] [-13, -11, -18, -30] [9, 24, -48, -32] [52, 33, 7, 11]
[11, 26, -1, 42] [-18, -7, -27, 32] [1, 3, -37, -9] [0, 0, 0, 0] [-19, 51, -41, -5] [20, -22, -39, -27] [-22, 52, -19, 16]
[0, 6, -12, 12] [10, 20, 5, 40] [29, -6, 35, 24] [-15, -51, 29, -10] [5, 10, 18, -19] [1, 48, 20, 19] [-11, -13, 9, 2]
[8, -31, -9, 10] [4, 8, 16, -16] [18, 10, 18, 36] [-27, -34, 54, -20] [-44, -43, 15, -71] [-28, 64, 21, 21] [1, 39, 5, 30]
[12, -5, -32, -21] [-7, 9, 16, -59] [30, 15, -1, -15] [-15, 2, 8, -32] [56, 26, 3, -20] [28, 29, 9, 2] [10, -18, 17, -21]
------------------------------
ALIVE
Head: (14 9)
Body: (14 9) (14 8) (14 7) (13 7) (13 6) (12 6) (11 6) (11 7) (10 7) 
Length: 9, 4
Vision: 3
Hungry, suplies: 7/10
Reproductive: 16, mutating: 0.25
Generation: 51837
####################################
Wall (up, right, down, left):
[3, 4, 17, -7] [-2, 4, 11, -20] [-30, 4, -1, -25] [6, -4, 25, 4] [-15, 19, 24, -7] [21, -5, -15, -5] [0, -19, -1, -3]
[-51, -14, 4, -15] [0, 14, -11, -5] [-38, 1, 10, 6] [-39, 13, 21, 19] [35, 20, 2, -12] [-28, -19, -1, -16] [-17, -3, -1, 14]
[0, 0, 30, 28] [-6, 20, -12, -8] [-8, -5, 44, -24] [-82, 18, 63, 9] [-44, -40, -17, 40] [-24, -21, -7, -1] [-23, -22, -26, 0]
[7, 48, -10, -39] [7, 0, 37, -27] [3, 47, 5, -109] [0, 0, 0, 0] [40, -109, 33, 19] [28, -4, -5, 0] [2, 1, 20, 3]
[-3, -36, 4, -3] [18, 2, -19, -13] [-14, -10, -38, -44] [50, 13, -123, 22] [10, -6, -32, 33] [6, 13, -6, 21] [-35, -72, -21, 38]
[22, 28, 1, 1] [-29, 3, -19, 0] [34, -14, 13, -2] [-8, 5, -33, -9] [2, -4, -44, -13] [2, -11, -20, -1] [45, 4, 19, -7]
[-17, -14, 18, -9] [-2, -10, -57, -21] [-11, 11, 24, 2] [-21, 20, -45, -14] [36, 7, -11, 27] [45, -22, -39, 23] [-16, 1, 33, -1]
Food (up, right, down, left):
[10, 14, -5, 22] [-9, 19, 1, -25] [18, -19, 25, 16] [-25, -2, 50, 2] [-10, 0, 54, -14] [-6, -22, -16, -16] [-50, 11, 13, -12]
[-79, 7, -48, -4] [-4, -2, -36, -3] [7, 27, 16, 35] [-17, 20, -49, 25] [18, 5, -3, -58] [61, 6, -44, 29] [8, 0, 22, 32]
[-20, 7, 29, -34] [12, -4, -17, 30] [-52, -38, -42, 23] [48, -31, 14, 14] [-13, -11, -18, -30] [9, 24, -48, -32] [52, 33, 7, 11]
[11, 26, -1, 42] [-18, -7, -27, 32] [1, 3, -37, -9] [0, 0, 0, 0] [-19, 51, -41, -5] [20, -22, -39, -27] [-22, 52, -19, 16]
[0, 6, -12, 12] [10, 20, 5, 40] [29, -6, 35, 19] [-15, -51, 29, -10] [5, 10, 18, -19] [1, 48, 20, 19] [-11, -13, 9, 2]
[8, -31, -9, 10] [4, 8, 16, -16] [18, 10, 18, 36] [-27, -34, 54, -20] [-44, -43, 15, -71] [-28, 64, 21, 21] [1, 39, 5, 30]
[12, -5, -32, -21] [-7, 9, 16, -59] [30, 15, -1, -15] [-15, 2, 8, -32] [56, 26, 3, -20] [28, 29, 9, 2] [10, -18, 17, -21]
------------------------------
ALIVE
Head: (7 8)
Body: (7 8) (7 9) (6 9) (6 10) (6 11) (5 11) (4 11) (3 11) 
Length: 8, 4
Vision: 3
Hungry, suplies: 5/10
Reproductive: 16, mutating: 0.25
Generation: 51839
####################################
Wall (up, right, down, left):
[3, 4, 17, -7] [-2, 4, 11, -22] [-30, 4, -1, -25] [6, -1, 25, 4] [-15, 19, 24, -7] [21, -3, -15, -5] [0, -19, -1, -7]
[-51, -14, 5, -15] [0, 14, -11, -5] [-38, 1, 10, 6] [-39, 13, 21, 19] [35, 20, 2, -12] [-28, -19, -1, -16] [-17, -3, -1, 14]
[0, 0, 30, 29] [-6, 20, -12, -8] [-8, -6, 44, -24] [-82, 18, 63, 9] [-44, -40, -17, 40] [-24, -21, -7, -1] [-23, -22, -26, 0]
[7, 48, -10, -39] [7, 0, 37, -27] [3, 47, 5, -109] [0, 0, 0, 0] [40, -105, 33, 19] [28, -4, -5, 0] [2, 1, 20, 3]
[-3, -33, 4, -3] [18, 2, -19, -13] [-14, -13, -38, -44] [50, 13, -123, 22] [10, -6, -32, 33] [6, 13, -6, 21] [-35, -72, -21, 38]
[22, 28, 1, 1] [-29, 3, -19, 0] [34, -14, 13, -2] [-8, 5, -33, -13] [2, -4, -44, -13] [2, -11, -20, 2] [45, 4, 19, -7]
[-17, -13, 18, -9] [-2, -10, -57, -21] [-11, 11, 24, 2] [-21, 22, -45, -15] [36, 7, -11, 27] [42, -22, -39, 23] [-16, 1, 33, -1]
Food (up, right, down, left):
[10, 14, -5, 22] [-9, 19, 6, -25] [18, -19, 25, 16] [-21, -2, 50, 2] [-10, 0, 54, -14] [-6, -22, -18, -16] [-50, 11, 13, -15]
[-79, 7, -50, -4] [-4, -7, -36, -3] [7, 27, 16, 35] [-17, 20, -49, 25] [18, 5, -3, -58] [61, 6, -44, 29] [8, 0, 22, 32]
[-20, 7, 31, -34] [12, -4, -17, 30] [-52, -38, -42, 18] [48, -31, 14, 14] [-13, -11, -18, -30] [9, 24, -48, -32] [52, 33, 7, 11]
[11, 26, -1, 42] [-18, -7, -27, 32] [1, 3, -37, -9] [0, 0, 0, 0] [-14, 51, -41, -5] [20, -22, -39, -27] [-22, 52, -19, 16]
[0, 10, -12, 12] [10, 20, 5, 40] [29, -6, 35, 24] [-15, -51, 29, -10] [5, 10, 18, -19] [1, 48, 20, 19] [-11, -13, 9, 2]
[8, -31, -9, 10] [4, 8, 16, -16] [18, 10, 18, 36] [-27, -34, 55, -20] [-44, -43, 15, -71] [-28, 67, 21, 21] [1, 39, 5, 30]
[12, -9, -32, -21] [-7, 9, 16, -59] [30, 15, -1, -15] [-18, 2, 8, -32] [56, 26, 3, -20] [31, 29, 9, 2] [10, -18, 17, -21]
------------------------------
ALIVE
Head: (14 38)
Body: (14 38) (14 39) (13 39) (13 40) (13 41) (14 41) (14 42) (15 42) (16 42) (17 42) 
Length: 10, 4
Vision: 3
Hungry, suplies: 4/10
Reproductive: 16, mutating: 0.25
Generation: 51846
####################################
Wall (up, right, down, left):
[3, 4, 17, -7] [-2, 4, 11, -20] [-30, 4, -1, -25] [6, -4, 21, 4] [-15, 19, 24, -7] [21, -5, -15, -5] [0, -19, -1, -3]
[-51, -14, 4, -15] [0, 14, -11, -5] [-38, 1, 10, 6] [-39, 13, 21, 19] [35, 20, 2, -12] [-28, -19, -1, -16] [-17, -3, -1, 14]
[0, 0, 30, 29] [-6, 20, -12, -8] [-8, -5, 44, -24] [-82, 18, 63, 9] [-44, -40, -17, 40] [-24, -21, -7, -1] [-23, -22, -26, 0]
[7, 48, -10, -39] [7, 0, 37, -27] [3, 47, 5, -109] [0, 0, 0, 0] [40, -109, 33, 19] [28, -4, -5, 0] [2, 1, 20, 3]
[-3, -36, 4, -3] [18, 2, -19, -13] [-14, -13, -38, -44] [50, 13, -123, 22] [10, -6, -32, 33] [6, 13, -6, 21] [-35, -72, -21, 38]
[22, 28, 1, 1] [-29, 3, -19, 0] [34, -14, 13, -2] [-8, 5, -33, -9] [2, -4, -44, -13] [2, -11, -20, -1] [45, 4, 19, -7]
[-17, -14, 18, -9] [-2, -10, -57, -21] [-11, 11, 24, 2] [-21, 22, -45, -14] [36, 7, -11, 27] [45, -22, -39, 23] [-16, 1, 33, -1]
Food (up, right, down, left):
[10, 14, -5, 22] [-9, 19, 1, -25] [18, -19, 25, 16] [-25, -4, 50, 2] [-10, 0, 54, -14] [-6, -22, -16, -16] [-50, 11, 13, -12]
[-79, 7, -48, -4] [-4, -2, -36, -3] [7, 27, 16, 35] [-17, 20, -49, 25] [18, 5, -3, -58] [61, 6, -44, 29] [8, 0, 22, 32]
[-20, 7, 31, -34] [12, -4, -17, 30] [-52, -38, -42, 23] [48, -31, 14, 14] [-13, -11, -18, -30] [9, 24, -48, -32] [52, 33, 7, 11]
[11, 26, -1, 42] [-18, -7, -27, 32] [1, 3, -37, -9] [0, 0, 0, 0] [-19, 51, -41, -5] [20, -22, -39, -27] [-22, 52, -19, 16]
[0, 6, -12, 12] [10, 20, 5, 40] [29, -6, 35, 24] [-15, -51, 29, -10] [5, 10, 18, -19] [1, 48, 20, 19] [-11, -13, 9, 2]
[8, -31, -9, 10] [4, 8, 16, -16] [18, 10, 18, 36] [-27, -34, 54, -20] [-44, -43, 15, -71] [-28, 64, 21, 21] [1, 39, 5, 30]
[12, -5, -32, -21] [-7, 9, 16, -59] [30, 15, -1, -15] [-15, 2, 8, -32] [56, 26, 3, -20] [28, 29, 9, 2] [10, -18, 17, -21]
------------------------------
ALIVE
Head: (21 46)
Body: (21 46) (21 47) (20 47) (19 47) (18 47) (17 47) (16 47) (16 46) (16 45) (16 44) 
Length: 10, 4
Vision: 3
Hungry, suplies: 9/10
Reproductive: 16, mutating: 0.25
Generation: 51839
####################################
Wall (up, right, down, left):
[3, 4, 17, -7] [-2, 4, 11, -20] [-30, 4, -1, -25] [6, -4, 25, 4] [-15, 19, 24, -7] [21, -3, -15, -5] [0, -19, -1, -7]
[-51, -14, 5, -15] [0, 14, -11, -5] [-38, 1, 10, 6] [-39, 13, 21, 19] [35, 20, 2, -12] [-28, -19, -6, -16] [-17, -3, -1, 14]
[0, 0, 30, 29] [-6, 20, -12, -8] [-8, -6, 44, -24] [-82, 18, 63, 9] [-44, -40, -17, 40] [-24, -21, -7, -1] [-23, -22, -26, 0]
[7, 48, -10, -39] [7, 0, 37, -27] [3, 47, 5, -109] [0, 0, 0, 0] [40, -105, 33, 19] [28, -4, -5, 0] [2, 1, 20, 3]
[-3, -33, 4, -3] [18, 2, -19, -13] [-14, -13, -38, -44] [50, 13, -123, 22] [10, -6, -32, 33] [6, 13, -6, 21] [-35, -72, -21, 38]
[22, 28, 1, 1] [-29, 3, -19, 0] [34, -14, 13, -2] [-8, 5, -33, -13] [2, -4, -44, -13] [2, -11, -20, 2] [45, 4, 19, -7]
[-17, -14, 18, -9] [-2, -10, -57, -21] [-11, 11, 24, 2] [-21, 22, -45, -15] [36, 7, -11, 27] [42, -22, -39, 23] [-16, 1, 33, -1]
Food (up, right, down, left):
[10, 14, -5, 22] [-9, 19, 1, -25] [18, -19, 25, 16] [-25, -2, 50, 2] [-10, 0, 54, -14] [-6, -22, -18, -16] [-50, 11, 13, -15]
[-79, 7, -50, -4] [-4, -7, -36, -3] [7, 27, 16, 35] [-17, 20, -49, 25] [18, 5, -3, -58] [61, 6, -45, 29] [8, 0, 22, 32]
[-20, 7, 31, -34] [12, -4, -17, 30] [-52, -38, -42, 18] [48, -31, 14, 14] [-13, -11, -18, -30] [9, 24, -48, -32] [52, 33, 7, 11]
[11, 26, -1, 42] [-18, -7, -27, 32] [1, 3, -37, -9] [0, 0, 0, 0] [-14, 51, -41, -5] [20, -22, -39, -27] [-22, 52, -19, 16]
[0, 10, -12, 12] [10, 20, 5, 40] [29, -6, 35, 24] [-15, -51, 29, -10] [5, 10, 18, -19] [1, 48, 20, 19] [-11, -13, 9, 2]
[8, -31, -9, 10] [4, 8, 16, -16] [18, 10, 18, 36] [-27, -34, 55, -20] [-44, -43, 15, -71] [-28, 67, 21, 21] [1, 39, 5, 30]
[12, -5, -32, -21] [-7, 9, 16, -59] [30, 15, -1, -15] [-18, 2, 8, -32] [56, 26, 3, -20] [31, 29, 9, 2] [10, -18, 17, -21]
------------------------------
ALIVE
Head: (7 24)
Body: (7 24) (7 23) (6 23) (6 22) (6 21) (6 20) (7 20) (8 20) (9 20) (9 19) 
Length: 10, 4
Vision: 3
Hungry, suplies: 10/10
Reproductive: 16, mutating: 0.25
Generation: 51848
####################################
Wall (up, right, down, left):
[3, 4, 17, -7] [-2, 4, 11, -22] [-30, 4, -1, -25] [6, -1, 25, 4] [-15, 19, 24, -7] [21, -3, -15, -5] [0, -19, -1, -7]
[-51, -14, 5, -15] [0, 14, -11, -5] [-38, 1, 10, 6] [-39, 13, 21, 19] [35, 20, 2, -12] [-28, -19, -1, -16] [-17, -3, -1, 14]
[0, 0, 30, 29] [-6, 20, -12, -8] [-8, -6, 44, -24] [-82, 18, 63, 9] [-44, -40, -17, 40] [-24, -21, -7, -1] [-23, -22, -26, 0]
[7, 48, -10, -39] [7, 0, 37, -27] [3, 47, 5, -109] [0, 0, 0, 0] [40, -105, 33, 19] [28, -4, -5, 0] [2, 1, 20, 3]
[-3, -33, 4, -3] [18, 2, -19, -13] [-14, -13, -38, -44] [50, 13, -123, 22] [10, -6, -32, 33] [6, 13, -6, 21] [-35, -72, -21, 38]
[22, 28, 1, 1] [-29, 3, -19, 0] [34, -14, 13, -2] [-8, 5, -33, -13] [2, -4, -44, -13] [2, -11, -20, 2] [45, 4, 19, -7]
[-17, -13, 18, -9] [-2, -10, -57, -21] [-11, 11, 24, 2] [-21, 22, -45, -15] [36, 7, -11, 27] [42, -22, -39, 23] [-16, 1, 33, -1]
Food (up, right, down, left):
[10, 14, -5, 22] [-9, 19, 6, -25] [18, -19, 25, 16] [-21, -2, 50, 2] [-10, 0, 54, -14] [-6, -22, -18, -16] [-50, 11, 13, -15]
[-79, 7, -50, -4] [-4, -7, -36, -3] [7, 27, 16, 35] [-17, 20, -49, 25] [18, 5, -3, -58] [61, 6, -44, 29] [8, 0, 22, 32]
[-20, 7, 31, -34] [12, -4, -17, 30] [-52, -38, -42, 18] [48, -31, 14, 14] [-13, -11, -18, -30] [9, 24, -48, -32] [52, 33, 7, 11]
[11, 26, -1, 42] [-18, -7, -27, 32] [1, 3, -37, -9] [0, 0, 0, 0] [-14, 51, -41, -5] [20, -22, -39, -27] [-22, 52, -19, 16]
[0, 10, -12, 12] [10, 20, 5, 40] [29, -6, 35, 24] [-15, -51, 29, -10] [5, 10, 18, -19] [1, 48, 20, 19] [-11, -13, 9, 2]
[8, -31, -9, 10] [4, 8, 16, -16] [18, 10, 18, 36] [-27, -34, 55, -20] [-44, -43, 15, -71] [-28, 67, 21, 21] [1, 39, 5, 30]
[12, -9, -32, -21] [-7, 9, 16, -59] [30, 15, -1, -15] [-18, 2, 8, -32] [56, 26, 3, -20] [31, 29, 9, 2] [10, -18, 17, -21]
------------------------------
ALIVE
Head: (17 50)
Body: (17 50) (16 50) (15 50) (14 50) (14 49) (14 48) (14 47) (13 47) (12 47) (11 47) 
Length: 10, 4
Vision: 3
Hungry, suplies: 8/10
Reproductive: 16, mutating: 0.25
Generation: 51846
####################################
Wall (up, right, down, left):
[3, 4, 17, -7] [-2, 4, 11, -20] [-30, 4, -1, -25] [6, -1, 25, 4] [-15, 19, 24, -7] [21, -3, -15, -5] [0, -19, -1, -7]
[-51, -14, 5, -15] [0, 14, -11, -5] [-38, 1, 10, 6] [-39, 13, 21, 19] [35, 20, 2, -12] [-28, -19, -1, -16] [-17, -3, -1, 14]
[0, 0, 30, 29] [-6, 20, -12, -8] [-8, -6, 44, -24] [-82, 18, 63, 9] [-44, -40, -17, 40] [-24, -21, -7, -1] [-23, -22, -26, 0]
[7, 48, -10, -39] [7, 0, 37, -27] [3, 47, 5, -109] [0, 0, 0, 0] [40, -105, 33, 19] [28, -4, -5, 0] [2, 1, 20, 3]
[-3, -33, 4, -3] [18, 2, -19, -13] [-14, -13, -38, -44] [50, 13, -123, 22] [10, -6, -32, 33] [6, 13, -6, 21] [-35, -72, -21, 38]
[22, 28, 1, 1] [-29, 3, -19, 0] [34, -14, 13, -2] [-8, 5, -33, -13] [2, -4, -44, -13] [2, -11, -20, 2] [45, 4, 19, -7]
[-17, -13, 18, -9] [-2, -10, -57, -21] [-11, 11, 24, 2] [-21, 22, -45, -15] [36, 7, -11, 27] [42, -22, -39, 23] [-16, 1, 33, -1]
Food (up, right, down, left):
[10, 14, -5, 22] [-9, 19, 1, -25] [18, -19, 25, 16] [-21, -2, 50, 2] [-10, 0, 54, -14] [-6, -22, -18, -16] [-50, 11, 13, -15]
[-79, 7, -50, -4] [-4, -7, -36, -3] [7, 27, 16, 35] [-17, 20, -49, 25] [18, 5, -3, -58] [61, 6, -44, 29] [8, 0, 22, 32]
[-20, 7, 31, -34] [12, -4, -17, 30] [-52, -38, -42, 18] [48, -31, 14, 14] [-13, -11, -18, -30] [9, 24, -48, -32] [52, 33, 7, 11]
[11, 26, -1, 42] [-18, -7, -27, 32] [1, 3, -37, -9] [0, 0, 0, 0] [-14, 51, -41, -5] [20, -22, -39, -27] [-22, 52, -19, 16]
[0, 10, -12, 12] [10, 20, 5, 40] [29, -6, 35, 24] [-15, -51, 29, -10] [5, 10, 18, -19] [1, 48, 20, 19] [-11, -13, 9, 2]
[8, -31, -9, 10] [4, 8, 16, -16] [18, 10, 18, 36] [-27, -34, 55, -20] [-44, -43, 15, -71] [-28, 67, 21, 21] [1, 39, 5, 30]
[12, -9, -32, -21] [-7, 9, 16, -59] [30, 15, -1, -15] [-18, 2, 8, -32] [56, 26, 3, -20] [31, 29, 9, 2] [10, -18, 17, -21]
------------------------------
ALIVE
Head: (0 33)
Body: (0 33) (1 33) (1 32) (1 31) (1 30) (2 30) (3 30) (4 30) (4 29) (4 28) (4 27) 
Length: 11, 4
Vision: 3
Hungry, suplies: 9/10
Reproductive: 16, mutating: 0.25
Generation: 51845
####################################
Wall (up, right, down, left):
[3, 4, 17, -7] [-2, 4, 11, -20] [-30, 4, -1, -25] [6, -4, 25, 4] [-15, 19, 24, -7] [21, -5, -15, -5] [0, -19, -1, -3]
[-51, -14, 4, -15] [0, 14, -11, -5] [-38, 1, 10, 6] [-39, 13, 21, 19] [35, 20, 2, -12] [-28, -19, -1, -16] [-17, -3, -1, 14]
[0, 0, 30, 29] [-6, 20, -12, -8] [-8, -5, 44, -24] [-82, 18, 63, 9] [-44, -40, -17, 40] [-24, -21, -7, -1] [-23, -22, -26, 0]
[7, 48, -10, -39] [7, 0, 37, -27] [3, 47, 5, -109] [0, 0, 0, 0] [40, -109, 33, 19] [28, -4, -5, 0] [2, 1, 20, 3]
[-3, -36, 4, -3] [18, 2, -19, -13] [-14, -13, -38, -44] [50, 13, -123, 22] [10, -6, -32, 33] [6, 13, -6, 21] [-35, -72, -21, 38]
[27, 28, 1, 1] [-29, 3, -19, 0] [34, -14, 13, -2] [-8, 5, -33, -9] [2, -4, -44, -13] [2, -11, -20, -1] [45, 4, 19, -7]
[-17, -14, 18, -9] [-2, -10, -57, -21] [-11, 11, 24, 2] [-21, 22, -45, -14] [36, 7, -11, 27] [45, -22, -39, 23] [-16, 1, 33, -1]
Food (up, right, down, left):
[10, 14, -5, 22] [-9, 19, 1, -25] [18, -19, 25, 16] [-25, -2, 50, 2] [-10, 0, 54, -14] [-6, -22, -16, -16] [-50, 11, 13, -12]
[-79, 7, -48, -4] [-4, -2, -36, -3] [7, 27, 16, 35] [-17, 20, -49, 25] [18, 5, -3, -58] [61, 6, -44, 29] [8, 0, 22, 32]
[-20, 7, 31, -34] [12, -4, -17, 30] [-52, -38, -42, 23] [48, -31, 14, 14] [-13, -11, -18, -30] [9, 24, -48, -32] [52, 33, 7, 11]
[11, 26, -1, 42] [-18, -7, -27, 32] [1, 3, -37, -9] [0, 0, 0, 0] [-19, 51, -41, -5] [20, -22, -39, -27] [-22, 52, -19, 16]
[0, 6, -12, 12] [10, 20, 5, 40] [29, -6, 35, 24] [-15, -51, 29, -10] [5, 10, 18, -19] [1, 48, 20, 19] [-11, -13, 9, 2]
[8, -31, -6, 10] [4, 8, 16, -16] [18, 10, 18, 36] [-27, -34, 54, -20] [-44, -43, 15, -71] [-28, 64, 21, 21] [1, 39, 5, 30]
[12, -5, -32, -21] [-7, 9, 16, -59] [30, 15, -1, -15] [-15, 2, 8, -32] [56, 26, 3, -20] [28, 29, 9, 2] [10, -18, 17, -21]
------------------------------
ALIVE
Head: (9 47)
Body: (9 47) (8 47) (7 47) (7 48) (7 49) (6 49) (5 49) (5 48) (4 48) 
Length: 9, 4
Vision: 3
Hungry, suplies: 10/10
Reproductive: 16, mutating: 0.25
Generation: 51838
####################################
Wall (up, right, down, left):
[3, 4, 17, -7] [-2, 4, 11, -20] [-30, 4, -1, -25] [6, -4, 25, 4] [-15, 19, 24, -7] [21, -5, -15, -5] [0, -19, -1, -7]
[-51, -14, 4, -15] [0, 14, -14, -5] [-38, 1, 10, 6] [-39, 13, 21, 19] [35, 20, 2, -12] [-28, -19, -1, -16] [-17, -3, -1, 14]
[0, 0, 30, 29] [-6, 20, -12, -8] [-8, -5, 44, -24] [-82, 18, 63, 9] [-46, -40, -17, 40] [-24, -21, -7, -1] [-23, -22, -26, 0]
[7, 48, -10, -39] [7, 0, 37, -27] [3, 47, 5, -109] [0, 0, 0, 0] [40, -109, 33, 19] [28, -4, -5, 0] [2, 1, 20, 3]
[-3, -36, 4, -3] [18, 2, -19, -13] [-14, -13, -38, -44] [50, 13, -123, 22] [10, -6, -32, 33] [1, 13, -6, 21] [-35, -72, -21, 38]
[22, 28, 1, 1] [-29, 3, -19, 0] [34, -14, 13, -2] [-8, 5, -33, -9] [2, -4, -44, -13] [2, -11, -20, -1] [45, 4, 19, -7]
[-17, -14, 18, -9] [-2, -10, -57, -21] [-11, 11, 24, 2] [-21, 24, -45, -9] [36, 7, -11, 27] [42, -22, -39, 23] [-16, 1, 33, -1]
Food (up, right, down, left):
[10, 14, -5, 22] [-9, 19, 1, -25] [18, -19, 25, 16] [-25, -2, 50, 2] [-10, 0, 54, -14] [-6, -22, -16, -16] [-50, 11, 13, -15]
[-79, 7, -48, -4] [-4, -7, -33, -3] [7, 27, 16, 35] [-17, 20, -49, 25] [18, 5, -3, -58] [61, 6, -44, 29] [8, 0, 22, 32]
[-20, 7, 31, -34] [12, -4, -17, 30] [-52, -38, -42, 23] [48, -31, 14, 14] [-13, -11, -18, -30] [9, 24, -48, -32] [52, 33, 7, 11]
[11, 26, -1, 42] [-18, -7, -27, 32] [1, 3, -37, -9] [0, 0, 0, 0] [-19, 51, -41, -5] [20, -22, -39, -27] [-22, 52, -19, 16]
[0, 6, -12, 12] [10, 20, 5, 40] [29, -6, 35, 24] [-15, -51, 29, -10] [5, 10, 18, -19] [1, 48, 16, 19] [-11, -13, 9, 2]
[8, -31, -9, 10] [4, 8, 16, -16] [18, 10, 18, 36] [-27, -34, 54, -20] [-44, -43, 15, -71] [-28, 64, 21, 21] [1, 39, 5, 30]
[12, -5, -32, -21] [-7, 9, 16, -59] [30, 15, -1, -15] [-19, 2, 8, -33] [56, 26, 3, -20] [31, 29, 9, 2] [10, -18, 17, -21]
------------------------------
ALIVE
Head: (14 31)
Body: (14 31) (15 31) (15 32) (16 32) (17 32) (17 31) (17 30) (17 29) (16 29) (15 29) (14 29) (13 29) (12 29) (11 29) (10 29) 
Length: 15, 4
Vision: 3
Hungry, suplies: 7/10
Reproductive: 16, mutating: 0.25
Generation: 51845
####################################
Wall (up, right, down, left):
[3, 4, 17, -7] [-2, 4, 11, -20] [-30, 4, -1, -25] [6, -4, 25, 4] [-15, 19, 24, -7] [21, -5, -15, -5] [0, -19, -1, -7]
[-51, -14, 4, -15] [0, 14, -14, -5] [-38, 1, 10, 6] [-39, 13, 21, 19] [35, 20, 2, -12] [-28, -19, -1, -16] [-17, -3, -1, 14]
[0, 0, 30, 29] [-6, 20, -12, -8] [-8, -5, 44, -24] [-82, 18, 63, 9] [-46, -40, -17, 40] [-24, -21, -7, -1] [-23, -22, -26, 0]
[7, 48, -10, -39] [7, 0, 37, -27] [3, 47, 5, -109] [0, 0, 0, 0] [40, -109, 33, 19] [28, -4, -5, 0] [2, 1, 20, 3]
[-3, -36, 4, -3] [18, 2, -19, -13] [-14, -13, -38, -44] [50, 13, -123, 22] [10, -6, -32, 33] [1, 13, -6, 21] [-35, -72, -21, 38]
[22, 28, 1, 1] [-29, 3, -19, 0] [34, -14, 13, -2] [-8, 5, -33, -9] [2, -4, -44, -13] [2, -11, -20, -1] [45, 4, 19, -7]
[-17, -14, 18, -9] [-2, -10, -57, -21] [-11, 11, 24, 2] [-21, 24, -45, -9] [36, 7, -11, 27] [42, -22, -39, 23] [-16, 1, 33, -1]
Food (up, right, down, left):
[10, 14, -5, 22] [-9, 19, 1, -25] [18, -19, 25, 16] [-25, -2, 50, 2] [-10, 0, 54, -14] [-6, -22, -16, -16] [-50, 11, 13, -15]
[-79, 7, -48, -4] [-4, -7, -33, -3] [7, 27, 16, 35] [-17, 20, -49, 25] [18, 5, -3, -58] [61, 6, -44, 29] [8, 0, 22, 32]
[-20, 7, 31, -34] [12, -4, -17, 30] [-52, -38, -42, 23] [48, -31, 14, 14] [-13, -11, -18, -30] [9, 24, -48, -32] [52, 33, 7, 11]
[11, 26, -1, 42] [-18, -7, -27, 32] [1, 3, -37, -9] [0, 0, 0, 0] [-19, 51, -41, -5] [20, -22, -39, -27] [-22, 52, -19, 16]
[0, 6, -12, 12] [10, 20, 5, 40] [29, -6, 35, 24] [-15, -51, 29, -10] [5, 10, 18, -19] [1, 48, 16, 19] [-11, -13, 9, 2]
[8, -31, -9, 10] [4, 8, 16, -16] [18, 10, 18, 36] [-27, -34, 54, -20] [-44, -43, 15, -71] [-28, 64, 21, 21] [1, 39, 5, 30]
[12, -5, -32, -21] [-7, 9, 16, -59] [30, 15, -1, -15] [-19, 2, 8, -33] [56, 26, 3, -20] [31, 29, 9, 2] [10, -18, 17, -21]
------------------------------
ALIVE
Head: (18 51)
Body: (18 51) (17 51) (16 51) (16 52) (17 52) (17 53) (17 54) (17 55) (16 55) (15 55) (15 54) 
Length: 11, 4
Vision: 3
Hungry, suplies: 10/10
Reproductive: 16, mutating: 0.25
Generation: 51846
####################################
Wall (up, right, down, left):
[3, 4, 17, -7] [-2, 4, 11, -22] [-30, 4, -1, -25] [6, -1, 25, 4] [-15, 19, 24, -7] [21, -3, -15, -5] [0, -19, -1, -7]
[-51, -14, 5, -15] [0, 14, -11, -5] [-38, 1, 10, 6] [-39, 13, 21, 19] [35, 20, 2, -12] [-28, -19, -1, -16] [-17, -3, -1, 14]
[0, 0, 30, 29] [-6, 20, -12, -8] [-8, -6, 44, -24] [-82, 18, 63, 9] [-44, -40, -17, 40] [-24, -21, -7, -1] [-23, -22, -26, 0]
[7, 48, -10, -39] [7, 0, 37, -27] [3, 47, 5, -109] [0, 0, 0, 0] [40, -105, 33, 19] [28, -4, -5, 0] [2, 1, 20, 3]
[-3, -33, 4, -3] [18, 2, -19, -13] [-14, -13, -38, -44] [50, 13, -123, 22] [10, -6, -32, 33] [6, 13, -6, 21] [-35, -72, -21, 38]
[22, 28, 1, 1] [-29, 3, -19, 0] [34, -14, 13, -2] [-8, 5, -33, -13] [2, -4, -44, -13] [2, -11, -20, 2] [45, 4, 14, -7]
[-17, -13, 18, -9] [-2, -10, -57, -21] [-11, 11, 24, 2] [-21, 22, -45, -15] [36, 7, -11, 27] [42, -22, -39, 23] [-16, 1, 33, -1]
Food (up, right, down, left):
[10, 14, -5, 22] [-9, 19, 6, -25] [18, -19, 25, 16] [-21, -2, 50, 2] [-10, 0, 54, -14] [-6, -22, -18, -16] [-50, 11, 13, -15]
[-79, 7, -50, -4] [-4, -7, -36, -3] [7, 27, 16, 35] [-17, 20, -49, 25] [18, 5, -3, -58] [61, 6, -44, 29] [8, 0, 22, 32]
[-20, 7, 31, -34] [12, -4, -17, 30] [-52, -38, -42, 18] [48, -31, 14, 14] [-13, -11, -18, -30] [9, 24, -48, -32] [52, 33, 7, 11]
[11, 26, -1, 42] [-18, -7, -27, 32] [1, 3, -37, -9] [0, 0, 0, 0] [-14, 51, -41, -5] [20, -22, -39, -27] [-22, 52, -19, 16]
[0, 10, -12, 12] [10, 20, 5, 40] [29, -6, 35, 24] [-15, -51, 29, -10] [5, 10, 18, -19] [1, 48, 20, 19] [-11, -13, 9, 2]
[8, -31, -9, 10] [4, 8, 16, -16] [18, 10, 18, 36] [-27, -34, 55, -20] [-44, -43, 15, -71] [-28, 67, 21, 21] [1, 39, 5, 30]
[12, -9, -32, -21] [-7, 9, 16, -59] [30, 15, -1, -15] [-18, 2, 8, -32] [56, 26, 3, -20] [31, 29, 9, 2] [10, -18, 17, -21]
------------------------------
ALIVE
Head: (1 42)
Body: (1 42) (25 42) (24 42) (-1 41) (0 41) (1 41) (2 41) (3 41) (4 41) 
Length: 9, 4
Vision: 3
Hungry, suplies: 5/10
Reproductive: 16, mutating: 0.25
Generation: 51847
####################################
Wall (up, right, down, left):
[3, 4, 17, -7] [-2, 4, 11, -20] [-30, 4, -1, -25] [6, -4, 25, 4] [-15, 19, 24, -7] [21, -5, -15, -5] [0, -19, -1, -3]
[-51, -14, 4, -15] [0, 14, -11, -5] [-38, 1, 10, 6] [-39, 13, 21, 19] [35, 20, 2, -12] [-28, -19, -1, -16] [-17, -3, -1, 14]
[0, 0, 30, 28] [-6, 20, -12, -8] [-8, -2, 44, -24] [-82, 18, 63, 9] [-44, -40, -17, 40] [-24, -21, -7, -1] [-23, -22, -26, 0]
[7, 48, -10, -39] [7, 0, 37, -27] [3, 47, 5, -109] [0, 0, 0, 0] [40, -109, 33, 19] [28, -4, -5, 0] [2, 1, 20, 3]
[-3, -36, 4, -3] [18, 2, -19, -13] [-14, -10, -38, -44] [50, 13, -123, 22] [10, -6, -32, 33] [6, 13, -6, 21] [-35, -72, -21, 38]
[22, 28, 1, 1] [-29, 3, -19, 0] [34, -14, 13, -2] [-8, 5, -33, -9] [2, -4, -44, -13] [2, -11, -20, -1] [45, 4, 19, -7]
[-17, -14, 18, -9] [-2, -10, -57, -21] [-11, 11, 24, 2] [-21, 20, -45, -14] [36, 7, -11, 27] [45, -22, -39, 23] [-16, 1, 33, -1]
Food (up, right, down, left):
[10, 14, -5, 22] [-9, 19, 1, -25] [18, -19, 25, 16] [-25, -2, 50, 2] [-10, 0, 54, -14] [-6, -22, -16, -16] [-50, 11, 13, -12]
[-79, 7, -48, -4] [-4, -2, -36, -3] [7, 27, 16, 35] [-17, 20, -49, 25] [18, 5, -3, -58] [61, 6, -44, 29] [8, 0, 22, 32]
[-20, 7, 29, -34] [12, -4, -17, 30] [-52, -38, -40, 23] [48, -31, 14, 14] [-13, -11, -18, -30] [9, 24, -48, -32] [52, 33, 7, 11]
[11, 26, -1, 42] [-18, -7, -27, 32] [1, 3, -37, -9] [0, 0, 0, 0] [-19, 51, -41, -5] [20, -22, -39, -27] [-22, 52, -19, 16]
[0, 6, -12, 12] [10, 20, 5, 40] [29, -6, 35, 19] [-15, -51, 29, -10] [5, 10, 18, -19] [1, 48, 20, 19] [-11, -13, 9, 2]
[8, -31, -9, 10] [4, 8, 16, -16] [18, 10, 18, 36] [-27, -34, 54, -20] [-44, -43, 15, -71] [-28, 64, 21, 21] [1, 39, 5, 30]
[12, -5, -32, -21] [-7, 9, 16, -59] [30, 15, -1, -15] [-15, 2, 8, -32] [56, 26, 3, -20] [28, 29, 9, 2] [10, -18, 17, -21]
------------------------------
ALIVE
Head: (15 13)
Body: (15 13) (15 14) (15 15) (16 15) (16 16) (15 16) (14 16) (13 16) (12 16) (12 15) (12 14) (12 13) (12 12) (11 12) 
Length: 14, 4
Vision: 3
Hungry, suplies: 6/10
Reproductive: 16, mutating: 0.25
Generation: 51840
####################################
Wall (up, right, down, left):
[3, 4, 17, -7] [-2, 4, 11, -22] [-30, 4, -1, -25] [6, -1, 25, 4] [-15, 19, 24, -7] [21, -3, -15, -5] [0, -19, -1, -7]
[-51, -14, 5, -15] [0, 14, -11, -5] [-38, 1, 10, 6] [-39, 13, 21, 19] [35, 20, 2, -12] [-28, -19, -1, -16] [-17, -3, -1, 14]
[0, 0, 30, 29] [-6, 20, -12, -8] [-8, -6, 44, -24] [-82, 18, 63, 9] [-44, -40, -17, 40] [-24, -21, -7, -1] [-23, -22, -26, 0]
[7, 48, -10, -39] [7, 0, 37, -27] [3, 47, 5, -109] [0, 0, 0, 0] [40, -105, 33, 19] [28, -4, -5, 0] [2, 1, 20, 3]
[-3, -33, 4, -3] [18, 2, -19, -13] [-14, -13, -38, -44] [50, 13, -123, 22] [10, -6, -32, 33] [6, 13, -6, 21] [-35, -72, -21, 38]
[22, 28, 1, 1] [-29, 3, -19, 0] [34, -14, 13, -2] [-8, 5, -33, -13] [2, -4, -44, -13] [2, -11, -20, 2] [45, 4, 19, -7]
[-17, -13, 18, -9] [-2, -10, -57, -21] [-11, 11, 24, 2] [-21, 22, -45, -15] [36, 7, -11, 27] [42, -22, -39, 23] [-16, 1, 33, -1]
Food (up, right, down, left):
[10, 14, -5, 22] [-9, 19, 6, -25] [18, -19, 25, 16] [-21, -2, 50, 2] [-10, 0, 54, -14] [-6, -22, -18, -16] [-50, 11, 13, -15]
[-79, 7, -50, -4] [-4, -7, -36, -3] [7, 27, 16, 35] [-17, 20, -49, 25] [18, 5, -3, -58] [61, 6, -44, 29] [8, 0, 22, 32]
[-20, 7, 31, -34] [12, -4, -17, 30] [-52, -38, -42, 18] [48, -31, 14, 14] [-13, -11, -18, -30] [9, 24, -48, -32] [52, 33, 7, 11]
[11, 26, -1, 42] [-18, -7, -27, 32] [1, 3, -37, -9] [0, 0, 0, 0] [-14, 51, -41, -5] [20, -22, -39, -27] [-22, 52, -19, 16]
[0, 10, -12, 12] [10, 20, 5, 40] [29, -6, 35, 24] [-15, -51, 29, -10] [5, 10, 18, -19] [1, 48, 20, 19] [-11, -13, 9, 2]
[8, -31, -9, 10] [4, 8, 16, -16] [18, 10, 18, 36] [-27, -34, 55, -20] [-44, -43, 15, -71] [-28, 67, 21, 21] [1, 39, 5, 30]
[12, -9, -32, -21] [-7, 9, 16, -59] [30, 15, -1, -15] [-18, 2, 8, -32] [56, 26, 3, -20] [31, 29, 9, 2] [10, -18, 17, -21]
------------------------------
ALIVE
Head: (21 23)
Body: (21 23) (21 22) (20 22) (19 22) (19 21) (19 20) (20 20) (20 21) (21 21) (21 20) (21 19) (22 19) (23 19) 
Length: 13, 4
Vision: 3
Hungry, suplies: 2/10
Reproductive: 16, mutating: 0.25
Generation: 51847
####################################
Wall (up, right, down, left):
[3, 4, 17, -7] [-2, 4, 11, -20] [-30, 4, -1, -25] [6, -4, 25, 4] [-15, 19, 24, -7] [21, -5, -15, -5] [0, -19, -1, -7]
[-51, -14, 4, -15] [0, 14, -14, -5] [-41, 1, 10, 6] [-39, 13, 21, 19] [35, 20, 2, -12] [-28, -19, -1, -16] [-17, -3, -1, 14]
[0, 0, 30, 29] [-6, 20, -12, -8] [-8, -5, 44, -24] [-82, 18, 63, 9] [-46, -40, -17, 40] [-24, -21, -7, -1] [-23, -22, -26, 0]
[7, 48, -10, -39] [7, 0, 37, -27] [3, 47, 5, -109] [0, 0, 0, 0] [40, -109, 33, 19] [28, -4, -5, 0] [2, 1, 20, 3]
[-3, -36, 4, -8] [18, 2, -19, -13] [-14, -13, -38, -44] [50, 13, -123, 22] [10, -6, -32, 33] [1, 13, -6, 21] [-35, -72, -21, 38]
[22, 28, 1, 1] [-29, 3, -19, 0] [34, -14, 13, -2] [-8, 5, -33, -9] [2, -4, -44, -13] [2, -11, -20, -1] [45, 4, 19, -7]
[-17, -14, 18, -9] [-2, -10, -57, -21] [-11, 11, 24, 2] [-21, 22, -44, -14] [36, 7, -11, 27] [42, -22, -39, 23] [-16, 1, 33, -1]
Food (up, right, down, left):
[10, 14, -5, 22] [-9, 19, 1, -25] [18, -19, 25, 16] [-25, -2, 50, 2] [-10, 0, 54, -14] [-6, -22, -16, -16] [-50, 11, 13, -15]
[-79, 7, -48, -4] [-4, -7, -33, -3] [7, 27, 16, 39] [-17, 20, -49, 25] [18, 5, -3, -58] [61, 6, -44, 29] [8, 0, 22, 32]
[-20, 7, 31, -34] [12, -4, -17, 30] [-52, -38, -42, 23] [48, -31, 14, 14] [-13, -11, -18, -30] [9, 24, -48, -32] [52, 33, 7, 11]
[11, 26, -1, 42] [-18, -7, -27, 32] [1, 3, -37, -9] [0, 0, 0, 0] [-19, 51, -41, -5] [20, -22, -39, -27] [-22, 52, -19, 16]
[-1, 6, -12, 12] [10, 20, 5, 40] [29, -6, 35, 24] [-15, -51, 29, -10] [5, 10, 18, -19] [1, 48, 16, 19] [-11, -13, 9, 2]
[8, -31, -9, 10] [4, 8, 16, -16] [18, 10, 18, 36] [-27, -34, 54, -20] [-44, -43, 15, -71] [-28, 64, 21, 21] [1, 39, 5, 30]
[12, -5, -32, -21] [-7, 9, 16, -59] [30, 15, -1, -15] [-10, 2, 8, -32] [56, 26, 3, -20] [31, 29, 9, 2] [10, -18, 17, -21]
------------------------------
ALIVE
Head: (11 52)
Body: (11 52) (12 52) (12 51) (11 51) (11 50) (10 50) (9 50) (8 50) (8 51) (8 52) (7 52) (7 53) 
Length: 12, 4
Vision: 3
Hungry, suplies: 9/10
Reproductive: 16, mutating: 0.25
Generation: 51842
####################################
Wall (up, right, down, left):
[3, 4, 17, -7] [-2, 4, 11, -20] [-30, 4, -1, -25] [6, -1, 25, 4] [-15, 19, 24, -7] [21, -3, -15, -5] [0, -19, -1, -7]
[-51, -14, 5, -15] [0, 14, -11, -5] [-38, 1, 10, 6] [-39, 13, 21, 19] [35, 20, 2, -12] [-28, -19, -1, -16] [-17, -3, -1, 14]
[0, 0, 30, 29] [-6, 20, -12, -8] [-8, -6, 44, -24] [-82, 18, 63, 9] [-44, -40, -17, 40] [-24, -21, -7, -1] [-23, -22, -26, 0]
[7, 48, -10, -39] [7, 0, 37, -27] [3, 47, 5, -109] [0, 0, 0, 0] [40, -105, 33, 19] [28, -4, -5, 0] [2, 1, 20, 3]
[-3, -33, 4, -3] [18, 2, -19, -13] [-14, -13, -38, -44] [50, 13, -123, 22] [10, -6, -32, 33] [6, 13, -6, 21] [-35, -72, -21, 38]
[22, 28, 1, 1] [-29, 3, -19, 0] [34, -14, 13, -2] [-8, 5, -33, -13] [2, -4, -44, -13] [2, -11, -20, 2] [45, 4, 19, -7]
[-17, -13, 18, -9] [-2, -10, -57, -21] [-11, 11, 24, 2] [-21, 22, -45, -15] [36, 7, -11, 27] [42, -22, -39, 23] [-16, 1, 33, -1]
Food (up, right, down, left):
[10, 14, -5, 22] [-9, 19, 1, -25] [18, -19, 25, 16] [-21, -2, 50, 2] [-10, 0, 54, -14] [-6, -22, -18, -16] [-50, 11, 13, -15]
[-79, 7, -50, -4] [-4, -7, -36, -3] [7, 27, 16, 35] [-17, 20, -49, 25] [18, 5, -3, -58] [61, 6, -44, 29] [8, 0, 22, 32]
[-20, 7, 31, -34] [12, -4, -17, 30] [-52, -38, -42, 18] [48, -31, 14, 14] [-13, -11, -18, -30] [9, 24, -48, -32] [52, 33, 7, 11]
[11, 26, -1, 42] [-18, -7, -27, 32] [1, 3, -37, -9] [0, 0, 0, 0] [-14, 51, -41, -5] [20, -22, -39, -27] [-22, 52, -19, 16]
[0, 10, -12, 12] [10, 20, 5, 40] [29, -6, 35, 24] [-15, -51, 29, -10] [5, 10, 18, -19] [1, 48, 20, 19] [-11, -13, 9, 2]
[8, -31, -9, 10] [4, 8, 16, -16] [18, 10, 18, 36] [-27, -34, 55, -20] [-44, -43, 15, -71] [-28, 67, 21, 21] [1, 39, 5, 30]
[12, -9, -32, -21] [-7, 9, 16, -59] [30, 15, -1, -15] [-18, 2, 8, -32] [56, 26, 3, -20] [31, 29, 9, 2] [10, -18, 17, -21]
------------------------------
ALIVE
Head: (1 36)
Body: (1 36) (1 35) (1 34) (0 34) (24 34) (23 34) (22 34) (21 34) (21 33) (21 32) (21 31) (21 30) (21 29) (21 28) 
Length: 14, 4
Vision: 3
Hungry, suplies: 8/10
Reproductive: 16, mutating: 0.25
Generation: 51843
####################################
Wall (up, right, down, left):
[3, 4, 17, -7] [-2, 4, 11, -20] [-30, 4, -1, -25] [6, -1, 25, 4] [-15, 19, 24, -7] [21, -3, -15, -5] [0, -19, -1, -7]
[-51, -14, 5, -15] [0, 14, -11, -5] [-38, 1, 10, 6] [-39, 13, 21, 19] [35, 20, 2, -12] [-28, -19, -1, -16] [-17, -3, -1, 14]
[0, 0, 30, 29] [-6, 20, -12, -8] [-8, -6, 44, -24] [-82, 18, 63, 9] [-44, -40, -17, 40] [-24, -21, -7, -1] [-23, -22, -26, 0]
[7, 48, -10, -39] [7, 0, 37, -27] [3, 47, 5, -109] [0, 0, 0, 0] [40, -105, 33, 19] [28, -4, -5, 0] [2, 1, 20, 3]
[-3, -33, 4, -3] [18, 2, -19, -13] [-14, -13, -38, -44] [50, 13, -123, 22] [10, -6, -32, 33] [6, 13, -6, 21] [-35, -72, -21, 38]
[22, 28, 1, 1] [-29, 3, -19, 0] [34, -14, 13, -2] [-8, 5, -33, -13] [2, -4, -44, -13] [2, -11, -20, 2] [45, 4, 19, -7]
[-17, -13, 18, -9] [-2, -10, -57, -21] [-11, 11, 24, 2] [-21, 22, -45, -15] [36, 7, -11, 27] [42, -22, -39, 23] [-16, 1, 33, -1]
Food (up, right, down, left):
[10, 14, -5, 22] [-9, 19, 1, -25] [18, -19, 25, 16] [-21, -2, 50, 2] [-10, 0, 54, -14] [-6, -22, -18, -16] [-50, 11, 13, -15]
[-79, 7, -50, -4] [-4, -7, -36, -3] [7, 27, 16, 35] [-17, 20, -49, 25] [18, 5, -3, -58] [61, 6, -44, 29] [8, 0, 22, 32]
[-20, 7, 31, -34] [12, -4, -17, 30] [-52, -38, -42, 18] [48, -31, 14, 14] [-13, -11, -18, -30] [9, 24, -48, -32] [52, 33, 7, 11]
[11, 26, -1, 42] [-18, -7, -27, 32] [1, 3, -37, -9] [0, 0, 0, 0] [-14, 51, -41, -5] [20, -22, -39, -27] [-22, 52, -19, 16]
[0, 10, -12, 12] [10, 20, 5, 40] [29, -6, 35, 24] [-15, -51, 29, -10] [5, 10, 18, -19] [1, 48, 20, 19] [-11, -13, 9, 2]
[8, -31, -9, 10] [4, 8, 16, -16] [18, 10, 18, 36] [-27, -34, 55, -20] [-44, -43, 15, -71] [-28, 67, 21, 21] [1, 39, 5, 30]
[12, -9, -32, -21] [-7, 9, 16, -59] [30, 15, -1, -15] [-18, 2, 8, -32] [56, 26, 3, -20] [31, 29, 9, 2] [10, -18, 17, -21]
------------------------------
ALIVE
Head: (2 20)
Body: (2 20) (1 20) (0 20) (0 21) (0 22) (24 22) (23 22) (23 23) (24 23) (24 24) (23 24) 
Length: 11, 4
Vision: 3
Hungry, suplies: 6/10
Reproductive: 16, mutating: 0.25
Generation: 51846
####################################
Wall (up, right, down, left):
[3, 4, 17, -7] [-2, 4, 11, -20] [-30, 4, -1, -25] [1, -4, 25, 4] [-15, 19, 24, -7] [21, -5, -15, -5] [0, -19, -1, -3]
[-51, -14, 4, -15] [0, 14, -11, -5] [-38, 1, 10, 6] [-39, 13, 21, 19] [35, 20, 2, -12] [-28, -19, -1, -16] [-17, -3, -1, 14]
[0, 0, 30, 28] [-6, 20, -12, -8] [-8, -5, 44, -24] [-82, 18, 63, 9] [-44, -40, -17, 40] [-24, -21, -7, -1] [-23, -22, -26, 0]
[7, 48, -10, -39] [7, 0, 37, -27] [3, 47, 5, -109] [0, 0, 0, 0] [40, -109, 33, 19] [28, -4, -5, 0] [2, 1, 20, 3]
[-3, -36, 4, -3] [18, 2, -19, -13] [-14, -13, -38, -44] [50, 13, -123, 22] [10, -6, -32, 33] [6, 13, -6, 21] [-35, -72, -21, 38]
[22, 28, 1, 1] [-29, 3, -19, 0] [34, -14, 13, -2] [-8, 5, -33, -9] [2, -4, -44, -13] [2, -11, -20, -1] [45, 4, 19, -7]
[-17, -14, 18, -9] [-2, -10, -57, -21] [-11, 11, 24, 2] [-21, 22, -45, -14] [36, 7, -11, 27] [45, -22, -39, 23] [-16, 1, 33, -1]
Food (up, right, down, left):
[10, 14, -5, 22] [-9, 19, 1, -25] [18, -19, 25, 16] [-25, 0, 50, 2] [-10, 0, 54, -14] [-6, -22, -16, -16] [-50, 11, 13, -12]
[-79, 7, -48, -4] [-4, -2, -36, -3] [7, 27, 16, 35] [-17, 20, -49, 25] [18, 5, -3, -58] [61, 6, -44, 29] [8, 0, 22, 32]
[-20, 7, 29, -34] [12, -4, -17, 30] [-52, -38, -42, 23] [48, -31, 14, 14] [-13, -11, -18, -30] [9, 24, -48, -32] [52, 33, 7, 11]
[11, 26, -1, 42] [-18, -7, -27, 32] [1, 3, -37, -9] [0, 0, 0, 0] [-19, 51, -41, -5] [20, -22, -39, -27] [-22, 52, -19, 16]
[0, 6, -12, 12] [10, 20, 5, 40] [29, -6, 35, 24] [-15, -51, 29, -10] [5, 10, 18, -19] [1, 48, 20, 19] [-11, -13, 9, 2]
[8, -31, -9, 10] [4, 8, 16, -16] [18, 10, 18, 36] [-27, -34, 54, -20] [-44, -43, 15, -71] [-28, 64, 21, 21] [1, 39, 5, 30]
[12, -5, -32, -21] [-7, 9, 16, -59] [30, 15, -1, -15] [-15, 2, 8, -32] [56, 26, 3, -20] [28, 29, 9, 2] [10, -18, 17, -21]
------------------------------
ALIVE
Head: (16 12)
Body: (16 12) (16 11) (16 10) (16 9) (16 8) (16 7) (16 6) (17 6) (18 6) (19 6) (20 6) (21 6) 
Length: 12, 4
Vision: 3
Hungry, suplies: 10/10
Reproductive: 16, mutating: 0.25
Generation: 51838
####################################
Wall (up, right, down, left):
[3, 4, 17, -7] [-2, 4, 11, -20] [-30, 4, -1, -25] [6, -4, 25, 4] [-15, 19, 24, -7] [21, -5, -15, -5] [0, -19, -1, -7]
[-51, -14, 4, -15] [0, 14, -14, -5] [-38, 1, 10, 6] [-39, 13, 21, 19] [35, 20, 2, -12] [-28, -19, -1, -16] [-17, -3, -1, 14]
[0, 0, 30, 29] [-6, 20, -12, -8] [-8, -5, 44, -24] [-82, 18, 63, 9] [-46, -40, -17, 40] [-24, -21, -7, -1] [-23, -22, -26, 0]
[7, 48, -10, -39] [7, 0, 37, -27] [3, 47, 5, -109] [0, 0, 0, 0] [40, -109, 33, 19] [28, -4, -5, 0] [2, 1, 20, 3]
[-3, -36, 4, -3] [18, 2, -19, -13] [-14, -13, -38, -44] [50, 13, -123, 22] [10, -6, -32, 33] [1, 13, -6, 21] [-35, -72, -21, 38]
[22, 28, 1, 1] [-29, 3, -19, 0] [34, -14, 13, -2] [-8, 5, -33, -9] [2, -4, -44, -13] [2, -11, -20, -1] [45, 4, 19, -7]
[-17, -14, 18, -9] [-2, -10, -57, -21] [-11, 11, 24, 2] [-21, 24, -45, -9] [36, 7, -11, 27] [42, -22, -39, 23] [-16, 1, 33, -1]
Food (up, right, down, left):
[10, 14, -5, 22] [-9, 19, 1, -25] [18, -19, 25, 16] [-25, -2, 50, 2] [-10, 0, 54, -14] [-6, -22, -16, -16] [-50, 11, 13, -15]
[-79, 7, -48, -4] [-4, -7, -33, -3] [7, 27, 16, 35] [-17, 20, -49, 25] [18, 5, -3, -58] [61, 6, -44, 29] [8, 0, 22, 32]
[-20, 7, 31, -34] [12, -4, -17, 30] [-52, -38, -42, 23] [48, -31, 14, 14] [-13, -11, -18, -30] [9, 24, -48, -32] [52, 33, 7, 11]
[11, 26, -1, 42] [-18, -7, -27, 32] [1, 3, -37, -9] [0, 0, 0, 0] [-19, 51, -41, -5] [20, -22, -39, -27] [-22, 52, -19, 16]
[0, 6, -12, 12] [10, 20, 5, 40] [29, -6, 35, 24] [-15, -51, 29, -10] [5, 10, 18, -19] [1, 48, 16, 19] [-11, -13, 9, 2]
[8, -31, -9, 10] [4, 8, 16, -16] [18, 10, 18, 36] [-27, -34, 54, -20] [-44, -43, 15, -71] [-28, 64, 21, 21] [1, 39, 5, 30]
[12, -5, -32, -21] [-7, 9, 16, -59] [30, 15, -1, -15] [-19, 2, 8, -33] [56, 26, 3, -20] [31, 29, 9, 2] [10, -18, 17, -21]
------------------------------
ALIVE
Head: (21 55)
Body: (21 55) (21 56) (20 56) (19 56) (18 56) (17 56) (16 56) (15 56) (14 56) (14 55) 
Length: 10, 4
Vision: 3
Hungry, suplies: 5/10
Reproductive: 16, mutating: 0.25
Generation: 51846
####################################
Wall (up, right, down, left):
[3, 4, 17, -7] [-2, 4, 11, -20] [-30, 4, -1, -25] [6, -4, 25, 4] [-15, 19, 24, -7] [21, -5, -15, -5] [0, -19, -1, -7]
[-51, -14, 4, -15] [0, 14, -14, -5] [-38, 1, 10, 6] [-39, 13, 21, 19] [35, 20, 2, -12] [-28, -19, -1, -16] [-17, -3, -1, 14]
[0, 0, 30, 29] [-6, 20, -12, -8] [-8, -5, 44, -24] [-82, 18, 63, 9] [-46, -40, -17, 40] [-24, -21, -7, -1] [-23, -22, -26, 0]
[7, 48, -10, -39] [7, 0, 37, -27] [3, 47, 5, -109] [0, 0, 0, 0] [40, -109, 33, 19] [28, -4, -5, 0] [2, 1, 20, 3]
[-3, -36, 4, -3] [18, 2, -19, -13] [-14, -13, -38, -44] [50, 13, -123, 22] [10, -6, -32, 33] [1, 13, -6, 21] [-35, -72, -21, 38]
[22, 28, 1, 1] [-29, 3, -19, 0] [34, -14, 13, -2] [-8, 5, -33, -9] [2, -4, -44, -13] [2, -11, -20, -1] [45, 4, 19, -7]
[-17, -14, 18, -9] [-2, -10, -57, -21] [-11, 11, 24, 2] [-21, 24, -45, -9] [36, 7, -11, 27] [42, -22, -39, 23] [-16, 1, 33, -1]
Food (up, right, down, left):
[10, 14, -5, 22] [-9, 19, 1, -25] [18, -19, 25, 16] [-25, -2, 50, 2] [-10, 0, 54, -14] [-6, -22, -16, -16] [-50, 11, 13, -15]
[-79, 7, -48, -4] [-4, -7, -33, -3] [7, 27, 16, 35] [-17, 20, -49, 25] [18, 5, -3, -58] [61, 6, -44, 29] [8, 0, 22, 32]
[-20, 7, 31, -34] [12, -4, -17, 30] [-52, -38, -42, 23] [48, -31, 14, 14] [-13, -11, -18, -30] [9, 24, -48, -32] [52, 33, 7, 11]
[11, 26, -1, 42] [-18, -7, -27, 32] [1, 3, -37, -9] [0, 0, 0, 0] [-19, 51, -41, -5] [20, -22, -39, -27] [-22, 52, -19, 16]
[0, 6, -12, 12] [10, 20, 5, 40] [29, -6, 35, 24] [-15, -51, 29, -10] [5, 10, 18, -19] [1, 48, 16, 19] [-11, -13, 9, 2]
[8, -31, -9, 10] [4, 8, 16, -16] [18, 10, 18, 36] [-27, -34, 54, -20] [-44, -43, 15, -71] [-28, 64, 21, 21] [1, 39, 5, 30]
[12, -5, -32, -21] [-7, 9, 16, -59] [30, 15, -1, -15] [-19, 2, 8, -33] [56, 26, 3, -20] [31, 29, 9, 2] [10, -18, 17, -21]
------------------------------
ALIVE
Head: (11 43)
Body: (11 43) (11 42) (10 42) (9 42) (8 42) (7 42) (6 42) (5 42) (4 42) 
Length: 9, 4
Vision: 3
Hungry, suplies: 7/10
Reproductive: 16, mutating: 0.25
Generation: 51847
####################################
Wall (up, right, down, left):
[3, 4, 17, -7] [-2, 4, 11, -20] [-30, 4, -1, -25] [6, -4, 25, 4] [-15, 19, 24, -7] [21, -5, -15, -5] [0, -19, -1, -7]
[-51, -14, 4, -15] [0, 14, -14, -5] [-38, 1, 10, 6] [-39, 13, 21, 19] [35, 20, 2, -12] [-28, -19, -1, -16] [-17, -3, -1, 14]
[0, 0, 30, 29] [-6, 20, -12, -8] [-8, -5, 44, -24] [-82, 18, 63, 9] [-46, -40, -17, 40] [-24, -21, -7, -1] [-23, -22, -26, 0]
[7, 48, -10, -39] [7, 0, 37, -27] [3, 47, 5, -109] [0, 0, 0, 0] [40, -109, 33, 19] [28, -4, -5, 0] [2, 1, 20, 3]
[-3, -36, 4, -3] [18, 2, -19, -13] [-14, -13, -38, -44] [50, 13, -123, 22] [10, -6, -32, 33] [1, 13, -6, 21] [-35, -72, -21, 38]
[22, 28, 1, 1] [-29, 3, -19, 0] [34, -14, 13, -2] [-8, 5, -33, -9] [2, -4, -44, -13] [2, -11, -20, -1] [45, 4, 19, -7]
[-17, -14, 18, -9] [-2, -10, -57, -21] [-11, 11, 24, 2] [-21, 24, -45, -9] [36, 7, -11, 27] [42, -22, -39, 23] [-16, 1, 33, -1]
Food (up, right, down, left):
[10, 14, -5, 22] [-9, 19, 1, -25] [18, -19, 25, 16] [-25, -2, 50, 2] [-10, 0, 54, -14] [-6, -22, -16, -16] [-50, 11, 13, -15]
[-79, 7, -48, -4] [-4, -7, -33, -3] [7, 27, 16, 35] [-17, 20, -49, 25] [18, 5, -3, -58] [61, 6, -44, 29] [8, 0, 22, 32]
[-20, 7, 31, -34] [12, -4, -17, 30] [-52, -38, -42, 23] [48, -31, 14, 14] [-13, -11, -18, -30] [9, 24, -48, -32] [52, 33, 7, 11]
[11, 26, -1, 42] [-18, -7, -27, 32] [1, 3, -37, -9] [0, 0, 0, 0] [-19, 51, -41, -5] [20, -22, -39, -27] [-22, 52, -19, 16]
[0, 6, -12, 12] [10, 20, 5, 40] [30, -6, 35, 24] [-15, -51, 29, -10] [5, 10, 18, -19] [1, 48, 16, 19] [-11, -13, 9, 2]
[8, -31, -9, 10] [4, 8, 16, -16] [18, 10, 18, 36] [-27, -34, 54, -20] [-44, -43, 15, -71] [-28, 64, 21, 21] [1, 39, 5, 30]
[12, -5, -32, -21] [-7, 9, 16, -59] [30, 15, -1, -15] [-19, 2, 8, -33] [56, 26, 3, -20] [31, 29, 9, 2] [10, -18, 17, -21]
------------------------------
ALIVE
Head: (15 2)
Body: (15 2) (14 2) (13 2) (12 2) (11 2) (11 1) (11 57) (11 56) (10 56) 
Length: 9, 4
Vision: 3
Hungry, suplies: 6/10
Reproductive: 16, mutating: 0.25
Generation: 51845
####################################
Wall (up, right, down, left):
[3, 4, 17, -7] [-2, 4, 11, -20] [-30, 4, -1, -25] [6, -4, 21, 4] [-15, 19, 24, -7] [21, -5, -15, -5] [0, -19, -1, -3]
[-51, -14, 4, -15] [0, 14, -11, -5] [-38, 1, 10, 6] [-39, 13, 21, 19] [35, 20, 2, -12] [-28, -19, -1, -16] [-17, -3, -1, 14]
[0, 0, 30, 29] [-6, 20, -12, -8] [-8, -5, 44, -24] [-82, 18, 63, 9] [-44, -40, -17, 40] [-24, -21, -7, -1] [-23, -22, -26, 0]
[7, 48, -10, -39] [7, 0, 37, -27] [3, 47, 5, -109] [0, 0, 0, 0] [40, -109, 33, 19] [28, -4, -5, 0] [2, 1, 20, 3]
[-3, -36, 4, -3] [18, 2, -19, -13] [-14, -13, -38, -44] [50, 13, -123, 22] [10, -6, -32, 33] [6, 13, -6, 21] [-35, -72, -21, 38]
[22, 28, 1, 1] [-29, 3, -19, 0] [34, -14, 13, -2] [-8, 5, -33, -9] [2, -4, -44, -13] [2, -11, -20, -1] [45, 4, 19, -7]
[-17, -14, 18, -9] [-2, -10, -57, -21] [-11, 11, 24, 2] [-21, 22, -45, -14] [36, 7, -11, 27] [45, -22, -39, 23] [-16, 1, 33, -1]
Food (up, right, down, left):
[10, 14, -5, 22] [-9, 19, 1, -25] [18, -19, 25, 16] [-25, -4, 50, 2] [-10, 0, 54, -14] [-6, -22, -16, -16] [-50, 11, 13, -12]
[-79, 7, -48, -4] [-4, -2, -36, -3] [7, 27, 16, 35] [-17, 20, -49, 25] [18, 5, -3, -58] [61, 6, -44, 29] [8, 0, 22, 32]
[-20, 7, 31, -34] [12, -4, -17, 30] [-52, -38, -42, 23] [48, -31, 14, 14] [-13, -11, -18, -30] [9, 24, -48, -32] [52, 33, 7, 11]
[11, 26, -1, 42] [-18, -7, -27, 32] [1, 3, -37, -9] [0, 0, 0, 0] [-19, 51, -41, -5] [20, -22, -39, -27] [-22, 52, -19, 16]
[0, 6, -12, 12] [10, 20, 5, 40] [29, -6, 35, 24] [-15, -51, 29, -10] [5, 10, 18, -19] [1, 48, 20, 19] [-11, -13, 9, 2]
[8, -31, -9, 10] [4, 8, 16, -16] [18, 10, 18, 36] [-27, -34, 54, -20] [-44, -43, 15, -71] [-28, 64, 21, 21] [1, 39, 5, 30]
[12, -5, -32, -21] [-7, 9, 16, -59] [30, 15, -1, -15] [-15, 2, 8, -32] [56, 26, 3, -20] [28, 29, 9, 2] [10, -18, 17, -21]
------------------------------
ALIVE
Head: (15 36)
Body: (15 36) (15 35) (14 35) (13 35) (12 35) (12 36) (12 37) (11 37) 
Length: 8, 4
Vision: 3
Hungry, suplies: 4/10
Reproductive: 16, mutating: 0.25
Generation: 51840
####################################
Wall (up, right, down, left):
[3, 4, 17, -7] [-2, 4, 11, -20] [-30, 4, -1, -25] [6, -4, 25, 4] [-15, 19, 24, -7] [21, -5, -15, -5] [0, -19, -1, -3]
[-51, -14, 4, -15] [0, 14, -11, -5] [-38, 1, 10, 6] [-39, 13, 21, 19] [35, 20, 2, -12] [-28, -19, -1, -16] [-17, -3, -1, 14]
[0, 0, 30, 28] [-6, 20, -12, -8] [-8, -5, 44, -24] [-82, 18, 63, 9] [-44, -40, -17, 40] [-24, -21, -7, -1] [-23, -22, -26, 0]
[7, 48, -10, -39] [7, 0, 37, -27] [3, 47, 5, -109] [0, 0, 0, 0] [40, -109, 33, 19] [28, -4, -5, 0] [2, 1, 20, 3]
[-3, -36, 4, -3] [18, 2, -19, -13] [-14, -10, -38, -44] [50, 13, -123, 22] [10, -6, -32, 33] [6, 13, -6, 21] [-35, -72, -21, 38]
[22, 28, 1, 1] [-29, 3, -19, 0] [34, -14, 13, -2] [-8, 5, -33, -9] [2, -4, -44, -13] [2, -11, -20, -1] [45, 4, 19, -7]
[-17, -14, 18, -9] [-2, -10, -57, -21] [-11, 11, 24, 2] [-21, 20, -45, -14] [36, 7, -11, 27] [45, -22, -39, 23] [-16, 1, 33, -1]
Food (up, right, down, left):
[10, 14, -5, 22] [-9, 19, 1, -25] [18, -19, 25, 16] [-25, -2, 50, 2] [-10, 0, 54, -14] [-6, -22, -16, -16] [-50, 11, 13, -12]
[-79, 7, -48, -4] [-4, -2, -36, -3] [7, 27, 16, 35] [-17, 20, -49, 25] [18, 5, -3, -58] [61, 6, -44, 29] [8, 0, 22, 32]
[-20, 7, 29, -34] [12, -4, -17, 30] [-52, -38, -42, 23] [48, -31, 14, 14] [-13, -11, -18, -30] [9, 24, -48, -32] [52, 33, 7, 11]
[11, 26, -1, 42] [-18, -7, -27, 32] [1, 3, -37, -9] [0, 0, 0, 0] [-19, 51, -41, -5] [20, -22, -39, -27] [-22, 52, -19, 16]
[0, 6, -12, 12] [10, 20, 5, 40] [29, -6, 35, 19] [-15, -51, 29, -10] [5, 10, 18, -19] [1, 48, 20, 19] [-11, -13, 9, 2]
[8, -31, -9, 10] [4, 8, 16, -16] [18, 10, 18, 36] [-27, -34, 54, -20] [-44, -43, 15, -71] [-28, 64, 21, 21] [1, 39, 5, 30]
[12, -5, -32, -21] [-7, 9, 16, -59] [30, 15, -1, -15] [-15, 2, 8, -32] [56, 26, 3, -20] [28, 29, 9, 2] [10, -18, 17, -21]
------------------------------
ALIVE
Head: (0 7)
Body: (25 7) (24 7) (23 7) (22 7) (21 7) (20 7) (19 7) (19 8) 
Length: 8, 4
Vision: 3
Hungry, suplies: 5/10
Reproductive: 16, mutating: 0.25
Generation: 51840
####################################
Wall (up, right, down, left):
[3, 4, 17, -7] [-2, 4, 11, -20] [-30, 4, -1, -25] [6, -1, 25, 4] [-15, 19, 24, -7] [21, -3, -15, -5] [0, -19, -1, -7]
[-51, -14, 5, -15] [0, 14, -11, -5] [-38, 1, 10, 6] [-39, 13, 21, 19] [35, 20, 2, -12] [-28, -19, -1, -16] [-17, -3, -1, 14]
[0, 0, 30, 29] [-6, 20, -12, -8] [-8, -6, 44, -24] [-82, 18, 63, 9] [-44, -40, -17, 40] [-24, -21, -7, -1] [-23, -22, -26, 0]
[7, 48, -10, -39] [7, 0, 37, -27] [3, 47, 5, -109] [0, 0, 0, 0] [40, -105, 33, 19] [28, -4, -5, 0] [2, 1, 20, 3]
[-3, -33, 4, -3] [18, 2, -19, -13] [-14, -13, -38, -44] [50, 13, -123, 22] [10, -6, -32, 33] [6, 13, -6, 21] [-35, -72, -21, 38]
[22, 28, 1, 1] [-29, 3, -19, 0] [34, -14, 13, -2] [-8, 5, -33, -13] [2, -4, -44, -13] [2, -11, -20, 2] [45, 4, 19, -7]
[-17, -13, 18, -9] [-2, -10, -57, -21] [-11, 11, 24, 2] [-21, 22, -45, -15] [36, 7, -11, 27] [42, -22, -39, 23] [-16, 1, 33, -1]
Food (up, right, down, left):
[10, 14, -5, 22] [-9, 19, 1, -25] [18, -19, 25, 16] [-21, -2, 50, 2] [-10, 0, 54, -14] [-6, -22, -18, -16] [-50, 11, 13, -15]
[-79, 7, -50, -4] [-4, -7, -36, -3] [7, 27, 16, 35] [-17, 20, -49, 25] [18, 5, -3, -58] [61, 6, -44, 29] [8, 0, 22, 32]
[-20, 7, 31, -34] [12, -4, -17, 30] [-52, -38, -42, 18] [48, -31, 14, 14] [-13, -11, -18, -30] [9, 24, -48, -32] [52, 33, 7, 11]
[11, 26, -1, 42] [-18, -7, -27, 32] [1, 3, -37, -9] [0, 0, 0, 0] [-14, 51, -41, -5] [20, -22, -39, -27] [-22, 52, -19, 16]
[0, 10, -12, 12] [10, 20, 5, 40] [29, -6, 35, 24] [-15, -51, 29, -10] [5, 10, 18, -19] [1, 48, 20, 19] [-11, -13, 9, 2]
[8, -31, -9, 10] [4, 8, 16, -16] [18, 10, 18, 36] [-27, -34, 55, -20] [-44, -43, 15, -71] [-28, 67, 21, 21] [1, 39, 5, 30]
[12, -9, -32, -21] [-7, 9, 16, -59] [30, 15, -1, -15] [-18, 2, 8, -32] [56, 26, 3, -20] [31, 29, 9, 2] [10, -18, 17, -21]
------------------------------
ALIVE
Head: (21 17)
Body: (21 17) (21 16) (22 16) (23 16) (24 16) (24 15) (24 14) (25 14) (0 13) 
Length: 9, 4
Vision: 3
Hungry, suplies: 10/10
Reproductive: 16, mutating: 0.25
Generation: 51843
####################################
