Wall (up, right, down, left):
[0, -1, 4, -7] [-4, -1, 12, -17] [-29, 3, -6, -25] [8, -2, 29, 3] [-15, 6, 22, 2] [18, -3, -16, -5] [3, -19, -2, -3]
[-40, 1, 6, -19] [0, 14, -8, -10] [-31, 4, 15, 2] [-38, 10, 26, 14] [30, 26, 3, -1] [-33, -25, -1, -16] [-20, 6, -6, 13]
[-8, 9, 34, 28] [3, 18, -14, -11] [-5, -8, 39, -20] [-94, 18, 67, 10] [-46, -43, -10, 39] [-20, -23, -8, 12] [-15, -25, -18, 1]
[0, 50, -13, -38] [13, -4, 42, -37] [11, 39, -3, -107] [0, 0, 0, 0] [47, -116, 16, 20] [26, -3, -8, 11] [5, 5, 25, 0]
[-4, -35, 15, -3] [18, -1, -23, -18] [-18, -14, -43, -45] [50, 13, -126, 22] [12, -2, -34, 49] [9, 11, -4, 18] [-28, -78, -24, 42]
[30, 23, 0, 1] [-28, 8, -28, 3] [34, -9, 18, -3] [-3, 1, -29, -4] [2, -6, -46, -15] [1, -12, -21, 10] [29, 13, 26, -14]
[-12, -5, 22, -13] [3, -8, -55, -17] [-7, 6, 21, 11] [-23, 24, -53, -16] [34, 7, -18, 28] [35, -11, -39, 29] [-9, -13, 29, 0]
Food (up, right, down, left):
[8, 7, 4, 27] [-7, 32, 4, -23] [17, -20, 11, 11] [-24, 2, 50, 4] [3, -15, 43, -10] [-8, -25, -19, -26] [-52, 21, 4, -14]
[-77, 9, -40, -7] [0, -7, -39, -5] [3, 8, 20, 32] [-26, 12, -62, 33] [11, 5, 1, -54] [55, -1, -55, 25] [14, 2, 26, 34]
[-31, 8, 27, -39] [8, -3, -26, 37] [-36, -40, -41, 26] [45, -34, 28, 24] [-12, -12, -8, -26] [3, 23, -53, -31] [63, 27, 22, 4]
[-2, 31, -10, 43] [-21, -5, -33, 42] [-6, 1, -38, -14] [0, 0, 0, 0] [-15, 56, -50, -11] [19, -23, -43, -22] [-29, 55, -23, 12]
[2, 14, -8, 18] [15, 14, 2, 32] [25, -8, 39, 27] [-16, -50, 29, -9] [6, 15, 22, -17] [9, 54, 16, 13] [-7, -18, 3, -1]
[10, -30, -13, 7] [8, 5, 17, -30] [20, 10, 21, 32] [-39, -33, 59, -16] [-47, -42, 19, -70] [-30, 72, 26, 21] [2, 46, 12, 32]
[17, 2, -34, -22] [-9, -4, 19, -68] [35, 17, -1, -8] [-10, -3, 0, -34] [61, 31, 6, -24] [10, 34, 9, 6] [9, -20, 19, -13]
------------------------------
ALIVE
Head: (22 32)
Body: (22 32) (22 31) (22 30) (22 29) (22 28) (22 27) (22 26) (22 25) (22 24) (23 24) (24 24) (24 23) (23 23) (22 23) 
Length: 14, 4
Vision: 3
Hungry, suplies: 3/10
Reproductive: 16, mutating: 0.25
Generation: 54601
####################################
Wall (up, right, down, left):
[0, -1, 4, -7] [-4, -1, 12, -17] [-29, 3, -6, -25] [8, -2, 29, 3] [-12, 6, 22, -3] [18, -4, -16, -5] [3, -19, -2, -3]
[-40, 1, 6, -19] [0, 12, -8, -5] [-31, 4, 15, 2] [-38, 10, 26, 14] [30, 26, 3, -5] [-33, -25, -1, -16] [-20, 6, -6, 13]
[-8, 9, 34, 28] [3, 18, -14, -11] [-5, -8, 39, -20] [-94, 18, 67, 10] [-46, -43, -10, 39] [-20, -23, -8, 12] [-15, -25, -18, 1]
[0, 50, -13, -38] [13, -4, 42, -37] [6, 39, -3, -107] [0, 0, 0, 0] [45, -116, 16, 20] [26, -3, -8, 11] [5, 5, 25, -3]
[-4, -35, 15, -3] [18, -1, -23, -18] [-18, -14, -43, -45] [50, 13, -126, 22] [12, -2, -34, 49] [9, 11, -4, 18] [-28, -78, -24, 43]
[30, 25, 0, 1] [-28, 8, -28, 3] [34, -9, 18, -3] [-3, 1, -29, -4] [2, -6, -46, -15] [1, -12, -21, 10] [29, 13, 26, -14]
[-12, -5, 22, -13] [3, -11, -55, -17] [-7, 6, 21, 11] [-23, 24, -53, -16] [34, 7, -18, 28] [35, -11, -39, 24] [-9, -13, 29, 0]
Food (up, right, down, left):
[8, 7, 4, 27] [-7, 32, 4, -23] [17, -20, 11, 11] [-24, 2, 50, 4] [4, -15, 43, -10] [-8, -25, -19, -21] [-52, 21, 4, -14]
[-77, 9, -40, -7] [0, -8, -39, -5] [3, 8, 20, 32] [-26, 12, -62, 33] [16, 5, 1, -54] [55, -1, -55, 25] [14, 2, 26, 34]
[-31, 8, 27, -39] [8, -3, -26, 37] [-36, -40, -41, 26] [45, -34, 28, 24] [-12, -12, -8, -26] [3, 23, -53, -31] [63, 27, 22, 4]
[-2, 31, -10, 43] [-21, -5, -33, 42] [-6, 1, -38, -14] [0, 0, 0, 0] [-15, 56, -51, -11] [19, -23, -43, -22] [-29, 55, -23, 15]
[2, 14, -8, 18] [15, 14, 2, 32] [25, -8, 39, 27] [-16, -50, 29, -9] [6, 15, 22, -17] [9, 54, 16, 13] [-7, -18, 3, -2]
[10, -30, -13, 8] [8, 5, 17, -30] [20, 11, 21, 32] [-39, -33, 59, -16] [-47, -42, 19, -70] [-30, 72, 26, 21] [2, 46, 12, 32]
[17, 2, -34, -22] [-9, 1, 19, -68] [35, 17, -1, -8] [-10, -3, 0, -34] [61, 31, 6, -24] [10, 38, 13, 6] [9, -20, 19, -13]
------------------------------
ALIVE
Head: (11 24)
Body: (11 24) (12 24) (12 25) (12 26) (13 26) (14 26) (15 26) (15 25) (16 25) (16 24) (15 24) 
Length: 11, 4
Vision: 3
Hungry, suplies: 8/10
Reproductive: 16, mutating: 0.25
Generation: 54602
####################################
Wall (up, right, down, left):
[0, -1, 4, -7] [-4, -1, 12, -17] [-29, 3, -6, -25] [8, -2, 29, 3] [-15, 6, 22, -3] [18, -4, -16, -5] [3, -19, -2, -3]
[-40, 1, 6, -19] [0, 12, -8, -5] [-31, 4, 15, 2] [-38, 10, 26, 14] [30, 26, 3, -5] [-33, -25, -1, -16] [-20, 6, -6, 13]
[-8, 9, 34, 28] [3, 18, -14, -11] [-5, -8, 39, -20] [-94, 18, 67, 10] [-46, -43, -10, 39] [-20, -23, -8, 12] [-15, -25, -18, 1]
[0, 50, -13, -38] [13, -4, 42, -37] [6, 39, -3, -107] [0, 0, 0, 0] [45, -116, 16, 20] [26, -3, -8, 11] [5, 5, 25, -3]
[-4, -35, 15, -3] [18, -1, -23, -18] [-18, -14, -43, -45] [50, 13, -126, 22] [12, -2, -34, 49] [9, 11, -4, 18] [-28, -78, -24, 43]
[30, 25, 0, 1] [-28, 8, -28, 3] [34, -9, 18, -3] [-3, 1, -29, -4] [2, -6, -46, -15] [1, -12, -21, 10] [29, 13, 26, -14]
[-12, -5, 22, -13] [3, -11, -55, -17] [-7, 6, 21, 11] [-23, 24, -53, -16] [34, 7, -18, 28] [35, -11, -39, 24] [-9, -13, 29, 0]
Food (up, right, down, left):
[8, 7, 4, 27] [-7, 32, 4, -23] [17, -20, 11, 11] [-24, 2, 50, 4] [6, -15, 43, -10] [-8, -25, -19, -21] [-52, 21, 4, -14]
[-77, 9, -40, -7] [0, -8, -39, -5] [3, 8, 20, 32] [-26, 12, -62, 33] [16, 5, 1, -54] [55, -1, -55, 25] [14, 2, 26, 34]
[-31, 8, 27, -39] [8, -3, -26, 37] [-36, -40, -41, 26] [45, -34, 28, 24] [-12, -12, -8, -26] [3, 23, -53, -31] [63, 27, 22, 4]
[-2, 31, -10, 43] [-21, -5, -33, 42] [-6, 1, -38, -14] [0, 0, 0, 0] [-15, 56, -51, -11] [19, -23, -43, -22] [-29, 55, -23, 15]
[2, 14, -8, 18] [15, 14, 2, 32] [25, -8, 39, 27] [-16, -50, 29, -9] [6, 15, 22, -17] [9, 54, 16, 13] [-7, -18, 3, -2]
[10, -30, -13, 8] [8, 5, 17, -30] [20, 10, 21, 32] [-39, -33, 59, -16] [-47, -42, 19, -70] [-30, 72, 26, 21] [2, 46, 12, 32]
[17, 2, -34, -22] [-9, 1, 19, -68] [35, 17, -1, -8] [-10, -3, 0, -34] [61, 31, 6, -24] [10, 38, 13, 6] [9, -20, 19, -13]
------------------------------
ALIVE
Head: (3 35)
Body: (3 35) (3 36) (4 36) (4 35) (5 35) (5 36) (5 37) (4 37) (4 38) 
Length: 9, 4
Vision: 3
Hungry, suplies: 7/10
Reproductive: 16, mutating: 0.25
Generation: 54599
####################################
Wall (up, right, down, left):
[0, -1, 4, -7] [-4, -1, 12, -17] [-29, 3, -6, -25] [8, -2, 29, 3] [-15, 6, 22, -3] [18, -4, -16, -5] [3, -19, -2, -3]
[-40, 1, 6, -19] [0, 12, -8, -5] [-31, 4, 15, 2] [-38, 10, 26, 14] [30, 26, 3, -5] [-33, -25, -1, -16] [-20, 6, -6, 13]
[-8, 9, 34, 28] [3, 18, -14, -11] [-5, -8, 39, -20] [-94, 18, 67, 10] [-46, -43, -10, 39] [-20, -23, -8, 12] [-14, -25, -18, 1]
[0, 50, -13, -38] [13, -4, 42, -37] [6, 39, -3, -107] [0, 0, 0, 0] [45, -116, 16, 20] [26, -3, -8, 11] [5, 5, 25, -3]
[-4, -35, 15, -3] [18, -1, -23, -18] [-18, -14, -43, -45] [50, 13, -126, 22] [12, -2, -34, 49] [9, 11, -4, 18] [-28, -78, -24, 43]
[30, 25, 0, 1] [-28, 8, -28, 3] [34, -9, 18, -3] [-3, 1, -29, -4] [2, -6, -46, -15] [1, -12, -21, 10] [29, 13, 26, -14]
[-12, -5, 22, -13] [3, -11, -55, -17] [-7, 6, 21, 11] [-23, 24, -53, -16] [34, 7, -18, 28] [35, -11, -39, 24] [-9, -13, 29, 0]
Food (up, right, down, left):
[8, 7, 4, 27] [-7, 32, 4, -23] [17, -20, 11, 11] [-24, 2, 50, 4] [6, -15, 43, -10] [-8, -25, -19, -21] [-52, 21, 4, -14]
[-77, 9, -40, -7] [0, -8, -39, -5] [3, 8, 20, 32] [-26, 12, -62, 33] [16, 5, 1, -54] [55, -1, -55, 25] [14, 2, 26, 34]
[-31, 8, 27, -39] [8, -3, -26, 37] [-36, -40, -41, 26] [45, -34, 28, 24] [-12, -12, -8, -26] [3, 23, -53, -31] [63, 31, 22, 4]
[-2, 31, -10, 43] [-21, -5, -33, 42] [-6, 1, -38, -14] [0, 0, 0, 0] [-15, 56, -51, -11] [19, -23, -43, -22] [-29, 55, -23, 15]
[2, 14, -8, 18] [15, 14, 2, 32] [25, -8, 39, 27] [-16, -50, 29, -9] [6, 15, 22, -17] [9, 54, 16, 13] [-7, -18, 3, -2]
[10, -30, -13, 8] [8, 5, 17, -30] [20, 10, 21, 32] [-39, -33, 59, -16] [-47, -42, 19, -70] [-30, 72, 26, 21] [2, 46, 12, 32]
[17, 2, -34, -22] [-9, 1, 19, -68] [35, 17, -1, -8] [-10, -3, 0, -34] [61, 31, 6, -24] [10, 38, 13, 6] [9, -20, 19, -13]
------------------------------
ALIVE
Head: (0 1)
Body: (0 1) (25 2) (24 2) (23 2) (23 1) (23 0) (24 0) (24 56) (24 55) (0 55) (1 55) (2 55) (3 55) (4 55) (5 55) 
Length: 15, 4
Vision: 3
Hungry, suplies: 4/10
Reproductive: 16, mutating: 0.25
Generation: 54603
####################################
Wall (up, right, down, left):
[0, -1, 4, -7] [-4, -1, 12, -17] [-29, 3, -6, -25] [8, -2, 29, 3] [-15, 6, 22, -3] [18, -4, -16, -5] [3, -19, -2, -3]
[-40, 1, 6, -19] [0, 12, -8, -5] [-31, 4, 15, 2] [-38, 10, 26, 14] [30, 26, 3, -5] [-33, -25, -1, -16] [-20, 6, -6, 13]
[-8, 9, 34, 28] [3, 18, -14, -11] [-5, -8, 39, -20] [-94, 18, 67, 10] [-46, -43, -10, 39] [-20, -23, -8, 12] [-15, -25, -18, 1]
[0, 50, -13, -38] [13, -4, 42, -37] [6, 39, -3, -107] [0, 0, 0, 0] [45, -116, 16, 20] [26, -3, -8, 11] [5, 5, 25, -3]
[-4, -35, 15, -3] [18, -1, -23, -18] [-18, -14, -43, -45] [50, 13, -126, 22] [12, -2, -34, 49] [9, 11, -2, 18] [-28, -78, -24, 43]
[30, 25, 0, 1] [-28, 8, -28, 3] [34, -9, 18, -3] [-3, 1, -29, -4] [2, -6, -46, -15] [1, -12, -21, 10] [29, 13, 26, -14]
[-12, -5, 22, -13] [3, -11, -55, -17] [-7, 6, 21, 11] [-23, 24, -53, -16] [34, 7, -18, 28] [35, -11, -39, 24] [-7, -13, 29, 0]
Food (up, right, down, left):
[8, 7, 4, 27] [-7, 32, 4, -23] [17, -20, 11, 11] [-24, 2, 50, 4] [6, -15, 43, -10] [-8, -25, -19, -21] [-52, 21, 4, -14]
[-77, 9, -40, -7] [0, -8, -39, -5] [3, 8, 20, 32] [-26, 12, -62, 33] [16, 5, 1, -54] [55, -1, -55, 25] [14, 2, 26, 34]
[-31, 8, 27, -39] [8, -3, -26, 37] [-36, -40, -41, 26] [45, -34, 28, 24] [-12, -12, -8, -26] [3, 23, -53, -31] [63, 27, 22, 4]
[-2, 31, -10, 43] [-21, -5, -33, 42] [-6, 1, -38, -14] [0, 0, 0, 0] [-15, 56, -51, -11] [19, -23, -43, -22] [-29, 55, -23, 15]
[2, 14, -8, 18] [15, 14, 2, 32] [25, -8, 39, 27] [-16, -50, 29, -9] [6, 15, 22, -17] [9, 54, 16, 15] [-7, -18, 3, -2]
[10, -30, -13, 8] [8, 5, 17, -30] [20, 10, 21, 32] [-39, -33, 59, -16] [-47, -42, 19, -70] [-30, 72, 26, 21] [2, 46, 12, 32]
[17, 2, -34, -22] [-9, 1, 19, -68] [35, 17, -1, -8] [-10, -3, 0, -34] [61, 31, 6, -24] [10, 38, 13, 6] [9, -20, 22, -13]
------------------------------
ALIVE
Head: (0 33)
Body: (25 33) (24 33) (24 32) (24 31) (24 30) (24 29) (24 28) (24 27) (24 26) 
Length: 9, 4
Vision: 3
Hungry, suplies: 2/10
Reproductive: 16, mutating: 0.25
Generation: 54603
####################################
Wall (up, right, down, left):
[0, -1, 4, -7] [-4, -1, 12, -17] [-29, 3, -6, -25] [8, -2, 29, 3] [-15, 6, 22, -3] [18, -4, -16, -5] [3, -19, -2, -3]
[-40, 1, 6, -19] [0, 12, -8, -5] [-31, 4, 15, 2] [-38, 10, 26, 14] [30, 26, 3, -5] [-33, -25, -1, -16] [-20, 6, -6, 13]
[-8, 9, 34, 28] [3, 18, -14, -11] [-5, -8, 39, -20] [-94, 18, 67, 10] [-46, -43, -10, 39] [-20, -23, -8, 12] [-15, -25, -18, 1]
[0, 50, -13, -38] [13, -4, 42, -37] [6, 39, -3, -107] [0, 0, 0, 0] [45, -116, 16, 20] [26, -3, -8, 11] [5, 5, 25, -3]
[-4, -35, 15, -3] [18, -1, -23, -18] [-18, -14, -43, -45] [50, 13, -126, 22] [12, -2, -34, 49] [9, 11, -4, 18] [-28, -78, -24, 43]
[30, 25, 0, 1] [-28, 8, -28, 3] [34, -9, 18, -3] [-3, 1, -29, -4] [2, -6, -46, -15] [1, -12, -21, 10] [29, 13, 26, -14]
[-12, -5, 22, -13] [3, -11, -55, -17] [-7, 6, 21, 11] [-23, 24, -53, -16] [34, 7, -18, 28] [35, -11, -39, 24] [-9, -13, 29, 0]
Food (up, right, down, left):
[8, 7, 4, 27] [-7, 32, 4, -23] [17, -20, 11, 11] [-24, 2, 50, 4] [6, -15, 43, -10] [-8, -25, -19, -21] [-52, 21, 4, -14]
[-77, 9, -40, -7] [0, -8, -39, -5] [3, 8, 20, 32] [-26, 12, -62, 33] [16, 5, 1, -54] [55, -1, -55, 25] [14, 2, 26, 34]
[-31, 8, 27, -39] [8, -3, -26, 37] [-36, -40, -41, 26] [45, -34, 28, 24] [-12, -12, -8, -26] [3, 23, -53, -31] [63, 27, 22, 4]
[-2, 31, -10, 43] [-21, -5, -33, 42] [-6, 1, -38, -14] [0, 0, 0, 0] [-15, 56, -51, -11] [19, -23, -43, -22] [-29, 55, -23, 15]
[2, 14, -8, 18] [15, 14, 2, 32] [25, -8, 39, 27] [-16, -50, 29, -9] [6, 15, 22, -17] [9, 54, 16, 13] [-7, -18, 3, -2]
[10, -30, -13, 8] [8, 5, 17, -30] [20, 10, 21, 32] [-39, -33, 59, -16] [-47, -42, 19, -70] [-30, 72, 26, 21] [2, 46, 12, 32]
[17, 2, -34, -22] [-9, 1, 19, -68] [35, 17, -1, -8] [-10, -3, 0, -34] [61, 31, 6, -24] [10, 38, 13, 6] [9, -20, 19, -13]
------------------------------
ALIVE
Head: (9 39)
Body: (9 39) (9 40) (9 41) (9 42) (8 42) (8 43) (8 44) (9 44) 
Length: 8, 4
Vision: 3
Hungry, suplies: 9/10
Reproductive: 16, mutating: 0.25
Generation: 54602
####################################
Wall (up, right, down, left):
[0, -1, 4, -7] [-4, -1, 12, -17] [-29, 3, -6, -25] [8, -2, 29, 3] [-15, 6, 22, 2] [18, -3, -16, -5] [3, -19, -2, -3]
[-40, 1, 6, -19] [0, 14, -8, -5] [-31, 4, 15, 2] [-38, 10, 26, 14] [30, 26, 3, -1] [-33, -25, -1, -16] [-20, 6, -6, 13]
[-8, 9, 34, 28] [3, 18, -14, -11] [-5, -8, 39, -20] [-94, 18, 67, 10] [-46, -43, -10, 39] [-20, -23, -8, 12] [-15, -25, -18, 1]
[0, 50, -13, -38] [13, -4, 42, -37] [6, 39, -3, -107] [0, 0, 0, 0] [47, -116, 16, 20] [26, -3, -8, 11] [5, 5, 25, 0]
[-4, -35, 15, -3] [18, -1, -23, -18] [-18, -14, -43, -45] [50, 13, -126, 22] [12, -2, -34, 49] [9, 11, -4, 18] [-28, -78, -24, 42]
[30, 23, 0, 6] [-28, 8, -28, 3] [34, -9, 18, -3] [-3, 1, -29, -4] [2, -6, -46, -15] [1, -12, -21, 10] [29, 13, 26, -14]
[-12, -5, 22, -13] [3, -8, -55, -17] [-7, 6, 21, 11] [-23, 24, -53, -16] [34, 7, -18, 28] [35, -11, -39, 29] [-9, -13, 29, 0]
Food (up, right, down, left):
[8, 7, 4, 27] [-7, 32, 4, -23] [17, -20, 11, 11] [-24, 2, 50, 4] [3, -15, 43, -10] [-8, -25, -19, -26] [-52, 21, 4, -14]
[-77, 9, -40, -7] [0, -7, -39, -5] [3, 8, 20, 32] [-26, 12, -62, 33] [11, 5, 1, -54] [55, -1, -55, 25] [14, 2, 26, 34]
[-31, 8, 27, -39] [8, -3, -26, 37] [-36, -40, -41, 26] [45, -34, 28, 24] [-12, -12, -8, -26] [3, 23, -53, -31] [63, 27, 22, 4]
[-2, 31, -10, 43] [-21, -5, -33, 42] [-6, 1, -38, -14] [0, 0, 0, 0] [-15, 56, -50, -11] [19, -23, -43, -22] [-29, 55, -23, 12]
[2, 14, -8, 18] [15, 14, 2, 32] [25, -8, 39, 27] [-16, -50, 29, -9] [6, 15, 22, -17] [9, 54, 16, 13] [-7, -18, 3, -1]
[10, -31, -13, 7] [8, 5, 17, -30] [20, 10, 21, 32] [-39, -33, 59, -16] [-47, -42, 19, -70] [-30, 72, 26, 21] [2, 46, 12, 32]
[17, 2, -34, -22] [-9, -4, 19, -68] [35, 17, -1, -8] [-10, -3, 0, -34] [61, 31, 6, -24] [10, 34, 9, 6] [9, -20, 19, -13]
------------------------------
ALIVE
Head: (18 49)
Body: (18 49) (18 50) (18 51) (18 52) (18 53) (19 53) (19 54) (18 54) (17 54) (16 54) (16 53) (16 52) (15 52) 
Length: 13, 4
Vision: 3
Hungry, suplies: 5/10
Reproductive: 16, mutating: 0.25
Generation: 54601
####################################
Wall (up, right, down, left):
[0, -1, 4, -7] [-4, -1, 12, -17] [-29, 3, -6, -25] [8, -2, 29, 3] [-15, 6, 22, -3] [18, -4, -16, -5] [3, -19, -2, -3]
[-40, 1, 6, -19] [0, 12, -8, -5] [-31, 4, 15, 2] [-38, 10, 26, 14] [30, 26, 3, -5] [-33, -25, -1, -16] [-20, 6, -6, 13]
[-8, 9, 34, 28] [3, 18, -14, -11] [-5, -8, 39, -20] [-94, 18, 67, 10] [-46, -43, -10, 39] [-20, -23, -8, 12] [-15, -25, -18, 1]
[0, 50, -13, -38] [13, -4, 42, -37] [6, 39, -3, -107] [0, 0, 0, 0] [45, -116, 16, 20] [26, -3, -8, 11] [5, 5, 25, -3]
[-4, -35, 15, -3] [18, -1, -23, -18] [-18, -14, -43, -45] [50, 13, -126, 22] [12, -2, -34, 49] [9, 11, -4, 18] [-28, -78, -24, 43]
[30, 25, 0, 1] [-28, 8, -28, 3] [34, -9, 18, -3] [-3, 1, -29, -4] [2, -6, -46, -15] [1, -12, -21, 10] [29, 13, 26, -14]
[-12, -5, 22, -13] [3, -11, -55, -17] [-7, 6, 21, 11] [-23, 24, -53, -16] [34, 7, -18, 28] [35, -11, -39, 24] [-7, -13, 29, 0]
Food (up, right, down, left):
[8, 7, 4, 27] [-7, 32, 4, -23] [17, -20, 11, 11] [-24, 2, 50, 4] [6, -15, 43, -10] [-8, -25, -19, -21] [-52, 21, 4, -14]
[-77, 9, -40, -7] [0, -8, -39, -5] [3, 8, 20, 32] [-26, 12, -62, 33] [16, 5, 1, -54] [55, -1, -55, 25] [14, 2, 26, 34]
[-31, 8, 27, -39] [8, -3, -26, 37] [-36, -40, -41, 26] [45, -34, 28, 24] [-12, -12, -8, -26] [3, 23, -53, -31] [63, 27, 22, 4]
[-2, 31, -10, 43] [-21, -5, -33, 42] [-6, 1, -38, -14] [0, 0, 0, 0] [-15, 56, -51, -11] [19, -23, -43, -22] [-29, 55, -23, 15]
[2, 14, -8, 18] [15, 14, 2, 32] [25, -8, 39, 27] [-16, -50, 29, -9] [6, 15, 22, -17] [9, 54, 16, 13] [-7, -18, 3, -2]
[10, -30, -13, 8] [8, 5, 17, -30] [20, 10, 21, 32] [-39, -33, 59, -16] [-47, -42, 19, -70] [-30, 72, 26, 21] [2, 46, 12, 32]
[17, 2, -34, -22] [-9, 1, 19, -68] [35, 17, -1, -8] [-10, -3, 0, -34] [61, 31, 6, -24] [10, 38, 13, 6] [9, -20, 22, -13]
------------------------------
ALIVE
Head: (3 14)
Body: (3 14) (3 13) (2 13) (1 13) (25 13) (24 13) (23 13) (22 13) (21 13) (20 13) (20 12) (20 11) (21 11) 
Length: 13, 4
Vision: 3
Hungry, suplies: 9/10
Reproductive: 16, mutating: 0.25
Generation: 54603
####################################
Wall (up, right, down, left):
[0, -1, 4, -7] [-4, -1, 12, -17] [-29, 3, -6, -25] [8, -2, 29, 3] [-12, 6, 22, -3] [18, -4, -16, -5] [3, -19, -2, -3]
[-40, 1, 6, -19] [0, 12, -8, -5] [-31, 4, 15, 2] [-38, 10, 26, 14] [30, 26, 3, -5] [-33, -25, -1, -16] [-20, 6, -6, 13]
[-8, 9, 34, 28] [3, 18, -14, -11] [-5, -8, 39, -20] [-94, 18, 67, 10] [-46, -43, -10, 39] [-20, -23, -8, 12] [-15, -25, -18, 1]
[0, 50, -13, -38] [13, -4, 42, -37] [6, 39, -3, -107] [0, 0, 0, 0] [45, -116, 16, 20] [26, -3, -8, 11] [5, 5, 25, -3]
[-4, -35, 15, -3] [18, -1, -23, -18] [-18, -14, -43, -45] [50, 13, -126, 22] [12, -2, -34, 49] [9, 11, -4, 18] [-28, -78, -24, 43]
[30, 25, 0, 1] [-28, 8, -28, 3] [34, -9, 18, -3] [-3, 1, -29, -4] [2, -6, -46, -15] [1, -12, -21, 10] [29, 13, 26, -14]
[-12, -5, 22, -13] [3, -11, -55, -17] [-7, 6, 21, 11] [-23, 24, -53, -16] [34, 7, -18, 28] [35, -11, -39, 24] [-9, -13, 29, 0]
Food (up, right, down, left):
[8, 7, 4, 27] [-7, 32, 4, -23] [17, -20, 11, 11] [-24, 2, 50, 4] [4, -15, 43, -10] [-8, -25, -19, -21] [-52, 21, 4, -14]
[-77, 9, -40, -7] [0, -8, -39, -5] [3, 8, 20, 32] [-26, 12, -62, 33] [16, 5, 1, -54] [55, -1, -55, 25] [14, 2, 26, 34]
[-31, 8, 27, -39] [8, -3, -26, 37] [-36, -40, -41, 26] [45, -34, 28, 24] [-12, -12, -8, -26] [3, 23, -53, -31] [63, 27, 22, 4]
[-2, 31, -10, 43] [-21, -5, -33, 42] [-6, 1, -38, -14] [0, 0, 0, 0] [-15, 56, -51, -11] [19, -23, -43, -22] [-29, 55, -23, 15]
[2, 14, -8, 18] [15, 14, 2, 32] [25, -8, 39, 27] [-16, -50, 29, -9] [6, 15, 22, -17] [9, 54, 16, 13] [-7, -18, 3, -2]
[10, -30, -13, 8] [8, 5, 17, -30] [20, 11, 21, 32] [-39, -33, 59, -16] [-47, -42, 19, -70] [-30, 72, 26, 21] [2, 46, 12, 32]
[17, 2, -34, -22] [-9, 1, 19, -68] [35, 17, -1, -8] [-10, -3, 0, -34] [61, 31, 6, -24] [10, 38, 13, 6] [9, -20, 19, -13]
------------------------------
ALIVE
Head: (21 24)
Body: (21 24) (21 25) (21 26) (21 27) (21 28) (20 28) (19 28) (18 28) (17 28) (16 28) (15 28) (14 28) (13 28) (12 28) 
Length: 14, 4
Vision: 3
Hungry, suplies: 2/10
Reproductive: 16, mutating: 0.25
Generation: 54603
####################################
Wall (up, right, down, left):
[0, -1, 4, -7] [-4, -1, 12, -17] [-29, 3, -6, -25] [8, -2, 29, 3] [-15, 6, 22, 2] [18, -3, -16, -5] [3, -19, -2, -3]
[-40, 1, 6, -19] [0, 14, -8, -5] [-31, 4, 15, 2] [-38, 10, 26, 14] [30, 26, 3, -1] [-33, -25, -1, -16] [-20, 6, -6, 13]
[-8, 9, 34, 28] [3, 18, -14, -11] [-5, -8, 39, -20] [-94, 18, 67, 10] [-46, -43, -10, 39] [-20, -23, -8, 12] [-15, -25, -18, 1]
[0, 48, -13, -38] [13, -4, 42, -37] [6, 39, -3, -107] [0, 0, 0, 0] [47, -116, 16, 20] [26, -3, -8, 11] [5, 5, 25, 0]
[-4, -35, 15, -3] [18, -1, -23, -18] [-18, -14, -43, -45] [50, 13, -126, 22] [12, -2, -34, 49] [9, 11, -4, 18] [-28, -78, -24, 42]
[30, 23, 0, 6] [-28, 8, -28, 3] [34, -9, 18, -3] [-3, 1, -29, -4] [2, -6, -46, -15] [1, -12, -21, 10] [29, 13, 26, -14]
[-12, -5, 22, -13] [3, -8, -55, -17] [-7, 6, 21, 11] [-23, 24, -53, -16] [34, 7, -18, 28] [35, -11, -39, 29] [-9, -13, 29, 0]
Food (up, right, down, left):
[8, 7, 4, 27] [-7, 32, 4, -23] [17, -20, 11, 11] [-24, 2, 50, 4] [3, -15, 43, -10] [-8, -25, -19, -26] [-52, 21, 4, -14]
[-77, 9, -40, -7] [0, -7, -39, -5] [3, 8, 20, 32] [-26, 12, -62, 33] [11, 5, 1, -54] [55, -1, -55, 25] [14, 2, 26, 34]
[-31, 8, 27, -39] [8, -3, -26, 37] [-36, -40, -41, 26] [45, -34, 28, 24] [-12, -12, -8, -26] [3, 23, -53, -31] [63, 27, 22, 4]
[-2, 31, -6, 43] [-21, -5, -33, 42] [-6, 1, -38, -14] [0, 0, 0, 0] [-15, 56, -50, -11] [19, -23, -43, -22] [-29, 55, -23, 12]
[2, 14, -8, 18] [15, 14, 2, 32] [25, -8, 39, 27] [-16, -50, 29, -9] [6, 15, 22, -17] [9, 54, 16, 13] [-7, -18, 3, -1]
[10, -31, -13, 7] [8, 5, 17, -30] [20, 10, 21, 32] [-39, -33, 59, -16] [-47, -42, 19, -70] [-30, 72, 26, 21] [2, 46, 12, 32]
[17, 2, -34, -22] [-9, -4, 19, -68] [35, 17, -1, -8] [-10, -3, 0, -34] [61, 31, 6, -24] [10, 34, 9, 6] [9, -20, 19, -13]
------------------------------
ALIVE
Head: (16 46)
Body: (16 46) (15 46) (15 45) (15 44) (16 44) (16 43) (16 42) (15 42) 
Length: 8, 4
Vision: 3
Hungry, suplies: 9/10
Reproductive: 16, mutating: 0.25
Generation: 54602
####################################
Wall (up, right, down, left):
[0, -1, 4, -7] [-4, -1, 12, -17] [-29, 3, -6, -25] [8, -2, 29, 3] [-12, 6, 22, -3] [18, -4, -16, -5] [3, -19, -2, -3]
[-40, 1, 6, -19] [0, 12, -8, -5] [-31, 4, 15, 2] [-38, 10, 26, 14] [30, 26, 3, -5] [-33, -25, -1, -16] [-20, 6, -6, 13]
[-8, 9, 34, 28] [3, 18, -14, -11] [-5, -8, 39, -20] [-94, 18, 67, 10] [-46, -43, -10, 39] [-20, -23, -8, 12] [-15, -25, -18, 1]
[0, 50, -13, -38] [13, -4, 42, -37] [6, 39, -3, -107] [0, 0, 0, 0] [45, -116, 16, 20] [26, -3, -8, 11] [5, 5, 25, -3]
[-4, -35, 15, -3] [18, -1, -23, -18] [-18, -14, -43, -45] [50, 13, -126, 22] [12, -2, -34, 49] [9, 11, -4, 18] [-28, -78, -24, 43]
[30, 25, 0, 1] [-28, 8, -28, 3] [34, -9, 18, -3] [-3, 1, -29, -4] [2, -6, -46, -15] [1, -12, -21, 10] [29, 13, 26, -16]
[-12, -5, 22, -13] [3, -11, -55, -17] [-7, 6, 21, 11] [-23, 24, -53, -16] [34, 7, -18, 28] [35, -11, -39, 24] [-9, -13, 29, 0]
Food (up, right, down, left):
[8, 7, 4, 27] [-7, 32, 4, -23] [17, -20, 11, 11] [-24, 2, 50, 4] [4, -15, 43, -10] [-8, -25, -19, -21] [-52, 21, 4, -14]
[-77, 9, -40, -7] [0, -8, -39, -5] [3, 8, 20, 32] [-26, 12, -62, 33] [16, 5, 1, -54] [55, -1, -55, 25] [14, 2, 26, 34]
[-31, 8, 27, -39] [8, -3, -26, 37] [-36, -40, -41, 26] [45, -34, 28, 24] [-12, -12, -8, -26] [3, 23, -53, -31] [63, 27, 22, 4]
[-2, 31, -10, 43] [-21, -5, -33, 42] [-6, 1, -38, -14] [0, 0, 0, 0] [-15, 56, -51, -11] [19, -23, -43, -22] [-29, 55, -23, 15]
[2, 14, -8, 18] [15, 14, 2, 32] [25, -8, 39, 27] [-16, -50, 29, -9] [6, 15, 22, -17] [9, 54, 16, 13] [-7, -18, 3, -2]
[10, -30, -13, 8] [8, 5, 17, -30] [20, 11, 21, 32] [-39, -33, 59, -16] [-47, -42, 19, -70] [-30, 72, 26, 21] [2, 42, 12, 32]
[17, 2, -34, -22] [-9, 1, 19, -68] [35, 17, -1, -8] [-10, -3, 0, -34] [61, 31, 6, -24] [10, 38, 13, 6] [9, -20, 19, -13]
------------------------------
ALIVE
Head: (9 1)
Body: (9 1) (8 1) (7 1) (6 1) (5 1) (4 1) (3 1) (2 1) (1 1) (1 2) (1 3) (1 4) (1 5) (25 5) (24 5) 
Length: 15, 4
Vision: 3
Hungry, suplies: 9/10
Reproductive: 16, mutating: 0.25
Generation: 54603
####################################
Wall (up, right, down, left):
[0, -1, 4, -7] [-4, -1, 12, -17] [-29, 3, -6, -25] [8, -2, 29, 3] [-15, 6, 22, 2] [18, -3, -16, -5] [3, -19, -2, -3]
[-40, 1, 6, -19] [0, 14, -8, -5] [-31, 4, 15, 2] [-38, 10, 26, 14] [30, 26, 3, -1] [-33, -25, -1, -16] [-20, 6, -6, 13]
[-8, 9, 34, 28] [3, 18, -14, -11] [-5, -8, 39, -20] [-94, 18, 67, 10] [-46, -43, -10, 39] [-20, -23, -8, 12] [-15, -25, -18, 1]
[0, 50, -13, -38] [13, -4, 42, -37] [6, 39, -3, -107] [0, 0, 0, 0] [47, -116, 16, 20] [26, -3, -8, 11] [5, 5, 25, 0]
[-4, -35, 15, -3] [18, -1, -23, -18] [-18, -14, -43, -45] [50, 13, -126, 22] [12, -2, -34, 49] [9, 11, -4, 18] [-28, -78, -24, 42]
[30, 23, 0, 1] [-28, 8, -28, 3] [34, -9, 18, -3] [-3, 1, -29, -4] [2, -6, -46, -15] [1, -12, -21, 10] [29, 13, 26, -14]
[-12, -5, 22, -13] [3, -8, -55, -17] [-7, 6, 21, 11] [-23, 24, -53, -16] [34, 7, -18, 33] [35, -11, -39, 29] [-9, -13, 29, 0]
Food (up, right, down, left):
[8, 7, 4, 27] [-7, 32, 4, -23] [17, -20, 11, 11] [-24, 2, 50, 4] [3, -15, 43, -10] [-8, -25, -19, -26] [-52, 21, 4, -14]
[-77, 9, -40, -7] [0, -7, -39, -5] [3, 8, 20, 32] [-26, 12, -62, 33] [11, 5, 1, -54] [55, -1, -55, 25] [14, 2, 26, 34]
[-31, 8, 27, -39] [8, -3, -26, 37] [-36, -40, -41, 26] [45, -34, 28, 24] [-12, -12, -8, -26] [3, 23, -53, -31] [63, 27, 22, 4]
[-2, 31, -10, 43] [-21, -5, -33, 42] [-6, 1, -38, -14] [0, 0, 0, 0] [-15, 56, -50, -11] [19, -23, -43, -22] [-29, 55, -23, 12]
[2, 14, -8, 18] [15, 14, 2, 32] [25, -8, 39, 27] [-16, -50, 29, -9] [6, 15, 22, -17] [9, 54, 16, 13] [-7, -18, 3, -1]
[10, -30, -13, 7] [8, 5, 17, -30] [20, 10, 21, 32] [-39, -33, 59, -16] [-47, -42, 19, -70] [-30, 72, 26, 21] [2, 46, 12, 32]
[17, 2, -34, -22] [-9, -4, 19, -68] [35, 17, -1, -8] [-10, -3, 0, -34] [60, 31, 6, -24] [10, 34, 9, 6] [9, -20, 19, -13]
------------------------------
ALIVE
Head: (2 36)
Body: (2 36) (1 36) (1 35) (1 34) (1 33) (1 32) (1 31) (2 31) (3 31) (3 30) (4 30) (4 31) (4 32) (5 32) 
Length: 14, 4
Vision: 3
Hungry, suplies: 9/10
Reproductive: 16, mutating: 0.25
Generation: 54600
####################################
Wall (up, right, down, left):
[0, -1, 4, -7] [-4, -1, 12, -17] [-29, 3, -6, -25] [8, -2, 29, 3] [-12, 6, 22, -3] [18, -4, -16, -5] [3, -19, -2, -3]
[-40, 1, 6, -19] [0, 12, -8, -5] [-31, 4, 15, 2] [-38, 10, 26, 14] [30, 26, 3, -5] [-33, -25, -1, -16] [-20, 6, -6, 13]
[-8, 9, 34, 28] [3, 18, -14, -11] [-5, -8, 39, -20] [-94, 18, 67, 10] [-46, -43, -10, 39] [-20, -23, -8, 12] [-15, -25, -18, 1]
[0, 50, -13, -38] [13, -4, 42, -37] [6, 39, -3, -107] [0, 0, 0, 0] [45, -116, 16, 20] [26, -3, -8, 11] [5, 5, 25, -3]
[-4, -35, 15, -3] [18, -1, -23, -18] [-18, -14, -43, -45] [50, 13, -126, 22] [12, -2, -34, 49] [9, 11, -4, 18] [-28, -78, -24, 43]
[30, 25, 0, 1] [-28, 8, -28, 3] [34, -9, 18, -3] [-3, 1, -29, -4] [2, -6, -46, -15] [1, -12, -21, 10] [29, 13, 26, -14]
[-12, -5, 22, -13] [3, -11, -55, -17] [-7, 6, 21, 11] [-23, 24, -53, -16] [34, 7, -18, 28] [35, -11, -39, 24] [-9, -13, 29, 0]
Food (up, right, down, left):
[8, 7, 4, 27] [-7, 32, 4, -23] [17, -20, 11, 11] [-24, 2, 50, 4] [4, -15, 43, -10] [-8, -25, -19, -21] [-52, 21, 4, -14]
[-77, 9, -40, -7] [0, -8, -39, -5] [3, 8, 20, 32] [-26, 12, -62, 33] [16, 5, 1, -54] [55, -1, -55, 25] [14, 2, 26, 34]
[-31, 8, 27, -39] [8, -3, -26, 37] [-36, -40, -41, 26] [45, -34, 28, 24] [-12, -12, -8, -26] [3, 23, -53, -31] [63, 27, 22, 4]
[-2, 31, -10, 43] [-21, -5, -33, 42] [-6, 1, -38, -14] [0, 0, 0, 0] [-15, 56, -51, -11] [19, -23, -43, -22] [-29, 55, -23, 15]
[2, 14, -8, 18] [15, 14, 2, 32] [25, -8, 39, 27] [-16, -50, 29, -9] [6, 15, 22, -17] [9, 54, 16, 13] [-7, -18, 3, -2]
[10, -30, -13, 8] [8, 5, 17, -30] [20, 11, 21, 32] [-39, -33, 59, -16] [-47, -42, 19, -70] [-30, 72, 26, 21] [2, 46, 12, 32]
[17, 2, -34, -22] [-9, 1, 19, -68] [35, 17, -1, -8] [-10, -3, 0, -34] [61, 31, 6, -24] [10, 38, 13, 6] [9, -20, 19, -13]
------------------------------
ALIVE
Head: (24 45)
Body: (24 45) (24 44) (24 43) (24 42) (-1 41) (0 41) (0 40) (24 40) 
Length: 8, 4
Vision: 3
Hungry, suplies: 4/10
Reproductive: 16, mutating: 0.25
Generation: 54604
####################################
Wall (up, right, down, left):
[0, -1, 4, -7] [-4, -1, 12, -17] [-29, 3, -6, -25] [8, -2, 29, 3] [-15, 6, 22, 2] [18, -3, -16, -5] [3, -21, -2, -3]
[-40, 1, 6, -19] [0, 14, -8, -5] [-31, 4, 15, 2] [-38, 10, 26, 14] [30, 26, 3, -1] [-33, -25, -1, -16] [-20, 6, -6, 13]
[-8, 9, 34, 28] [3, 18, -14, -11] [-5, -8, 39, -20] [-94, 18, 67, 10] [-46, -43, -10, 39] [-20, -23, -8, 12] [-15, -25, -18, 1]
[0, 50, -13, -38] [13, -4, 42, -37] [6, 39, -3, -107] [0, 0, 0, 0] [47, -116, 16, 20] [26, -3, -8, 11] [5, 5, 25, 0]
[-4, -35, 15, -3] [18, -1, -23, -18] [-18, -14, -43, -45] [50, 13, -126, 22] [12, -2, -34, 49] [9, 11, -4, 18] [-28, -78, -24, 42]
[30, 23, 0, 1] [-28, 8, -28, 3] [34, -9, 18, -3] [-3, 1, -29, -4] [2, -6, -46, -15] [1, -12, -21, 10] [29, 13, 26, -14]
[-12, -5, 22, -13] [3, -8, -55, -17] [-7, 6, 21, 11] [-23, 24, -53, -16] [34, 7, -18, 33] [35, -11, -39, 29] [-9, -13, 29, 0]
Food (up, right, down, left):
[8, 7, 4, 27] [-7, 32, 4, -23] [17, -20, 11, 11] [-24, 2, 50, 4] [3, -15, 43, -10] [-8, -25, -19, -26] [-47, 21, 4, -14]
[-77, 9, -40, -7] [0, -7, -39, -5] [3, 8, 20, 32] [-26, 12, -62, 33] [11, 5, 1, -54] [55, -1, -55, 25] [14, 2, 26, 34]
[-31, 8, 27, -39] [8, -3, -26, 37] [-36, -40, -41, 26] [45, -34, 28, 24] [-12, -12, -8, -26] [3, 23, -53, -31] [63, 27, 22, 4]
[-2, 31, -10, 43] [-21, -5, -33, 42] [-6, 1, -38, -14] [0, 0, 0, 0] [-15, 56, -50, -11] [19, -23, -43, -22] [-29, 55, -23, 12]
[2, 14, -8, 18] [15, 14, 2, 32] [25, -8, 39, 27] [-16, -50, 29, -9] [6, 15, 22, -17] [9, 54, 16, 13] [-7, -18, 3, -1]
[10, -30, -13, 7] [8, 5, 17, -30] [20, 10, 21, 32] [-39, -33, 59, -16] [-47, -42, 19, -70] [-30, 72, 26, 21] [2, 46, 12, 32]
[17, 2, -34, -22] [-9, -4, 19, -68] [35, 17, -1, -8] [-10, -3, 0, -34] [60, 31, 6, -24] [10, 34, 9, 6] [9, -20, 19, -13]
------------------------------
ALIVE
Head: (15 3)
Body: (15 3) (15 4) (15 5) (15 6) (15 7) (14 7) (13 7) (13 6) (13 5) 
Length: 9, 4
Vision: 3
Hungry, suplies: 10/10
Reproductive: 16, mutating: 0.25
Generation: 54600
####################################
Wall (up, right, down, left):
[0, -1, 4, -7] [-4, -1, 12, -17] [-29, 3, -6, -25] [8, -2, 29, 3] [-15, 6, 22, 2] [18, -3, -16, -5] [3, -19, -2, -3]
[-40, 1, 6, -19] [0, 14, -8, -10] [-31, 4, 15, 2] [-38, 10, 26, 14] [30, 26, 3, -1] [-33, -25, -1, -16] [-20, 6, -6, 13]
[-8, 9, 34, 28] [3, 18, -14, -11] [-5, -8, 39, -20] [-94, 18, 67, 10] [-46, -43, -10, 39] [-20, -23, -8, 12] [-15, -25, -18, 1]
[0, 50, -13, -38] [13, -4, 42, -37] [11, 39, -3, -107] [0, 0, 0, 0] [47, -116, 16, 20] [26, -3, -8, 11] [5, 5, 25, 0]
[-4, -35, 15, -3] [18, -1, -23, -18] [-18, -14, -43, -45] [50, 13, -126, 22] [12, -2, -34, 49] [9, 11, -4, 18] [-28, -78, -24, 42]
[30, 23, 0, 1] [-28, 8, -28, 3] [34, -9, 18, -3] [-3, 1, -29, -4] [2, -6, -46, -15] [1, -12, -21, 10] [29, 13, 26, -14]
[-12, -5, 22, -13] [3, -8, -55, -17] [-7, 6, 21, 11] [-23, 24, -53, -16] [34, 7, -18, 28] [35, -11, -39, 29] [-9, -13, 29, 0]
Food (up, right, down, left):
[8, 7, 4, 27] [-7, 32, 4, -23] [17, -20, 11, 11] [-24, 2, 50, 4] [3, -15, 43, -10] [-8, -25, -19, -26] [-52, 21, 4, -14]
[-77, 9, -40, -7] [0, -7, -39, -5] [3, 8, 20, 32] [-26, 12, -62, 33] [11, 5, 1, -54] [55, -1, -55, 25] [14, 2, 26, 34]
[-31, 8, 27, -39] [8, -3, -26, 37] [-36, -40, -41, 26] [45, -34, 28, 24] [-12, -12, -8, -26] [3, 23, -53, -31] [63, 27, 22, 4]
[-2, 31, -10, 43] [-21, -5, -33, 42] [-6, 1, -38, -14] [0, 0, 0, 0] [-15, 56, -50, -11] [19, -23, -43, -22] [-29, 55, -23, 12]
[2, 14, -8, 18] [15, 14, 2, 32] [25, -8, 39, 27] [-16, -50, 29, -9] [6, 15, 22, -17] [9, 54, 16, 13] [-7, -18, 3, -1]
[10, -30, -13, 7] [8, 5, 17, -30] [20, 10, 21, 32] [-39, -33, 59, -16] [-47, -42, 19, -70] [-30, 72, 26, 21] [2, 46, 12, 32]
[17, 2, -34, -22] [-9, -4, 19, -68] [35, 17, -1, -8] [-10, -3, 0, -34] [61, 31, 6, -24] [10, 34, 9, 6] [9, -20, 19, -13]
------------------------------
ALIVE
Head: (17 22)
Body: (17 22) (17 23) (18 23) (19 23) (19 24) (19 25) (20 25) 
Length: 7, 4
Vision: 3
Hungry, suplies: 6/10
Reproductive: 16, mutating: 0.25
Generation: 54603
####################################
Wall (up, right, down, left):
[0, -1, 4, -7] [-4, -1, 12, -17] [-29, 3, -6, -25] [8, -2, 29, 3] [-15, 6, 22, -3] [18, -4, -16, -5] [3, -19, -2, -3]
[-40, 1, 6, -19] [0, 12, -8, -5] [-31, 4, 15, 2] [-38, 10, 26, 14] [30, 26, 3, -5] [-33, -25, -1, -16] [-20, 6, -6, 13]
[-8, 9, 34, 28] [3, 18, -14, -11] [-5, -8, 39, -20] [-94, 18, 67, 10] [-46, -43, -10, 39] [-20, -23, -8, 12] [-15, -25, -18, 1]
[0, 50, -13, -38] [13, -4, 42, -37] [6, 39, -3, -107] [0, 0, 0, 0] [45, -116, 16, 20] [26, -3, -8, 11] [5, 5, 25, -3]
[-4, -35, 15, -3] [18, -1, -23, -18] [-18, -14, -43, -45] [50, 13, -126, 22] [12, -2, -34, 49] [9, 11, -2, 18] [-28, -78, -24, 43]
[30, 25, 0, 1] [-28, 8, -28, 3] [34, -9, 18, -3] [-3, 1, -29, -4] [2, -6, -46, -15] [1, -12, -21, 10] [29, 13, 26, -14]
[-12, -5, 22, -13] [3, -11, -55, -17] [-7, 6, 21, 11] [-23, 24, -53, -16] [34, 7, -18, 28] [35, -11, -39, 24] [-7, -13, 29, 0]
Food (up, right, down, left):
[8, 7, 4, 27] [-7, 32, 4, -23] [17, -20, 11, 11] [-24, 2, 50, 4] [6, -15, 43, -10] [-8, -25, -19, -21] [-52, 21, 4, -14]
[-77, 9, -40, -7] [0, -8, -39, -5] [3, 8, 20, 32] [-26, 12, -62, 33] [16, 5, 1, -54] [55, -1, -55, 25] [14, 2, 26, 34]
[-31, 8, 27, -39] [8, -3, -26, 37] [-36, -40, -41, 26] [45, -34, 28, 24] [-12, -12, -8, -26] [3, 23, -53, -31] [63, 27, 22, 4]
[-2, 31, -10, 43] [-21, -5, -33, 42] [-6, 1, -38, -14] [0, 0, 0, 0] [-15, 56, -51, -11] [19, -23, -43, -22] [-29, 55, -23, 15]
[2, 14, -8, 18] [15, 14, 2, 32] [25, -8, 39, 27] [-16, -50, 29, -9] [6, 15, 22, -17] [9, 54, 16, 15] [-7, -18, 3, -2]
[10, -30, -13, 8] [8, 5, 17, -30] [20, 10, 21, 32] [-39, -33, 59, -16] [-47, -42, 19, -70] [-30, 72, 26, 21] [2, 46, 12, 32]
[17, 2, -34, -22] [-9, 1, 19, -68] [35, 17, -1, -8] [-10, -3, 0, -34] [61, 31, 6, -24] [10, 38, 13, 6] [9, -20, 22, -13]
------------------------------
ALIVE
Head: (22 17)
Body: (22 17) (23 17) (23 18) (23 19) (23 20) (22 20) (22 19) (21 19) (20 19) (19 19) (18 19) (18 20) (18 21) 
Length: 13, 4
Vision: 3
Hungry, suplies: 4/10
Reproductive: 16, mutating: 0.25
Generation: 54604
####################################
Wall (up, right, down, left):
[0, -1, 4, -7] [-4, -1, 12, -17] [-29, 3, -6, -25] [8, -2, 29, 3] [-15, 6, 22, 2] [18, -3, -16, -5] [3, -19, -2, -3]
[-40, 1, 6, -19] [0, 14, -8, -5] [-31, 4, 15, 2] [-38, 10, 26, 14] [30, 26, 3, -1] [-33, -25, -1, -16] [-20, 6, -6, 13]
[-8, 9, 34, 28] [3, 18, -14, -11] [-5, -8, 39, -20] [-94, 18, 67, 10] [-46, -43, -10, 39] [-20, -23, -8, 12] [-15, -25, -18, 1]
[0, 50, -13, -38] [13, -4, 42, -37] [6, 39, -3, -107] [0, 0, 0, 0] [47, -116, 16, 20] [26, -3, -8, 11] [5, 5, 25, 0]
[-4, -35, 15, -3] [18, -1, -23, -18] [-18, -14, -43, -45] [50, 13, -126, 22] [12, -2, -34, 49] [9, 11, -4, 18] [-28, -78, -24, 42]
[30, 23, 0, 1] [-28, 8, -28, 3] [34, -9, 18, -3] [-3, 1, -29, -4] [2, -6, -46, -15] [1, -12, -21, 10] [29, 13, 26, -14]
[-12, -5, 22, -13] [3, -8, -55, -17] [-7, 6, 21, 11] [-23, 24, -53, -16] [34, 7, -18, 33] [35, -11, -39, 29] [-9, -13, 29, 0]
Food (up, right, down, left):
[8, 7, 4, 27] [-7, 32, 4, -23] [17, -20, 11, 11] [-24, 2, 50, 4] [3, -15, 43, -10] [-8, -25, -19, -26] [-52, 21, 4, -14]
[-77, 9, -40, -7] [0, -7, -39, -5] [3, 8, 20, 32] [-26, 12, -62, 33] [11, 5, 1, -54] [55, -1, -55, 25] [14, 2, 26, 34]
[-31, 8, 27, -39] [8, -3, -26, 37] [-36, -40, -41, 26] [45, -34, 28, 24] [-12, -12, -8, -26] [3, 23, -53, -31] [63, 27, 22, 4]
[-2, 31, -10, 43] [-21, -5, -33, 42] [-6, 1, -38, -14] [0, 0, 0, 0] [-15, 56, -50, -11] [19, -23, -43, -22] [-29, 55, -23, 12]
[2, 14, -8, 18] [15, 14, 2, 32] [25, -8, 39, 27] [-16, -50, 29, -9] [6, 15, 22, -17] [9, 54, 16, 13] [-7, -18, 3, -1]
[10, -30, -13, 7] [8, 5, 17, -30] [20, 10, 21, 32] [-39, -33, 59, -16] [-47, -42, 19, -70] [-30, 72, 26, 21] [2, 46, 12, 32]
[17, 2, -34, -22] [-9, -4, 19, -68] [35, 17, -1, -8] [-10, -3, 0, -34] [60, 31, 6, -24] [10, 34, 9, 6] [9, -20, 19, -13]
------------------------------
ALIVE
Head: (11 12)
Body: (11 12) (12 12) (13 12) (14 12) (14 13) (14 14) (15 14) (15 13) 
Length: 8, 4
Vision: 3
Hungry, suplies: 5/10
Reproductive: 16, mutating: 0.25
Generation: 54600
####################################
Wall (up, right, down, left):
[0, -1, 4, -7] [-4, -1, 12, -17] [-29, 3, -6, -25] [8, -2, 29, 3] [-15, 6, 22, 2] [18, -3, -16, -5] [3, -19, -2, -3]
[-40, 1, 6, -19] [0, 14, -8, -5] [-31, 4, 15, 2] [-38, 10, 26, 14] [30, 26, 3, -1] [-33, -25, -1, -16] [-20, 6, -6, 13]
[-8, 9, 34, 28] [3, 18, -14, -11] [-5, -8, 39, -20] [-94, 18, 67, 10] [-46, -43, -10, 39] [-20, -23, -8, 12] [-15, -25, -18, 1]
[0, 50, -13, -38] [13, -4, 42, -37] [6, 39, -3, -107] [0, 0, 0, 0] [47, -116, 16, 20] [26, -3, -8, 11] [5, 5, 25, 0]
[-4, -35, 15, -3] [18, -1, -23, -18] [-18, -14, -43, -45] [50, 13, -126, 22] [12, -2, -34, 49] [9, 11, -4, 18] [-28, -78, -24, 42]
[30, 23, 0, 1] [-28, 8, -28, 3] [34, -9, 18, -3] [-3, 1, -29, -4] [2, -6, -46, -15] [1, -12, -21, 10] [29, 13, 26, -14]
[-12, -5, 22, -13] [3, -8, -55, -17] [-7, 6, 21, 11] [-23, 24, -53, -16] [34, 7, -18, 33] [35, -11, -39, 29] [-9, -13, 29, 0]
Food (up, right, down, left):
[8, 7, 4, 27] [-7, 32, 4, -23] [17, -20, 11, 11] [-24, 2, 50, 4] [3, -15, 43, -10] [-8, -25, -19, -26] [-52, 21, 4, -14]
[-77, 9, -40, -7] [0, -7, -39, -5] [3, 8, 20, 32] [-26, 12, -62, 33] [11, 5, 1, -54] [55, -1, -55, 25] [14, 2, 26, 34]
[-31, 8, 27, -39] [8, -3, -26, 37] [-36, -40, -41, 26] [45, -34, 28, 24] [-12, -12, -8, -26] [3, 23, -53, -31] [63, 27, 22, 4]
[-2, 31, -10, 43] [-21, -5, -33, 42] [-6, 1, -38, -14] [0, 0, 0, 0] [-15, 56, -50, -11] [19, -23, -43, -22] [-29, 55, -23, 12]
[2, 14, -8, 18] [15, 14, 2, 32] [25, -8, 39, 27] [-16, -50, 29, -9] [6, 15, 22, -17] [9, 54, 16, 13] [-7, -18, 3, -1]
[10, -30, -13, 7] [8, 5, 17, -30] [20, 10, 21, 32] [-39, -33, 59, -16] [-47, -42, 19, -70] [-30, 72, 26, 21] [2, 46, 12, 32]
[17, 2, -34, -22] [-9, -4, 19, -68] [35, 17, -1, -8] [-10, -3, 0, -34] [60, 31, 6, -24] [10, 34, 9, 6] [9, -20, 19, -13]
------------------------------
ALIVE
Head: (9 32)
Body: (9 32) (9 31) (9 30) (10 30) (11 30) (12 30) (12 31) (13 31) 
Length: 8, 4
Vision: 3
Hungry, suplies: 9/10
Reproductive: 16, mutating: 0.25
Generation: 54600
####################################
Wall (up, right, down, left):
[0, -1, 4, -7] [-4, -1, 12, -17] [-29, 3, -6, -25] [8, -2, 29, 3] [-12, 6, 22, -3] [18, -4, -16, -5] [3, -19, -2, -3]
[-40, 1, 6, -19] [0, 12, -8, -5] [-31, 4, 15, 2] [-38, 10, 26, 14] [30, 26, 3, -5] [-33, -25, -1, -16] [-20, 6, -6, 13]
[-8, 9, 34, 28] [3, 18, -14, -11] [-5, -8, 39, -20] [-94, 18, 67, 10] [-46, -43, -10, 39] [-20, -23, -8, 12] [-15, -25, -18, 1]
[0, 50, -13, -38] [13, -4, 42, -37] [6, 39, -3, -107] [0, 0, 0, 0] [45, -116, 16, 20] [26, -3, -8, 11] [5, 5, 25, -3]
[-4, -35, 15, -3] [18, -1, -23, -18] [-18, -14, -43, -45] [50, 13, -126, 22] [12, -2, -34, 49] [9, 11, -4, 18] [-28, -78, -24, 43]
[30, 25, 0, 1] [-28, 8, -28, 3] [34, -9, 18, -3] [-3, 1, -29, -4] [2, -6, -46, -15] [1, -12, -21, 10] [29, 13, 26, -14]
[-12, -5, 22, -13] [3, -11, -55, -17] [-7, 6, 21, 11] [-23, 24, -53, -16] [34, 7, -18, 28] [35, -11, -39, 24] [-9, -13, 29, 0]
Food (up, right, down, left):
[8, 7, 4, 27] [-7, 32, 4, -23] [17, -20, 11, 11] [-24, 2, 50, 4] [4, -15, 43, -10] [-8, -25, -19, -21] [-52, 21, 4, -14]
[-77, 9, -40, -7] [0, -8, -39, -5] [3, 8, 20, 32] [-26, 12, -62, 33] [16, 5, 1, -54] [55, -1, -55, 25] [14, 2, 26, 34]
[-31, 8, 27, -39] [8, -3, -26, 37] [-36, -40, -41, 26] [45, -34, 28, 24] [-12, -12, -8, -26] [3, 23, -53, -31] [63, 27, 22, 4]
[-2, 31, -10, 43] [-21, -5, -33, 42] [-6, 1, -38, -14] [0, 0, 0, 0] [-15, 56, -51, -11] [19, -23, -43, -22] [-29, 55, -23, 15]
[2, 14, -8, 18] [15, 14, 2, 32] [25, -8, 39, 27] [-16, -50, 29, -9] [6, 15, 22, -17] [9, 54, 16, 13] [-7, -18, 3, -2]
[10, -30, -13, 8] [8, 5, 17, -30] [20, 11, 21, 32] [-39, -33, 59, -16] [-47, -42, 19, -70] [-30, 72, 26, 21] [2, 46, 12, 32]
[17, 2, -34, -22] [-9, 1, 19, -68] [35, 17, -1, -8] [-10, -3, 0, -34] [61, 31, 6, -24] [10, 38, 13, 6] [9, -20, 19, -13]
------------------------------
ALIVE
Head: (12 19)
Body: (12 19) (12 18) (11 18) (11 17) (11 16) (11 15) (12 15) (13 15) (14 15) (14 16) (15 16) (16 16) (17 16) (18 16) 
Length: 14, 4
Vision: 3
Hungry, suplies: 3/10
Reproductive: 16, mutating: 0.25
Generation: 54603
####################################
Wall (up, right, down, left):
[0, -1, 4, -7] [-4, -1, 12, -17] [-29, 3, -6, -25] [8, -2, 29, 3] [-15, 6, 22, -3] [18, -4, -16, -5] [3, -19, -2, -3]
[-40, 1, 6, -19] [0, 12, -8, -5] [-31, 4, 15, 2] [-38, 10, 26, 14] [30, 26, 3, -5] [-33, -25, -1, -16] [-20, 6, -6, 13]
[-8, 9, 34, 28] [3, 18, -14, -11] [-5, -8, 39, -20] [-94, 18, 67, 10] [-46, -43, -10, 39] [-20, -23, -8, 12] [-15, -25, -18, 1]
[0, 50, -13, -38] [13, -4, 42, -37] [6, 39, -3, -107] [0, 0, 0, 0] [45, -116, 16, 16] [26, -3, -8, 11] [5, 5, 25, -3]
[-4, -35, 15, -3] [18, -1, -23, -18] [-18, -14, -43, -45] [50, 13, -126, 22] [12, -2, -34, 49] [9, 11, -4, 18] [-28, -78, -24, 43]
[30, 25, 0, 1] [-28, 8, -28, 3] [34, -9, 18, -3] [-3, 1, -29, -4] [2, -6, -46, -15] [1, -12, -21, 10] [29, 13, 26, -14]
[-12, -5, 22, -13] [3, -11, -55, -17] [-7, 6, 21, 11] [-23, 24, -53, -16] [34, 7, -18, 28] [35, -11, -39, 24] [-9, -13, 29, 0]
Food (up, right, down, left):
[8, 7, 4, 27] [-7, 32, 4, -23] [17, -20, 11, 11] [-24, 2, 50, 4] [6, -15, 43, -10] [-8, -25, -19, -21] [-52, 21, 4, -14]
[-77, 9, -40, -7] [0, -8, -39, -5] [3, 8, 20, 32] [-26, 12, -62, 33] [16, 5, 1, -54] [55, -1, -55, 25] [14, 2, 26, 34]
[-31, 8, 27, -39] [8, -3, -26, 37] [-36, -40, -41, 26] [45, -34, 28, 24] [-12, -12, -8, -26] [3, 23, -53, -31] [63, 27, 22, 4]
[-2, 31, -10, 43] [-21, -5, -33, 42] [-6, 1, -38, -14] [0, 0, 0, 0] [-15, 56, -51, -15] [19, -23, -43, -22] [-29, 55, -23, 15]
[2, 14, -8, 18] [15, 14, 2, 32] [25, -8, 39, 27] [-16, -50, 29, -9] [6, 15, 22, -17] [9, 54, 16, 13] [-7, -18, 3, -2]
[10, -30, -13, 8] [8, 5, 17, -30] [20, 10, 21, 32] [-39, -33, 59, -16] [-47, -42, 19, -70] [-30, 72, 26, 21] [2, 46, 12, 32]
[17, 2, -34, -22] [-9, 1, 19, -68] [35, 17, -1, -8] [-10, -3, 0, -34] [61, 31, 6, -24] [10, 38, 13, 6] [9, -20, 19, -13]
------------------------------
ALIVE
Head: (8 22)
Body: (8 22) (8 21) (8 20) (8 19) (8 18) (8 17) (8 16) (8 15) 
Length: 8, 4
Vision: 3
Hungry, suplies: 2/10
Reproductive: 16, mutating: 0.25
Generation: 54602
####################################
Wall (up, right, down, left):
[0, -1, 4, -7] [-4, -1, 12, -17] [-29, 3, -6, -25] [8, -2, 29, 3] [-15, 6, 22, 2] [18, -3, -16, -5] [3, -19, -2, -3]
[-40, 1, 6, -19] [0, 14, -8, -5] [-31, 4, 15, 2] [-38, 10, 26, 14] [30, 26, 3, -1] [-33, -25, -1, -16] [-20, 6, -6, 13]
[-8, 9, 34, 28] [3, 18, -14, -11] [-5, -8, 39, -20] [-94, 18, 67, 10] [-46, -43, -10, 39] [-20, -23, -8, 12] [-15, -25, -18, 1]
[0, 50, -13, -38] [13, -4, 42, -37] [6, 39, -3, -107] [0, 0, 0, 0] [47, -116, 16, 20] [26, -3, -8, 11] [5, 5, 25, 0]
[-4, -35, 15, -3] [18, -1, -23, -18] [-18, -14, -43, -45] [50, 13, -126, 22] [12, -2, -34, 49] [9, 11, -4, 18] [-28, -78, -24, 42]
[30, 23, 0, 1] [-28, 8, -28, 3] [34, -9, 18, -3] [-3, 1, -29, -4] [2, -6, -46, -15] [1, -12, -21, 10] [29, 13, 26, -14]
[-12, -5, 22, -13] [3, -8, -55, -17] [-7, 6, 21, 11] [-23, 24, -53, -16] [34, 7, -18, 33] [35, -11, -39, 29] [-9, -13, 29, 0]
Food (up, right, down, left):
[8, 7, 4, 27] [-7, 32, 4, -23] [17, -20, 11, 11] [-24, 2, 50, 4] [3, -15, 43, -10] [-8, -25, -19, -26] [-52, 21, 4, -14]
[-77, 9, -40, -7] [0, -7, -39, -5] [3, 8, 20, 32] [-26, 12, -62, 33] [11, 5, 1, -54] [55, -1, -55, 25] [14, 2, 26, 34]
[-31, 8, 27, -39] [8, -3, -26, 37] [-36, -40, -41, 26] [45, -34, 28, 24] [-12, -12, -8, -26] [3, 23, -53, -31] [63, 27, 22, 4]
[-2, 31, -10, 43] [-21, -5, -33, 42] [-6, 1, -38, -14] [0, 0, 0, 0] [-15, 56, -50, -11] [19, -23, -43, -22] [-29, 55, -23, 12]
[2, 14, -8, 18] [15, 14, 2, 32] [25, -8, 39, 27] [-16, -50, 29, -9] [6, 15, 22, -17] [9, 54, 16, 13] [-7, -18, 3, -1]
[10, -30, -13, 7] [8, 5, 17, -30] [20, 10, 21, 32] [-39, -33, 59, -16] [-47, -42, 19, -70] [-30, 72, 26, 21] [2, 46, 12, 32]
[17, 2, -34, -22] [-9, -4, 19, -68] [35, 17, -1, -8] [-10, -3, 0, -34] [60, 31, 6, -24] [10, 34, 9, 6] [9, -20, 19, -13]
------------------------------
ALIVE
Head: (22 4)
Body: (22 4) (22 3) (22 2) (22 1) (22 57) (22 56) (22 55) (22 54) (22 53) (21 53) (20 53) (20 52) (20 51) (19 51) (19 50) 
Length: 15, 4
Vision: 3
Hungry, suplies: 10/10
Reproductive: 16, mutating: 0.25
Generation: 54601
####################################
Wall (up, right, down, left):
[0, -1, 4, -7] [-4, -1, 12, -17] [-29, 3, -6, -25] [8, -2, 29, 3] [-15, 6, 22, -3] [18, -4, -16, -5] [3, -19, -2, -3]
[-40, 1, 6, -19] [0, 12, -8, -5] [-31, 4, 15, 2] [-38, 10, 26, 14] [30, 26, 3, -5] [-33, -25, -1, -16] [-20, 6, -6, 13]
[-8, 9, 34, 28] [3, 18, -14, -11] [-5, -8, 39, -20] [-94, 18, 67, 10] [-46, -43, -10, 39] [-20, -23, -8, 12] [-15, -25, -18, 1]
[0, 50, -13, -38] [13, -4, 42, -37] [6, 39, -3, -107] [0, 0, 0, 0] [45, -116, 16, 20] [26, -3, -8, 11] [5, 5, 25, -3]
[-4, -35, 15, -3] [18, -1, -23, -18] [-18, -14, -43, -45] [50, 13, -126, 22] [12, -2, -34, 49] [9, 11, -4, 18] [-28, -78, -24, 43]
[30, 25, 0, 1] [-28, 8, -28, 3] [34, -9, 18, -3] [-3, 1, -29, -4] [2, -6, -46, -15] [1, -12, -21, 10] [29, 13, 26, -14]
[-12, -5, 22, -13] [3, -11, -55, -17] [-7, 6, 21, 11] [-23, 24, -53, -16] [34, 7, -18, 28] [35, -11, -39, 24] [-7, -13, 29, 0]
Food (up, right, down, left):
[8, 7, 4, 27] [-7, 32, 4, -23] [17, -20, 11, 11] [-24, 2, 50, 4] [6, -15, 43, -10] [-8, -25, -19, -21] [-52, 21, 4, -14]
[-77, 9, -40, -7] [0, -8, -39, -5] [3, 8, 20, 32] [-26, 12, -62, 33] [16, 5, 1, -54] [55, -1, -55, 25] [14, 2, 26, 34]
[-31, 8, 27, -39] [8, -3, -26, 37] [-36, -40, -41, 26] [45, -34, 28, 24] [-12, -12, -8, -26] [3, 23, -53, -31] [63, 27, 22, 4]
[-2, 31, -10, 43] [-21, -5, -33, 42] [-6, 1, -38, -14] [0, 0, 0, 0] [-15, 56, -51, -11] [19, -23, -43, -22] [-29, 55, -23, 15]
[2, 14, -8, 18] [15, 14, 2, 32] [25, -8, 39, 27] [-16, -50, 29, -9] [6, 15, 22, -17] [9, 54, 16, 13] [-7, -18, 3, -2]
[10, -30, -13, 8] [8, 5, 17, -30] [20, 10, 21, 32] [-39, -33, 59, -16] [-51, -42, 19, -70] [-30, 72, 26, 21] [2, 46, 12, 32]
[17, 2, -34, -22] [-9, 1, 19, -68] [35, 17, -1, -8] [-10, -3, 0, -34] [61, 31, 6, -24] [10, 38, 13, 6] [9, -20, 22, -13]
------------------------------
ALIVE
Head: (20 44)
Body: (20 44) (20 43) (20 42) (20 41) (20 40) (20 39) (21 39) (22 39) (22 38) 
Length: 9, 4
Vision: 3
Hungry, suplies: 8/10
Reproductive: 16, mutating: 0.25
Generation: 54605
####################################
Wall (up, right, down, left):
[0, -1, 4, -7] [-4, -1, 12, -17] [-29, 3, -6, -25] [8, -2, 29, 3] [-15, 6, 22, -3] [18, -4, -16, -5] [3, -19, -2, -3]
[-40, 1, 6, -19] [0, 12, -8, -5] [-31, 4, 15, 2] [-38, 10, 26, 14] [30, 26, 3, -5] [-33, -25, -1, -16] [-20, 6, -6, 13]
[-8, 9, 34, 28] [3, 18, -14, -11] [-5, -8, 39, -20] [-94, 18, 67, 10] [-46, -43, -10, 39] [-20, -23, -8, 12] [-15, -25, -18, 1]
[0, 50, -13, -38] [13, -4, 42, -37] [6, 39, -3, -107] [0, 0, 0, 0] [45, -116, 16, 20] [26, -3, -8, 11] [5, 5, 25, -3]
[-4, -35, 15, -3] [18, -1, -23, -18] [-18, -14, -43, -45] [50, 13, -126, 22] [12, -2, -34, 49] [9, 11, -4, 18] [-28, -78, -24, 43]
[30, 25, 0, 1] [-28, 8, -28, 3] [34, -9, 18, -3] [-3, 1, -29, -4] [2, -6, -46, -15] [1, -12, -21, 10] [29, 13, 26, -14]
[-12, -5, 22, -13] [3, -11, -55, -17] [-7, 6, 21, 11] [-23, 24, -53, -16] [34, 7, -18, 28] [35, -11, -39, 24] [-7, -13, 29, 0]
Food (up, right, down, left):
[8, 7, 4, 27] [-7, 32, 4, -23] [17, -20, 11, 11] [-24, 2, 50, 4] [6, -15, 43, -10] [-8, -25, -19, -21] [-52, 21, 4, -14]
[-77, 9, -40, -7] [0, -8, -39, -5] [3, 8, 20, 32] [-26, 12, -62, 33] [16, 5, 1, -54] [55, -1, -55, 25] [14, 2, 26, 34]
[-31, 8, 27, -39] [8, -3, -26, 37] [-36, -40, -41, 26] [45, -34, 28, 24] [-12, -12, -8, -26] [3, 23, -53, -31] [63, 27, 22, 4]
[-2, 31, -10, 43] [-21, -5, -33, 42] [-6, 1, -38, -14] [0, 0, 0, 0] [-15, 56, -51, -11] [19, -23, -43, -22] [-29, 55, -23, 15]
[2, 14, -8, 18] [15, 14, 2, 32] [25, -8, 39, 27] [-16, -50, 29, -9] [6, 15, 22, -17] [9, 54, 16, 13] [-7, -18, 3, -2]
[10, -30, -13, 8] [8, 5, 17, -30] [20, 10, 21, 32] [-39, -33, 59, -16] [-47, -42, 19, -70] [-30, 72, 26, 21] [2, 46, 12, 32]
[17, 2, -34, -22] [-9, 1, 19, -68] [35, 17, -1, -8] [-10, -3, 0, -34] [61, 31, 6, -24] [10, 38, 13, 6] [9, -20, 22, -13]
------------------------------
ALIVE
Head: (20 3)
Body: (20 3) (20 2) (20 1) (21 1) (21 57) (21 56) (21 55) (20 55) (19 55) (18 55) (17 55) (16 55) (15 55) (14 55) 
Length: 14, 4
Vision: 3
Hungry, suplies: 7/10
Reproductive: 16, mutating: 0.25
Generation: 54604
####################################
Wall (up, right, down, left):
[0, -1, 4, -7] [-4, -1, 12, -17] [-29, 3, -9, -25] [8, -2, 29, 3] [-12, 6, 22, -3] [18, -4, -16, -5] [3, -19, -2, -3]
[-40, 1, 6, -19] [0, 12, -8, -5] [-31, 4, 15, 2] [-38, 10, 26, 14] [30, 26, 3, -5] [-33, -25, -1, -16] [-20, 6, -6, 13]
[-8, 9, 34, 28] [3, 18, -14, -11] [-5, -8, 39, -20] [-94, 18, 67, 10] [-46, -43, -10, 39] [-20, -23, -8, 12] [-15, -25, -18, 1]
[0, 50, -13, -38] [13, -4, 42, -37] [6, 39, -3, -107] [0, 0, 0, 0] [45, -116, 16, 20] [26, -3, -8, 11] [5, 5, 25, -3]
[-4, -35, 15, -3] [18, -1, -23, -18] [-18, -14, -43, -45] [50, 13, -126, 22] [12, -2, -34, 49] [9, 11, -4, 18] [-28, -78, -24, 43]
[30, 25, 0, 1] [-28, 8, -28, 3] [34, -9, 18, -3] [-3, 1, -29, -4] [2, -6, -46, -15] [1, -12, -21, 10] [29, 13, 26, -14]
[-12, -5, 22, -13] [3, -11, -55, -17] [-7, 6, 21, 11] [-23, 24, -53, -16] [34, 7, -18, 28] [35, -11, -39, 24] [-9, -13, 29, 0]
Food (up, right, down, left):
[8, 7, 4, 27] [-7, 32, 4, -23] [17, -22, 11, 11] [-24, 2, 50, 4] [4, -15, 43, -10] [-8, -25, -19, -21] [-52, 21, 4, -14]
[-77, 9, -40, -7] [0, -8, -39, -5] [3, 8, 20, 32] [-26, 12, -62, 33] [16, 5, 1, -54] [55, -1, -55, 25] [14, 2, 26, 34]
[-31, 8, 27, -39] [8, -3, -26, 37] [-36, -40, -41, 26] [45, -34, 28, 24] [-12, -12, -8, -26] [3, 23, -53, -31] [63, 27, 22, 4]
[-2, 31, -10, 43] [-21, -5, -33, 42] [-6, 1, -38, -14] [0, 0, 0, 0] [-15, 56, -51, -11] [19, -23, -43, -22] [-29, 55, -23, 15]
[2, 14, -8, 18] [15, 14, 2, 32] [25, -8, 39, 27] [-16, -50, 29, -9] [6, 15, 22, -17] [9, 54, 16, 13] [-7, -18, 3, -2]
[10, -30, -13, 8] [8, 5, 17, -30] [20, 11, 21, 32] [-39, -33, 59, -16] [-47, -42, 19, -70] [-30, 72, 26, 21] [2, 46, 12, 32]
[17, 2, -34, -22] [-9, 1, 19, -68] [35, 17, -1, -8] [-10, -3, 0, -34] [61, 31, 6, -24] [10, 38, 13, 6] [9, -20, 19, -13]
------------------------------
ALIVE
Head: (0 35)
Body: (25 35) (24 35) (24 34) (23 34) (22 34) (21 34) (20 34) (19 34) (19 33) (19 32) (19 31) (18 31) 
Length: 12, 4
Vision: 3
Hungry, suplies: 9/10
Reproductive: 16, mutating: 0.25
Generation: 54605
####################################
Wall (up, right, down, left):
[0, -1, 4, -7] [-4, -1, 12, -17] [-29, 3, -6, -25] [8, -2, 29, 3] [-15, 6, 22, 2] [18, -3, -16, -5] [3, -19, -2, -3]
[-40, 1, 6, -19] [0, 14, -8, -10] [-31, 4, 15, 2] [-38, 10, 26, 14] [30, 26, 3, -1] [-33, -25, -1, -16] [-20, 6, -6, 13]
[-8, 9, 34, 28] [3, 18, -14, -11] [-5, -8, 39, -20] [-94, 18, 67, 10] [-46, -43, -10, 39] [-20, -23, -8, 12] [-15, -25, -18, 1]
[0, 50, -13, -38] [13, -4, 42, -37] [11, 39, -3, -107] [0, 0, 0, 0] [47, -116, 16, 20] [26, -3, -8, 11] [5, 5, 25, 0]
[-4, -35, 15, -3] [18, -1, -23, -18] [-18, -14, -43, -45] [50, 13, -126, 22] [12, -2, -34, 49] [9, 11, -4, 18] [-28, -78, -24, 42]
[30, 23, 0, 1] [-28, 8, -28, 3] [34, -9, 18, -3] [-3, 1, -29, -4] [2, -6, -46, -15] [1, -12, -21, 10] [29, 13, 26, -14]
[-12, -5, 22, -13] [3, -8, -55, -17] [-7, 6, 21, 11] [-23, 24, -53, -16] [34, 7, -18, 28] [35, -11, -39, 29] [-9, -13, 29, 0]
Food (up, right, down, left):
[8, 7, 4, 27] [-7, 32, 4, -23] [17, -20, 11, 11] [-24, 2, 50, 4] [3, -15, 43, -10] [-8, -25, -19, -26] [-52, 21, 4, -14]
[-77, 9, -40, -7] [0, -7, -39, -5] [3, 8, 20, 32] [-26, 12, -62, 33] [11, 5, 1, -54] [55, -1, -55, 25] [14, 2, 26, 34]
[-31, 8, 27, -39] [8, -3, -26, 37] [-36, -40, -41, 26] [45, -34, 28, 24] [-12, -12, -8, -26] [3, 23, -53, -31] [63, 27, 22, 4]
[-2, 31, -10, 43] [-21, -5, -33, 42] [-6, 1, -38, -14] [0, 0, 0, 0] [-15, 56, -50, -11] [19, -23, -43, -22] [-29, 55, -23, 12]
[2, 14, -8, 18] [15, 14, 2, 32] [25, -8, 39, 27] [-16, -50, 29, -9] [6, 15, 22, -17] [9, 54, 16, 13] [-7, -18, 3, -1]
[10, -30, -13, 7] [8, 5, 17, -30] [20, 10, 21, 32] [-39, -33, 59, -16] [-47, -42, 19, -70] [-30, 72, 26, 21] [2, 46, 12, 32]
[17, 2, -34, -22] [-9, -4, 19, -68] [35, 17, -1, -8] [-10, -3, 0, -34] [61, 31, 6, -24] [10, 34, 9, 6] [9, -20, 19, -13]
------------------------------
ALIVE
Head: (12 45)
Body: (12 45) (12 46) (12 47) (11 47) (11 48) (11 49) (10 49) (10 50) (9 50) 
Length: 9, 4
Vision: 3
Hungry, suplies: 4/10
Reproductive: 16, mutating: 0.25
Generation: 54604
####################################
Wall (up, right, down, left):
[0, -1, 4, -7] [-4, -1, 12, -17] [-29, 3, -6, -25] [8, -2, 29, 3] [-15, 6, 22, -3] [18, -4, -16, -5] [3, -19, -2, -3]
[-40, 1, 6, -19] [0, 12, -8, -5] [-31, 4, 15, 2] [-38, 10, 26, 14] [30, 26, 3, -5] [-37, -25, -1, -16] [-20, 6, -6, 13]
[-8, 9, 34, 28] [3, 18, -14, -11] [-5, -8, 39, -20] [-94, 18, 67, 10] [-46, -43, -10, 39] [-20, -23, -8, 12] [-15, -25, -18, 1]
[0, 50, -13, -38] [13, -4, 42, -37] [6, 39, -3, -107] [0, 0, 0, 0] [45, -116, 16, 20] [26, -3, -8, 11] [5, 5, 25, -3]
[-4, -35, 15, -3] [18, -1, -23, -18] [-18, -14, -43, -45] [50, 13, -126, 22] [12, -2, -34, 49] [9, 11, -4, 18] [-28, -78, -24, 43]
[30, 25, 0, 1] [-28, 8, -28, 3] [34, -9, 18, -3] [-3, 1, -29, -4] [2, -6, -46, -15] [1, -12, -21, 10] [29, 13, 26, -14]
[-12, -5, 22, -13] [3, -11, -55, -17] [-7, 6, 21, 11] [-23, 24, -53, -16] [34, 7, -18, 28] [35, -11, -39, 24] [-9, -13, 29, 0]
Food (up, right, down, left):
[8, 7, 4, 27] [-7, 32, 4, -23] [17, -20, 11, 11] [-24, 2, 50, 4] [6, -15, 43, -10] [-8, -25, -19, -21] [-52, 21, 4, -14]
[-77, 9, -40, -7] [0, -8, -39, -5] [3, 8, 20, 32] [-26, 12, -62, 33] [16, 5, 1, -54] [55, -1, -54, 25] [14, 2, 26, 34]
[-31, 8, 27, -39] [8, -3, -26, 37] [-36, -40, -41, 26] [45, -34, 28, 24] [-12, -12, -8, -26] [3, 23, -53, -31] [63, 27, 22, 4]
[-2, 31, -10, 43] [-21, -5, -33, 42] [-6, 1, -38, -14] [0, 0, 0, 0] [-15, 56, -51, -11] [19, -23, -43, -22] [-29, 55, -23, 15]
[2, 14, -8, 18] [15, 14, 2, 32] [25, -8, 39, 27] [-16, -50, 29, -9] [6, 15, 22, -17] [9, 54, 16, 13] [-7, -18, 3, -2]
[10, -30, -13, 8] [8, 5, 17, -30] [20, 10, 21, 32] [-39, -33, 59, -16] [-47, -42, 19, -70] [-30, 72, 26, 21] [2, 46, 12, 32]
[17, 2, -34, -22] [-9, 1, 19, -68] [35, 17, -1, -8] [-10, -3, 0, -34] [61, 31, 6, -24] [10, 38, 13, 6] [9, -20, 19, -13]
------------------------------
ALIVE
Head: (22 35)
Body: (22 35) (23 35) (23 36) (24 36) (-1 37) (0 37) (1 37) (1 38) (1 39) (2 39) 
Length: 10, 4
Vision: 3
Hungry, suplies: 1/10
Reproductive: 16, mutating: 0.25
Generation: 54603
####################################
Wall (up, right, down, left):
[0, -1, 4, -7] [-4, -1, 12, -17] [-29, 3, -6, -25] [8, -2, 29, 3] [-15, 6, 22, 2] [18, -3, -16, -5] [3, -19, -2, -3]
[-40, 1, 6, -19] [0, 14, -8, -10] [-31, 4, 15, 2] [-38, 10, 26, 14] [30, 26, 3, -1] [-33, -25, -1, -16] [-20, 6, -6, 13]
[-8, 9, 34, 28] [3, 18, -14, -11] [-5, -8, 39, -20] [-94, 18, 67, 10] [-46, -43, -10, 39] [-20, -23, -8, 12] [-15, -25, -18, 1]
[0, 50, -13, -38] [13, -4, 42, -37] [11, 39, -3, -107] [0, 0, 0, 0] [47, -116, 16, 20] [26, -3, -8, 11] [5, 5, 25, 0]
[-4, -35, 15, -3] [18, -1, -23, -18] [-18, -14, -43, -45] [50, 13, -126, 22] [12, -2, -34, 49] [9, 11, -4, 18] [-28, -78, -24, 42]
[30, 23, 0, 1] [-28, 8, -28, 3] [34, -9, 18, -3] [-3, 1, -29, -4] [2, -6, -46, -15] [1, -12, -21, 10] [29, 13, 26, -14]
[-12, -5, 22, -13] [3, -8, -55, -17] [-7, 6, 21, 11] [-23, 24, -53, -16] [34, 7, -18, 28] [35, -11, -39, 29] [-9, -13, 29, 0]
Food (up, right, down, left):
[8, 7, 4, 27] [-7, 32, 4, -23] [17, -20, 11, 11] [-24, 2, 50, 4] [3, -15, 43, -10] [-8, -25, -19, -26] [-52, 21, 4, -14]
[-77, 9, -40, -7] [0, -7, -39, -5] [3, 8, 20, 32] [-26, 12, -62, 33] [11, 5, 1, -54] [55, -1, -55, 25] [14, 2, 26, 34]
[-31, 8, 27, -39] [8, -3, -26, 37] [-36, -40, -41, 26] [45, -34, 28, 24] [-12, -12, -8, -26] [3, 23, -53, -31] [63, 27, 22, 4]
[-2, 31, -10, 43] [-21, -5, -33, 42] [-6, 1, -38, -14] [0, 0, 0, 0] [-15, 56, -50, -11] [19, -23, -43, -22] [-29, 55, -23, 12]
[2, 14, -8, 18] [15, 14, 2, 32] [25, -8, 39, 27] [-16, -50, 29, -9] [6, 15, 22, -17] [9, 54, 16, 13] [-7, -18, 3, -1]
[10, -30, -13, 7] [8, 5, 17, -30] [20, 10, 21, 32] [-39, -33, 59, -16] [-47, -42, 19, -70] [-30, 72, 26, 21] [2, 46, 12, 32]
[17, 2, -34, -22] [-9, -4, 19, -68] [35, 17, -1, -8] [-10, -3, 0, -34] [61, 31, 6, -24] [10, 34, 9, 6] [9, -20, 19, -13]
------------------------------
ALIVE
Head: (2 16)
Body: (2 16) (2 17) (2 18) (1 18) (1 19) (1 20) (0 20) (0 21) (0 22) 
Length: 9, 4
Vision: 3
Hungry, suplies: 8/10
Reproductive: 16, mutating: 0.25
Generation: 54602
####################################
Wall (up, right, down, left):
[0, -1, 4, -7] [-4, -1, 12, -17] [-29, 3, -6, -25] [8, -2, 29, 3] [-15, 6, 22, -3] [18, -4, -16, -5] [3, -19, -2, -3]
[-40, 1, 6, -19] [0, 12, -8, -5] [-31, 4, 15, 2] [-38, 10, 26, 14] [30, 26, 3, -5] [-33, -25, -1, -16] [-20, 6, -6, 13]
[-8, 9, 34, 28] [3, 18, -14, -11] [-5, -8, 39, -20] [-94, 18, 67, 10] [-46, -43, -10, 39] [-20, -23, -8, 12] [-15, -25, -18, 1]
[0, 50, -13, -38] [13, -4, 42, -37] [6, 39, -3, -107] [0, 0, 0, 0] [45, -116, 16, 20] [26, -3, -8, 11] [5, 5, 25, -3]
[-4, -35, 15, -3] [18, -1, -23, -18] [-18, -14, -43, -45] [50, 13, -126, 22] [12, -2, -34, 49] [9, 11, -4, 18] [-28, -78, -24, 43]
[30, 25, 0, 1] [-28, 8, -28, 3] [34, -9, 18, -3] [-3, 1, -29, -4] [2, -6, -46, -15] [1, -12, -21, 10] [29, 13, 26, -14]
[-12, -5, 22, -13] [3, -11, -55, -17] [-7, 6, 21, 11] [-23, 24, -53, -16] [34, 7, -18, 28] [35, -11, -39, 24] [-9, -13, 29, 0]
Food (up, right, down, left):
[8, 7, 4, 27] [-7, 32, 4, -23] [17, -20, 11, 11] [-24, 2, 50, 4] [6, -15, 43, -10] [-8, -25, -19, -21] [-52, 21, 4, -14]
[-77, 9, -40, -7] [0, -8, -39, -5] [3, 8, 20, 32] [-26, 12, -62, 33] [16, 5, 1, -54] [55, -1, -55, 25] [14, 2, 26, 34]
[-31, 8, 27, -39] [8, -3, -26, 37] [-36, -40, -41, 26] [45, -34, 28, 24] [-12, -12, -8, -26] [3, 23, -53, -31] [63, 27, 22, 4]
[-2, 31, -10, 43] [-21, -5, -33, 42] [-6, 1, -38, -14] [0, 0, 0, 0] [-15, 56, -51, -11] [19, -23, -43, -22] [-29, 55, -23, 15]
[2, 14, -8, 18] [15, 14, 2, 32] [25, -8, 39, 27] [-16, -50, 29, -9] [6, 15, 22, -17] [9, 54, 16, 13] [-7, -18, 3, -2]
[10, -30, -13, 8] [8, 5, 17, -30] [20, 10, 21, 32] [-39, -33, 59, -16] [-47, -42, 19, -70] [-30, 72, 26, 21] [2, 46, 12, 32]
[17, 2, -34, -23] [-9, 1, 19, -68] [35, 17, -1, -8] [-10, -3, 0, -34] [61, 31, 6, -24] [10, 38, 13, 6] [9, -20, 19, -13]
------------------------------
ALIVE
Head: (2 50)
Body: (2 50) (2 49) (2 48) (2 47) (3 47) (4 47) (4 46) (4 45) (4 44) (4 43) 
Length: 10, 4
Vision: 3
Hungry, suplies: 10/10
Reproductive: 16, mutating: 0.25
Generation: 54600
####################################
Wall (up, right, down, left):
[0, -1, 4, -7] [-4, -1, 12, -17] [-29, 3, -6, -25] [8, -2, 29, 3] [-15, 6, 22, 2] [18, -3, -16, -5] [3, -19, -2, -3]
[-40, 1, 6, -19] [0, 14, -8, -5] [-31, 4, 15, 2] [-38, 10, 26, 14] [30, 26, 3, -1] [-33, -25, -1, -16] [-20, 6, -6, 13]
[-8, 9, 34, 28] [3, 18, -14, -11] [-5, -8, 39, -20] [-94, 18, 67, 10] [-46, -43, -10, 39] [-20, -23, -8, 12] [-15, -25, -18, 1]
[0, 50, -13, -38] [13, -4, 42, -37] [6, 39, -3, -107] [0, 0, 0, 0] [47, -116, 16, 20] [26, -3, -8, 11] [5, 5, 25, 0]
[-4, -35, 15, -3] [18, -1, -23, -18] [-18, -14, -43, -45] [50, 13, -126, 22] [12, -2, -34, 49] [9, 11, -4, 18] [-28, -78, -24, 42]
[30, 23, 0, 1] [-28, 8, -28, 3] [34, -9, 18, -3] [-3, 1, -29, -4] [2, -6, -46, -15] [1, -12, -21, 10] [29, 13, 26, -14]
[-12, -5, 22, -13] [3, -8, -55, -17] [-7, 6, 21, 11] [-23, 24, -53, -16] [34, 7, -18, 33] [35, -11, -39, 29] [-9, -13, 29, 0]
Food (up, right, down, left):
[8, 7, 4, 27] [-7, 32, 4, -23] [17, -20, 11, 11] [-24, 2, 50, 4] [3, -15, 43, -10] [-8, -25, -19, -26] [-52, 21, 4, -14]
[-77, 9, -40, -7] [0, -7, -39, -5] [3, 8, 20, 32] [-26, 12, -62, 33] [11, 5, 1, -54] [55, -1, -55, 25] [14, 2, 26, 34]
[-31, 8, 27, -39] [8, -3, -26, 37] [-36, -40, -41, 26] [45, -34, 28, 24] [-12, -12, -8, -26] [3, 23, -53, -31] [63, 27, 22, 4]
[-2, 31, -10, 43] [-21, -5, -33, 42] [-6, 1, -38, -14] [0, 0, 0, 0] [-15, 56, -50, -11] [19, -23, -43, -22] [-29, 55, -23, 12]
[2, 14, -8, 18] [15, 14, 2, 32] [25, -8, 39, 27] [-16, -50, 29, -9] [6, 15, 22, -17] [9, 54, 16, 13] [-7, -18, 3, -1]
[10, -30, -13, 7] [8, 5, 17, -30] [20, 10, 21, 32] [-39, -33, 59, -16] [-47, -42, 19, -70] [-30, 72, 26, 21] [2, 46, 12, 32]
[17, 2, -34, -22] [-9, -4, 19, -68] [35, 17, -1, -8] [-10, -3, 0, -34] [60, 31, 6, -24] [10, 34, 9, 6] [9, -20, 19, -13]
------------------------------
ALIVE
Head: (5 20)
Body: (5 20) (5 19) (6 19) (6 18) (6 17) (6 16) (6 15) (6 14) (6 13) (6 12) (6 11) 
Length: 11, 4
Vision: 3
Hungry, suplies: 9/10
Reproductive: 16, mutating: 0.25
Generation: 54600
####################################
Wall (up, right, down, left):
[0, -1, 4, -7] [-4, -1, 12, -17] [-29, 3, -6, -25] [8, -2, 29, 3] [-15, 6, 22, -3] [18, -4, -16, -5] [3, -19, -2, -3]
[-40, 1, 6, -19] [0, 12, -8, -5] [-31, 4, 15, 2] [-38, 10, 26, 14] [30, 26, 3, -5] [-33, -25, -1, -16] [-20, 6, -6, 13]
[-8, 9, 34, 28] [3, 18, -14, -11] [-5, -8, 39, -20] [-94, 18, 67, 10] [-46, -43, -10, 39] [-20, -23, -8, 12] [-15, -25, -18, 1]
[0, 50, -13, -38] [13, -4, 42, -37] [6, 39, -3, -107] [0, 0, 0, 0] [45, -116, 16, 20] [26, -3, -8, 11] [5, 5, 25, -3]
[-4, -35, 15, -3] [18, -1, -23, -18] [-18, -14, -43, -45] [50, 13, -126, 22] [12, -2, -34, 49] [9, 11, -4, 18] [-28, -78, -24, 43]
[30, 25, 0, 1] [-28, 8, -28, 3] [34, -9, 18, -3] [-3, 1, -29, -4] [2, -6, -46, -15] [1, -12, -21, 10] [29, 13, 26, -14]
[-12, -5, 22, -13] [3, -11, -55, -17] [-7, 6, 21, 11] [-23, 24, -53, -16] [34, 7, -18, 28] [35, -11, -39, 24] [-7, -13, 29, 0]
Food (up, right, down, left):
[8, 7, 4, 27] [-7, 32, 4, -23] [17, -20, 11, 11] [-24, 2, 50, 4] [6, -15, 43, -10] [-8, -25, -19, -21] [-52, 21, 4, -14]
[-77, 9, -40, -7] [0, -8, -39, -5] [3, 8, 20, 32] [-26, 12, -62, 33] [16, 5, 1, -54] [55, -1, -55, 25] [14, 2, 26, 34]
[-31, 8, 27, -39] [8, -3, -26, 37] [-36, -40, -41, 26] [45, -34, 28, 24] [-12, -12, -8, -26] [3, 23, -53, -31] [63, 27, 22, 4]
[-2, 31, -10, 43] [-21, -5, -33, 42] [-6, 1, -38, -14] [0, 0, 0, 0] [-15, 56, -51, -11] [19, -23, -43, -22] [-29, 55, -23, 15]
[2, 14, -8, 18] [15, 14, 2, 32] [25, -8, 39, 27] [-16, -50, 29, -9] [6, 15, 22, -17] [9, 54, 16, 13] [-7, -18, 3, -2]
[10, -30, -13, 8] [8, 5, 17, -30] [20, 10, 21, 32] [-39, -33, 59, -16] [-51, -42, 19, -70] [-30, 72, 26, 21] [2, 46, 12, 32]
[17, 2, -34, -22] [-9, 1, 19, -68] [35, 17, -1, -8] [-10, -3, 0, -34] [61, 31, 6, -24] [10, 38, 13, 6] [9, -20, 22, -13]
------------------------------
ALIVE
Head: (7 29)
Body: (7 29) (7 30) (7 31) (7 32) (8 32) (8 33) (8 34) (7 34) (7 35) (8 35) 
Length: 10, 4
Vision: 3
Hungry, suplies: 10/10
Reproductive: 16, mutating: 0.25
Generation: 54606
####################################
Wall (up, right, down, left):
[0, -1, 4, -7] [-4, -1, 12, -17] [-29, 3, -6, -25] [8, -2, 29, 3] [-15, 6, 22, -3] [18, -4, -16, -5] [3, -19, -2, -3]
[-40, 1, 6, -19] [0, 12, -8, -5] [-31, 4, 15, 2] [-38, 10, 26, 14] [30, 26, 3, -5] [-33, -25, -1, -16] [-20, 6, -6, 13]
[-8, 9, 34, 28] [3, 18, -14, -11] [-5, -8, 39, -20] [-94, 18, 67, 10] [-46, -43, -10, 39] [-20, -23, -8, 12] [-15, -25, -18, 1]
[0, 50, -13, -38] [13, -4, 42, -37] [6, 39, -3, -107] [0, 0, 0, 0] [45, -116, 16, 16] [26, -3, -8, 11] [5, 5, 25, -3]
[-4, -35, 15, -3] [18, -1, -23, -18] [-18, -14, -43, -45] [50, 13, -126, 22] [12, -2, -34, 49] [9, 11, -4, 18] [-28, -78, -24, 43]
[30, 25, 0, 1] [-28, 8, -28, 3] [34, -9, 18, -3] [-3, 1, -29, -4] [2, -6, -46, -15] [1, -12, -21, 10] [29, 13, 26, -14]
[-12, -5, 22, -13] [3, -11, -55, -17] [-7, 6, 21, 11] [-23, 24, -53, -16] [34, 7, -18, 28] [35, -11, -39, 24] [-9, -13, 29, 0]
Food (up, right, down, left):
[8, 7, 4, 27] [-7, 32, 4, -23] [17, -20, 11, 11] [-24, 2, 50, 4] [6, -15, 43, -10] [-8, -25, -19, -21] [-52, 21, 4, -14]
[-77, 9, -40, -7] [0, -8, -39, -5] [3, 8, 20, 32] [-26, 12, -62, 33] [16, 5, 1, -54] [55, -1, -55, 25] [14, 2, 26, 34]
[-31, 8, 27, -39] [8, -3, -26, 37] [-36, -40, -41, 26] [45, -34, 28, 24] [-12, -12, -8, -26] [3, 23, -53, -31] [63, 27, 22, 4]
[-2, 31, -10, 43] [-21, -5, -33, 42] [-6, 1, -38, -14] [0, 0, 0, 0] [-15, 56, -51, -15] [19, -23, -43, -22] [-29, 55, -23, 15]
[2, 14, -8, 18] [15, 14, 2, 32] [25, -8, 39, 27] [-16, -50, 29, -9] [6, 15, 22, -17] [9, 54, 16, 13] [-7, -18, 3, -2]
[10, -30, -13, 8] [8, 5, 17, -30] [20, 10, 21, 32] [-39, -33, 59, -16] [-47, -42, 19, -70] [-30, 72, 26, 21] [2, 46, 12, 32]
[17, 2, -34, -22] [-9, 1, 19, -68] [35, 17, -1, -8] [-10, -3, 0, -34] [61, 31, 6, -24] [10, 38, 13, 6] [9, -20, 19, -13]
------------------------------
ALIVE
Head: (10 8)
Body: (10 8) (11 8) (12 8) (13 8) (14 8) (14 9) (14 10) (13 10) (13 11) 
Length: 9, 4
Vision: 3
Hungry, suplies: 7/10
Reproductive: 16, mutating: 0.25
Generation: 54603
####################################
Wall (up, right, down, left):
[0, -1, 4, -7] [-4, -1, 12, -17] [-29, 3, -6, -25] [8, -2, 29, 3] [-15, 6, 22, 2] [18, -3, -16, -5] [3, -21, -2, -3]
[-40, 1, 6, -19] [0, 14, -8, -5] [-31, 4, 15, 2] [-38, 10, 26, 14] [30, 26, 3, -1] [-33, -25, -1, -16] [-20, 6, -6, 13]
[-8, 9, 34, 28] [3, 18, -14, -11] [-5, -8, 39, -20] [-94, 18, 67, 10] [-46, -43, -10, 39] [-20, -23, -8, 12] [-15, -25, -18, 1]
[0, 50, -13, -38] [13, -4, 42, -37] [6, 39, -3, -107] [0, 0, 0, 0] [46, -116, 16, 20] [26, -3, -8, 11] [5, 5, 25, 0]
[-4, -35, 15, -3] [18, -1, -23, -18] [-18, -14, -43, -45] [50, 13, -126, 22] [12, -2, -34, 49] [9, 11, -4, 18] [-28, -78, -24, 42]
[30, 23, 0, 1] [-28, 8, -28, 3] [34, -9, 18, -3] [-3, 1, -29, -4] [2, -6, -46, -15] [1, -12, -21, 10] [29, 13, 26, -14]
[-12, -5, 22, -13] [3, -8, -55, -17] [-7, 6, 21, 11] [-23, 24, -53, -16] [34, 7, -18, 33] [35, -11, -39, 29] [-9, -13, 29, 0]
Food (up, right, down, left):
[8, 7, 4, 27] [-7, 32, 4, -23] [17, -20, 11, 11] [-24, 2, 50, 4] [3, -15, 43, -10] [-8, -25, -19, -26] [-47, 21, 4, -14]
[-77, 9, -40, -7] [0, -7, -39, -5] [3, 8, 20, 32] [-26, 12, -62, 33] [11, 5, 1, -54] [55, -1, -55, 25] [14, 2, 26, 34]
[-31, 8, 27, -39] [8, -3, -26, 37] [-36, -40, -41, 26] [45, -34, 28, 24] [-12, -12, -8, -26] [3, 23, -53, -31] [63, 27, 22, 4]
[-2, 31, -10, 43] [-21, -5, -33, 42] [-6, 1, -38, -14] [0, 0, 0, 0] [-15, 56, -50, -12] [19, -23, -43, -22] [-29, 55, -23, 12]
[2, 14, -8, 18] [15, 14, 2, 32] [25, -8, 39, 27] [-16, -50, 29, -9] [6, 15, 22, -17] [9, 54, 16, 13] [-7, -18, 3, -1]
[10, -30, -13, 7] [8, 5, 17, -30] [20, 10, 21, 32] [-39, -33, 59, -16] [-47, -42, 19, -70] [-30, 72, 26, 21] [2, 46, 12, 32]
[17, 2, -34, -22] [-9, -4, 19, -68] [35, 17, -1, -8] [-10, -3, 0, -34] [60, 31, 6, -24] [10, 34, 9, 6] [9, -20, 19, -13]
------------------------------
ALIVE
Head: (9 56)
Body: (9 56) (10 56) (11 56) (11 55) (12 55) (12 -1) (12 0) (13 0) 
Length: 8, 4
Vision: 3
Hungry, suplies: 4/10
Reproductive: 16, mutating: 0.25
Generation: 54601
####################################
Wall (up, right, down, left):
[0, -1, 4, -7] [-4, -1, 12, -17] [-29, 3, -6, -25] [8, -2, 29, 3] [-15, 6, 22, 2] [18, -3, -16, -5] [3, -19, -2, -3]
[-40, 1, 6, -19] [0, 14, -8, -5] [-31, 4, 15, 2] [-38, 10, 26, 14] [30, 26, 3, -1] [-33, -25, -1, -16] [-20, 6, -6, 13]
[-8, 9, 34, 28] [3, 18, -14, -11] [-5, -8, 39, -20] [-94, 18, 67, 10] [-46, -43, -10, 39] [-20, -23, -8, 12] [-15, -25, -18, 1]
[0, 48, -13, -38] [13, -4, 42, -37] [6, 39, -3, -107] [0, 0, 0, 0] [47, -116, 16, 20] [26, -3, -8, 11] [5, 5, 25, 0]
[-4, -35, 15, -3] [18, -1, -23, -18] [-18, -14, -43, -45] [50, 13, -126, 22] [12, -2, -34, 49] [9, 11, -4, 18] [-28, -78, -24, 42]
[30, 23, 0, 6] [-28, 8, -28, 3] [34, -9, 18, -3] [-3, 1, -29, -4] [2, -6, -46, -15] [1, -12, -21, 10] [29, 13, 26, -14]
[-12, -5, 22, -13] [3, -8, -55, -17] [-7, 6, 21, 11] [-23, 24, -53, -16] [34, 7, -18, 28] [35, -11, -39, 29] [-9, -13, 29, 0]
Food (up, right, down, left):
[8, 7, 4, 27] [-7, 32, 4, -23] [17, -20, 11, 11] [-24, 2, 50, 4] [3, -15, 43, -10] [-8, -25, -19, -26] [-52, 21, 4, -14]
[-77, 9, -40, -7] [0, -7, -39, -5] [3, 8, 20, 32] [-26, 12, -62, 33] [11, 5, 1, -54] [55, -1, -55, 25] [14, 2, 26, 34]
[-31, 8, 27, -39] [8, -3, -26, 37] [-36, -40, -41, 26] [45, -34, 28, 24] [-12, -12, -8, -26] [3, 23, -53, -31] [63, 27, 22, 4]
[-2, 31, -6, 43] [-21, -5, -33, 42] [-6, 1, -38, -14] [0, 0, 0, 0] [-15, 56, -50, -11] [19, -23, -43, -22] [-29, 55, -23, 12]
[2, 14, -8, 18] [15, 14, 2, 32] [25, -8, 39, 27] [-16, -50, 29, -9] [6, 15, 22, -17] [9, 54, 16, 13] [-7, -18, 3, -1]
[10, -31, -13, 7] [8, 5, 17, -30] [20, 10, 21, 32] [-39, -33, 59, -16] [-47, -42, 19, -70] [-30, 72, 26, 21] [2, 46, 12, 32]
[17, 2, -34, -22] [-9, -4, 19, -68] [35, 17, -1, -8] [-10, -3, 0, -34] [61, 31, 6, -24] [10, 34, 9, 6] [9, -20, 19, -13]
------------------------------
ALIVE
Head: (11 35)
Body: (11 35) (11 36) (11 37) (12 37) (12 38) (12 39) (12 40) (12 41) 
Length: 8, 4
Vision: 3
Hungry, suplies: 9/10
Reproductive: 16, mutating: 0.25
Generation: 54603
####################################
Wall (up, right, down, left):
[0, -1, 4, -7] [-4, -1, 12, -17] [-29, 3, -6, -25] [8, -2, 29, 3] [-15, 6, 22, 2] [18, -3, -16, -5] [3, -19, -2, -3]
[-40, 1, 6, -19] [0, 14, -8, -5] [-31, 4, 15, 2] [-38, 10, 26, 14] [30, 26, 3, -1] [-33, -25, -1, -16] [-20, 6, -6, 13]
[-8, 9, 34, 28] [3, 18, -14, -11] [-5, -8, 39, -20] [-94, 18, 67, 10] [-46, -43, -10, 39] [-20, -23, -8, 12] [-15, -25, -18, 1]
[0, 50, -13, -38] [13, -4, 42, -37] [6, 39, -3, -107] [0, 0, 0, 0] [47, -116, 16, 20] [26, -3, -8, 11] [5, 5, 25, 0]
[-4, -35, 15, -3] [18, -1, -23, -18] [-18, -14, -43, -45] [50, 13, -126, 22] [12, -2, -34, 49] [9, 11, -4, 18] [-28, -78, -24, 42]
[30, 23, 0, 1] [-28, 8, -28, 3] [34, -9, 18, -3] [-3, 1, -29, -4] [2, -6, -46, -15] [1, -12, -21, 10] [29, 13, 26, -14]
[-12, -5, 22, -13] [3, -8, -55, -17] [-7, 6, 21, 11] [-23, 24, -53, -16] [34, 7, -18, 33] [35, -11, -39, 29] [-9, -13, 29, 0]
Food (up, right, down, left):
[8, 7, 4, 27] [-7, 32, 4, -23] [17, -20, 11, 11] [-24, 2, 50, 4] [3, -15, 43, -10] [-8, -25, -19, -26] [-52, 21, 4, -14]
[-77, 9, -40, -7] [0, -7, -39, -5] [3, 8, 20, 32] [-26, 12, -62, 33] [11, 5, 1, -54] [55, -1, -55, 25] [14, 2, 26, 34]
[-31, 8, 27, -39] [8, -3, -26, 37] [-36, -40, -41, 26] [45, -34, 28, 24] [-12, -12, -8, -26] [3, 23, -53, -31] [63, 27, 22, 4]
[-2, 31, -10, 43] [-21, -5, -33, 42] [-6, 1, -38, -14] [0, 0, 0, 0] [-15, 56, -50, -11] [19, -23, -43, -22] [-29, 55, -23, 12]
[2, 14, -8, 18] [15, 14, 2, 32] [25, -8, 39, 27] [-16, -50, 29, -9] [6, 15, 22, -17] [9, 54, 16, 13] [-7, -18, 3, -1]
[10, -30, -13, 7] [8, 5, 17, -30] [20, 10, 21, 32] [-39, -33, 59, -16] [-47, -42, 19, -70] [-30, 72, 26, 21] [2, 46, 12, 32]
[17, 2, -34, -22] [-9, -4, 19, -68] [35, 17, -1, -8] [-10, -3, 0, -34] [60, 31, 6, -24] [10, 34, 9, 6] [9, -20, 19, -13]
------------------------------
ALIVE
Head: (17 36)
Body: (17 36) (17 35) (17 34) (17 33) (17 32) (16 32) (16 31) (16 30) (15 30) 
Length: 9, 4
Vision: 3
Hungry, suplies: 10/10
Reproductive: 16, mutating: 0.25
Generation: 54601
####################################
