Wall (up, right, down, left):
[19, -6, -4, 2] [-2, 1, 1, 4] [-18, 9, 7, -8] [15, -2, 28, 12] [-23, 0, 31, -11] [1, -7, -2, -10] [-17, -12, -21, -21]
[-28, -16, 29, -7] [4, 24, -6, 2] [-17, 7, 1, -3] [-21, 12, 11, 6] [20, 7, 8, -3] [-19, -33, 18, 10] [-10, 1, -4, 7]
[-4, 0, 32, 3] [2, 27, -20, -3] [-24, -2, 48, -8] [-75, 27, 45, 26] [-41, -33, -23, 22] [-20, -19, -6, 15] [-32, -8, -10, -20]
[3, 35, -5, -39] [12, 5, 14, -26] [-11, 34, 1, -98] [0, 0, 0, 0] [48, -86, 41, 4] [16, -2, 9, 19] [7, 3, 8, -6]
[-16, -25, -13, 6] [15, 0, -18, 0] [0, -1, -43, -34] [41, 12, -89, 5] [11, -11, -21, 34] [-2, 26, -10, 1] [-33, -73, -13, 20]
[22, 19, 16, 0] [-2, 3, -9, -12] [17, 5, 19, -10] [-9, 9, -28, 13] [14, -2, -20, -6] [23, -12, -22, 8] [27, 3, 19, 19]
[-10, -6, -2, -14] [-7, -2, -20, -11] [-12, 8, 20, 1] [-14, 14, -40, -8] [30, 19, -9, 25] [33, -28, -40, 12] [-12, 6, 9, -6]
Food (up, right, down, left):
[23, 20, 6, 12] [-11, 9, 4, -28] [32, -16, 3, 22] [-17, -3, 36, 21] [-4, 12, 32, -11] [-12, -16, -15, -28] [-28, 20, -11, -8]
[-60, -8, -29, -17] [4, 0, -18, -21] [-9, 11, 22, 37] [-8, 15, -33, 22] [31, 16, -5, -37] [34, -3, -33, 22] [19, 8, 22, 17]
[-14, 3, 26, -34] [5, 2, 3, 34] [-50, -31, -32, 39] [45, -40, 20, 3] [-7, -3, 4, -27] [-1, 11, -44, -27] [28, 28, 10, 28]
[28, 11, 10, 52] [-6, -10, -26, 22] [12, -11, -31, -21] [0, 0, 0, 0] [-19, 62, -30, -4] [-15, -13, -24, -1] [-18, 36, -26, 13]
[-4, 5, -6, 17] [3, 9, 6, 14] [21, -7, 36, 10] [-6, -23, 16, -18] [9, -3, 6, -30] [-6, 41, 23, 25] [4, -16, 0, -25]
[9, -13, 6, -1] [4, 13, 11, 0] [8, 2, 13, 14] [-24, -26, 35, -30] [-35, -26, -3, -41] [-12, 31, -5, 22] [3, 35, -8, 23]
[3, 1, -22, -24] [22, 4, -5, -54] [20, 25, 6, -17] [1, 19, 43, -46] [40, 24, -2, -9] [17, 30, 12, -6] [26, -27, 28, -19]
------------------------------
ALIVE
Head: (10 6)
Body: (10 6) (11 6) (11 7) (12 7) (12 6) (12 5) (13 5) (14 5) 
Length: 8, 4
Vision: 3
Hungry, suplies: 5/10
Reproductive: 16, mutating: 0.25
Generation: 38460
####################################
Wall (up, right, down, left):
[19, -6, -4, 2] [-2, 1, 1, 4] [-18, 9, 7, -8] [15, -2, 28, 12] [-23, 0, 31, -11] [1, -7, -2, -10] [-17, -14, -21, -21]
[-28, -16, 29, -7] [4, 24, -6, 2] [-17, 7, 1, -3] [-21, 12, 11, 6] [20, 7, 8, -3] [-19, -33, 18, 10] [-10, 1, -4, 7]
[-4, 0, 32, 3] [2, 27, -20, -3] [-24, -2, 48, -8] [-75, 27, 45, 26] [-41, -33, -23, 22] [-20, -19, -6, 15] [-32, -8, -10, -20]
[3, 35, -5, -39] [12, 5, 14, -26] [-11, 34, 1, -98] [0, 0, 0, 0] [48, -86, 41, 4] [16, -2, 7, 19] [7, 3, 8, -6]
[-16, -25, -13, 6] [15, 0, -18, 0] [0, -1, -43, -34] [41, 12, -89, 5] [11, -11, -21, 34] [-2, 26, -10, 1] [-33, -73, -13, 20]
[22, 19, 16, 0] [-2, 3, -9, -12] [17, 5, 19, -12] [-9, 9, -28, 13] [14, -2, -20, -6] [23, -12, -22, 8] [27, 3, 19, 19]
[-10, -6, -5, -14] [-7, -2, -20, -11] [-12, 8, 20, 0] [-14, 14, -40, -8] [30, 19, -9, 25] [33, -28, -40, 12] [-12, 6, 7, -6]
Food (up, right, down, left):
[23, 20, 6, 12] [-11, 9, 4, -28] [32, -16, 3, 22] [-17, -3, 36, 21] [-4, 12, 32, -11] [-12, -16, -15, -28] [-29, 20, -11, -8]
[-60, -8, -29, -17] [4, 0, -18, -21] [-9, 11, 22, 37] [-8, 15, -33, 22] [31, 16, -5, -37] [34, -3, -33, 22] [19, 8, 22, 17]
[-14, 3, 26, -34] [5, 2, 3, 34] [-50, -31, -32, 39] [45, -40, 20, 3] [-7, -3, 4, -27] [-1, 11, -44, -27] [28, 28, 10, 28]
[28, 11, 10, 52] [-6, -10, -26, 22] [12, -11, -31, -21] [0, 0, 0, 0] [-19, 62, -30, -4] [-16, -13, -24, -1] [-18, 36, -26, 13]
[-4, 5, -6, 17] [3, 9, 6, 14] [21, -7, 36, 10] [-6, -23, 16, -18] [9, -3, 6, -30] [-6, 41, 23, 25] [4, -16, 0, -25]
[9, -13, 6, -1] [4, 13, 11, 0] [8, 2, 13, 15] [-24, -26, 35, -30] [-35, -26, -3, -41] [-12, 31, -5, 22] [3, 35, -8, 23]
[3, 1, -20, -24] [22, 4, -5, -54] [20, 25, 6, -19] [1, 19, 43, -46] [40, 24, -2, -9] [17, 30, 12, -6] [26, -27, 25, -19]
------------------------------
ALIVE
Head: (9 40)
Body: (9 40) (8 40) (7 40) (6 40) (5 40) (4 40) (3 40) (2 40) 
Length: 8, 4
Vision: 3
Hungry, suplies: 9/10
Reproductive: 16, mutating: 0.25
Generation: 38458
####################################
Wall (up, right, down, left):
[19, -6, -4, 2] [-2, 1, 1, 4] [-18, 9, 7, -8] [15, -2, 28, 12] [-23, 0, 31, -11] [1, -7, -2, -10] [-17, -14, -21, -21]
[-28, -16, 29, -7] [4, 24, -6, 2] [-17, 7, 1, -3] [-21, 12, 11, 6] [20, 7, 8, -3] [-19, -33, 18, 10] [-10, 1, -1, 6]
[-4, 0, 32, 3] [2, 27, -20, -3] [-24, -2, 48, -8] [-75, 27, 45, 21] [-41, -33, -24, 18] [-18, -19, -6, 15] [-27, -8, -10, -20]
[3, 35, -5, -39] [12, 5, 14, -26] [-11, 34, 1, -95] [0, 0, 0, 0] [48, -86, 41, 4] [16, -2, 3, 19] [7, 3, 8, -6]
[-16, -25, -13, 6] [15, 0, -18, 0] [0, -1, -43, -34] [41, 12, -89, 5] [11, -11, -21, 34] [-2, 26, -10, 1] [-33, -73, -13, 20]
[22, 22, 16, 0] [-2, 3, -9, -7] [17, 5, 19, -17] [-9, 9, -28, 13] [14, 1, -20, -5] [23, -9, -22, 8] [27, 3, 19, 19]
[-10, -6, -2, -14] [-7, -2, -20, -11] [-12, 11, 20, 1] [-14, 14, -40, -8] [30, 19, -9, 25] [33, -28, -40, 12] [-12, 6, 9, -6]
Food (up, right, down, left):
[23, 20, 6, 12] [-11, 9, 4, -28] [32, -16, 3, 22] [-17, -3, 36, 21] [-4, 12, 32, -11] [-12, -16, -15, -28] [-29, 20, -11, -8]
[-60, -8, -29, -17] [4, 0, -18, -21] [-9, 11, 22, 37] [-8, 15, -33, 22] [31, 16, -5, -37] [34, -3, -33, 22] [19, 4, 22, 13]
[-14, 3, 26, -34] [5, 2, 3, 34] [-54, -31, -32, 39] [45, -40, 20, 3] [-13, -3, 4, -27] [-1, 11, -47, -27] [28, 30, 10, 28]
[28, 11, 10, 52] [-6, -10, -26, 22] [11, -11, -31, -21] [0, 0, 0, 0] [-19, 62, -30, -4] [-20, -13, -24, -1] [-18, 36, -26, 13]
[-4, 5, -6, 17] [3, 9, 6, 14] [21, -7, 36, 10] [-6, -23, 16, -18] [9, -3, 6, -30] [-6, 41, 23, 25] [4, -16, 0, -25]
[9, -9, 6, -1] [4, 14, 11, 0] [8, 6, 13, 15] [-24, -26, 35, -30] [-35, -26, -3, -39] [-12, 31, -9, 22] [3, 35, -8, 23]
[3, 1, -22, -24] [22, 4, -5, -54] [15, 25, 6, -17] [1, 19, 43, -46] [40, 24, -2, -9] [17, 30, 12, -6] [26, -27, 28, -19]
------------------------------
ALIVE
Head: (19 21)
Body: (19 21) (19 20) (19 19) (19 18) (19 17) (19 16) (20 16) (21 16) (21 15) (21 14) (21 13) (20 13) (19 13) (18 13) (17 13) 
Length: 15, 4
Vision: 3
Hungry, suplies: 3/10
Reproductive: 16, mutating: 0.25
Generation: 38455
####################################
Wall (up, right, down, left):
[19, -6, -4, 2] [-2, 1, 1, 4] [-18, 9, 7, -8] [15, -2, 28, 12] [-23, 0, 31, -11] [1, -7, -2, -10] [-17, -14, -21, -21]
[-28, -16, 29, -7] [4, 24, -6, 2] [-17, 7, 1, -3] [-21, 12, 11, 6] [20, 7, 8, -3] [-19, -33, 18, 10] [-10, 1, -1, 6]
[-4, 0, 32, 3] [2, 27, -20, -3] [-24, -2, 48, -8] [-75, 27, 45, 21] [-41, -33, -24, 22] [-18, -19, -6, 15] [-27, -8, -10, -20]
[3, 35, -5, -39] [12, 5, 14, -26] [-11, 34, 1, -95] [0, 0, 0, 0] [48, -86, 41, 4] [16, -2, 3, 19] [7, 3, 8, -6]
[-16, -25, -13, 6] [15, 0, -18, 0] [0, -1, -43, -34] [41, 12, -89, 5] [11, -11, -21, 34] [-2, 26, -10, 1] [-33, -73, -13, 20]
[22, 22, 16, 0] [-2, 3, -9, -7] [17, 5, 19, -17] [-9, 9, -28, 13] [14, 1, -20, -5] [23, -9, -22, 8] [27, 3, 19, 19]
[-10, -6, -2, -14] [-7, -2, -20, -11] [-12, 11, 20, 1] [-14, 14, -40, -8] [30, 19, -9, 25] [33, -28, -40, 12] [-12, 6, 9, -6]
Food (up, right, down, left):
[23, 16, 6, 12] [-11, 9, 4, -28] [32, -16, 3, 22] [-17, -3, 36, 21] [-4, 12, 32, -11] [-12, -16, -15, -28] [-29, 20, -11, -8]
[-60, -8, -29, -17] [4, 0, -18, -21] [-9, 11, 22, 37] [-8, 15, -33, 22] [31, 16, -5, -37] [34, -3, -33, 22] [19, 4, 22, 13]
[-14, 3, 26, -34] [5, 2, 3, 34] [-54, -31, -32, 39] [45, -40, 20, 3] [-8, -3, 4, -27] [-1, 11, -47, -27] [28, 30, 10, 28]
[28, 11, 10, 52] [-6, -10, -26, 22] [11, -11, -31, -21] [0, 0, 0, 0] [-19, 62, -30, -4] [-20, -13, -24, -1] [-18, 36, -26, 13]
[-4, 5, -6, 17] [3, 9, 6, 14] [21, -7, 36, 10] [-6, -23, 16, -18] [9, -3, 6, -30] [-6, 41, 23, 25] [4, -16, 0, -25]
[9, -9, 6, -1] [4, 14, 11, 0] [8, 6, 13, 15] [-24, -26, 35, -30] [-35, -26, -3, -39] [-12, 31, -9, 22] [3, 35, -8, 23]
[3, 1, -22, -24] [22, 4, -5, -54] [15, 25, 6, -17] [1, 19, 43, -46] [40, 24, -2, -9] [17, 30, 12, -6] [26, -27, 28, -19]
------------------------------
ALIVE
Head: (6 43)
Body: (6 43) (5 43) (4 43) (3 43) (3 42) (2 42) (1 42) (0 42) (0 41) (25 40) (24 40) 
Length: 11, 4
Vision: 3
Hungry, suplies: 8/10
Reproductive: 16, mutating: 0.25
Generation: 38458
####################################
Wall (up, right, down, left):
[19, -6, -4, 2] [-2, 1, 1, 4] [-18, 9, 7, -8] [15, -2, 28, 12] [-23, 0, 31, -11] [1, -7, -2, -10] [-17, -12, -21, -21]
[-28, -16, 29, -7] [4, 24, -6, 2] [-17, 7, 1, -3] [-21, 12, 11, 6] [20, 7, 8, -3] [-19, -33, 18, 10] [-10, 1, -4, 7]
[-4, 0, 32, 3] [2, 27, -20, -3] [-24, -2, 48, -8] [-75, 27, 45, 26] [-41, -33, -23, 22] [-20, -19, -6, 15] [-32, -8, -10, -20]
[3, 35, -5, -39] [12, 5, 14, -26] [-11, 34, 1, -98] [0, 0, 0, 0] [48, -86, 41, 4] [16, -2, 9, 19] [7, 3, 8, -6]
[-16, -25, -13, 6] [15, 0, -18, 0] [0, -1, -43, -34] [41, 12, -89, 5] [11, -11, -21, 34] [-2, 26, -10, 1] [-33, -73, -13, 20]
[22, 19, 16, 0] [-2, 3, -9, -12] [17, 5, 19, -10] [-9, 9, -28, 13] [14, -2, -20, -6] [23, -12, -22, 8] [27, 3, 19, 19]
[-10, -6, -2, -14] [-7, -2, -20, -11] [-12, 8, 15, 1] [-14, 14, -40, -8] [30, 19, -9, 25] [33, -28, -40, 12] [-12, 6, 9, -6]
Food (up, right, down, left):
[23, 20, 6, 12] [-11, 9, 4, -28] [32, -16, 3, 22] [-17, -3, 36, 21] [-4, 12, 32, -11] [-12, -16, -15, -28] [-28, 20, -11, -8]
[-60, -8, -29, -17] [4, 0, -18, -21] [-9, 11, 22, 37] [-8, 15, -33, 22] [31, 16, -5, -37] [34, -3, -33, 22] [19, 8, 22, 17]
[-14, 3, 26, -34] [5, 2, 3, 34] [-50, -31, -32, 39] [45, -40, 20, 3] [-7, -3, 4, -27] [-1, 11, -44, -27] [28, 28, 10, 28]
[28, 11, 10, 52] [-6, -10, -26, 22] [12, -11, -31, -21] [0, 0, 0, 0] [-19, 62, -30, -4] [-15, -13, -24, -1] [-18, 36, -26, 13]
[-4, 5, -6, 17] [3, 9, 6, 14] [21, -7, 36, 10] [-6, -23, 16, -18] [9, -3, 6, -30] [-6, 41, 23, 25] [4, -16, 0, -25]
[9, -13, 6, -1] [4, 13, 11, 0] [8, 2, 13, 14] [-24, -26, 35, -30] [-35, -26, -3, -41] [-12, 31, -5, 22] [3, 35, -8, 23]
[3, 1, -22, -24] [22, 4, -5, -54] [20, 29, 6, -17] [1, 19, 43, -46] [40, 24, -2, -9] [17, 30, 12, -6] [26, -27, 28, -19]
------------------------------
ALIVE
Head: (18 27)
Body: (18 27) (18 26) (18 25) (18 24) (17 24) (16 24) (16 23) (15 23) (15 24) (14 24) (13 24) (12 24) 
Length: 12, 4
Vision: 3
Hungry, suplies: 5/10
Reproductive: 16, mutating: 0.25
Generation: 38466
####################################
Wall (up, right, down, left):
[19, -6, -4, 2] [-2, 1, 1, 4] [-18, 9, 7, -8] [15, -5, 28, 12] [-23, 0, 31, -11] [1, -7, -2, -10] [-17, -14, -21, -21]
[-28, -16, 29, -7] [4, 24, -6, 2] [-17, 7, 1, -3] [-21, 12, 11, 6] [20, 7, 8, -3] [-19, -33, 18, 10] [-10, 1, -1, 6]
[-4, 0, 32, 3] [2, 27, -20, -3] [-24, -2, 48, -8] [-75, 27, 45, 21] [-41, -33, -24, 22] [-18, -19, -6, 15] [-27, -8, -10, -20]
[3, 35, -5, -39] [12, 5, 14, -26] [-11, 34, 1, -95] [0, 0, 0, 0] [48, -86, 41, 1] [16, -2, 3, 19] [7, 3, 8, -6]
[-16, -25, -13, 6] [15, 0, -18, 0] [0, -1, -43, -34] [41, 12, -89, 5] [11, -11, -21, 34] [-2, 26, -10, 1] [-33, -73, -13, 20]
[22, 22, 16, 0] [-2, 3, -9, -7] [17, 5, 19, -17] [-9, 9, -28, 13] [14, 1, -20, -6] [23, -9, -22, 8] [27, 3, 19, 19]
[-10, -6, -2, -14] [-7, -2, -20, -11] [-12, 11, 20, 1] [-14, 14, -40, -8] [30, 19, -9, 25] [33, -28, -40, 12] [-7, 6, 9, -6]
Food (up, right, down, left):
[23, 20, 6, 12] [-11, 9, 4, -28] [32, -16, 3, 22] [-18, -3, 36, 21] [-4, 12, 32, -11] [-12, -16, -15, -28] [-29, 20, -11, -8]
[-60, -8, -29, -17] [4, 0, -18, -21] [-9, 11, 22, 37] [-8, 15, -33, 22] [31, 16, -5, -37] [34, -3, -33, 22] [19, 4, 22, 13]
[-14, 3, 26, -34] [5, 2, 3, 34] [-50, -31, -32, 39] [45, -40, 20, 3] [-8, -3, 4, -27] [-1, 11, -47, -27] [28, 30, 10, 28]
[28, 11, 10, 52] [-6, -10, -26, 22] [11, -11, -31, -21] [0, 0, 0, 0] [-19, 61, -30, -4] [-20, -13, -24, -1] [-18, 36, -26, 13]
[-4, 5, -6, 17] [3, 9, 6, 14] [21, -7, 36, 10] [-6, -23, 16, -18] [9, -3, 6, -30] [-6, 41, 23, 25] [4, -16, 0, -25]
[9, -9, 6, -1] [4, 14, 11, 0] [8, 6, 13, 15] [-24, -26, 35, -30] [-35, -26, -3, -43] [-12, 31, -9, 22] [3, 35, -8, 23]
[3, 1, -22, -24] [22, 4, -5, -54] [15, 25, 6, -17] [1, 19, 43, -46] [40, 24, -2, -9] [17, 30, 12, -6] [21, -27, 28, -19]
------------------------------
ALIVE
Head: (15 3)
Body: (15 3) (15 4) (15 5) (16 5) (16 6) (16 7) (16 8) (16 9) (17 9) (17 10) 
Length: 10, 4
Vision: 3
Hungry, suplies: 7/10
Reproductive: 16, mutating: 0.25
Generation: 38459
####################################
Wall (up, right, down, left):
[19, -6, -4, 2] [-2, 1, 1, 4] [-18, 9, 7, -8] [15, -2, 28, 12] [-23, 0, 31, -11] [1, -7, -2, -10] [-17, -12, -21, -21]
[-28, -16, 29, -7] [4, 24, -6, 2] [-17, 7, 1, -3] [-21, 12, 11, 6] [20, 7, 8, -3] [-19, -33, 18, 10] [-10, 1, -4, 7]
[-4, 0, 32, 3] [2, 27, -20, -3] [-24, -2, 48, -8] [-75, 27, 45, 26] [-41, -33, -23, 22] [-20, -19, -6, 15] [-32, -8, -10, -20]
[3, 35, -5, -39] [12, 5, 14, -26] [-11, 34, 1, -98] [0, 0, 0, 0] [48, -86, 41, 4] [16, -2, 9, 19] [7, 3, 8, -6]
[-16, -25, -13, 6] [15, 0, -18, 0] [0, -1, -43, -34] [41, 12, -89, 5] [11, -11, -21, 34] [-2, 26, -10, 1] [-33, -73, -13, 20]
[22, 19, 16, 0] [-2, 3, -9, -12] [17, 5, 19, -10] [-9, 9, -28, 13] [14, -2, -20, -6] [23, -12, -22, 8] [27, 3, 19, 19]
[-10, -6, -2, -14] [-7, -2, -20, -11] [-12, 8, 20, 1] [-14, 14, -40, -8] [30, 19, -9, 25] [33, -28, -40, 12] [-12, 6, 9, -6]
Food (up, right, down, left):
[23, 20, 6, 12] [-11, 9, 4, -28] [32, -16, 3, 22] [-17, -3, 36, 21] [-4, 12, 32, -11] [-12, -16, -15, -28] [-28, 20, -11, -8]
[-60, -8, -29, -17] [4, 0, -18, -21] [-9, 11, 22, 37] [-8, 15, -33, 22] [31, 16, -5, -37] [34, -3, -33, 22] [19, 8, 22, 17]
[-14, 3, 26, -34] [5, 2, 3, 34] [-50, -31, -32, 39] [45, -40, 20, 3] [-7, -3, 4, -27] [-1, 11, -44, -27] [28, 28, 10, 28]
[28, 11, 10, 52] [-6, -10, -26, 22] [12, -11, -31, -21] [0, 0, 0, 0] [-19, 62, -30, -4] [-15, -13, -24, -1] [-18, 36, -26, 13]
[-4, 5, -6, 17] [3, 9, 6, 14] [21, -7, 36, 10] [-6, -23, 16, -18] [9, -3, 6, -30] [-6, 41, 23, 25] [4, -16, 0, -25]
[9, -13, 6, -1] [4, 13, 11, 0] [8, 2, 13, 14] [-24, -26, 35, -30] [-35, -26, -3, -41] [-12, 31, -5, 22] [3, 35, -8, 23]
[3, 1, -22, -24] [22, 4, -5, -54] [20, 25, 6, -17] [1, 19, 43, -46] [40, 24, -2, -9] [17, 30, 12, -6] [26, -27, 28, -19]
------------------------------
ALIVE
Head: (14 49)
Body: (14 49) (13 49) (12 49) (12 50) (13 50) (13 51) (12 51) (11 51) 
Length: 8, 4
Vision: 3
Hungry, suplies: 9/10
Reproductive: 16, mutating: 0.25
Generation: 38462
####################################
Wall (up, right, down, left):
[19, -6, -4, 2] [-2, 1, 1, 4] [-18, 9, 7, -8] [15, -2, 28, 12] [-23, 0, 31, -11] [1, -7, -2, -10] [-17, -14, -21, -21]
[-28, -16, 29, -7] [4, 24, -6, 2] [-17, 7, 1, -3] [-21, 12, 11, 6] [20, 7, 8, -3] [-19, -33, 18, 10] [-10, 1, -4, 7]
[-4, 0, 32, 3] [2, 27, -20, -3] [-24, -2, 48, -8] [-75, 27, 45, 26] [-41, -33, -23, 22] [-20, -19, -6, 15] [-32, -8, -10, -20]
[3, 35, -5, -39] [12, 5, 14, -26] [-11, 34, 1, -98] [0, 0, 0, 0] [48, -86, 41, 4] [16, -2, 7, 19] [7, 3, 8, -6]
[-16, -25, -13, 6] [15, 0, -18, 0] [0, -1, -43, -34] [41, 12, -89, 5] [11, -11, -21, 34] [-2, 26, -10, 1] [-33, -73, -13, 20]
[22, 19, 16, 0] [-2, 3, -9, -12] [17, 5, 19, -12] [-9, 9, -28, 13] [14, -2, -20, -6] [23, -12, -22, 8] [27, 3, 19, 19]
[-10, -6, -5, -14] [-7, -2, -20, -11] [-12, 8, 20, 0] [-14, 14, -40, -8] [30, 19, -9, 25] [33, -28, -40, 12] [-12, 6, 7, -6]
Food (up, right, down, left):
[23, 20, 6, 12] [-11, 9, 4, -28] [32, -16, 3, 22] [-17, -3, 36, 21] [-4, 12, 32, -11] [-12, -16, -15, -28] [-29, 20, -11, -8]
[-60, -8, -29, -17] [4, 0, -18, -21] [-9, 11, 22, 37] [-8, 15, -33, 22] [31, 16, -5, -37] [34, -3, -33, 22] [19, 8, 22, 17]
[-14, 3, 26, -34] [5, 2, 3, 34] [-50, -31, -32, 39] [45, -40, 20, 3] [-7, -3, 4, -27] [-1, 11, -44, -27] [28, 28, 10, 28]
[28, 11, 10, 52] [-6, -10, -26, 22] [12, -11, -31, -21] [0, 0, 0, 0] [-19, 62, -30, -4] [-16, -13, -24, -1] [-18, 36, -26, 13]
[-4, 5, -6, 17] [3, 9, 6, 14] [21, -7, 36, 10] [-6, -23, 16, -18] [9, -3, 6, -30] [-6, 41, 23, 25] [4, -16, 0, -25]
[9, -13, 6, -1] [4, 13, 11, 0] [8, 2, 13, 15] [-24, -26, 35, -30] [-35, -26, -3, -41] [-12, 31, -5, 22] [3, 35, -8, 23]
[3, 1, -20, -24] [22, 4, -5, -54] [20, 25, 6, -19] [1, 19, 43, -46] [40, 24, -2, -9] [17, 30, 12, -6] [26, -27, 25, -19]
------------------------------
ALIVE
Head: (8 6)
Body: (8 6) (7 6) (7 7) (8 7) (8 8) (8 9) (9 9) (10 9) (10 10) (11 10) 
Length: 10, 4
Vision: 3
Hungry, suplies: 4/10
Reproductive: 16, mutating: 0.25
Generation: 38459
####################################
Wall (up, right, down, left):
[19, -6, -4, 2] [-2, 1, 1, 4] [-18, 9, 7, -8] [15, -5, 28, 12] [-23, 0, 31, -11] [1, -7, -2, -10] [-17, -14, -21, -21]
[-28, -16, 29, -7] [4, 24, -6, 2] [-17, 7, 1, -3] [-21, 12, 11, 6] [20, 7, 8, -3] [-19, -33, 18, 10] [-10, 1, -1, 6]
[-4, 0, 37, 3] [2, 27, -20, -3] [-24, -2, 48, -8] [-75, 27, 45, 21] [-41, -33, -24, 22] [-18, -19, -6, 15] [-27, -8, -10, -20]
[3, 35, -5, -39] [12, 5, 14, -26] [-11, 34, 1, -95] [0, 0, 0, 0] [48, -86, 41, 1] [16, -2, 3, 19] [7, 3, 8, -6]
[-16, -25, -13, 6] [15, 0, -18, 0] [0, -1, -43, -34] [41, 12, -89, 5] [11, -11, -21, 34] [-2, 26, -10, 1] [-33, -73, -13, 20]
[22, 22, 16, 0] [-2, 3, -9, -7] [17, 5, 19, -17] [-9, 9, -28, 13] [14, 1, -20, -6] [23, -9, -22, 8] [27, 3, 19, 19]
[-10, -6, -2, -14] [-7, -2, -20, -11] [-12, 11, 20, 1] [-14, 14, -40, -8] [30, 19, -9, 25] [33, -28, -40, 12] [-7, 6, 9, -6]
Food (up, right, down, left):
[23, 20, 6, 12] [-11, 9, 4, -28] [32, -16, 3, 22] [-18, -3, 36, 21] [-4, 12, 32, -11] [-12, -16, -15, -28] [-29, 20, -11, -8]
[-60, -8, -29, -17] [4, 0, -18, -21] [-9, 11, 22, 37] [-8, 15, -33, 22] [31, 16, -5, -37] [34, -3, -33, 22] [19, 4, 22, 13]
[-14, 3, 26, -39] [5, 2, 3, 34] [-50, -31, -32, 39] [45, -40, 20, 3] [-8, -3, 4, -27] [-1, 11, -47, -27] [28, 30, 10, 28]
[28, 11, 10, 52] [-6, -10, -26, 22] [11, -11, -31, -21] [0, 0, 0, 0] [-19, 61, -30, -4] [-20, -13, -24, -1] [-18, 36, -26, 13]
[-4, 5, -6, 17] [3, 9, 6, 14] [21, -7, 36, 10] [-6, -23, 16, -18] [9, -3, 6, -30] [-6, 41, 23, 25] [4, -16, 0, -25]
[9, -9, 6, -1] [4, 14, 11, 0] [8, 6, 13, 15] [-24, -26, 35, -30] [-35, -26, -3, -43] [-12, 31, -9, 22] [3, 35, -8, 23]
[3, 1, -22, -24] [22, 4, -5, -54] [15, 25, 6, -17] [1, 19, 43, -46] [40, 24, -2, -9] [17, 30, 12, -6] [21, -27, 28, -19]
------------------------------
ALIVE
Head: (23 19)
Body: (23 19) (23 18) (23 17) (24 17) (24 16) (24 15) (23 15) (22 15) (22 16) (22 17) (21 17) (21 18) (21 19) (22 19) (22 20) 
Length: 15, 4
Vision: 3
Hungry, suplies: 8/10
Reproductive: 16, mutating: 0.25
Generation: 38459
####################################
Wall (up, right, down, left):
[19, -6, -4, 2] [-2, 1, 1, 4] [-18, 9, 7, -8] [15, -2, 28, 12] [-23, 0, 31, -11] [1, -7, -2, -10] [-17, -14, -21, -21]
[-28, -16, 29, -7] [4, 24, -6, 2] [-17, 7, 1, -3] [-21, 12, 11, 6] [20, 7, 8, -3] [-19, -33, 18, 10] [-10, 1, -4, 7]
[-4, 0, 32, 3] [2, 27, -20, -3] [-24, -2, 48, -8] [-75, 27, 45, 26] [-41, -33, -23, 22] [-20, -19, -6, 15] [-32, -8, -10, -20]
[3, 35, -5, -39] [12, 5, 14, -26] [-11, 34, 1, -98] [0, 0, 0, 0] [48, -86, 41, 4] [16, -2, 7, 19] [7, 3, 8, -6]
[-16, -25, -13, 6] [15, 0, -18, 0] [0, -1, -43, -34] [41, 12, -89, 5] [11, -11, -21, 34] [-2, 26, -10, 1] [-33, -73, -13, 20]
[22, 19, 16, 0] [-2, 3, -9, -12] [17, 5, 19, -12] [-9, 9, -28, 13] [14, -2, -20, -6] [23, -12, -22, 8] [27, 3, 19, 19]
[-10, -6, -5, -14] [-7, -2, -20, -11] [-12, 8, 20, 0] [-14, 14, -40, -8] [30, 19, -9, 25] [33, -28, -40, 12] [-12, 6, 7, -6]
Food (up, right, down, left):
[23, 20, 6, 12] [-11, 9, 4, -28] [32, -16, 3, 22] [-17, -3, 36, 21] [-4, 12, 32, -11] [-12, -16, -15, -28] [-29, 20, -11, -8]
[-60, -8, -29, -17] [4, 0, -18, -21] [-9, 11, 22, 37] [-8, 15, -33, 22] [31, 16, -5, -37] [34, -3, -33, 22] [19, 8, 22, 17]
[-14, 3, 26, -34] [5, 2, 3, 34] [-50, -31, -32, 39] [45, -40, 20, 3] [-7, -3, 4, -27] [-1, 11, -44, -27] [28, 28, 10, 28]
[28, 11, 10, 52] [-6, -10, -26, 22] [12, -11, -31, -21] [0, 0, 0, 0] [-19, 62, -30, -4] [-16, -13, -24, -1] [-18, 36, -26, 13]
[-4, 5, -6, 17] [3, 9, 6, 14] [21, -7, 36, 10] [-6, -23, 16, -18] [9, -3, 6, -30] [-6, 41, 23, 25] [4, -16, 0, -25]
[9, -13, 6, -1] [4, 13, 11, 0] [8, 2, 13, 15] [-24, -26, 35, -30] [-35, -26, -3, -41] [-12, 31, -5, 22] [3, 35, -8, 23]
[3, 1, -20, -24] [22, 4, -5, -54] [20, 25, 6, -19] [1, 19, 43, -46] [40, 24, -2, -9] [17, 30, 12, -6] [26, -27, 25, -19]
------------------------------
ALIVE
Head: (5 17)
Body: (5 17) (5 16) (4 16) (4 15) (3 15) (2 15) (1 15) (1 16) (0 16) (0 17) (25 18) 
Length: 11, 4
Vision: 3
Hungry, suplies: 10/10
Reproductive: 16, mutating: 0.25
Generation: 38463
####################################
Wall (up, right, down, left):
[19, -6, -4, 2] [-2, 1, 1, 4] [-18, 9, 7, -8] [15, -2, 28, 12] [-23, 0, 31, -11] [1, -7, -2, -10] [-22, -14, -21, -21]
[-28, -16, 29, -7] [4, 24, -6, 2] [-17, 7, 1, -3] [-21, 12, 11, 6] [20, 7, 8, -3] [-19, -33, 18, 10] [-10, 1, -4, 7]
[-4, 0, 32, 3] [2, 27, -20, -3] [-24, -2, 48, -8] [-75, 27, 45, 26] [-41, -33, -23, 22] [-20, -19, -6, 15] [-32, -8, -10, -20]
[3, 35, -5, -39] [12, 5, 14, -26] [-11, 34, 1, -98] [0, 0, 0, 0] [48, -86, 41, 4] [16, -2, 7, 19] [7, 3, 8, -6]
[-16, -25, -13, 6] [15, 0, -18, 0] [0, -1, -43, -34] [41, 12, -89, 5] [11, -11, -21, 34] [-2, 26, -10, 1] [-33, -73, -13, 20]
[22, 19, 16, 0] [-2, 3, -9, -12] [17, 5, 19, -12] [-9, 9, -28, 13] [14, -2, -20, -6] [23, -12, -22, 8] [27, 3, 19, 19]
[-10, -6, -2, -14] [-7, -2, -20, -11] [-12, 8, 20, 1] [-14, 14, -40, -8] [30, 19, -9, 21] [33, -28, -40, 12] [-12, 6, 9, -6]
Food (up, right, down, left):
[23, 20, 6, 12] [-11, 9, 4, -28] [32, -16, 3, 22] [-17, -3, 36, 21] [-4, 12, 32, -11] [-12, -16, -15, -28] [-27, 20, -11, -8]
[-60, -8, -29, -17] [4, 0, -18, -21] [-9, 11, 22, 37] [-8, 15, -33, 22] [31, 16, -5, -37] [34, -3, -33, 22] [19, 8, 22, 17]
[-14, 3, 26, -34] [5, 2, 3, 34] [-50, -31, -32, 39] [45, -40, 20, 3] [-7, -3, 4, -27] [-1, 11, -44, -27] [28, 28, 10, 28]
[28, 11, 10, 52] [-6, -10, -26, 22] [12, -11, -31, -21] [0, 0, 0, 0] [-19, 62, -30, -4] [-16, -13, -24, -1] [-18, 36, -26, 13]
[-4, 5, -6, 17] [3, 9, 6, 14] [21, -7, 36, 10] [-6, -23, 16, -18] [9, -3, 6, -30] [-6, 41, 23, 25] [4, -16, 0, -25]
[9, -13, 6, -1] [4, 13, 11, 0] [8, 2, 13, 15] [-24, -26, 35, -30] [-35, -26, -3, -41] [-12, 31, -5, 22] [3, 35, -8, 23]
[3, 1, -22, -24] [22, 4, -5, -54] [20, 25, 6, -17] [1, 19, 43, -46] [40, 27, -2, -9] [17, 30, 12, -6] [26, -27, 28, -19]
------------------------------
ALIVE
Head: (11 44)
Body: (11 44) (11 43) (12 43) (13 43) (13 42) (14 42) (14 41) (14 40) (13 40) (13 39) 
Length: 10, 4
Vision: 3
Hungry, suplies: 9/10
Reproductive: 16, mutating: 0.25
Generation: 38457
####################################
Wall (up, right, down, left):
[19, -6, -4, 2] [-2, 1, 1, 4] [-18, 9, 7, -8] [15, -2, 28, 12] [-23, 0, 31, -11] [1, -7, -2, -10] [-17, -14, -21, -21]
[-28, -16, 29, -7] [4, 24, -6, 2] [-17, 7, 1, -3] [-21, 12, 11, 6] [20, 7, 8, -3] [-19, -33, 18, 10] [-10, 1, -4, 7]
[-4, 0, 32, 3] [2, 27, -20, -3] [-24, -2, 48, -8] [-75, 27, 45, 26] [-41, -33, -23, 22] [-20, -19, -6, 15] [-32, -8, -10, -20]
[3, 35, -5, -39] [12, 5, 14, -26] [-11, 34, 1, -98] [0, 0, 0, 0] [48, -86, 41, 4] [16, -2, 7, 19] [7, 3, 8, -6]
[-16, -25, -13, 6] [15, 0, -18, 0] [0, -1, -43, -34] [41, 12, -89, 5] [11, -11, -21, 34] [-2, 26, -10, 1] [-33, -73, -13, 20]
[22, 19, 16, 0] [-2, 3, -9, -12] [17, 5, 19, -12] [-9, 9, -28, 13] [14, -2, -20, -6] [23, -12, -22, 8] [27, 3, 19, 19]
[-10, -6, -5, -14] [-7, -2, -20, -11] [-12, 8, 20, 0] [-14, 14, -40, -8] [30, 19, -9, 25] [33, -28, -40, 12] [-12, 6, 7, -6]
Food (up, right, down, left):
[23, 20, 6, 12] [-11, 9, 4, -28] [32, -16, 3, 22] [-17, -3, 36, 21] [-4, 12, 32, -11] [-12, -16, -15, -28] [-29, 20, -11, -8]
[-60, -8, -29, -17] [4, 0, -18, -21] [-9, 11, 22, 37] [-8, 15, -33, 22] [31, 16, -5, -37] [34, -3, -33, 22] [19, 8, 22, 17]
[-14, 3, 26, -34] [5, 2, 3, 34] [-50, -31, -32, 39] [45, -40, 20, 3] [-7, -3, 4, -27] [-1, 11, -44, -27] [28, 28, 10, 28]
[28, 11, 10, 52] [-6, -10, -26, 22] [12, -11, -31, -21] [0, 0, 0, 0] [-19, 62, -30, -4] [-16, -13, -24, -1] [-18, 36, -26, 13]
[-4, 5, -6, 17] [3, 9, 6, 14] [21, -7, 36, 10] [-6, -23, 16, -18] [9, -3, 6, -30] [-6, 41, 23, 25] [4, -16, 0, -25]
[9, -13, 6, -1] [4, 13, 11, 0] [8, 2, 13, 15] [-24, -26, 35, -30] [-35, -26, -3, -41] [-12, 31, -5, 22] [3, 35, -8, 23]
[3, 1, -20, -24] [22, 4, -5, -54] [20, 25, 6, -19] [1, 19, 43, -46] [40, 24, -2, -9] [17, 30, 12, -6] [26, -27, 25, -19]
------------------------------
ALIVE
Head: (19 40)
Body: (19 40) (18 40) (18 41) (17 41) (17 42) (18 42) (19 42) (19 43) (18 43) (17 43) (16 43) (15 43) (14 43) 
Length: 13, 4
Vision: 3
Hungry, suplies: 9/10
Reproductive: 16, mutating: 0.25
Generation: 38459
####################################
Wall (up, right, down, left):
[19, -6, -4, 2] [-2, 1, 1, 4] [-18, 9, 7, -8] [15, -2, 28, 12] [-23, 0, 31, -11] [1, -7, -2, -10] [-17, -14, -21, -21]
[-28, -16, 29, -7] [4, 24, -6, 2] [-17, 7, 1, -3] [-21, 12, 11, 2] [20, 7, 8, -3] [-19, -33, 18, 10] [-10, 1, -1, 6]
[-4, 0, 32, 3] [2, 27, -20, -3] [-24, -2, 48, -8] [-75, 27, 45, 21] [-41, -33, -24, 22] [-18, -19, -6, 15] [-27, -8, -10, -20]
[3, 35, -5, -39] [12, 5, 14, -26] [-11, 34, 1, -95] [0, 0, 0, 0] [48, -86, 41, 4] [16, -2, 3, 19] [7, 3, 8, -6]
[-16, -25, -13, 6] [15, 0, -18, 0] [0, -1, -43, -34] [41, 12, -89, 5] [11, -11, -21, 34] [-2, 26, -10, 1] [-33, -73, -13, 20]
[22, 22, 16, 0] [-2, 3, -9, -7] [17, 5, 19, -17] [-9, 9, -28, 13] [14, 1, -20, -5] [23, -9, -22, 8] [27, 3, 19, 19]
[-10, -6, -2, -14] [-7, -2, -20, -11] [-12, 11, 20, 1] [-14, 14, -40, -8] [30, 19, -9, 25] [33, -28, -40, 12] [-12, 6, 9, -6]
Food (up, right, down, left):
[23, 16, 6, 12] [-11, 9, 4, -28] [32, -16, 3, 22] [-17, -3, 36, 21] [-4, 12, 32, -11] [-12, -16, -15, -28] [-29, 20, -11, -8]
[-60, -8, -29, -17] [4, 0, -18, -21] [-9, 11, 22, 37] [-8, 15, -38, 22] [31, 16, -5, -37] [34, -3, -33, 22] [19, 4, 22, 13]
[-14, 3, 26, -34] [5, 2, 3, 34] [-54, -31, -32, 39] [45, -40, 20, 3] [-8, -3, 4, -27] [-1, 11, -47, -27] [28, 30, 10, 28]
[28, 11, 10, 52] [-6, -10, -26, 22] [11, -11, -31, -21] [0, 0, 0, 0] [-19, 62, -30, -4] [-20, -13, -24, -1] [-18, 36, -26, 13]
[-4, 5, -6, 17] [3, 9, 6, 14] [21, -7, 36, 10] [-6, -23, 16, -18] [9, -3, 6, -30] [-6, 41, 23, 25] [4, -16, 0, -25]
[9, -9, 6, -1] [4, 14, 11, 0] [8, 6, 13, 15] [-24, -26, 35, -30] [-35, -26, -3, -39] [-12, 31, -9, 22] [3, 35, -8, 23]
[3, 1, -22, -24] [22, 4, -5, -54] [15, 25, 6, -17] [1, 19, 43, -46] [40, 24, -2, -9] [17, 30, 12, -6] [26, -27, 28, -19]
------------------------------
ALIVE
Head: (4 13)
Body: (4 13) (5 13) (5 14) (5 15) (6 15) (7 15) (7 14) (7 13) (6 13) (6 12) (6 11) 
Length: 11, 4
Vision: 3
Hungry, suplies: 10/10
Reproductive: 16, mutating: 0.25
Generation: 38459
####################################
Wall (up, right, down, left):
[19, -9, -4, 2] [-2, 1, 1, 4] [-18, 9, 7, -8] [15, -2, 28, 12] [-23, 0, 31, -11] [1, -7, -2, -10] [-17, -14, -21, -21]
[-28, -16, 29, -7] [4, 24, -6, 2] [-17, 7, 1, -3] [-21, 12, 11, 6] [20, 7, 8, -3] [-19, -33, 18, 10] [-10, 1, -1, 6]
[-4, 0, 32, 3] [2, 27, -20, -3] [-24, -2, 48, -8] [-75, 27, 45, 21] [-41, -33, -24, 22] [-18, -19, -6, 15] [-27, -8, -10, -20]
[3, 35, -5, -39] [12, 5, 14, -26] [-11, 34, 1, -95] [0, 0, 0, 0] [48, -86, 41, 4] [16, -2, 3, 19] [7, 3, 8, -6]
[-16, -25, -13, 6] [15, 0, -18, 0] [0, -1, -38, -34] [41, 12, -89, 5] [11, -11, -21, 34] [-2, 26, -7, 5] [-33, -73, -13, 20]
[22, 22, 16, 0] [-2, 3, -9, -7] [17, 5, 19, -17] [-9, 9, -28, 13] [14, 1, -20, -6] [27, -9, -22, 8] [27, 3, 19, 19]
[-10, -6, -2, -17] [-7, -2, -20, -11] [-12, 11, 20, 1] [-14, 14, -40, -8] [30, 19, -9, 25] [33, -28, -40, 12] [-12, 6, 9, -6]
Food (up, right, down, left):
[20, 20, 6, 12] [-11, 9, 4, -28] [32, -16, 3, 22] [-17, -3, 36, 21] [-4, 12, 32, -11] [-12, -16, -15, -28] [-29, 20, -11, -8]
[-60, -8, -29, -17] [4, 0, -18, -21] [-9, 11, 22, 37] [-8, 15, -33, 22] [31, 16, -8, -37] [34, -3, -33, 22] [19, 4, 22, 13]
[-14, 3, 26, -34] [5, 2, 3, 34] [-50, -31, -32, 39] [45, -40, 20, 3] [-8, -3, 4, -27] [-1, 11, -47, -27] [28, 30, 10, 28]
[28, 11, 10, 52] [-6, -10, -26, 22] [11, -11, -31, -21] [0, 0, 0, 0] [-19, 62, -30, -4] [-20, -13, -24, -1] [-18, 36, -26, 13]
[-4, 5, -6, 17] [3, 9, 6, 14] [16, -7, 36, 10] [-6, -23, 16, -18] [9, -3, 6, -30] [2, 41, 23, 25] [4, -16, 0, -25]
[9, -9, 6, -1] [4, 14, 11, 0] [8, 6, 13, 15] [-24, -26, 35, -30] [-35, -26, -3, -43] [-14, 31, -9, 22] [3, 35, -8, 23]
[3, 0, -22, -24] [22, 4, -5, -54] [15, 25, 6, -17] [1, 19, 43, -46] [40, 24, -2, -9] [17, 30, 12, -6] [26, -27, 28, -19]
------------------------------
ALIVE
Head: (3 34)
Body: (3 34) (3 33) (3 32) (3 31) (2 31) (1 31) (0 31) (0 32) (0 33) 
Length: 9, 4
Vision: 3
Hungry, suplies: 7/10
Reproductive: 16, mutating: 0.25
Generation: 38463
####################################
Wall (up, right, down, left):
[19, -6, -4, 2] [-2, 1, 1, 4] [-18, 9, 7, -8] [15, -2, 28, 12] [-23, 0, 31, -11] [1, -7, -2, -10] [-17, -14, -21, -21]
[-28, -16, 29, -7] [4, 24, -6, 2] [-17, 7, 1, -3] [-21, 12, 11, 6] [20, 7, 8, -3] [-19, -33, 18, 10] [-10, 1, -1, 6]
[-4, 0, 32, 3] [2, 27, -20, -3] [-24, -2, 48, -8] [-75, 27, 45, 21] [-41, -33, -24, 18] [-18, -19, -6, 15] [-27, -8, -10, -20]
[3, 35, -5, -39] [12, 5, 14, -26] [-11, 34, 1, -95] [0, 0, 0, 0] [48, -86, 41, 4] [16, -2, 3, 19] [7, 3, 8, -6]
[-16, -25, -13, 6] [15, 0, -18, 0] [0, -1, -43, -34] [41, 12, -89, 5] [11, -11, -21, 34] [-2, 26, -10, 1] [-33, -73, -13, 20]
[22, 22, 16, 0] [-2, 3, -9, -7] [17, 5, 19, -17] [-9, 9, -28, 13] [14, 1, -20, -5] [23, -9, -22, 8] [27, 3, 19, 19]
[-10, -6, -2, -14] [-7, -2, -20, -11] [-12, 11, 20, 1] [-14, 14, -40, -8] [30, 19, -9, 25] [33, -28, -40, 12] [-12, 6, 9, -6]
Food (up, right, down, left):
[23, 20, 6, 12] [-11, 9, 4, -28] [32, -16, 3, 22] [-17, -3, 36, 21] [-4, 12, 32, -11] [-12, -16, -15, -28] [-29, 20, -11, -8]
[-60, -8, -29, -17] [4, 0, -18, -21] [-9, 11, 22, 37] [-8, 15, -33, 22] [31, 16, -5, -37] [34, -3, -33, 22] [19, 4, 22, 13]
[-14, 3, 26, -34] [5, 2, 3, 34] [-54, -31, -32, 39] [45, -40, 20, 3] [-13, -3, 4, -27] [-1, 11, -47, -27] [28, 30, 10, 28]
[28, 11, 10, 52] [-6, -10, -26, 22] [11, -11, -31, -21] [0, 0, 0, 0] [-19, 62, -30, -4] [-20, -13, -24, -1] [-18, 36, -26, 13]
[-4, 5, -6, 17] [3, 9, 6, 14] [21, -7, 36, 10] [-6, -23, 16, -18] [9, -3, 6, -30] [-6, 41, 23, 25] [4, -16, 0, -25]
[9, -9, 6, -1] [4, 14, 11, 0] [8, 6, 13, 15] [-24, -26, 35, -30] [-35, -26, -3, -39] [-12, 31, -9, 22] [3, 35, -8, 23]
[3, 1, -22, -24] [22, 4, -5, -54] [15, 25, 6, -17] [1, 19, 43, -46] [40, 24, -2, -9] [17, 30, 12, -6] [26, -27, 28, -19]
------------------------------
ALIVE
Head: (1 49)
Body: (1 49) (25 49) (24 49) (24 48) (24 47) (24 46) (23 46) (23 45) 
Length: 8, 4
Vision: 3
Hungry, suplies: 8/10
Reproductive: 16, mutating: 0.25
Generation: 38456
####################################
Wall (up, right, down, left):
[19, -6, -4, 2] [-2, 1, 1, 4] [-18, 9, 7, -8] [15, -2, 28, 12] [-23, 0, 31, -11] [1, -7, -2, -10] [-17, -14, -21, -21]
[-28, -16, 29, -7] [4, 24, -6, 2] [-17, 7, 1, -3] [-21, 12, 11, 6] [20, 7, 8, -3] [-19, -33, 18, 10] [-10, 1, -4, 7]
[-4, 0, 32, 3] [2, 27, -20, -3] [-24, -2, 48, -8] [-75, 27, 45, 26] [-41, -33, -23, 22] [-20, -19, -6, 15] [-32, -8, -10, -20]
[3, 35, -5, -39] [12, 5, 14, -26] [-11, 34, 1, -98] [0, 0, 0, 0] [48, -86, 41, 4] [16, -2, 7, 19] [7, 3, 8, -6]
[-16, -25, -13, 6] [15, 0, -18, 0] [0, -1, -43, -34] [41, 12, -89, 5] [11, -11, -21, 34] [-2, 26, -10, 1] [-33, -73, -13, 20]
[22, 19, 16, 0] [-2, 3, -9, -12] [17, 5, 19, -12] [-9, 9, -28, 13] [14, -2, -20, -6] [23, -12, -22, 8] [27, 3, 19, 19]
[-10, -6, -5, -14] [-7, -2, -20, -11] [-12, 8, 20, 0] [-14, 14, -40, -8] [30, 19, -9, 25] [33, -28, -40, 12] [-12, 6, 7, -6]
Food (up, right, down, left):
[23, 20, 6, 12] [-11, 9, 4, -28] [32, -16, 3, 22] [-17, -3, 36, 21] [-4, 12, 32, -11] [-12, -16, -15, -28] [-29, 20, -11, -8]
[-60, -8, -29, -17] [4, 0, -18, -21] [-9, 11, 22, 37] [-8, 15, -33, 22] [31, 16, -5, -37] [34, -3, -33, 22] [19, 8, 22, 17]
[-14, 3, 26, -34] [5, 2, 3, 34] [-50, -31, -32, 39] [45, -40, 20, 3] [-7, -3, 4, -27] [-1, 11, -44, -27] [28, 28, 10, 28]
[28, 11, 10, 52] [-6, -10, -26, 22] [12, -11, -31, -21] [0, 0, 0, 0] [-19, 62, -30, -4] [-16, -13, -24, -1] [-18, 36, -26, 13]
[-4, 5, -6, 17] [3, 9, 6, 14] [21, -7, 36, 10] [-6, -23, 16, -18] [9, -3, 6, -30] [-6, 41, 23, 25] [4, -16, 0, -25]
[9, -13, 6, -1] [4, 13, 11, 0] [8, 2, 13, 15] [-24, -26, 35, -30] [-35, -26, -3, -41] [-12, 31, -5, 22] [3, 35, -8, 23]
[3, 1, -20, -24] [22, 4, -5, -54] [20, 25, 6, -19] [1, 19, 43, -46] [40, 24, -2, -9] [17, 30, 12, -6] [26, -27, 25, -19]
------------------------------
ALIVE
Head: (11 17)
Body: (11 17) (10 17) (10 16) (10 15) (10 14) (9 14) (8 14) (8 13) (8 12) 
Length: 9, 4
Vision: 3
Hungry, suplies: 8/10
Reproductive: 16, mutating: 0.25
Generation: 38464
####################################
Wall (up, right, down, left):
[19, -9, -4, 2] [-2, 1, 1, 4] [-18, 9, 7, -8] [15, -2, 28, 12] [-23, 0, 31, -11] [1, -7, -2, -10] [-17, -14, -21, -21]
[-28, -16, 29, -7] [4, 24, -6, 2] [-17, 7, 1, -3] [-21, 12, 11, 6] [20, 7, 8, -3] [-19, -33, 18, 10] [-10, 1, -1, 6]
[-4, 0, 32, 3] [2, 27, -20, -3] [-24, -2, 48, -8] [-75, 27, 45, 21] [-41, -33, -24, 22] [-18, -19, -6, 15] [-27, -8, -10, -20]
[3, 35, -5, -39] [12, 5, 14, -26] [-11, 34, 1, -95] [0, 0, 0, 0] [48, -86, 41, 4] [16, -2, 3, 19] [7, 3, 8, -6]
[-16, -25, -13, 6] [15, 0, -18, 0] [0, -1, -38, -34] [41, 12, -89, 5] [11, -11, -21, 34] [-2, 26, -7, 5] [-33, -73, -13, 20]
[22, 22, 16, 0] [-2, 3, -9, -7] [17, 5, 19, -17] [-9, 9, -28, 13] [14, 1, -20, -6] [27, -9, -22, 8] [27, 3, 19, 19]
[-10, -6, -2, -17] [-7, -2, -20, -11] [-12, 11, 20, 1] [-14, 14, -40, -8] [30, 19, -9, 25] [33, -28, -40, 12] [-12, 6, 9, -6]
Food (up, right, down, left):
[20, 20, 6, 12] [-11, 9, 4, -28] [32, -16, 3, 22] [-17, -3, 36, 21] [-4, 12, 32, -11] [-12, -16, -15, -28] [-29, 20, -11, -8]
[-60, -8, -29, -17] [4, 0, -18, -21] [-9, 11, 22, 37] [-8, 15, -33, 22] [31, 16, -8, -37] [34, -3, -33, 22] [19, 4, 22, 13]
[-14, 3, 26, -34] [5, 2, 3, 34] [-50, -31, -32, 39] [45, -40, 20, 3] [-8, -3, 4, -27] [-1, 11, -47, -27] [28, 30, 10, 28]
[28, 11, 10, 52] [-6, -10, -26, 22] [11, -11, -31, -21] [0, 0, 0, 0] [-19, 62, -30, -4] [-20, -13, -24, -1] [-18, 36, -26, 13]
[-4, 5, -6, 17] [3, 9, 6, 14] [16, -7, 36, 10] [-6, -23, 16, -18] [9, -3, 6, -30] [2, 41, 23, 25] [4, -16, 0, -25]
[9, -9, 6, -1] [4, 14, 11, 0] [8, 6, 13, 15] [-24, -26, 35, -30] [-35, -26, -3, -43] [-14, 31, -9, 22] [3, 35, -8, 23]
[3, 0, -22, -24] [22, 4, -5, -54] [15, 25, 6, -17] [1, 19, 43, -46] [40, 24, -2, -9] [17, 30, 12, -6] [26, -27, 28, -19]
------------------------------
ALIVE
Head: (13 23)
Body: (13 23) (12 23) (12 22) (12 21) (12 20) (12 19) (11 19) (10 19) 
Length: 8, 4
Vision: 3
Hungry, suplies: 10/10
Reproductive: 16, mutating: 0.25
Generation: 38464
####################################
Wall (up, right, down, left):
[19, -6, -4, 2] [-2, 1, 1, 4] [-18, 9, 7, -8] [15, -2, 28, 12] [-23, 0, 31, -11] [1, -7, -2, -10] [-17, -14, -21, -21]
[-28, -16, 29, -7] [4, 24, -6, 2] [-17, 7, 1, -3] [-21, 12, 11, 6] [20, 7, 8, -3] [-19, -33, 18, 10] [-10, 1, -4, 7]
[-4, 0, 32, 3] [2, 27, -20, -3] [-24, -2, 45, -8] [-75, 27, 45, 26] [-41, -33, -23, 22] [-20, -19, -6, 15] [-32, -8, -10, -20]
[3, 35, -5, -39] [12, 5, 14, -26] [-11, 34, 1, -98] [0, 0, 0, 0] [48, -86, 41, 4] [16, -2, 7, 19] [7, 3, 8, -6]
[-16, -25, -13, 6] [15, 0, -18, 0] [0, -1, -43, -34] [41, 12, -89, 5] [11, -11, -21, 34] [-2, 26, -10, 1] [-33, -73, -13, 20]
[22, 19, 16, 0] [-2, 3, -9, -12] [17, 5, 19, -12] [-9, 9, -28, 13] [14, -2, -20, -6] [23, -12, -22, 8] [27, 3, 19, 19]
[-10, -6, -5, -14] [-7, -2, -20, -11] [-12, 8, 20, 0] [-14, 14, -40, -8] [30, 19, -9, 25] [33, -28, -40, 12] [-12, 6, 7, -6]
Food (up, right, down, left):
[23, 20, 6, 12] [-11, 9, 4, -28] [32, -16, 3, 22] [-17, -3, 36, 21] [-4, 12, 32, -11] [-12, -16, -15, -28] [-29, 20, -11, -8]
[-60, -8, -29, -17] [4, 0, -18, -21] [-9, 11, 22, 37] [-8, 15, -33, 22] [31, 16, -5, -37] [34, -3, -33, 22] [19, 8, 22, 17]
[-14, 3, 26, -34] [5, 2, 3, 34] [-50, -34, -32, 39] [45, -40, 20, 3] [-7, -3, 4, -27] [-1, 11, -44, -27] [28, 28, 10, 28]
[28, 11, 10, 52] [-6, -10, -26, 22] [12, -11, -31, -21] [0, 0, 0, 0] [-19, 62, -30, -4] [-16, -13, -24, -1] [-18, 36, -26, 13]
[-4, 5, -6, 17] [3, 9, 6, 14] [21, -7, 36, 10] [-6, -23, 16, -18] [9, -3, 6, -30] [-6, 41, 23, 25] [4, -16, 0, -25]
[9, -13, 6, -1] [4, 13, 11, 0] [8, 2, 13, 15] [-24, -26, 35, -30] [-35, -26, -3, -41] [-12, 31, -5, 22] [3, 35, -8, 23]
[3, 1, -20, -24] [22, 4, -5, -54] [20, 25, 6, -19] [1, 19, 43, -46] [40, 24, -2, -9] [17, 30, 12, -6] [26, -27, 25, -19]
------------------------------
ALIVE
Head: (22 30)
Body: (22 30) (23 30) (-1 30) (0 30) (1 30) (1 29) (1 28) (1 27) (25 27) (24 27) (24 28) 
Length: 11, 4
Vision: 3
Hungry, suplies: 9/10
Reproductive: 16, mutating: 0.25
Generation: 38463
####################################
Wall (up, right, down, left):
[19, -6, -4, 2] [-2, 1, 1, 4] [-18, 9, 7, -8] [15, -5, 28, 12] [-23, 0, 31, -11] [1, -7, -2, -10] [-17, -14, -21, -21]
[-28, -16, 29, -7] [4, 24, -6, 2] [-17, 7, 1, -4] [-21, 12, 11, 6] [20, 7, 8, -3] [-19, -33, 18, 10] [-10, 1, -1, 6]
[-4, 0, 32, 3] [2, 27, -20, -3] [-24, -2, 48, -8] [-75, 27, 45, 21] [-41, -33, -24, 22] [-18, -19, -6, 15] [-27, -8, -10, -20]
[3, 35, -5, -39] [12, 5, 14, -26] [-11, 34, 1, -95] [0, 0, 0, 0] [48, -86, 41, 1] [16, -2, 3, 19] [7, 3, 8, -6]
[-16, -25, -13, 6] [15, 0, -18, 0] [0, -1, -43, -34] [41, 12, -89, 5] [11, -11, -21, 34] [-2, 26, -10, 1] [-33, -73, -13, 20]
[22, 22, 16, 0] [-2, 3, -9, -7] [17, 5, 19, -17] [-9, 9, -28, 13] [14, 1, -20, -6] [23, -9, -22, 8] [27, 3, 19, 19]
[-10, -6, -2, -14] [-7, -2, -20, -11] [-11, 11, 20, 1] [-14, 14, -40, -8] [30, 19, -9, 25] [33, -28, -40, 12] [-7, 7, 9, -6]
Food (up, right, down, left):
[23, 20, 6, 12] [-11, 9, 4, -28] [32, -16, 3, 22] [-18, -3, 36, 21] [-4, 12, 32, -11] [-12, -16, -15, -28] [-29, 20, -11, -8]
[-60, -8, -29, -17] [4, 0, -18, -21] [-9, 11, 22, 36] [-8, 15, -33, 22] [31, 16, -5, -37] [34, -3, -33, 22] [19, 4, 22, 13]
[-14, 3, 26, -34] [5, 2, 3, 34] [-50, -31, -32, 39] [45, -40, 20, 3] [-8, -3, 4, -27] [-1, 11, -47, -27] [28, 30, 10, 28]
[28, 11, 10, 52] [-6, -10, -26, 22] [11, -11, -31, -21] [0, 0, 0, 0] [-19, 61, -30, -4] [-20, -13, -24, -1] [-18, 36, -26, 13]
[-4, 5, -6, 17] [3, 9, 6, 14] [21, -7, 36, 10] [-6, -23, 16, -18] [9, -3, 6, -30] [-6, 41, 23, 25] [4, -16, 0, -25]
[9, -9, 6, -1] [4, 14, 11, 0] [8, 6, 13, 15] [-24, -26, 35, -30] [-35, -26, -3, -43] [-12, 31, -9, 22] [3, 35, -8, 23]
[3, 1, -22, -24] [22, 4, -5, -54] [15, 22, 6, -17] [1, 19, 43, -46] [40, 24, -2, -9] [17, 30, 12, -6] [21, -27, 28, -22]
------------------------------
ALIVE
Head: (23 36)
Body: (23 36) (22 36) (21 36) (20 36) (19 36) (18 36) (17 36) (16 36) (15 36) (15 35) (15 34) (16 34) 
Length: 12, 4
Vision: 3
Hungry, suplies: 10/10
Reproductive: 16, mutating: 0.25
Generation: 38463
####################################
Wall (up, right, down, left):
[19, -6, -4, 2] [-2, 1, 1, 4] [-18, 9, 7, -8] [15, -2, 28, 12] [-23, 0, 31, -11] [1, -7, -5, -10] [-17, -14, -21, -21]
[-28, -16, 29, -7] [4, 24, -6, 2] [-17, 7, 1, -3] [-21, 12, 11, 6] [20, 7, 8, -3] [-19, -33, 18, 10] [-10, 1, -4, 7]
[-4, 0, 32, 3] [2, 27, -20, -3] [-24, -2, 48, -8] [-75, 27, 45, 26] [-41, -33, -23, 22] [-20, -19, -6, 15] [-32, -8, -10, -20]
[3, 35, -5, -39] [12, 5, 14, -26] [-11, 34, 1, -98] [0, 0, 0, 0] [48, -86, 41, 4] [16, -2, 7, 19] [7, 3, 8, -6]
[-16, -25, -13, 6] [15, 0, -18, 0] [0, -1, -43, -34] [41, 12, -89, 5] [11, -11, -21, 34] [-2, 26, -10, 1] [-33, -73, -13, 20]
[22, 19, 16, 0] [-2, 3, -9, -12] [17, 5, 19, -12] [-9, 9, -28, 13] [14, -2, -20, -6] [23, -12, -22, 8] [27, 3, 19, 19]
[-10, -6, -5, -14] [-7, -2, -20, -11] [-12, 8, 20, 0] [-14, 14, -40, -8] [30, 19, -9, 25] [33, -28, -40, 12] [-12, 6, 7, -6]
Food (up, right, down, left):
[23, 20, 6, 12] [-11, 9, 4, -28] [32, -16, 3, 22] [-17, -3, 36, 21] [-4, 12, 32, -11] [-12, -16, -15, -28] [-29, 20, -11, -8]
[-60, -8, -29, -17] [4, 0, -18, -21] [-9, 11, 22, 37] [-8, 15, -33, 22] [31, 16, -5, -37] [34, -3, -33, 22] [19, 8, 22, 17]
[-14, 3, 26, -34] [5, 2, 3, 34] [-50, -31, -32, 39] [45, -40, 20, 3] [-7, -3, 4, -27] [-1, 11, -44, -27] [28, 28, 10, 28]
[28, 11, 10, 52] [-6, -10, -26, 22] [12, -11, -31, -21] [0, 0, 0, 0] [-19, 62, -30, -4] [-16, -13, -24, -1] [-18, 36, -26, 13]
[-4, 5, -6, 17] [3, 9, 6, 14] [21, -7, 36, 10] [-6, -23, 16, -18] [9, -3, 6, -30] [-6, 41, 23, 25] [4, -16, 0, -25]
[9, -13, 6, -1] [4, 13, 11, 0] [8, 2, 13, 15] [-24, -26, 35, -30] [-35, -26, -3, -41] [-12, 31, -5, 22] [3, 35, -8, 23]
[3, 1, -20, -24] [22, 4, -5, -54] [20, 25, 6, -19] [1, 19, 43, -46] [40, 24, -2, -9] [17, 30, 12, -6] [26, -27, 25, -19]
------------------------------
ALIVE
Head: (22 40)
Body: (22 40) (22 39) (22 38) (22 37) (21 37) (20 37) (19 37) (18 37) (17 37) (16 37) (15 37) 
Length: 11, 4
Vision: 3
Hungry, suplies: 8/10
Reproductive: 16, mutating: 0.25
Generation: 38462
####################################
Wall (up, right, down, left):
[19, -6, -4, 2] [-2, 1, 1, 4] [-18, 9, 7, -8] [15, -2, 28, 12] [-23, 0, 31, -11] [1, -7, -2, -10] [-17, -12, -21, -21]
[-28, -16, 29, -7] [4, 24, -6, 2] [-17, 7, 1, -3] [-21, 12, 11, 6] [20, 7, 8, -3] [-19, -33, 18, 10] [-10, 1, -4, 7]
[-4, 0, 32, 3] [2, 27, -20, -3] [-24, -2, 48, -8] [-75, 27, 45, 26] [-41, -33, -23, 22] [-20, -19, -6, 15] [-32, -8, -10, -20]
[3, 35, -5, -39] [12, 5, 14, -26] [-11, 34, 1, -98] [0, 0, 0, 0] [48, -86, 41, 4] [16, -2, 9, 19] [7, 3, 8, -6]
[-16, -25, -13, 7] [15, 0, -18, 0] [0, -1, -43, -34] [41, 12, -89, 5] [11, -11, -21, 34] [-2, 26, -10, 1] [-33, -73, -13, 20]
[22, 19, 16, 0] [-2, 3, -9, -12] [17, 5, 19, -10] [-9, 9, -28, 13] [14, -2, -20, -6] [23, -12, -22, 8] [27, 3, 19, 19]
[-10, -6, -2, -14] [-7, -2, -20, -11] [-12, 8, 20, 1] [-14, 14, -40, -8] [30, 19, -9, 25] [33, -28, -40, 12] [-12, 6, 9, -6]
Food (up, right, down, left):
[23, 20, 6, 12] [-11, 9, 4, -28] [32, -16, 3, 22] [-17, -3, 36, 21] [-4, 12, 32, -11] [-12, -16, -15, -28] [-28, 20, -11, -8]
[-60, -8, -29, -17] [4, 0, -18, -21] [-9, 11, 22, 37] [-8, 15, -33, 22] [31, 16, -5, -37] [34, -3, -33, 22] [19, 8, 22, 17]
[-14, 3, 26, -34] [5, 2, 3, 34] [-50, -31, -32, 39] [45, -40, 20, 3] [-7, -3, 4, -27] [-1, 11, -44, -27] [28, 28, 10, 28]
[28, 11, 10, 52] [-6, -10, -26, 22] [12, -11, -31, -21] [0, 0, 0, 0] [-19, 62, -30, -4] [-15, -13, -24, -1] [-18, 36, -26, 13]
[-4, 9, -6, 17] [3, 9, 6, 14] [21, -7, 36, 10] [-6, -23, 16, -18] [9, -3, 6, -30] [-6, 41, 23, 25] [4, -16, 0, -25]
[9, -13, 6, -1] [4, 13, 11, 0] [8, 2, 13, 14] [-24, -26, 35, -30] [-35, -26, -3, -41] [-12, 31, -5, 22] [3, 35, -8, 23]
[3, 1, -22, -24] [22, 4, -5, -54] [20, 25, 6, -17] [1, 19, 43, -46] [40, 24, -2, -9] [17, 30, 12, -6] [26, -27, 28, -19]
------------------------------
ALIVE
Head: (20 7)
Body: (20 7) (20 8) (20 9) (19 9) (19 10) (20 10) (21 10) (21 9) (22 9) (22 8) (22 7) (23 7) (24 7) 
Length: 13, 4
Vision: 3
Hungry, suplies: 1/10
Reproductive: 16, mutating: 0.25
Generation: 38461
####################################
Wall (up, right, down, left):
[19, -6, -4, 2] [-2, 1, 1, 4] [-18, 9, 7, -8] [15, -2, 28, 12] [-23, 0, 31, -11] [1, -7, -2, -10] [-17, -14, -21, -21]
[-28, -16, 29, -7] [4, 24, -6, 2] [-17, 7, 1, -3] [-21, 12, 11, 6] [20, 7, 8, -3] [-19, -33, 18, 10] [-10, 1, -1, 6]
[-4, 0, 32, 3] [2, 27, -20, -3] [-24, -2, 48, -8] [-75, 27, 45, 21] [-41, -33, -24, 18] [-18, -19, -6, 15] [-27, -8, -10, -20]
[3, 35, -5, -39] [12, 5, 14, -26] [-11, 34, 1, -95] [0, 0, 0, 0] [48, -86, 41, 4] [16, -2, 3, 19] [7, 3, 8, -6]
[-16, -25, -13, 6] [15, 0, -18, 0] [0, -1, -43, -34] [41, 12, -89, 5] [11, -11, -21, 34] [-2, 26, -10, 1] [-33, -73, -13, 20]
[22, 22, 16, 0] [-2, 3, -9, -7] [17, 5, 19, -17] [-9, 9, -28, 13] [14, 1, -20, -5] [23, -9, -22, 8] [27, 3, 19, 19]
[-10, -6, -2, -14] [-7, -2, -20, -11] [-12, 11, 20, 1] [-14, 14, -40, -8] [30, 19, -9, 25] [33, -28, -40, 12] [-12, 6, 9, -6]
Food (up, right, down, left):
[23, 20, 6, 12] [-11, 9, 4, -28] [32, -16, 3, 22] [-17, -3, 36, 21] [-4, 12, 32, -11] [-12, -16, -15, -28] [-29, 20, -11, -8]
[-60, -8, -29, -17] [4, 0, -18, -21] [-9, 11, 22, 37] [-8, 15, -33, 22] [31, 16, -5, -37] [34, -3, -33, 22] [19, 4, 22, 13]
[-14, 3, 26, -34] [5, 2, 3, 34] [-54, -31, -32, 39] [45, -40, 20, 3] [-13, -3, 4, -27] [-1, 11, -47, -27] [28, 30, 10, 28]
[28, 11, 10, 52] [-6, -10, -26, 22] [11, -11, -31, -21] [0, 0, 0, 0] [-19, 62, -30, -4] [-20, -13, -24, -1] [-18, 36, -26, 13]
[-4, 5, -6, 17] [3, 9, 6, 14] [21, -7, 36, 10] [-6, -23, 16, -18] [9, -3, 6, -30] [-6, 41, 23, 25] [4, -16, 0, -25]
[9, -9, 6, -1] [4, 14, 11, 0] [8, 6, 13, 15] [-24, -26, 35, -30] [-35, -26, -3, -39] [-12, 31, -9, 22] [3, 35, -8, 23]
[3, 1, -22, -24] [22, 4, -5, -54] [15, 25, 6, -17] [1, 19, 43, -46] [40, 24, -2, -9] [17, 30, 12, -6] [26, -27, 28, -19]
------------------------------
ALIVE
Head: (9 0)
Body: (9 0) (9 1) (10 1) (11 1) (11 2) (10 2) (10 3) (10 4) (9 4) (8 4) (8 3) (8 2) 
Length: 12, 4
Vision: 3
Hungry, suplies: 9/10
Reproductive: 16, mutating: 0.25
Generation: 38456
####################################
Wall (up, right, down, left):
[19, -9, -4, 2] [-2, 1, 1, 4] [-18, 9, 7, -8] [15, -2, 28, 12] [-23, 0, 31, -11] [1, -7, -2, -10] [-17, -14, -21, -21]
[-28, -16, 29, -7] [4, 24, -6, 2] [-17, 7, 1, -3] [-21, 12, 11, 6] [20, 7, 8, -3] [-19, -33, 18, 10] [-10, 1, -1, 6]
[-4, 0, 32, 3] [2, 27, -23, -3] [-24, -2, 48, -8] [-75, 27, 45, 21] [-41, -33, -24, 22] [-18, -19, -6, 15] [-27, -8, -10, -20]
[3, 35, -5, -39] [12, 5, 14, -26] [-11, 34, 1, -95] [0, 0, 0, 0] [48, -86, 41, 4] [16, -2, 3, 19] [7, 3, 8, -6]
[-16, -25, -13, 6] [15, 0, -18, 0] [0, -1, -38, -34] [41, 12, -89, 5] [11, -11, -21, 34] [-2, 26, -7, 5] [-33, -73, -13, 20]
[22, 22, 16, 0] [-2, 3, -9, -7] [17, 5, 19, -17] [-9, 9, -28, 13] [14, 1, -20, -6] [23, -9, -22, 8] [27, 3, 19, 19]
[-10, -6, -2, -17] [-7, -2, -20, -11] [-12, 11, 20, 1] [-14, 14, -40, -8] [30, 19, -9, 25] [33, -28, -40, 12] [-12, 6, 9, -6]
Food (up, right, down, left):
[20, 20, 6, 12] [-11, 9, 4, -28] [32, -16, 3, 22] [-17, -3, 36, 21] [-4, 12, 32, -11] [-12, -16, -15, -28] [-29, 20, -11, -8]
[-60, -8, -29, -17] [4, 0, -18, -21] [-9, 11, 22, 37] [-8, 15, -33, 22] [31, 16, -8, -37] [34, -3, -33, 22] [19, 4, 22, 13]
[-14, 3, 26, -34] [7, 2, 3, 34] [-50, -31, -32, 39] [45, -40, 20, 3] [-8, -3, 4, -27] [-1, 11, -47, -27] [28, 30, 10, 28]
[28, 11, 10, 52] [-6, -10, -26, 22] [11, -11, -31, -21] [0, 0, 0, 0] [-19, 62, -30, -4] [-20, -13, -24, -1] [-18, 36, -26, 13]
[-4, 5, -6, 17] [3, 9, 6, 14] [16, -7, 36, 10] [-6, -23, 16, -18] [9, -3, 6, -30] [2, 41, 23, 25] [4, -16, 0, -25]
[9, -9, 6, -1] [4, 14, 11, 0] [8, 6, 13, 15] [-24, -26, 35, -30] [-35, -26, -3, -43] [-12, 31, -9, 22] [3, 35, -8, 23]
[3, 0, -22, -24] [22, 4, -5, -54] [15, 25, 6, -17] [1, 19, 43, -46] [40, 24, -2, -9] [17, 30, 12, -6] [26, -27, 28, -19]
------------------------------
DEAD: Wall
Head: (8 28)
Body: (8 28) (8 27) (8 26) (8 25) (8 24) (8 23) (8 22) (8 21) (7 21) 
Length: 9, 4
Vision: 3
Hungry, suplies: 7/10
Reproductive: 16, mutating: 0.25
Generation: 38463
####################################
Wall (up, right, down, left):
[19, -6, -4, 2] [-2, 1, 1, 4] [-18, 9, 7, -8] [15, -2, 28, 12] [-23, 0, 31, -11] [1, -7, -2, -10] [-17, -14, -21, -21]
[-28, -16, 29, -7] [4, 24, -6, 2] [-17, 7, 1, -3] [-21, 12, 11, 6] [20, 7, 8, -3] [-19, -33, 18, 10] [-10, 1, -1, 6]
[-4, 0, 32, 3] [2, 27, -20, -3] [-24, -2, 48, -8] [-75, 27, 45, 21] [-41, -33, -24, 22] [-18, -19, -6, 15] [-27, -8, -10, -20]
[3, 35, -5, -39] [12, 5, 14, -26] [-11, 34, 1, -95] [0, 0, 0, 0] [48, -86, 41, 4] [16, -2, 3, 19] [7, 3, 8, -6]
[-16, -21, -13, 6] [15, 0, -18, 0] [0, -1, -43, -34] [41, 12, -89, 5] [11, -11, -21, 34] [-2, 26, -10, 1] [-33, -73, -13, 20]
[22, 22, 16, 0] [-2, 3, -9, -7] [17, 5, 19, -17] [-9, 9, -28, 13] [14, 1, -20, -6] [23, -9, -22, 8] [27, 3, 19, 19]
[-10, -6, -2, -14] [-7, -2, -20, -11] [-12, 11, 20, 1] [-14, 14, -40, -8] [30, 19, -9, 25] [33, -28, -40, 12] [-12, 6, 9, -6]
Food (up, right, down, left):
[23, 20, 6, 12] [-11, 9, 4, -28] [32, -16, 3, 22] [-17, -3, 36, 21] [-4, 12, 32, -11] [-12, -16, -15, -28] [-29, 20, -11, -8]
[-60, -8, -29, -17] [4, 0, -18, -21] [-9, 11, 22, 37] [-8, 15, -33, 22] [31, 16, -5, -37] [34, -3, -33, 22] [19, 4, 22, 13]
[-14, 3, 26, -34] [5, 2, 3, 34] [-50, -31, -32, 39] [45, -40, 20, 3] [-8, -3, 4, -27] [-1, 11, -47, -27] [28, 30, 10, 28]
[28, 11, 10, 52] [-6, -10, -26, 22] [11, -11, -31, -21] [0, 0, 0, 0] [-19, 62, -30, -4] [-20, -13, -24, -1] [-18, 36, -26, 13]
[-1, 5, -6, 17] [3, 9, 6, 14] [21, -7, 36, 10] [-6, -23, 16, -18] [9, -3, 6, -30] [-6, 41, 23, 25] [4, -16, 0, -25]
[9, -9, 6, -1] [4, 14, 11, 0] [8, 6, 13, 15] [-24, -26, 35, -30] [-35, -26, -3, -43] [-12, 31, -9, 22] [3, 35, -8, 23]
[3, 1, -22, -24] [22, 4, -5, -54] [15, 25, 6, -17] [1, 19, 43, -46] [40, 24, -2, -9] [17, 30, 12, -6] [26, -27, 28, -19]
------------------------------
ALIVE
Head: (1 13)
Body: (1 13) (1 14) (2 14) (3 14) (3 13) (3 12) (2 12) (1 12) (25 12) (24 12) (23 12) (22 12) (21 12) (20 12) (19 12) 
Length: 15, 4
Vision: 3
Hungry, suplies: 3/10
Reproductive: 16, mutating: 0.25
Generation: 38457
####################################
Wall (up, right, down, left):
[19, -6, -4, 2] [-2, 1, 1, 4] [-18, 9, 7, -8] [15, -2, 28, 10] [-23, 0, 31, -11] [1, -7, -2, -10] [-17, -14, -21, -21]
[-28, -16, 29, -7] [4, 24, -6, 2] [-17, 7, 1, -3] [-21, 12, 11, 6] [20, 7, 8, -3] [-19, -33, 18, 10] [-10, 1, -1, 6]
[-4, 0, 32, 3] [2, 27, -20, -3] [-24, -2, 48, -8] [-75, 27, 45, 21] [-41, -33, -24, 22] [-18, -19, -6, 15] [-27, -8, -10, -20]
[3, 35, -5, -39] [12, 5, 14, -26] [-11, 34, 1, -95] [0, 0, 0, 0] [48, -86, 41, 4] [16, -2, 3, 19] [7, 3, 8, -6]
[-16, -21, -13, 6] [15, 0, -18, 0] [0, -1, -43, -34] [41, 12, -89, 5] [11, -11, -21, 34] [-2, 26, -10, 1] [-33, -73, -13, 20]
[22, 22, 16, 0] [-2, 3, -9, -7] [17, 5, 19, -17] [-9, 9, -28, 13] [14, 1, -20, -6] [23, -9, -22, 8] [27, 3, 19, 19]
[-10, -6, -2, -14] [-7, -2, -20, -11] [-12, 11, 20, 1] [-14, 14, -40, -8] [30, 19, -9, 25] [33, -28, -40, 12] [-12, 6, 9, -6]
Food (up, right, down, left):
[23, 20, 6, 12] [-11, 9, 4, -28] [32, -16, 3, 22] [-17, -3, 36, 23] [-4, 12, 32, -11] [-12, -16, -15, -28] [-29, 20, -11, -8]
[-60, -8, -29, -17] [4, 0, -18, -21] [-9, 11, 22, 37] [-8, 15, -33, 22] [31, 16, -5, -37] [34, -3, -33, 22] [19, 4, 22, 13]
[-14, 3, 26, -34] [5, 2, 3, 34] [-50, -31, -32, 39] [45, -40, 20, 3] [-8, -3, 4, -27] [-1, 11, -47, -27] [28, 30, 10, 28]
[28, 11, 10, 52] [-6, -10, -26, 22] [11, -11, -31, -21] [0, 0, 0, 0] [-19, 62, -30, -4] [-20, -13, -24, -1] [-18, 36, -26, 13]
[-1, 5, -6, 17] [3, 9, 6, 14] [21, -7, 36, 10] [-6, -23, 16, -18] [9, -3, 6, -30] [-6, 41, 23, 25] [4, -16, 0, -25]
[9, -9, 6, -1] [4, 14, 11, 0] [8, 6, 13, 15] [-24, -26, 35, -30] [-35, -26, -3, -43] [-12, 31, -9, 22] [3, 35, -8, 23]
[3, 1, -22, -24] [22, 4, -5, -54] [15, 25, 6, -17] [1, 19, 43, -46] [40, 24, -2, -9] [17, 30, 12, -6] [26, -27, 28, -19]
------------------------------
ALIVE
Head: (6 4)
Body: (6 4) (6 5) (5 5) (4 5) (4 4) (4 3) (4 2) (4 1) (4 0) (3 57) (3 56) (4 56) (5 56) 
Length: 13, 4
Vision: 3
Hungry, suplies: 9/10
Reproductive: 16, mutating: 0.25
Generation: 38459
####################################
Wall (up, right, down, left):
[19, -6, -4, 2] [-2, 1, 1, 4] [-18, 9, 7, -8] [15, -5, 28, 12] [-23, 0, 31, -11] [1, -7, -2, -10] [-17, -14, -21, -21]
[-28, -16, 29, -7] [4, 24, -6, 2] [-17, 7, 1, -3] [-21, 12, 11, 6] [20, 7, 8, -3] [-19, -33, 18, 10] [-10, 1, -1, 6]
[-4, 0, 32, 3] [2, 27, -20, -3] [-24, -2, 48, -8] [-75, 27, 45, 21] [-41, -33, -24, 22] [-18, -19, -6, 15] [-27, -8, -10, -20]
[3, 35, -5, -39] [12, 5, 14, -26] [-11, 34, 1, -95] [0, 0, 0, 0] [48, -86, 41, 1] [16, -2, 3, 19] [7, 3, 8, -6]
[-16, -25, -13, 6] [15, 0, -18, 0] [0, -1, -43, -34] [41, 12, -89, 5] [11, -11, -21, 34] [-2, 26, -10, 1] [-33, -73, -13, 20]
[22, 27, 16, 0] [-2, 3, -9, -7] [17, 5, 19, -17] [-9, 9, -28, 13] [14, 1, -20, -6] [23, -9, -22, 8] [27, 3, 19, 19]
[-10, -6, -2, -14] [-7, -2, -20, -11] [-12, 11, 20, 1] [-14, 14, -40, -8] [30, 19, -9, 25] [33, -28, -40, 12] [-7, 6, 9, -6]
Food (up, right, down, left):
[23, 20, 6, 12] [-11, 9, 4, -28] [32, -16, 3, 22] [-18, -3, 36, 21] [-4, 12, 32, -11] [-12, -16, -15, -28] [-29, 20, -11, -8]
[-60, -8, -29, -17] [4, 0, -18, -21] [-9, 11, 22, 37] [-8, 15, -33, 22] [31, 16, -5, -37] [34, -3, -33, 22] [19, 4, 22, 13]
[-14, 3, 26, -34] [5, 2, 3, 34] [-50, -31, -32, 39] [45, -40, 20, 3] [-8, -3, 4, -27] [-1, 11, -47, -27] [28, 30, 10, 28]
[28, 11, 10, 52] [-6, -10, -26, 22] [11, -11, -31, -21] [0, 0, 0, 0] [-19, 61, -30, -4] [-20, -13, -24, -1] [-18, 36, -26, 13]
[-4, 5, -6, 17] [3, 9, 6, 14] [21, -7, 36, 10] [-6, -23, 16, -18] [9, -3, 6, -30] [-6, 41, 23, 25] [4, -16, 0, -25]
[4, -9, 6, -1] [4, 14, 11, 0] [8, 6, 13, 15] [-24, -26, 35, -30] [-35, -26, -3, -43] [-12, 31, -9, 22] [3, 35, -8, 23]
[3, 1, -22, -24] [22, 4, -5, -54] [15, 25, 6, -17] [1, 19, 43, -46] [40, 24, -2, -9] [17, 30, 12, -6] [21, -27, 28, -19]
------------------------------
ALIVE
Head: (24 54)
Body: (24 54) (24 53) (-1 52) (0 52) (0 51) (25 50) (24 50) (23 50) (23 49) (22 49) (22 48) (22 47) 
Length: 12, 4
Vision: 3
Hungry, suplies: 9/10
Reproductive: 16, mutating: 0.25
Generation: 38460
####################################
Wall (up, right, down, left):
[19, -6, -4, 2] [-2, 1, 1, 4] [-18, 9, 7, -8] [15, -2, 28, 12] [-23, 0, 31, -11] [1, -7, -2, -10] [-17, -14, -21, -21]
[-28, -16, 29, -7] [4, 24, -6, 2] [-17, 7, 1, -3] [-21, 12, 11, 6] [20, 7, 8, -3] [-19, -33, 18, 10] [-10, 1, -1, 6]
[-4, 0, 32, 3] [2, 27, -20, -3] [-24, -2, 48, -8] [-75, 27, 45, 21] [-41, -33, -24, 18] [-18, -19, -6, 15] [-27, -8, -10, -20]
[3, 35, -5, -39] [12, 5, 14, -26] [-11, 34, 1, -95] [0, 0, 0, 0] [48, -86, 41, 4] [16, -2, 3, 19] [7, 3, 8, -6]
[-16, -25, -13, 6] [15, 0, -18, 0] [0, -1, -43, -34] [41, 12, -89, 5] [11, -11, -21, 34] [-2, 26, -10, 1] [-33, -73, -13, 20]
[22, 22, 16, 0] [-2, 3, -9, -7] [17, 5, 19, -17] [-9, 9, -28, 13] [14, 1, -20, -5] [23, -9, -22, 8] [27, 3, 19, 19]
[-10, -6, -2, -14] [-7, -2, -20, -11] [-12, 11, 20, 1] [-14, 14, -40, -8] [30, 19, -9, 25] [33, -28, -40, 12] [-12, 6, 9, -6]
Food (up, right, down, left):
[23, 20, 6, 12] [-11, 9, 4, -28] [32, -16, 3, 22] [-17, -3, 36, 21] [-4, 12, 32, -11] [-12, -16, -15, -28] [-29, 20, -11, -8]
[-60, -8, -29, -17] [4, 0, -18, -21] [-9, 11, 22, 37] [-8, 15, -33, 22] [31, 16, -5, -37] [34, -3, -33, 22] [19, 4, 22, 13]
[-14, 3, 26, -34] [5, 2, 3, 34] [-54, -31, -32, 39] [45, -40, 20, 3] [-13, -3, 4, -27] [-1, 11, -47, -27] [28, 30, 10, 28]
[28, 11, 10, 52] [-6, -10, -26, 22] [11, -11, -31, -21] [0, 0, 0, 0] [-19, 62, -30, -4] [-20, -13, -24, -1] [-18, 36, -26, 13]
[-4, 5, -6, 17] [3, 9, 6, 14] [21, -7, 36, 10] [-6, -23, 16, -18] [9, -3, 6, -30] [-6, 41, 23, 25] [4, -16, 0, -25]
[9, -9, 6, -1] [4, 14, 11, 0] [8, 6, 13, 15] [-24, -26, 35, -30] [-35, -26, -3, -39] [-12, 31, -9, 22] [3, 35, -8, 23]
[3, 1, -22, -24] [22, 4, -5, -54] [15, 25, 6, -17] [1, 19, 43, -46] [40, 24, -2, -9] [17, 30, 12, -6] [26, -27, 28, -19]
------------------------------
ALIVE
Head: (9 52)
Body: (9 52) (8 52) (7 52) (6 52) (5 52) (5 53) (4 53) (3 53) (3 52) (3 51) 
Length: 10, 4
Vision: 3
Hungry, suplies: 4/10
Reproductive: 16, mutating: 0.25
Generation: 38457
####################################
Wall (up, right, down, left):
[19, -6, -4, 2] [-2, 1, 1, 4] [-18, 9, 7, -8] [15, -2, 28, 12] [-23, 0, 31, -11] [1, -7, -2, -10] [-17, -14, -21, -21]
[-28, -16, 29, -7] [4, 24, -6, 2] [-17, 7, 1, -3] [-21, 12, 11, 6] [20, 7, 8, -3] [-19, -33, 18, 10] [-10, 1, -4, 7]
[-4, 0, 32, 3] [2, 27, -20, -3] [-24, -2, 48, -8] [-75, 27, 45, 26] [-41, -33, -23, 22] [-20, -19, -6, 15] [-32, -8, -10, -20]
[3, 35, -5, -39] [12, 5, 14, -26] [-11, 34, 1, -98] [0, 0, 0, 0] [48, -86, 41, 4] [16, -2, 7, 19] [7, 3, 8, -6]
[-16, -25, -13, 6] [15, 0, -18, 0] [0, -1, -43, -34] [41, 12, -89, 5] [11, -11, -21, 34] [-2, 26, -10, 1] [-33, -73, -13, 20]
[22, 19, 16, 0] [-2, 3, -9, -12] [17, 5, 19, -12] [-9, 9, -28, 13] [14, -2, -20, -6] [23, -12, -22, 8] [27, 3, 19, 19]
[-10, -6, -5, -14] [-7, -2, -20, -11] [-12, 8, 20, 0] [-14, 14, -40, -8] [30, 19, -9, 25] [33, -28, -40, 12] [-12, 6, 7, -6]
Food (up, right, down, left):
[23, 20, 6, 12] [-11, 9, 4, -28] [32, -16, 3, 22] [-17, -3, 36, 21] [-4, 12, 32, -11] [-12, -16, -15, -28] [-29, 20, -11, -8]
[-60, -8, -29, -17] [4, 0, -18, -21] [-9, 11, 22, 37] [-8, 15, -33, 22] [31, 16, -5, -37] [34, -3, -33, 22] [19, 8, 22, 17]
[-14, 3, 26, -34] [5, 2, 3, 34] [-50, -31, -32, 39] [45, -40, 20, 3] [-7, -3, 4, -27] [-1, 11, -44, -27] [28, 28, 10, 28]
[28, 11, 10, 52] [-6, -10, -26, 22] [12, -11, -31, -21] [0, 0, 0, 0] [-19, 62, -30, -4] [-16, -13, -24, -1] [-18, 36, -26, 13]
[-4, 5, -6, 17] [3, 9, 6, 14] [21, -7, 36, 10] [-6, -23, 16, -18] [9, -3, 6, -30] [-6, 41, 23, 25] [4, -16, 0, -25]
[9, -13, 6, -1] [4, 13, 11, 0] [8, 2, 13, 15] [-24, -26, 35, -30] [-35, -26, -3, -41] [-12, 31, -5, 22] [3, 35, -8, 23]
[3, 1, -20, -24] [22, 4, -5, -54] [20, 25, 6, -19] [1, 19, 43, -46] [40, 24, -2, -9] [17, 30, 12, -6] [26, -27, 25, -19]
------------------------------
ALIVE
Head: (0 1)
Body: (0 1) (0 57) (0 56) (0 55) (0 54) (0 53) (1 53) (2 53) (2 52) (2 51) (2 50) (2 49) 
Length: 12, 4
Vision: 3
Hungry, suplies: 2/10
Reproductive: 16, mutating: 0.25
Generation: 38461
####################################
Wall (up, right, down, left):
[19, -9, -4, 2] [-2, 1, 1, 4] [-18, 9, 7, -8] [15, -2, 28, 12] [-23, 0, 31, -11] [1, -7, -2, -10] [-17, -14, -21, -21]
[-28, -16, 29, -7] [4, 24, -6, 2] [-17, 7, 1, -3] [-21, 12, 11, 6] [20, 7, 8, -3] [-19, -33, 18, 10] [-10, 1, -1, 6]
[-4, 0, 32, 3] [2, 27, -20, -3] [-24, -2, 48, -8] [-75, 27, 45, 21] [-41, -33, -24, 22] [-18, -19, -6, 15] [-27, -8, -10, -20]
[3, 35, -5, -39] [12, 5, 14, -26] [-11, 34, 1, -95] [0, 0, 0, 0] [48, -86, 41, 4] [16, -2, 3, 19] [7, 3, 8, -6]
[-16, -25, -13, 6] [15, 0, -18, 0] [0, -1, -38, -34] [41, 12, -89, 5] [11, -11, -21, 34] [-2, 26, -7, 5] [-33, -73, -13, 20]
[22, 22, 16, 0] [-2, 3, -9, -7] [17, 5, 19, -17] [-9, 9, -28, 13] [14, 1, -20, -6] [27, -9, -22, 8] [27, 3, 19, 19]
[-10, -6, -2, -17] [-7, -2, -20, -11] [-12, 11, 20, 1] [-14, 14, -40, -8] [30, 19, -9, 25] [33, -28, -40, 12] [-12, 6, 9, -6]
Food (up, right, down, left):
[20, 20, 6, 12] [-11, 9, 4, -28] [32, -16, 3, 22] [-17, -3, 36, 21] [-4, 12, 32, -11] [-12, -16, -15, -28] [-29, 20, -11, -8]
[-60, -8, -29, -17] [4, 0, -18, -21] [-9, 11, 22, 37] [-8, 15, -33, 22] [31, 16, -8, -37] [34, -3, -33, 22] [19, 4, 22, 13]
[-14, 3, 26, -34] [5, 2, 3, 34] [-50, -31, -32, 39] [45, -40, 20, 3] [-8, -3, 4, -27] [-1, 11, -47, -27] [28, 30, 10, 28]
[28, 11, 10, 52] [-6, -10, -26, 22] [11, -11, -31, -21] [0, 0, 0, 0] [-19, 62, -30, -4] [-20, -13, -24, -1] [-18, 36, -26, 13]
[-4, 5, -6, 17] [3, 9, 6, 14] [16, -7, 36, 10] [-6, -23, 16, -18] [9, -3, 6, -30] [2, 41, 23, 25] [4, -16, 0, -25]
[9, -9, 6, -1] [4, 14, 11, 0] [8, 6, 13, 15] [-24, -26, 35, -30] [-35, -26, -3, -43] [-14, 31, -9, 22] [3, 35, -8, 23]
[3, 0, -22, -24] [22, 4, -5, -54] [15, 25, 6, -17] [1, 19, 43, -46] [40, 24, -2, -9] [17, 30, 12, -6] [26, -27, 28, -19]
------------------------------
ALIVE
Head: (21 33)
Body: (21 33) (20 33) (19 33) (18 33) (17 33) (16 33) (15 33) (14 33) (14 32) (15 32) (16 32) (16 31) 
Length: 12, 4
Vision: 3
Hungry, suplies: 7/10
Reproductive: 16, mutating: 0.25
Generation: 38464
####################################
Wall (up, right, down, left):
[19, -6, -4, 2] [-2, 1, 1, 4] [-18, 9, 7, -8] [15, -2, 28, 12] [-23, 0, 31, -11] [1, -7, -2, -10] [-17, -14, -21, -21]
[-28, -16, 29, -7] [4, 24, -6, 2] [-17, 7, 1, -3] [-21, 12, 11, 6] [20, 7, 8, -3] [-19, -33, 18, 10] [-10, 1, -4, 7]
[-4, 0, 32, 3] [2, 27, -20, -3] [-24, -2, 48, -8] [-75, 27, 45, 26] [-41, -33, -23, 22] [-20, -19, -6, 15] [-32, -8, -10, -20]
[3, 35, -5, -39] [12, 5, 14, -26] [-11, 34, 1, -98] [0, 0, 0, 0] [48, -86, 41, 4] [16, -2, 7, 19] [7, 3, 8, -6]
[-16, -25, -13, 6] [15, 0, -18, 0] [0, -1, -43, -34] [41, 12, -89, 5] [11, -11, -21, 34] [-2, 26, -10, 1] [-33, -73, -13, 20]
[22, 19, 16, 0] [-2, 3, -9, -12] [17, 5, 19, -12] [-9, 9, -28, 13] [14, -2, -20, -6] [23, -12, -22, 8] [27, 3, 19, 19]
[-10, -6, -5, -14] [-7, -2, -20, -11] [-12, 8, 20, 0] [-14, 14, -40, -8] [30, 19, -9, 25] [33, -28, -40, 12] [-12, 6, 7, -6]
Food (up, right, down, left):
[23, 20, 6, 12] [-11, 9, 4, -28] [32, -16, 3, 22] [-17, -3, 36, 21] [-4, 12, 32, -11] [-12, -16, -15, -28] [-29, 20, -11, -8]
[-60, -8, -29, -17] [4, 0, -18, -21] [-9, 11, 22, 37] [-8, 15, -33, 22] [31, 16, -5, -37] [34, -3, -33, 22] [19, 8, 22, 17]
[-14, 3, 26, -34] [5, 2, 3, 34] [-50, -31, -32, 39] [45, -40, 20, 3] [-7, -3, 4, -27] [-1, 11, -44, -27] [28, 28, 10, 28]
[28, 11, 10, 52] [-6, -10, -26, 22] [12, -11, -31, -21] [0, 0, 0, 0] [-19, 62, -30, -4] [-16, -13, -24, -1] [-18, 36, -26, 13]
[-4, 5, -6, 17] [3, 9, 6, 14] [21, -7, 36, 10] [-6, -23, 16, -18] [9, -3, 6, -30] [-6, 41, 23, 25] [4, -16, 0, -25]
[9, -13, 6, -1] [4, 13, 11, 0] [8, 2, 13, 15] [-24, -26, 35, -30] [-35, -26, -3, -41] [-12, 31, -5, 22] [3, 35, -8, 23]
[3, 1, -20, -24] [22, 4, -5, -54] [20, 25, 6, -19] [1, 19, 43, -46] [40, 24, -2, -9] [17, 30, 12, -6] [26, -27, 25, -19]
------------------------------
ALIVE
Head: (4 36)
Body: (4 36) (4 35) (4 34) (4 33) (4 32) (4 31) (4 30) (4 29) (4 28) (4 27) (4 26) 
Length: 11, 4
Vision: 3
Hungry, suplies: 1/10
Reproductive: 16, mutating: 0.25
Generation: 38464
####################################
Wall (up, right, down, left):
[19, -6, -4, 2] [-2, 1, 1, 4] [-18, 9, 7, -8] [15, -2, 28, 12] [-23, 0, 31, -11] [1, -7, -2, -10] [-17, -14, -21, -21]
[-28, -16, 29, -7] [4, 24, -6, 2] [-17, 7, 1, -3] [-21, 12, 11, 6] [20, 7, 8, -3] [-19, -33, 18, 10] [-10, 1, -4, 7]
[-4, 0, 32, 3] [2, 27, -20, -3] [-24, -2, 45, -8] [-75, 27, 45, 26] [-41, -33, -23, 22] [-20, -19, -6, 15] [-32, -8, -10, -20]
[3, 35, -5, -39] [12, 5, 14, -26] [-11, 34, 1, -98] [0, 0, 0, 0] [48, -86, 41, 4] [16, -2, 7, 19] [7, 3, 8, -6]
[-16, -25, -13, 6] [15, 0, -18, 0] [0, -1, -43, -34] [41, 12, -89, 5] [11, -11, -21, 34] [-2, 26, -10, 1] [-33, -73, -13, 20]
[22, 19, 16, 0] [-2, 3, -9, -12] [17, 5, 19, -12] [-9, 9, -28, 13] [14, -2, -20, -6] [23, -12, -22, 8] [27, 3, 19, 19]
[-10, -6, -5, -14] [-7, -2, -20, -11] [-12, 8, 20, 0] [-14, 14, -40, -8] [30, 19, -9, 25] [33, -28, -40, 12] [-12, 6, 7, -6]
Food (up, right, down, left):
[23, 20, 6, 12] [-11, 9, 4, -28] [32, -16, 3, 22] [-17, -3, 36, 21] [-4, 12, 32, -11] [-12, -16, -15, -28] [-29, 20, -11, -8]
[-60, -8, -29, -17] [4, 0, -18, -21] [-9, 11, 22, 37] [-8, 15, -33, 22] [31, 16, -5, -37] [34, -3, -33, 22] [19, 8, 22, 17]
[-14, 3, 26, -34] [5, 2, 3, 34] [-50, -34, -32, 39] [45, -40, 20, 3] [-7, -3, 4, -27] [-1, 11, -44, -27] [28, 28, 10, 28]
[28, 11, 10, 52] [-6, -10, -26, 22] [12, -11, -31, -21] [0, 0, 0, 0] [-19, 62, -30, -4] [-16, -13, -24, -1] [-18, 36, -26, 13]
[-4, 5, -6, 17] [3, 9, 6, 14] [21, -7, 36, 10] [-6, -23, 16, -18] [9, -3, 6, -30] [-6, 41, 23, 25] [4, -16, 0, -25]
[9, -13, 6, -1] [4, 13, 11, 0] [8, 2, 13, 15] [-24, -26, 35, -30] [-35, -26, -3, -41] [-12, 31, -5, 22] [3, 35, -8, 23]
[3, 1, -20, -24] [22, 4, -5, -54] [20, 25, 6, -19] [1, 19, 43, -46] [40, 24, -2, -9] [17, 30, 12, -6] [26, -27, 25, -19]
------------------------------
ALIVE
Head: (19 23)
Body: (19 23) (19 22) (18 22) (17 22) (16 22) (15 22) (15 21) (15 20) (15 19) (15 18) (15 17) 
Length: 11, 4
Vision: 3
Hungry, suplies: 10/10
Reproductive: 16, mutating: 0.25
Generation: 38464
####################################
Wall (up, right, down, left):
[19, -9, -4, 2] [-2, 1, 1, 4] [-18, 9, 7, -8] [15, -2, 28, 12] [-23, 0, 31, -11] [1, -7, -2, -10] [-17, -14, -21, -21]
[-28, -16, 29, -7] [4, 24, -6, 2] [-17, 7, 1, -3] [-21, 12, 11, 6] [20, 7, 8, -3] [-19, -33, 18, 10] [-10, 1, -1, 6]
[-4, 0, 32, 3] [2, 27, -20, -3] [-24, -2, 48, -8] [-75, 27, 45, 21] [-41, -33, -24, 22] [-18, -19, -6, 15] [-27, -8, -10, -20]
[3, 35, -5, -39] [12, 5, 14, -26] [-11, 34, 1, -95] [0, 0, 0, 0] [48, -86, 41, 4] [16, -2, 3, 19] [7, 3, 8, -6]
[-16, -25, -13, 6] [15, 0, -18, 0] [0, -1, -38, -34] [41, 12, -89, 5] [11, -11, -21, 34] [-2, 26, -7, 5] [-33, -73, -13, 20]
[22, 22, 16, 0] [-2, 3, -9, -7] [17, 5, 19, -17] [-9, 9, -28, 13] [14, 1, -20, -6] [27, -9, -22, 8] [27, 3, 19, 19]
[-10, -6, -2, -17] [-7, -2, -20, -11] [-12, 11, 20, 1] [-14, 14, -40, -8] [30, 19, -9, 25] [33, -28, -40, 12] [-12, 6, 9, -6]
Food (up, right, down, left):
[20, 20, 6, 12] [-11, 9, 4, -28] [32, -16, 3, 22] [-17, -3, 36, 21] [-4, 12, 32, -11] [-12, -16, -15, -28] [-29, 20, -11, -8]
[-60, -8, -29, -17] [4, 0, -18, -21] [-9, 11, 22, 37] [-8, 15, -33, 22] [31, 16, -8, -37] [34, -3, -33, 22] [19, 4, 22, 13]
[-14, 3, 26, -34] [5, 2, 3, 34] [-50, -31, -32, 39] [45, -40, 20, 3] [-8, -3, 4, -27] [-1, 11, -47, -27] [28, 30, 10, 28]
[28, 11, 10, 52] [-6, -10, -26, 22] [11, -11, -31, -21] [0, 0, 0, 0] [-19, 62, -30, -4] [-20, -13, -24, -1] [-18, 36, -26, 13]
[-4, 5, -6, 17] [3, 9, 6, 14] [16, -7, 36, 10] [-6, -23, 16, -18] [9, -3, 6, -30] [2, 41, 23, 25] [4, -16, 0, -25]
[9, -9, 6, -1] [4, 14, 11, 0] [8, 6, 13, 15] [-24, -26, 35, -30] [-35, -26, -3, -43] [-14, 31, -9, 22] [3, 35, -8, 23]
[3, 0, -22, -24] [22, 4, -5, -54] [15, 25, 6, -17] [1, 19, 43, -46] [40, 24, -2, -9] [17, 30, 12, -6] [26, -27, 28, -19]
------------------------------
ALIVE
Head: (18 3)
Body: (18 3) (19 3) (20 3) (20 4) (20 5) (21 5) (21 6) (20 6) (19 6) 
Length: 9, 4
Vision: 3
Hungry, suplies: 3/10
Reproductive: 16, mutating: 0.25
Generation: 38465
####################################
Wall (up, right, down, left):
[19, -6, -4, 2] [-2, 1, 1, 4] [-18, 9, 7, -8] [15, -2, 28, 12] [-23, 0, 31, -11] [1, -7, -2, -10] [-22, -14, -21, -21]
[-28, -16, 29, -7] [4, 24, -6, 2] [-17, 7, 1, -3] [-21, 12, 11, 6] [20, 7, 8, -3] [-19, -33, 18, 10] [-10, 1, -4, 7]
[-4, 0, 32, 3] [2, 27, -20, -3] [-24, -2, 48, -8] [-75, 27, 45, 26] [-41, -33, -23, 22] [-20, -19, -6, 15] [-32, -8, -10, -20]
[3, 35, -5, -39] [12, 5, 14, -26] [-11, 34, 1, -98] [0, 0, 0, 0] [48, -86, 41, 4] [16, -2, 7, 19] [7, 3, 8, -6]
[-16, -25, -13, 6] [15, 0, -18, 0] [0, -1, -43, -34] [41, 12, -89, 5] [11, -11, -21, 34] [-2, 26, -10, 1] [-33, -73, -13, 20]
[22, 19, 16, 0] [-2, 3, -9, -12] [17, 5, 19, -12] [-9, 9, -28, 13] [14, -2, -20, -6] [23, -12, -22, 8] [27, 3, 19, 19]
[-10, -6, -2, -14] [-7, -2, -20, -11] [-12, 8, 20, 1] [-14, 14, -40, -8] [30, 19, -9, 21] [33, -28, -40, 12] [-12, 6, 9, -6]
Food (up, right, down, left):
[23, 20, 6, 12] [-11, 9, 4, -28] [32, -16, 3, 22] [-17, -3, 36, 21] [-4, 12, 32, -11] [-12, -16, -15, -28] [-27, 20, -11, -8]
[-60, -8, -29, -17] [4, 0, -18, -21] [-9, 11, 22, 37] [-8, 15, -33, 22] [31, 16, -5, -37] [34, -3, -33, 22] [19, 8, 22, 17]
[-14, 3, 26, -34] [5, 2, 3, 34] [-50, -31, -32, 39] [45, -40, 20, 3] [-7, -3, 4, -27] [-1, 11, -44, -27] [28, 28, 10, 28]
[28, 11, 10, 52] [-6, -10, -26, 22] [12, -11, -31, -21] [0, 0, 0, 0] [-19, 62, -30, -4] [-16, -13, -24, -1] [-18, 36, -26, 13]
[-4, 5, -6, 17] [3, 9, 6, 14] [21, -7, 36, 10] [-6, -23, 16, -18] [9, -3, 6, -30] [-6, 41, 23, 25] [4, -16, 0, -25]
[9, -13, 6, -1] [4, 13, 11, 0] [8, 2, 13, 15] [-24, -26, 35, -30] [-35, -26, -3, -41] [-12, 31, -5, 22] [3, 35, -8, 23]
[3, 1, -22, -24] [22, 4, -5, -54] [20, 25, 6, -17] [1, 19, 43, -46] [40, 27, -2, -9] [17, 30, 12, -6] [26, -27, 28, -19]
------------------------------
ALIVE
Head: (10 33)
Body: (10 33) (10 32) (9 32) (8 32) (7 32) (7 31) (6 31) (6 30) (6 29) (7 29) 
Length: 10, 4
Vision: 3
Hungry, suplies: 9/10
Reproductive: 16, mutating: 0.25
Generation: 38458
####################################
Wall (up, right, down, left):
[19, -6, -9, 2] [-2, 1, 1, 4] [-18, 9, 7, -8] [15, -2, 28, 12] [-23, 0, 31, -11] [1, -7, -2, -10] [-17, -14, -21, -21]
[-28, -16, 29, -7] [4, 24, -6, 2] [-17, 7, 1, -3] [-21, 12, 11, 6] [20, 7, 8, -3] [-19, -33, 18, 10] [-10, 1, -4, 7]
[-4, 0, 32, 3] [2, 27, -20, -3] [-24, -2, 48, -8] [-75, 27, 45, 26] [-41, -33, -23, 22] [-20, -19, -6, 15] [-32, -8, -10, -20]
[3, 35, -5, -39] [12, 5, 14, -26] [-11, 34, 1, -98] [0, 0, 0, 0] [48, -86, 41, 4] [16, -2, 7, 19] [7, 3, 8, -6]
[-16, -25, -13, 6] [15, 0, -18, 0] [0, -1, -43, -34] [41, 12, -89, 5] [11, -11, -21, 34] [-2, 26, -10, 1] [-33, -73, -13, 20]
[22, 19, 16, 0] [-2, 3, -9, -12] [17, 5, 19, -12] [-9, 9, -28, 13] [14, -2, -20, -6] [23, -12, -22, 8] [27, 3, 19, 19]
[-10, -6, -5, -14] [-7, -2, -20, -11] [-12, 8, 20, 0] [-14, 14, -40, -8] [30, 19, -9, 25] [33, -28, -40, 12] [-12, 6, 7, -6]
Food (up, right, down, left):
[23, 24, 6, 12] [-11, 9, 4, -28] [32, -16, 3, 22] [-17, -3, 36, 21] [-4, 12, 32, -11] [-12, -16, -15, -28] [-29, 20, -11, -8]
[-60, -8, -29, -17] [4, 0, -18, -21] [-9, 11, 22, 37] [-8, 15, -33, 22] [31, 16, -5, -37] [34, -3, -33, 22] [19, 8, 22, 17]
[-14, 3, 26, -34] [5, 2, 3, 34] [-50, -31, -32, 39] [45, -40, 20, 3] [-7, -3, 4, -27] [-1, 11, -44, -27] [28, 28, 10, 28]
[28, 11, 10, 52] [-6, -10, -26, 22] [12, -11, -31, -21] [0, 0, 0, 0] [-19, 62, -30, -4] [-16, -13, -24, -1] [-18, 36, -26, 13]
[-4, 5, -6, 17] [3, 9, 6, 14] [21, -7, 36, 10] [-6, -23, 16, -18] [9, -3, 6, -30] [-6, 41, 23, 25] [4, -16, 0, -25]
[9, -13, 6, -1] [4, 13, 11, 0] [8, 2, 13, 15] [-24, -26, 35, -30] [-35, -26, -3, -41] [-12, 31, -5, 22] [3, 35, -8, 23]
[3, 1, -20, -24] [22, 4, -5, -54] [20, 25, 6, -19] [1, 19, 43, -46] [40, 24, -2, -9] [17, 30, 12, -6] [26, -27, 25, -19]
------------------------------
ALIVE
Head: (3 36)
Body: (3 36) (3 35) (2 35) (2 36) (2 37) (1 37) (0 37) (0 38) (0 39) 
Length: 9, 4
Vision: 3
Hungry, suplies: 10/10
Reproductive: 16, mutating: 0.25
Generation: 38459
####################################
Wall (up, right, down, left):
[19, -6, -4, 2] [-2, 1, 1, 4] [-18, 9, 7, -8] [15, -2, 28, 12] [-23, 0, 31, -11] [1, -7, -2, -10] [-17, -12, -21, -21]
[-28, -16, 29, -7] [4, 24, -6, 2] [-17, 7, 1, -3] [-21, 12, 11, 6] [20, 7, 8, -3] [-19, -33, 18, 10] [-10, 1, -4, 7]
[-4, 0, 32, 3] [2, 27, -20, -3] [-24, -2, 48, -8] [-75, 27, 45, 26] [-41, -33, -23, 22] [-20, -19, -6, 15] [-32, -8, -10, -20]
[3, 35, -5, -39] [12, 5, 14, -26] [-11, 34, 1, -98] [0, 0, 0, 0] [48, -86, 41, 4] [16, -2, 9, 19] [7, 3, 8, -6]
[-16, -25, -13, 6] [15, 0, -18, 0] [0, -1, -43, -34] [41, 12, -89, 5] [11, -11, -21, 34] [-2, 26, -10, 1] [-33, -73, -13, 20]
[22, 19, 16, 0] [-2, 3, -9, -12] [17, 5, 19, -10] [-9, 9, -28, 13] [14, -2, -20, -6] [23, -12, -22, 8] [27, 3, 19, 19]
[-10, -6, -2, -14] [-7, -2, -20, -11] [-12, 8, 20, 1] [-14, 14, -40, -8] [30, 19, -9, 25] [33, -28, -40, 12] [-12, 6, 9, -6]
Food (up, right, down, left):
[23, 20, 6, 12] [-11, 9, 4, -28] [32, -16, 3, 22] [-17, -3, 36, 21] [-4, 12, 32, -11] [-12, -16, -15, -28] [-28, 20, -11, -8]
[-60, -8, -29, -17] [4, 0, -18, -21] [-9, 11, 22, 37] [-8, 15, -33, 22] [31, 16, -5, -37] [34, -3, -33, 22] [19, 8, 22, 17]
[-14, 3, 26, -34] [5, 2, 3, 34] [-50, -31, -32, 39] [45, -40, 20, 3] [-7, -3, 4, -27] [-1, 11, -44, -27] [28, 28, 10, 28]
[28, 11, 10, 52] [-6, -10, -26, 22] [12, -11, -31, -21] [0, 0, 0, 0] [-19, 62, -30, -4] [-15, -13, -24, -1] [-18, 36, -26, 13]
[-4, 5, -6, 17] [3, 9, 6, 14] [21, -7, 36, 10] [-6, -23, 16, -18] [9, -3, 6, -30] [-6, 41, 23, 25] [4, -16, 0, -25]
[9, -13, 6, -1] [4, 13, 11, 0] [8, 2, 13, 14] [-24, -26, 35, -30] [-35, -26, -3, -41] [-12, 31, -5, 22] [3, 35, -8, 23]
[3, 1, -22, -24] [22, 4, -5, -54] [20, 25, 6, -17] [1, 19, 43, -46] [40, 24, -2, -9] [17, 30, 12, -6] [26, -27, 28, -19]
------------------------------
ALIVE
Head: (10 45)
Body: (10 45) (11 45) (12 45) (12 46) (11 46) (10 46) (10 47) (10 48) (10 49) 
Length: 9, 4
Vision: 3
Hungry, suplies: 10/10
Reproductive: 16, mutating: 0.25
Generation: 38463
####################################
