Wall (up, right, down, left):
[1, -6, -13, -5] [9, 8, 1, 22] [-5, 2, 23, 2] [2, 18, 7, 14] [9, 7, 6, -5] [-8, -2, -7, -10] [6, -4, 4, -12]
[0, 3, -7, -3] [3, 22, 3, 8] [0, -2, -5, 14] [-12, -7, 7, 12] [5, -10, 11, 7] [-11, 8, 14, 1] [-7, -8, 4, 3]
[8, 6, 6, -15] [0, 10, -4, 16] [5, 3, 2, -10] [-27, 4, 19, 9] [-21, -12, -18, 5] [5, -20, -3, 9] [-11, -4, 0, 8]
[-6, -1, 4, -19] [7, 15, -6, -7] [-10, 6, -1, -52] [0, 0, 0, 0] [5, -41, 7, 10] [6, -14, 7, 18] [-2, -8, -3, -10]
[-1, -3, -13, -5] [3, 12, 1, 8] [3, -1, -15, 1] [8, 0, -28, -15] [9, -8, -10, 18] [6, 11, -10, 9] [-7, -5, 4, -5]
[-6, 16, 6, -10] [0, -5, -11, -23] [-2, -7, 1, -2] [-5, -1, 7, -1] [9, 5, -16, 4] [11, 11, -6, -13] [13, -2, -1, 7]
[0, -3, -18, -3] [-3, -5, -3, -9] [-9, -5, -11, -2] [-1, 19, -3, -3] [14, -2, -1, 12] [4, 4, -13, -3] [-2, -2, 6, -1]
Food (up, right, down, left):
[20, 9, -5, 10] [-1, 6, -4, -6] [-1, 6, -15, 10] [1, -7, 1, 2] [-5, 10, -3, 19] [10, -13, 6, 5] [-10, 2, 3, -12]
[-13, -11, -12, -4] [-7, 6, 5, -2] [17, 7, 3, 15] [-13, 7, -11, 10] [7, 0, 2, -10] [8, -9, 10, 12] [-14, -8, -4, 0]
[-8, 4, -7, 5] [0, 1, 10, -11] [2, -27, -3, 7] [17, -16, 3, -16] [-10, -3, -5, 2] [3, 1, -4, -15] [5, -2, 12, 16]
[-2, -9, -2, 15] [-14, -7, -16, 14] [-2, 21, -21, 4] [0, 0, 0, 0] [-13, 24, 6, -4] [-11, -1, -5, 1] [-3, -7, -14, 1]
[14, 7, -7, 9] [-4, -5, -2, 7] [-4, -2, -1, 0] [-3, -3, 18, -4] [0, -12, 1, -10] [-7, 15, 20, -2] [1, 3, -8, -10]
[-1, -3, 18, -4] [8, -6, 9, 10] [0, 4, 4, 15] [3, -12, -1, -11] [5, -8, 0, -7] [-4, 2, -9, 12] [-2, 23, -19, 10]
[-3, -7, -5, -7] [1, 3, 4, -18] [-1, -1, 5, -4] [-15, -6, 7, -28] [17, 12, -8, -5] [11, 7, 14, -1] [-18, -8, 9, -11]
------------------------------
ALIVE
Head: (20 30)
Body: (20 30) (20 31) (20 32) (19 32) (18 32) (18 31) (18 30) (18 29) (18 28) (18 27) (18 26) (18 25) (18 24) (18 23) 
Length: 14, 4
Vision: 3
Hungry, suplies: 8/10
Reproductive: 16, mutating: 0.25
Generation: 9189
####################################
Wall (up, right, down, left):
[1, -6, -13, -5] [9, 8, 1, 22] [-5, 2, 22, -2] [2, 18, 7, 14] [9, 7, 6, -5] [-8, -2, -7, -10] [6, -4, 4, -12]
[0, 3, -7, -3] [3, 22, 3, 8] [0, -2, -5, 14] [-12, -7, 7, 12] [5, -10, 11, 7] [-11, 8, 14, 1] [-7, -8, 4, 3]
[8, 6, 6, -15] [0, 12, -4, 16] [5, 3, 2, -10] [-27, 4, 19, 9] [-17, -12, -18, 5] [5, -20, -3, 9] [-11, -4, 0, 8]
[-6, -1, 4, -19] [7, 15, -6, -7] [-10, 6, -1, -52] [0, 0, 0, 0] [5, -41, 7, 10] [6, -14, 2, 18] [-2, -8, -3, -10]
[-1, -3, -13, -5] [3, 14, 1, 8] [3, -1, -15, 1] [8, 2, -28, -15] [9, -8, -10, 18] [6, 11, -10, 9] [-7, -5, 4, -5]
[-6, 16, 6, -10] [0, -5, -11, -23] [-2, -7, 1, -2] [-5, -1, 7, -4] [9, 5, -16, 4] [11, 6, -6, -13] [13, -2, -1, 7]
[0, -3, -18, -3] [-3, -5, -3, -9] [-9, 0, -11, -2] [-1, 19, -3, -3] [14, -2, -1, 12] [4, 4, -13, -3] [-2, -2, 6, -1]
Food (up, right, down, left):
[20, 9, -5, 10] [-1, 6, -4, -6] [-1, 6, -15, 9] [1, -7, 1, 2] [-5, 10, -3, 19] [10, -13, 6, 5] [-10, 2, 3, -12]
[-13, -11, -12, -4] [-7, 6, 5, -2] [17, 7, 3, 15] [-13, 7, -11, 10] [7, 0, 2, -10] [8, -9, 10, 12] [-14, -8, -4, 0]
[-8, 4, -7, 5] [4, 1, 10, -11] [2, -27, -3, 7] [17, -16, 3, -16] [-10, -3, -5, 5] [3, 1, -4, -15] [5, -2, 12, 16]
[-2, -9, -2, 15] [-14, -7, -16, 14] [-2, 21, -21, 4] [0, 0, 0, 0] [-13, 24, 6, -4] [-11, -1, -10, 1] [-3, -7, -14, 1]
[14, 7, -7, 9] [-4, -5, 1, 7] [-4, -2, -1, 0] [-3, -7, 18, -4] [0, -12, 1, -10] [-7, 15, 20, -2] [1, 3, -8, -10]
[-1, -3, 18, -4] [8, -6, 9, 10] [0, 4, 6, 15] [1, -12, -1, -11] [5, -8, 0, -7] [-4, 2, -9, 10] [-2, 23, -19, 10]
[-3, -7, -5, -7] [1, 3, 4, -18] [-1, -1, 0, -4] [-15, -6, 7, -28] [17, 12, -8, -5] [11, 7, 14, -1] [-18, -8, 9, -11]
------------------------------
ALIVE
Head: (3 34)
Body: (3 34) (3 33) (3 32) (3 31) (4 31) (4 30) (5 30) (5 31) (5 32) (4 32) (4 33) (4 34) (4 35) (3 35) 
Length: 14, 4
Vision: 3
Hungry, suplies: 2/10
Reproductive: 16, mutating: 0.25
Generation: 9190
####################################
Wall (up, right, down, left):
[1, -6, -13, -5] [9, 8, 1, 22] [-5, 2, 23, 2] [2, 18, 7, 14] [9, 7, 6, -5] [-8, -2, -7, -10] [6, -4, 4, -12]
[0, 3, -7, -3] [3, 22, 3, 8] [0, -2, -5, 14] [-12, -7, 7, 12] [5, -10, 11, 7] [-11, 8, 14, 1] [-7, -8, 4, 3]
[8, 6, 6, -15] [0, 10, -4, 16] [5, 3, 2, -10] [-27, 4, 19, 9] [-21, -12, -18, 5] [5, -20, -3, 9] [-11, -4, 0, 8]
[-6, -1, 4, -19] [7, 15, -6, -7] [-10, 6, -1, -52] [0, 0, 0, 0] [5, -41, 7, 10] [6, -14, 7, 18] [-2, -8, -3, -10]
[-1, -3, -13, -5] [3, 12, 1, 8] [3, -1, -15, 1] [8, 0, -28, -15] [9, -8, -10, 18] [6, 11, -10, 9] [-7, -5, 4, -5]
[-6, 16, 6, -10] [0, -5, -11, -23] [-2, -7, 1, -2] [-5, -1, 3, -1] [9, 5, -16, 4] [11, 11, -6, -13] [13, -2, -1, 7]
[0, -3, -18, -3] [-3, -5, -3, -9] [-9, -5, -11, -2] [-1, 19, -3, -3] [14, -2, -1, 12] [4, 4, -13, -3] [-2, -2, 6, -1]
Food (up, right, down, left):
[20, 9, -5, 10] [-1, 6, -4, -6] [-1, 6, -15, 10] [1, -7, 1, 2] [-5, 10, -3, 19] [10, -13, 6, 5] [-10, 2, 3, -12]
[-13, -11, -12, -4] [-7, 6, 5, -2] [17, 7, 3, 15] [-13, 7, -11, 10] [7, 0, 2, -10] [8, -9, 10, 12] [-14, -8, -4, 0]
[-8, 4, -7, 5] [0, 1, 10, -11] [2, -27, -3, 7] [17, -16, 3, -16] [-10, -3, -5, 2] [3, 1, -4, -15] [5, -2, 12, 16]
[-2, -9, -2, 15] [-14, -7, -16, 14] [-2, 21, -21, 4] [0, 0, 0, 0] [-13, 24, 6, -4] [-11, -1, -5, 1] [-3, -7, -14, 1]
[14, 7, -7, 9] [-4, -5, -2, 7] [-4, -2, -1, 0] [-3, -3, 18, -4] [0, -12, 1, -10] [-7, 15, 20, -2] [1, 3, -8, -10]
[-1, -3, 18, -4] [8, -6, 9, 10] [0, 4, 4, 15] [-2, -12, -1, -11] [5, -8, 0, -7] [-4, 2, -9, 12] [-2, 23, -19, 10]
[-3, -7, -5, -7] [1, 3, 4, -18] [-1, -1, 5, -4] [-15, -6, 7, -28] [17, 12, -8, -5] [11, 7, 14, -1] [-18, -8, 9, -11]
------------------------------
ALIVE
Head: (11 16)
Body: (11 16) (11 15) (11 14) (11 13) (11 12) (12 12) (12 13) (13 13) (14 13) (14 12) (14 11) (13 11) (13 10) 
Length: 13, 4
Vision: 3
Hungry, suplies: 6/10
Reproductive: 16, mutating: 0.25
Generation: 9191
####################################
Wall (up, right, down, left):
[1, -6, -13, -5] [9, 8, 1, 22] [-5, 2, 23, 2] [2, 18, 7, 14] [9, 7, 6, -5] [-8, -2, -7, -10] [6, -4, 4, -12]
[0, 3, -7, -3] [3, 22, 3, 8] [0, -2, -5, 14] [-10, -7, 7, 12] [5, -10, 11, 7] [-11, 8, 14, 1] [-7, -8, 0, 3]
[8, 6, 6, -15] [0, 10, -4, 16] [5, 3, 2, -10] [-27, 4, 19, 9] [-21, -12, -18, 5] [5, -20, -3, 9] [-11, -4, 0, 8]
[-6, -1, 4, -19] [7, 15, -6, -7] [-10, 6, -1, -52] [0, 0, 0, 0] [5, -41, 7, 10] [6, -14, 7, 18] [-2, -8, -3, -10]
[-1, -3, -15, -5] [3, 12, 1, 8] [3, -1, -15, 1] [8, 0, -28, -15] [9, -8, -10, 18] [6, 11, -10, 9] [-7, -5, 4, -5]
[-6, 16, 6, -10] [0, -5, -11, -23] [-2, -12, 1, -2] [-5, -1, 7, -1] [9, 5, -16, 4] [16, 11, -6, -13] [13, -2, -1, 7]
[0, -3, -18, -3] [-3, -5, -3, -9] [-9, -5, -11, -2] [-1, 19, -3, -3] [14, -2, -1, 12] [4, 4, -13, -3] [-2, -2, 6, -1]
Food (up, right, down, left):
[20, 9, -5, 10] [-1, 6, -4, -6] [-1, 6, -15, 10] [1, -7, 1, 2] [-5, 10, -3, 19] [10, -13, 6, 5] [-10, 2, 3, -12]
[-13, -11, -12, -4] [-7, 6, 5, -2] [17, 7, 3, 15] [-13, 7, -11, 8] [7, 0, 2, -10] [8, -9, 10, 12] [-14, -8, -1, 0]
[-8, 4, -7, 5] [0, 1, 10, -11] [2, -27, -3, 7] [17, -16, 3, -16] [-10, -3, -5, 2] [3, 1, -4, -15] [5, -2, 12, 16]
[-2, -9, -2, 15] [-14, -7, -16, 14] [-2, 21, -21, 4] [0, 0, 0, 0] [-13, 24, 6, -4] [-11, -1, -5, 1] [-3, -7, -14, 1]
[14, 12, -7, 9] [-4, -5, -2, 7] [-4, -2, -1, 0] [-3, -3, 18, -4] [0, -12, 1, -10] [-7, 15, 20, -2] [1, 3, -8, -10]
[-1, -3, 18, -4] [8, -6, 9, 10] [-1, 4, 6, 15] [3, -12, -1, -11] [5, -8, 0, -7] [-4, 6, -9, 12] [-2, 23, -19, 10]
[-3, -7, -5, -7] [1, 3, 4, -18] [-1, -1, 5, -4] [-15, -6, 7, -28] [17, 12, -8, -5] [11, 7, 14, -1] [-18, -8, 9, -11]
------------------------------
ALIVE
Head: (17 54)
Body: (17 54) (17 53) (18 53) (18 52) (19 52) (20 52) (21 52) (22 52) 
Length: 8, 4
Vision: 3
Hungry, suplies: 6/10
Reproductive: 16, mutating: 0.25
Generation: 9191
####################################
Wall (up, right, down, left):
[1, -6, -13, -5] [9, 8, 1, 22] [-5, 2, 23, 2] [2, 18, 7, 14] [9, 7, 6, -5] [-8, -2, -7, -10] [6, -4, 4, -12]
[0, 3, -7, -3] [3, 22, 3, 8] [0, -2, -5, 14] [-10, -7, 7, 12] [5, -10, 11, 7] [-11, 8, 14, 1] [-7, -8, 0, 3]
[8, 6, 6, -15] [0, 10, -4, 16] [5, 3, 2, -10] [-27, 4, 19, 9] [-21, -12, -18, 5] [5, -20, -3, 9] [-11, -4, 0, 8]
[-6, -1, 4, -19] [7, 15, -6, -7] [-10, 6, -1, -52] [0, 0, 0, 0] [5, -41, 7, 10] [6, -14, 7, 18] [-2, -8, -3, -10]
[-1, -3, -15, -5] [3, 12, 1, 8] [3, -1, -15, 1] [8, 0, -28, -15] [9, -8, -10, 18] [6, 11, -10, 9] [-7, -5, 4, -5]
[-6, 16, 6, -10] [0, -5, -11, -23] [-2, -12, 1, -2] [-5, -1, 7, -1] [9, 5, -16, 4] [16, 11, -6, -13] [13, -2, -1, 7]
[0, -3, -18, -3] [-3, -5, -3, -9] [-9, -5, -11, -2] [-1, 19, -3, -3] [14, -2, -1, 12] [4, 4, -13, -3] [-2, -2, 6, -1]
Food (up, right, down, left):
[20, 9, -5, 10] [-1, 6, -4, -6] [-1, 6, -15, 10] [1, -7, 1, 2] [-5, 10, -3, 19] [10, -13, 6, 5] [-10, 2, 3, -12]
[-13, -11, -12, -4] [-7, 6, 5, -2] [17, 7, 3, 15] [-13, 7, -11, 8] [7, 0, 2, -10] [8, -9, 10, 12] [-14, -8, -1, 0]
[-8, 4, -7, 5] [0, 1, 10, -11] [2, -27, -3, 7] [17, -16, 3, -16] [-10, -3, -5, 2] [3, 1, -4, -15] [5, -2, 12, 16]
[-2, -9, -2, 15] [-14, -7, -16, 14] [-2, 21, -21, 4] [0, 0, 0, 0] [-13, 24, 6, -4] [-11, -1, -5, 1] [-3, -7, -14, 1]
[14, 12, -7, 9] [-4, -5, -2, 7] [-4, -2, -1, 0] [-3, -3, 18, -4] [0, -12, 1, -10] [-7, 15, 20, -2] [1, 3, -8, -10]
[-1, -3, 18, -4] [8, -6, 9, 10] [-1, 4, 6, 15] [3, -12, -1, -11] [5, -8, 0, -7] [-4, 6, -9, 12] [-2, 23, -19, 10]
[-3, -7, -5, -7] [1, 3, 4, -18] [-1, 4, 5, -4] [-15, -6, 7, -28] [17, 12, -8, -5] [11, 7, 14, -1] [-18, -8, 9, -11]
------------------------------
ALIVE
Head: (6 36)
Body: (6 36) (6 35) (6 34) (6 33) (6 32) (6 31) (6 30) (6 29) (6 28) (6 27) 
Length: 10, 4
Vision: 3
Hungry, suplies: 4/10
Reproductive: 16, mutating: 0.25
Generation: 9193
####################################
Wall (up, right, down, left):
[1, -6, -13, -5] [9, 8, 1, 22] [-5, 2, 22, -2] [2, 18, 7, 14] [9, 7, 6, -5] [-8, -2, -7, -10] [6, -4, 4, -12]
[0, 3, -7, -3] [3, 22, 3, 8] [0, -2, -5, 14] [-12, -7, 7, 12] [5, -10, 11, 7] [-11, 8, 14, 1] [-7, -8, 4, 3]
[8, 6, 6, -15] [0, 12, -4, 16] [5, 3, 2, -10] [-27, 4, 19, 9] [-17, -12, -18, 5] [5, -20, -3, 9] [-11, -4, 0, 8]
[-6, -1, 4, -19] [7, 15, -6, -7] [-10, 6, -1, -52] [0, 0, 0, 0] [5, -41, 7, 10] [6, -14, 2, 18] [-2, -8, -3, -10]
[-1, -3, -13, -5] [3, 12, 1, 8] [3, -1, -15, 1] [8, 0, -28, -15] [9, -8, -10, 18] [6, 11, -10, 9] [-7, -5, 4, -5]
[-6, 16, 6, -10] [0, -5, -11, -23] [-2, -7, 1, -2] [-5, -1, 7, -4] [9, 5, -16, 4] [11, 6, -6, -13] [13, -2, -1, 7]
[0, -3, -18, -3] [-3, -5, -3, -9] [-9, 0, -11, -2] [-1, 19, -3, -3] [14, -2, -1, 12] [4, 4, -13, -3] [-2, -2, 6, -1]
Food (up, right, down, left):
[20, 9, -5, 10] [-1, 6, -4, -6] [-1, 6, -15, 9] [1, -7, 1, 2] [-5, 10, -3, 19] [10, -13, 6, 5] [-10, 2, 3, -12]
[-13, -11, -12, -4] [-7, 6, 5, -2] [17, 7, 3, 15] [-13, 7, -11, 10] [7, 0, 2, -10] [8, -9, 10, 12] [-14, -8, -4, 0]
[-8, 4, -7, 5] [4, 1, 10, -11] [2, -27, -3, 7] [17, -16, 3, -16] [-10, -3, -5, 5] [3, 1, -4, -15] [5, -2, 12, 16]
[-2, -9, -2, 15] [-14, -7, -16, 14] [-2, 21, -21, 4] [0, 0, 0, 0] [-13, 24, 6, -4] [-11, -1, -10, 1] [-3, -7, -14, 1]
[14, 7, -7, 9] [-4, -5, -2, 7] [-4, -2, -1, 0] [-3, -3, 18, -4] [0, -12, 1, -10] [-7, 15, 20, -2] [1, 3, -8, -10]
[-1, -3, 18, -4] [8, -6, 9, 10] [0, 4, 6, 15] [1, -12, -1, -11] [5, -8, 0, -7] [-4, 2, -9, 10] [-2, 23, -19, 10]
[-3, -7, -5, -7] [1, 3, 4, -18] [-1, -1, 0, -4] [-15, -6, 7, -28] [17, 12, -8, -5] [11, 7, 14, -1] [-18, -8, 9, -11]
------------------------------
ALIVE
Head: (20 45)
Body: (20 45) (20 44) (20 43) (20 42) (20 41) (20 40) (20 39) (21 39) (22 39) (22 38) (22 37) 
Length: 11, 4
Vision: 3
Hungry, suplies: 9/10
Reproductive: 16, mutating: 0.25
Generation: 9191
####################################
Wall (up, right, down, left):
[1, -6, -13, -5] [9, 8, 1, 22] [-5, 2, 23, 2] [2, 18, 7, 14] [9, 7, 6, -5] [-8, -2, -7, -10] [6, -4, 4, -12]
[0, 3, -7, -3] [3, 22, 3, 8] [0, -2, -5, 14] [-10, -7, 7, 12] [5, -10, 11, 7] [-11, 8, 14, 1] [-7, -8, 0, 3]
[8, 6, 6, -15] [0, 10, -4, 16] [5, 3, 2, -10] [-27, 4, 19, 9] [-21, -12, -18, 5] [5, -20, -3, 9] [-11, -4, 0, 8]
[-6, -1, 4, -19] [7, 15, -6, -7] [-10, 6, -1, -52] [0, 0, 0, 0] [5, -41, 7, 10] [6, -14, 7, 18] [-2, -8, -3, -10]
[-1, -3, -15, -5] [3, 12, 1, 8] [3, -1, -15, 1] [8, 0, -28, -15] [9, -8, -10, 18] [6, 11, -10, 9] [-7, -5, 4, -5]
[-6, 16, 6, -10] [0, -5, -11, -23] [-2, -12, 1, -2] [-5, -1, 7, -1] [9, 5, -16, 4] [16, 11, -6, -13] [13, -2, -1, 7]
[0, -3, -18, -3] [-3, -5, -3, -9] [-9, -5, -11, -2] [-1, 19, -3, -3] [14, -2, -1, 12] [4, 4, -13, -3] [-2, -2, 6, -1]
Food (up, right, down, left):
[20, 9, -5, 10] [-1, 6, -4, -6] [-1, 6, -15, 10] [1, -7, 1, 2] [-5, 10, -3, 19] [10, -13, 6, 5] [-10, 2, 3, -12]
[-13, -11, -12, -4] [-7, 6, 5, -2] [17, 7, 3, 15] [-13, 7, -11, 8] [7, 0, 2, -10] [8, -9, 10, 12] [-14, -8, -1, 0]
[-8, 4, -7, 5] [0, 1, 10, -11] [2, -27, -3, 7] [17, -16, 3, -16] [-10, -3, -5, 2] [3, 1, -4, -15] [5, -2, 12, 16]
[-2, -9, -2, 15] [-14, -7, -16, 14] [-2, 21, -21, 4] [0, 0, 0, 0] [-13, 24, 6, -4] [-11, -1, -5, 1] [-3, -7, -14, 1]
[14, 12, -7, 9] [-4, -5, -2, 7] [-4, -2, -1, 0] [-3, -3, 18, -4] [0, -12, 1, -10] [-7, 15, 20, -2] [1, 3, -8, -10]
[-1, -3, 18, -4] [8, -6, 9, 10] [-1, 4, 6, 15] [3, -12, -1, -11] [5, -8, 0, -7] [-4, 6, -9, 12] [-2, 23, -19, 10]
[-3, -7, -5, -7] [1, 3, 4, -18] [-1, -1, 5, -4] [-15, -6, 7, -28] [17, 12, -8, -5] [11, 7, 14, -1] [-18, -8, 9, -11]
------------------------------
ALIVE
Head: (10 28)
Body: (10 28) (9 28) (9 29) (8 29) (8 30) (8 31) (8 32) (8 33) 
Length: 8, 4
Vision: 3
Hungry, suplies: 9/10
Reproductive: 16, mutating: 0.25
Generation: 9192
####################################
Wall (up, right, down, left):
[1, -6, -13, -5] [9, 8, 1, 22] [-5, 2, 23, 2] [2, 18, 7, 14] [9, 7, 6, -5] [-8, -2, -7, -10] [6, -4, 4, -12]
[0, 3, -7, -3] [3, 22, 3, 8] [0, -2, -5, 14] [-12, -7, 7, 12] [5, -10, 11, 7] [-11, 8, 14, 1] [-7, -8, 4, 3]
[8, 6, 6, -15] [0, 10, -4, 16] [5, 3, 2, -10] [-27, 4, 19, 9] [-21, -12, -18, 5] [5, -20, -3, 9] [-11, -4, 0, 8]
[-6, -1, 4, -19] [7, 15, -6, -7] [-10, 6, -1, -52] [0, 0, 0, 0] [5, -41, 7, 10] [6, -14, 2, 18] [-2, -8, -3, -10]
[-1, -3, -13, -5] [3, 12, 1, 8] [3, -1, -15, 1] [8, 0, -28, -15] [9, -8, -10, 18] [6, 11, -10, 9] [-7, -5, 4, 0]
[-6, 16, 6, -10] [0, -5, -11, -23] [-2, -7, 1, -2] [-5, -1, 7, -4] [9, 5, -16, 4] [11, 6, -6, -13] [13, -2, -1, 7]
[0, -3, -18, -3] [-3, -5, -3, -9] [-9, 0, -11, -2] [-1, 20, -3, -3] [14, -2, -1, 12] [4, 4, -13, -3] [-2, -2, 6, -1]
Food (up, right, down, left):
[20, 9, -5, 10] [-1, 6, -4, -6] [-1, 6, -15, 10] [1, -7, 1, 2] [-5, 10, -3, 19] [10, -13, 6, 5] [-10, 2, 3, -12]
[-13, -11, -12, -4] [-7, 6, 5, -2] [17, 7, 3, 15] [-13, 7, -11, 10] [7, 0, 2, -10] [8, -9, 10, 12] [-14, -8, -4, 0]
[-8, 4, -7, 5] [0, 1, 10, -11] [2, -27, -3, 7] [17, -16, 3, -16] [-10, -3, -5, 2] [3, 1, -4, -15] [5, -2, 12, 16]
[-2, -9, -2, 15] [-14, -7, -16, 14] [-2, 21, -21, 4] [0, 0, 0, 0] [-13, 24, 6, -4] [-11, -1, -10, 1] [-3, -7, -14, 1]
[14, 7, -7, 9] [-4, -5, -2, 7] [-4, -2, -1, 0] [-3, -3, 18, -4] [0, -12, 1, -10] [-7, 15, 20, -2] [1, -1, -8, -10]
[-1, -3, 18, -4] [8, -6, 9, 10] [0, 4, 6, 15] [1, -12, -1, -11] [5, -8, 0, -7] [-4, 2, -9, 10] [-2, 23, -19, 10]
[-3, -7, -5, -7] [1, 3, 4, -18] [-1, -1, 0, -4] [-15, -6, 10, -28] [17, 12, -8, -5] [11, 7, 14, -1] [-18, -8, 9, -11]
------------------------------
ALIVE
Head: (22 2)
Body: (22 2) (22 3) (22 4) (21 4) (21 5) (21 6) (21 7) (21 8) (21 9) (20 9) 
Length: 10, 4
Vision: 3
Hungry, suplies: 10/10
Reproductive: 16, mutating: 0.25
Generation: 9189
####################################
Wall (up, right, down, left):
[1, -6, -13, -5] [9, 8, 1, 22] [-5, 2, 22, -2] [2, 18, 7, 14] [9, 7, 6, -5] [-8, -2, -7, -10] [6, -4, 4, -12]
[0, 3, -7, -3] [3, 22, 3, 8] [0, -2, -5, 14] [-12, -7, 7, 12] [5, -10, 11, 7] [-11, 8, 14, 1] [-7, -8, 4, 3]
[8, 6, 6, -15] [0, 12, -4, 16] [5, 3, 2, -10] [-27, 4, 19, 9] [-17, -12, -18, 5] [5, -20, -3, 9] [-11, -4, 0, 8]
[-6, -1, 4, -19] [7, 15, -6, -7] [-10, 6, -1, -52] [0, 0, 0, 0] [5, -41, 7, 10] [6, -14, 2, 18] [-2, -8, -3, -10]
[-1, -3, -13, -5] [3, 12, 1, 8] [3, -1, -15, 1] [8, 0, -28, -15] [9, -8, -10, 18] [6, 11, -10, 9] [-7, -5, 4, -5]
[-6, 16, 6, -10] [0, -5, -11, -23] [-2, -7, 1, -2] [-5, -1, 7, -4] [9, 5, -16, 4] [11, 6, -6, -13] [13, -2, -1, 7]
[0, -3, -18, -3] [-3, -5, -3, -9] [-9, 0, -11, -2] [-1, 19, -3, -3] [14, -2, -1, 12] [4, 4, -13, -3] [-2, -2, 6, -1]
Food (up, right, down, left):
[20, 9, -5, 10] [-1, 6, -4, -6] [-1, 6, -15, 9] [1, -7, 1, 2] [-5, 10, -3, 19] [10, -13, 6, 5] [-10, 2, 3, -12]
[-13, -11, -12, -4] [-7, 6, 5, -2] [17, 7, 3, 15] [-13, 7, -11, 10] [7, 0, 2, -10] [8, -9, 10, 12] [-14, -8, -4, 0]
[-8, 4, -7, 5] [4, 1, 10, -11] [2, -27, -3, 7] [17, -16, 3, -16] [-10, -3, -5, 5] [3, 1, -4, -15] [5, -2, 12, 16]
[-2, -9, -2, 15] [-14, -7, -16, 14] [-2, 21, -21, 4] [0, 0, 0, 0] [-13, 24, 6, -4] [-11, -1, -10, 1] [-3, -7, -14, 1]
[14, 7, -7, 9] [-4, -5, -2, 7] [-4, -2, -1, 0] [-3, -3, 18, -4] [0, -12, 1, -10] [-7, 15, 20, -2] [1, 3, -8, -10]
[-1, -3, 18, -4] [8, -6, 9, 10] [0, 4, 6, 15] [1, -12, -1, -11] [5, -8, 0, -7] [-4, 2, -9, 10] [-2, 23, -19, 10]
[-3, -7, -5, -7] [1, 3, 4, -18] [-1, -1, 0, -4] [-15, -6, 7, -28] [17, 12, -8, -5] [11, 7, 14, -1] [-18, -8, 9, -11]
------------------------------
ALIVE
Head: (6 43)
Body: (6 43) (6 42) (7 42) (8 42) (8 41) (9 41) (9 40) (10 40) (11 40) (12 40) (12 39) (12 38) (13 38) (14 38) 
Length: 14, 4
Vision: 3
Hungry, suplies: 4/10
Reproductive: 16, mutating: 0.25
Generation: 9189
####################################
Wall (up, right, down, left):
[1, -6, -13, -5] [9, 8, 1, 22] [-5, 2, 23, 2] [2, 18, 7, 14] [9, 7, 6, -5] [-8, -2, -7, -10] [6, -4, 4, -12]
[0, 3, -7, -3] [3, 22, 3, 8] [0, -2, -5, 14] [-10, -7, 7, 12] [5, -10, 11, 7] [-11, 8, 14, 1] [-7, -8, 0, 3]
[8, 6, 6, -15] [0, 10, -4, 16] [5, 3, 2, -10] [-27, 4, 19, 9] [-21, -12, -18, 8] [5, -20, -3, 9] [-11, -4, 0, 8]
[-6, -1, 4, -19] [7, 15, -6, -7] [-10, 6, -1, -52] [0, 0, 0, 0] [5, -41, 7, 10] [6, -14, 7, 18] [-2, -8, -3, -10]
[-1, -3, -15, -5] [3, 12, 1, 8] [3, -1, -15, 1] [8, 0, -28, -15] [9, -8, -10, 18] [6, 11, -10, 9] [-7, -5, 4, -5]
[-6, 16, 6, -10] [0, -5, -11, -23] [-2, -12, 1, -2] [-5, -1, 7, -1] [9, 5, -16, 4] [16, 11, -6, -13] [13, -2, -1, 7]
[0, -3, -18, -3] [-3, -5, -3, -9] [-9, -5, -11, -2] [-1, 19, -3, -3] [14, -2, -1, 12] [4, 4, -13, -3] [-2, -2, 6, -1]
Food (up, right, down, left):
[20, 9, -5, 10] [-1, 6, -4, -6] [-1, 6, -15, 10] [1, -7, 1, 2] [-5, 10, -3, 19] [10, -13, 6, 5] [-10, 2, 3, -12]
[-13, -11, -12, -4] [-7, 6, 5, -2] [17, 7, 3, 15] [-13, 7, -11, 8] [7, 0, 2, -10] [8, -9, 10, 12] [-14, -8, -1, 0]
[-8, 4, -7, 5] [0, 1, 10, -11] [2, -27, -3, 7] [17, -16, 3, -16] [-10, -3, -5, 2] [3, 1, -4, -15] [5, -2, 12, 16]
[-2, -9, -2, 15] [-14, -7, -16, 14] [-2, 21, -21, 4] [0, 0, 0, 0] [-13, 24, 6, -4] [-11, -1, -5, 1] [-3, -7, -14, 1]
[14, 12, -7, 9] [-4, -5, -2, 7] [-4, -2, -1, 0] [-3, -3, 18, -4] [0, -12, 1, -10] [-7, 15, 20, -2] [1, 3, -8, -10]
[-1, -3, 18, -4] [8, -6, 9, 10] [-1, 4, 6, 15] [3, -12, -1, -11] [5, -8, 0, -7] [-4, 6, -9, 12] [-2, 23, -19, 10]
[-3, -7, -5, -7] [1, 3, 4, -18] [-1, -1, 5, -4] [-15, -6, 7, -28] [17, 12, -8, -5] [11, 7, 14, -1] [-18, -8, 9, -11]
------------------------------
ALIVE
Head: (12 8)
Body: (12 8) (12 7) (12 6) (12 5) (12 4) (12 3) (12 2) (13 2) (13 3) (13 4) (13 5) (13 6) (13 7) 
Length: 13, 4
Vision: 3
Hungry, suplies: 5/10
Reproductive: 16, mutating: 0.25
Generation: 9194
####################################
Wall (up, right, down, left):
[1, -6, -13, -5] [9, 8, 1, 22] [-5, 2, 23, 2] [2, 18, 7, 14] [9, 7, 6, -5] [-8, -2, -7, -10] [6, -4, 4, -12]
[0, 3, -7, -3] [3, 22, 3, 8] [0, -2, -5, 14] [-10, -7, 7, 12] [5, -10, 11, 7] [-11, 8, 14, 1] [-7, -8, 0, 3]
[8, 6, 6, -15] [0, 10, -4, 16] [5, 3, 2, -10] [-27, 4, 19, 9] [-21, -12, -18, 5] [5, -20, -3, 9] [-11, -4, 0, 8]
[-6, -1, 4, -19] [7, 15, -6, -7] [-10, 6, -1, -52] [0, 0, 0, 0] [5, -41, 7, 10] [6, -14, 7, 18] [-2, -8, -3, -10]
[-1, -3, -15, -5] [3, 12, 1, 8] [3, -1, -15, 1] [8, 0, -28, -15] [9, -8, -10, 18] [6, 11, -10, 9] [-7, -5, 4, -5]
[-6, 16, 6, -10] [0, -5, -11, -23] [-2, -12, 1, -2] [-5, -1, 7, -1] [9, 5, -16, 4] [16, 11, -6, -13] [13, -2, -1, 7]
[0, -3, -18, -3] [-3, -5, -3, -9] [-9, -5, -11, -2] [-1, 19, -3, -3] [14, -2, -1, 12] [4, 4, -13, -3] [-2, -2, 6, -1]
Food (up, right, down, left):
[20, 9, -5, 10] [-1, 6, -4, -6] [-1, 6, -15, 10] [1, -7, 1, 2] [-5, 10, -3, 19] [10, -13, 6, 5] [-10, 2, 3, -12]
[-13, -11, -12, -4] [-7, 6, 5, -2] [17, 7, 3, 15] [-13, 7, -11, 8] [7, 0, 2, -10] [8, -9, 10, 12] [-14, -8, -1, 0]
[-8, 4, -7, 5] [0, 1, 10, -11] [2, -27, -3, 7] [17, -16, 3, -16] [-10, -3, -5, 2] [3, 1, -4, -15] [5, -2, 12, 16]
[-2, -9, -2, 15] [-14, -7, -16, 14] [-2, 21, -21, 4] [0, 0, 0, 0] [-13, 24, 6, -4] [-11, -1, -5, 1] [-3, -7, -14, 1]
[14, 12, -7, 9] [-4, -5, -2, 7] [-4, -2, -1, 0] [-3, -3, 18, -4] [0, -12, 1, -10] [-7, 15, 20, -2] [1, 3, -8, -10]
[-1, -3, 18, -4] [8, -6, 9, 10] [-1, 4, 6, 15] [3, -12, -1, -11] [5, -8, 0, -7] [-4, 6, -9, 12] [-2, 23, -19, 10]
[-3, -7, -5, -7] [1, 3, 4, -18] [-1, -1, 5, -4] [-15, -6, 7, -28] [17, 12, -8, -5] [11, 7, 14, -1] [-18, -8, 9, -11]
------------------------------
ALIVE
Head: (6 46)
Body: (6 46) (6 47) (7 47) (7 46) (7 45) (7 44) (8 44) (9 44) (9 45) (10 45) (10 46) (11 46) 
Length: 12, 4
Vision: 3
Hungry, suplies: 2/10
Reproductive: 16, mutating: 0.25
Generation: 9192
####################################
Wall (up, right, down, left):
[1, -6, -13, -5] [9, 8, 1, 22] [-5, 2, 22, -2] [2, 18, 7, 14] [9, 7, 6, -5] [-8, -2, -7, -10] [6, -4, 4, -12]
[0, 3, -7, -3] [3, 22, 3, 8] [0, -2, -5, 14] [-12, -7, 7, 12] [5, -10, 11, 7] [-11, 8, 14, 1] [-7, -8, 4, 3]
[8, 6, 6, -15] [0, 12, -4, 16] [5, 3, 2, -10] [-27, 4, 19, 9] [-17, -12, -18, 5] [5, -20, -3, 9] [-11, -4, 0, 8]
[-6, -1, 4, -19] [7, 15, -6, -7] [-10, 6, -1, -52] [0, 0, 0, 0] [5, -41, 7, 10] [6, -14, 2, 18] [-2, -8, -3, -10]
[-1, -3, -13, -5] [3, 14, 1, 8] [3, -1, -15, 1] [8, 2, -28, -15] [9, -8, -10, 18] [6, 11, -10, 9] [-7, -5, 4, -5]
[-6, 16, 6, -10] [0, -5, -11, -23] [-2, -7, 1, -2] [-5, -1, 7, -4] [9, 5, -16, 4] [11, 6, -6, -13] [13, -2, -1, 7]
[0, -3, -18, -3] [-3, -5, -3, -9] [-9, 0, -11, -2] [-1, 19, -3, -3] [14, -2, -1, 12] [4, 4, -13, -3] [-2, -2, 6, -1]
Food (up, right, down, left):
[20, 9, -5, 10] [-1, 6, -4, -6] [-1, 6, -15, 9] [1, -7, 1, 2] [-5, 10, -3, 19] [10, -13, 6, 5] [-10, 2, 3, -12]
[-13, -11, -12, -4] [-7, 6, 5, -2] [17, 7, 3, 15] [-13, 7, -11, 10] [7, 0, 2, -10] [8, -9, 10, 12] [-14, -8, -4, 0]
[-8, 4, -7, 5] [4, 1, 10, -11] [2, -27, -3, 7] [17, -16, 3, -16] [-10, -3, -5, 5] [3, 1, -4, -15] [5, -2, 12, 16]
[-2, -9, -2, 15] [-14, -7, -16, 14] [-2, 21, -21, 4] [0, 0, 0, 0] [-13, 24, 6, -4] [-11, -1, -10, 1] [-3, -7, -14, 1]
[14, 7, -7, 9] [-4, -5, 1, 7] [-4, -2, -1, 0] [-3, -7, 18, -4] [0, -12, 1, -10] [-7, 15, 20, -2] [1, 3, -8, -10]
[-1, -3, 18, -4] [8, -6, 9, 10] [0, 4, 6, 15] [1, -12, -1, -11] [5, -8, 0, -7] [-4, 2, -9, 10] [-2, 23, -19, 10]
[-3, -7, -5, -7] [1, 3, 4, -18] [-1, -1, 0, -4] [-15, -6, 7, -28] [17, 12, -8, -5] [11, 7, 14, -1] [-18, -8, 9, -11]
------------------------------
ALIVE
Head: (24 14)
Body: (24 14) (23 14) (23 15) (23 16) (23 17) (24 17) (24 18) (24 19) (24 20) (23 20) (23 21) (23 22) (-1 22) (0 22) (0 23) 
Length: 15, 4
Vision: 3
Hungry, suplies: 6/10
Reproductive: 16, mutating: 0.25
Generation: 9191
####################################
Wall (up, right, down, left):
[1, -6, -13, -5] [9, 8, 1, 22] [-5, 2, 23, 2] [2, 18, 7, 14] [9, 7, 6, -5] [-8, -2, -7, -10] [6, -4, 4, -12]
[0, 3, -7, -3] [3, 22, 3, 8] [0, -2, -5, 14] [-12, -7, 7, 12] [3, -10, 11, 7] [-11, 8, 14, 1] [-7, -8, 4, 3]
[8, 6, 6, -15] [0, 10, -4, 16] [5, 3, 2, -10] [-27, 4, 19, 9] [-21, -12, -18, 5] [5, -20, -3, 9] [-11, -4, 0, 8]
[-6, -1, 4, -19] [7, 15, -6, -7] [-10, 6, -1, -52] [0, 0, 0, 0] [5, -41, 7, 10] [6, -14, 7, 18] [-2, -8, -3, -10]
[-1, -3, -13, -5] [3, 12, 1, 8] [3, -1, -15, 1] [8, 0, -28, -15] [9, -8, -10, 18] [6, 11, -10, 9] [-7, -5, 4, -5]
[-6, 16, 6, -10] [0, -5, -11, -23] [-2, -7, 1, -2] [-5, -1, 7, -1] [9, 5, -16, 4] [11, 11, -6, -13] [13, -2, -1, 7]
[0, -3, -18, -3] [-3, -5, -3, -9] [-9, -5, -11, -2] [-1, 19, -3, -3] [14, -2, -1, 12] [4, 4, -13, -3] [-2, -2, 6, -1]
Food (up, right, down, left):
[20, 9, -5, 10] [-1, 6, -4, -6] [-1, 6, -15, 10] [1, -7, 1, 2] [-5, 10, -3, 19] [10, -13, 6, 5] [-10, 2, 3, -12]
[-13, -11, -12, -4] [-7, 6, 5, -2] [17, 7, 3, 15] [-13, 7, -11, 10] [8, 0, 2, -10] [8, -9, 10, 12] [-14, -8, -4, 0]
[-8, 4, -7, 5] [0, 1, 10, -11] [2, -27, -3, 7] [17, -16, 3, -16] [-10, -3, -5, 2] [3, 1, -4, -15] [5, -2, 12, 16]
[-2, -9, -2, 15] [-14, -7, -16, 14] [-2, 21, -21, 4] [0, 0, 0, 0] [-13, 24, 6, -4] [-11, -1, -5, 1] [-3, -7, -14, 1]
[14, 7, -7, 9] [-4, -5, -2, 7] [-4, -2, -1, 0] [-3, -3, 18, -4] [0, -12, 1, -10] [-7, 15, 20, -2] [1, 3, -8, -10]
[-1, -3, 18, -4] [8, -6, 9, 10] [0, 4, 4, 15] [3, -12, -1, -11] [5, -8, 0, -7] [-4, 2, -9, 12] [-2, 23, -19, 10]
[-3, -7, -5, -7] [1, 3, 4, -18] [-1, -1, 5, -4] [-15, -6, 7, -28] [17, 12, -8, -5] [11, 7, 14, -1] [-18, -8, 9, -11]
------------------------------
ALIVE
Head: (20 13)
Body: (20 13) (20 14) (20 15) (21 15) (21 16) (21 17) (21 18) (21 19) (20 19) (19 19) (19 20) (18 20) (17 20) (16 20) (15 20) 
Length: 15, 4
Vision: 3
Hungry, suplies: 10/10
Reproductive: 16, mutating: 0.25
Generation: 9192
####################################
Wall (up, right, down, left):
[1, -6, -13, -5] [9, 8, 1, 22] [-5, 2, 23, 2] [2, 18, 7, 14] [9, 7, 11, -5] [-8, -2, -7, -10] [6, -4, 4, -12]
[0, 3, -7, -3] [3, 22, 3, 8] [0, -2, -5, 14] [-12, -7, 7, 12] [5, -10, 11, 7] [-11, 8, 14, 1] [-7, -8, 4, 3]
[8, 6, 6, -15] [0, 10, -4, 16] [5, 3, 2, -10] [-27, 4, 19, 9] [-21, -12, -18, 5] [5, -20, -3, 9] [-11, -4, 0, 8]
[-6, -1, 4, -19] [7, 15, -6, -7] [-10, 6, -1, -52] [0, 0, 0, 0] [5, -41, 7, 10] [6, -14, 7, 18] [-2, -8, -3, -10]
[-1, -3, -13, -5] [3, 12, 1, 8] [3, -1, -15, 1] [8, 0, -28, -15] [9, -8, -10, 18] [6, 11, -10, 9] [-7, -5, 4, -5]
[-6, 16, 6, -10] [0, -5, -11, -23] [-2, -7, 1, -2] [-5, -1, 3, -1] [9, 5, -16, 4] [11, 11, -6, -13] [13, -2, -1, 7]
[0, -3, -18, -3] [-3, -5, -3, -9] [-9, -5, -11, -2] [-1, 19, -3, -3] [14, -2, -1, 12] [4, 4, -13, -3] [-2, -2, 6, -1]
Food (up, right, down, left):
[20, 9, -5, 10] [-1, 6, -4, -6] [-1, 6, -15, 10] [1, -7, 1, 2] [-2, 10, -3, 19] [10, -13, 6, 5] [-10, 2, 3, -12]
[-13, -11, -12, -4] [-7, 6, 5, -2] [17, 7, 3, 15] [-13, 7, -11, 10] [7, 0, 2, -10] [8, -9, 10, 12] [-14, -8, -4, 0]
[-8, 4, -7, 5] [0, 1, 10, -11] [2, -27, -3, 7] [17, -16, 3, -16] [-10, -3, -5, 2] [3, 1, -4, -15] [5, -2, 12, 16]
[-2, -9, -2, 15] [-14, -7, -16, 14] [-2, 21, -21, 4] [0, 0, 0, 0] [-13, 24, 6, -4] [-11, -1, -5, 1] [-3, -7, -14, 1]
[14, 7, -7, 9] [-4, -5, -2, 7] [-4, -2, -1, 0] [-3, -3, 18, -4] [0, -12, 1, -10] [-7, 15, 20, -2] [1, 3, -8, -10]
[-1, -3, 18, -4] [8, -6, 9, 10] [0, 4, 4, 15] [-2, -12, -1, -11] [5, -8, 0, -7] [-4, 2, -9, 12] [-2, 23, -19, 10]
[-3, -7, -5, -7] [1, 3, 4, -18] [-1, -1, 5, -4] [-15, -6, 7, -28] [17, 12, -8, -5] [11, 7, 14, -1] [-18, -8, 9, -11]
------------------------------
ALIVE
Head: (8 9)
Body: (8 9) (8 8) (8 7) (8 6) (9 6) (9 5) (9 4) (9 3) (10 3) (10 2) (11 2) (11 1) (11 57) (11 56) 
Length: 14, 4
Vision: 3
Hungry, suplies: 10/10
Reproductive: 16, mutating: 0.25
Generation: 9193
####################################
Wall (up, right, down, left):
[1, -6, -13, -5] [9, 8, 1, 22] [-5, 2, 23, 2] [2, 18, 7, 14] [9, 7, 6, -5] [-8, -2, -7, -10] [6, -4, 4, -12]
[0, 3, -7, -3] [3, 22, 3, 8] [0, -2, -5, 14] [-10, -7, 7, 12] [5, -10, 11, 7] [-11, 8, 14, 1] [-7, -8, 0, 3]
[8, 6, 6, -15] [0, 10, -4, 16] [5, 3, 2, -10] [-27, 4, 19, 9] [-21, -12, -18, 5] [5, -20, -3, 9] [-11, -4, 0, 8]
[-6, -1, 4, -19] [7, 15, -6, -7] [-10, 6, -1, -52] [0, 0, 0, 0] [5, -41, 7, 10] [6, -14, 7, 18] [-2, -8, -3, -10]
[-1, -3, -15, -5] [3, 12, 1, 8] [3, -1, -15, 1] [8, 0, -28, -15] [9, -8, -10, 18] [6, 11, -10, 9] [-7, -5, 4, -5]
[-6, 16, 6, -10] [0, -5, -11, -23] [-2, -12, 1, -2] [-5, -1, 7, -1] [9, 5, -16, 4] [16, 11, -6, -13] [13, -2, -1, 7]
[0, -3, -18, -3] [-3, -5, -3, -9] [-9, -5, -11, -2] [-1, 19, -3, -3] [14, -2, -1, 12] [4, 4, -13, -3] [-2, -2, 6, -1]
Food (up, right, down, left):
[20, 9, -5, 10] [-1, 6, -4, -6] [-1, 6, -15, 10] [1, -7, 1, 2] [-5, 10, -3, 19] [10, -13, 6, 5] [-10, 2, 3, -12]
[-13, -11, -12, -4] [-7, 6, 5, -2] [17, 7, 3, 15] [-13, 7, -11, 8] [7, 0, 2, -10] [8, -9, 10, 12] [-14, -8, -1, 0]
[-8, 4, -7, 5] [0, 1, 10, -11] [2, -27, -3, 7] [17, -16, 3, -16] [-10, -3, -5, 2] [3, 1, -4, -15] [5, -2, 12, 16]
[-2, -9, -2, 15] [-14, -7, -16, 14] [-2, 21, -21, 4] [0, 0, 0, 0] [-13, 24, 6, -4] [-11, -1, -5, 1] [-3, -7, -14, 1]
[14, 12, -7, 9] [-4, -5, -2, 7] [-4, -2, -1, 0] [-3, -3, 18, -4] [0, -12, 1, -10] [-7, 15, 20, -2] [1, 3, -8, -10]
[-1, -3, 18, -4] [8, -6, 9, 10] [-1, 4, 6, 15] [3, -12, -1, -11] [5, -8, 0, -7] [-4, 6, -9, 12] [-2, 23, -19, 10]
[-3, -7, -5, -7] [1, 3, 4, -18] [-1, 4, 5, -4] [-15, -6, 7, -28] [17, 12, -8, -5] [11, 7, 14, -1] [-18, -8, 9, -11]
------------------------------
ALIVE
Head: (0 30)
Body: (0 30) (0 29) (1 29) (2 29) (3 29) (4 29) (4 28) (4 27) (4 26) (4 25) (4 24) (4 23) (4 22) (4 21) 
Length: 14, 4
Vision: 3
Hungry, suplies: 8/10
Reproductive: 16, mutating: 0.25
Generation: 9194
####################################
Wall (up, right, down, left):
[1, -6, -13, -5] [9, 8, 1, 22] [-5, 2, 23, 2] [2, 18, 7, 14] [9, 7, 6, -5] [-8, -2, -7, -10] [6, -4, 4, -12]
[0, 3, -7, -3] [3, 22, 3, 8] [0, -2, -5, 14] [-12, -7, 7, 12] [5, -10, 11, 7] [-11, 8, 14, 1] [-7, -8, 4, 3]
[8, 6, 6, -15] [0, 10, -4, 16] [5, 3, 2, -10] [-27, 4, 19, 9] [-21, -12, -18, 5] [5, -20, -3, 9] [-11, -4, 0, 8]
[-6, -1, 4, -19] [7, 15, -6, -7] [-10, 6, -1, -52] [0, 0, 0, 0] [5, -41, 7, 10] [6, -14, 7, 18] [-2, -8, -3, -10]
[-1, -3, -13, -5] [3, 12, 1, 8] [3, -1, -15, 1] [8, 0, -28, -15] [9, -8, -10, 18] [6, 11, -10, 9] [-7, -5, 4, -5]
[-6, 16, 6, -10] [0, -5, -11, -23] [-2, -7, 1, -2] [-5, -1, 3, -1] [9, 5, -16, 4] [11, 7, -6, -13] [13, -2, -1, 7]
[0, -3, -18, -3] [-3, -5, -3, -9] [-9, -5, -11, -2] [-1, 19, -3, -3] [14, -2, -1, 12] [4, 4, -13, -3] [-2, -2, 6, -1]
Food (up, right, down, left):
[20, 9, -5, 10] [-1, 6, -4, -6] [-1, 6, -15, 10] [1, -7, 1, 2] [-5, 10, -3, 19] [10, -13, 6, 5] [-10, 2, 3, -12]
[-13, -11, -12, -4] [-7, 6, 5, -2] [17, 7, 3, 15] [-13, 7, -11, 10] [7, 0, 2, -10] [8, -9, 10, 12] [-14, -8, -4, 0]
[-8, 4, -7, 5] [0, 1, 10, -11] [2, -27, -3, 7] [17, -16, 3, -16] [-10, -3, -5, 2] [3, 1, -4, -15] [5, -2, 12, 16]
[-2, -9, -2, 15] [-14, -7, -16, 14] [-2, 21, -21, 4] [0, 0, 0, 0] [-13, 24, 6, -4] [-11, -1, -5, 1] [-3, -7, -14, 1]
[14, 7, -7, 9] [-4, -5, -2, 7] [-4, -2, -1, 0] [-3, -3, 18, -4] [0, -12, 1, -10] [-7, 15, 20, -2] [1, 3, -8, -10]
[-1, -3, 18, -4] [8, -6, 9, 10] [0, 4, 4, 15] [-2, -12, -1, -11] [5, -8, 0, -7] [-4, 2, -9, 14] [-2, 23, -19, 10]
[-3, -7, -5, -7] [1, 3, 4, -18] [-1, -1, 5, -4] [-15, -6, 7, -28] [17, 12, -8, -5] [11, 7, 14, -1] [-18, -8, 9, -11]
------------------------------
ALIVE
Head: (4 46)
Body: (4 46) (4 47) (4 48) (4 49) (5 49) (6 49) (7 49) (7 48) 
Length: 8, 4
Vision: 3
Hungry, suplies: 9/10
Reproductive: 16, mutating: 0.25
Generation: 9192
####################################
Wall (up, right, down, left):
[1, -6, -13, -5] [9, 8, 1, 22] [-5, 2, 23, 2] [2, 18, 7, 14] [9, 7, 6, -5] [-8, -2, -7, -10] [6, -4, 4, -12]
[0, 3, -7, -3] [3, 22, 3, 8] [0, -2, -5, 14] [-10, -7, 7, 12] [5, -10, 11, 7] [-11, 8, 14, 1] [-7, -8, 0, 3]
[8, 6, 6, -15] [0, 10, -4, 16] [5, 3, 2, -10] [-27, 4, 19, 9] [-21, -12, -18, 8] [5, -20, -3, 9] [-11, -4, 0, 8]
[-6, -1, 4, -19] [7, 15, -6, -7] [-10, 6, -1, -52] [0, 0, 0, 0] [5, -41, 7, 10] [6, -14, 7, 18] [-2, -8, -3, -10]
[-1, -3, -15, -5] [3, 12, 1, 8] [3, -1, -15, 1] [8, 0, -28, -15] [9, -8, -10, 18] [6, 11, -10, 9] [-7, -5, 4, -5]
[-6, 16, 6, -10] [0, -5, -11, -23] [-2, -12, 1, -2] [-5, -1, 7, -1] [9, 5, -16, 4] [16, 11, -6, -13] [13, -2, -1, 7]
[0, -3, -18, -3] [-3, -5, -3, -9] [-9, -5, -11, -2] [-1, 19, -3, -3] [14, -2, -1, 12] [4, 4, -13, -3] [-2, -2, 6, -1]
Food (up, right, down, left):
[20, 9, -5, 10] [-1, 6, -4, -6] [-1, 6, -15, 10] [1, -7, 1, 2] [-5, 10, -3, 19] [10, -13, 6, 5] [-10, 2, 3, -12]
[-13, -11, -12, -4] [-7, 6, 5, -2] [17, 7, 3, 15] [-13, 7, -11, 8] [7, 0, 2, -10] [8, -9, 10, 12] [-14, -8, -1, 0]
[-8, 4, -7, 5] [0, 1, 10, -11] [2, -27, -3, 7] [17, -16, 3, -16] [-10, -3, -5, 2] [3, 1, -4, -15] [5, -2, 12, 16]
[-2, -9, -2, 15] [-14, -7, -16, 14] [-2, 21, -21, 4] [0, 0, 0, 0] [-13, 24, 6, -4] [-11, -1, -5, 1] [-3, -7, -14, 1]
[14, 12, -7, 9] [-4, -5, -2, 7] [-4, -2, -1, 0] [-3, -3, 18, -4] [0, -12, 1, -10] [-7, 15, 20, -2] [1, 3, -8, -10]
[-1, -3, 18, -4] [8, -6, 9, 10] [-1, 4, 6, 15] [3, -12, -1, -11] [5, -8, 0, -7] [-4, 6, -9, 12] [-2, 23, -19, 10]
[-3, -7, -5, -7] [1, 3, 4, -18] [-1, -1, 5, -4] [-15, -6, 7, -28] [17, 12, -8, -5] [11, 7, 14, -1] [-18, -8, 9, -11]
------------------------------
ALIVE
Head: (18 6)
Body: (18 6) (18 7) (18 8) (17 8) (17 9) (17 10) (17 11) (16 11) (16 12) (16 13) (16 14) (15 14) (14 14) (13 14) 
Length: 14, 4
Vision: 3
Hungry, suplies: 10/10
Reproductive: 16, mutating: 0.25
Generation: 9195
####################################
Wall (up, right, down, left):
[1, -6, -13, -5] [9, 8, 1, 22] [-5, 2, 22, -2] [2, 18, 7, 14] [9, 7, 6, -5] [-8, -2, -7, -10] [6, -4, 4, -12]
[0, 3, -7, -3] [3, 22, 3, 8] [0, -2, -5, 14] [-12, -7, 7, 12] [5, -10, 11, 7] [-11, 8, 14, 1] [-7, -8, 4, 3]
[8, 6, 6, -15] [0, 12, -4, 16] [5, 3, 2, -10] [-27, 4, 19, 9] [-17, -12, -18, 5] [5, -20, -3, 9] [-11, -4, 0, 8]
[-6, -1, 4, -19] [7, 15, -6, -7] [-10, 6, -1, -52] [0, 0, 0, 0] [5, -41, 7, 10] [6, -14, 2, 18] [-2, -8, -3, -10]
[-1, -3, -13, -5] [3, 14, 1, 8] [3, -1, -12, 1] [8, 2, -28, -15] [9, -8, -10, 18] [6, 11, -10, 9] [-7, -5, 4, -5]
[-6, 16, 6, -10] [0, -5, -11, -23] [-2, -7, 1, -2] [-5, -1, 7, -4] [9, 5, -16, 4] [11, 6, -6, -13] [13, -2, -1, 7]
[0, -3, -18, -3] [-3, -5, -3, -9] [-9, 0, -11, -2] [-1, 19, -3, -3] [14, -2, -1, 12] [4, 4, -13, -3] [-2, -2, 6, -1]
Food (up, right, down, left):
[20, 9, -5, 10] [-1, 6, -4, -6] [-1, 6, -15, 9] [1, -7, 1, 2] [-5, 10, -3, 19] [10, -13, 6, 5] [-10, 2, 3, -12]
[-13, -11, -12, -4] [-7, 6, 5, -2] [17, 7, 3, 15] [-13, 7, -11, 10] [7, 0, 2, -10] [8, -9, 10, 12] [-14, -8, -4, 0]
[-8, 4, -7, 5] [4, 1, 10, -11] [2, -27, -3, 7] [17, -16, 3, -16] [-10, -3, -5, 5] [3, 1, -4, -15] [5, -2, 12, 16]
[-2, -9, -2, 15] [-14, -7, -16, 14] [-2, 21, -21, 4] [0, 0, 0, 0] [-13, 24, 6, -4] [-11, -1, -10, 1] [-3, -7, -14, 1]
[14, 7, -7, 9] [-4, -5, 1, 7] [-4, -2, -1, -2] [-3, -7, 18, -4] [0, -12, 1, -10] [-7, 15, 20, -2] [1, 3, -8, -10]
[-1, -3, 18, -4] [8, -6, 9, 10] [0, 4, 6, 15] [1, -12, -1, -11] [5, -8, 0, -7] [-4, 2, -9, 10] [-2, 23, -19, 10]
[-3, -7, -5, -7] [1, 3, 4, -18] [-1, -1, 0, -4] [-15, -6, 7, -28] [17, 12, -8, -5] [11, 7, 14, -1] [-18, -8, 9, -11]
------------------------------
ALIVE
Head: (1 4)
Body: (1 4) (1 3) (1 2) (1 1) (1 0) (1 56) (1 55) (1 54) 
Length: 8, 4
Vision: 3
Hungry, suplies: 8/10
Reproductive: 16, mutating: 0.25
Generation: 9191
####################################
Wall (up, right, down, left):
[1, -6, -13, -5] [9, 8, 1, 22] [-5, 2, 23, 2] [2, 18, 7, 14] [9, 7, 6, -5] [-8, -2, -7, -10] [6, -4, 4, -12]
[0, 3, -7, -3] [3, 22, 3, 8] [0, -2, -5, 14] [-12, -7, 7, 12] [5, -10, 11, 7] [-11, 8, 14, 1] [-7, -8, 4, 3]
[8, 6, 6, -15] [0, 10, -4, 16] [5, 3, 2, -10] [-27, 4, 19, 9] [-21, -12, -18, 5] [5, -20, -3, 9] [-11, -4, 0, 8]
[-6, -1, 4, -19] [7, 15, -6, -7] [-10, 6, -1, -52] [0, 0, 0, 0] [5, -41, 7, 10] [6, -14, 7, 18] [-2, -8, -3, -10]
[-1, -3, -13, -5] [3, 12, 1, 8] [3, -1, -15, 1] [8, 0, -28, -15] [9, -8, -10, 18] [6, 11, -10, 9] [-7, -5, 4, -5]
[-6, 16, 6, -10] [0, -5, -11, -23] [-2, -7, 1, -2] [-5, -1, 3, -1] [9, 5, -16, 4] [11, 11, -6, -13] [13, -2, -1, 7]
[0, -3, -18, -3] [-3, -5, -3, -9] [-9, -5, -11, -2] [-1, 19, -3, -3] [14, -2, -1, 12] [4, 4, -13, -3] [-2, -2, 6, -1]
Food (up, right, down, left):
[20, 9, -5, 10] [-1, 6, -4, -6] [-1, 6, -15, 10] [1, -7, 1, 2] [-5, 10, -3, 19] [10, -13, 6, 5] [-10, 2, 3, -12]
[-13, -11, -12, -4] [-7, 6, 5, -2] [17, 7, 3, 15] [-13, 7, -11, 10] [7, 0, 2, -10] [8, -9, 10, 12] [-14, -8, -4, 0]
[-8, 4, -7, 5] [0, 1, 10, -11] [2, -27, -3, 7] [17, -16, 3, -16] [-10, -3, -5, 2] [3, 1, -4, -15] [5, -2, 12, 16]
[-2, -9, -2, 15] [-14, -7, -16, 14] [-2, 21, -21, 4] [0, 0, 0, 0] [-13, 24, 6, -4] [-11, -1, -5, 1] [-3, -7, -14, 1]
[14, 7, -7, 9] [-4, -5, -2, 7] [-4, -2, -1, 0] [-3, -3, 18, -4] [0, -12, 1, -10] [-7, 15, 20, -2] [1, 3, -8, -10]
[-1, -3, 18, -4] [8, -6, 9, 10] [0, 4, 4, 15] [-2, -12, -1, -11] [5, -8, 0, -7] [-4, 2, -9, 12] [-2, 23, -19, 10]
[-3, -7, -5, -7] [1, 3, 4, -18] [-1, -1, 5, -4] [-15, -6, 7, -28] [17, 12, -8, -5] [11, 7, 14, -1] [-18, -8, 9, -11]
------------------------------
ALIVE
Head: (2 41)
Body: (2 41) (1 41) (25 41) (24 41) (24 40) (23 40) (23 41) (23 42) (23 43) (23 44) (23 45) (23 46) (23 47) (22 47) (22 46) 
Length: 15, 4
Vision: 3
Hungry, suplies: 7/10
Reproductive: 16, mutating: 0.25
Generation: 9193
####################################
Wall (up, right, down, left):
[1, -6, -13, -5] [9, 8, 1, 22] [-5, 2, 23, 2] [2, 18, 7, 14] [9, 7, 6, -5] [-8, -2, -7, -10] [6, -4, 4, -12]
[0, 3, -7, -3] [3, 22, 3, 8] [0, -2, -5, 14] [-12, -7, 7, 12] [3, -10, 11, 7] [-11, 8, 14, 1] [-7, -8, 4, 3]
[8, 6, 6, -15] [0, 10, -4, 16] [5, 3, 2, -10] [-27, 4, 19, 9] [-21, -12, -18, 5] [5, -20, -3, 9] [-11, -4, 0, 8]
[-6, -1, 4, -19] [7, 15, -6, -7] [-10, 6, -1, -52] [0, 0, 0, 0] [5, -41, 7, 10] [6, -14, 7, 18] [-2, -8, -3, -10]
[-1, -3, -13, -5] [3, 12, 1, 8] [3, -1, -15, 1] [8, 0, -28, -15] [9, -8, -10, 18] [6, 11, -10, 9] [-7, -5, 4, -5]
[-6, 16, 6, -10] [0, -5, -11, -23] [-2, -7, 1, -2] [-5, -1, 7, -1] [9, 5, -16, 4] [11, 11, -6, -13] [13, -2, -1, 7]
[0, -3, -18, -3] [-3, -5, -3, -9] [-9, -5, -11, -2] [-1, 19, -3, -3] [14, -2, -1, 12] [4, 4, -13, -3] [-2, -2, 6, -1]
Food (up, right, down, left):
[20, 9, -5, 10] [-1, 6, -4, -6] [-1, 6, -15, 10] [1, -7, 1, 2] [-5, 10, -3, 19] [10, -13, 6, 5] [-10, 2, 3, -12]
[-13, -11, -12, -4] [-7, 6, 5, -2] [17, 7, 3, 15] [-13, 7, -11, 10] [8, 0, 2, -10] [8, -9, 10, 12] [-14, -8, -4, 0]
[-8, 4, -7, 5] [0, 1, 10, -11] [2, -27, -3, 7] [17, -16, 3, -16] [-10, -3, -5, 2] [3, 1, -4, -15] [5, -2, 12, 16]
[-2, -9, -2, 15] [-14, -7, -16, 14] [-2, 21, -21, 4] [0, 0, 0, 0] [-13, 24, 6, -4] [-11, -1, -5, 1] [-3, -7, -14, 1]
[14, 7, -7, 9] [-4, -5, -2, 7] [-4, -2, -1, 0] [-3, -3, 18, -4] [0, -12, 1, -10] [-7, 15, 20, -2] [1, 3, -8, -10]
[-1, -3, 18, -4] [8, -6, 9, 10] [0, 4, 4, 15] [3, -12, -1, -11] [5, -8, 0, -7] [-4, 2, -9, 12] [-2, 23, -19, 10]
[-3, -7, -5, -7] [1, 3, 4, -18] [-1, -1, 5, -4] [-15, -6, 7, -28] [17, 12, -8, -5] [11, 7, 14, -1] [-18, -8, 9, -11]
------------------------------
ALIVE
Head: (7 27)
Body: (7 27) (7 28) (7 29) (7 30) (7 31) (7 32) (7 33) (7 34) (7 35) 
Length: 9, 4
Vision: 3
Hungry, suplies: 1/10
Reproductive: 16, mutating: 0.25
Generation: 9192
####################################
Wall (up, right, down, left):
[1, -6, -13, -5] [9, 8, 1, 22] [-5, 2, 23, 2] [2, 18, 7, 14] [9, 7, 6, -5] [-8, -2, -7, -10] [6, -4, 4, -12]
[0, 3, -7, -3] [3, 22, 3, 8] [0, -2, -5, 14] [-10, -7, 7, 7] [5, -10, 11, 7] [-11, 8, 14, 1] [-7, -8, 0, 3]
[8, 6, 6, -15] [0, 10, -4, 16] [5, 3, 2, -10] [-27, 4, 19, 9] [-21, -12, -18, 5] [5, -20, -3, 9] [-11, -4, 0, 8]
[-6, -1, 4, -19] [7, 15, -6, -7] [-10, 6, -1, -52] [0, 0, 0, 0] [5, -41, 7, 10] [6, -14, 7, 18] [-2, -8, -3, -10]
[-1, -3, -15, -5] [3, 12, 1, 8] [3, -1, -15, 1] [8, 0, -28, -15] [9, -8, -10, 18] [6, 11, -10, 9] [-7, -5, 4, -5]
[-6, 16, 6, -10] [0, -5, -11, -23] [-2, -12, 1, -2] [-5, -1, 7, -1] [9, 5, -16, 4] [16, 11, -6, -13] [13, -2, -1, 7]
[0, -3, -18, -3] [-3, -5, -3, -9] [-9, -5, -11, -2] [-1, 19, -3, -3] [14, -2, -1, 12] [4, 4, -13, -3] [-2, -2, 6, -1]
Food (up, right, down, left):
[20, 9, -5, 10] [-1, 6, -4, -6] [-1, 6, -15, 10] [1, -7, 1, 2] [-5, 10, -3, 19] [10, -13, 6, 5] [-10, 2, 3, -12]
[-13, -11, -12, -4] [-7, 6, 5, -2] [17, 7, 3, 15] [-13, 7, -11, 8] [7, 0, 2, -10] [8, -9, 10, 12] [-14, -8, -1, 0]
[-8, 4, -7, 5] [0, 1, 10, -11] [2, -27, -3, 7] [17, -16, 3, -16] [-10, -3, -5, 2] [3, 1, -4, -15] [5, -2, 12, 16]
[-2, -9, -2, 15] [-14, -7, -16, 14] [-2, 21, -21, 4] [0, 0, 0, 0] [-13, 24, 6, -4] [-11, -1, -5, 1] [-3, -7, -14, 1]
[14, 12, -7, 9] [-4, -5, -2, 7] [-4, -2, -1, 0] [-3, -3, 18, -4] [0, -12, 1, -10] [-7, 15, 20, -2] [1, 3, -8, -10]
[-1, -3, 18, -4] [8, -6, 9, 10] [-1, 4, 6, 15] [3, -12, -1, -11] [5, -8, 0, -7] [-4, 6, -9, 12] [-2, 23, -19, 10]
[-3, -7, -5, -7] [1, 3, 4, -18] [-1, -1, 5, -4] [-15, -6, 7, -28] [17, 12, -8, -5] [11, 7, 14, -1] [-18, -8, 9, -11]
------------------------------
ALIVE
Head: (16 6)
Body: (16 6) (16 5) (16 4) (16 3) (16 2) (16 1) (17 1) (18 1) (19 1) 
Length: 9, 4
Vision: 3
Hungry, suplies: 6/10
Reproductive: 16, mutating: 0.25
Generation: 9192
####################################
Wall (up, right, down, left):
[1, -6, -13, -5] [9, 8, 1, 22] [-5, 2, 22, -2] [2, 18, 7, 14] [9, 7, 6, -5] [-8, -2, -7, -10] [6, -4, 4, -12]
[0, 3, -7, -3] [3, 22, 3, 8] [0, -2, -5, 14] [-12, -7, 7, 12] [5, -10, 11, 7] [-11, 8, 14, 1] [-7, -8, 4, 3]
[8, 6, 6, -15] [0, 12, -4, 16] [5, 3, 2, -10] [-27, 4, 19, 9] [-17, -12, -18, 5] [5, -20, -3, 9] [-11, -4, 0, 8]
[-6, -1, 4, -19] [7, 15, -6, -4] [-10, 6, -1, -52] [0, 0, 0, 0] [5, -41, 7, 10] [6, -14, 2, 18] [-2, -8, -3, -10]
[-1, -3, -13, -5] [3, 12, 1, 8] [3, -1, -15, 1] [8, 0, -28, -15] [9, -8, -10, 18] [6, 11, -10, 9] [-7, -5, 4, -5]
[-6, 16, 6, -10] [0, -5, -11, -23] [-2, -7, 1, -2] [-5, -1, 7, -4] [9, 5, -16, 4] [11, 6, -6, -13] [13, -2, -1, 7]
[0, -3, -18, -3] [-3, -5, -3, -9] [-9, 0, -11, -2] [-1, 19, -3, -3] [14, -2, -1, 12] [4, 4, -13, -3] [-2, -2, 6, -1]
Food (up, right, down, left):
[20, 9, -5, 10] [-1, 6, -4, -6] [-1, 6, -15, 9] [1, -7, 1, 2] [-5, 10, -3, 19] [10, -13, 6, 5] [-10, 2, 3, -12]
[-13, -11, -12, -4] [-7, 6, 5, -2] [17, 7, 3, 15] [-13, 7, -11, 10] [7, 0, 2, -10] [8, -9, 10, 12] [-14, -8, -4, 0]
[-8, 4, -7, 5] [4, 1, 10, -11] [2, -27, -3, 7] [17, -16, 3, -16] [-10, -3, -5, 5] [3, 1, -4, -15] [5, -2, 12, 16]
[-2, -9, -2, 15] [-19, -7, -16, 14] [-2, 21, -21, 4] [0, 0, 0, 0] [-13, 24, 6, -4] [-11, -1, -10, 1] [-3, -7, -14, 1]
[14, 7, -7, 9] [-4, -5, -2, 7] [-4, -2, -1, 0] [-3, -3, 18, -4] [0, -12, 1, -10] [-7, 15, 20, -2] [1, 3, -8, -10]
[-1, -3, 18, -4] [8, -6, 9, 10] [0, 4, 6, 15] [1, -12, -1, -11] [5, -8, 0, -7] [-4, 2, -9, 10] [-2, 23, -19, 10]
[-3, -7, -5, -7] [1, 3, 4, -18] [-1, -1, 0, -4] [-15, -6, 7, -28] [17, 12, -8, -5] [11, 7, 14, -1] [-18, -8, 9, -11]
------------------------------
ALIVE
Head: (24 31)
Body: (-1 31) (0 31) (0 32) (0 33) (0 34) (1 34) (1 35) (1 36) (1 37) (0 37) 
Length: 10, 4
Vision: 3
Hungry, suplies: 9/10
Reproductive: 16, mutating: 0.25
Generation: 9192
####################################
Wall (up, right, down, left):
[1, -6, -13, -5] [9, 8, 1, 22] [-5, 2, 22, -2] [2, 18, 7, 14] [9, 7, 6, -5] [-8, -2, -7, -10] [6, -4, 4, -12]
[0, 3, -7, -3] [3, 22, 3, 8] [0, -2, -5, 14] [-12, -7, 7, 12] [5, -10, 11, 7] [-11, 8, 14, 1] [-7, -8, 4, 3]
[8, 6, 6, -15] [0, 12, -4, 16] [5, 3, 2, -10] [-27, 4, 19, 9] [-17, -12, -18, 5] [5, -20, -3, 9] [-11, -4, 0, 8]
[-6, -1, 4, -19] [7, 15, -6, -7] [-10, 6, -1, -52] [0, 0, 0, 0] [5, -41, 7, 10] [6, -14, 2, 18] [-2, -8, -3, -10]
[-1, -3, -13, -5] [3, 14, 1, 8] [3, -1, -12, 1] [8, 2, -28, -15] [9, -8, -10, 18] [6, 11, -10, 9] [-7, -5, 4, -5]
[-6, 16, 6, -10] [0, -5, -11, -23] [-2, -7, 1, -2] [-5, -1, 7, -4] [9, 5, -16, 4] [11, 6, -6, -13] [13, -2, -1, 7]
[0, -3, -18, -3] [-3, -5, -3, -9] [-9, 0, -11, -2] [-1, 19, -3, -3] [14, -2, -1, 12] [4, 4, -13, -3] [-2, -2, 6, -1]
Food (up, right, down, left):
[20, 9, -5, 10] [-1, 6, -4, -6] [-1, 6, -15, 9] [1, -7, 1, 2] [-5, 10, -3, 19] [10, -13, 6, 5] [-10, 2, 3, -12]
[-13, -11, -12, -4] [-7, 6, 5, -2] [17, 7, 3, 15] [-13, 7, -11, 10] [7, 0, 2, -10] [8, -9, 10, 12] [-14, -8, -4, 0]
[-8, 4, -7, 5] [4, 1, 10, -11] [2, -27, -3, 7] [17, -16, 3, -16] [-10, -3, -5, 5] [3, 1, -4, -15] [5, -2, 12, 16]
[-2, -9, -2, 15] [-14, -7, -16, 14] [-2, 21, -21, 4] [0, 0, 0, 0] [-13, 24, 6, -4] [-11, -1, -10, 1] [-3, -7, -14, 1]
[14, 7, -7, 9] [-4, -5, 1, 7] [-4, -2, -1, -2] [-3, -7, 18, -4] [0, -12, 1, -10] [-7, 15, 20, -2] [1, 3, -8, -10]
[-1, -3, 18, -4] [8, -6, 9, 10] [0, 4, 6, 15] [1, -12, -1, -11] [5, -8, 0, -7] [-4, 2, -9, 10] [-2, 23, -19, 10]
[-3, -7, -5, -7] [1, 3, 4, -18] [-1, -1, 0, -4] [-15, -6, 7, -28] [17, 12, -8, -5] [11, 7, 14, -1] [-18, -8, 9, -11]
------------------------------
ALIVE
Head: (3 43)
Body: (3 43) (3 44) (2 44) (2 45) (2 46) (2 47) (2 48) (2 49) (2 50) (2 51) 
Length: 10, 4
Vision: 3
Hungry, suplies: 10/10
Reproductive: 16, mutating: 0.25
Generation: 9192
####################################
Wall (up, right, down, left):
[1, -6, -13, -5] [5, 8, 1, 22] [-5, 2, 23, 2] [2, 18, 7, 14] [9, 7, 6, -5] [-8, -2, -7, -10] [6, -4, 4, -12]
[0, 3, -7, -3] [3, 22, 3, 8] [0, -2, -5, 14] [-12, -7, 7, 12] [5, -10, 11, 7] [-11, 8, 14, 1] [-7, -8, 4, 3]
[8, 6, 6, -15] [0, 10, -4, 16] [5, 3, 2, -10] [-27, 4, 19, 9] [-21, -12, -18, 5] [5, -20, -3, 9] [-11, -4, 0, 8]
[-6, -1, 4, -19] [7, 15, -6, -7] [-10, 6, -1, -52] [0, 0, 0, 0] [5, -41, 7, 10] [6, -14, 7, 18] [-2, -8, -3, -10]
[-1, -3, -13, -5] [3, 12, 1, 8] [3, -1, -15, 1] [8, 0, -28, -15] [9, -8, -10, 18] [6, 11, -10, 9] [-7, -5, 4, -5]
[-6, 16, 6, -10] [0, -5, -11, -23] [-2, -7, 1, -2] [-5, -1, 3, -1] [9, 5, -16, 4] [11, 7, -6, -13] [13, -2, -1, 7]
[0, -3, -18, -3] [-3, -5, -3, -9] [-9, -5, -11, -2] [-1, 19, -3, -3] [14, -2, -1, 12] [4, 4, -13, -3] [-2, -2, 6, -1]
Food (up, right, down, left):
[20, 9, -5, 10] [-1, 6, -4, -11] [-1, 6, -15, 10] [1, -7, 1, 2] [-5, 10, -3, 19] [10, -13, 6, 5] [-10, 2, 3, -12]
[-13, -11, -12, -4] [-7, 6, 5, -2] [17, 7, 3, 15] [-13, 7, -11, 10] [7, 0, 2, -10] [8, -9, 10, 12] [-14, -8, -4, 0]
[-8, 4, -7, 5] [0, 1, 10, -11] [2, -27, -3, 7] [17, -16, 3, -16] [-10, -3, -5, 2] [3, 1, -4, -15] [5, -2, 12, 16]
[-2, -9, -2, 15] [-14, -7, -16, 14] [-2, 21, -21, 4] [0, 0, 0, 0] [-13, 24, 6, -4] [-11, -1, -5, 1] [-3, -7, -14, 1]
[14, 7, -7, 9] [-4, -5, -2, 7] [-4, -2, -1, 0] [-3, -3, 18, -4] [0, -12, 1, -10] [-7, 15, 20, -2] [1, 3, -8, -10]
[-1, -3, 18, -4] [8, -6, 9, 10] [0, 4, 4, 15] [-2, -12, -1, -11] [5, -8, 0, -7] [-4, 2, -9, 14] [-2, 23, -19, 10]
[-3, -7, -5, -7] [1, 3, 4, -18] [-1, -1, 5, -4] [-15, -6, 7, -28] [17, 12, -8, -5] [11, 7, 14, -1] [-18, -8, 9, -11]
------------------------------
ALIVE
Head: (7 0)
Body: (7 0) (8 57) (8 56) (8 55) (8 54) (8 53) (8 52) (8 51) (8 50) 
Length: 9, 4
Vision: 3
Hungry, suplies: 10/10
Reproductive: 16, mutating: 0.25
Generation: 9193
####################################
