Wall (up, right, down, left):
[1, -9, -8, -2] [8, -6, -1, 7] [-2, -3, 17, 2] [7, 22, 4, 7] [8, 1, 8, -7] [-18, -12, 1, -5] [1, -8, 4, -3]
[-1, 9, -10, 0] [9, 19, 13, 1] [-5, 3, -3, 12] [-18, -3, 6, 14] [9, -9, 11, 8] [-6, 17, 14, 9] [-5, -17, 11, 2]
[-2, 6, 7, -16] [1, 11, -7, 15] [4, 9, 7, -16] [-31, 7, 30, 9] [-22, -15, -16, 7] [4, -22, 1, 14] [-7, -7, -8, 7]
[-5, -11, 6, -18] [8, 8, 4, -5] [3, 20, 6, -64] [0, 0, 0, 0] [6, -51, 12, 6] [6, -17, 2, 17] [0, -12, -4, -4]
[-5, -4, -20, -10] [4, 12, 2, 7] [-9, 9, -18, -6] [12, 2, -42, -12] [9, -10, -6, 23] [7, 11, -10, 13] [-5, -19, 10, 6]
[-2, 16, -6, -10] [-8, -2, -16, -17] [-1, -3, 6, -2] [4, 2, -1, -6] [11, 4, -1, 7] [7, 7, -5, -10] [16, -6, -9, 11]
[-5, -18, -22, -4] [-8, -12, -1, -13] [-14, -9, -5, 0] [-2, 21, -10, -4] [6, -2, -1, 11] [4, 5, -12, -2] [0, 2, 14, 3]
Food (up, right, down, left):
[20, -1, -15, 15] [4, 5, -3, -14] [-3, -4, -11, 8] [-2, -5, 4, -3] [-3, 7, 1, 19] [6, -23, 6, -15] [-15, 6, 6, -12]
[-20, -7, -13, 1] [-10, 6, -1, -10] [11, 16, 2, 14] [-11, 20, -6, 15] [11, -5, 6, -16] [15, -17, 3, 16] [-8, -14, -1, 2]
[-8, 15, -6, 3] [0, 1, 11, -14] [1, -44, -4, 3] [20, -14, 15, -18] [-17, -7, -5, -2] [5, 1, -7, -12] [12, 3, 13, 17]
[-6, -9, 9, 15] [-21, -8, -23, 7] [-10, 19, -23, -3] [0, 0, 0, 0] [-14, 23, 4, 3] [-5, 4, -7, -5] [-7, 0, -15, -3]
[0, 13, -9, 9] [-5, -5, 11, 8] [9, -7, -3, -3] [-4, -11, 12, -7] [-2, -20, 0, -14] [-14, 15, 21, 3] [-2, -1, -9, -24]
[-2, 2, 19, -3] [16, -7, 20, 11] [0, 12, 10, 10] [-4, -19, -1, -12] [-7, -8, -6, -11] [-6, 5, -10, 15] [0, 24, -14, 12]
[-1, -19, -13, -5] [9, 8, 0, -14] [-2, 1, 7, -1] [0, 2, 17, -38] [20, 18, -14, 6] [10, 18, 17, 1] [-13, -8, 12, -12]
------------------------------
ALIVE
Head: (10 15)
Body: (10 15) (10 16) (10 17) (10 18) (9 18) (9 19) (9 20) (9 21) (9 22) (8 22) (7 22) (7 21) (7 20) 
Length: 13, 4
Vision: 3
Hungry, suplies: 9/10
Reproductive: 16, mutating: 0.25
Generation: 11753
####################################
Wall (up, right, down, left):
[1, -5, -8, -2] [8, -6, -1, 7] [-2, -3, 17, 7] [7, 22, 7, 7] [8, 1, 8, -7] [-16, -12, 1, -5] [3, -8, 4, -3]
[-1, 10, -10, 0] [9, 19, 13, 1] [-5, 3, -3, 12] [-18, -3, 6, 15] [9, -9, 11, 8] [-6, 17, 14, 9] [-5, -17, 11, 2]
[-2, 8, 9, -16] [1, 11, -7, 15] [4, 9, 7, -16] [-31, 11, 30, 9] [-22, -15, -16, 7] [6, -22, 1, 14] [-7, -7, -8, 8]
[-5, -11, 4, -18] [8, 8, 9, -5] [3, 17, 1, -64] [0, 0, 0, 0] [4, -51, 12, 6] [6, -17, 2, 17] [0, -12, -4, -4]
[-5, -8, -20, -10] [4, 12, 2, 7] [-9, 9, -18, -6] [14, 2, -42, -12] [9, -10, -6, 23] [3, 7, -10, 13] [-7, -19, 10, 6]
[-2, 16, -6, -9] [-5, -2, -16, -17] [-1, -3, 6, -2] [4, 2, -1, -6] [11, 4, -1, 7] [7, 7, -5, -10] [16, -6, -9, 11]
[-5, -18, -22, -4] [-11, -12, -5, -13] [-14, -9, -3, 0] [-2, 21, -10, -4] [13, -2, -1, 11] [4, 5, -12, -2] [0, 2, 14, 3]
Food (up, right, down, left):
[20, 4, -15, 15] [4, 5, -3, -14] [-3, -4, -11, 8] [-2, -4, 4, -3] [-3, 7, 1, 19] [6, -23, 6, -10] [-13, 6, 6, -12]
[-20, -7, -10, 1] [-10, 6, -1, -10] [15, 16, 2, 14] [-11, 20, -6, 15] [11, -5, 6, -16] [15, -17, 3, 16] [-8, -14, -1, 2]
[-8, 8, -6, 3] [0, 1, 11, -14] [1, -44, -4, 3] [21, -14, 15, -18] [-17, -7, -5, -2] [7, 1, -7, -12] [17, 3, 13, 17]
[-4, -9, 9, 15] [-21, -8, -23, 7] [-6, 19, -23, -4] [0, 0, 0, 0] [-14, 23, 4, 1] [-5, 4, -7, -5] [-7, 0, -15, -3]
[4, 13, -9, 9] [-5, -5, 11, 8] [9, -7, -3, -3] [-9, -11, 12, -7] [-2, -20, 0, -14] [-11, 15, 25, 3] [-2, -1, -5, -24]
[-2, 2, 19, -4] [16, -7, 21, 11] [0, 12, 10, 10] [-4, -19, -1, -12] [-7, -8, -6, -11] [-6, 5, -10, 15] [0, 24, -14, 12]
[-1, -19, -13, -5] [8, 8, 1, -14] [-2, 1, 7, -5] [0, 2, 17, -38] [20, 21, -14, 2] [10, 18, 17, 1] [-13, -8, 12, -12]
------------------------------
ALIVE
Head: (24 25)
Body: (24 25) (24 24) (24 23) (24 22) (24 21) (0 21) (1 21) (1 20) (1 19) (1 18) (1 17) (1 16) (1 15) (1 14) (1 13) 
Length: 15, 4
Vision: 3
Hungry, suplies: 6/10
Reproductive: 16, mutating: 0.25
Generation: 11752
####################################
Wall (up, right, down, left):
[1, -9, -8, -2] [8, -6, -1, 7] [-2, -3, 17, 2] [7, 22, 4, 7] [8, 1, 8, -7] [-18, -12, 1, -5] [1, -8, 4, -3]
[-1, 9, -10, 0] [9, 19, 13, 1] [-5, 3, -3, 12] [-18, -3, 6, 14] [9, -9, 11, 8] [-6, 17, 14, 9] [-5, -17, 11, 2]
[-2, 6, 7, -16] [1, 11, -7, 15] [4, 9, 7, -16] [-31, 7, 30, 9] [-22, -15, -16, 7] [6, -22, 1, 14] [-9, -7, -8, 7]
[-5, -11, 6, -18] [8, 8, 4, -5] [3, 20, 6, -64] [0, 0, 0, 0] [4, -51, 12, 6] [6, -17, 2, 17] [0, -12, -4, -4]
[-5, -4, -20, -10] [4, 12, 2, 7] [-9, 9, -18, -6] [12, 2, -42, -12] [9, -10, -6, 23] [7, 11, -10, 13] [-5, -19, 10, 6]
[-2, 16, -6, -10] [-8, -2, -16, -17] [-1, -3, 6, -2] [4, 2, -1, -6] [11, 4, -1, 7] [7, 7, -5, -10] [16, -6, -9, 11]
[-5, -18, -22, -4] [-8, -12, -1, -13] [-14, -9, -5, 0] [-2, 21, -10, -4] [11, -2, -1, 11] [4, 5, -12, -2] [0, 2, 14, 3]
Food (up, right, down, left):
[20, -1, -15, 15] [4, 5, -3, -14] [-3, -4, -11, 8] [-2, -5, 4, -3] [-3, 7, 1, 19] [6, -23, 6, -15] [-15, 6, 6, -12]
[-20, -7, -13, 1] [-10, 6, -1, -10] [11, 16, 2, 14] [-11, 20, -6, 15] [11, -5, 6, -16] [15, -17, 3, 16] [-8, -14, -1, 2]
[-8, 15, -6, 3] [0, 1, 11, -14] [1, -44, -4, 3] [20, -14, 15, -18] [-17, -7, -5, -2] [7, 1, -7, -12] [12, 3, 14, 17]
[-6, -9, 9, 15] [-21, -8, -23, 7] [-10, 19, -23, -3] [0, 0, 0, 0] [-14, 23, 4, 1] [-5, 4, -7, -5] [-7, 0, -15, -3]
[0, 13, -9, 9] [-5, -5, 11, 8] [9, -7, -3, -3] [-4, -11, 12, -7] [-2, -20, 0, -14] [-14, 15, 21, 3] [-2, -1, -9, -24]
[-2, 2, 19, -3] [16, -7, 20, 11] [0, 12, 10, 10] [-4, -19, -1, -12] [-7, -8, -6, -11] [-6, 5, -10, 15] [0, 24, -14, 12]
[-1, -19, -13, -5] [9, 8, 0, -14] [-2, 1, 7, -1] [0, 2, 17, -38] [20, 18, -14, 2] [10, 18, 17, 1] [-13, -8, 12, -12]
------------------------------
ALIVE
Head: (1 38)
Body: (1 38) (2 38) (3 38) (4 38) (4 39) (5 39) (5 38) (5 37) (6 37) (6 36) (6 35) (7 35) (8 35) (8 36) (8 37) 
Length: 15, 4
Vision: 3
Hungry, suplies: 3/10
Reproductive: 16, mutating: 0.25
Generation: 11753
####################################
Wall (up, right, down, left):
[1, -9, -8, -2] [8, -6, -1, 7] [-2, -3, 17, 2] [7, 22, 4, 7] [8, 1, 8, -7] [-18, -12, 1, -5] [1, -8, 4, -3]
[-1, 9, -10, 0] [9, 19, 13, 1] [-5, 3, -3, 12] [-18, -3, 6, 14] [9, -9, 11, 8] [-6, 17, 14, 9] [-5, -17, 11, 2]
[-2, 6, 7, -16] [1, 11, -7, 15] [4, 9, 7, -16] [-31, 7, 30, 9] [-22, -15, -16, 7] [6, -22, 1, 14] [-9, -7, -8, 7]
[-5, -11, 6, -18] [8, 8, 4, -5] [3, 20, 6, -64] [0, 0, 0, 0] [4, -51, 12, 6] [6, -17, 2, 17] [0, -12, -4, -4]
[-5, -4, -20, -10] [4, 12, 2, 7] [-9, 9, -18, -6] [12, 2, -42, -12] [9, -10, -6, 23] [7, 11, -10, 13] [-5, -19, 10, 6]
[-2, 16, -6, -10] [-8, -2, -16, -17] [-1, -3, 6, -2] [4, 2, -1, -6] [11, 4, -1, 7] [7, 7, -5, -10] [16, -6, -9, 11]
[-5, -18, -22, -4] [-8, -12, -1, -13] [-14, -9, -5, 0] [-2, 21, -10, -4] [11, -2, -1, 11] [4, 5, -12, -2] [0, 2, 14, 3]
Food (up, right, down, left):
[20, -1, -15, 15] [4, 5, -3, -14] [-3, -4, -11, 8] [-2, -5, 4, -3] [-3, 7, 1, 19] [6, -23, 6, -15] [-15, 6, 6, -12]
[-20, -7, -13, 1] [-10, 6, -1, -10] [11, 16, 2, 14] [-11, 20, -6, 15] [11, -5, 6, -16] [15, -17, 3, 16] [-8, -14, -1, 2]
[-8, 15, -6, 3] [0, 1, 11, -14] [1, -44, -4, 3] [20, -14, 15, -18] [-17, -7, -5, -2] [7, 1, -7, -12] [12, 3, 14, 17]
[-6, -9, 9, 15] [-21, -8, -23, 7] [-10, 19, -23, -3] [0, 0, 0, 0] [-14, 23, 4, 1] [-5, 4, -7, -5] [-7, 0, -15, -3]
[0, 13, -9, 9] [-5, -5, 11, 8] [9, -7, -3, -3] [-4, -11, 12, -7] [-2, -20, 0, -14] [-14, 15, 21, 3] [-2, -1, -9, -24]
[-2, 2, 19, -3] [16, -7, 20, 11] [0, 12, 10, 10] [-4, -19, -1, -12] [-7, -8, -6, -11] [-6, 5, -10, 15] [0, 24, -14, 12]
[-1, -19, -13, -5] [9, 8, 0, -14] [-2, 1, 7, -1] [0, 2, 17, -38] [20, 18, -14, 2] [10, 18, 17, 1] [-13, -8, 12, -12]
------------------------------
ALIVE
Head: (24 56)
Body: (-1 56) (0 56) (0 55) (0 54) (1 54) (1 53) (1 52) 
Length: 7, 4
Vision: 3
Hungry, suplies: 10/10
Reproductive: 16, mutating: 0.25
Generation: 11754
####################################
Wall (up, right, down, left):
[1, -9, -8, -2] [8, -6, -1, 7] [-2, -3, 17, 2] [8, 22, 4, 7] [8, 1, 8, -7] [-18, -12, 1, -5] [1, -8, 4, -3]
[-1, 9, -10, 0] [9, 19, 13, 1] [-5, 3, -3, 12] [-18, -3, 6, 14] [9, -9, 11, 8] [-6, 17, 14, 9] [-5, -17, 11, 2]
[-2, 6, 7, -16] [1, 11, -7, 15] [4, 9, 7, -16] [-31, 7, 30, 9] [-22, -15, -16, 7] [6, -22, 1, 14] [-9, -7, -8, 7]
[-5, -11, 6, -18] [8, 8, 4, -5] [3, 20, 6, -64] [0, 0, 0, 0] [4, -51, 12, 6] [6, -17, 2, 17] [0, -12, -4, -4]
[-5, -4, -20, -10] [4, 12, 2, 7] [-9, 9, -18, -9] [12, 2, -42, -12] [9, -10, -6, 23] [7, 11, -10, 13] [-5, -19, 10, 6]
[-2, 16, -6, -10] [-8, -2, -16, -17] [-1, -3, 6, -2] [4, 2, -1, -6] [11, 4, -1, 7] [7, 7, -5, -10] [16, -6, -9, 11]
[-5, -18, -22, -4] [-8, -12, -1, -13] [-14, -9, -5, 0] [-2, 21, -10, -4] [11, -2, -1, 11] [4, 5, -12, -2] [0, 2, 14, 3]
Food (up, right, down, left):
[20, -1, -15, 15] [4, 5, -3, -14] [-3, -4, -11, 8] [-2, -5, 9, -3] [-3, 7, 1, 19] [6, -23, 6, -15] [-15, 6, 6, -12]
[-20, -7, -13, 1] [-10, 6, -1, -10] [11, 16, 2, 14] [-11, 20, -6, 15] [11, -5, 6, -16] [15, -17, 3, 16] [-8, -14, -1, 2]
[-8, 15, -6, 3] [0, 1, 11, -14] [1, -44, -4, 3] [20, -14, 15, -18] [-17, -7, -5, -2] [7, 1, -7, -12] [12, 3, 14, 17]
[-6, -9, 9, 15] [-21, -8, -23, 7] [-10, 19, -23, -3] [0, 0, 0, 0] [-14, 23, 4, 1] [-5, 4, -7, -5] [-7, 0, -15, -3]
[0, 13, -9, 9] [-5, -5, 11, 8] [9, -7, -7, -3] [-4, -11, 12, -7] [-2, -20, 0, -14] [-14, 15, 21, 3] [-2, -1, -9, -24]
[-2, 2, 19, -3] [16, -7, 20, 11] [0, 12, 10, 10] [-4, -19, -1, -12] [-7, -8, -6, -11] [-6, 5, -10, 15] [0, 24, -14, 12]
[-1, -19, -13, -5] [9, 8, 0, -14] [-2, 1, 7, -1] [0, 2, 17, -38] [20, 18, -14, 2] [10, 18, 17, 1] [-13, -8, 12, -12]
------------------------------
ALIVE
Head: (16 43)
Body: (16 43) (15 43) (15 42) (16 42) (16 41) (16 40) (16 39) (15 39) (15 38) 
Length: 9, 4
Vision: 3
Hungry, suplies: 9/10
Reproductive: 16, mutating: 0.25
Generation: 11755
####################################
Wall (up, right, down, left):
[1, -9, -8, -2] [8, -6, -1, 7] [-2, -3, 17, 2] [7, 22, 4, 7] [8, 1, 8, -7] [-18, -12, 1, -5] [1, -8, 4, -3]
[-1, 9, -10, 0] [9, 19, 13, 1] [-5, 3, -3, 12] [-18, -3, 6, 14] [9, -9, 11, 8] [-6, 17, 14, 9] [-5, -17, 11, 2]
[-2, 6, 7, -16] [1, 11, -7, 15] [4, 9, 7, -16] [-31, 7, 30, 9] [-22, -15, -16, 7] [6, -22, 1, 14] [-9, -7, -8, 7]
[-5, -11, 6, -18] [8, 8, 4, -5] [3, 20, 6, -64] [0, 0, 0, 0] [4, -51, 12, 6] [6, -17, 2, 17] [0, -12, -4, -4]
[-5, -4, -20, -10] [4, 12, 2, 7] [-9, 9, -18, -6] [12, 2, -42, -12] [9, -10, -6, 23] [7, 11, -10, 13] [-5, -19, 10, 6]
[-2, 16, -6, -10] [-8, -2, -16, -17] [-1, -3, 6, -2] [4, 2, 1, -6] [11, 4, -1, 7] [7, 7, -5, -10] [16, -6, -9, 11]
[-5, -18, -22, -4] [-8, -12, -1, -13] [-14, -9, -5, 0] [-2, 21, -10, -4] [11, -2, -1, 11] [4, 5, -12, -2] [0, 2, 14, 3]
Food (up, right, down, left):
[20, -1, -15, 15] [4, 5, -3, -14] [-3, -4, -11, 8] [-2, -5, 4, -3] [-3, 7, 1, 19] [6, -23, 6, -15] [-15, 6, 6, -12]
[-20, -7, -13, 1] [-10, 6, -1, -10] [11, 16, 2, 14] [-11, 20, -6, 15] [11, -5, 6, -16] [15, -17, 3, 16] [-8, -9, -1, 2]
[-8, 15, -6, 3] [0, 1, 11, -14] [1, -44, -4, 3] [20, -14, 15, -18] [-17, -7, -5, -2] [7, 1, -7, -12] [12, 3, 14, 17]
[-6, -9, 9, 15] [-21, -8, -23, 7] [-10, 19, -23, -3] [0, 0, 0, 0] [-14, 23, 4, 1] [-5, 8, -7, -5] [-7, 0, -15, -3]
[0, 13, -9, 9] [-5, -5, 11, 8] [9, -7, -3, -3] [-4, -11, 12, -7] [-2, -20, 0, -14] [-14, 15, 21, 3] [-2, -1, -9, -24]
[-2, 2, 19, -3] [16, -7, 20, 11] [0, 12, 10, 10] [-4, -21, -1, -12] [-7, -8, -6, -11] [-6, 5, -10, 15] [0, 24, -14, 12]
[-1, -19, -13, -5] [9, 8, 0, -14] [-2, 1, 7, -1] [0, 2, 17, -38] [20, 18, -14, 2] [10, 18, 17, 1] [-13, -8, 12, -12]
------------------------------
ALIVE
Head: (9 32)
Body: (9 32) (9 33) (8 33) (7 33) (7 32) (7 31) (7 30) (6 30) (6 29) (6 28) 
Length: 10, 4
Vision: 3
Hungry, suplies: 7/10
Reproductive: 16, mutating: 0.25
Generation: 11757
####################################
Wall (up, right, down, left):
[1, -9, -8, -2] [8, -6, -1, 7] [-2, -3, 17, 2] [7, 22, 4, 7] [8, 1, 8, -7] [-18, -12, 1, -5] [1, -8, 4, -3]
[-1, 9, -10, 0] [9, 19, 13, 1] [-5, 3, -3, 12] [-18, -3, 6, 14] [9, -9, 11, 8] [-6, 17, 14, 9] [-5, -17, 11, 2]
[-2, 6, 7, -16] [1, 11, -7, 15] [4, 9, 7, -16] [-31, 7, 30, 9] [-22, -15, -16, 7] [6, -22, 1, 14] [-9, -7, -8, 7]
[-5, -11, 6, -18] [8, 8, 4, -5] [3, 20, 6, -64] [0, 0, 0, 0] [4, -51, 12, 6] [6, -17, 2, 17] [0, -12, -4, -4]
[-5, -4, -20, -10] [4, 12, 2, 7] [-9, 9, -18, -6] [12, 2, -42, -12] [9, -10, -6, 23] [7, 11, -10, 13] [-5, -19, 10, 6]
[-2, 16, -6, -10] [-8, -2, -16, -17] [-1, -3, 6, -2] [4, 2, -4, -6] [11, 4, -1, 7] [7, 7, -5, -10] [16, -6, -9, 11]
[-5, -18, -22, -4] [-8, -12, -1, -13] [-14, -9, -5, 0] [-2, 21, -10, -4] [11, -2, -1, 11] [4, 5, -12, -2] [0, 2, 14, 3]
Food (up, right, down, left):
[20, -1, -15, 15] [4, 5, -3, -14] [-3, -4, -11, 8] [-2, -5, 4, -3] [-3, 7, 1, 19] [6, -23, 6, -15] [-15, 6, 6, -12]
[-20, -7, -13, 1] [-10, 6, -1, -10] [11, 16, 2, 14] [-11, 20, -6, 15] [11, -5, 6, -16] [15, -17, 3, 16] [-8, -14, -1, 2]
[-8, 15, -6, 3] [0, 1, 11, -14] [1, -44, -4, 3] [20, -14, 15, -18] [-17, -7, -5, -2] [7, 1, -7, -12] [12, 3, 14, 17]
[-6, -9, 9, 15] [-21, -8, -23, 7] [-10, 19, -23, -3] [0, 0, 0, 0] [-14, 23, 4, 1] [-5, 4, -7, -5] [-7, 0, -15, -3]
[0, 13, -9, 9] [-5, -5, 11, 8] [9, -7, -3, -3] [-4, -11, 12, -7] [-2, -20, 0, -14] [-14, 15, 21, 3] [-2, -1, -9, -24]
[-2, 2, 19, -3] [16, -7, 20, 11] [0, 12, 10, 10] [-4, -21, -1, -15] [-7, -8, -6, -11] [-6, 5, -10, 15] [0, 24, -14, 12]
[-1, -19, -13, -5] [9, 8, 0, -14] [-2, 1, 7, -1] [0, 2, 17, -38] [20, 18, -14, 2] [10, 18, 17, 1] [-13, -8, 12, -12]
------------------------------
ALIVE
Head: (8 46)
Body: (8 46) (8 45) (8 44) (8 43) (7 43) (7 42) (6 42) (6 41) (6 40) (7 40) (7 39) (7 38) 
Length: 12, 4
Vision: 3
Hungry, suplies: 10/10
Reproductive: 16, mutating: 0.25
Generation: 11757
####################################
Wall (up, right, down, left):
[1, -9, -8, -2] [8, -6, -1, 7] [-2, -3, 17, 2] [7, 22, 4, 7] [8, 1, 8, -4] [-18, -12, 1, -5] [1, -8, 4, -3]
[-1, 9, -10, 0] [9, 19, 13, 1] [-5, 3, -3, 12] [-18, -3, 6, 14] [9, -9, 11, 8] [-6, 17, 14, 9] [-5, -17, 11, 2]
[-2, 6, 7, -16] [1, 11, -7, 15] [4, 9, 7, -16] [-31, 7, 30, 9] [-22, -15, -16, 7] [6, -22, 1, 14] [-9, -7, -8, 7]
[-5, -11, 6, -18] [8, 8, 4, -5] [3, 20, 6, -64] [0, 0, 0, 0] [4, -51, 12, 6] [6, -17, 2, 17] [0, -12, -4, -4]
[-5, -4, -20, -10] [4, 12, 2, 7] [-9, 9, -18, -6] [12, 2, -42, -12] [9, -10, -6, 23] [7, 11, -10, 13] [-5, -19, 10, 6]
[-2, 16, -6, -10] [-8, -2, -16, -17] [-1, -3, 6, -2] [4, 2, 1, -6] [11, 4, -1, 7] [7, 7, -5, -10] [16, -6, -9, 11]
[-5, -18, -22, -4] [-8, -12, -1, -13] [-14, -9, -5, 0] [-2, 21, -10, -4] [11, -2, -1, 11] [4, 5, -12, -2] [0, 2, 14, 3]
Food (up, right, down, left):
[20, -1, -15, 15] [4, 5, -3, -14] [-3, -4, -11, 8] [-2, -5, 4, -3] [-3, 7, 1, 20] [6, -23, 6, -15] [-15, 6, 6, -12]
[-20, -7, -13, 1] [-10, 6, -1, -10] [11, 16, 2, 14] [-11, 20, -6, 15] [11, -5, 6, -16] [15, -17, 3, 16] [-8, -14, -1, 2]
[-8, 15, -6, 3] [0, 1, 11, -14] [1, -44, -4, 3] [20, -14, 15, -18] [-17, -7, -5, -2] [7, 1, -7, -12] [12, 3, 14, 17]
[-6, -9, 9, 15] [-21, -8, -23, 7] [-10, 19, -23, -3] [0, 0, 0, 0] [-14, 23, 4, 1] [-5, 4, -7, -5] [-7, 0, -15, -3]
[0, 13, -9, 9] [-5, -5, 11, 8] [9, -7, -3, -3] [-4, -11, 12, -7] [-2, -20, 0, -14] [-14, 15, 21, 3] [-2, -1, -9, -24]
[-2, 2, 19, -3] [16, -7, 20, 11] [0, 12, 10, 10] [-4, -21, -1, -12] [-7, -8, -6, -11] [-6, 5, -10, 15] [0, 24, -14, 12]
[-1, -19, -13, -5] [9, 8, 0, -14] [-2, 1, 7, -1] [0, 2, 17, -38] [20, 18, -14, 2] [10, 18, 17, 1] [-13, -8, 12, -12]
------------------------------
ALIVE
Head: (23 25)
Body: (23 25) (23 24) (23 23) (23 22) (23 21) (23 20) (24 20) (24 19) (-1 18) (0 18) (0 17) 
Length: 11, 4
Vision: 3
Hungry, suplies: 8/10
Reproductive: 16, mutating: 0.25
Generation: 11756
####################################
Wall (up, right, down, left):
[1, -9, -8, -2] [8, -6, -1, 7] [-2, -3, 17, 2] [7, 22, 4, 7] [8, 1, 8, -7] [-18, -12, 1, -5] [1, -8, 4, -3]
[-1, 9, -10, 0] [9, 19, 13, 1] [-5, 3, -3, 12] [-18, -3, 6, 14] [9, -9, 11, 8] [-6, 17, 14, 9] [-5, -17, 12, 2]
[-2, 6, 7, -16] [1, 11, -7, 15] [4, 9, 7, -16] [-31, 7, 30, 9] [-22, -15, -16, 7] [6, -22, 1, 14] [-7, -7, -8, 7]
[-5, -11, 4, -18] [8, 8, 4, -5] [3, 20, 6, -64] [0, 0, 0, 0] [4, -51, 12, 6] [6, -17, 2, 17] [0, -12, -4, -4]
[-5, -4, -20, -10] [4, 12, 2, 7] [-9, 9, -18, -6] [12, 2, -42, -12] [9, -10, -6, 23] [7, 11, -10, 13] [-5, -19, 10, 6]
[-2, 16, -6, -10] [-8, -2, -16, -17] [-1, -3, 6, -2] [4, 2, -1, -6] [11, 4, -1, 7] [7, 7, -5, -10] [16, -6, -5, 11]
[-5, -22, -22, -4] [-8, -12, -1, -13] [-14, -9, -5, 0] [-2, 21, -10, -4] [11, -2, -1, 11] [4, 5, -12, -2] [0, 2, 14, 3]
Food (up, right, down, left):
[20, -1, -15, 15] [4, 5, -3, -14] [-3, -4, -11, 8] [-2, -5, 4, -3] [-3, 7, 1, 19] [6, -23, 6, -15] [-15, 6, 6, -12]
[-20, -7, -13, 1] [-10, 6, -1, -10] [11, 16, 2, 14] [-11, 20, -6, 15] [11, -5, 6, -16] [15, -17, 3, 16] [-8, -14, -1, 5]
[-8, 15, -6, 3] [0, 1, 11, -14] [1, -44, -4, 3] [20, -14, 15, -18] [-17, -7, -5, -2] [7, 1, -7, -12] [12, 3, 13, 17]
[-4, -9, 6, 15] [-21, -8, -23, 7] [-10, 19, -23, -3] [0, 0, 0, 0] [-14, 23, 4, 1] [-5, 4, -7, -5] [-7, 0, -15, -3]
[0, 13, -9, 9] [-5, -5, 11, 8] [9, -7, -3, -3] [-4, -11, 12, -7] [-2, -20, 0, -14] [-14, 15, 21, 3] [-2, -1, -9, -24]
[-2, 2, 19, -3] [16, -7, 20, 11] [0, 12, 10, 10] [-4, -19, -1, -12] [-7, -8, -6, -11] [-6, 5, -10, 15] [0, 28, -14, 12]
[-1, -19, -13, 0] [9, 8, 0, -14] [-2, 1, 7, -1] [0, 2, 17, -38] [20, 18, -14, 2] [10, 18, 17, 1] [-13, -8, 12, -12]
------------------------------
ALIVE
Head: (16 0)
Body: (16 0) (16 56) (17 56) (18 56) (19 56) (20 56) (20 0) (20 1) (20 2) (20 3) 
Length: 10, 4
Vision: 3
Hungry, suplies: 10/10
Reproductive: 16, mutating: 0.25
Generation: 11759
####################################
Wall (up, right, down, left):
[1, -9, -8, -2] [8, -6, -1, 7] [-2, -3, 17, 2] [8, 22, 4, 7] [8, 1, 8, -7] [-18, -12, 1, -5] [1, -8, 4, -3]
[-1, 9, -10, 0] [9, 19, 13, 1] [-5, 3, -3, 12] [-18, -3, 6, 14] [9, -9, 11, 8] [-6, 17, 14, 9] [-5, -17, 11, 2]
[-2, 6, 7, -16] [1, 11, -7, 15] [4, 9, 7, -16] [-31, 7, 30, 9] [-22, -15, -16, 7] [6, -22, 1, 14] [-9, -7, -8, 7]
[-5, -11, 6, -18] [8, 8, 4, -5] [3, 20, 6, -64] [0, 0, 0, 0] [4, -51, 12, 6] [6, -17, 2, 17] [0, -12, -4, -4]
[-5, -4, -20, -10] [4, 12, 2, 7] [-9, 9, -18, -9] [12, 2, -42, -12] [9, -10, -6, 23] [7, 11, -10, 13] [-5, -19, 10, 6]
[-2, 16, -6, -10] [-8, -2, -16, -17] [-1, -3, 6, -2] [4, 2, -1, -6] [11, 4, -1, 7] [7, 7, -5, -10] [16, -6, -9, 11]
[-5, -18, -22, -4] [-8, -12, -1, -13] [-14, -9, -5, 0] [-2, 21, -10, -4] [11, -2, -1, 11] [4, 5, -12, -2] [0, 2, 14, 3]
Food (up, right, down, left):
[20, -1, -15, 15] [4, 5, -3, -14] [-3, -4, -11, 8] [-2, -5, 9, -3] [-3, 7, 1, 19] [6, -23, 6, -15] [-15, 6, 6, -12]
[-20, -7, -13, 1] [-10, 6, -1, -10] [11, 16, 2, 14] [-11, 20, -6, 15] [11, -5, 6, -16] [15, -17, 3, 16] [-8, -14, -1, 2]
[-8, 15, -6, 3] [0, 1, 11, -14] [1, -44, -4, 3] [20, -14, 15, -18] [-17, -7, -5, -2] [7, 1, -7, -12] [12, 3, 14, 17]
[-6, -9, 9, 15] [-21, -8, -23, 7] [-10, 19, -23, -3] [0, 0, 0, 0] [-14, 23, 4, 1] [-5, 4, -7, -5] [-7, 0, -15, -3]
[0, 13, -9, 9] [-5, -5, 11, 8] [9, -7, -7, -3] [-4, -11, 12, -7] [-2, -20, 0, -14] [-14, 15, 21, 3] [-2, -1, -9, -24]
[-2, 2, 19, -3] [16, -7, 20, 11] [0, 12, 10, 10] [-4, -19, -1, -12] [-7, -8, -6, -11] [-6, 5, -10, 15] [0, 24, -14, 12]
[-1, -19, -13, -5] [9, 8, 0, -14] [-2, 1, 7, -1] [0, 2, 17, -38] [20, 18, -14, 2] [10, 18, 17, 1] [-13, -8, 12, -12]
------------------------------
ALIVE
Head: (21 38)
Body: (21 38) (22 38) (22 37) (22 36) (22 35) (22 34) (22 33) (23 33) (23 32) (23 31) (24 31) 
Length: 11, 4
Vision: 3
Hungry, suplies: 9/10
Reproductive: 16, mutating: 0.25
Generation: 11756
####################################
Wall (up, right, down, left):
[1, -9, -8, -2] [8, -6, -1, 7] [-2, -3, 17, 2] [7, 22, 4, 7] [8, 1, 8, -7] [-18, -12, 1, -5] [1, -8, 4, -3]
[-1, 9, -10, 0] [9, 19, 13, 1] [-5, 3, -3, 12] [-18, -3, 6, 14] [9, -9, 11, 8] [-6, 17, 14, 9] [-5, -17, 11, 2]
[-2, 6, 7, -16] [1, 11, -7, 15] [4, 9, 7, -16] [-31, 7, 30, 9] [-22, -15, -16, 7] [4, -22, 1, 14] [-7, -7, -8, 7]
[-5, -11, 6, -18] [8, 8, 4, -5] [3, 20, 6, -64] [0, 0, 0, 0] [6, -51, 12, 6] [6, -17, 2, 17] [0, -12, -4, -4]
[-5, -4, -20, -10] [4, 12, 2, 7] [-9, 9, -18, -6] [12, 2, -42, -12] [9, -10, -6, 23] [7, 11, -10, 13] [-5, -19, 10, 6]
[-2, 16, -6, -10] [-8, -2, -16, -17] [-1, -3, 6, -2] [4, 2, -1, -6] [11, 4, -1, 7] [7, 7, -5, -10] [16, -6, -9, 11]
[-5, -18, -22, -4] [-8, -12, -1, -13] [-14, -9, -5, 0] [-2, 21, -10, -4] [6, -2, -1, 11] [4, 5, -12, -2] [0, 2, 14, 3]
Food (up, right, down, left):
[20, -1, -15, 15] [4, 5, -3, -14] [-3, -4, -11, 8] [-2, -5, 4, -3] [-3, 7, 1, 19] [6, -23, 6, -15] [-15, 6, 6, -12]
[-20, -7, -13, 1] [-10, 6, -1, -10] [11, 16, 2, 14] [-11, 20, -6, 15] [11, -5, 6, -16] [15, -17, 3, 16] [-8, -14, -1, 2]
[-8, 15, -6, 3] [0, 1, 11, -14] [1, -44, -4, 3] [20, -14, 15, -18] [-17, -7, -5, -2] [5, 1, -7, -12] [12, 3, 13, 17]
[-6, -9, 9, 15] [-21, -8, -23, 7] [-10, 19, -23, -3] [0, 0, 0, 0] [-14, 23, 4, 3] [-5, 4, -7, -5] [-7, 0, -15, -3]
[0, 13, -9, 9] [-5, -5, 11, 8] [9, -7, -3, -3] [-4, -11, 12, -7] [-2, -20, 0, -14] [-14, 15, 21, 3] [-2, -1, -9, -24]
[-2, 2, 19, -3] [16, -7, 20, 11] [0, 12, 10, 10] [-4, -19, -1, -12] [-7, -8, -6, -11] [-6, 5, -10, 15] [0, 24, -14, 12]
[-1, -19, -13, -5] [9, 8, 0, -14] [-2, 1, 7, -1] [0, 2, 17, -38] [20, 18, -14, 6] [10, 18, 17, 1] [-13, -8, 12, -12]
------------------------------
ALIVE
Head: (17 46)
Body: (17 46) (16 46) (16 47) (15 47) (14 47) (14 48) (14 49) (15 49) (15 50) (15 51) (15 52) 
Length: 11, 4
Vision: 3
Hungry, suplies: 9/10
Reproductive: 16, mutating: 0.25
Generation: 11754
####################################
Wall (up, right, down, left):
[1, -9, -8, -2] [8, -6, -1, 7] [-2, -3, 17, 2] [7, 22, 4, 7] [8, 1, 8, -7] [-18, -12, 1, -5] [1, -8, 4, -3]
[-1, 9, -10, 0] [13, 19, 13, 1] [-5, 3, -3, 12] [-18, -3, 6, 14] [9, -9, 11, 8] [-6, 17, 14, 9] [-5, -17, 11, 2]
[-2, 6, 7, -16] [1, 11, -7, 15] [4, 9, 7, -16] [-31, 7, 30, 9] [-22, -15, -16, 7] [6, -22, 1, 14] [-7, -7, -8, 7]
[-5, -11, 6, -18] [8, 8, 4, -5] [3, 20, 6, -64] [0, 0, 0, 0] [4, -51, 12, 6] [6, -17, 2, 17] [0, -12, -4, -4]
[-5, -4, -20, -10] [4, 12, 2, 7] [-9, 9, -18, -6] [12, 2, -42, -12] [9, -10, -6, 23] [7, 11, -10, 13] [-5, -19, 10, 6]
[-2, 16, -6, -10] [-8, -2, -16, -17] [-1, -3, 6, -2] [4, 2, -1, -6] [11, 4, -1, 7] [7, 7, -5, -10] [16, -6, -9, 11]
[-5, -18, -22, -4] [-8, -12, -1, -13] [-14, -9, -5, 0] [-2, 21, -10, -4] [11, -2, -1, 11] [4, 5, -12, -2] [0, 2, 14, 3]
Food (up, right, down, left):
[20, -1, -15, 15] [4, 5, -3, -14] [-3, -4, -11, 8] [-2, -5, 4, -3] [-3, 7, 1, 19] [6, -23, 6, -15] [-15, 6, 6, -12]
[-20, -7, -13, 1] [-10, 6, -1, -9] [11, 16, 2, 14] [-11, 20, -6, 15] [11, -5, 6, -16] [15, -17, 3, 16] [-8, -14, -1, 2]
[-8, 15, -6, 3] [0, 1, 11, -14] [1, -44, -4, 3] [20, -14, 15, -18] [-17, -7, -5, -2] [7, 1, -7, -12] [12, 3, 13, 17]
[-6, -9, 9, 15] [-21, -8, -23, 7] [-10, 19, -23, -3] [0, 0, 0, 0] [-14, 23, 4, 1] [-5, 4, -7, -5] [-7, 0, -15, -3]
[0, 13, -9, 9] [-5, -5, 11, 8] [9, -7, -3, -3] [-4, -11, 12, -7] [-2, -20, 0, -14] [-14, 15, 21, 3] [-2, -1, -9, -24]
[-2, 2, 19, -3] [16, -7, 20, 11] [0, 12, 10, 10] [-4, -19, -1, -12] [-7, -8, -6, -11] [-6, 5, -10, 15] [0, 24, -14, 12]
[-1, -19, -13, -5] [9, 8, 0, -14] [-2, 1, 7, -1] [0, 2, 17, -38] [20, 18, -14, 2] [10, 18, 17, 1] [-13, -8, 12, -12]
------------------------------
ALIVE
Head: (23 48)
Body: (23 48) (22 48) (22 47) (22 46) (22 45) (21 45) (21 44) (20 44) 
Length: 8, 4
Vision: 3
Hungry, suplies: 7/10
Reproductive: 16, mutating: 0.25
Generation: 11755
####################################
Wall (up, right, down, left):
[1, -9, -8, -2] [8, -6, -1, 7] [-2, -3, 17, 2] [7, 22, 4, 2] [8, 1, 8, -7] [-18, -12, 1, -5] [1, -8, 4, -3]
[-1, 9, -10, 0] [9, 19, 13, 1] [-5, 3, -3, 12] [-18, -3, 6, 14] [9, -9, 11, 8] [-6, 17, 14, 9] [-5, -17, 11, 2]
[-2, 6, 7, -16] [1, 11, -7, 15] [4, 9, 7, -16] [-31, 7, 30, 9] [-22, -15, -16, 7] [6, -22, 1, 14] [-9, -7, -8, 7]
[-5, -11, 6, -18] [8, 8, 4, -5] [3, 20, 6, -64] [0, 0, 0, 0] [4, -51, 12, 6] [6, -17, 2, 17] [0, -12, -4, -4]
[-5, -4, -20, -10] [4, 12, 2, 7] [-9, 9, -18, -6] [12, 2, -42, -12] [9, -10, -6, 23] [7, 11, -10, 13] [-5, -19, 10, 6]
[-2, 16, -6, -10] [-8, -2, -16, -17] [-1, -3, 6, -2] [4, 2, -4, -6] [11, 4, -1, 7] [7, 7, -5, -10] [16, -6, -9, 11]
[-5, -18, -22, -4] [-8, -12, -1, -13] [-14, -9, -5, 0] [-2, 21, -10, -4] [11, -2, -1, 11] [4, 5, -12, -2] [0, 2, 14, 3]
Food (up, right, down, left):
[20, -1, -15, 15] [4, 5, -3, -14] [-3, -4, -11, 8] [-2, -5, 4, -3] [-3, 7, 1, 19] [6, -23, 6, -15] [-15, 6, 6, -12]
[-20, -7, -13, 1] [-10, 6, -1, -10] [11, 16, 2, 14] [-11, 20, -6, 15] [11, -5, 6, -16] [15, -17, 3, 16] [-8, -14, -1, 2]
[-8, 15, -6, 3] [0, 1, 11, -14] [1, -44, -4, 3] [20, -14, 15, -18] [-17, -7, -5, -2] [7, 1, -7, -12] [12, 3, 14, 17]
[-6, -9, 9, 15] [-21, -8, -23, 7] [-10, 19, -23, -3] [0, 0, 0, 0] [-14, 23, 4, 1] [-5, 4, -7, -5] [-7, 0, -15, -3]
[0, 13, -9, 9] [-5, -5, 11, 8] [9, -7, -3, -3] [-4, -11, 12, -7] [-2, -20, 0, -14] [-14, 15, 21, 3] [-2, -1, -9, -24]
[-2, 2, 19, -3] [16, -7, 20, 11] [0, 12, 10, 10] [-4, -21, -1, -15] [-7, -8, -6, -11] [-6, 5, -10, 15] [0, 24, -14, 12]
[-1, -19, -13, -5] [9, 8, 0, -14] [-2, 1, 7, -1] [0, 2, 17, -38] [20, 18, -14, 2] [10, 18, 17, 1] [-13, -8, 12, -12]
------------------------------
ALIVE
Head: (7 15)
Body: (7 15) (8 15) (8 14) (9 14) (9 13) (9 12) (9 11) (10 11) (11 11) (11 12) (11 13) (11 14) (11 15) 
Length: 13, 4
Vision: 3
Hungry, suplies: 10/10
Reproductive: 16, mutating: 0.25
Generation: 11758
####################################
Wall (up, right, down, left):
[1, -9, -8, -2] [8, -6, -1, 7] [-2, -3, 17, 2] [7, 22, 4, 7] [8, 1, 8, -7] [-18, -12, 1, -5] [1, -8, 4, -3]
[-1, 9, -10, 0] [9, 19, 13, 1] [-5, 3, -3, 12] [-18, -3, 6, 14] [9, -9, 11, 8] [-6, 17, 14, 9] [-5, -17, 12, 2]
[-2, 6, 7, -16] [1, 11, -7, 15] [4, 9, 7, -16] [-31, 7, 30, 9] [-22, -15, -16, 7] [6, -22, 1, 14] [-7, -7, -8, 7]
[-5, -11, 4, -18] [8, 8, 4, -5] [3, 20, 6, -64] [0, 0, 0, 0] [4, -51, 12, 6] [6, -17, 2, 17] [0, -12, -4, -4]
[-5, -4, -20, -10] [4, 12, 2, 7] [-9, 9, -18, -6] [12, 2, -42, -12] [9, -10, -6, 23] [7, 11, -10, 13] [-5, -19, 10, 6]
[-2, 16, -6, -10] [-8, -2, -16, -17] [-1, -3, 6, -2] [4, 2, -1, -6] [11, 4, -1, 7] [7, 7, -5, -10] [16, -6, -5, 11]
[-5, -22, -22, -4] [-8, -12, -1, -13] [-14, -9, -5, 0] [-2, 21, -10, -4] [11, -2, -1, 11] [4, 5, -12, -2] [0, 2, 14, 3]
Food (up, right, down, left):
[20, -1, -15, 15] [4, 5, -3, -14] [-3, -4, -11, 8] [-2, -5, 4, -3] [-3, 7, 1, 19] [6, -23, 6, -15] [-15, 6, 6, -12]
[-20, -7, -13, 1] [-10, 6, -1, -10] [11, 16, 2, 14] [-11, 20, -6, 15] [11, -5, 6, -16] [15, -17, 3, 16] [-8, -14, -1, 5]
[-8, 15, -6, 3] [0, 1, 11, -14] [1, -44, -4, 3] [20, -14, 15, -18] [-17, -7, -5, -2] [7, 1, -7, -12] [12, 3, 13, 17]
[-4, -9, 6, 15] [-21, -8, -23, 7] [-10, 19, -23, -3] [0, 0, 0, 0] [-14, 23, 4, 1] [-5, 4, -7, -5] [-7, 0, -15, -3]
[0, 13, -9, 9] [-5, -5, 11, 8] [9, -7, -3, -3] [-4, -11, 12, -7] [-2, -20, 0, -14] [-14, 15, 21, 3] [-2, -1, -9, -24]
[-2, 2, 19, -3] [16, -7, 20, 11] [0, 12, 10, 10] [-4, -19, -1, -12] [-7, -8, -6, -11] [-6, 5, -10, 15] [0, 28, -14, 12]
[-1, -19, -13, 0] [9, 8, 0, -14] [-2, 1, 7, -1] [0, 2, 17, -38] [20, 18, -14, 2] [10, 18, 17, 1] [-13, -8, 12, -12]
------------------------------
ALIVE
Head: (5 11)
Body: (5 11) (5 10) (5 9) (6 9) (7 9) (7 10) (8 10) (8 9) (8 8) (8 7) (9 7) (10 7) 
Length: 12, 4
Vision: 3
Hungry, suplies: 3/10
Reproductive: 16, mutating: 0.25
Generation: 11760
####################################
Wall (up, right, down, left):
[1, -9, -8, -2] [8, -6, -1, 7] [-2, -3, 17, 2] [7, 22, 4, 7] [8, 1, 8, -7] [-18, -12, 1, -5] [1, -8, 4, -3]
[-1, 9, -10, 0] [9, 19, 13, 1] [-5, 3, -3, 12] [-18, -3, 6, 14] [9, -9, 11, 8] [-6, 17, 14, 9] [-5, -17, 11, 2]
[-2, 6, 7, -16] [1, 11, -7, 15] [4, 9, 7, -16] [-31, 7, 30, 9] [-22, -15, -16, 7] [6, -22, 1, 14] [-9, -7, -8, 7]
[-5, -11, 6, -18] [8, 8, 4, -5] [3, 20, 6, -64] [0, 0, 0, 0] [4, -51, 12, 6] [6, -17, 2, 17] [0, -12, -4, -4]
[-5, -4, -20, -10] [4, 12, 2, 7] [-9, 9, -18, -6] [12, 2, -42, -12] [9, -10, -6, 23] [7, 11, -10, 13] [-5, -19, 10, 6]
[-2, 16, -6, -10] [-8, -2, -16, -17] [-1, -3, 6, -2] [4, 2, 1, -6] [11, 5, -1, 7] [7, 7, -5, -10] [16, -6, -9, 11]
[-5, -18, -22, -4] [-8, -12, -1, -13] [-14, -9, -5, 0] [-2, 21, -10, -4] [11, -2, -1, 11] [4, 5, -12, -2] [0, 2, 14, 3]
Food (up, right, down, left):
[20, -1, -15, 15] [4, 5, -3, -14] [-3, -4, -11, 8] [-2, -5, 4, -3] [-3, 7, 1, 19] [6, -23, 6, -15] [-15, 6, 6, -12]
[-20, -7, -13, 1] [-10, 6, -1, -10] [11, 16, 2, 14] [-11, 20, -6, 15] [11, -5, 6, -16] [15, -17, 3, 16] [-8, -14, -1, 2]
[-8, 15, -6, 3] [0, 1, 11, -14] [1, -44, -4, 3] [20, -14, 15, -18] [-17, -7, -5, -2] [7, 1, -7, -12] [12, 3, 14, 17]
[-6, -9, 9, 15] [-21, -8, -23, 7] [-10, 19, -23, -3] [0, 0, 0, 0] [-14, 23, 4, 1] [-5, 4, -7, -5] [-7, 0, -15, -3]
[0, 13, -9, 9] [-5, -5, 11, 8] [9, -7, -3, -3] [-4, -11, 12, -7] [-2, -20, 0, -14] [-14, 15, 21, 3] [-2, -1, -9, -24]
[-2, 2, 19, -3] [16, -7, 20, 11] [0, 12, 10, 10] [-4, -21, -1, -12] [-7, -8, -6, -8] [-6, 5, -10, 15] [0, 24, -14, 12]
[-1, -19, -13, -5] [9, 8, 0, -14] [-2, 1, 7, -1] [0, 2, 17, -38] [20, 18, -14, 2] [10, 18, 17, 1] [-13, -8, 12, -12]
------------------------------
ALIVE
Head: (16 44)
Body: (16 44) (15 44) (15 45) (15 46) (14 46) (13 46) (13 45) (13 44) (13 43) (13 42) 
Length: 10, 4
Vision: 3
Hungry, suplies: 9/10
Reproductive: 16, mutating: 0.25
Generation: 11758
####################################
Wall (up, right, down, left):
[1, -9, -8, -2] [8, -6, -1, 7] [-2, -3, 17, 2] [8, 22, 4, 7] [8, 1, 8, -7] [-18, -12, 1, -5] [1, -8, 4, -3]
[-1, 9, -10, 0] [9, 19, 13, 1] [-5, 3, -3, 12] [-18, -3, 6, 14] [9, -9, 11, 8] [-6, 17, 14, 9] [-5, -17, 11, 2]
[-2, 6, 7, -16] [1, 11, -7, 15] [4, 9, 7, -16] [-31, 7, 30, 9] [-22, -15, -16, 7] [6, -22, 1, 14] [-9, -7, -8, 7]
[-5, -11, 6, -18] [8, 8, 4, -5] [3, 20, 6, -64] [0, 0, 0, 0] [4, -51, 12, 6] [6, -17, 2, 17] [0, -12, -4, -4]
[-5, -4, -20, -10] [4, 12, 2, 7] [-9, 9, -18, -9] [12, 2, -42, -12] [9, -10, -6, 23] [7, 11, -10, 13] [-5, -19, 10, 6]
[-2, 16, -6, -10] [-8, -2, -16, -17] [-1, -3, 6, -2] [4, 2, -1, -6] [11, 4, -1, 7] [7, 7, -5, -10] [16, -6, -9, 11]
[-5, -18, -22, -4] [-8, -12, -1, -13] [-14, -9, -5, 0] [-2, 21, -10, -4] [11, -2, -1, 11] [4, 5, -12, -2] [0, 2, 14, 3]
Food (up, right, down, left):
[20, -1, -15, 15] [4, 5, -3, -14] [-3, -4, -11, 8] [-2, -5, 9, -3] [-3, 7, 1, 19] [6, -23, 6, -15] [-15, 6, 6, -12]
[-20, -7, -13, 1] [-10, 6, -1, -10] [11, 16, 2, 14] [-11, 20, -6, 15] [11, -5, 6, -16] [15, -17, 3, 16] [-8, -14, -1, 2]
[-8, 15, -6, 3] [0, 1, 11, -14] [1, -44, -4, 3] [20, -14, 15, -18] [-17, -7, -5, -2] [7, 1, -7, -12] [12, 3, 14, 17]
[-6, -9, 9, 15] [-21, -8, -23, 7] [-10, 19, -23, -3] [0, 0, 0, 0] [-14, 23, 4, 1] [-5, 4, -7, -5] [-7, 0, -15, -3]
[0, 13, -9, 9] [-5, -5, 11, 8] [9, -7, -7, -3] [-4, -11, 12, -7] [-2, -20, 0, -14] [-14, 15, 21, 3] [-2, -1, -9, -24]
[-2, 2, 19, -3] [16, -7, 20, 11] [0, 12, 10, 10] [-4, -19, -1, -12] [-7, -8, -6, -11] [-6, 5, -10, 15] [0, 24, -14, 12]
[-1, -19, -13, -5] [9, 8, 0, -14] [-2, 1, 7, -1] [0, 2, 17, -38] [20, 18, -14, 2] [10, 18, 17, 1] [-13, -8, 12, -12]
------------------------------
ALIVE
Head: (14 8)
Body: (14 8) (13 8) (12 8) (11 8) (10 8) (10 9) (10 10) 
Length: 7, 4
Vision: 3
Hungry, suplies: 10/10
Reproductive: 16, mutating: 0.25
Generation: 11757
####################################
Wall (up, right, down, left):
[1, -9, -8, -2] [8, -6, -1, 7] [-2, -3, 17, 2] [7, 22, 4, 7] [8, 1, 8, -7] [-18, -12, 1, -5] [1, -8, 4, -3]
[-1, 9, -10, 0] [9, 19, 13, 1] [-5, 3, -3, 12] [-18, -3, 6, 14] [9, -9, 11, 8] [-6, 17, 14, 9] [-5, -17, 11, 2]
[-2, 6, 7, -16] [1, 11, -7, 15] [4, 9, 7, -16] [-31, 7, 30, 9] [-22, -15, -16, 7] [6, -22, 1, 14] [-7, -7, -8, 7]
[-5, -11, 6, -18] [8, 8, 4, -5] [3, 20, 6, -64] [0, 0, 0, 0] [4, -51, 12, 6] [6, -17, 2, 17] [0, -12, -4, -4]
[-5, -4, -20, -10] [4, 12, 2, 7] [-9, 9, -18, -6] [12, 2, -42, -12] [9, -10, -6, 23] [7, 11, -10, 13] [-5, -19, 10, 6]
[-2, 16, -6, -10] [-8, -2, -16, -17] [-1, -3, 6, -2] [4, 2, -1, -6] [11, 4, -1, 7] [7, 7, -5, -10] [16, -6, -9, 11]
[-5, -18, -22, -4] [-8, -12, -1, -13] [-14, -9, -5, 0] [-2, 21, -10, -4] [11, -2, -1, 11] [4, 5, -12, -2] [0, 2, 14, 3]
Food (up, right, down, left):
[20, -1, -15, 15] [4, 5, -3, -14] [-3, -4, -11, 8] [-2, -5, 4, -3] [-3, 7, 1, 19] [6, -23, 6, -15] [-15, 6, 6, -12]
[-20, -7, -13, 1] [-10, 6, -1, -10] [11, 16, 2, 14] [-11, 20, -6, 15] [11, -5, 6, -16] [15, -17, 3, 16] [-8, -14, -1, 2]
[-8, 15, -6, 3] [0, 1, 11, -14] [1, -44, -4, 3] [20, -14, 15, -18] [-17, -7, -5, -2] [7, 1, -7, -12] [12, 3, 13, 17]
[-6, -9, 9, 15] [-21, -8, -23, 7] [-10, 19, -23, -3] [0, 0, 0, 0] [-14, 23, 4, 1] [-5, 4, -7, -5] [-7, 0, -15, -3]
[0, 13, -9, 9] [-5, -5, 11, 8] [9, -7, -3, -3] [-4, -11, 12, -7] [-2, -20, 0, -14] [-14, 15, 21, 3] [-2, -1, -9, -24]
[-2, 2, 19, -3] [16, -7, 20, 11] [0, 12, 10, 10] [-4, -19, -1, -12] [-7, -8, -6, -11] [-6, 5, -10, 15] [0, 24, -14, 12]
[-1, -19, -13, -5] [9, 8, 0, -14] [-2, 1, 7, -1] [0, 2, 17, -38] [20, 18, -14, 2] [10, 18, 17, 1] [-13, -8, 12, -12]
------------------------------
ALIVE
Head: (4 55)
Body: (4 55) (3 55) (3 56) (2 56) (1 -1) (1 0) (1 1) (25 1) (24 1) 
Length: 9, 4
Vision: 3
Hungry, suplies: 10/10
Reproductive: 16, mutating: 0.25
Generation: 11754
####################################
Wall (up, right, down, left):
[1, -9, -8, -2] [8, -6, -1, 7] [-2, -3, 17, 2] [7, 22, 4, 7] [8, 1, 8, -4] [-18, -12, 1, -5] [1, -8, 4, -3]
[-1, 9, -10, 0] [9, 19, 13, 1] [-5, 3, -3, 12] [-18, -3, 6, 14] [9, -9, 11, 8] [-6, 17, 14, 9] [-5, -17, 11, 2]
[-2, 6, 7, -16] [1, 11, -7, 15] [4, 9, 7, -16] [-31, 7, 30, 9] [-22, -15, -16, 7] [6, -22, 1, 14] [-9, -7, -8, 7]
[-5, -11, 6, -18] [8, 8, 4, -5] [3, 20, 6, -64] [0, 0, 0, 0] [4, -51, 12, 6] [6, -17, 2, 17] [0, -12, -4, -4]
[-5, -4, -20, -10] [4, 12, 2, 7] [-9, 9, -18, -6] [12, 2, -42, -12] [9, -10, -6, 23] [7, 11, -10, 13] [-5, -19, 10, 6]
[-2, 16, -6, -10] [-8, -2, -16, -17] [-1, -3, 6, -2] [4, 2, 1, -6] [11, 4, -1, 7] [7, 7, -5, -10] [16, -6, -9, 11]
[-5, -18, -22, -4] [-8, -7, -1, -13] [-14, -9, -5, 0] [-2, 21, -10, -4] [11, -2, -1, 11] [4, 5, -12, -2] [0, 2, 14, 3]
Food (up, right, down, left):
[20, -1, -15, 15] [4, 5, -3, -14] [-3, -4, -11, 8] [-2, -5, 4, -3] [-3, 7, 1, 20] [6, -23, 6, -15] [-15, 6, 6, -12]
[-20, -7, -13, 1] [-10, 6, -1, -10] [11, 16, 2, 14] [-11, 20, -6, 15] [11, -5, 6, -16] [15, -17, 3, 16] [-8, -14, -1, 2]
[-8, 15, -6, 3] [0, 1, 11, -14] [1, -44, -4, 3] [20, -14, 15, -18] [-17, -7, -5, -2] [7, 1, -7, -12] [12, 3, 14, 17]
[-6, -9, 9, 15] [-21, -8, -23, 7] [-10, 19, -23, -3] [0, 0, 0, 0] [-14, 23, 4, 1] [-5, 4, -7, -5] [-7, 0, -15, -3]
[0, 13, -9, 9] [-5, -5, 11, 8] [9, -7, -3, -3] [-4, -11, 12, -7] [-2, -20, 0, -14] [-14, 15, 21, 3] [-2, -1, -9, -24]
[-2, 2, 19, -3] [16, -7, 20, 11] [0, 12, 10, 10] [-4, -21, -1, -12] [-7, -8, -6, -11] [-6, 5, -10, 15] [0, 24, -14, 12]
[-1, -19, -13, -5] [9, 8, 0, -11] [-2, 1, 7, -1] [0, 2, 17, -38] [20, 18, -14, 2] [10, 18, 17, 1] [-13, -8, 12, -12]
------------------------------
ALIVE
Head: (5 5)
Body: (5 5) (5 6) (6 6) (7 6) (7 5) (8 5) (9 5) (9 4) (9 3) (9 2) (8 2) (8 1) (8 57) 
Length: 13, 4
Vision: 3
Hungry, suplies: 3/10
Reproductive: 16, mutating: 0.25
Generation: 11757
####################################
Wall (up, right, down, left):
[1, -9, -8, -2] [8, -6, -1, 7] [-2, -3, 17, 2] [8, 22, 4, 7] [8, 1, 8, -7] [-18, -12, 1, -5] [1, -8, 4, -3]
[-1, 9, -10, 0] [9, 19, 13, 1] [-5, 3, -3, 12] [-18, -3, 6, 14] [9, -9, 11, 8] [-6, 17, 14, 9] [-5, -17, 11, 2]
[-2, 6, 7, -16] [1, 11, -7, 15] [4, 9, 7, -16] [-31, 7, 30, 9] [-22, -15, -16, 7] [6, -22, 1, 14] [-9, -7, -8, 7]
[-5, -11, 6, -18] [8, 8, 4, -5] [3, 20, 6, -64] [0, 0, 0, 0] [4, -51, 12, 6] [6, -17, 2, 17] [0, -12, -4, -4]
[-5, -4, -20, -10] [4, 12, 2, 7] [-9, 9, -18, -9] [12, 2, -42, -12] [9, -10, -6, 23] [7, 11, -10, 13] [-5, -19, 10, 6]
[-2, 16, -6, -10] [-8, -2, -16, -17] [-1, -3, 6, -2] [4, 2, -1, -6] [11, 4, -1, 7] [7, 7, -5, -10] [16, -6, -9, 11]
[-5, -18, -22, -4] [-8, -12, -1, -13] [-14, -9, -5, 0] [-2, 21, -10, -4] [11, -2, -1, 11] [4, 5, -12, -2] [-5, 2, 14, 3]
Food (up, right, down, left):
[20, -1, -15, 15] [4, 5, -3, -14] [-3, -4, -11, 8] [-2, -5, 9, -3] [-3, 7, 1, 19] [6, -23, 6, -15] [-15, 6, 6, -12]
[-20, -7, -13, 1] [-10, 6, -1, -10] [11, 16, 2, 14] [-11, 20, -6, 15] [11, -5, 6, -16] [15, -17, 3, 16] [-8, -14, -1, 2]
[-8, 15, -6, 3] [0, 1, 11, -14] [1, -44, -4, 3] [20, -14, 15, -18] [-17, -7, -5, -2] [7, 1, -7, -12] [12, 3, 14, 17]
[-6, -9, 9, 15] [-21, -8, -23, 7] [-10, 19, -23, -3] [0, 0, 0, 0] [-14, 23, 4, 1] [-5, 4, -7, -5] [-7, 0, -15, -3]
[0, 13, -9, 9] [-5, -5, 11, 8] [9, -7, -7, -3] [-4, -11, 12, -7] [-2, -20, 0, -14] [-14, 15, 21, 3] [-2, -1, -9, -24]
[-2, 2, 19, -3] [16, -7, 20, 11] [0, 12, 10, 10] [-4, -19, -1, -12] [-7, -8, -6, -11] [-6, 5, -10, 15] [0, 24, -14, 12]
[-1, -19, -13, -5] [9, 8, 0, -14] [-2, 1, 7, -1] [0, 2, 17, -38] [20, 18, -14, 2] [10, 18, 17, 1] [-11, -8, 12, -12]
------------------------------
ALIVE
Head: (1 32)
Body: (1 32) (1 31) (1 30) (0 30) (0 29) (1 29) (2 29) (3 29) (3 28) 
Length: 9, 4
Vision: 3
Hungry, suplies: 5/10
Reproductive: 16, mutating: 0.25
Generation: 11757
####################################
Wall (up, right, down, left):
[1, -9, -8, -2] [8, -6, -1, 7] [-2, -3, 17, 2] [7, 22, 4, 7] [8, 1, 8, -7] [-18, -12, 1, -5] [1, -8, 4, -3]
[-1, 9, -10, 0] [9, 19, 13, 1] [-5, 3, -3, 12] [-18, -3, 6, 14] [9, -9, 11, 8] [-6, 17, 14, 9] [-5, -17, 11, 2]
[-2, 6, 7, -16] [1, 11, -7, 15] [4, 9, 7, -16] [-31, 7, 30, 9] [-22, -15, -16, 7] [6, -22, 1, 14] [-7, -7, -8, 7]
[-5, -11, 6, -18] [8, 8, 4, -5] [3, 20, 6, -64] [0, 0, 0, 0] [4, -51, 12, 6] [6, -17, 2, 17] [0, -12, -4, -4]
[-5, -4, -20, -10] [4, 12, 2, 7] [-9, 9, -18, -6] [12, 2, -42, -12] [9, -10, -6, 23] [7, 11, -10, 13] [-5, -19, 10, 6]
[-2, 16, -6, -10] [-8, -2, -16, -17] [-1, -3, 6, -2] [4, 2, -1, -6] [11, 4, -1, 7] [7, 7, -5, -10] [16, -6, -9, 11]
[-5, -18, -22, -4] [-8, -12, -1, -13] [-14, -9, -5, 0] [-2, 21, -10, -4] [11, -2, -1, 11] [4, 5, -12, -2] [0, 2, 14, 3]
Food (up, right, down, left):
[20, -1, -15, 15] [4, 5, -3, -14] [-3, -4, -11, 8] [-2, -5, 4, -3] [-3, 7, 1, 19] [6, -23, 6, -15] [-15, 6, 6, -12]
[-20, -7, -13, 1] [-10, 6, -1, -10] [11, 16, 2, 14] [-11, 20, -6, 15] [11, -5, 6, -16] [15, -17, 3, 16] [-8, -14, -1, 2]
[-8, 15, -6, 3] [0, 1, 11, -14] [1, -44, -4, 3] [20, -14, 15, -18] [-17, -7, -5, -2] [7, 1, -7, -12] [12, 3, 13, 17]
[-6, -9, 9, 15] [-21, -8, -23, 7] [-10, 19, -23, -3] [0, 0, 0, 0] [-14, 23, 4, 1] [-5, 4, -7, -5] [-7, 0, -15, -3]
[0, 13, -9, 9] [-5, -5, 11, 8] [9, -7, -3, -3] [-4, -11, 12, -7] [-2, -20, 0, -14] [-14, 15, 21, 3] [-2, -1, -9, -24]
[-2, 2, 19, -3] [16, -7, 20, 11] [0, 12, 10, 10] [-4, -19, -1, -12] [-7, -8, -6, -11] [-6, 5, -10, 15] [0, 24, -14, 12]
[-1, -19, -13, -5] [9, 8, 0, -14] [-2, 1, 7, -1] [0, 2, 17, -38] [20, 18, -14, 2] [10, 18, 17, 1] [-13, -8, 12, -12]
------------------------------
ALIVE
Head: (0 5)
Body: (0 5) (0 6) (1 6) (2 6) (3 6) (3 5) (3 4) (3 3) (4 3) 
Length: 9, 4
Vision: 3
Hungry, suplies: 2/10
Reproductive: 16, mutating: 0.25
Generation: 11755
####################################
Wall (up, right, down, left):
[1, -9, -8, -2] [8, -6, -1, 7] [-2, -3, 17, 2] [7, 22, 4, 7] [8, 1, 8, -7] [-18, -12, 1, -5] [1, -8, 4, -3]
[-1, 9, -10, 0] [9, 19, 13, 1] [-5, 3, -3, 12] [-18, -3, 6, 14] [9, -9, 11, 8] [-6, 17, 14, 9] [-5, -17, 12, 2]
[-2, 6, 7, -16] [1, 11, -7, 15] [4, 9, 7, -16] [-31, 7, 30, 9] [-22, -15, -16, 7] [6, -22, 1, 14] [-7, -7, -8, 7]
[-5, -11, 4, -18] [8, 8, 4, -5] [3, 20, 6, -64] [0, 0, 0, 0] [4, -51, 12, 6] [6, -17, 2, 17] [0, -12, -4, -4]
[-5, -4, -20, -10] [4, 12, 2, 7] [-9, 9, -18, -6] [12, 2, -42, -12] [9, -10, -6, 23] [7, 11, -10, 13] [-5, -19, 10, 6]
[-2, 16, -6, -10] [-8, -2, -16, -17] [-1, -3, 6, -2] [4, 2, -1, -6] [11, 4, -1, 7] [7, 7, -5, -10] [16, -6, -5, 11]
[-5, -22, -22, -4] [-8, -12, -1, -13] [-14, -9, -5, 0] [-2, 21, -10, -4] [11, -2, -1, 11] [4, 5, -12, -2] [0, 2, 14, 3]
Food (up, right, down, left):
[20, -1, -15, 15] [4, 5, -3, -14] [-3, -4, -11, 8] [-2, -5, 4, -3] [-3, 7, 1, 19] [6, -23, 6, -15] [-15, 6, 6, -12]
[-20, -7, -13, 1] [-10, 6, -1, -10] [11, 16, 2, 14] [-11, 20, -6, 15] [11, -5, 6, -16] [15, -17, 3, 16] [-8, -14, -1, 5]
[-8, 15, -6, 3] [0, 1, 11, -14] [1, -44, -4, 3] [20, -14, 15, -18] [-17, -7, -5, -2] [7, 1, -7, -12] [12, 3, 13, 17]
[-4, -9, 6, 15] [-21, -8, -23, 7] [-10, 19, -23, -3] [0, 0, 0, 0] [-14, 23, 4, 1] [-5, 4, -7, -5] [-7, 0, -15, -3]
[0, 13, -9, 9] [-5, -5, 11, 8] [9, -7, -3, -3] [-4, -11, 12, -7] [-2, -20, 0, -14] [-14, 15, 21, 3] [-2, -1, -9, -24]
[-2, 2, 19, -3] [16, -7, 20, 11] [0, 12, 10, 10] [-4, -19, -1, -12] [-7, -8, -6, -11] [-6, 5, -10, 15] [0, 28, -14, 12]
[-1, -19, -13, 0] [9, 8, 0, -14] [-2, 1, 7, -1] [0, 2, 17, -38] [20, 18, -14, 2] [10, 18, 17, 1] [-13, -8, 12, -12]
------------------------------
ALIVE
Head: (7 52)
Body: (7 52) (7 53) (6 53) (5 53) (4 53) (4 52) (4 51) (5 51) (5 50) (5 49) 
Length: 10, 4
Vision: 3
Hungry, suplies: 10/10
Reproductive: 16, mutating: 0.25
Generation: 11759
####################################
Wall (up, right, down, left):
[1, -9, -8, -2] [8, -6, -1, 7] [-2, -3, 17, 2] [7, 22, 4, 7] [8, 1, 8, -7] [-18, -12, 1, -5] [1, -8, 4, -3]
[-1, 9, -10, 0] [9, 19, 13, 1] [-5, 3, -3, 12] [-18, -3, 6, 14] [9, -9, 11, 8] [-6, 17, 14, 9] [-5, -17, 11, 2]
[-2, 6, 7, -16] [1, 11, -7, 15] [4, 9, 7, -16] [-31, 7, 30, 9] [-22, -15, -16, 7] [6, -22, 1, 14] [-9, -7, -8, 7]
[-5, -11, 6, -18] [8, 8, 4, -5] [3, 20, 6, -64] [0, 0, 0, 0] [4, -51, 12, 6] [6, -17, 2, 17] [0, -12, -4, -4]
[-5, -4, -20, -10] [4, 12, 2, 7] [-9, 9, -18, -6] [12, 2, -42, -12] [9, -10, -6, 23] [7, 11, -10, 13] [-5, -19, 10, 6]
[-2, 16, -6, -10] [-8, -2, -16, -17] [-1, -3, 6, -2] [4, 2, -1, -6] [11, 4, -1, 7] [7, 7, -5, -10] [16, -6, -9, 11]
[-5, -18, -22, -4] [-8, -12, -1, -13] [-14, -9, -5, 0] [-2, 21, -10, -4] [11, -2, -1, 11] [4, 5, -12, -2] [0, 2, 14, 3]
Food (up, right, down, left):
[20, -1, -15, 15] [4, 5, -3, -14] [-3, -4, -11, 8] [-2, -5, 4, -3] [-3, 7, 1, 19] [6, -23, 6, -15] [-15, 6, 6, -12]
[-20, -7, -13, 1] [-10, 6, -1, -10] [11, 16, 2, 14] [-11, 20, -6, 15] [11, -5, 6, -16] [15, -17, 3, 16] [-8, -14, -1, 2]
[-8, 15, -6, 3] [0, 1, 11, -14] [1, -44, -4, 3] [20, -14, 15, -18] [-17, -7, -5, -2] [7, 1, -7, -12] [12, 3, 14, 17]
[-6, -9, 9, 15] [-21, -8, -23, 7] [-10, 19, -23, -3] [0, 0, 0, 0] [-14, 23, 4, 1] [-5, 4, -7, -5] [-7, 0, -15, -3]
[0, 13, -9, 9] [-5, -5, 11, 8] [9, -7, -3, -3] [-4, -11, 12, -7] [-2, -20, 0, -14] [-14, 15, 21, 3] [-2, -1, -9, -24]
[-2, 2, 19, -3] [16, -7, 20, 11] [0, 12, 10, 10] [-4, -19, -1, -12] [-7, -8, -6, -11] [-6, 5, -10, 15] [0, 24, -14, 12]
[-1, -19, -13, -5] [9, 8, 0, -14] [-2, 1, 7, -1] [0, 2, 17, -38] [20, 18, -14, 2] [10, 18, 17, 1] [-13, -8, 12, -12]
------------------------------
ALIVE
Head: (3 9)
Body: (3 9) (3 8) (4 8) (5 8) (5 7) (4 7) (3 7) (2 7) (1 7) (25 7) (24 7) (23 7) (22 7) (22 8) (21 8) 
Length: 15, 4
Vision: 3
Hungry, suplies: 6/10
Reproductive: 16, mutating: 0.25
Generation: 11756
####################################
Wall (up, right, down, left):
[1, -9, -8, -2] [8, -6, -1, 7] [-2, -3, 17, 2] [7, 22, 4, 7] [8, 1, 8, -7] [-18, -12, 1, -5] [1, -8, 4, -3]
[-1, 9, -10, 0] [13, 19, 13, 1] [-5, 3, -3, 12] [-18, -3, 6, 14] [9, -9, 11, 8] [-6, 17, 14, 9] [-5, -17, 11, 2]
[-2, 6, 7, -16] [1, 11, -7, 15] [4, 9, 7, -16] [-31, 7, 30, 9] [-22, -15, -16, 7] [6, -22, 1, 14] [-7, -7, -8, 7]
[-5, -11, 6, -18] [8, 8, 4, -5] [3, 20, 6, -64] [0, 0, 0, 0] [4, -51, 12, 6] [6, -17, 2, 17] [0, -12, -4, -4]
[-5, -4, -20, -10] [4, 12, 2, 7] [-9, 9, -18, -6] [12, 2, -42, -12] [9, -10, -6, 23] [7, 11, -10, 13] [-5, -19, 10, 6]
[-2, 16, -6, -10] [-8, -2, -16, -17] [-1, -3, 6, -2] [4, 2, -1, -6] [11, 4, -1, 7] [7, 7, -5, -10] [16, -6, -9, 11]
[-5, -18, -22, -4] [-8, -12, -1, -13] [-14, -9, -5, 0] [-2, 21, -10, -4] [11, -2, -1, 11] [4, 5, -12, -2] [0, 2, 14, 3]
Food (up, right, down, left):
[20, -1, -15, 15] [4, 5, -3, -14] [-3, -4, -11, 8] [-2, -5, 4, -3] [-3, 7, 1, 19] [6, -23, 6, -15] [-15, 6, 6, -12]
[-20, -7, -13, 1] [-10, 6, -1, -9] [11, 16, 2, 14] [-11, 20, -6, 15] [11, -5, 6, -16] [15, -17, 3, 16] [-8, -14, -1, 2]
[-8, 15, -6, 3] [0, 1, 11, -14] [1, -44, -4, 3] [20, -14, 15, -18] [-17, -7, -5, -2] [7, 1, -7, -12] [12, 3, 13, 17]
[-6, -9, 9, 15] [-21, -8, -23, 7] [-10, 19, -23, -3] [0, 0, 0, 0] [-14, 23, 4, 1] [-5, 4, -7, -5] [-7, 0, -15, -3]
[0, 13, -9, 9] [-5, -5, 11, 8] [9, -7, -3, -3] [-4, -11, 12, -7] [-2, -20, 0, -14] [-14, 15, 21, 3] [-2, -1, -9, -24]
[-2, 2, 19, -3] [16, -7, 20, 11] [0, 12, 10, 10] [-4, -19, -1, -12] [-7, -8, -6, -11] [-6, 5, -10, 15] [0, 24, -14, 12]
[-1, -19, -13, -5] [9, 8, 0, -14] [-2, 1, 7, -1] [0, 2, 17, -38] [20, 18, -14, 2] [10, 18, 17, 1] [-13, -8, 12, -12]
------------------------------
ALIVE
Head: (21 27)
Body: (21 27) (21 26) (21 25) (21 24) (21 23) (20 23) (19 23) (18 23) (17 23) 
Length: 9, 4
Vision: 3
Hungry, suplies: 2/10
Reproductive: 16, mutating: 0.25
Generation: 11756
####################################
Wall (up, right, down, left):
[1, -9, -8, -2] [8, -6, -1, 7] [-2, -3, 17, 2] [7, 22, 4, 7] [8, 1, 8, -7] [-18, -12, 1, -5] [1, -8, 4, -3]
[-1, 9, -10, 0] [9, 19, 13, 1] [-5, 3, -3, 12] [-18, -3, 6, 14] [9, -9, 11, 8] [-6, 17, 14, 9] [-5, -17, 12, 2]
[-2, 6, 7, -16] [1, 11, -7, 15] [4, 9, 7, -16] [-31, 7, 30, 9] [-22, -15, -16, 7] [6, -22, 1, 14] [-7, -7, -8, 7]
[-5, -11, 4, -18] [8, 8, 4, -5] [3, 20, 6, -64] [0, 0, 0, 0] [4, -51, 12, 6] [6, -17, 2, 17] [0, -12, -4, -4]
[-5, -4, -20, -10] [4, 12, 2, 7] [-9, 9, -18, -6] [12, 2, -42, -12] [9, -10, -6, 23] [7, 11, -10, 13] [-5, -19, 10, 6]
[-2, 16, -6, -10] [-8, -2, -16, -17] [-1, -3, 6, -2] [4, 2, -1, -6] [11, 4, -1, 7] [7, 7, -5, -10] [16, -6, -5, 11]
[-5, -22, -22, -4] [-8, -12, -1, -13] [-14, -9, -5, 0] [-2, 21, -10, -4] [11, -2, -1, 11] [4, 5, -12, -2] [0, 2, 14, 3]
Food (up, right, down, left):
[20, -1, -15, 15] [4, 5, -3, -14] [-3, -4, -11, 8] [-2, -5, 4, -3] [-3, 7, 1, 19] [6, -23, 6, -15] [-15, 6, 6, -12]
[-20, -7, -13, 1] [-10, 6, -1, -10] [11, 16, 2, 14] [-11, 20, -6, 15] [11, -5, 6, -16] [15, -17, 3, 16] [-8, -14, -1, 5]
[-8, 15, -6, 3] [0, 1, 11, -14] [1, -44, -4, 3] [20, -14, 15, -18] [-17, -7, -5, -2] [7, 1, -7, -12] [12, 3, 13, 17]
[-4, -9, 6, 15] [-21, -8, -23, 7] [-10, 19, -23, -3] [0, 0, 0, 0] [-14, 23, 4, 1] [-5, 4, -7, -5] [-7, 0, -15, -3]
[0, 13, -9, 9] [-5, -5, 11, 8] [9, -7, -3, -3] [-4, -11, 12, -7] [-2, -20, 0, -14] [-14, 15, 21, 3] [-2, -1, -9, -24]
[-2, 2, 19, -3] [16, -7, 20, 11] [0, 12, 10, 10] [-4, -19, -1, -12] [-7, -8, -6, -11] [-6, 5, -10, 15] [0, 28, -14, 12]
[-1, -19, -13, 0] [9, 8, 0, -14] [-2, 1, 7, -1] [0, 2, 17, -38] [20, 18, -14, 2] [10, 18, 17, 1] [-13, -8, 12, -12]
------------------------------
ALIVE
Head: (15 7)
Body: (15 7) (15 6) (15 5) (14 5) (14 4) (13 4) (12 4) (12 3) (12 2) (12 1) 
Length: 10, 4
Vision: 3
Hungry, suplies: 7/10
Reproductive: 16, mutating: 0.25
Generation: 11760
####################################
Wall (up, right, down, left):
[1, -9, -8, -2] [8, -6, -1, 7] [-2, -3, 17, 2] [8, 22, 4, 7] [8, 1, 8, -7] [-18, -12, 1, -5] [1, -8, 4, -3]
[-1, 9, -10, 0] [9, 19, 13, 1] [-5, 3, -3, 12] [-18, -3, 6, 14] [9, -9, 11, 8] [-6, 17, 14, 9] [-5, -17, 11, 2]
[-2, 6, 7, -16] [1, 11, -7, 15] [4, 9, 7, -16] [-31, 7, 30, 9] [-22, -15, -16, 7] [6, -22, 1, 14] [-9, -7, -8, 7]
[-5, -11, 6, -18] [8, 8, 4, -5] [3, 20, 6, -64] [0, 0, 0, 0] [4, -51, 12, 6] [6, -17, 2, 17] [0, -12, -4, -4]
[-5, -4, -20, -10] [4, 12, 2, 7] [-9, 9, -18, -9] [12, 2, -42, -12] [9, -10, -6, 23] [7, 11, -10, 13] [-5, -19, 10, 6]
[-2, 16, -6, -10] [-8, -2, -16, -17] [-1, -3, 6, -2] [4, 2, -1, -6] [11, 4, -1, 7] [7, 7, -5, -10] [16, -6, -9, 11]
[-5, -18, -22, -4] [-8, -12, -1, -13] [-14, -9, -5, 0] [-2, 21, -10, -4] [11, -2, -1, 11] [4, 5, -12, -2] [0, 2, 14, 3]
Food (up, right, down, left):
[20, -1, -15, 15] [4, 5, -3, -14] [-3, -4, -11, 8] [-2, -5, 9, -3] [-3, 7, 1, 19] [6, -23, 6, -15] [-15, 6, 6, -12]
[-20, -7, -13, 1] [-10, 6, -1, -10] [11, 16, 2, 14] [-11, 20, -6, 15] [11, -5, 6, -16] [15, -17, 3, 16] [-8, -14, -1, 2]
[-8, 15, -6, 3] [0, 1, 11, -14] [1, -44, -4, 3] [20, -14, 15, -18] [-17, -7, -5, -2] [7, 1, -7, -12] [12, 3, 14, 17]
[-6, -9, 9, 15] [-21, -8, -23, 7] [-10, 19, -23, -3] [0, 0, 0, 0] [-14, 23, 4, 1] [-5, 4, -7, -5] [-7, 0, -15, -3]
[0, 13, -9, 9] [-5, -5, 11, 8] [9, -7, -7, -3] [-4, -11, 12, -7] [-2, -20, 0, -14] [-14, 15, 21, 3] [-2, -1, -9, -24]
[-2, 2, 19, -3] [16, -7, 20, 11] [0, 12, 10, 10] [-4, -19, -1, -12] [-7, -8, -6, -11] [-6, 5, -10, 15] [0, 24, -14, 12]
[-1, -19, -13, -5] [9, 8, 0, -14] [-2, 1, 7, -1] [0, 2, 17, -38] [20, 18, -14, 2] [10, 18, 17, 1] [-13, -8, 12, -12]
------------------------------
ALIVE
Head: (22 9)
Body: (22 9) (22 10) (22 11) (21 11) (21 12) (21 13) (21 14) 
Length: 7, 4
Vision: 3
Hungry, suplies: 9/10
Reproductive: 16, mutating: 0.25
Generation: 11757
####################################
Wall (up, right, down, left):
[1, -9, -8, -2] [8, -6, -1, 7] [-2, -3, 17, 2] [7, 22, 4, 7] [8, 1, 8, -7] [-18, -12, 1, -5] [1, -8, 4, -3]
[-1, 9, -10, 0] [9, 19, 13, 1] [-5, 3, -3, 12] [-18, -3, 6, 14] [9, -9, 11, 8] [-6, 17, 14, 9] [-5, -17, 11, 2]
[-2, 6, 7, -16] [1, 11, -7, 15] [4, 9, 7, -16] [-31, 7, 30, 9] [-22, -15, -16, 7] [6, -22, 1, 14] [-9, -7, -8, 7]
[-5, -11, 6, -18] [8, 8, 4, -5] [3, 20, 6, -64] [0, 0, 0, 0] [4, -51, 12, 6] [6, -17, 2, 17] [0, -12, -4, -4]
[-5, -4, -20, -10] [4, 12, 2, 7] [-9, 9, -18, -6] [12, 2, -42, -12] [9, -10, -6, 23] [7, 11, -10, 13] [-5, -19, 10, 6]
[-2, 16, -6, -10] [-8, -2, -16, -17] [-1, -3, 6, -2] [4, 2, -1, -6] [11, 4, -1, 7] [7, 7, -5, -10] [16, -6, -9, 11]
[-5, -18, -22, -4] [-8, -12, -1, -13] [-14, -9, -5, 0] [-2, 21, -10, -4] [11, -2, -1, 11] [4, 5, -12, -2] [0, 2, 14, 3]
Food (up, right, down, left):
[20, -1, -15, 15] [4, 5, -3, -14] [-3, -4, -11, 8] [-2, -5, 4, -3] [-3, 7, 1, 19] [6, -23, 6, -15] [-15, 6, 6, -12]
[-20, -7, -13, 1] [-10, 6, -1, -10] [11, 16, 2, 14] [-11, 20, -6, 15] [11, -5, 6, -16] [15, -17, 3, 16] [-8, -14, -1, 2]
[-8, 15, -6, 3] [0, 1, 11, -14] [1, -44, -4, 3] [20, -14, 15, -18] [-17, -7, -5, -2] [7, 1, -7, -12] [12, 3, 14, 17]
[-6, -9, 9, 15] [-21, -8, -23, 7] [-10, 19, -23, -3] [0, 0, 0, 0] [-14, 23, 4, 1] [-5, 4, -7, -5] [-7, 0, -15, -3]
[0, 13, -9, 9] [-5, -5, 11, 8] [9, -7, -3, -3] [-4, -11, 12, -7] [-2, -20, 0, -14] [-14, 15, 21, 3] [-2, -1, -9, -24]
[-2, 2, 19, -3] [16, -7, 20, 11] [0, 12, 10, 10] [-4, -19, -1, -12] [-7, -8, -6, -11] [-6, 5, -10, 15] [0, 24, -14, 12]
[-1, -19, -13, -5] [9, 8, 0, -14] [-2, 1, 7, -1] [0, 2, 17, -38] [20, 18, -14, 2] [10, 18, 17, 1] [-13, -8, 12, -12]
------------------------------
ALIVE
Head: (2 41)
Body: (2 41) (2 42) (2 43) (1 43) (25 43) (24 43) (23 43) (22 43) (21 43) 
Length: 9, 4
Vision: 3
Hungry, suplies: 2/10
Reproductive: 16, mutating: 0.25
Generation: 11755
####################################
Wall (up, right, down, left):
[1, -9, -8, -2] [8, -6, -1, 7] [-2, -3, 17, 2] [8, 22, 4, 7] [8, 1, 8, -7] [-18, -12, 1, -5] [1, -8, 4, -3]
[-1, 9, -10, 0] [9, 19, 13, 1] [-5, 3, -3, 12] [-18, -3, 6, 14] [9, -9, 11, 8] [-6, 17, 14, 9] [-5, -17, 11, 2]
[-2, 6, 7, -16] [1, 11, -7, 15] [4, 9, 7, -16] [-31, 7, 30, 9] [-22, -15, -16, 7] [6, -22, 1, 14] [-9, -7, -8, 7]
[-5, -11, 6, -18] [8, 8, 4, -5] [3, 20, 6, -64] [0, 0, 0, 0] [4, -51, 12, 6] [6, -17, 2, 17] [0, -12, -4, -4]
[-5, -4, -20, -10] [4, 12, 2, 7] [-9, 9, -18, -9] [12, 2, -42, -12] [9, -10, -6, 23] [7, 11, -10, 13] [-5, -19, 10, 6]
[-2, 16, -6, -10] [-8, -2, -16, -17] [-1, -3, 6, -2] [4, 2, -1, -6] [11, 4, -1, 7] [7, 7, -5, -10] [16, -6, -9, 11]
[-5, -18, -22, -4] [-8, -12, -1, -13] [-14, -9, -5, 0] [-2, 21, -10, -4] [11, -2, -1, 11] [4, 5, -12, -2] [0, 2, 14, 3]
Food (up, right, down, left):
[20, -1, -15, 15] [4, 5, -3, -14] [-3, -4, -11, 8] [-2, -5, 9, -3] [-3, 7, 1, 19] [6, -23, 6, -15] [-15, 6, 6, -12]
[-20, -7, -13, 1] [-10, 6, -1, -10] [11, 16, 2, 14] [-11, 20, -6, 15] [11, -5, 6, -16] [15, -17, 3, 16] [-8, -14, -1, 2]
[-8, 15, -6, 3] [0, 1, 11, -14] [1, -44, -4, 3] [20, -14, 15, -18] [-17, -7, -5, -2] [7, 1, -7, -12] [12, 3, 14, 17]
[-6, -9, 9, 15] [-21, -8, -23, 7] [-10, 19, -23, -3] [0, 0, 0, 0] [-14, 23, 4, 1] [-5, 4, -7, -5] [-7, 0, -15, -3]
[0, 13, -9, 9] [-5, -5, 11, 8] [9, -7, -7, -3] [-4, -11, 12, -7] [-2, -20, 0, -14] [-14, 15, 21, 3] [-2, -1, -9, -24]
[-2, 2, 19, -3] [16, -7, 20, 11] [0, 12, 10, 10] [-4, -19, -1, -12] [-7, -8, -6, -11] [-6, 5, -10, 15] [0, 24, -14, 12]
[-1, -19, -13, -5] [9, 8, 0, -14] [-2, 1, 7, -1] [0, 2, 17, -38] [20, 18, -14, 2] [10, 18, 17, 1] [-13, -8, 12, -12]
------------------------------
ALIVE
Head: (20 18)
Body: (20 18) (20 19) (21 19) (21 20) (20 20) (19 20) (18 20) (17 20) (17 21) (17 22) 
Length: 10, 4
Vision: 3
Hungry, suplies: 6/10
Reproductive: 16, mutating: 0.25
Generation: 11758
####################################
Wall (up, right, down, left):
[1, -5, -8, -2] [8, -6, -1, 7] [-2, -3, 17, 7] [7, 22, 7, 7] [8, 1, 8, -7] [-16, -12, 1, -5] [3, -8, 4, -3]
[-1, 10, -10, 0] [9, 19, 13, 1] [-5, 3, -3, 12] [-18, -3, 6, 15] [9, -9, 11, 8] [-6, 17, 14, 9] [-5, -17, 11, 2]
[-2, 8, 9, -16] [1, 11, -7, 15] [4, 9, 7, -16] [-31, 11, 30, 9] [-22, -15, -16, 7] [6, -22, 1, 14] [-7, -7, -8, 8]
[-5, -11, 4, -18] [8, 8, 9, -5] [3, 17, 1, -64] [0, 0, 0, 0] [4, -51, 12, 6] [6, -17, 2, 17] [0, -12, -4, -4]
[-5, -8, -20, -10] [4, 12, 2, 7] [-9, 9, -18, -6] [14, 2, -42, -12] [9, -10, -6, 23] [3, 7, -10, 13] [-7, -19, 10, 6]
[-2, 16, -6, -9] [-5, -2, -16, -17] [-1, -3, 6, -2] [4, 2, -1, -6] [11, 4, -1, 7] [7, 7, -5, -10] [16, -6, -9, 11]
[-5, -18, -22, -4] [-11, -12, -5, -13] [-14, -9, -3, 0] [-2, 21, -10, -4] [13, -2, -1, 11] [4, 5, -12, -2] [0, 2, 19, 3]
Food (up, right, down, left):
[20, 4, -15, 15] [4, 5, -3, -14] [-3, -4, -11, 8] [-2, -4, 4, -3] [-3, 7, 1, 19] [6, -23, 6, -10] [-13, 6, 6, -12]
[-20, -7, -10, 1] [-10, 6, -1, -10] [15, 16, 2, 14] [-11, 20, -6, 15] [11, -5, 6, -16] [15, -17, 3, 16] [-8, -14, -1, 2]
[-8, 8, -6, 3] [0, 1, 11, -14] [1, -44, -4, 3] [21, -14, 15, -18] [-17, -7, -5, -2] [7, 1, -7, -12] [17, 3, 13, 17]
[-4, -9, 9, 15] [-21, -8, -23, 7] [-6, 19, -23, -4] [0, 0, 0, 0] [-14, 23, 4, 1] [-5, 4, -7, -5] [-7, 0, -15, -3]
[4, 13, -9, 9] [-5, -5, 11, 8] [9, -7, -3, -3] [-9, -11, 12, -7] [-2, -20, 0, -14] [-11, 15, 25, 3] [-2, -1, -5, -24]
[-2, 2, 19, -4] [16, -7, 21, 11] [0, 12, 10, 10] [-4, -19, -1, -12] [-7, -8, -6, -11] [-6, 5, -10, 15] [0, 24, -14, 12]
[-1, -19, -13, -5] [8, 8, 1, -14] [-2, 1, 7, -5] [0, 2, 17, -38] [20, 21, -14, 2] [10, 18, 17, 1] [-10, -8, 12, -12]
------------------------------
ALIVE
Head: (4 35)
Body: (4 35) (5 35) (5 34) (4 34) (4 33) (4 32) (4 31) (3 31) (2 31) (2 32) 
Length: 10, 4
Vision: 3
Hungry, suplies: 2/10
Reproductive: 16, mutating: 0.25
Generation: 11754
####################################
