Wall (up, right, down, left):
[17, -9, 0, 2] [-2, -2, -6, 8] [-15, 9, 4, -8] [13, 6, 28, 8] [-23, 0, 28, -11] [1, -7, 3, -12] [-12, -14, -21, -22]
[-23, -16, 25, -4] [4, 27, -6, 11] [-21, 7, 1, -3] [-21, 11, 11, 1] [24, 3, 3, 3] [-19, -33, 18, 14] [-10, 3, -1, 7]
[-4, 0, 40, 3] [-5, 27, -20, 2] [-21, -10, 46, 0] [-75, 25, 39, 22] [-42, -32, -23, 22] [-20, -19, -3, 24] [-27, -8, -10, -20]
[4, 35, -5, -48] [17, 5, 14, -26] [2, 33, 3, -92] [0, 0, 0, 0] [48, -87, 41, 4] [14, -10, 3, 19] [7, 5, 6, -1]
[-16, -25, -18, 4] [14, 3, -18, 0] [-5, 4, -37, -33] [32, 8, -89, 5] [12, -13, -13, 43] [0, 19, -10, 1] [-33, -65, -13, 16]
[21, 22, 13, 0] [2, -2, -6, -13] [20, 5, 14, -7] [-9, 7, -20, 13] [9, -2, -14, -1] [25, -12, -18, -1] [30, 3, 15, 24]
[-10, -6, -2, -14] [-10, -2, -15, -5] [-11, 5, 20, 3] [-13, 14, -40, -7] [31, 20, -13, 22] [27, -28, -40, 20] [-2, 4, 9, -4]
Food (up, right, down, left):
[23, 20, 4, 12] [-10, 12, -4, -27] [32, -7, 3, 17] [-8, -2, 33, 18] [-8, 12, 28, -12] [-12, -16, -15, -20] [-26, 20, -16, -17]
[-60, -11, -28, -18] [4, -5, -11, -21] [-9, 14, 22, 33] [-8, 18, -34, 23] [27, 16, 9, -36] [33, -5, -33, 25] [19, -1, 22, 17]
[-19, 1, 26, -30] [3, 1, -4, 32] [-46, -34, -36, 33] [39, -38, 20, -4] [-11, -3, 4, -22] [-5, 11, -42, -30] [28, 30, 10, 28]
[24, 11, 14, 53] [-7, -6, -29, 22] [12, -20, -31, -21] [0, 0, 0, 0] [-19, 66, -30, -2] [-15, -13, -24, -1] [-17, 36, -27, 13]
[-5, 5, -9, 17] [5, 11, 7, 14] [20, -7, 36, 2] [-2, -20, 16, -20] [9, -7, 4, -44] [-6, 41, 22, 25] [-1, -17, -4, -25]
[9, -9, 4, -6] [4, 17, 11, 5] [8, 5, 15, 24] [-28, -24, 33, -30] [-36, -26, -2, -31] [-12, 31, -3, 24] [1, 33, -9, 20]
[3, 1, -22, -21] [22, 7, -2, -49] [13, 25, 4, -19] [-4, 19, 43, -46] [37, 31, -7, -9] [12, 30, 17, -12] [20, -27, 23, -23]
------------------------------
ALIVE
Head: (0 36)
Body: (0 36) (25 37) (24 37) (23 37) (22 37) (22 36) (21 36) (21 37) (20 37) (19 37) (19 36) (19 35) 
Length: 12, 4
Vision: 3
Hungry, suplies: 6/10
Reproductive: 16, mutating: 0.25
Generation: 37527
####################################
Wall (up, right, down, left):
[17, -9, 0, 2] [-2, -2, -6, 8] [-15, 9, 7, -8] [13, 6, 28, 8] [-23, 0, 28, -11] [1, -7, 3, -12] [-12, -14, -21, -22]
[-23, -16, 25, -4] [4, 27, -6, 11] [-21, 7, 1, -3] [-21, 11, 11, 1] [24, 3, 3, 3] [-19, -33, 18, 14] [-10, 3, -1, 7]
[-4, 0, 40, -1] [-5, 27, -20, 2] [-21, -10, 46, 0] [-75, 25, 39, 22] [-42, -32, -23, 22] [-20, -19, -3, 24] [-27, -8, -10, -20]
[4, 35, -5, -48] [17, 5, 14, -26] [2, 33, 3, -92] [0, 0, 0, 0] [48, -87, 41, 4] [14, -10, 3, 19] [7, 5, 6, -1]
[-16, -25, -18, 4] [14, 3, -18, 0] [-5, 4, -37, -33] [32, 8, -89, 5] [12, -13, -13, 43] [0, 19, -10, 1] [-33, -65, -13, 16]
[21, 22, 13, 0] [2, -2, -6, -13] [20, 5, 14, -7] [-9, 7, -20, 13] [9, -2, -14, -1] [25, -12, -18, -1] [30, 3, 15, 24]
[-10, -6, -2, -14] [-10, -2, -15, -5] [-11, 5, 20, 3] [-13, 14, -40, -2] [31, 20, -13, 22] [27, -28, -40, 20] [-2, 4, 9, -4]
Food (up, right, down, left):
[23, 20, 4, 12] [-10, 12, -4, -27] [32, -12, 3, 17] [-8, -2, 33, 18] [-8, 12, 28, -12] [-12, -16, -15, -20] [-26, 20, -16, -17]
[-60, -11, -28, -18] [4, -5, -11, -21] [-9, 14, 22, 33] [-8, 18, -34, 23] [27, 16, 9, -36] [33, -5, -33, 25] [19, -1, 22, 17]
[-22, 1, 26, -30] [3, 1, -4, 32] [-46, -34, -36, 33] [39, -38, 20, -4] [-11, -3, 4, -22] [-5, 11, -42, -30] [28, 30, 10, 28]
[24, 11, 14, 53] [-7, -6, -29, 22] [12, -20, -31, -21] [0, 0, 0, 0] [-19, 66, -30, -2] [-15, -13, -24, -1] [-17, 36, -27, 13]
[-5, 5, -9, 17] [5, 11, 7, 14] [20, -7, 36, 2] [-2, -20, 16, -20] [9, -7, 4, -44] [-6, 41, 22, 25] [-1, -17, -4, -25]
[9, -9, 4, -6] [4, 17, 11, 5] [8, 5, 15, 24] [-28, -24, 33, -30] [-36, -26, -2, -31] [-12, 31, -3, 24] [1, 33, -9, 20]
[3, 1, -22, -21] [22, 7, -2, -49] [13, 25, 4, -19] [-4, 19, 41, -46] [37, 31, -7, -9] [12, 30, 17, -12] [20, -27, 23, -23]
------------------------------
ALIVE
Head: (22 30)
Body: (22 30) (22 31) (22 32) (23 32) (23 33) (23 34) (22 34) (22 33) (21 33) (20 33) 
Length: 10, 4
Vision: 3
Hungry, suplies: 4/10
Reproductive: 16, mutating: 0.25
Generation: 37527
####################################
Wall (up, right, down, left):
[17, -9, 0, 2] [-2, -2, -6, 8] [-15, 9, 7, -8] [13, 6, 28, 8] [-23, 0, 28, -11] [1, -7, 3, -12] [-12, -14, -21, -22]
[-23, -16, 25, -4] [4, 27, -6, 11] [-21, 7, 1, -3] [-21, 11, 15, 1] [24, 3, 3, 3] [-19, -33, 18, 14] [-10, 3, -1, 7]
[-4, 0, 40, 3] [-5, 27, -20, 2] [-21, -10, 46, 0] [-75, 25, 39, 26] [-42, -32, -23, 22] [-20, -19, -3, 24] [-27, -8, -10, -20]
[4, 35, -5, -48] [17, 5, 14, -26] [2, 33, 3, -92] [0, 0, 0, 0] [48, -87, 41, 4] [14, -10, 3, 19] [7, 5, 6, -1]
[-16, -25, -18, 4] [14, 3, -18, 0] [-5, 4, -37, -33] [32, 8, -89, 5] [12, -13, -13, 43] [0, 19, -10, 1] [-33, -65, -13, 16]
[21, 22, 13, 0] [2, -2, -6, -13] [20, 5, 14, -7] [-9, 7, -20, 13] [9, -2, -14, -1] [25, -12, -18, -1] [30, 3, 15, 24]
[-10, -6, -2, -14] [-10, -2, -16, -5] [-11, 5, 20, 3] [-13, 14, -40, -7] [31, 20, -13, 22] [27, -28, -40, 20] [-2, 4, 9, -4]
Food (up, right, down, left):
[23, 20, 4, 12] [-10, 12, -4, -27] [32, -12, 3, 17] [-8, -2, 33, 18] [-8, 12, 28, -12] [-12, -16, -15, -20] [-26, 20, -16, -17]
[-60, -11, -28, -18] [4, -5, -11, -21] [-9, 14, 22, 33] [-8, 18, -34, 23] [27, 16, 9, -36] [33, -5, -33, 25] [19, -1, 22, 17]
[-19, 1, 26, -30] [3, 1, -4, 32] [-46, -34, -36, 33] [39, -38, 20, -9] [-11, -3, 4, -22] [-5, 11, -42, -30] [28, 30, 10, 28]
[24, 11, 14, 53] [-7, -6, -29, 22] [12, -20, -31, -21] [0, 0, 0, 0] [-19, 66, -30, -2] [-15, -13, -24, -1] [-17, 36, -27, 13]
[-5, 5, -9, 17] [5, 11, 7, 14] [20, -7, 36, 2] [-2, -20, 16, -20] [9, -7, 4, -44] [-6, 41, 22, 25] [-1, -17, -4, -25]
[9, -9, 4, -6] [4, 17, 11, 5] [8, 5, 15, 24] [-28, -24, 33, -30] [-36, -26, -2, -31] [-12, 31, -3, 24] [1, 33, -9, 20]
[3, 1, -22, -21] [22, 7, -1, -49] [13, 25, 4, -19] [-4, 19, 43, -46] [37, 31, -7, -9] [12, 30, 17, -12] [20, -27, 23, -23]
------------------------------
ALIVE
Head: (3 40)
Body: (3 40) (2 40) (1 40) (1 39) (0 39) (0 40) (25 41) (24 41) (24 42) (23 42) (23 43) (22 43) (22 44) (21 44) (20 44) 
Length: 15, 4
Vision: 3
Hungry, suplies: 2/10
Reproductive: 16, mutating: 0.25
Generation: 37531
####################################
Wall (up, right, down, left):
[17, -9, 0, 2] [-2, -2, -6, 8] [-15, 9, 7, -8] [13, 6, 28, 8] [-23, 0, 28, -11] [1, -7, 3, -12] [-12, -14, -21, -22]
[-23, -16, 25, -4] [4, 27, -6, 11] [-21, 7, 1, -3] [-21, 11, 11, 3] [24, 3, 3, 3] [-19, -33, 18, 18] [-10, 3, 3, 7]
[-4, 0, 40, 3] [-5, 27, -20, 2] [-21, -10, 46, 0] [-75, 25, 39, 22] [-42, -32, -23, 22] [-20, -19, -3, 24] [-27, -8, -10, -20]
[4, 35, -5, -48] [17, 5, 14, -26] [2, 33, 3, -92] [0, 0, 0, 0] [48, -87, 41, 4] [14, -10, 3, 19] [7, 5, 6, -1]
[-16, -25, -18, 4] [14, 3, -18, 0] [-5, 4, -37, -33] [32, 8, -89, 5] [12, -13, -13, 43] [0, 19, -10, 1] [-33, -65, -13, 16]
[21, 22, 13, 0] [2, -2, -6, -13] [20, 5, 14, -7] [-9, 7, -20, 13] [9, -2, -14, -1] [25, -12, -18, -1] [30, 3, 15, 24]
[-10, -6, -2, -14] [-10, -2, -15, -9] [-11, 5, 20, 8] [-13, 14, -40, -7] [31, 20, -13, 22] [27, -28, -40, 20] [-2, 4, 9, -4]
Food (up, right, down, left):
[23, 20, 4, 12] [-10, 12, -4, -27] [32, -12, 3, 17] [-8, -2, 33, 18] [-8, 12, 28, -12] [-12, -16, -15, -20] [-26, 20, -16, -17]
[-60, -11, -28, -18] [4, -5, -11, -21] [-9, 14, 22, 33] [-8, 18, -34, 23] [27, 16, 9, -36] [33, -5, -33, 25] [19, -1, 22, 19]
[-19, 1, 26, -30] [3, 1, -4, 32] [-46, -34, -36, 33] [39, -38, 20, -4] [-11, -3, 4, -22] [-5, 11, -42, -30] [28, 30, 10, 25]
[24, 11, 14, 53] [-7, -6, -29, 22] [12, -20, -31, -21] [0, 0, 0, 0] [-19, 66, -30, -2] [-15, -13, -24, -1] [-17, 36, -27, 13]
[-5, 5, -9, 17] [5, 11, 7, 14] [20, -7, 36, 2] [-2, -20, 16, -20] [9, -7, 4, -44] [-6, 41, 22, 25] [-1, -17, -4, -25]
[9, -9, 4, -6] [4, 17, 11, 5] [8, 5, 15, 24] [-28, -24, 33, -30] [-36, -26, -2, -31] [-12, 31, -3, 24] [1, 33, -9, 20]
[3, 1, -22, -21] [22, 7, -4, -49] [13, 25, 4, -19] [-4, 19, 43, -46] [37, 31, -7, -9] [15, 30, 17, -12] [20, -27, 23, -23]
------------------------------
ALIVE
Head: (8 22)
Body: (8 22) (7 22) (7 23) (7 24) (7 25) (7 26) (7 27) (6 27) (5 27) (4 27) (3 27) (2 27) (1 27) 
Length: 13, 4
Vision: 3
Hungry, suplies: 9/10
Reproductive: 16, mutating: 0.25
Generation: 37528
####################################
Wall (up, right, down, left):
[17, -9, 0, 2] [-2, -2, -6, 8] [-15, 9, 7, -8] [13, 6, 28, 8] [-23, 0, 28, -11] [1, -7, 3, -12] [-12, -14, -21, -22]
[-23, -16, 25, -4] [4, 27, -6, 11] [-21, 7, 1, -3] [-21, 11, 11, 1] [24, 3, 3, 3] [-19, -33, 18, 14] [-10, 3, -1, 7]
[-4, 0, 40, 3] [-5, 27, -20, 2] [-21, -10, 46, 0] [-75, 25, 39, 22] [-42, -32, -23, 22] [-20, -19, -3, 24] [-27, -8, -5, -20]
[4, 35, -5, -48] [17, 5, 14, -26] [2, 33, 3, -92] [0, 0, 0, 0] [48, -87, 41, 4] [14, -10, 3, 19] [7, 5, 6, -1]
[-16, -25, -18, 4] [14, 3, -18, 0] [-5, -1, -37, -33] [32, 8, -89, 5] [12, -13, -13, 43] [0, 19, -10, 1] [-33, -65, -13, 16]
[21, 22, 13, 0] [2, -2, -6, -13] [20, 5, 14, -7] [-9, 7, -20, 13] [9, -2, -14, -1] [25, -12, -18, -1] [30, 3, 15, 24]
[-10, -6, -2, -14] [-10, -2, -15, -5] [-11, 5, 20, 3] [-13, 14, -40, -7] [31, 20, -13, 22] [27, -28, -40, 20] [-2, 4, 9, -4]
Food (up, right, down, left):
[23, 20, 4, 12] [-10, 12, -4, -27] [32, -12, 3, 17] [-8, -2, 33, 18] [-8, 12, 28, -12] [-12, -16, -15, -20] [-26, 20, -16, -17]
[-60, -11, -28, -18] [4, -5, -11, -21] [-9, 14, 22, 33] [-8, 18, -34, 23] [27, 16, 9, -36] [33, -5, -33, 25] [19, -1, 22, 17]
[-19, 1, 26, -30] [3, 1, -4, 32] [-46, -34, -36, 33] [39, -38, 20, -4] [-11, -3, 4, -22] [-5, 11, -42, -30] [28, 30, 10, 23]
[24, 11, 14, 53] [-7, -6, -29, 22] [12, -20, -31, -21] [0, 0, 0, 0] [-19, 66, -30, -2] [-15, -13, -24, -1] [-17, 36, -27, 13]
[-5, 5, -9, 17] [5, 11, 7, 14] [18, -7, 36, 2] [-2, -20, 16, -20] [9, -7, 4, -44] [-6, 41, 22, 25] [-1, -17, -4, -25]
[9, -9, 4, -6] [4, 17, 11, 5] [8, 5, 15, 24] [-28, -24, 33, -30] [-36, -26, -2, -31] [-12, 31, -3, 24] [1, 33, -9, 20]
[3, 1, -22, -21] [22, 7, -2, -49] [13, 25, 4, -19] [-4, 19, 43, -46] [37, 31, -7, -9] [12, 30, 17, -12] [20, -27, 23, -23]
------------------------------
ALIVE
Head: (24 40)
Body: (24 40) (24 39) (24 38) (23 38) (22 38) (22 39) (22 40) (21 40) (21 39) (20 39) (20 40) (20 41) (21 41) 
Length: 13, 4
Vision: 3
Hungry, suplies: 8/10
Reproductive: 16, mutating: 0.25
Generation: 37527
####################################
Wall (up, right, down, left):
[17, -9, 0, 2] [-2, -2, -6, 8] [-15, 9, 7, -8] [13, 6, 28, 8] [-23, 0, 28, -11] [1, -7, 3, -12] [-12, -14, -21, -22]
[-23, -16, 25, -4] [4, 27, -6, 11] [-21, 7, 1, -3] [-21, 11, 11, 1] [24, 3, 3, 3] [-19, -33, 18, 13] [-10, 3, -1, 7]
[-4, 0, 40, -1] [-5, 27, -20, 2] [-21, -10, 46, 0] [-75, 25, 39, 22] [-42, -32, -23, 22] [-20, -19, -3, 24] [-27, -8, -10, -20]
[4, 35, -5, -48] [17, 5, 14, -26] [2, 33, 3, -92] [0, 0, 0, 0] [48, -87, 41, 4] [14, -10, 3, 19] [7, 5, 6, -1]
[-16, -25, -18, 4] [14, 3, -18, 0] [-5, 4, -37, -33] [32, 8, -89, 5] [12, -13, -13, 43] [0, 19, -10, 1] [-33, -65, -13, 16]
[21, 22, 13, 0] [2, -2, -6, -13] [20, 5, 14, -7] [-9, 7, -20, 13] [9, -2, -14, -1] [25, -12, -18, -1] [30, 3, 15, 24]
[-10, -6, -2, -14] [-10, -2, -15, -5] [-11, 5, 20, 3] [-13, 14, -40, -2] [31, 20, -13, 22] [27, -28, -40, 20] [-2, 4, 9, -4]
Food (up, right, down, left):
[23, 20, 4, 12] [-10, 12, -4, -27] [32, -12, 3, 17] [-8, -2, 33, 18] [-8, 12, 28, -12] [-12, -16, -15, -20] [-26, 20, -16, -17]
[-60, -11, -28, -18] [4, -5, -11, -21] [-9, 14, 22, 33] [-8, 18, -34, 23] [27, 16, 9, -36] [33, -5, -33, 21] [19, -1, 22, 17]
[-22, 1, 26, -30] [3, 1, -4, 32] [-46, -34, -36, 33] [39, -38, 20, -4] [-11, -3, 4, -22] [-5, 11, -42, -30] [28, 30, 10, 28]
[24, 11, 14, 53] [-7, -6, -29, 22] [12, -20, -31, -21] [0, 0, 0, 0] [-19, 66, -30, -2] [-15, -13, -24, -1] [-17, 36, -27, 13]
[-5, 5, -9, 17] [5, 11, 7, 14] [20, -7, 36, 2] [-2, -20, 16, -20] [9, -7, 4, -44] [-6, 41, 22, 25] [-1, -17, -4, -25]
[9, -9, 4, -6] [4, 17, 11, 5] [8, 5, 15, 24] [-28, -24, 33, -30] [-36, -26, -2, -31] [-12, 31, -3, 24] [1, 33, -9, 20]
[3, 1, -22, -21] [22, 7, -2, -49] [13, 25, 4, -19] [-4, 19, 41, -46] [37, 31, -7, -9] [12, 30, 17, -12] [20, -27, 23, -23]
------------------------------
ALIVE
Head: (14 29)
Body: (14 29) (13 29) (12 29) (12 28) (11 28) (10 28) (9 28) (8 28) (8 27) (8 26) (8 25) 
Length: 11, 4
Vision: 3
Hungry, suplies: 8/10
Reproductive: 16, mutating: 0.25
Generation: 37529
####################################
Wall (up, right, down, left):
[17, -9, 0, 2] [-2, -2, -6, 8] [-15, 9, 7, -8] [13, 6, 28, 8] [-23, 0, 28, -11] [1, -7, 3, -12] [-12, -14, -21, -22]
[-23, -16, 25, -4] [4, 27, -6, 11] [-21, 7, 1, -3] [-21, 11, 11, 1] [24, 3, 3, 3] [-19, -33, 18, 14] [-10, 3, -1, 7]
[-4, 0, 40, 3] [-5, 27, -20, 2] [-21, -10, 46, 0] [-75, 25, 39, 22] [-42, -32, -23, 22] [-20, -19, -3, 24] [-27, -8, -10, -20]
[4, 35, -5, -48] [17, 5, 14, -26] [2, 33, 3, -92] [0, 0, 0, 0] [48, -87, 41, 4] [14, -10, 3, 19] [7, 5, 6, -1]
[-16, -25, -18, 4] [14, 3, -18, 0] [-5, 4, -37, -33] [32, 8, -89, 5] [12, -13, -13, 43] [0, 19, -10, 1] [-33, -65, -13, 16]
[21, 22, 13, 0] [2, -2, -6, -13] [20, 5, 14, -7] [-9, 7, -20, 13] [9, -2, -14, -1] [25, -12, -18, -1] [30, 3, 15, 24]
[-10, -6, -2, -14] [-10, -2, -15, -5] [-11, 5, 20, 3] [-13, 14, -40, -7] [31, 20, -13, 22] [27, -28, -40, 20] [-2, 4, 9, -4]
Food (up, right, down, left):
[23, 20, 4, 12] [-10, 12, -4, -27] [32, -12, 3, 17] [-8, -2, 33, 18] [-8, 12, 28, -12] [-12, -16, -15, -20] [-26, 20, -16, -17]
[-60, -11, -28, -18] [4, -5, -11, -21] [-9, 14, 22, 33] [-8, 18, -34, 23] [27, 16, 9, -36] [33, -5, -33, 25] [19, -1, 22, 17]
[-19, 1, 26, -30] [3, 1, -4, 32] [-46, -34, -36, 33] [39, -38, 20, -4] [-11, -3, 4, -22] [-5, 11, -42, -30] [28, 30, 10, 28]
[24, 11, 14, 53] [-7, -6, -29, 22] [12, -20, -31, -21] [0, 0, 0, 0] [-19, 66, -30, -2] [-15, -13, -24, -1] [-17, 36, -27, 13]
[-5, 5, -9, 17] [5, 11, 7, 14] [20, -7, 36, 2] [-2, -20, 16, -20] [9, -7, 4, -44] [-6, 41, 22, 25] [-1, -17, -4, -25]
[9, -9, 4, -6] [4, 17, 11, 5] [8, 5, 15, 24] [-28, -24, 33, -30] [-36, -26, -2, -31] [-12, 31, -3, 24] [1, 33, -9, 20]
[3, 1, -22, -21] [22, 7, -2, -49] [13, 25, 4, -19] [-4, 19, 43, -46] [37, 31, -7, -9] [12, 30, 17, -12] [20, -27, 23, -23]
------------------------------
ALIVE
Head: (3 17)
Body: (3 17) (3 18) (3 19) (2 19) (2 20) (2 21) (1 21) (1 22) (1 23) (25 23) (24 23) (23 23) 
Length: 12, 4
Vision: 3
Hungry, suplies: 2/10
Reproductive: 16, mutating: 0.25
Generation: 37530
####################################
Wall (up, right, down, left):
[17, -9, 0, 2] [-2, -2, -6, 8] [-15, 9, 7, -8] [13, 6, 28, 8] [-23, 0, 28, -11] [1, -7, 3, -12] [-12, -14, -21, -22]
[-23, -16, 25, -4] [4, 27, -6, 11] [-21, 7, 1, -3] [-21, 11, 11, 1] [24, 3, 3, 3] [-19, -33, 18, 14] [-10, 3, -1, 7]
[-4, 0, 45, 3] [-5, 27, -20, 2] [-21, -10, 46, 0] [-75, 25, 39, 26] [-42, -32, -23, 22] [-20, -19, -3, 24] [-27, -8, -10, -20]
[4, 35, -5, -48] [17, 5, 14, -26] [2, 33, 3, -92] [0, 0, 0, 0] [48, -87, 41, 4] [14, -10, 3, 19] [7, 5, 6, -1]
[-16, -25, -18, 4] [14, 3, -18, 0] [-5, 4, -37, -33] [32, 8, -89, 5] [12, -13, -13, 43] [0, 19, -10, 1] [-33, -65, -13, 16]
[21, 22, 13, 0] [2, -2, -6, -13] [20, 5, 14, -7] [-9, 7, -20, 13] [9, -2, -14, -1] [25, -12, -18, -1] [30, 3, 15, 24]
[-10, -6, -2, -14] [-10, -2, -15, -5] [-11, 5, 20, 3] [-13, 14, -40, -7] [31, 20, -13, 22] [27, -28, -40, 20] [-2, 4, 9, -4]
Food (up, right, down, left):
[23, 20, 4, 12] [-10, 12, -4, -27] [32, -12, 3, 17] [-8, -2, 33, 18] [-8, 12, 28, -12] [-12, -16, -15, -20] [-26, 20, -16, -16]
[-60, -11, -28, -18] [4, -5, -11, -21] [-9, 14, 22, 33] [-8, 18, -34, 23] [27, 16, 9, -36] [33, -5, -33, 25] [19, -1, 22, 17]
[-19, 2, 26, -30] [3, 1, -4, 32] [-46, -34, -36, 33] [39, -38, 20, -9] [-11, -3, 4, -22] [-5, 11, -42, -30] [28, 30, 10, 28]
[24, 11, 14, 53] [-7, -6, -29, 22] [12, -20, -31, -21] [0, 0, 0, 0] [-19, 66, -30, -2] [-15, -13, -24, -1] [-17, 36, -27, 13]
[-5, 5, -9, 17] [5, 11, 7, 14] [20, -7, 36, 2] [-2, -20, 16, -20] [9, -7, 4, -44] [-6, 41, 22, 25] [-1, -17, -4, -25]
[9, -9, 4, -6] [4, 17, 11, 5] [8, 5, 15, 24] [-28, -24, 33, -30] [-36, -26, -2, -31] [-12, 31, -3, 24] [1, 33, -9, 20]
[3, 1, -22, -21] [22, 7, -2, -49] [13, 25, 4, -19] [-4, 19, 43, -46] [37, 31, -7, -9] [12, 30, 17, -12] [20, -27, 23, -23]
------------------------------
ALIVE
Head: (17 17)
Body: (17 17) (17 16) (16 16) (15 16) (15 17) (15 18) (14 18) (14 17) (14 16) 
Length: 9, 4
Vision: 3
Hungry, suplies: 10/10
Reproductive: 16, mutating: 0.25
Generation: 37530
####################################
Wall (up, right, down, left):
[17, -9, 0, 2] [-2, -2, -6, 8] [-15, 9, 7, -8] [13, 6, 28, 4] [-23, 0, 28, -11] [1, -7, 3, -12] [-12, -14, -21, -22]
[-23, -16, 25, -4] [4, 27, -6, 11] [-21, 7, 1, -3] [-21, 11, 11, 1] [24, 3, 3, 3] [-19, -33, 18, 14] [-10, 3, -1, 7]
[-4, 0, 40, 3] [-5, 27, -20, 2] [-21, -10, 46, 0] [-75, 25, 39, 22] [-42, -32, -23, 22] [-20, -19, -3, 24] [-27, -8, -10, -20]
[4, 35, -5, -48] [17, 5, 14, -26] [2, 33, 3, -92] [0, 0, 0, 0] [48, -87, 41, 4] [14, -10, 3, 19] [7, 5, 6, -1]
[-16, -25, -18, 4] [14, 3, -18, 0] [-5, 4, -37, -33] [32, 8, -89, 5] [12, -13, -13, 43] [0, 19, -10, 1] [-33, -65, -13, 16]
[21, 22, 13, 0] [2, -2, -6, -13] [20, 5, 14, -7] [-9, 7, -20, 13] [9, -2, -14, -1] [25, -12, -18, -1] [30, 3, 15, 24]
[-10, -6, -2, -14] [-10, -2, -15, -5] [-11, 5, 20, 3] [-13, 14, -40, -7] [31, 20, -13, 22] [27, -28, -40, 20] [-2, 4, 9, -4]
Food (up, right, down, left):
[23, 20, 4, 12] [-10, 12, -4, -27] [32, -12, 3, 17] [-10, -2, 33, 18] [-8, 12, 28, -12] [-12, -16, -15, -20] [-26, 20, -16, -17]
[-60, -11, -28, -18] [4, -5, -11, -21] [-9, 14, 22, 33] [-8, 18, -34, 23] [27, 16, 9, -36] [33, -5, -33, 25] [19, -1, 22, 17]
[-19, 1, 26, -30] [3, 1, -4, 32] [-46, -34, -36, 33] [39, -38, 20, -4] [-11, -3, 4, -22] [-5, 11, -42, -30] [28, 30, 10, 28]
[24, 11, 14, 53] [-7, -6, -29, 22] [12, -20, -31, -21] [0, 0, 0, 0] [-19, 66, -30, -2] [-15, -13, -24, -1] [-17, 36, -27, 13]
[-5, 5, -9, 17] [5, 11, 7, 14] [20, -7, 36, 2] [-2, -20, 16, -20] [9, -7, 4, -44] [-6, 41, 22, 25] [-1, -17, -4, -25]
[9, -9, 4, -6] [4, 17, 11, 5] [8, 5, 15, 24] [-28, -24, 33, -30] [-36, -26, -2, -31] [-12, 31, -3, 24] [1, 33, -9, 20]
[3, 1, -22, -21] [22, 7, -2, -49] [13, 25, 4, -19] [-4, 19, 43, -46] [37, 31, -7, -9] [12, 30, 17, -12] [20, -27, 23, -23]
------------------------------
ALIVE
Head: (2 14)
Body: (2 14) (2 15) (2 16) (1 16) (0 16) (0 15) (0 14) (0 13) (0 12) 
Length: 9, 4
Vision: 3
Hungry, suplies: 5/10
Reproductive: 16, mutating: 0.25
Generation: 37533
####################################
Wall (up, right, down, left):
[17, -9, 0, 2] [-2, -2, -6, 8] [-15, 9, 7, -8] [13, 6, 28, 8] [-23, 0, 28, -11] [1, -7, 3, -12] [-12, -14, -21, -22]
[-23, -16, 25, -4] [4, 27, -6, 11] [-21, 7, 1, -3] [-21, 11, 11, 1] [24, 3, 3, 3] [-19, -33, 18, 14] [-10, 3, -1, 7]
[-4, 0, 40, 3] [-5, 27, -20, 2] [-21, -10, 46, 0] [-75, 25, 39, 22] [-42, -32, -23, 22] [-20, -19, -3, 24] [-27, -8, -10, -20]
[4, 35, -5, -48] [17, 5, 14, -26] [2, 33, 3, -92] [0, 0, 0, 0] [48, -87, 41, 4] [14, -10, 3, 19] [7, 5, 6, -1]
[-16, -25, -18, 4] [14, 3, -18, 0] [-5, -1, -37, -33] [32, 8, -89, 5] [12, -13, -13, 43] [0, 19, -10, 1] [-33, -65, -13, 16]
[21, 22, 13, 0] [2, -2, -6, -13] [20, 5, 14, -7] [-9, 7, -20, 13] [9, -2, -14, -1] [25, -12, -18, -1] [30, 3, 15, 24]
[-10, -6, -2, -14] [-10, -2, -15, -5] [-11, 5, 20, 3] [-13, 14, -40, -8] [31, 20, -13, 22] [27, -28, -40, 20] [-2, 4, 9, -4]
Food (up, right, down, left):
[23, 20, 4, 12] [-10, 12, -4, -27] [32, -12, 3, 17] [-8, -2, 33, 18] [-8, 12, 28, -12] [-12, -16, -15, -20] [-26, 20, -16, -17]
[-60, -11, -28, -18] [4, -5, -11, -21] [-9, 14, 22, 33] [-8, 18, -34, 23] [27, 16, 9, -36] [33, -5, -33, 25] [19, -1, 22, 17]
[-19, 1, 26, -30] [3, 1, -4, 32] [-46, -34, -36, 33] [39, -38, 20, -4] [-11, -3, 4, -22] [-5, 11, -42, -30] [28, 30, 10, 28]
[24, 11, 14, 53] [-7, -6, -29, 22] [12, -20, -31, -21] [0, 0, 0, 0] [-19, 66, -30, -2] [-15, -13, -24, -1] [-17, 36, -27, 13]
[-5, 5, -9, 17] [5, 11, 7, 14] [18, -7, 36, 2] [-2, -20, 16, -20] [9, -7, 4, -44] [-6, 41, 22, 25] [-1, -17, -4, -25]
[9, -9, 4, -6] [4, 17, 11, 5] [8, 5, 15, 24] [-28, -24, 33, -30] [-36, -26, -2, -31] [-12, 31, -3, 24] [1, 33, -9, 20]
[3, 1, -22, -21] [22, 7, -2, -49] [13, 25, 4, -19] [-3, 19, 43, -46] [37, 31, -7, -9] [12, 30, 17, -12] [20, -27, 23, -23]
------------------------------
ALIVE
Head: (15 14)
Body: (15 14) (15 13) (15 12) (15 11) (14 11) (13 11) (12 11) (11 11) (11 10) (11 9) (11 8) 
Length: 11, 4
Vision: 3
Hungry, suplies: 7/10
Reproductive: 16, mutating: 0.25
Generation: 37529
####################################
Wall (up, right, down, left):
[17, -9, 0, 2] [-2, -2, -6, 8] [-15, 9, 7, -8] [13, 6, 28, 8] [-23, 0, 28, -11] [1, -7, 3, -12] [-12, -14, -21, -22]
[-23, -16, 25, -4] [4, 27, -6, 11] [-21, 7, 1, -3] [-21, 11, 11, 1] [24, 3, 3, 3] [-19, -33, 18, 14] [-10, 3, -1, 7]
[-4, 0, 45, 3] [-5, 27, -20, 2] [-21, -10, 46, 0] [-75, 25, 39, 26] [-42, -32, -23, 22] [-20, -19, -3, 24] [-27, -8, -10, -20]
[4, 35, -5, -48] [17, 5, 14, -26] [2, 33, 3, -92] [0, 0, 0, 0] [48, -87, 41, 4] [14, -10, 3, 19] [7, 5, 6, -1]
[-16, -25, -18, 4] [14, 3, -18, 0] [-5, 4, -37, -33] [32, 8, -89, 5] [12, -13, -13, 43] [0, 19, -10, 1] [-33, -65, -13, 16]
[21, 22, 13, 0] [2, -2, -6, -13] [20, 5, 14, -7] [-9, 7, -20, 13] [9, -2, -14, -1] [25, -12, -18, -1] [30, 3, 15, 24]
[-10, -6, -2, -14] [-10, -2, -15, -5] [-11, 5, 20, 3] [-13, 14, -40, -7] [31, 20, -13, 22] [27, -28, -40, 20] [-2, 4, 9, -4]
Food (up, right, down, left):
[23, 20, 4, 12] [-10, 12, -4, -27] [32, -12, 3, 17] [-8, -2, 33, 18] [-8, 12, 28, -12] [-12, -16, -15, -20] [-26, 20, -16, -16]
[-60, -11, -28, -18] [4, -5, -11, -21] [-9, 14, 22, 33] [-8, 18, -34, 23] [27, 16, 9, -36] [33, -5, -33, 25] [19, -1, 22, 17]
[-19, 2, 26, -30] [3, 1, -4, 32] [-46, -34, -36, 33] [39, -38, 20, -9] [-11, -3, 4, -22] [-5, 11, -42, -30] [28, 30, 10, 28]
[24, 11, 14, 53] [-7, -6, -29, 22] [12, -20, -31, -21] [0, 0, 0, 0] [-19, 66, -30, -2] [-15, -13, -24, -1] [-17, 36, -27, 13]
[-5, 5, -9, 17] [5, 11, 7, 14] [20, -7, 36, 2] [-2, -20, 16, -20] [9, -7, 4, -44] [-6, 41, 22, 25] [-1, -17, -4, -25]
[9, -9, 4, -6] [4, 17, 11, 5] [8, 5, 15, 24] [-28, -24, 33, -30] [-36, -26, -2, -31] [-12, 31, -3, 24] [1, 33, -9, 20]
[3, 1, -22, -21] [22, 7, -2, -49] [13, 25, 4, -19] [-4, 19, 43, -46] [37, 31, -7, -9] [12, 30, 17, -12] [20, -27, 23, -23]
------------------------------
ALIVE
Head: (6 0)
Body: (6 0) (6 1) (5 1) (5 2) (6 2) (6 3) (6 4) (7 4) (8 4) (9 4) (10 4) (10 5) 
Length: 12, 4
Vision: 3
Hungry, suplies: 2/10
Reproductive: 16, mutating: 0.25
Generation: 37531
####################################
Wall (up, right, down, left):
[17, -9, 0, 2] [-2, -2, -6, 8] [-15, 9, 7, -8] [13, 6, 28, 4] [-23, 0, 28, -11] [1, -7, 3, -12] [-12, -14, -21, -22]
[-23, -16, 25, -4] [4, 27, -6, 11] [-21, 7, 1, -3] [-21, 11, 11, 1] [24, 3, 3, 3] [-19, -33, 18, 14] [-10, 3, -1, 7]
[-4, 0, 40, 3] [-5, 27, -20, 2] [-21, -10, 46, 0] [-75, 25, 39, 22] [-42, -32, -23, 22] [-20, -19, -3, 24] [-27, -8, -10, -20]
[4, 35, -5, -48] [17, 5, 14, -26] [2, 33, 3, -92] [0, 0, 0, 0] [48, -87, 41, 4] [14, -10, 3, 19] [7, 5, 6, -1]
[-16, -25, -18, 4] [14, 3, -18, 0] [-5, 4, -37, -33] [32, 8, -89, 5] [12, -13, -13, 43] [0, 19, -10, 1] [-33, -65, -13, 16]
[21, 22, 13, 0] [2, -2, -6, -13] [20, 5, 14, -7] [-9, 7, -20, 13] [9, -2, -14, -1] [25, -12, -18, -1] [30, 3, 15, 24]
[-10, -6, -2, -14] [-10, -2, -15, -5] [-11, 5, 20, 3] [-13, 14, -40, -7] [31, 20, -13, 22] [27, -28, -40, 20] [-2, 4, 9, -4]
Food (up, right, down, left):
[23, 20, 4, 12] [-10, 12, -4, -27] [32, -12, 3, 17] [-10, -2, 33, 18] [-8, 12, 28, -12] [-12, -16, -15, -20] [-26, 20, -16, -17]
[-60, -11, -28, -18] [4, -5, -11, -21] [-9, 14, 22, 33] [-8, 18, -34, 23] [27, 16, 9, -36] [33, -5, -33, 25] [19, -1, 22, 17]
[-19, 1, 26, -30] [3, 1, -4, 32] [-46, -34, -36, 33] [39, -38, 20, -4] [-11, -3, 4, -22] [-5, 11, -42, -30] [28, 30, 10, 28]
[24, 11, 14, 53] [-7, -6, -29, 22] [12, -20, -31, -21] [0, 0, 0, 0] [-19, 66, -30, -2] [-15, -13, -24, -1] [-17, 36, -27, 13]
[-5, 5, -9, 17] [5, 11, 7, 14] [20, -7, 36, 2] [-2, -20, 16, -20] [9, -7, 4, -44] [-6, 41, 22, 25] [-1, -17, -4, -25]
[9, -9, 4, -6] [4, 17, 11, 5] [8, 5, 15, 24] [-28, -24, 33, -30] [-36, -26, -2, -31] [-12, 31, -3, 24] [1, 33, -9, 20]
[3, 1, -22, -21] [22, 7, -2, -49] [13, 25, 4, -19] [-4, 19, 43, -46] [37, 31, -7, -9] [12, 30, 17, -12] [20, -27, 23, -23]
------------------------------
ALIVE
Head: (9 37)
Body: (9 37) (8 37) (8 36) (8 35) (8 34) (7 34) (6 34) (6 33) (5 33) (5 32) (5 31) 
Length: 11, 4
Vision: 3
Hungry, suplies: 5/10
Reproductive: 16, mutating: 0.25
Generation: 37534
####################################
Wall (up, right, down, left):
[17, -9, 0, 2] [-2, -2, -6, 8] [-15, 9, 7, -8] [13, 6, 28, 8] [-23, 0, 28, -11] [1, -7, 3, -12] [-12, -14, -21, -22]
[-23, -16, 25, -4] [4, 27, -6, 11] [-21, 7, 1, -3] [-21, 11, 11, 1] [24, 3, 3, 3] [-19, -33, 18, 14] [-10, 3, -1, 7]
[-4, 0, 45, 3] [-5, 27, -20, 2] [-21, -10, 46, 0] [-75, 25, 39, 26] [-42, -32, -23, 22] [-20, -19, -3, 24] [-27, -8, -10, -20]
[4, 35, -5, -48] [17, 5, 14, -26] [2, 33, 3, -92] [0, 0, 0, 0] [48, -87, 41, 4] [14, -10, 3, 19] [7, 5, 6, -1]
[-16, -25, -18, 4] [14, 3, -18, 0] [-5, 4, -37, -33] [32, 8, -89, 5] [12, -13, -13, 43] [0, 19, -10, 1] [-33, -65, -13, 16]
[21, 22, 13, 0] [2, -2, -6, -13] [20, 5, 14, -7] [-9, 7, -20, 13] [9, -2, -14, -1] [25, -12, -18, -1] [30, 3, 15, 24]
[-10, -6, -2, -14] [-10, -2, -15, -5] [-11, 5, 20, 3] [-13, 14, -40, -7] [31, 20, -13, 22] [27, -28, -40, 20] [-2, 4, 9, -4]
Food (up, right, down, left):
[23, 20, 4, 12] [-10, 12, -4, -27] [32, -12, 3, 17] [-8, -2, 33, 18] [-8, 12, 28, -12] [-12, -16, -15, -20] [-26, 20, -16, -17]
[-60, -11, -28, -18] [4, -5, -11, -21] [-9, 14, 22, 33] [-8, 18, -34, 23] [27, 16, 9, -36] [33, -5, -33, 25] [19, -1, 22, 17]
[-19, 2, 26, -30] [3, 1, -4, 32] [-46, -34, -36, 33] [39, -38, 20, -9] [-11, -3, 4, -22] [-5, 11, -42, -30] [28, 30, 10, 28]
[24, 11, 14, 53] [-7, -6, -29, 22] [12, -20, -31, -21] [0, 0, 0, 0] [-19, 66, -30, -2] [-15, -13, -24, -1] [-17, 36, -27, 13]
[-5, 5, -9, 17] [5, 11, 7, 14] [20, -7, 36, 2] [-2, -20, 16, -20] [9, -7, 4, -44] [-6, 41, 22, 25] [-1, -17, -4, -25]
[9, -9, 4, -6] [4, 17, 11, 5] [8, 5, 15, 24] [-28, -24, 33, -30] [-36, -26, -2, -31] [-12, 31, -3, 24] [1, 33, -9, 20]
[3, 1, -22, -21] [22, 7, -2, -49] [13, 25, 4, -19] [-4, 19, 43, -46] [37, 31, -7, -9] [12, 30, 17, -12] [20, -27, 23, -23]
------------------------------
ALIVE
Head: (24 24)
Body: (-1 24) (0 24) (0 25) (1 25) (2 25) (3 25) (3 24) (4 24) (5 24) (5 25) (6 25) (6 24) (6 23) (6 22) 
Length: 14, 4
Vision: 3
Hungry, suplies: 7/10
Reproductive: 16, mutating: 0.25
Generation: 37531
####################################
Wall (up, right, down, left):
[17, -9, 0, 2] [-2, -2, -6, 8] [-15, 9, 7, -8] [13, 6, 28, 8] [-23, 0, 28, -11] [1, -7, 3, -12] [-12, -14, -21, -18]
[-23, -16, 25, -4] [4, 27, -6, 11] [-21, 7, 1, -3] [-21, 11, 11, 1] [24, 3, 3, 3] [-19, -33, 18, 14] [-10, 3, -1, 7]
[-4, 0, 40, 3] [-5, 27, -20, 2] [-21, -10, 46, 0] [-75, 25, 39, 22] [-42, -32, -23, 22] [-20, -19, -3, 24] [-27, -8, -10, -20]
[4, 35, -5, -48] [17, 5, 14, -26] [2, 33, 3, -92] [0, 0, 0, 0] [48, -87, 41, 4] [14, -10, 3, 19] [7, 5, 6, -1]
[-16, -25, -18, 4] [14, 3, -18, 0] [-5, -1, -37, -33] [32, 8, -89, 5] [12, -13, -13, 43] [0, 19, -10, 1] [-33, -65, -13, 16]
[21, 22, 13, 0] [2, -2, -6, -13] [20, 5, 14, -7] [-9, 7, -20, 13] [9, -2, -14, -1] [25, -12, -18, -1] [30, 3, 15, 24]
[-10, -6, -2, -14] [-10, -2, -15, -5] [-11, 5, 20, 3] [-13, 14, -40, -8] [31, 20, -13, 22] [27, -28, -40, 20] [-2, 4, 9, -4]
Food (up, right, down, left):
[23, 20, 4, 12] [-10, 12, -4, -27] [32, -12, 3, 17] [-8, -2, 33, 18] [-8, 12, 28, -12] [-12, -16, -15, -20] [-26, 20, -11, -17]
[-60, -11, -28, -18] [4, -5, -11, -21] [-9, 14, 22, 33] [-8, 18, -34, 23] [27, 16, 9, -36] [33, -5, -33, 25] [19, -1, 22, 17]
[-19, 1, 26, -30] [3, 1, -4, 32] [-46, -34, -36, 33] [39, -38, 20, -4] [-11, -3, 4, -22] [-5, 11, -42, -30] [28, 30, 10, 28]
[24, 11, 14, 53] [-7, -6, -29, 22] [12, -20, -31, -21] [0, 0, 0, 0] [-19, 66, -30, -2] [-15, -13, -24, -1] [-17, 36, -27, 13]
[-5, 5, -9, 17] [5, 11, 7, 14] [18, -7, 36, 2] [-2, -20, 16, -20] [9, -7, 4, -44] [-6, 41, 22, 25] [-1, -17, -4, -25]
[9, -9, 4, -6] [4, 17, 11, 5] [8, 5, 15, 24] [-28, -24, 33, -30] [-36, -26, -2, -31] [-12, 31, -3, 24] [1, 33, -9, 20]
[3, 1, -22, -21] [22, 7, -2, -49] [13, 25, 4, -19] [-3, 19, 43, -46] [37, 31, -7, -9] [12, 30, 17, -12] [20, -27, 23, -23]
------------------------------
ALIVE
Head: (22 18)
Body: (22 18) (22 17) (22 16) (22 15) (22 14) (23 14) (23 13) (23 12) 
Length: 8, 4
Vision: 3
Hungry, suplies: 10/10
Reproductive: 16, mutating: 0.25
Generation: 37530
####################################
Wall (up, right, down, left):
[17, -9, 0, 2] [-2, -2, -6, 8] [-15, 9, 7, -8] [13, 6, 28, 8] [-23, 0, 28, -11] [1, -7, 3, -12] [-12, -14, -21, -22]
[-23, -16, 25, -4] [4, 27, -6, 11] [-21, 7, 1, -3] [-21, 11, 11, 1] [24, 3, 3, 3] [-19, -33, 18, 14] [-10, 3, -1, 7]
[-4, 0, 40, 3] [-5, 27, -20, 2] [-21, -10, 46, 0] [-75, 25, 39, 22] [-42, -32, -23, 22] [-20, -19, -3, 24] [-27, -8, -5, -20]
[4, 35, -5, -48] [17, 5, 14, -26] [2, 33, 3, -92] [0, 0, 0, 0] [48, -87, 41, 4] [14, -10, 3, 19] [7, 5, 6, -1]
[-16, -25, -18, 4] [14, 3, -18, 0] [-5, -1, -37, -33] [32, 8, -89, 5] [12, -13, -13, 43] [0, 19, -10, 1] [-33, -65, -13, 16]
[21, 22, 13, 0] [2, -2, -6, -13] [20, 5, 14, -7] [-9, 7, -20, 13] [9, -2, -14, -1] [25, -12, -18, -1] [30, 3, 15, 24]
[-10, -6, -2, -14] [-10, -2, -15, -5] [-11, 5, 20, 3] [-13, 14, -40, -7] [31, 20, -13, 22] [27, -28, -40, 20] [-2, 4, 9, -4]
Food (up, right, down, left):
[23, 20, 4, 12] [-10, 12, -4, -27] [32, -12, 3, 17] [-8, -2, 33, 18] [-8, 12, 28, -12] [-12, -16, -15, -20] [-26, 20, -16, -17]
[-60, -11, -28, -18] [4, -5, -11, -21] [-9, 14, 22, 33] [-8, 18, -34, 23] [27, 16, 9, -36] [33, -5, -33, 25] [19, -1, 22, 17]
[-19, 1, 26, -30] [3, 1, -4, 32] [-46, -34, -36, 33] [39, -38, 20, -4] [-11, -3, 4, -22] [-5, 11, -42, -30] [28, 30, 10, 23]
[24, 11, 14, 53] [-7, -6, -29, 22] [12, -20, -31, -21] [0, 0, 0, 0] [-19, 66, -30, -2] [-15, -13, -24, -1] [-17, 36, -27, 13]
[-5, 5, -9, 17] [5, 11, 7, 14] [18, -7, 36, 2] [-2, -20, 16, -20] [9, -7, 4, -44] [-6, 41, 22, 25] [-1, -17, -4, -25]
[9, -9, 4, -6] [4, 17, 11, 5] [8, 5, 15, 24] [-28, -24, 33, -30] [-36, -26, -2, -31] [-12, 31, -3, 24] [1, 33, -9, 20]
[3, 1, -22, -21] [22, 7, -2, -49] [13, 25, 4, -19] [-4, 19, 43, -46] [37, 31, -7, -9] [12, 30, 17, -12] [20, -27, 23, -23]
------------------------------
ALIVE
Head: (11 19)
Body: (11 19) (12 19) (13 19) (14 19) (15 19) (15 20) (15 21) (14 21) (14 20) (13 20) (13 21) 
Length: 11, 4
Vision: 3
Hungry, suplies: 10/10
Reproductive: 16, mutating: 0.25
Generation: 37528
####################################
Wall (up, right, down, left):
[17, -9, 0, 2] [-2, -2, -6, 8] [-15, 9, 7, -8] [13, 6, 28, 8] [-23, 0, 28, -11] [1, -7, 3, -12] [-12, -14, -21, -22]
[-23, -16, 25, -4] [4, 27, -6, 11] [-21, 7, 1, -3] [-21, 11, 11, 1] [24, 3, 3, 3] [-19, -33, 18, 13] [-10, 3, -1, 7]
[-4, 0, 40, -1] [-5, 27, -20, 2] [-21, -10, 46, 0] [-75, 25, 39, 22] [-42, -32, -23, 22] [-20, -19, -3, 24] [-27, -8, -10, -20]
[4, 35, -5, -48] [17, 5, 14, -21] [2, 33, 3, -92] [0, 0, 0, 0] [48, -87, 41, 4] [14, -10, 3, 19] [7, 5, 6, -1]
[-16, -25, -18, 4] [14, 3, -18, 0] [-5, 4, -37, -33] [32, 8, -89, 5] [12, -13, -13, 43] [0, 19, -10, 1] [-33, -65, -13, 16]
[21, 22, 13, 0] [2, -2, -6, -13] [20, 5, 14, -7] [-9, 7, -20, 13] [9, -2, -14, -1] [25, -12, -18, -1] [30, 3, 15, 24]
[-10, -6, -2, -14] [-10, -2, -15, -5] [-11, 5, 20, 3] [-13, 14, -40, -2] [31, 20, -13, 22] [27, -28, -40, 20] [-2, 4, 9, -4]
Food (up, right, down, left):
[23, 20, 4, 12] [-10, 12, -4, -27] [32, -12, 3, 17] [-8, -2, 33, 18] [-8, 12, 28, -12] [-12, -16, -15, -20] [-26, 20, -16, -17]
[-60, -11, -28, -18] [4, -5, -11, -21] [-9, 14, 22, 33] [-8, 18, -34, 23] [27, 16, 9, -36] [33, -5, -33, 21] [19, -1, 22, 17]
[-22, 1, 26, -30] [3, 1, -4, 32] [-46, -34, -36, 33] [39, -38, 20, -4] [-11, -3, 4, -22] [-5, 11, -42, -30] [28, 30, 10, 28]
[24, 11, 14, 53] [-7, -11, -29, 22] [12, -20, -31, -21] [0, 0, 0, 0] [-19, 66, -30, -2] [-15, -13, -24, -1] [-17, 36, -27, 13]
[-5, 5, -9, 17] [5, 11, 7, 14] [20, -7, 36, 2] [-2, -20, 16, -20] [9, -7, 4, -44] [-6, 41, 22, 25] [-1, -17, -4, -25]
[9, -9, 4, -6] [4, 17, 11, 5] [8, 5, 15, 24] [-28, -24, 33, -30] [-36, -26, -2, -31] [-12, 31, -3, 24] [1, 33, -9, 20]
[3, 1, -22, -21] [22, 7, -2, -49] [13, 25, 4, -19] [-4, 19, 41, -46] [37, 31, -7, -9] [12, 30, 17, -12] [20, -27, 23, -23]
------------------------------
ALIVE
Head: (7 9)
Body: (7 9) (8 9) (9 9) (9 10) (9 11) (10 11) (10 12) (10 13) (9 13) (8 13) (8 14) (9 14) (9 15) 
Length: 13, 4
Vision: 3
Hungry, suplies: 1/10
Reproductive: 16, mutating: 0.25
Generation: 37530
####################################
Wall (up, right, down, left):
[17, -9, 0, 2] [-2, -2, -6, 8] [-15, 9, 7, -8] [13, 6, 28, 8] [-23, 0, 28, -11] [1, -7, 3, -12] [-12, -14, -21, -22]
[-23, -16, 25, -4] [4, 27, -6, 11] [-21, 7, 1, -3] [-21, 11, 11, 1] [24, 3, 3, 3] [-19, -33, 18, 14] [-10, 3, -1, 7]
[-4, 0, 45, 3] [-5, 27, -20, 2] [-21, -10, 46, 0] [-75, 25, 39, 26] [-42, -32, -23, 22] [-20, -19, -3, 24] [-27, -8, -10, -20]
[4, 35, -5, -48] [17, 5, 14, -26] [2, 33, 3, -92] [0, 0, 0, 0] [48, -87, 41, 4] [14, -10, 3, 19] [7, 5, 6, -1]
[-16, -25, -18, 4] [14, 3, -18, 0] [-5, 4, -37, -33] [32, 8, -89, 5] [12, -13, -13, 43] [0, 19, -10, 1] [-33, -65, -13, 16]
[21, 22, 13, 0] [2, -2, -6, -13] [20, 5, 14, -7] [-9, 7, -20, 13] [9, -2, -14, -1] [25, -12, -18, -1] [30, 3, 15, 24]
[-10, -6, -2, -14] [-10, -2, -15, -5] [-11, 5, 20, 3] [-13, 14, -40, -7] [31, 20, -13, 22] [27, -28, -40, 20] [-2, 4, 9, -4]
Food (up, right, down, left):
[23, 20, 4, 12] [-10, 12, -4, -27] [32, -12, 3, 17] [-8, -2, 33, 18] [-8, 12, 28, -12] [-12, -16, -15, -20] [-26, 20, -16, -16]
[-60, -11, -28, -18] [4, -5, -11, -21] [-9, 14, 22, 33] [-8, 18, -34, 23] [27, 16, 9, -36] [33, -5, -33, 25] [19, -1, 22, 17]
[-19, 2, 26, -30] [3, 1, -4, 32] [-46, -34, -36, 33] [39, -38, 20, -9] [-11, -3, 4, -22] [-5, 11, -42, -30] [28, 30, 10, 28]
[24, 11, 14, 53] [-7, -6, -29, 22] [12, -20, -31, -21] [0, 0, 0, 0] [-19, 66, -30, -2] [-15, -13, -24, -1] [-17, 36, -27, 13]
[-5, 5, -9, 17] [5, 11, 7, 14] [20, -7, 36, 2] [-2, -20, 16, -20] [9, -7, 4, -44] [-6, 41, 22, 25] [-1, -17, -4, -25]
[9, -9, 4, -6] [4, 17, 11, 5] [8, 5, 15, 24] [-28, -24, 33, -30] [-36, -26, -2, -31] [-12, 31, -3, 24] [1, 33, -9, 20]
[3, 1, -22, -21] [22, 7, -2, -49] [13, 25, 4, -19] [-4, 19, 43, -46] [37, 31, -7, -9] [12, 30, 17, -12] [20, -27, 23, -23]
------------------------------
ALIVE
Head: (21 28)
Body: (21 28) (20 28) (20 27) (20 26) (19 26) (19 25) (18 25) (17 25) (17 24) (16 24) (15 24) (14 24) (14 25) (14 26) (15 26) 
Length: 15, 4
Vision: 3
Hungry, suplies: 7/10
Reproductive: 16, mutating: 0.25
Generation: 37532
####################################
Wall (up, right, down, left):
[17, -9, 0, 2] [-2, -2, -6, 8] [-15, 9, 7, -8] [13, 6, 28, 8] [-23, 0, 28, -11] [1, -7, 3, -12] [-12, -14, -21, -22]
[-23, -16, 25, -4] [4, 27, -6, 11] [-21, 7, 1, -3] [-21, 11, 11, 1] [24, 3, 3, 3] [-19, -33, 18, 14] [-10, 3, -1, 7]
[-4, 0, 40, -1] [-5, 27, -20, 2] [-21, -10, 46, 0] [-75, 25, 39, 22] [-42, -32, -23, 22] [-20, -19, -3, 24] [-27, -8, -10, -20]
[4, 35, -5, -48] [17, 5, 14, -26] [2, 33, 3, -92] [0, 0, 0, 0] [48, -87, 41, 4] [14, -10, 3, 19] [7, 5, 6, -1]
[-16, -25, -18, 4] [14, 3, -18, 0] [-5, 4, -37, -33] [32, 8, -89, 5] [12, -13, -13, 43] [0, 19, -10, 1] [-33, -65, -13, 16]
[21, 22, 13, 0] [2, -2, -6, -13] [20, 5, 14, -7] [-9, 7, -20, 13] [9, -2, -14, -1] [25, -12, -18, -1] [30, 3, 15, 24]
[-10, -6, -2, -14] [-10, -2, -15, -5] [-11, 5, 20, 3] [-13, 14, -40, -2] [31, 20, -13, 22] [27, -28, -40, 20] [-2, 4, 9, -4]
Food (up, right, down, left):
[23, 20, 4, 12] [-10, 12, -4, -27] [32, -12, 3, 17] [-8, -2, 33, 18] [-8, 12, 28, -12] [-12, -16, -15, -20] [-26, 20, -16, -17]
[-60, -11, -28, -18] [4, -5, -11, -21] [-9, 14, 22, 33] [-8, 18, -34, 23] [27, 16, 9, -36] [33, -5, -33, 25] [19, -1, 22, 17]
[-22, 1, 26, -30] [3, 1, -4, 32] [-46, -34, -36, 33] [39, -38, 20, -4] [-11, -3, 4, -22] [-5, 11, -42, -30] [28, 30, 10, 28]
[24, 11, 14, 53] [-7, -6, -29, 22] [12, -20, -31, -21] [0, 0, 0, 0] [-19, 66, -30, -2] [-15, -13, -24, -1] [-17, 36, -27, 13]
[-5, 5, -9, 17] [5, 11, 7, 14] [20, -7, 36, 2] [-2, -20, 16, -20] [9, -7, 4, -44] [-6, 41, 22, 25] [-1, -17, -4, -25]
[9, -9, 4, -6] [4, 17, 11, 5] [8, 5, 15, 24] [-28, -24, 33, -30] [-36, -26, -2, -31] [-12, 31, -3, 24] [1, 33, -9, 20]
[3, 1, -22, -21] [22, 7, -2, -49] [13, 25, 4, -19] [-4, 19, 41, -46] [37, 31, -7, -9] [12, 30, 17, -12] [20, -27, 23, -23]
------------------------------
ALIVE
Head: (21 0)
Body: (21 0) (20 0) (20 1) (20 2) (19 2) (19 3) (19 4) (18 4) (17 4) (17 3) (16 3) (16 2) (16 1) (17 1) 
Length: 14, 4
Vision: 3
Hungry, suplies: 1/10
Reproductive: 16, mutating: 0.25
Generation: 37528
####################################
Wall (up, right, down, left):
[17, -9, 0, 2] [-2, -2, -6, 8] [-15, 9, 7, -8] [13, 6, 28, 8] [-23, 0, 28, -11] [1, -7, 3, -12] [-12, -14, -21, -18]
[-23, -16, 25, -4] [4, 27, -6, 11] [-21, 7, 1, -3] [-21, 11, 11, 1] [24, 3, 3, 3] [-19, -33, 18, 14] [-10, 3, -1, 7]
[-4, 0, 40, 3] [-5, 27, -20, 2] [-21, -10, 46, 0] [-75, 25, 39, 22] [-42, -32, -23, 22] [-20, -19, -3, 24] [-27, -8, -10, -20]
[4, 35, -5, -48] [17, 5, 14, -26] [2, 33, 3, -92] [0, 0, 0, 0] [48, -87, 41, 4] [14, -10, 3, 19] [7, 5, 6, -1]
[-16, -25, -18, 4] [14, 3, -18, 0] [-5, -1, -37, -33] [32, 8, -89, 5] [12, -13, -13, 43] [0, 19, -10, 1] [-33, -65, -13, 16]
[21, 22, 13, 0] [2, -2, -6, -13] [20, 5, 14, -7] [-9, 7, -20, 13] [9, -2, -14, -1] [25, -12, -18, -1] [30, 3, 15, 24]
[-10, -6, -2, -14] [-10, -2, -15, -5] [-11, 5, 20, 3] [-13, 14, -40, -8] [31, 20, -13, 22] [27, -28, -40, 20] [-2, 4, 9, -4]
Food (up, right, down, left):
[23, 20, 4, 12] [-10, 12, -4, -27] [32, -12, 3, 17] [-8, -2, 33, 18] [-8, 12, 28, -12] [-12, -16, -15, -20] [-26, 20, -11, -17]
[-60, -11, -28, -18] [4, -5, -11, -21] [-9, 14, 22, 33] [-8, 18, -34, 23] [27, 16, 9, -36] [33, -5, -33, 25] [19, -1, 22, 17]
[-19, 1, 26, -30] [3, 1, -4, 32] [-46, -34, -36, 33] [39, -38, 20, -4] [-11, -3, 4, -22] [-5, 11, -42, -30] [28, 30, 10, 28]
[24, 11, 14, 53] [-7, -6, -29, 22] [12, -20, -31, -21] [0, 0, 0, 0] [-19, 66, -30, -2] [-15, -13, -24, -1] [-17, 36, -27, 13]
[-5, 5, -9, 17] [5, 11, 7, 14] [18, -7, 36, 2] [-2, -20, 16, -20] [9, -7, 4, -44] [-6, 41, 22, 25] [-1, -17, -4, -25]
[9, -9, 4, -6] [4, 17, 11, 5] [8, 5, 15, 24] [-28, -24, 33, -30] [-36, -26, -2, -31] [-12, 31, -3, 24] [1, 33, -9, 20]
[3, 1, -22, -21] [22, 7, -2, -49] [13, 25, 4, -19] [-3, 19, 43, -46] [37, 31, -7, -9] [12, 30, 17, -12] [20, -27, 23, -23]
------------------------------
ALIVE
Head: (9 55)
Body: (9 55) (9 56) (10 -1) (10 0) (10 1) (10 2) 
Length: 6, 4
Vision: 3
Hungry, suplies: 7/10
Reproductive: 16, mutating: 0.25
Generation: 37530
####################################
Wall (up, right, down, left):
[17, -9, 0, 2] [-2, -2, -6, 8] [-15, 9, 7, -8] [13, 6, 28, 4] [-23, 0, 28, -11] [1, -7, 3, -12] [-12, -14, -21, -22]
[-23, -16, 25, -4] [4, 27, -6, 11] [-21, 7, 1, -3] [-21, 11, 11, 1] [24, 3, 3, 3] [-19, -33, 18, 14] [-10, 3, -1, 7]
[-4, 0, 40, 3] [-5, 27, -20, 2] [-21, -10, 46, 0] [-75, 25, 39, 22] [-42, -32, -23, 22] [-20, -19, -3, 24] [-27, -8, -10, -20]
[4, 35, -5, -48] [17, 5, 14, -26] [2, 33, 3, -92] [0, 0, 0, 0] [48, -87, 41, 4] [14, -10, 3, 19] [7, 5, 6, -1]
[-16, -25, -18, 4] [14, 3, -18, 0] [-5, 4, -37, -33] [32, 8, -89, 5] [12, -13, -13, 43] [0, 19, -10, 1] [-33, -65, -13, 16]
[21, 22, 13, 0] [2, -2, -6, -13] [20, 5, 14, -7] [-9, 7, -20, 13] [9, -2, -14, -1] [25, -12, -18, -1] [30, 3, 15, 24]
[-10, -6, -2, -14] [-10, -2, -15, -5] [-11, 5, 20, 3] [-13, 14, -40, -7] [31, 20, -13, 22] [27, -28, -40, 20] [-2, 4, 9, -4]
Food (up, right, down, left):
[23, 20, 4, 12] [-10, 12, -4, -27] [32, -12, 3, 17] [-10, -2, 33, 18] [-8, 12, 28, -12] [-12, -16, -15, -20] [-26, 20, -16, -17]
[-60, -11, -28, -18] [4, -5, -11, -21] [-9, 14, 22, 33] [-8, 18, -34, 23] [27, 16, 9, -36] [33, -5, -33, 25] [19, -1, 22, 17]
[-19, 1, 26, -30] [3, 1, -4, 32] [-46, -34, -36, 33] [39, -38, 20, -4] [-11, -3, 4, -22] [-5, 11, -42, -30] [28, 30, 10, 28]
[24, 11, 14, 53] [-7, -6, -29, 22] [12, -20, -31, -21] [0, 0, 0, 0] [-19, 66, -30, -2] [-15, -13, -24, -1] [-17, 36, -27, 13]
[-5, 5, -9, 17] [5, 11, 7, 14] [20, -7, 36, 2] [-2, -20, 16, -20] [9, -7, 4, -44] [-6, 41, 22, 25] [-1, -17, -4, -25]
[9, -9, 4, -6] [4, 17, 11, 5] [8, 5, 15, 24] [-28, -24, 33, -30] [-36, -26, -2, -31] [-12, 31, -3, 24] [1, 33, -9, 20]
[3, 1, -22, -21] [22, 7, -2, -49] [13, 25, 4, -19] [-4, 19, 43, -46] [37, 31, -7, -9] [12, 30, 17, -12] [20, -27, 23, -23]
------------------------------
ALIVE
Head: (13 41)
Body: (13 41) (13 42) (13 43) (13 44) (12 44) (12 45) (12 46) (11 46) (11 47) (10 47) (10 46) (9 46) (8 46) (8 45) 
Length: 14, 4
Vision: 3
Hungry, suplies: 10/10
Reproductive: 16, mutating: 0.25
Generation: 37535
####################################
Wall (up, right, down, left):
[17, -9, 0, 2] [-2, -2, -6, 8] [-15, 9, 4, -8] [13, 6, 28, 8] [-23, 0, 28, -11] [1, -7, 3, -12] [-12, -14, -21, -22]
[-23, -16, 25, -4] [4, 27, -6, 11] [-21, 7, 1, -3] [-21, 11, 11, 1] [24, 3, 3, 3] [-19, -33, 18, 14] [-10, 3, -1, 7]
[-4, 0, 40, 3] [-5, 27, -20, 2] [-21, -10, 46, 0] [-75, 25, 39, 22] [-42, -32, -23, 22] [-20, -19, -3, 24] [-27, -8, -10, -20]
[4, 35, -5, -48] [17, 5, 14, -22] [2, 33, 3, -92] [0, 0, 0, 0] [48, -87, 41, 4] [14, -10, 3, 19] [7, 5, 6, -1]
[-16, -25, -18, 4] [14, 3, -18, 0] [-5, 4, -37, -33] [32, 8, -89, 5] [12, -13, -13, 43] [0, 19, -10, 1] [-33, -65, -13, 16]
[21, 22, 13, 0] [2, -2, -6, -13] [20, 5, 14, -7] [-9, 7, -20, 13] [9, -2, -14, -1] [25, -12, -18, -1] [30, 3, 15, 24]
[-10, -6, -2, -14] [-10, -2, -15, -5] [-11, 5, 20, 3] [-13, 14, -40, -7] [31, 20, -13, 22] [27, -28, -40, 20] [-2, 4, 9, -4]
Food (up, right, down, left):
[23, 20, 4, 12] [-10, 12, -4, -27] [32, -7, 3, 17] [-8, -2, 33, 18] [-8, 12, 28, -12] [-12, -16, -15, -20] [-26, 20, -16, -17]
[-60, -11, -28, -18] [4, -5, -11, -21] [-9, 14, 22, 33] [-8, 18, -34, 23] [27, 16, 9, -36] [33, -5, -33, 25] [19, -1, 22, 17]
[-19, 1, 26, -30] [3, 1, -4, 32] [-46, -34, -36, 33] [39, -38, 20, -4] [-11, -3, 4, -22] [-5, 11, -42, -30] [28, 30, 10, 28]
[24, 11, 14, 53] [-7, -6, -29, 18] [12, -20, -31, -21] [0, 0, 0, 0] [-19, 66, -30, -2] [-15, -13, -24, -1] [-17, 36, -27, 13]
[-5, 5, -9, 17] [5, 11, 7, 14] [20, -7, 36, 2] [-2, -20, 16, -20] [9, -7, 4, -44] [-6, 41, 22, 25] [-1, -17, -4, -25]
[9, -9, 4, -6] [4, 17, 11, 5] [8, 5, 15, 24] [-28, -24, 33, -30] [-36, -26, -2, -31] [-12, 31, -3, 24] [1, 33, -9, 20]
[3, 1, -22, -21] [22, 7, -2, -49] [13, 25, 4, -19] [-4, 19, 43, -46] [37, 31, -7, -9] [12, 30, 17, -12] [20, -27, 23, -23]
------------------------------
ALIVE
Head: (4 50)
Body: (4 50) (3 50) (3 49) (3 48) (3 47) (3 46) (3 45) (2 45) (1 45) (1 44) (2 44) 
Length: 11, 4
Vision: 3
Hungry, suplies: 9/10
Reproductive: 16, mutating: 0.25
Generation: 37531
####################################
Wall (up, right, down, left):
[17, -9, 0, 2] [-2, -2, -6, 8] [-15, 9, 7, -8] [13, 6, 28, 8] [-23, 0, 28, -11] [1, -7, 3, -12] [-12, -14, -21, -22]
[-23, -16, 25, -4] [4, 27, -6, 11] [-21, 7, 1, -3] [-21, 11, 11, 1] [24, 3, 3, 3] [-19, -33, 18, 14] [-10, 3, -1, 7]
[-4, 0, 45, 3] [-5, 27, -20, 2] [-21, -10, 46, 0] [-75, 25, 39, 26] [-42, -32, -23, 22] [-20, -19, -3, 24] [-27, -8, -10, -20]
[4, 35, -5, -48] [17, 5, 14, -26] [2, 33, 3, -92] [0, 0, 0, 0] [48, -87, 41, 4] [14, -10, 3, 19] [7, 5, 6, -1]
[-16, -25, -18, 4] [14, 3, -18, 0] [-5, 4, -37, -33] [32, 12, -89, 5] [12, -13, -13, 43] [0, 19, -10, 1] [-33, -65, -13, 16]
[21, 22, 13, 0] [2, -2, -6, -13] [20, 5, 14, -7] [-9, 7, -20, 13] [9, -2, -14, -1] [25, -12, -18, -1] [30, 3, 15, 24]
[-10, -6, -2, -14] [-10, -2, -15, -5] [-11, 5, 20, 3] [-13, 14, -40, -7] [31, 20, -13, 22] [27, -28, -40, 20] [-2, 4, 9, -4]
Food (up, right, down, left):
[23, 20, 4, 12] [-10, 12, -4, -27] [32, -12, 3, 17] [-8, -2, 33, 18] [-8, 12, 28, -12] [-12, -16, -15, -20] [-26, 20, -16, -17]
[-60, -11, -28, -18] [4, -5, -11, -21] [-9, 14, 22, 33] [-8, 18, -34, 23] [27, 16, 9, -36] [33, -5, -33, 25] [19, -1, 22, 17]
[-19, 2, 26, -30] [3, 1, -4, 32] [-46, -34, -36, 33] [39, -38, 20, -9] [-11, -3, 4, -22] [-5, 11, -42, -30] [28, 30, 10, 28]
[24, 11, 14, 53] [-7, -6, -29, 22] [12, -20, -31, -21] [0, 0, 0, 0] [-19, 66, -30, -2] [-15, -13, -24, -1] [-17, 36, -27, 13]
[-5, 5, -9, 17] [5, 11, 7, 14] [20, -7, 36, 2] [-5, -20, 16, -20] [9, -7, 4, -44] [-6, 41, 22, 25] [-1, -17, -4, -25]
[9, -9, 4, -6] [4, 17, 11, 5] [8, 5, 15, 24] [-28, -24, 33, -30] [-36, -26, -2, -31] [-12, 31, -3, 24] [1, 33, -9, 20]
[3, 1, -22, -21] [22, 7, -2, -49] [13, 25, 4, -19] [-4, 19, 43, -46] [37, 31, -7, -9] [12, 30, 17, -12] [20, -27, 23, -23]
------------------------------
ALIVE
Head: (16 47)
Body: (16 47) (15 47) (14 47) (14 48) (15 48) (15 49) (14 49) (13 49) (12 49) (12 48) (11 48) 
Length: 11, 4
Vision: 3
Hungry, suplies: 9/10
Reproductive: 16, mutating: 0.25
Generation: 37531
####################################
Wall (up, right, down, left):
[17, -9, 0, 2] [-2, -2, -6, 8] [-15, 9, 7, -8] [13, 6, 28, 8] [-23, 0, 28, -11] [1, -7, 3, -12] [-12, -14, -21, -22]
[-23, -16, 25, -4] [4, 27, -6, 11] [-21, 7, 1, -3] [-21, 11, 11, 1] [24, 3, 3, 3] [-19, -33, 18, 14] [-10, 3, -1, 7]
[-4, 0, 40, -1] [-5, 27, -20, 2] [-21, -10, 46, 0] [-75, 25, 39, 22] [-42, -32, -23, 22] [-20, -19, -3, 24] [-27, -8, -10, -20]
[4, 35, -5, -48] [17, 5, 14, -26] [2, 33, 3, -92] [0, 0, 0, 0] [48, -87, 41, 4] [14, -10, 3, 19] [7, 5, 6, -1]
[-16, -25, -18, 4] [14, 3, -18, 0] [-5, 4, -37, -33] [32, 8, -89, 5] [12, -13, -13, 43] [0, 19, -10, 1] [-33, -65, -13, 16]
[21, 22, 13, 0] [2, -2, -6, -13] [20, 5, 14, -7] [-9, 7, -20, 13] [9, -2, -14, -1] [25, -12, -18, -1] [30, 3, 15, 24]
[-10, -6, -2, -14] [-10, -2, -15, -5] [-11, 5, 20, 3] [-13, 14, -40, -2] [31, 20, -13, 22] [27, -28, -40, 20] [-2, 4, 9, -4]
Food (up, right, down, left):
[23, 20, 4, 12] [-10, 12, -4, -27] [32, -12, 3, 17] [-8, -2, 33, 18] [-8, 12, 28, -12] [-12, -16, -15, -20] [-26, 20, -16, -17]
[-60, -11, -28, -18] [4, -5, -11, -21] [-9, 14, 22, 33] [-8, 18, -34, 23] [27, 16, 9, -36] [33, -5, -33, 25] [19, -1, 22, 17]
[-22, 1, 26, -30] [3, 1, -4, 32] [-46, -34, -36, 33] [39, -38, 20, -4] [-11, -3, 4, -22] [-5, 11, -42, -30] [28, 30, 10, 28]
[24, 11, 14, 53] [-7, -6, -29, 22] [12, -20, -31, -21] [0, 0, 0, 0] [-19, 66, -30, -2] [-15, -13, -24, -1] [-17, 36, -27, 13]
[-5, 5, -9, 17] [5, 11, 7, 14] [20, -7, 36, 2] [-2, -20, 16, -20] [9, -7, 4, -44] [-6, 41, 22, 25] [-1, -17, -4, -25]
[9, -9, 4, -6] [4, 17, 11, 5] [8, 5, 15, 24] [-28, -24, 33, -30] [-36, -26, -2, -31] [-12, 31, -3, 24] [1, 33, -9, 20]
[3, 1, -22, -21] [22, 7, -2, -49] [13, 25, 4, -19] [-4, 19, 41, -46] [37, 31, -7, -9] [12, 30, 17, -12] [20, -27, 23, -23]
------------------------------
ALIVE
Head: (7 37)
Body: (7 37) (7 36) (7 35) (6 35) (5 35) (5 34) (4 34) (3 34) (3 35) (3 36) 
Length: 10, 4
Vision: 3
Hungry, suplies: 8/10
Reproductive: 16, mutating: 0.25
Generation: 37527
####################################
Wall (up, right, down, left):
[17, -9, 0, 2] [-2, -2, -6, 8] [-15, 9, 7, -8] [13, 6, 28, 8] [-23, 0, 28, -11] [1, -7, 3, -12] [-12, -14, -21, -22]
[-23, -16, 25, -4] [4, 27, -6, 11] [-21, 7, 1, -3] [-21, 11, 11, 1] [24, 3, 3, 3] [-19, -33, 18, 14] [-10, 3, -1, 7]
[-4, 0, 40, 3] [-5, 27, -20, 2] [-21, -10, 46, 0] [-75, 25, 39, 22] [-42, -32, -23, 22] [-20, -19, -3, 24] [-27, -8, -10, -20]
[4, 35, -5, -48] [17, 5, 14, -26] [2, 33, 3, -92] [0, 0, 0, 0] [48, -87, 41, 4] [14, -10, 3, 19] [7, 5, 6, -1]
[-16, -25, -18, 4] [14, 3, -18, 0] [-5, -1, -37, -33] [32, 8, -89, 5] [12, -13, -13, 43] [0, 19, -10, 1] [-33, -65, -13, 16]
[21, 22, 13, 0] [2, -2, -6, -13] [20, 5, 14, -7] [-9, 7, -20, 13] [9, -2, -14, -1] [25, -12, -18, -1] [30, 3, 15, 24]
[-10, -6, -2, -14] [-10, -2, -15, -5] [-11, 5, 20, 3] [-13, 14, -40, -8] [31, 20, -13, 22] [27, -28, -40, 20] [-2, 4, 9, -4]
Food (up, right, down, left):
[23, 20, 4, 12] [-10, 12, -4, -27] [32, -12, 3, 17] [-8, -2, 33, 18] [-8, 12, 28, -12] [-12, -16, -15, -20] [-26, 20, -16, -17]
[-60, -11, -28, -18] [4, -5, -11, -21] [-9, 14, 22, 33] [-8, 18, -34, 23] [27, 16, 9, -36] [33, -5, -33, 25] [19, -1, 22, 17]
[-19, 1, 26, -30] [3, 1, -4, 32] [-46, -34, -36, 33] [39, -38, 20, -4] [-11, -3, 4, -22] [-5, 11, -42, -30] [28, 30, 10, 28]
[24, 11, 14, 53] [-7, -6, -29, 22] [12, -20, -31, -21] [0, 0, 0, 0] [-19, 66, -30, -2] [-15, -13, -24, -1] [-17, 36, -27, 13]
[-5, 5, -9, 17] [5, 11, 7, 14] [18, -7, 36, 2] [-2, -20, 16, -20] [9, -7, 4, -44] [-6, 41, 22, 25] [-1, -17, -4, -25]
[9, -9, 4, -6] [4, 17, 11, 5] [8, 5, 15, 24] [-28, -24, 33, -30] [-36, -26, -2, -31] [-12, 31, -3, 24] [1, 33, -9, 20]
[3, 1, -22, -21] [22, 7, -2, -49] [13, 25, 4, -19] [-3, 19, 43, -46] [37, 31, -7, -9] [12, 30, 17, -12] [20, -27, 23, -23]
------------------------------
ALIVE
Head: (8 7)
Body: (8 7) (8 6) (9 6) (9 5) (8 5) (7 5) (6 5) (6 6) (5 6) (4 6) (4 7) (5 7) 
Length: 12, 4
Vision: 3
Hungry, suplies: 6/10
Reproductive: 16, mutating: 0.25
Generation: 37530
####################################
Wall (up, right, down, left):
[17, -9, 0, 2] [-2, -2, -6, 8] [-15, 9, 4, -8] [13, 6, 28, 8] [-23, 0, 28, -11] [1, -7, 3, -12] [-12, -14, -21, -22]
[-23, -16, 25, -4] [4, 27, -6, 11] [-21, 7, 1, -3] [-21, 11, 11, 1] [24, 3, 3, 3] [-19, -33, 18, 14] [-10, 3, -1, 7]
[-4, 0, 40, 3] [-5, 27, -20, 2] [-21, -10, 46, 0] [-75, 25, 39, 22] [-42, -32, -23, 22] [-20, -19, -3, 24] [-27, -8, -10, -20]
[4, 35, -5, -48] [17, 5, 14, -26] [2, 33, 3, -92] [0, 0, 0, 0] [48, -87, 41, 4] [14, -10, 3, 19] [7, 5, 6, -1]
[-16, -25, -18, 4] [14, 3, -18, 0] [-3, 4, -37, -33] [32, 8, -89, 5] [12, -13, -13, 43] [0, 19, -10, 1] [-33, -65, -13, 16]
[21, 22, 13, 0] [2, -2, -6, -13] [20, 5, 14, -7] [-9, 7, -20, 13] [9, -2, -14, -1] [25, -12, -18, -1] [30, 3, 15, 24]
[-10, -6, -2, -14] [-10, -2, -15, -5] [-11, 5, 20, 3] [-13, 14, -40, -7] [31, 20, -13, 22] [27, -28, -40, 20] [-2, 4, 9, -4]
Food (up, right, down, left):
[23, 20, 4, 12] [-10, 12, -4, -27] [32, -7, 3, 17] [-8, -2, 33, 18] [-8, 12, 28, -12] [-12, -16, -15, -20] [-26, 20, -16, -17]
[-60, -11, -28, -18] [4, -5, -11, -21] [-9, 14, 22, 33] [-8, 18, -34, 23] [27, 16, 9, -36] [33, -5, -33, 25] [19, -1, 22, 17]
[-19, 1, 26, -30] [3, 1, -4, 32] [-46, -34, -36, 33] [39, -38, 20, -4] [-11, -3, 4, -22] [-5, 11, -42, -30] [28, 30, 10, 28]
[24, 11, 14, 53] [-7, -6, -29, 22] [12, -20, -31, -21] [0, 0, 0, 0] [-19, 66, -30, -2] [-15, -13, -24, -1] [-17, 36, -27, 13]
[-5, 5, -9, 17] [5, 11, 7, 14] [20, -8, 36, 2] [-2, -20, 16, -20] [9, -7, 4, -44] [-6, 41, 22, 25] [-1, -17, -4, -25]
[9, -9, 4, -6] [4, 17, 11, 5] [8, 5, 15, 24] [-28, -24, 33, -30] [-36, -26, -2, -31] [-12, 31, -3, 24] [1, 33, -9, 20]
[3, 1, -22, -21] [22, 7, -2, -49] [13, 25, 4, -19] [-4, 19, 43, -46] [37, 31, -7, -9] [12, 30, 17, -12] [20, -27, 23, -23]
------------------------------
ALIVE
Head: (16 38)
Body: (16 38) (16 37) (17 37) (17 36) (17 35) (16 35) (15 35) (14 35) (14 34) 
Length: 9, 4
Vision: 3
Hungry, suplies: 9/10
Reproductive: 16, mutating: 0.25
Generation: 37528
####################################
Wall (up, right, down, left):
[17, -9, 0, 2] [-2, -2, -6, 8] [-15, 9, 7, -8] [13, 6, 28, 8] [-23, 0, 28, -11] [1, -7, 3, -12] [-12, -14, -21, -18]
[-23, -16, 25, -4] [4, 27, -6, 11] [-21, 7, 1, -3] [-21, 11, 11, 1] [24, 3, 3, 3] [-19, -33, 18, 14] [-10, 3, -1, 7]
[-4, 0, 40, 3] [-5, 27, -20, 2] [-21, -10, 46, 0] [-75, 25, 39, 22] [-42, -32, -23, 22] [-20, -19, -3, 24] [-27, -8, -10, -20]
[4, 35, -5, -48] [17, 5, 14, -26] [2, 33, 3, -92] [0, 0, 0, 0] [48, -87, 41, 4] [14, -10, 3, 19] [7, 5, 6, -1]
[-16, -25, -18, 4] [14, 3, -18, 0] [-5, -1, -37, -33] [32, 8, -89, 5] [12, -13, -13, 43] [0, 19, -10, 1] [-33, -65, -13, 16]
[21, 22, 13, 0] [2, -2, -6, -13] [20, 5, 14, -7] [-9, 7, -20, 13] [9, -2, -14, -1] [25, -12, -18, -1] [30, 3, 15, 24]
[-10, -6, -2, -14] [-10, -2, -15, -5] [-11, 5, 20, 3] [-13, 14, -40, -8] [31, 20, -13, 22] [27, -28, -40, 20] [-2, 4, 9, -4]
Food (up, right, down, left):
[23, 20, 4, 12] [-10, 12, -4, -27] [32, -12, 3, 17] [-8, -2, 33, 18] [-8, 12, 28, -12] [-12, -16, -15, -20] [-26, 20, -11, -17]
[-60, -11, -28, -18] [4, -5, -11, -21] [-9, 14, 22, 33] [-8, 18, -34, 23] [27, 16, 9, -36] [33, -5, -33, 25] [19, -1, 22, 17]
[-19, 1, 26, -30] [3, 1, -4, 32] [-46, -34, -36, 33] [39, -38, 20, -4] [-11, -3, 4, -22] [-5, 11, -42, -30] [28, 30, 10, 28]
[24, 11, 14, 53] [-7, -6, -29, 22] [12, -20, -31, -21] [0, 0, 0, 0] [-19, 66, -30, -2] [-15, -13, -24, -1] [-17, 36, -27, 13]
[-5, 5, -9, 17] [5, 11, 7, 14] [18, -7, 36, 2] [-2, -20, 16, -20] [9, -7, 4, -44] [-6, 41, 22, 25] [-1, -17, -4, -25]
[9, -9, 4, -6] [4, 17, 11, 5] [8, 5, 15, 24] [-28, -24, 33, -30] [-36, -26, -2, -31] [-12, 31, -3, 24] [1, 33, -9, 20]
[3, 1, -22, -21] [22, 7, -2, -49] [13, 25, 4, -19] [-3, 19, 43, -46] [37, 31, -7, -9] [12, 30, 17, -12] [20, -27, 23, -23]
------------------------------
ALIVE
Head: (16 53)
Body: (16 53) (16 52) (15 52) (15 53) (14 53) (14 54) (14 55) (13 55) (13 -1) 
Length: 9, 4
Vision: 3
Hungry, suplies: 5/10
Reproductive: 16, mutating: 0.25
Generation: 37530
####################################
Wall (up, right, down, left):
[17, -9, 0, 2] [-2, -2, -6, 8] [-15, 9, 7, -8] [13, 6, 28, 4] [-23, 0, 28, -11] [1, -7, 3, -12] [-12, -14, -21, -22]
[-23, -16, 25, -4] [4, 27, -6, 11] [-21, 7, 1, -3] [-21, 11, 11, 1] [24, 3, 3, 3] [-19, -33, 18, 14] [-10, 3, -1, 7]
[-4, 0, 40, 3] [-5, 27, -20, 2] [-21, -10, 46, 0] [-75, 25, 39, 22] [-42, -32, -23, 22] [-20, -19, -3, 24] [-27, -8, -10, -20]
[4, 35, -5, -48] [17, 5, 14, -26] [2, 33, 3, -92] [0, 0, 0, 0] [48, -87, 41, 4] [14, -10, 3, 19] [7, 5, 6, -1]
[-16, -25, -18, 4] [14, 3, -18, 0] [-5, 4, -37, -33] [32, 8, -89, 5] [12, -13, -13, 43] [0, 19, -10, 1] [-33, -65, -13, 16]
[21, 22, 13, 0] [2, -2, -6, -13] [20, 5, 14, -7] [-9, 7, -20, 13] [9, -2, -14, -1] [25, -12, -18, -1] [30, 3, 15, 24]
[-10, -6, -2, -14] [-10, -2, -15, -5] [-11, 5, 20, 3] [-13, 14, -40, -7] [31, 20, -13, 22] [27, -28, -40, 20] [-2, 4, 9, -4]
Food (up, right, down, left):
[23, 20, 4, 12] [-10, 12, -4, -27] [32, -12, 3, 17] [-10, -2, 33, 18] [-8, 12, 28, -12] [-12, -16, -15, -20] [-26, 20, -16, -17]
[-60, -11, -28, -18] [4, -5, -11, -21] [-9, 14, 22, 33] [-8, 18, -34, 23] [27, 16, 9, -36] [33, -5, -33, 25] [19, -1, 22, 17]
[-19, 1, 26, -30] [3, 1, -4, 32] [-46, -34, -36, 33] [39, -38, 20, -4] [-11, -3, 4, -22] [-5, 11, -42, -30] [28, 30, 10, 28]
[24, 11, 14, 53] [-7, -6, -29, 22] [12, -20, -31, -21] [0, 0, 0, 0] [-19, 66, -30, -2] [-15, -13, -24, -1] [-17, 36, -27, 13]
[-5, 5, -9, 17] [5, 11, 7, 14] [20, -7, 36, 2] [-2, -20, 16, -20] [9, -7, 4, -44] [-6, 41, 22, 25] [-1, -17, -4, -25]
[9, -9, 4, -6] [4, 17, 11, 5] [8, 5, 15, 24] [-28, -24, 33, -30] [-36, -26, -2, -31] [-12, 31, -3, 24] [1, 33, -9, 20]
[3, 1, -22, -21] [22, 7, -2, -49] [13, 25, 4, -19] [-4, 19, 43, -46] [37, 31, -7, -9] [12, 30, 17, -12] [20, -27, 23, -23]
------------------------------
ALIVE
Head: (0 32)
Body: (0 32) (1 32) (2 32) (2 33) (2 34) (2 35) (2 36) (2 37) (2 38) (1 38) (1 37) 
Length: 11, 4
Vision: 3
Hungry, suplies: 4/10
Reproductive: 16, mutating: 0.25
Generation: 37535
####################################
Wall (up, right, down, left):
[17, -9, 0, 2] [-2, -2, -6, 8] [-15, 9, 7, -8] [13, 6, 28, 8] [-23, 0, 28, -11] [1, -7, 3, -12] [-12, -14, -21, -18]
[-23, -16, 25, -4] [4, 27, -6, 11] [-21, 7, 1, -3] [-21, 11, 11, 1] [24, 3, 3, 3] [-19, -33, 18, 14] [-10, 3, -1, 7]
[-4, 0, 40, 3] [-5, 27, -20, 2] [-21, -10, 46, 0] [-75, 25, 39, 22] [-42, -32, -23, 22] [-20, -19, -3, 24] [-27, -8, -10, -20]
[4, 35, -5, -48] [17, 5, 14, -26] [2, 33, 3, -92] [0, 0, 0, 0] [48, -87, 41, 4] [14, -10, 3, 19] [7, 5, 6, -1]
[-16, -25, -18, 4] [14, 3, -18, 0] [-5, -1, -37, -33] [32, 8, -89, 5] [12, -13, -13, 43] [0, 19, -10, 1] [-33, -65, -13, 16]
[21, 22, 13, 0] [2, -2, -6, -13] [20, 5, 14, -7] [-9, 7, -20, 13] [9, -2, -14, -1] [25, -12, -18, -1] [30, 3, 15, 24]
[-10, -6, -2, -14] [-10, -2, -15, -5] [-11, 5, 20, 3] [-13, 14, -40, -8] [31, 20, -13, 22] [27, -28, -40, 20] [-2, 4, 9, -4]
Food (up, right, down, left):
[23, 20, 4, 12] [-10, 12, -4, -27] [32, -12, 3, 17] [-8, -2, 33, 18] [-8, 12, 28, -12] [-12, -16, -15, -20] [-26, 20, -11, -17]
[-60, -11, -28, -18] [4, -5, -11, -21] [-9, 14, 22, 33] [-8, 18, -34, 23] [27, 16, 9, -36] [33, -5, -33, 25] [19, -1, 22, 17]
[-19, 1, 26, -30] [3, 1, -4, 32] [-46, -34, -36, 33] [39, -38, 20, -4] [-11, -3, 4, -22] [-5, 11, -42, -30] [28, 30, 10, 28]
[24, 11, 14, 53] [-7, -6, -29, 22] [12, -20, -31, -21] [0, 0, 0, 0] [-19, 66, -30, -2] [-15, -13, -24, -1] [-17, 36, -27, 13]
[-5, 5, -9, 17] [5, 11, 7, 14] [18, -7, 36, 2] [-2, -20, 16, -20] [9, -7, 4, -44] [-6, 41, 22, 25] [-1, -17, -4, -25]
[9, -9, 4, -6] [4, 17, 11, 5] [8, 5, 15, 24] [-28, -24, 33, -30] [-36, -26, -2, -31] [-12, 31, -3, 24] [1, 33, -9, 20]
[3, 1, -22, -21] [22, 7, -2, -49] [13, 25, 4, -19] [-3, 19, 43, -46] [37, 31, -7, -9] [12, 30, 17, -12] [20, -27, 23, -23]
------------------------------
ALIVE
Head: (0 4)
Body: (0 4) (0 5) (1 5) (1 6) (2 6) (2 7) (2 8) (1 8) (25 8) (24 8) (23 8) (22 8) 
Length: 12, 4
Vision: 3
Hungry, suplies: 9/10
Reproductive: 16, mutating: 0.25
Generation: 37531
####################################
Wall (up, right, down, left):
[17, -9, 0, 2] [-2, -2, -6, 8] [-15, 9, 7, -8] [13, 6, 28, 8] [-23, 0, 28, -11] [1, -7, 3, -12] [-12, -14, -21, -22]
[-23, -16, 25, -4] [4, 27, -6, 11] [-21, 7, 1, -3] [-21, 11, 11, 1] [24, 3, 3, 3] [-19, -33, 18, 14] [-10, 3, -1, 7]
[-4, 0, 40, 3] [-5, 27, -20, 2] [-21, -10, 46, 0] [-75, 25, 39, 22] [-42, -32, -23, 22] [-20, -19, -3, 24] [-27, -8, -10, -20]
[4, 35, -5, -48] [17, 5, 14, -26] [2, 33, 3, -92] [0, 0, 0, 0] [48, -87, 41, 4] [14, -10, 3, 19] [7, 5, 6, -1]
[-16, -25, -18, 4] [14, 3, -18, 0] [-5, 4, -37, -33] [32, 8, -89, 5] [12, -13, -13, 43] [0, 19, -10, 1] [-33, -65, -13, 16]
[21, 22, 13, 0] [2, -2, -6, -13] [20, 5, 14, -7] [-9, 7, -20, 13] [9, -2, -14, -1] [25, -12, -18, -1] [30, 3, 15, 24]
[-10, -6, -2, -14] [-10, -2, -15, -5] [-11, 5, 20, 3] [-13, 14, -40, -7] [31, 20, -13, 22] [27, -28, -40, 20] [-2, 4, 9, -4]
Food (up, right, down, left):
[23, 20, 4, 12] [-10, 12, -4, -27] [32, -12, 3, 17] [-8, -2, 33, 18] [-8, 12, 28, -12] [-12, -16, -15, -20] [-26, 20, -16, -17]
[-60, -11, -28, -18] [4, -5, -11, -21] [-9, 14, 22, 33] [-8, 18, -34, 23] [27, 16, 9, -36] [33, -5, -33, 25] [19, -1, 22, 17]
[-19, 1, 26, -30] [3, 1, -4, 32] [-46, -34, -36, 33] [39, -38, 20, -4] [-11, -3, 4, -22] [-5, 11, -42, -30] [28, 30, 10, 28]
[24, 11, 14, 53] [-7, -6, -29, 22] [12, -20, -31, -21] [0, 0, 0, 0] [-19, 66, -30, -2] [-15, -13, -24, -1] [-17, 36, -27, 13]
[-5, 5, -9, 17] [5, 11, 7, 14] [20, -7, 36, 2] [-2, -20, 16, -20] [9, -7, 4, -44] [-6, 41, 22, 25] [-1, -17, -4, -25]
[9, -9, 4, -6] [4, 17, 11, 5] [8, 5, 15, 24] [-28, -24, 33, -30] [-36, -26, -2, -31] [-12, 31, -3, 24] [1, 33, -9, 20]
[3, 1, -22, -21] [22, 7, -2, -49] [13, 25, 4, -19] [-4, 19, 43, -46] [37, 31, -7, -9] [12, 30, 17, -12] [20, -27, 23, -23]
------------------------------
ALIVE
Head: (20 21)
Body: (20 21) (20 20) (19 20) (19 21) (19 22) (20 22) (20 23) (20 24) (19 24) (18 24) (18 23) (17 23) (16 23) (16 22) (16 21) 
Length: 15, 4
Vision: 3
Hungry, suplies: 10/10
Reproductive: 16, mutating: 0.25
Generation: 37531
####################################
Wall (up, right, down, left):
[17, -9, 0, 2] [-2, -2, -6, 8] [-15, 9, 7, -8] [13, 6, 28, 8] [-23, 0, 28, -11] [1, -7, 3, -12] [-12, -14, -21, -22]
[-23, -16, 25, -4] [4, 27, -6, 11] [-21, 7, 1, -3] [-21, 11, 11, 1] [24, 3, 3, 3] [-19, -33, 18, 14] [-10, 3, -1, 7]
[-4, 0, 45, 3] [-5, 27, -20, 2] [-21, -10, 46, 0] [-75, 25, 39, 26] [-42, -32, -23, 22] [-20, -19, -3, 24] [-27, -8, -10, -20]
[4, 35, -5, -48] [17, 5, 14, -26] [2, 33, 3, -92] [0, 0, 0, 0] [48, -87, 41, 4] [14, -10, 3, 19] [7, 5, 6, -1]
[-16, -25, -18, 4] [14, 3, -18, 0] [-5, 4, -37, -33] [32, 8, -89, 5] [12, -13, -13, 43] [0, 19, -10, 1] [-33, -65, -13, 16]
[21, 22, 13, 0] [2, -2, -6, -13] [20, 5, 14, -7] [-9, 7, -20, 13] [9, -2, -14, -1] [25, -12, -18, -1] [30, 3, 15, 24]
[-10, -6, -2, -14] [-10, -2, -15, -5] [-11, 5, 20, 3] [-13, 14, -40, -7] [31, 20, -13, 22] [27, -23, -40, 20] [-2, 4, 9, -4]
Food (up, right, down, left):
[23, 20, 4, 12] [-10, 12, -4, -27] [32, -12, 3, 17] [-8, -2, 33, 18] [-8, 12, 28, -12] [-12, -16, -15, -20] [-26, 20, -16, -16]
[-60, -11, -28, -18] [4, -5, -11, -21] [-9, 14, 22, 33] [-8, 18, -34, 23] [27, 16, 9, -36] [33, -5, -33, 25] [19, -1, 22, 17]
[-19, 2, 26, -30] [3, 1, -4, 32] [-46, -34, -36, 33] [39, -38, 20, -9] [-11, -3, 4, -22] [-5, 11, -42, -30] [28, 30, 10, 28]
[24, 11, 14, 53] [-7, -6, -29, 22] [12, -20, -31, -21] [0, 0, 0, 0] [-19, 66, -30, -2] [-15, -13, -24, -1] [-17, 36, -27, 13]
[-5, 5, -9, 17] [5, 11, 7, 14] [20, -7, 36, 2] [-2, -20, 16, -20] [9, -7, 4, -44] [-6, 41, 22, 25] [-1, -17, -4, -25]
[9, -9, 4, -6] [4, 17, 11, 5] [8, 5, 15, 24] [-28, -24, 33, -30] [-36, -26, -2, -31] [-12, 31, -3, 24] [1, 33, -9, 20]
[3, 1, -22, -21] [22, 7, -2, -49] [13, 25, 4, -19] [-4, 19, 43, -46] [37, 31, -7, -9] [17, 30, 17, -12] [20, -27, 23, -23]
------------------------------
ALIVE
Head: (19 53)
Body: (19 53) (19 52) (19 51) (18 51) (17 51) (17 50) (16 50) (15 50) 
Length: 8, 4
Vision: 3
Hungry, suplies: 7/10
Reproductive: 16, mutating: 0.25
Generation: 37532
####################################
Wall (up, right, down, left):
[17, -9, 0, 2] [-2, -2, -6, 8] [-15, 9, 7, -8] [13, 6, 28, 8] [-23, 0, 28, -11] [1, -7, 3, -12] [-12, -14, -21, -22]
[-23, -16, 25, -4] [4, 27, -6, 11] [-21, 7, 1, -3] [-21, 11, 11, 3] [24, 3, 3, 3] [-19, -33, 18, 18] [-10, 3, 3, 7]
[-4, 0, 40, 3] [-5, 27, -20, 2] [-21, -10, 46, 0] [-75, 25, 39, 22] [-42, -32, -23, 22] [-20, -19, -3, 24] [-27, -8, -10, -20]
[4, 35, -5, -48] [17, 5, 14, -26] [2, 33, 3, -92] [0, 0, 0, 0] [48, -87, 41, 4] [14, -10, 3, 19] [7, 5, 6, -1]
[-16, -25, -18, 4] [14, 3, -18, 0] [-5, 4, -37, -33] [32, 8, -89, 5] [12, -13, -13, 43] [0, 19, -10, 1] [-33, -65, -13, 16]
[21, 22, 13, 0] [2, -2, -6, -13] [20, 5, 14, -7] [-9, 7, -20, 13] [9, -2, -14, -1] [25, -12, -18, -1] [30, 3, 15, 24]
[-10, -6, -2, -14] [-10, -2, -15, -9] [-11, 5, 20, 8] [-13, 14, -40, -7] [31, 20, -13, 22] [27, -28, -40, 20] [-2, 4, 9, -4]
Food (up, right, down, left):
[23, 20, 4, 12] [-10, 12, -4, -27] [32, -12, 3, 17] [-8, -2, 33, 18] [-8, 12, 28, -12] [-12, -16, -15, -20] [-26, 20, -16, -17]
[-60, -11, -28, -18] [4, -5, -11, -21] [-9, 14, 22, 33] [-8, 18, -34, 23] [27, 16, 9, -36] [33, -5, -33, 25] [19, -1, 22, 19]
[-19, 1, 26, -30] [3, 1, -4, 32] [-46, -34, -36, 33] [39, -38, 20, -4] [-11, -3, 4, -22] [-5, 11, -42, -30] [28, 30, 10, 25]
[24, 11, 14, 53] [-7, -6, -29, 22] [12, -20, -31, -21] [0, 0, 0, 0] [-19, 66, -30, -2] [-15, -13, -24, -1] [-17, 36, -27, 13]
[-5, 5, -9, 17] [5, 11, 7, 14] [20, -7, 36, 2] [-2, -20, 16, -20] [9, -7, 4, -44] [-6, 41, 22, 25] [-1, -17, -4, -25]
[9, -9, 4, -6] [4, 17, 11, 5] [8, 5, 15, 24] [-28, -24, 33, -30] [-36, -26, -2, -31] [-12, 31, -3, 24] [1, 33, -9, 20]
[3, 1, -22, -21] [22, 7, -4, -49] [13, 25, 4, -19] [-4, 19, 43, -46] [37, 31, -7, -9] [15, 30, 17, -12] [20, -27, 23, -23]
------------------------------
ALIVE
Head: (11 30)
Body: (11 30) (10 30) (9 30) (8 30) (7 30) (7 29) (6 29) (5 29) (5 28) 
Length: 9, 4
Vision: 3
Hungry, suplies: 6/10
Reproductive: 16, mutating: 0.25
Generation: 37530
####################################
Wall (up, right, down, left):
[17, -9, 0, 2] [-2, -2, -6, 8] [-15, 9, 7, -8] [13, 6, 28, 8] [-23, 0, 28, -11] [1, -7, 3, -12] [-12, -14, -21, -22]
[-23, -16, 25, -4] [4, 27, -6, 11] [-21, 7, 1, -3] [-21, 11, 11, 1] [24, 3, 3, 3] [-19, -33, 18, 14] [-10, 3, -1, 7]
[-4, 0, 40, 3] [-5, 27, -20, 2] [-21, -10, 46, 0] [-75, 25, 39, 22] [-42, -32, -23, 22] [-20, -19, -3, 24] [-27, -8, -5, -20]
[4, 35, -5, -48] [17, 5, 14, -26] [2, 33, 3, -92] [0, 0, 0, 0] [48, -87, 41, 4] [14, -10, 3, 19] [7, 5, 6, -1]
[-16, -25, -18, 4] [14, 3, -18, 0] [-5, -1, -37, -33] [32, 8, -89, 5] [12, -13, -13, 43] [0, 19, -10, 1] [-33, -65, -13, 16]
[21, 22, 13, 0] [2, -2, -6, -13] [20, 5, 14, -7] [-9, 7, -20, 13] [9, -2, -14, -1] [25, -12, -18, -1] [30, 3, 15, 24]
[-10, -6, -2, -14] [-10, -2, -15, -5] [-11, 5, 20, 3] [-13, 14, -40, -7] [31, 20, -13, 22] [27, -28, -40, 20] [-2, 4, 9, -4]
Food (up, right, down, left):
[23, 20, 4, 12] [-10, 12, -4, -27] [32, -12, 3, 17] [-8, -2, 33, 18] [-8, 12, 28, -12] [-12, -16, -15, -20] [-26, 20, -16, -17]
[-60, -11, -28, -18] [4, -5, -11, -21] [-9, 14, 22, 33] [-8, 18, -34, 23] [27, 16, 9, -36] [33, -5, -33, 25] [19, -1, 22, 17]
[-19, 1, 26, -30] [3, 1, -4, 32] [-46, -34, -36, 33] [39, -38, 20, -4] [-11, -3, 4, -22] [-5, 11, -42, -30] [28, 30, 10, 23]
[24, 11, 14, 53] [-7, -6, -29, 22] [12, -20, -31, -21] [0, 0, 0, 0] [-19, 66, -30, -2] [-15, -13, -24, -1] [-17, 36, -27, 13]
[-5, 5, -9, 17] [5, 11, 7, 14] [18, -7, 36, 2] [-2, -20, 16, -20] [9, -7, 4, -44] [-6, 41, 22, 25] [-1, -17, -4, -25]
[9, -9, 4, -6] [4, 17, 11, 5] [8, 5, 15, 24] [-28, -24, 33, -30] [-36, -26, -2, -31] [-12, 31, -3, 24] [1, 33, -9, 20]
[3, 1, -22, -21] [22, 7, -2, -49] [13, 25, 4, -19] [-4, 19, 43, -46] [37, 31, -7, -9] [12, 30, 17, -12] [20, -27, 23, -23]
------------------------------
ALIVE
Head: (10 40)
Body: (10 40) (10 41) (9 41) (9 42) (8 42) (8 43) (8 44) (7 44) (6 44) (5 44) (4 44) (4 43) (4 42) 
Length: 13, 4
Vision: 3
Hungry, suplies: 9/10
Reproductive: 16, mutating: 0.25
Generation: 37528
####################################
Wall (up, right, down, left):
[17, -9, 0, 2] [-2, -2, -6, 8] [-15, 9, 7, -8] [13, 6, 28, 4] [-23, 0, 28, -11] [1, -7, 3, -12] [-12, -14, -21, -22]
[-23, -16, 25, -4] [4, 27, -6, 11] [-21, 7, 1, -3] [-21, 11, 11, 1] [24, 3, 3, 3] [-19, -33, 18, 14] [-10, 3, -1, 7]
[-4, 0, 40, 3] [-5, 27, -20, 2] [-21, -10, 46, 0] [-75, 25, 39, 22] [-42, -32, -23, 22] [-20, -19, -3, 24] [-27, -8, -10, -20]
[4, 35, -5, -48] [17, 5, 14, -26] [2, 33, 3, -92] [0, 0, 0, 0] [48, -87, 41, 4] [14, -10, 3, 19] [7, 5, 6, -1]
[-16, -25, -18, 4] [14, 3, -18, 0] [-5, 4, -37, -33] [32, 8, -89, 5] [12, -13, -13, 43] [0, 19, -10, 1] [-33, -65, -13, 16]
[21, 22, 13, 0] [2, -2, -6, -13] [20, 5, 14, -7] [-9, 7, -20, 13] [9, -2, -14, -1] [25, -12, -18, -1] [30, 3, 15, 24]
[-10, -6, -2, -14] [-10, -2, -15, -5] [-11, 5, 20, 3] [-13, 14, -40, -7] [31, 20, -13, 22] [27, -28, -40, 20] [-2, 4, 9, -4]
Food (up, right, down, left):
[23, 20, 4, 12] [-10, 12, -4, -27] [32, -12, 3, 17] [-10, -2, 33, 18] [-8, 12, 28, -12] [-12, -16, -15, -20] [-26, 20, -16, -17]
[-60, -11, -28, -18] [4, -5, -11, -21] [-9, 14, 22, 33] [-8, 18, -34, 23] [27, 16, 9, -36] [33, -5, -33, 25] [19, -1, 22, 17]
[-19, 1, 26, -30] [3, 1, -4, 32] [-46, -34, -36, 33] [39, -38, 20, -4] [-11, -3, 4, -22] [-5, 11, -42, -30] [28, 30, 10, 28]
[24, 11, 14, 53] [-7, -6, -29, 22] [12, -20, -31, -21] [0, 0, 0, 0] [-19, 66, -30, -2] [-15, -13, -24, -1] [-17, 36, -27, 13]
[-5, 5, -9, 17] [5, 11, 7, 14] [20, -7, 36, 2] [-2, -20, 16, -20] [9, -7, 4, -44] [-6, 41, 22, 25] [-1, -17, -4, -25]
[9, -9, 4, -6] [4, 17, 11, 5] [8, 5, 15, 24] [-28, -24, 33, -30] [-36, -26, -2, -31] [-12, 31, -3, 24] [1, 33, -9, 20]
[3, 1, -22, -21] [22, 7, -2, -49] [13, 25, 4, -19] [-4, 19, 43, -46] [37, 31, -7, -9] [12, 30, 17, -12] [20, -27, 23, -23]
------------------------------
ALIVE
Head: (24 56)
Body: (-1 56) (0 56) (1 -1) (1 0) (2 0) (2 1) (2 2) (3 2) (3 3) 
Length: 9, 4
Vision: 3
Hungry, suplies: 4/10
Reproductive: 16, mutating: 0.25
Generation: 37534
####################################
Wall (up, right, down, left):
[17, -9, 0, 2] [-2, -2, -6, 8] [-15, 9, 4, -8] [13, 6, 28, 8] [-23, 0, 28, -11] [1, -7, 3, -12] [-12, -14, -21, -22]
[-23, -16, 25, -4] [4, 27, -6, 11] [-21, 7, 1, -3] [-21, 11, 11, 1] [24, 3, 3, 3] [-19, -33, 18, 14] [-10, 3, -1, 7]
[-4, 0, 40, 3] [-5, 27, -20, 2] [-21, -10, 46, 0] [-75, 25, 39, 22] [-42, -32, -23, 22] [-20, -19, -3, 24] [-27, -8, -10, -20]
[4, 35, -5, -48] [17, 5, 14, -26] [2, 33, 3, -92] [0, 0, 0, 0] [48, -87, 41, 4] [14, -10, 3, 19] [7, 5, 6, -1]
[-16, -25, -18, 4] [14, 3, -18, 0] [-3, 4, -37, -33] [32, 8, -89, 5] [12, -13, -13, 43] [0, 19, -10, 1] [-33, -65, -13, 16]
[21, 22, 13, 0] [2, -2, -6, -13] [20, 5, 14, -7] [-9, 7, -20, 13] [9, -2, -14, -1] [25, -12, -18, -1] [30, 3, 15, 24]
[-10, -6, -2, -14] [-10, -2, -15, -5] [-11, 5, 20, 3] [-13, 14, -40, -7] [31, 20, -13, 22] [27, -28, -40, 20] [-2, 4, 9, -4]
Food (up, right, down, left):
[23, 20, 4, 12] [-10, 12, -4, -27] [32, -7, 3, 17] [-8, -2, 33, 18] [-8, 12, 28, -12] [-12, -16, -15, -20] [-26, 20, -16, -17]
[-60, -11, -28, -18] [4, -5, -11, -21] [-9, 14, 22, 33] [-8, 18, -34, 23] [27, 16, 9, -36] [33, -5, -33, 25] [19, -1, 22, 17]
[-19, 1, 26, -30] [3, 1, -4, 32] [-46, -34, -36, 33] [39, -38, 20, -4] [-11, -3, 4, -22] [-5, 11, -42, -30] [28, 30, 10, 28]
[24, 11, 14, 53] [-7, -6, -29, 22] [12, -20, -31, -21] [0, 0, 0, 0] [-19, 66, -30, -2] [-15, -13, -24, -1] [-17, 36, -27, 13]
[-5, 5, -9, 17] [5, 11, 7, 14] [20, -8, 36, 2] [-2, -20, 16, -20] [9, -7, 4, -44] [-6, 41, 22, 25] [-1, -17, -4, -25]
[9, -9, 4, -6] [4, 17, 11, 5] [8, 5, 15, 24] [-28, -24, 33, -30] [-36, -26, -2, -31] [-12, 31, -3, 24] [1, 33, -9, 20]
[3, 1, -22, -21] [22, 7, -2, -49] [13, 25, 4, -19] [-4, 19, 43, -46] [37, 31, -7, -9] [12, 30, 17, -12] [20, -27, 23, -23]
------------------------------
ALIVE
Head: (6 30)
Body: (6 30) (6 31) (7 31) (7 32) (8 32) (9 32) (9 33) (10 33) 
Length: 8, 4
Vision: 3
Hungry, suplies: 8/10
Reproductive: 16, mutating: 0.25
Generation: 37529
####################################
Wall (up, right, down, left):
[17, -9, 0, 2] [-2, -2, -6, 8] [-15, 9, 7, -8] [13, 6, 28, 8] [-23, 0, 28, -11] [1, -7, 3, -12] [-12, -14, -21, -18]
[-23, -16, 25, -4] [4, 27, -6, 11] [-21, 7, 1, -3] [-21, 11, 11, 1] [24, 3, 3, 3] [-19, -33, 18, 14] [-10, 3, -1, 7]
[-4, 0, 40, 3] [-5, 27, -20, 2] [-21, -10, 46, 0] [-75, 25, 39, 22] [-42, -32, -23, 22] [-20, -19, -3, 24] [-27, -8, -10, -20]
[4, 35, -5, -48] [17, 5, 14, -26] [2, 33, 3, -92] [0, 0, 0, 0] [48, -87, 41, 4] [14, -10, 3, 19] [7, 5, 6, -1]
[-16, -25, -18, 4] [14, 3, -18, 0] [-5, -1, -37, -33] [32, 8, -89, 5] [12, -13, -13, 43] [0, 19, -10, 1] [-33, -65, -13, 16]
[21, 22, 13, 0] [2, -2, -6, -13] [20, 5, 14, -7] [-9, 7, -20, 13] [9, -2, -14, -1] [25, -12, -18, -1] [30, 3, 15, 24]
[-10, -6, -2, -14] [-10, -2, -15, -5] [-11, 5, 20, 3] [-13, 14, -40, -8] [31, 20, -13, 22] [27, -28, -40, 20] [-2, 4, 9, -4]
Food (up, right, down, left):
[23, 20, 4, 12] [-10, 12, -4, -27] [32, -12, 3, 17] [-8, -2, 33, 18] [-8, 12, 28, -12] [-12, -16, -15, -20] [-26, 20, -11, -17]
[-60, -11, -28, -18] [4, -5, -11, -21] [-9, 14, 22, 33] [-8, 18, -34, 23] [27, 16, 9, -36] [33, -5, -33, 25] [19, -1, 22, 17]
[-19, 1, 26, -30] [3, 1, -4, 32] [-46, -34, -36, 33] [39, -38, 20, -4] [-11, -3, 4, -22] [-5, 11, -42, -30] [28, 30, 10, 28]
[24, 11, 14, 53] [-7, -6, -29, 22] [12, -20, -31, -21] [0, 0, 0, 0] [-19, 66, -30, -2] [-15, -13, -24, -1] [-17, 36, -27, 13]
[-5, 5, -9, 17] [5, 11, 7, 14] [18, -7, 36, 2] [-2, -20, 16, -20] [9, -7, 4, -44] [-6, 41, 22, 25] [-1, -17, -4, -25]
[9, -9, 4, -6] [4, 17, 11, 5] [8, 5, 15, 24] [-28, -24, 33, -30] [-36, -26, -2, -31] [-12, 31, -3, 24] [1, 33, -9, 20]
[3, 1, -22, -21] [22, 7, -2, -49] [13, 25, 4, -19] [-3, 19, 43, -46] [37, 31, -7, -9] [12, 30, 17, -12] [20, -27, 23, -23]
------------------------------
ALIVE
Head: (19 11)
Body: (19 11) (18 11) (18 10) (19 10) (20 10) (21 10) (22 10) (22 11) 
Length: 8, 4
Vision: 3
Hungry, suplies: 10/10
Reproductive: 16, mutating: 0.25
Generation: 37531
####################################
