Wall (up, right, down, left):
[-6, -2, -8, -14] [1, 9, -3, -21] [-21, -18, -1, -15] [6, 13, 25, 4] [-2, 23, 40, 2] [7, -10, -27, -15] [10, -15, -8, -9]
[-42, -4, 24, -6] [40, 25, -2, -1] [-49, 16, 11, -2] [-40, 3, 26, 9] [28, 34, 11, 10] [-28, -17, -5, -25] [-14, -4, 7, -1]
[-10, 31, 30, 42] [-16, 35, -18, -19] [-16, -1, 62, -1] [-105, 17, 51, -5] [-41, -61, -16, 30] [-17, -24, -13, 0] [0, -23, -21, -3]
[-22, 57, -13, -29] [12, 0, 28, -42] [11, 42, 8, -136] [0, 0, 0, 0] [50, -123, 23, 18] [15, -18, -12, 4] [12, 3, 35, -2]
[-1, -43, 20, 5] [3, -6, -24, -28] [-30, -16, -27, -41] [62, 10, -131, 40] [12, -9, -54, 58] [3, 19, -15, 7] [-11, -78, -29, 29]
[18, 28, 6, -16] [-35, 18, -2, 8] [36, -7, 24, -7] [-7, -7, -7, -6] [-12, -11, -33, -15] [-8, -28, -32, 11] [44, 18, 9, 1]
[-21, 11, 13, -19] [-1, -10, -47, -15] [16, 10, 32, 16] [-30, 18, -67, -25] [22, 3, -14, 36] [35, -11, -29, 28] [8, -2, 26, -1]
Food (up, right, down, left):
[16, 27, -31, 13] [-35, 30, 15, -21] [6, -15, 1, 9] [-17, 7, 57, 15] [22, -22, 54, -5] [13, -30, -21, -30] [-75, 20, 12, -32]
[-87, 18, -40, -26] [2, -34, -32, -6] [-4, 9, 38, 26] [-19, 15, -56, 48] [11, 27, 7, -55] [36, 10, -56, 4] [1, 4, 21, 55]
[-28, -13, 42, -32] [27, 19, -5, 28] [-30, -46, -34, 38] [64, -44, 22, -10] [-6, -17, -24, -30] [-13, 8, -55, -28] [66, 37, 33, 26]
[14, 36, -10, 43] [-17, -8, -19, 19] [-13, -16, -27, -11] [0, 0, 0, 0] [-12, 52, -49, 3] [-10, -32, -43, -13] [-20, 59, -19, -5]
[15, 9, -21, 30] [21, 33, -4, 40] [20, -18, 36, 25] [0, -57, 51, -11] [3, 20, 5, -10] [9, 36, 17, 11] [-15, -33, -22, -8]
[10, -42, -18, 3] [7, 15, 12, -13] [23, -10, 30, 38] [-44, -29, 46, -20] [-48, -28, 17, -54] [-29, 50, 35, 20] [-3, 49, 33, 31]
[33, 12, -20, -14] [-12, -2, 33, -79] [33, 24, 5, -19] [1, -3, -13, -16] [73, 38, 17, -31] [-13, 41, -2, 2] [28, -31, 19, -19]
------------------------------
ALIVE
Head: (1 19)
Body: (1 19) (25 19) (24 19) (23 19) (22 19) (22 20) (21 20) 
Length: 7, 4
Vision: 3
Hungry, suplies: 2/10
Reproductive: 16, mutating: 0.25
Generation: 64954
####################################
Wall (up, right, down, left):
[-6, -2, -8, -14] [1, 9, -3, -21] [-21, -18, -1, -15] [6, 13, 25, 4] [-2, 23, 40, 2] [7, -10, -27, -15] [10, -15, -8, -9]
[-42, -4, 19, -2] [40, 25, -2, -1] [-49, 16, 11, -2] [-40, 3, 30, 9] [28, 31, 11, 9] [-28, -17, -5, -25] [-14, -4, 7, -1]
[-10, 31, 30, 42] [-16, 35, -22, -19] [-16, -1, 62, -1] [-105, 17, 51, -5] [-41, -61, -20, 30] [-17, -24, -13, 0] [0, -23, -21, -3]
[-22, 57, -13, -29] [12, 0, 28, -42] [11, 42, 8, -136] [0, 0, 0, 0] [50, -123, 23, 18] [15, -18, -12, 4] [12, 3, 35, -2]
[-1, -43, 20, 5] [3, -6, -24, -28] [-30, -16, -27, -41] [62, 10, -131, 40] [12, -9, -54, 58] [3, 19, -15, 4] [-11, -78, -29, 29]
[18, 28, 6, -12] [-35, 18, -2, 8] [36, -7, 24, -9] [-7, -7, -7, -6] [-12, -11, -33, -20] [-8, -28, -32, 11] [44, 14, 9, 1]
[-21, 11, 13, -19] [-1, -10, -47, -15] [16, 10, 32, 16] [-30, 18, -67, -25] [22, 4, -14, 36] [35, -11, -29, 28] [8, -2, 26, -1]
Food (up, right, down, left):
[16, 27, -31, 13] [-35, 30, 15, -21] [6, -15, 1, 9] [-18, 7, 57, 15] [22, -22, 54, -5] [13, -30, -21, -30] [-75, 20, 12, -32]
[-90, 18, -45, -26] [2, -34, -32, -6] [-4, 9, 38, 26] [-19, 15, -53, 48] [11, 27, 15, -55] [36, 10, -56, 4] [1, 4, 21, 55]
[-28, -13, 42, -32] [27, 19, -5, 29] [-30, -46, -34, 38] [64, -44, 22, -10] [-6, -17, -24, -32] [-13, 8, -55, -28] [66, 37, 33, 26]
[14, 36, -10, 43] [-17, -8, -19, 19] [-13, -16, -27, -11] [0, 0, 0, 0] [-12, 52, -49, 3] [-10, -32, -43, -13] [-20, 59, -19, -5]
[15, 9, -21, 30] [21, 33, -4, 40] [20, -18, 36, 25] [0, -57, 51, -11] [3, 20, 5, -10] [9, 36, 14, 11] [-15, -33, -26, -8]
[10, -39, -18, 3] [7, 15, 12, -13] [23, -10, 30, 42] [-44, -29, 46, -20] [-53, -28, 17, -54] [-29, 50, 35, 20] [-7, 49, 33, 31]
[33, 12, -20, -14] [-12, -2, 33, -79] [33, 24, 5, -19] [1, -3, -13, -16] [73, 38, 17, -31] [-13, 41, -2, 2] [28, -31, 19, -19]
------------------------------
ALIVE
Head: (20 18)
Body: (20 18) (21 18) (22 18) (23 18) (-1 18) (0 18) (0 17) (25 16) (24 16) (23 16) (22 16) (21 16) (20 16) 
Length: 13, 4
Vision: 3
Hungry, suplies: 5/10
Reproductive: 16, mutating: 0.25
Generation: 64959
####################################
Wall (up, right, down, left):
[-6, -2, -8, -14] [1, 9, -3, -26] [-21, -18, -1, -15] [6, 13, 25, 4] [-2, 23, 40, 2] [7, -10, -27, -15] [10, -15, -8, -9]
[-42, -4, 24, -6] [40, 25, -2, -1] [-49, 16, 11, -2] [-40, 3, 26, 9] [28, 34, 11, 10] [-28, -17, -5, -25] [-14, -4, 7, -1]
[-10, 31, 30, 42] [-16, 35, -18, -19] [-16, -1, 62, -1] [-105, 17, 51, -5] [-36, -61, -16, 30] [-17, -24, -13, 0] [0, -23, -21, -3]
[-22, 57, -13, -29] [12, 0, 28, -42] [11, 42, 8, -136] [0, 0, 0, 0] [50, -123, 23, 19] [15, -14, -12, 4] [12, 3, 35, -2]
[-1, -43, 20, 5] [3, -6, -24, -28] [-30, -16, -27, -41] [62, 10, -131, 40] [12, -9, -54, 58] [3, 19, -15, 12] [-11, -73, -29, 29]
[18, 28, 6, -16] [-35, 18, -2, 8] [36, -7, 24, -7] [-7, -7, -7, -6] [-12, -11, -33, -16] [-8, -28, -32, 11] [44, 14, 9, 1]
[-21, 11, 13, -19] [-1, -10, -47, -15] [16, 10, 32, 16] [-35, 18, -67, -25] [22, 4, -14, 36] [35, -11, -29, 28] [8, -2, 26, -1]
Food (up, right, down, left):
[16, 27, -31, 13] [-35, 32, 15, -21] [6, -15, 1, 9] [-17, 7, 57, 15] [22, -22, 54, -5] [13, -30, -21, -30] [-75, 20, 12, -32]
[-87, 18, -40, -26] [2, -34, -32, -6] [-4, 9, 38, 26] [-19, 15, -56, 48] [11, 27, 7, -55] [36, 10, -56, 4] [1, 4, 21, 55]
[-28, -13, 42, -32] [27, 19, -5, 28] [-30, -46, -34, 38] [64, -44, 22, -10] [-6, -17, -24, -25] [-13, 8, -55, -28] [66, 37, 33, 26]
[14, 36, -10, 43] [-17, -8, -19, 19] [-13, -16, -27, -11] [0, 0, 0, 0] [-12, 52, -49, -2] [-10, -28, -43, -13] [-20, 59, -19, -5]
[15, 9, -21, 30] [21, 33, -4, 40] [20, -18, 36, 25] [0, -57, 51, -11] [3, 20, 5, -10] [9, 36, 16, 11] [-15, -28, -22, -8]
[10, -42, -18, 3] [7, 15, 12, -13] [23, -10, 30, 38] [-44, -29, 46, -20] [-49, -28, 17, -54] [-29, 50, 35, 20] [-7, 49, 33, 31]
[33, 12, -20, -14] [-12, -2, 33, -79] [33, 24, 5, -19] [1, -3, -10, -16] [73, 38, 17, -31] [-13, 41, -2, 2] [28, -31, 19, -19]
------------------------------
ALIVE
Head: (7 17)
Body: (7 17) (6 17) (6 16) (6 15) (6 14) (7 14) (7 13) (6 13) (5 13) (4 13) (3 13) 
Length: 11, 4
Vision: 3
Hungry, suplies: 8/10
Reproductive: 16, mutating: 0.25
Generation: 64962
####################################
Wall (up, right, down, left):
[-6, -2, -8, -14] [1, 9, -3, -26] [-21, -18, -1, -15] [6, 13, 25, 4] [-2, 23, 40, 2] [7, -10, -27, -15] [10, -15, -8, -9]
[-42, -4, 24, -6] [40, 25, -2, -1] [-49, 16, 11, -2] [-40, 3, 26, 9] [28, 34, 11, 10] [-28, -17, -5, -25] [-14, -4, 7, -1]
[-10, 31, 30, 42] [-16, 35, -18, -19] [-16, -1, 62, -1] [-105, 17, 51, -5] [-36, -61, -16, 30] [-17, -24, -13, 0] [0, -23, -21, -3]
[-22, 57, -13, -29] [12, 0, 28, -42] [11, 42, 8, -136] [0, 0, 0, 0] [50, -123, 23, 19] [15, -18, -12, 4] [12, 3, 35, -2]
[-1, -43, 20, 5] [3, -6, -24, -28] [-30, -16, -27, -41] [62, 10, -131, 40] [12, -9, -54, 58] [3, 19, -15, 12] [-11, -78, -29, 29]
[18, 28, 6, -16] [-35, 18, -2, 8] [36, -7, 24, -7] [-7, -7, -7, -6] [-12, -11, -33, -16] [-8, -28, -32, 11] [44, 14, 9, 1]
[-21, 11, 13, -19] [-1, -10, -47, -15] [16, 10, 32, 16] [-30, 18, -67, -25] [22, 4, -14, 36] [35, -11, -29, 28] [8, -2, 26, -1]
Food (up, right, down, left):
[16, 27, -31, 13] [-35, 32, 15, -21] [6, -15, 1, 9] [-17, 7, 57, 15] [22, -22, 54, -5] [13, -30, -21, -30] [-75, 20, 12, -32]
[-87, 18, -40, -26] [2, -34, -32, -6] [-4, 9, 38, 26] [-19, 15, -56, 48] [11, 27, 7, -55] [36, 10, -56, 4] [1, 4, 21, 55]
[-28, -13, 42, -32] [27, 19, -5, 28] [-30, -46, -34, 38] [64, -44, 22, -10] [-6, -17, -24, -25] [-13, 8, -55, -28] [66, 37, 33, 26]
[14, 36, -10, 43] [-17, -8, -19, 19] [-13, -16, -27, -11] [0, 0, 0, 0] [-12, 52, -49, -2] [-10, -32, -43, -13] [-20, 59, -19, -5]
[15, 9, -21, 30] [21, 33, -4, 40] [20, -18, 36, 25] [0, -57, 51, -11] [3, 20, 5, -10] [9, 36, 16, 11] [-15, -33, -22, -8]
[10, -42, -18, 3] [7, 15, 12, -13] [23, -10, 30, 38] [-44, -29, 46, -20] [-49, -28, 17, -54] [-29, 50, 35, 20] [-7, 49, 33, 31]
[33, 12, -20, -14] [-12, -2, 33, -79] [33, 24, 5, -19] [1, -3, -13, -16] [73, 38, 17, -31] [-13, 41, -2, 2] [28, -31, 19, -19]
------------------------------
ALIVE
Head: (7 31)
Body: (7 31) (7 30) (6 30) (5 30) (5 29) (5 28) (6 28) (7 28) (7 27) (7 26) (7 25) (7 24) (7 23) (7 22) (6 22) 
Length: 15, 4
Vision: 3
Hungry, suplies: 5/10
Reproductive: 16, mutating: 0.25
Generation: 64956
####################################
Wall (up, right, down, left):
[-6, -2, -8, -14] [1, 9, -3, -26] [-21, -18, -1, -15] [6, 13, 25, 4] [-2, 23, 40, 2] [7, -10, -27, -15] [10, -15, -8, -9]
[-42, -4, 24, -6] [40, 25, -2, -1] [-49, 16, 11, -2] [-40, 3, 26, 9] [28, 34, 11, 10] [-28, -17, -5, -25] [-14, -4, 7, -1]
[-10, 31, 30, 42] [-16, 35, -18, -19] [-16, -1, 62, -1] [-105, 17, 51, -5] [-36, -61, -16, 30] [-17, -24, -13, 0] [0, -23, -21, -3]
[-22, 57, -13, -29] [12, 0, 28, -42] [11, 42, 8, -136] [0, 0, 0, 0] [50, -123, 23, 19] [15, -18, -12, 4] [12, 3, 35, -2]
[-1, -43, 20, 5] [3, -6, -24, -28] [-30, -16, -27, -41] [62, 10, -131, 40] [12, -9, -54, 58] [3, 19, -15, 12] [-11, -73, -29, 29]
[18, 28, 6, -16] [-35, 18, -2, 8] [36, -7, 24, -7] [-7, -7, -7, -6] [-12, -13, -33, -16] [-8, -28, -32, 11] [44, 14, 9, 1]
[-21, 11, 13, -19] [-1, -10, -47, -15] [16, 10, 32, 16] [-30, 18, -67, -25] [22, 4, -14, 36] [35, -11, -29, 28] [8, -2, 26, -1]
Food (up, right, down, left):
[16, 27, -31, 13] [-35, 32, 15, -21] [6, -15, 1, 9] [-17, 7, 57, 15] [22, -22, 54, -5] [13, -30, -21, -30] [-70, 20, 12, -32]
[-87, 18, -40, -26] [2, -34, -32, -6] [-4, 9, 38, 26] [-19, 15, -56, 48] [11, 27, 7, -55] [36, 10, -56, 4] [1, 4, 21, 55]
[-28, -13, 42, -32] [27, 19, -5, 28] [-30, -46, -34, 38] [64, -44, 22, -10] [-6, -17, -24, -25] [-13, 8, -55, -28] [66, 37, 33, 26]
[14, 36, -10, 43] [-17, -8, -19, 19] [-13, -16, -27, -11] [0, 0, 0, 0] [-12, 52, -49, -2] [-10, -32, -43, -13] [-20, 59, -19, -5]
[15, 9, -21, 30] [21, 33, -4, 40] [20, -18, 36, 25] [0, -57, 51, -11] [3, 20, 5, -10] [9, 36, 16, 11] [-15, -28, -22, -8]
[10, -42, -18, 3] [7, 15, 12, -13] [23, -10, 30, 38] [-44, -29, 46, -20] [-49, -28, 17, -54] [-29, 50, 35, 20] [-7, 49, 33, 31]
[33, 12, -20, -14] [-12, -2, 33, -79] [33, 24, 5, -19] [1, -3, -13, -16] [73, 38, 17, -31] [-13, 41, -2, 2] [28, -31, 19, -19]
------------------------------
ALIVE
Head: (18 49)
Body: (18 49) (17 49) (17 48) (17 47) (18 47) (18 48) (19 48) (19 47) (20 47) (20 46) (20 45) (19 45) (18 45) (17 45) (16 45) 
Length: 15, 4
Vision: 3
Hungry, suplies: 3/10
Reproductive: 16, mutating: 0.25
Generation: 64961
####################################
Wall (up, right, down, left):
[-6, -2, -8, -14] [1, 9, -3, -26] [-21, -18, -1, -15] [6, 13, 25, 4] [-7, 23, 40, 2] [7, -10, -27, -15] [10, -15, -8, -9]
[-42, -4, 24, -6] [40, 25, -2, -1] [-49, 16, 11, -2] [-40, 3, 26, 9] [28, 34, 11, 10] [-28, -17, -5, -25] [-14, -4, 7, -1]
[-10, 31, 30, 42] [-16, 35, -18, -19] [-16, -1, 62, -1] [-105, 17, 51, -5] [-36, -61, -16, 30] [-17, -24, -13, 0] [0, -23, -21, -3]
[-22, 57, -13, -29] [12, 0, 28, -42] [11, 42, 8, -136] [0, 0, 0, 0] [50, -123, 23, 19] [15, -18, -12, 4] [12, 3, 35, -2]
[-1, -43, 20, 5] [3, -6, -24, -28] [-30, -16, -27, -41] [62, 10, -131, 40] [12, -9, -54, 58] [3, 19, -15, 12] [-11, -78, -29, 29]
[18, 28, 6, -16] [-35, 18, -2, 8] [36, -7, 24, -7] [-7, -7, -7, -6] [-12, -11, -33, -16] [-8, -28, -32, 11] [44, 14, 9, 1]
[-21, 11, 13, -19] [-1, -10, -47, -15] [16, 10, 32, 16] [-30, 18, -67, -25] [22, 4, -14, 36] [35, -11, -29, 28] [8, -2, 26, -1]
Food (up, right, down, left):
[16, 27, -31, 13] [-35, 32, 15, -21] [6, -15, 1, 9] [-17, 7, 57, 15] [25, -22, 54, -5] [13, -30, -21, -30] [-75, 20, 12, -32]
[-87, 18, -40, -26] [2, -34, -32, -6] [-4, 9, 38, 26] [-19, 15, -56, 48] [11, 27, 7, -55] [36, 10, -56, 4] [1, 4, 21, 55]
[-28, -13, 42, -32] [27, 19, -5, 28] [-30, -46, -34, 38] [64, -44, 22, -10] [-6, -17, -24, -25] [-13, 8, -55, -28] [66, 37, 33, 26]
[14, 36, -10, 43] [-17, -8, -19, 19] [-13, -16, -27, -11] [0, 0, 0, 0] [-12, 52, -49, -2] [-10, -32, -43, -13] [-20, 59, -19, -5]
[15, 9, -21, 30] [21, 33, -4, 40] [20, -18, 36, 25] [0, -57, 51, -11] [3, 20, 5, -10] [9, 36, 16, 11] [-15, -33, -22, -8]
[10, -42, -18, 3] [7, 15, 12, -13] [23, -10, 30, 38] [-44, -29, 46, -20] [-49, -28, 17, -54] [-29, 50, 35, 20] [-7, 49, 33, 31]
[33, 12, -20, -14] [-12, -2, 33, -79] [33, 24, 5, -19] [1, -3, -13, -16] [73, 38, 17, -31] [-13, 41, -2, 2] [28, -31, 19, -19]
------------------------------
ALIVE
Head: (24 24)
Body: (24 24) (24 23) (23 23) (22 23) (21 23) (21 22) (21 21) (22 21) (23 21) (23 22) (-1 22) (0 22) (0 23) (0 24) 
Length: 14, 4
Vision: 3
Hungry, suplies: 9/10
Reproductive: 16, mutating: 0.25
Generation: 64957
####################################
Wall (up, right, down, left):
[-6, -2, -8, -14] [1, 9, -3, -21] [-21, -18, -1, -15] [6, 13, 25, 4] [-2, 23, 40, 2] [7, -10, -27, -15] [10, -15, -8, -9]
[-42, -4, 24, -6] [40, 23, -2, -1] [-49, 16, 11, -2] [-40, 3, 26, 9] [28, 34, 11, 10] [-28, -17, -5, -25] [-14, -4, 7, -1]
[-10, 31, 30, 42] [-16, 35, -18, -19] [-16, -1, 62, -1] [-105, 17, 51, -5] [-41, -61, -16, 30] [-17, -24, -13, 0] [0, -23, -21, -3]
[-22, 57, -13, -29] [12, 0, 28, -42] [11, 42, 8, -136] [0, 0, 0, 0] [50, -123, 23, 18] [15, -18, -12, 4] [12, 3, 35, -2]
[-1, -43, 20, 5] [3, -6, -24, -28] [-30, -16, -27, -41] [62, 10, -131, 40] [12, -9, -54, 58] [3, 19, -15, 7] [-11, -78, -29, 29]
[18, 28, 6, -16] [-35, 18, -2, 8] [36, -7, 24, -7] [-7, -7, -7, -6] [-12, -11, -33, -15] [-8, -28, -32, 11] [44, 18, 9, 1]
[-21, 11, 13, -19] [-1, -10, -47, -15] [16, 10, 32, 16] [-30, 18, -67, -25] [22, 3, -14, 36] [35, -11, -29, 28] [8, -2, 26, -1]
Food (up, right, down, left):
[16, 27, -31, 13] [-35, 30, 15, -21] [6, -15, 1, 9] [-17, 7, 57, 15] [22, -22, 54, -5] [13, -30, -21, -30] [-75, 20, 12, -32]
[-87, 18, -40, -26] [2, -34, -29, -6] [-4, 9, 38, 26] [-19, 15, -56, 48] [11, 27, 7, -55] [36, 10, -56, 4] [1, 4, 21, 55]
[-28, -13, 42, -32] [27, 19, -5, 28] [-30, -46, -34, 38] [64, -44, 22, -10] [-6, -17, -24, -30] [-13, 8, -55, -28] [66, 37, 33, 26]
[14, 36, -10, 43] [-17, -8, -19, 19] [-13, -16, -27, -11] [0, 0, 0, 0] [-12, 52, -49, 3] [-10, -32, -43, -13] [-20, 59, -19, -5]
[15, 9, -21, 30] [21, 33, -4, 40] [20, -18, 36, 25] [0, -57, 51, -11] [3, 20, 5, -6] [9, 36, 17, 11] [-15, -33, -22, -8]
[10, -42, -18, 3] [7, 15, 12, -13] [23, -10, 30, 38] [-44, -29, 46, -20] [-48, -28, 17, -54] [-29, 50, 35, 20] [-3, 49, 33, 31]
[33, 12, -20, -14] [-12, -2, 33, -79] [33, 24, 5, -19] [1, -3, -13, -16] [73, 38, 17, -31] [-13, 41, -2, 2] [28, -31, 19, -19]
------------------------------
ALIVE
Head: (3 14)
Body: (3 14) (3 15) (4 15) (4 16) (4 17) (5 17) (5 18) 
Length: 7, 4
Vision: 3
Hungry, suplies: 2/10
Reproductive: 16, mutating: 0.25
Generation: 64957
####################################
Wall (up, right, down, left):
[-6, -2, -8, -14] [1, 9, -3, -26] [-21, -18, -1, -15] [6, 13, 25, 4] [-2, 23, 40, 2] [7, -10, -27, -15] [10, -15, -8, -9]
[-42, -4, 24, -6] [40, 25, -2, -1] [-49, 16, 11, -2] [-40, 3, 26, 9] [28, 34, 11, 10] [-28, -17, -5, -25] [-14, -4, 7, -1]
[-10, 31, 30, 42] [-16, 35, -18, -19] [-16, -1, 62, -1] [-105, 17, 51, -5] [-36, -61, -16, 30] [-17, -24, -13, 0] [0, -23, -21, -3]
[-22, 57, -13, -29] [12, 0, 28, -42] [11, 42, 8, -136] [0, 0, 0, 0] [50, -123, 23, 19] [15, -18, -12, 4] [12, 3, 35, -2]
[-1, -43, 20, 5] [3, -6, -24, -28] [-30, -16, -27, -41] [62, 10, -131, 40] [12, -9, -54, 58] [3, 19, -15, 12] [-11, -73, -29, 29]
[18, 28, 6, -16] [-35, 18, -2, 8] [36, -7, 24, -7] [-7, -7, -7, -6] [-12, -11, -32, -16] [-8, -28, -32, 11] [44, 14, 9, 1]
[-21, 11, 13, -19] [-1, -10, -47, -15] [16, 10, 32, 16] [-30, 18, -67, -25] [22, 4, -14, 36] [35, -11, -29, 28] [8, -2, 26, -1]
Food (up, right, down, left):
[16, 27, -31, 13] [-35, 32, 15, -21] [6, -15, 1, 9] [-17, 7, 57, 15] [22, -22, 54, -5] [13, -30, -21, -30] [-75, 20, 12, -32]
[-87, 18, -40, -26] [2, -34, -32, -6] [-4, 9, 38, 26] [-19, 15, -56, 48] [11, 27, 7, -55] [36, 10, -56, 4] [1, 4, 21, 55]
[-28, -13, 42, -32] [27, 19, -5, 28] [-30, -46, -34, 38] [64, -44, 22, -10] [-6, -17, -24, -25] [-13, 8, -55, -28] [66, 37, 33, 26]
[14, 36, -10, 43] [-17, -8, -19, 19] [-13, -16, -27, -11] [0, 0, 0, 0] [-12, 52, -49, -2] [-10, -32, -43, -13] [-20, 59, -19, -5]
[15, 9, -21, 30] [21, 33, -4, 40] [20, -18, 36, 25] [0, -57, 51, -11] [3, 20, 5, -10] [9, 36, 16, 11] [-15, -28, -22, -8]
[10, -42, -18, 3] [7, 15, 12, -13] [23, -10, 30, 38] [-44, -29, 46, -20] [-52, -28, 17, -54] [-29, 50, 35, 20] [-7, 49, 33, 31]
[33, 12, -20, -14] [-12, -2, 33, -79] [33, 24, 5, -19] [1, -3, -13, -16] [73, 38, 17, -31] [-13, 41, -2, 2] [28, -31, 19, -19]
------------------------------
ALIVE
Head: (1 46)
Body: (1 46) (25 46) (24 46) (23 46) (23 47) (24 47) (24 48) (24 49) (23 49) (23 50) (23 51) (23 52) 
Length: 12, 4
Vision: 3
Hungry, suplies: 6/10
Reproductive: 16, mutating: 0.25
Generation: 64961
####################################
Wall (up, right, down, left):
[-6, -2, -8, -14] [1, 9, -3, -26] [-21, -18, -1, -15] [6, 13, 25, 4] [-2, 23, 40, 2] [7, -10, -27, -15] [10, -15, -8, -9]
[-42, -4, 24, -6] [40, 25, -2, -1] [-49, 16, 11, -2] [-40, 3, 26, 9] [28, 34, 11, 10] [-28, -17, -5, -25] [-14, -4, 7, -1]
[-10, 31, 30, 42] [-16, 35, -18, -19] [-16, -1, 62, -1] [-105, 17, 51, -5] [-36, -61, -16, 30] [-17, -24, -13, 0] [0, -23, -21, -3]
[-22, 57, -13, -29] [12, 0, 28, -42] [11, 42, 8, -136] [0, 0, 0, 0] [50, -123, 23, 19] [15, -14, -12, 4] [12, 3, 35, -2]
[-1, -43, 20, 5] [3, -6, -24, -28] [-30, -16, -27, -41] [62, 10, -131, 40] [12, -9, -54, 58] [3, 19, -15, 12] [-11, -73, -29, 29]
[18, 28, 6, -16] [-35, 18, -2, 8] [36, -7, 24, -7] [-7, -7, -7, -6] [-12, -11, -33, -16] [-8, -28, -32, 11] [44, 14, 9, 1]
[-21, 11, 13, -19] [-1, -10, -47, -15] [16, 10, 32, 16] [-35, 18, -67, -25] [22, 4, -14, 36] [35, -11, -29, 28] [8, -2, 26, -1]
Food (up, right, down, left):
[16, 27, -31, 13] [-35, 32, 15, -21] [6, -15, 1, 9] [-17, 7, 57, 15] [22, -22, 54, -5] [13, -30, -21, -30] [-75, 20, 12, -32]
[-87, 18, -40, -26] [2, -34, -32, -6] [-4, 9, 38, 26] [-19, 15, -56, 48] [11, 27, 7, -55] [36, 10, -56, 4] [1, 4, 21, 55]
[-28, -13, 42, -32] [27, 19, -5, 28] [-30, -46, -34, 38] [64, -44, 22, -10] [-6, -17, -24, -25] [-13, 8, -55, -28] [66, 37, 33, 26]
[14, 36, -10, 43] [-17, -8, -19, 19] [-13, -16, -27, -11] [0, 0, 0, 0] [-12, 52, -49, -2] [-10, -28, -43, -13] [-20, 59, -19, -5]
[15, 9, -21, 30] [21, 33, -4, 40] [20, -18, 36, 25] [0, -57, 51, -11] [3, 20, 5, -10] [9, 36, 16, 11] [-15, -28, -22, -8]
[10, -42, -18, 3] [7, 15, 12, -13] [23, -10, 30, 38] [-44, -29, 46, -20] [-49, -28, 17, -54] [-29, 50, 35, 20] [-7, 49, 33, 31]
[33, 12, -20, -14] [-12, -2, 33, -79] [33, 24, 5, -19] [1, -3, -10, -16] [73, 38, 17, -31] [-13, 41, -2, 2] [28, -31, 19, -19]
------------------------------
ALIVE
Head: (15 6)
Body: (15 6) (16 6) (17 6) (17 5) (17 4) (16 4) (15 4) (14 4) (13 4) (12 4) (11 4) (11 3) (10 3) (10 2) 
Length: 14, 4
Vision: 3
Hungry, suplies: 4/10
Reproductive: 16, mutating: 0.25
Generation: 64963
####################################
Wall (up, right, down, left):
[-6, -2, -8, -14] [1, 9, -3, -26] [-21, -18, -1, -15] [6, 13, 25, 4] [-2, 23, 40, 2] [7, -10, -27, -15] [10, -15, -8, -9]
[-42, -4, 24, -6] [40, 25, -2, -1] [-49, 16, 11, -2] [-40, 3, 26, 9] [28, 34, 11, 10] [-28, -17, -5, -25] [-14, -4, 7, -1]
[-10, 31, 30, 42] [-16, 35, -18, -19] [-16, -1, 62, -1] [-105, 17, 51, -5] [-36, -61, -16, 30] [-17, -24, -13, 0] [0, -23, -21, -3]
[-22, 57, -13, -29] [12, 0, 28, -42] [11, 42, 8, -136] [0, 0, 0, 0] [50, -123, 23, 19] [15, -18, -12, 4] [12, 3, 35, -2]
[-1, -43, 20, 5] [3, -6, -24, -28] [-30, -16, -27, -41] [62, 10, -131, 40] [12, -9, -54, 58] [3, 19, -15, 12] [-11, -73, -29, 29]
[18, 28, 6, -16] [-35, 18, -2, 8] [36, -7, 24, -7] [-7, -7, -7, -6] [-12, -13, -33, -16] [-8, -28, -32, 11] [44, 14, 9, 1]
[-21, 11, 13, -19] [-1, -10, -47, -15] [16, 10, 32, 16] [-30, 18, -67, -25] [22, 4, -14, 36] [35, -11, -29, 28] [8, -2, 26, -1]
Food (up, right, down, left):
[16, 27, -31, 13] [-35, 32, 15, -21] [6, -15, 1, 9] [-17, 7, 57, 15] [22, -22, 54, -5] [13, -30, -21, -30] [-75, 20, 12, -32]
[-87, 18, -40, -26] [2, -34, -32, -6] [-4, 9, 38, 26] [-19, 15, -56, 48] [11, 27, 7, -55] [36, 10, -56, 4] [1, 4, 21, 55]
[-28, -13, 42, -32] [27, 19, -5, 28] [-30, -46, -34, 38] [64, -44, 22, -10] [-6, -17, -24, -25] [-13, 8, -55, -28] [66, 37, 33, 26]
[14, 36, -10, 43] [-17, -8, -19, 19] [-13, -16, -27, -11] [0, 0, 0, 0] [-12, 52, -49, -2] [-10, -32, -43, -13] [-20, 59, -19, -5]
[15, 9, -21, 30] [21, 33, -4, 40] [20, -18, 36, 25] [0, -57, 51, -11] [3, 20, 5, -10] [9, 36, 16, 11] [-15, -28, -22, -8]
[10, -42, -18, 3] [7, 15, 12, -13] [23, -10, 30, 38] [-44, -29, 46, -20] [-49, -28, 17, -54] [-29, 50, 35, 20] [-7, 49, 33, 31]
[33, 12, -20, -14] [-12, -2, 33, -79] [33, 24, 5, -19] [1, -3, -13, -16] [73, 38, 17, -31] [-13, 41, -2, 2] [28, -31, 19, -19]
------------------------------
ALIVE
Head: (12 28)
Body: (12 28) (13 28) (14 28) (14 29) (13 29) (12 29) (11 29) (10 29) (10 28) (10 27) (10 26) 
Length: 11, 4
Vision: 3
Hungry, suplies: 3/10
Reproductive: 16, mutating: 0.25
Generation: 64961
####################################
Wall (up, right, down, left):
[-6, -2, -8, -14] [1, 9, -3, -26] [-21, -18, -1, -15] [6, 13, 25, 4] [-2, 23, 40, 2] [7, -10, -27, -15] [10, -15, -8, -9]
[-42, -4, 24, -6] [40, 25, -2, -1] [-49, 16, 11, -2] [-40, 3, 26, 9] [28, 34, 11, 10] [-28, -17, -5, -25] [-14, -4, 7, -1]
[-10, 31, 30, 42] [-16, 35, -18, -19] [-16, -1, 62, -1] [-105, 17, 51, -5] [-36, -61, -16, 30] [-17, -24, -13, 0] [0, -23, -21, -3]
[-22, 57, -13, -29] [12, 0, 28, -42] [11, 42, 8, -136] [0, 0, 0, 0] [50, -123, 23, 19] [15, -18, -12, 4] [12, 3, 35, -2]
[-1, -43, 20, 5] [3, -6, -24, -28] [-30, -16, -27, -41] [62, 10, -131, 40] [12, -9, -54, 58] [3, 19, -15, 12] [-11, -73, -29, 29]
[18, 28, 6, -16] [-35, 18, -2, 8] [36, -7, 24, -7] [-7, -7, -7, -6] [-12, -13, -33, -16] [-8, -28, -32, 11] [44, 14, 9, 1]
[-21, 11, 13, -19] [-1, -10, -47, -15] [16, 10, 32, 16] [-30, 18, -67, -25] [22, 4, -14, 36] [35, -11, -29, 28] [8, -2, 26, -1]
Food (up, right, down, left):
[16, 27, -31, 13] [-35, 32, 15, -21] [6, -15, 1, 9] [-17, 7, 57, 15] [22, -22, 54, -5] [13, -30, -21, -30] [-70, 20, 12, -32]
[-87, 18, -40, -26] [2, -34, -32, -6] [-4, 9, 38, 26] [-19, 15, -56, 48] [11, 27, 7, -55] [36, 10, -56, 4] [1, 4, 21, 55]
[-28, -13, 42, -32] [27, 19, -5, 28] [-30, -46, -34, 38] [64, -44, 22, -10] [-6, -17, -24, -25] [-13, 8, -55, -28] [66, 37, 33, 26]
[14, 36, -10, 43] [-17, -8, -19, 19] [-13, -16, -27, -11] [0, 0, 0, 0] [-12, 52, -49, -2] [-10, -32, -43, -13] [-20, 59, -19, -5]
[15, 9, -21, 30] [21, 33, -4, 40] [20, -18, 36, 25] [0, -57, 51, -11] [3, 20, 5, -10] [9, 36, 16, 11] [-15, -28, -22, -8]
[10, -42, -18, 3] [7, 15, 12, -13] [23, -10, 30, 38] [-44, -29, 46, -20] [-49, -28, 17, -54] [-29, 50, 35, 20] [-7, 49, 33, 31]
[33, 12, -20, -14] [-12, -2, 33, -79] [33, 24, 5, -19] [1, -3, -13, -16] [73, 38, 17, -31] [-13, 41, -2, 2] [28, -31, 19, -19]
------------------------------
ALIVE
Head: (5 11)
Body: (5 11) (5 10) (5 9) (4 9) (4 8) (4 7) (5 7) (5 6) (5 5) 
Length: 9, 4
Vision: 3
Hungry, suplies: 8/10
Reproductive: 16, mutating: 0.25
Generation: 64962
####################################
Wall (up, right, down, left):
[-6, -2, -8, -14] [1, 9, -3, -26] [-21, -18, -1, -15] [6, 13, 25, 4] [-2, 23, 40, 2] [7, -10, -27, -15] [10, -15, -8, -9]
[-42, -4, 24, -6] [40, 25, -2, -1] [-49, 16, 11, -2] [-40, 3, 26, 9] [28, 34, 11, 10] [-28, -17, -5, -25] [-14, -4, 7, -1]
[-10, 31, 30, 42] [-16, 35, -18, -19] [-16, -1, 62, -1] [-105, 17, 51, -5] [-41, -61, -16, 30] [-17, -24, -13, 0] [0, -23, -21, -3]
[-22, 57, -13, -29] [12, 0, 28, -42] [11, 42, 8, -136] [0, 0, 0, 0] [50, -123, 23, 19] [15, -18, -12, 4] [12, 3, 35, -2]
[-1, -43, 20, 5] [3, -6, -24, -28] [-30, -16, -27, -41] [62, 10, -131, 40] [12, -9, -54, 58] [3, 19, -15, 7] [-11, -78, -29, 29]
[18, 28, 6, -16] [-35, 18, -2, 8] [36, -7, 24, -7] [-7, -7, -7, -6] [-12, -11, -33, -16] [-8, -28, -30, 11] [44, 14, 9, 1]
[-21, 11, 13, -19] [-1, -10, -47, -15] [16, 10, 32, 16] [-30, 18, -67, -25] [22, 4, -14, 36] [35, -11, -29, 28] [8, -2, 26, -1]
Food (up, right, down, left):
[16, 27, -31, 13] [-35, 32, 15, -21] [6, -15, 1, 9] [-17, 7, 57, 15] [22, -22, 54, -5] [13, -30, -21, -30] [-75, 20, 12, -32]
[-87, 18, -40, -26] [2, -34, -32, -6] [-4, 9, 38, 26] [-19, 15, -56, 48] [11, 27, 7, -55] [36, 10, -56, 4] [1, 4, 21, 55]
[-28, -13, 42, -32] [27, 19, -5, 28] [-30, -46, -34, 38] [64, -44, 22, -10] [-6, -17, -24, -30] [-13, 8, -55, -28] [66, 37, 33, 26]
[14, 36, -10, 43] [-17, -8, -19, 19] [-13, -16, -27, -11] [0, 0, 0, 0] [-12, 52, -49, -2] [-10, -32, -43, -13] [-20, 59, -19, -5]
[15, 9, -21, 30] [21, 33, -4, 40] [20, -18, 36, 25] [0, -57, 51, -11] [3, 20, 5, -10] [9, 36, 17, 11] [-15, -33, -22, -8]
[10, -42, -18, 3] [7, 15, 12, -13] [23, -10, 30, 38] [-44, -29, 46, -20] [-49, -28, 17, -54] [-29, 50, 35, 15] [-7, 49, 33, 31]
[33, 12, -20, -14] [-12, -2, 33, -79] [33, 24, 5, -19] [1, -3, -13, -16] [73, 38, 17, -31] [-13, 41, -2, 2] [28, -31, 19, -19]
------------------------------
ALIVE
Head: (3 44)
Body: (3 44) (2 44) (1 44) (1 43) (25 43) (24 43) (23 43) (22 43) (21 43) (21 44) (20 44) (20 43) (20 42) (20 41) 
Length: 14, 4
Vision: 3
Hungry, suplies: 2/10
Reproductive: 16, mutating: 0.25
Generation: 64957
####################################
Wall (up, right, down, left):
[-6, -2, -8, -18] [1, 9, -3, -26] [-21, -18, -1, -15] [6, 13, 25, 4] [-2, 23, 40, 2] [7, -10, -27, -15] [10, -15, -8, -9]
[-42, -4, 24, -6] [40, 25, -2, -1] [-49, 16, 11, -2] [-40, 3, 26, 9] [28, 34, 11, 10] [-28, -17, -5, -25] [-14, -4, 7, -1]
[-10, 31, 30, 42] [-16, 35, -18, -19] [-16, -1, 62, -1] [-105, 17, 51, -5] [-36, -61, -16, 30] [-17, -24, -13, 0] [0, -23, -21, -3]
[-22, 57, -13, -29] [12, 0, 28, -42] [11, 42, 8, -136] [0, 0, 0, 0] [50, -123, 23, 19] [15, -18, -12, 4] [12, 3, 35, -2]
[-1, -43, 20, 5] [3, -6, -24, -28] [-30, -16, -27, -41] [62, 10, -131, 40] [12, -9, -54, 58] [3, 19, -15, 12] [-11, -78, -29, 29]
[18, 28, 6, -16] [-35, 18, -2, 8] [36, -7, 24, -7] [-7, -7, -7, -6] [-12, -11, -33, -16] [-8, -28, -32, 11] [44, 14, 9, 1]
[-21, 11, 13, -19] [-1, -10, -47, -15] [16, 10, 32, 16] [-30, 18, -67, -25] [22, 4, -14, 36] [35, -11, -29, 28] [8, -2, 26, -1]
Food (up, right, down, left):
[19, 27, -31, 13] [-35, 32, 15, -21] [6, -15, 1, 9] [-17, 7, 57, 15] [22, -22, 54, -5] [13, -30, -21, -30] [-75, 20, 12, -32]
[-87, 18, -40, -26] [2, -34, -32, -6] [-4, 9, 38, 26] [-19, 15, -56, 48] [11, 27, 7, -55] [36, 10, -56, 4] [1, 4, 21, 55]
[-28, -13, 42, -32] [27, 19, -5, 28] [-30, -46, -34, 38] [64, -44, 22, -10] [-6, -17, -24, -25] [-13, 8, -55, -28] [66, 37, 33, 26]
[14, 36, -10, 43] [-17, -8, -19, 19] [-13, -16, -27, -11] [0, 0, 0, 0] [-12, 52, -49, -2] [-10, -32, -43, -13] [-20, 59, -19, -5]
[15, 9, -21, 30] [21, 33, -4, 40] [20, -18, 36, 25] [0, -57, 51, -11] [3, 20, 5, -10] [9, 36, 16, 11] [-15, -33, -22, -8]
[10, -42, -18, 3] [7, 15, 12, -13] [23, -10, 30, 38] [-44, -29, 46, -20] [-49, -28, 17, -54] [-29, 50, 35, 20] [-7, 49, 33, 31]
[33, 12, -20, -14] [-12, -2, 33, -79] [33, 24, 5, -19] [1, -3, -13, -16] [73, 38, 17, -31] [-13, 41, -2, 2] [28, -31, 19, -19]
------------------------------
ALIVE
Head: (23 26)
Body: (23 26) (22 26) (21 26) (20 26) (19 26) (19 25) (19 24) (19 23) (19 22) (19 21) (19 20) 
Length: 11, 4
Vision: 3
Hungry, suplies: 10/10
Reproductive: 16, mutating: 0.25
Generation: 64959
####################################
Wall (up, right, down, left):
[-6, -2, -8, -14] [1, 9, -3, -26] [-21, -18, -1, -15] [6, 13, 25, 4] [-2, 23, 40, 2] [7, -10, -27, -15] [10, -15, -8, -9]
[-42, -4, 24, -6] [40, 25, -2, -1] [-49, 16, 11, -2] [-40, 3, 26, 9] [28, 34, 11, 10] [-28, -17, -5, -25] [-14, -4, 7, -1]
[-10, 31, 30, 42] [-16, 35, -18, -19] [-16, -1, 62, -1] [-105, 17, 51, -5] [-36, -61, -16, 30] [-17, -24, -13, 0] [0, -23, -21, -3]
[-22, 57, -13, -29] [12, 0, 28, -42] [11, 42, 8, -136] [0, 0, 0, 0] [50, -123, 23, 19] [15, -18, -12, 4] [12, 3, 35, -2]
[3, -43, 20, 5] [3, -6, -24, -28] [-30, -16, -27, -41] [62, 10, -131, 40] [12, -9, -54, 58] [3, 19, -15, 12] [-11, -73, -29, 29]
[18, 28, 6, -16] [-35, 18, -2, 8] [36, -7, 24, -7] [-7, -7, -7, -6] [-12, -11, -33, -16] [-8, -28, -32, 11] [44, 14, 9, 1]
[-21, 11, 13, -19] [-1, -10, -47, -15] [16, 10, 32, 16] [-35, 18, -67, -25] [22, 4, -14, 36] [35, -11, -29, 28] [8, -2, 26, -1]
Food (up, right, down, left):
[16, 27, -31, 13] [-35, 32, 15, -21] [6, -15, 1, 9] [-17, 7, 57, 15] [22, -22, 54, -5] [13, -30, -21, -30] [-75, 20, 12, -32]
[-87, 18, -40, -26] [2, -34, -32, -6] [-4, 9, 38, 26] [-19, 15, -56, 48] [11, 27, 7, -55] [36, 10, -56, 4] [1, 4, 21, 55]
[-28, -13, 42, -32] [27, 19, -5, 28] [-30, -46, -34, 38] [64, -44, 22, -10] [-6, -17, -24, -25] [-13, 8, -55, -28] [66, 37, 33, 26]
[14, 36, -10, 43] [-17, -8, -19, 19] [-13, -16, -27, -11] [0, 0, 0, 0] [-12, 52, -49, -2] [-10, -32, -43, -13] [-20, 59, -19, -5]
[15, 9, -17, 30] [21, 33, -4, 40] [20, -18, 36, 25] [0, -57, 51, -11] [3, 20, 5, -10] [9, 36, 16, 11] [-15, -28, -22, -8]
[10, -42, -18, 3] [7, 15, 12, -13] [23, -10, 30, 38] [-44, -29, 46, -20] [-49, -28, 17, -54] [-29, 50, 35, 20] [-7, 49, 33, 31]
[33, 12, -20, -14] [-12, -2, 33, -79] [33, 24, 5, -19] [1, -3, -10, -16] [73, 38, 17, -31] [-13, 41, -2, 2] [28, -31, 19, -19]
------------------------------
ALIVE
Head: (16 28)
Body: (16 28) (15 28) (15 27) (16 27) (17 27) (17 26) (17 25) (17 24) (17 23) (16 23) (15 23) (15 24) 
Length: 12, 4
Vision: 3
Hungry, suplies: 7/10
Reproductive: 16, mutating: 0.25
Generation: 64964
####################################
Wall (up, right, down, left):
[-6, -2, -8, -14] [1, 9, -3, -26] [-21, -18, -1, -15] [6, 16, 25, 4] [-2, 23, 40, 2] [7, -10, -27, -15] [10, -15, -8, -9]
[-42, -4, 24, -6] [40, 25, -2, -1] [-49, 16, 11, -2] [-40, 3, 26, 9] [28, 34, 11, 10] [-28, -17, -5, -25] [-14, -4, 7, -1]
[-10, 31, 30, 42] [-16, 35, -18, -19] [-16, -1, 62, -1] [-105, 17, 51, -5] [-41, -61, -16, 30] [-17, -24, -13, 0] [0, -23, -21, -3]
[-22, 57, -13, -29] [12, 0, 28, -42] [11, 42, 8, -136] [0, 0, 0, 0] [50, -123, 23, 19] [15, -18, -12, 4] [12, 3, 35, -2]
[-1, -43, 20, 5] [3, -6, -24, -28] [-30, -16, -27, -41] [62, 10, -131, 40] [12, -9, -54, 58] [3, 19, -15, 7] [-11, -78, -29, 29]
[18, 28, 6, -16] [-35, 18, -2, 8] [36, -7, 24, -7] [-7, -7, -7, -6] [-12, -11, -33, -16] [-8, -28, -30, 11] [44, 14, 9, 1]
[-21, 11, 13, -19] [-1, -10, -47, -15] [16, 10, 32, 16] [-30, 18, -67, -25] [22, 4, -14, 36] [35, -11, -29, 28] [8, -2, 26, -1]
Food (up, right, down, left):
[16, 27, -31, 13] [-35, 32, 15, -21] [6, -15, 1, 9] [-17, 7, 53, 15] [22, -22, 54, -5] [13, -30, -21, -30] [-75, 20, 12, -32]
[-87, 18, -40, -26] [2, -34, -32, -6] [-4, 9, 38, 26] [-19, 15, -56, 48] [11, 27, 7, -55] [36, 10, -56, 4] [1, 4, 21, 55]
[-28, -13, 42, -32] [27, 19, -5, 28] [-30, -46, -34, 38] [64, -44, 22, -10] [-6, -17, -24, -30] [-13, 8, -55, -28] [66, 37, 33, 26]
[14, 36, -10, 43] [-17, -8, -19, 19] [-13, -16, -27, -11] [0, 0, 0, 0] [-12, 52, -49, -2] [-10, -32, -43, -13] [-20, 59, -19, -5]
[15, 9, -21, 30] [21, 33, -4, 40] [20, -18, 36, 25] [0, -57, 51, -11] [3, 20, 5, -10] [9, 36, 17, 11] [-15, -33, -22, -8]
[10, -42, -18, 3] [7, 15, 12, -13] [23, -10, 30, 38] [-44, -29, 46, -20] [-49, -28, 17, -54] [-29, 50, 35, 15] [-7, 49, 33, 31]
[33, 12, -20, -14] [-12, -2, 33, -79] [33, 24, 5, -19] [1, -3, -13, -16] [73, 38, 17, -31] [-13, 41, -2, 2] [28, -31, 19, -19]
------------------------------
ALIVE
Head: (1 39)
Body: (1 39) (1 38) (1 37) (1 36) (1 35) (1 34) (2 34) (3 34) (4 34) (4 35) (5 35) (5 36) (4 36) (4 37) (5 37) 
Length: 15, 4
Vision: 3
Hungry, suplies: 7/10
Reproductive: 16, mutating: 0.25
Generation: 64958
####################################
Wall (up, right, down, left):
[-6, -2, -8, -14] [1, 9, -3, -26] [-21, -18, -1, -15] [6, 13, 25, 4] [-2, 23, 40, 2] [7, -10, -27, -15] [10, -15, -8, -9]
[-42, -4, 24, -6] [40, 25, -2, -1] [-49, 16, 11, -2] [-40, 7, 26, 9] [28, 34, 11, 10] [-28, -17, -5, -25] [-14, -4, 7, -1]
[-10, 31, 30, 42] [-16, 35, -18, -19] [-16, -1, 62, -1] [-105, 17, 51, -5] [-36, -61, -16, 30] [-17, -24, -13, 0] [0, -23, -21, -3]
[-22, 57, -13, -29] [12, 0, 28, -42] [11, 42, 8, -136] [0, 0, 0, 0] [50, -123, 23, 19] [15, -18, -12, 4] [12, 3, 35, -2]
[-1, -43, 20, 5] [3, -6, -24, -28] [-30, -16, -27, -41] [62, 10, -131, 40] [12, -9, -54, 58] [3, 19, -15, 12] [-11, -78, -29, 29]
[18, 28, 6, -16] [-35, 18, -2, 8] [36, -7, 24, -7] [-7, -7, -7, -6] [-12, -11, -33, -16] [-8, -28, -32, 11] [44, 14, 9, 1]
[-21, 11, 13, -19] [-1, -10, -47, -15] [16, 10, 32, 16] [-30, 18, -67, -25] [22, 4, -14, 36] [35, -11, -29, 28] [8, -2, 26, -1]
Food (up, right, down, left):
[16, 27, -31, 13] [-35, 32, 15, -21] [6, -15, 1, 9] [-17, 7, 57, 15] [22, -22, 54, -5] [13, -30, -21, -30] [-75, 20, 12, -32]
[-87, 18, -40, -26] [2, -34, -32, -6] [-4, 9, 38, 26] [-19, 15, -57, 48] [11, 27, 7, -55] [36, 10, -56, 4] [1, 4, 21, 55]
[-28, -13, 42, -32] [27, 19, -5, 28] [-30, -46, -34, 38] [64, -44, 22, -10] [-6, -17, -24, -25] [-13, 8, -55, -28] [66, 37, 33, 26]
[14, 36, -10, 43] [-17, -8, -19, 19] [-13, -16, -27, -11] [0, 0, 0, 0] [-12, 52, -49, -2] [-10, -32, -43, -13] [-20, 59, -19, -5]
[15, 9, -21, 30] [21, 33, -4, 40] [20, -18, 36, 25] [0, -57, 51, -11] [3, 20, 5, -10] [9, 36, 16, 11] [-15, -33, -22, -8]
[10, -42, -18, 3] [7, 15, 12, -13] [23, -10, 30, 38] [-44, -29, 46, -20] [-49, -28, 17, -54] [-29, 50, 35, 20] [-7, 49, 33, 31]
[33, 12, -20, -14] [-12, -2, 33, -79] [33, 24, 5, -19] [1, -3, -13, -16] [73, 38, 17, -31] [-13, 41, -2, 2] [28, -31, 19, -19]
------------------------------
ALIVE
Head: (5 43)
Body: (5 43) (4 43) (3 43) (2 43) (2 42) (1 42) (0 42) (0 41) (0 40) 
Length: 9, 4
Vision: 3
Hungry, suplies: 7/10
Reproductive: 16, mutating: 0.25
Generation: 64957
####################################
Wall (up, right, down, left):
[-6, -2, -8, -14] [1, 9, -3, -26] [-21, -18, -1, -15] [6, 13, 25, 4] [-2, 23, 40, 2] [7, -10, -27, -15] [10, -15, -8, -9]
[-42, -4, 24, -6] [40, 25, -2, -1] [-49, 16, 11, -2] [-40, 3, 26, 9] [28, 34, 11, 10] [-28, -17, -5, -25] [-14, -4, 7, -1]
[-10, 31, 30, 42] [-16, 35, -18, -19] [-16, -1, 62, -1] [-105, 17, 51, -5] [-36, -61, -16, 30] [-17, -24, -13, 0] [0, -23, -21, -3]
[-22, 57, -13, -29] [12, 0, 28, -42] [11, 42, 8, -136] [0, 0, 0, 0] [50, -123, 23, 19] [15, -18, -12, 4] [12, 3, 35, -2]
[-1, -43, 20, 5] [3, -6, -24, -28] [-30, -16, -27, -41] [62, 10, -131, 40] [12, -9, -54, 58] [3, 19, -15, 12] [-11, -73, -29, 29]
[18, 28, 6, -16] [-38, 18, -2, 8] [36, -7, 24, -7] [-7, -7, -7, -6] [-12, -13, -33, -16] [-8, -28, -32, 11] [44, 14, 9, 1]
[-21, 11, 13, -19] [-1, -10, -47, -15] [16, 10, 32, 16] [-30, 18, -67, -25] [22, 4, -14, 36] [35, -11, -29, 28] [8, -2, 26, -1]
Food (up, right, down, left):
[16, 27, -31, 13] [-35, 32, 15, -21] [6, -15, 1, 9] [-17, 7, 57, 15] [22, -22, 54, -5] [13, -30, -21, -30] [-70, 20, 12, -32]
[-87, 18, -40, -26] [2, -34, -32, -6] [-4, 9, 38, 26] [-19, 15, -56, 48] [11, 27, 7, -55] [36, 10, -56, 4] [1, 4, 21, 55]
[-28, -13, 42, -32] [27, 19, -5, 28] [-30, -46, -34, 38] [64, -44, 22, -10] [-6, -17, -24, -25] [-13, 8, -55, -28] [66, 37, 33, 26]
[14, 36, -10, 43] [-17, -8, -19, 19] [-13, -16, -27, -11] [0, 0, 0, 0] [-12, 52, -49, -2] [-10, -32, -43, -13] [-20, 59, -19, -5]
[15, 9, -21, 30] [21, 33, -4, 40] [20, -18, 36, 25] [0, -57, 51, -11] [3, 20, 5, -10] [9, 36, 16, 11] [-15, -28, -22, -8]
[10, -42, -18, 3] [7, 15, 11, -13] [23, -10, 30, 38] [-44, -29, 46, -20] [-49, -28, 17, -54] [-29, 50, 35, 20] [-7, 49, 33, 31]
[33, 12, -20, -14] [-12, -2, 33, -79] [33, 24, 5, -19] [1, -3, -13, -16] [73, 38, 17, -31] [-13, 41, -2, 2] [28, -31, 19, -19]
------------------------------
ALIVE
Head: (12 46)
Body: (12 46) (12 45) (12 44) (11 44) (11 43) (12 43) (13 43) (14 43) (15 43) (16 43) (17 43) (17 44) 
Length: 12, 4
Vision: 3
Hungry, suplies: 9/10
Reproductive: 16, mutating: 0.25
Generation: 64964
####################################
Wall (up, right, down, left):
[-6, -2, -8, -14] [1, 9, -3, -26] [-21, -18, -1, -15] [6, 13, 25, 4] [-2, 23, 40, 2] [7, -10, -27, -15] [10, -15, -8, -9]
[-42, -4, 24, -6] [40, 25, -2, -1] [-49, 16, 11, -2] [-40, 3, 26, 9] [28, 34, 11, 10] [-28, -17, -5, -25] [-14, -4, 7, -1]
[-10, 31, 30, 42] [-16, 35, -18, -19] [-16, -1, 62, -1] [-105, 17, 51, -5] [-36, -61, -16, 30] [-17, -24, -13, 0] [0, -23, -21, -3]
[-22, 57, -13, -29] [12, 0, 28, -42] [11, 42, 8, -136] [0, 0, 0, 0] [50, -123, 23, 19] [15, -18, -12, 4] [12, 3, 35, -2]
[-1, -43, 20, 5] [3, -6, -24, -28] [-30, -16, -27, -41] [62, 10, -131, 40] [12, -9, -54, 58] [3, 19, -15, 12] [-11, -78, -29, 29]
[18, 28, 6, -16] [-35, 18, -2, 8] [36, -7, 24, -7] [-7, -7, -7, -6] [-12, -11, -33, -16] [-8, -28, -32, 11] [44, 14, 9, 1]
[-21, 11, 13, -19] [-1, -10, -47, -15] [16, 10, 32, 16] [-30, 18, -67, -25] [22, 4, -14, 36] [35, -11, -29, 28] [8, -2, 26, -1]
Food (up, right, down, left):
[16, 27, -31, 13] [-35, 32, 15, -21] [6, -15, 1, 9] [-17, 7, 57, 15] [22, -22, 54, -5] [13, -30, -21, -30] [-75, 20, 12, -32]
[-87, 18, -40, -26] [2, -34, -32, -6] [-4, 9, 38, 26] [-19, 15, -56, 48] [11, 27, 7, -55] [36, 10, -56, 4] [1, 4, 21, 55]
[-28, -13, 42, -32] [27, 19, -5, 28] [-30, -46, -34, 38] [64, -44, 22, -10] [-6, -17, -24, -25] [-13, 8, -55, -28] [66, 37, 33, 26]
[14, 36, -10, 43] [-17, -8, -19, 19] [-13, -16, -27, -11] [0, 0, 0, 0] [-12, 52, -49, -2] [-10, -32, -43, -13] [-20, 59, -19, -5]
[15, 9, -21, 30] [21, 33, -4, 40] [20, -18, 36, 25] [0, -57, 51, -11] [3, 20, 5, -10] [9, 36, 16, 11] [-15, -33, -22, -8]
[10, -42, -18, 3] [7, 15, 12, -13] [23, -10, 30, 38] [-44, -29, 46, -20] [-49, -28, 17, -54] [-29, 50, 35, 20] [-7, 49, 33, 31]
[33, 12, -20, -14] [-12, -2, 33, -79] [33, 24, 5, -19] [1, -3, -13, -16] [73, 38, 17, -31] [-13, 41, -2, 2] [28, -31, 19, -19]
------------------------------
ALIVE
Head: (8 44)
Body: (8 44) (9 44) (10 44) (10 43) (10 42) (11 42) (12 42) (13 42) (14 42) (15 42) (15 41) (14 41) 
Length: 12, 4
Vision: 3
Hungry, suplies: 3/10
Reproductive: 16, mutating: 0.25
Generation: 64958
####################################
Wall (up, right, down, left):
[-6, -2, -8, -14] [1, 9, -3, -21] [-21, -18, -1, -15] [6, 13, 25, 4] [-2, 23, 40, 2] [7, -10, -27, -15] [10, -15, -8, -9]
[-42, -4, 24, -6] [40, 25, -2, -1] [-49, 16, 11, -2] [-40, 3, 26, 9] [28, 34, 11, 10] [-28, -17, -5, -25] [-14, -4, 7, -1]
[-10, 31, 30, 42] [-16, 35, -18, -19] [-16, -1, 62, -1] [-105, 17, 51, -5] [-41, -61, -16, 30] [-17, -24, -13, 0] [0, -23, -21, -3]
[-22, 57, -13, -29] [12, 0, 28, -42] [11, 42, 8, -136] [0, 0, 0, 0] [50, -123, 23, 18] [15, -18, -12, 4] [12, 3, 35, -2]
[-1, -43, 20, 5] [3, -6, -24, -28] [-30, -16, -27, -41] [62, 10, -131, 40] [12, -9, -54, 58] [3, 19, -15, 7] [-11, -78, -29, 29]
[18, 28, 6, -16] [-35, 18, -2, 8] [36, -7, 24, -7] [-7, -7, -7, -6] [-12, -11, -33, -15] [-8, -28, -32, 11] [44, 18, 9, 1]
[-21, 11, 13, -19] [-1, -10, -47, -15] [16, 10, 32, 16] [-30, 18, -67, -25] [22, 3, -14, 36] [35, -11, -29, 28] [8, -2, 26, -1]
Food (up, right, down, left):
[16, 27, -31, 13] [-35, 30, 15, -21] [6, -15, 1, 9] [-17, 7, 57, 15] [22, -22, 54, -5] [13, -30, -21, -30] [-75, 20, 12, -32]
[-87, 18, -40, -26] [2, -34, -32, -6] [-4, 9, 38, 26] [-19, 15, -56, 48] [11, 27, 7, -55] [36, 10, -56, 4] [1, 4, 21, 55]
[-28, -13, 42, -32] [27, 19, -5, 28] [-30, -46, -34, 38] [64, -44, 22, -10] [-6, -17, -24, -30] [-13, 8, -55, -28] [66, 37, 33, 26]
[14, 36, -10, 43] [-17, -8, -19, 19] [-13, -16, -27, -11] [0, 0, 0, 0] [-12, 52, -49, 3] [-10, -32, -43, -13] [-20, 59, -19, -5]
[15, 9, -21, 30] [21, 33, -4, 40] [20, -18, 36, 25] [0, -57, 51, -11] [3, 20, 5, -10] [9, 36, 17, 11] [-15, -33, -22, -8]
[10, -42, -18, 3] [7, 15, 12, -13] [23, -10, 30, 38] [-44, -29, 46, -20] [-48, -28, 17, -54] [-29, 50, 35, 20] [-3, 49, 33, 31]
[33, 12, -20, -14] [-12, -2, 33, -79] [33, 24, 5, -19] [1, -3, -13, -16] [73, 38, 17, -31] [-13, 41, -2, 2] [28, -31, 19, -19]
------------------------------
ALIVE
Head: (15 0)
Body: (15 0) (16 0) (16 1) (16 2) (17 2) (18 2) (19 2) (20 2) (20 1) (20 57) (20 56) (20 55) 
Length: 12, 4
Vision: 3
Hungry, suplies: 9/10
Reproductive: 16, mutating: 0.25
Generation: 64955
####################################
Wall (up, right, down, left):
[-6, -2, -8, -14] [1, 9, -3, -21] [-21, -18, -1, -15] [6, 13, 25, 4] [-2, 23, 40, 2] [7, -10, -27, -15] [10, -15, -8, -9]
[-42, -4, 19, -2] [40, 25, -2, -1] [-49, 16, 11, -2] [-40, 3, 30, 9] [28, 31, 11, 9] [-28, -17, -5, -25] [-14, -4, 7, -1]
[-10, 31, 30, 42] [-16, 35, -22, -19] [-16, -1, 62, -1] [-105, 17, 51, -5] [-41, -61, -20, 30] [-17, -24, -13, 0] [3, -23, -21, -3]
[-22, 57, -13, -29] [12, 0, 28, -42] [11, 42, 8, -136] [0, 0, 0, 0] [50, -123, 23, 18] [15, -18, -12, 4] [12, 3, 35, -2]
[-1, -43, 20, 5] [3, -6, -24, -28] [-30, -16, -27, -41] [62, 10, -131, 40] [12, -9, -54, 58] [3, 19, -15, 4] [-11, -78, -29, 29]
[18, 28, 6, -12] [-35, 18, -2, 8] [36, -7, 24, -9] [-7, -7, -7, -6] [-12, -11, -33, -20] [-8, -28, -32, 11] [44, 14, 9, 1]
[-21, 11, 13, -19] [-1, -10, -47, -15] [16, 10, 32, 16] [-30, 18, -67, -25] [22, 4, -14, 36] [35, -11, -29, 28] [8, -2, 26, -1]
Food (up, right, down, left):
[16, 27, -31, 13] [-35, 30, 15, -21] [6, -15, 1, 9] [-18, 7, 57, 15] [22, -22, 54, -5] [13, -30, -21, -30] [-75, 20, 12, -32]
[-90, 18, -45, -26] [2, -34, -32, -6] [-4, 9, 38, 26] [-19, 15, -53, 48] [11, 27, 15, -55] [36, 10, -56, 4] [1, 4, 21, 55]
[-28, -13, 42, -32] [27, 19, -5, 29] [-30, -46, -34, 38] [64, -44, 22, -10] [-6, -17, -24, -32] [-13, 8, -55, -28] [66, 37, 37, 26]
[14, 36, -10, 43] [-17, -8, -19, 19] [-13, -16, -27, -11] [0, 0, 0, 0] [-12, 52, -49, 3] [-10, -32, -43, -13] [-20, 59, -19, -5]
[15, 9, -21, 30] [21, 33, -4, 40] [20, -18, 36, 25] [0, -57, 51, -11] [3, 20, 5, -10] [9, 36, 14, 11] [-15, -33, -26, -8]
[10, -39, -18, 3] [7, 15, 12, -13] [23, -10, 30, 42] [-44, -29, 46, -20] [-53, -28, 17, -54] [-29, 50, 35, 20] [-7, 49, 33, 31]
[33, 12, -20, -14] [-12, -2, 33, -79] [33, 24, 5, -19] [1, -3, -13, -16] [73, 38, 17, -31] [-13, 41, -2, 2] [28, -31, 19, -19]
------------------------------
ALIVE
Head: (14 53)
Body: (14 53) (14 52) (14 51) (14 50) (14 49) (14 48) (13 48) (12 48) (11 48) (11 47) (10 47) (10 48) (10 49) 
Length: 13, 4
Vision: 3
Hungry, suplies: 8/10
Reproductive: 16, mutating: 0.25
Generation: 64960
####################################
Wall (up, right, down, left):
[-6, -2, -8, -14] [1, 9, -3, -26] [-21, -18, -1, -15] [6, 13, 25, 4] [-2, 23, 40, 2] [7, -10, -27, -15] [10, -15, -8, -9]
[-42, -4, 24, -6] [40, 25, -2, -1] [-49, 16, 11, -2] [-40, 3, 26, 9] [28, 34, 11, 10] [-28, -17, -5, -25] [-14, -4, 7, -1]
[-10, 31, 30, 42] [-16, 35, -18, -19] [-16, -1, 62, -1] [-105, 17, 51, -5] [-36, -61, -16, 30] [-17, -24, -13, 0] [0, -23, -21, -3]
[-22, 57, -13, -29] [12, 0, 28, -42] [11, 42, 8, -136] [0, 0, 0, 0] [50, -123, 23, 19] [15, -18, -12, 4] [12, 3, 35, -2]
[-1, -43, 20, 5] [3, -6, -24, -28] [-30, -16, -27, -41] [62, 10, -131, 40] [12, -9, -54, 58] [3, 19, -15, 12] [-11, -73, -29, 29]
[18, 28, 6, -16] [-35, 18, -2, 8] [36, -7, 24, -7] [-7, -7, -7, -6] [-12, -13, -33, -16] [-8, -28, -32, 11] [44, 14, 9, 1]
[-21, 11, 13, -19] [-1, -10, -47, -15] [16, 10, 32, 16] [-30, 18, -67, -25] [22, 4, -14, 36] [35, -11, -29, 28] [8, -2, 26, -1]
Food (up, right, down, left):
[16, 27, -31, 13] [-35, 32, 15, -21] [6, -15, 1, 9] [-17, 7, 57, 15] [22, -22, 54, -5] [13, -30, -21, -30] [-75, 20, 12, -32]
[-87, 18, -40, -26] [2, -34, -32, -6] [-4, 9, 38, 26] [-19, 15, -56, 48] [11, 27, 7, -55] [36, 10, -56, 4] [1, 4, 21, 55]
[-28, -13, 42, -32] [27, 19, -5, 28] [-30, -46, -34, 38] [64, -44, 22, -10] [-6, -17, -24, -25] [-13, 8, -55, -28] [66, 37, 33, 26]
[14, 36, -10, 43] [-17, -8, -19, 19] [-13, -16, -27, -11] [0, 0, 0, 0] [-12, 52, -49, -2] [-10, -32, -43, -13] [-20, 59, -19, -5]
[15, 9, -21, 30] [21, 33, -4, 40] [20, -18, 36, 25] [0, -57, 51, -11] [3, 20, 5, -10] [9, 36, 16, 11] [-15, -28, -22, -8]
[10, -42, -18, 3] [7, 15, 12, -13] [23, -10, 30, 38] [-44, -29, 46, -20] [-49, -28, 17, -54] [-29, 50, 35, 20] [-7, 49, 33, 31]
[33, 12, -20, -14] [-12, -2, 33, -79] [33, 24, 5, -19] [1, -3, -13, -16] [73, 38, 17, -31] [-13, 41, -2, 2] [28, -31, 19, -19]
------------------------------
ALIVE
Head: (16 40)
Body: (16 40) (16 39) (16 38) (16 37) (17 37) (17 36) (17 35) (16 35) (15 35) (14 35) 
Length: 10, 4
Vision: 3
Hungry, suplies: 10/10
Reproductive: 16, mutating: 0.25
Generation: 64963
####################################
Wall (up, right, down, left):
[-6, -2, -8, -14] [1, 9, -3, -26] [-21, -18, -1, -15] [6, 13, 25, 4] [-2, 23, 40, 2] [7, -10, -27, -15] [10, -15, -8, -9]
[-42, -4, 24, -6] [40, 25, -2, -1] [-49, 16, 11, -2] [-40, 3, 26, 9] [28, 34, 11, 10] [-28, -17, -5, -25] [-14, -4, 7, -1]
[-10, 31, 30, 42] [-16, 35, -18, -19] [-16, -1, 62, -1] [-105, 17, 51, -5] [-36, -61, -16, 30] [-17, -24, -13, 0] [0, -23, -21, -3]
[-22, 57, -13, -29] [12, 0, 28, -42] [11, 42, 8, -136] [0, 0, 0, 0] [50, -123, 23, 19] [15, -18, -12, 4] [12, 3, 35, -2]
[-1, -43, 20, 5] [3, -6, -24, -28] [-30, -16, -27, -41] [62, 10, -131, 40] [12, -9, -54, 58] [3, 19, -15, 12] [-11, -73, -29, 29]
[18, 28, 6, -16] [-35, 18, -2, 8] [36, -7, 24, -7] [-7, -7, -7, -6] [-12, -13, -33, -16] [-8, -28, -32, 11] [44, 14, 9, 1]
[-21, 11, 13, -19] [-1, -11, -47, -15] [16, 10, 32, 16] [-30, 18, -67, -25] [22, 4, -14, 36] [35, -11, -29, 28] [8, -2, 26, -1]
Food (up, right, down, left):
[16, 27, -31, 13] [-35, 32, 15, -21] [6, -15, 1, 9] [-17, 7, 57, 15] [22, -22, 54, -5] [13, -30, -21, -30] [-70, 20, 12, -32]
[-87, 18, -40, -26] [2, -34, -32, -6] [-4, 9, 38, 26] [-19, 15, -56, 48] [11, 27, 7, -55] [36, 10, -56, 4] [1, 4, 21, 55]
[-28, -13, 42, -32] [27, 19, -5, 28] [-30, -46, -34, 38] [64, -44, 22, -10] [-6, -17, -24, -25] [-13, 8, -55, -28] [66, 37, 33, 26]
[14, 36, -10, 43] [-17, -8, -19, 19] [-13, -16, -27, -11] [0, 0, 0, 0] [-12, 52, -49, -2] [-10, -32, -43, -13] [-20, 59, -19, -5]
[15, 9, -21, 30] [21, 33, -4, 40] [20, -18, 36, 25] [0, -57, 51, -11] [3, 20, 5, -10] [9, 36, 16, 11] [-15, -28, -22, -8]
[10, -42, -18, 3] [7, 15, 12, -13] [23, -10, 30, 38] [-44, -29, 46, -20] [-49, -28, 17, -54] [-29, 50, 35, 20] [-7, 49, 33, 31]
[33, 12, -20, -14] [-7, -2, 33, -79] [33, 24, 5, -19] [1, -3, -13, -16] [73, 38, 17, -31] [-13, 41, -2, 2] [28, -31, 19, -19]
------------------------------
ALIVE
Head: (19 53)
Body: (19 53) (18 53) (17 53) (17 52) (16 52) (16 51) (16 50) 
Length: 7, 4
Vision: 3
Hungry, suplies: 6/10
Reproductive: 16, mutating: 0.25
Generation: 64963
####################################
Wall (up, right, down, left):
[-6, -2, -8, -14] [1, 9, -3, -26] [-21, -18, -1, -15] [6, 13, 25, 4] [-2, 23, 40, 2] [7, -10, -27, -15] [10, -15, -8, -9]
[-42, -4, 24, -6] [40, 25, -2, -1] [-49, 16, 11, -2] [-40, 3, 26, 9] [28, 34, 11, 10] [-28, -17, -5, -25] [-14, -7, 7, -1]
[-10, 31, 30, 42] [-16, 35, -18, -19] [-16, -1, 62, -1] [-105, 17, 51, -5] [-36, -61, -16, 30] [-17, -24, -13, 0] [0, -23, -21, -3]
[-22, 57, -13, -29] [12, 0, 28, -42] [11, 42, 8, -136] [0, 0, 0, 0] [50, -123, 23, 19] [15, -18, -12, 4] [12, 3, 35, -2]
[-1, -43, 20, 5] [3, -6, -24, -28] [-30, -16, -27, -41] [62, 10, -131, 40] [12, -9, -54, 58] [3, 19, -15, 12] [-11, -78, -29, 29]
[18, 28, 6, -16] [-35, 18, -2, 8] [36, -7, 24, -7] [-7, -7, -7, -6] [-12, -11, -33, -16] [-8, -28, -32, 11] [44, 14, 9, 1]
[-21, 11, 13, -19] [-1, -10, -47, -15] [16, 10, 32, 16] [-30, 18, -67, -25] [22, 4, -12, 36] [35, -11, -29, 28] [8, -2, 26, -1]
Food (up, right, down, left):
[16, 27, -31, 13] [-35, 32, 15, -21] [6, -15, 1, 9] [-17, 7, 57, 15] [22, -22, 54, -5] [13, -30, -21, -30] [-75, 20, 12, -32]
[-87, 18, -40, -26] [2, -34, -32, -6] [-4, 9, 38, 26] [-19, 15, -56, 48] [11, 27, 7, -55] [36, 10, -56, 4] [1, 4, 21, 55]
[-28, -13, 42, -32] [27, 19, -5, 28] [-30, -46, -34, 38] [64, -44, 22, -10] [-6, -17, -24, -25] [-13, 8, -55, -28] [66, 37, 33, 26]
[14, 36, -10, 43] [-17, -8, -19, 19] [-13, -16, -27, -11] [0, 0, 0, 0] [-12, 52, -49, -2] [-10, -32, -43, -13] [-20, 59, -19, -5]
[15, 9, -21, 30] [21, 33, -4, 40] [20, -18, 36, 25] [0, -57, 51, -11] [3, 20, 5, -10] [9, 36, 16, 11] [-15, -33, -22, -8]
[10, -42, -18, 3] [7, 15, 12, -13] [23, -10, 30, 38] [-44, -29, 46, -20] [-49, -28, 17, -54] [-29, 50, 35, 20] [-7, 49, 33, 31]
[33, 12, -20, -14] [-12, -2, 33, -79] [33, 24, 5, -19] [1, -3, -13, -16] [77, 38, 17, -31] [-13, 41, -2, 2] [28, -31, 19, -19]
------------------------------
ALIVE
Head: (22 4)
Body: (22 4) (22 3) (22 2) (22 1) (22 0) (23 0) (24 0) (24 1) (-1 2) (0 2) (0 3) (0 4) 
Length: 12, 4
Vision: 3
Hungry, suplies: 4/10
Reproductive: 16, mutating: 0.25
Generation: 64960
####################################
Wall (up, right, down, left):
[-6, -2, -8, -14] [1, 9, -3, -26] [-21, -18, -1, -15] [6, 13, 25, 4] [-2, 23, 40, 2] [7, -10, -27, -15] [10, -15, -8, -9]
[-42, -4, 24, -6] [40, 25, -2, -1] [-49, 16, 11, -2] [-40, 3, 26, 9] [28, 34, 11, 10] [-28, -17, -5, -25] [-14, -4, 7, -1]
[-10, 31, 30, 42] [-16, 35, -18, -19] [-16, -1, 62, -1] [-105, 17, 51, -5] [-36, -61, -16, 30] [-17, -24, -13, 0] [0, -23, -21, -3]
[-22, 57, -13, -29] [12, 0, 28, -42] [11, 42, 8, -136] [0, 0, 0, 0] [50, -123, 23, 19] [15, -18, -12, 4] [12, 3, 35, -2]
[-1, -43, 20, 5] [3, -6, -24, -28] [-30, -16, -27, -41] [62, 10, -131, 40] [12, -9, -54, 58] [0, 19, -15, 12] [-11, -78, -29, 29]
[18, 28, 6, -16] [-35, 18, -2, 8] [36, -7, 24, -7] [-7, -7, -7, -6] [-12, -11, -33, -16] [-8, -28, -32, 11] [44, 14, 9, 1]
[-21, 11, 13, -19] [-1, -10, -47, -15] [16, 10, 32, 16] [-30, 18, -67, -25] [22, 4, -12, 36] [35, -11, -29, 28] [8, -2, 26, -1]
Food (up, right, down, left):
[16, 27, -31, 13] [-35, 32, 15, -21] [6, -15, 1, 9] [-17, 7, 57, 15] [22, -22, 54, -5] [13, -30, -21, -30] [-75, 20, 12, -32]
[-87, 18, -40, -26] [2, -34, -32, -6] [-4, 9, 38, 26] [-19, 15, -56, 48] [11, 27, 7, -55] [36, 10, -56, 4] [1, 4, 21, 55]
[-28, -13, 42, -32] [27, 19, -5, 28] [-30, -46, -34, 38] [64, -44, 22, -10] [-6, -17, -24, -25] [-13, 8, -55, -28] [66, 37, 33, 26]
[14, 36, -10, 43] [-17, -8, -19, 19] [-13, -16, -27, -11] [0, 0, 0, 0] [-12, 52, -49, -2] [-10, -32, -43, -13] [-20, 59, -19, -5]
[15, 9, -21, 30] [21, 33, -4, 40] [20, -18, 36, 25] [0, -57, 51, -11] [3, 20, 5, -10] [9, 38, 16, 11] [-15, -33, -22, -8]
[10, -42, -18, 3] [7, 15, 12, -13] [23, -10, 30, 38] [-44, -29, 46, -20] [-49, -28, 17, -54] [-29, 50, 35, 20] [-7, 49, 33, 31]
[33, 12, -20, -14] [-12, -2, 33, -79] [33, 24, 5, -19] [1, -3, -13, -16] [77, 38, 17, -31] [-13, 41, -2, 2] [28, -31, 19, -19]
------------------------------
ALIVE
Head: (9 18)
Body: (9 18) (8 18) (8 17) (8 16) (8 15) (8 14) (8 13) (8 12) (8 11) (8 10) 
Length: 10, 4
Vision: 3
Hungry, suplies: 7/10
Reproductive: 16, mutating: 0.25
Generation: 64959
####################################
Wall (up, right, down, left):
[-6, -2, -8, -14] [1, 9, -3, -21] [-21, -18, -1, -15] [6, 13, 25, 4] [-2, 23, 40, 2] [7, -10, -27, -15] [10, -15, -8, -9]
[-42, -4, 19, -2] [40, 25, -2, -1] [-49, 16, 11, -2] [-40, 3, 30, 9] [28, 31, 11, 9] [-28, -17, -5, -25] [-14, -4, 7, -1]
[-10, 31, 30, 42] [-16, 35, -22, -19] [-16, -1, 62, -1] [-105, 17, 51, -5] [-41, -61, -20, 30] [-17, -24, -13, 0] [0, -23, -21, -3]
[-22, 57, -13, -29] [12, 0, 28, -42] [11, 42, 8, -136] [0, 0, 0, 0] [50, -123, 23, 18] [15, -18, -12, 4] [12, 3, 35, -2]
[-1, -43, 20, 5] [3, -6, -24, -30] [-30, -16, -27, -41] [62, 10, -131, 40] [12, -9, -54, 58] [3, 19, -15, 4] [-11, -78, -29, 29]
[18, 28, 6, -12] [-35, 18, -2, 8] [36, -7, 24, -9] [-7, -7, -7, -6] [-12, -11, -33, -20] [-8, -28, -32, 11] [44, 14, 9, 1]
[-21, 11, 13, -19] [-1, -10, -47, -15] [16, 10, 32, 16] [-30, 18, -67, -25] [22, 4, -14, 36] [35, -11, -29, 28] [8, -2, 26, -1]
Food (up, right, down, left):
[16, 27, -31, 13] [-35, 30, 15, -21] [6, -15, 1, 9] [-18, 7, 57, 15] [22, -22, 54, -5] [13, -30, -21, -30] [-75, 20, 12, -32]
[-90, 18, -45, -26] [2, -34, -32, -6] [-4, 9, 38, 26] [-19, 15, -53, 48] [11, 27, 15, -55] [36, 10, -56, 4] [1, 4, 21, 55]
[-28, -13, 42, -32] [27, 19, -5, 29] [-30, -46, -34, 38] [64, -44, 22, -10] [-6, -17, -24, -32] [-13, 8, -55, -28] [66, 37, 33, 26]
[14, 36, -10, 43] [-17, -8, -19, 19] [-13, -16, -27, -11] [0, 0, 0, 0] [-12, 52, -49, 3] [-10, -32, -43, -13] [-20, 59, -19, -5]
[15, 9, -21, 30] [25, 33, -4, 40] [20, -18, 36, 25] [0, -57, 51, -11] [3, 20, 5, -10] [9, 36, 14, 11] [-15, -33, -26, -8]
[10, -39, -18, 3] [7, 15, 12, -13] [23, -10, 30, 42] [-44, -29, 46, -20] [-53, -28, 17, -54] [-29, 50, 35, 20] [-7, 49, 33, 31]
[33, 12, -20, -14] [-12, -2, 33, -79] [33, 24, 5, -19] [1, -3, -13, -16] [73, 38, 17, -31] [-13, 41, -2, 2] [28, -31, 19, -19]
------------------------------
ALIVE
Head: (17 13)
Body: (17 13) (17 12) (17 11) (17 10) (16 10) (16 9) (15 9) (15 8) (15 7) (14 7) (13 7) (12 7) 
Length: 12, 4
Vision: 3
Hungry, suplies: 7/10
Reproductive: 16, mutating: 0.25
Generation: 64962
####################################
Wall (up, right, down, left):
[-6, -2, -8, -14] [1, 9, -3, -26] [-21, -18, -1, -15] [6, 13, 25, 4] [-2, 23, 40, 2] [7, -10, -27, -15] [10, -15, -8, -9]
[-42, -4, 24, -6] [40, 25, -2, -1] [-49, 16, 11, -2] [-40, 3, 26, 9] [28, 34, 11, 10] [-28, -17, -5, -25] [-14, -4, 7, -1]
[-10, 31, 30, 42] [-16, 35, -18, -19] [-16, -1, 62, -1] [-105, 17, 51, -5] [-36, -61, -16, 30] [-17, -24, -13, 0] [0, -23, -21, -3]
[-22, 57, -13, -29] [12, 0, 28, -42] [11, 42, 8, -136] [0, 0, 0, 0] [50, -123, 23, 19] [15, -18, -12, 4] [12, 3, 35, -2]
[3, -43, 20, 5] [3, -6, -24, -28] [-30, -16, -27, -41] [62, 10, -131, 40] [12, -9, -54, 58] [3, 19, -15, 12] [-11, -73, -29, 29]
[18, 28, 6, -16] [-35, 18, -2, 8] [36, -7, 24, -7] [-7, -7, -7, -6] [-12, -11, -33, -16] [-8, -28, -32, 11] [44, 14, 9, 1]
[-21, 11, 13, -19] [-1, -10, -47, -15] [16, 10, 32, 16] [-35, 18, -67, -25] [22, 4, -14, 36] [35, -11, -29, 28] [8, -2, 26, -1]
Food (up, right, down, left):
[16, 27, -31, 13] [-35, 32, 15, -21] [6, -15, 1, 9] [-17, 7, 57, 15] [22, -22, 54, -5] [13, -30, -21, -30] [-75, 20, 12, -32]
[-87, 18, -40, -26] [2, -34, -32, -6] [-4, 9, 38, 26] [-19, 15, -56, 48] [11, 27, 7, -55] [36, 10, -56, 4] [1, 4, 21, 55]
[-28, -13, 42, -32] [27, 19, -5, 28] [-30, -46, -34, 38] [64, -44, 22, -10] [-6, -17, -24, -25] [-13, 8, -55, -28] [66, 37, 33, 26]
[14, 36, -10, 43] [-17, -8, -19, 19] [-13, -16, -27, -11] [0, 0, 0, 0] [-12, 52, -49, -2] [-10, -32, -43, -13] [-20, 59, -19, -5]
[15, 9, -17, 30] [21, 33, -4, 40] [20, -18, 36, 25] [0, -57, 51, -11] [3, 20, 5, -10] [9, 36, 16, 11] [-15, -28, -22, -8]
[10, -42, -18, 3] [7, 15, 12, -13] [23, -10, 30, 38] [-44, -29, 46, -20] [-49, -28, 17, -54] [-29, 50, 35, 20] [-7, 49, 33, 31]
[33, 12, -20, -14] [-12, -2, 33, -79] [33, 24, 5, -19] [1, -3, -10, -16] [73, 38, 17, -31] [-13, 41, -2, 2] [28, -31, 19, -19]
------------------------------
ALIVE
Head: (13 13)
Body: (13 13) (12 13) (11 13) (10 13) (10 14) (11 14) (11 15) (11 16) (12 16) (13 16) 
Length: 10, 4
Vision: 3
Hungry, suplies: 5/10
Reproductive: 16, mutating: 0.25
Generation: 64965
####################################
Wall (up, right, down, left):
[-6, -2, -8, -14] [1, 9, -3, -26] [-21, -18, -1, -15] [6, 13, 25, 4] [-2, 23, 40, 2] [7, -10, -27, -15] [10, -15, -8, -9]
[-42, -4, 24, -6] [40, 25, -2, -1] [-49, 16, 11, -2] [-40, 3, 26, 9] [28, 34, 11, 10] [-28, -17, -5, -25] [-14, -4, 7, -1]
[-10, 31, 30, 42] [-16, 35, -18, -19] [-16, -1, 62, -1] [-105, 17, 51, -5] [-36, -61, -16, 30] [-17, -24, -13, 0] [0, -23, -21, -3]
[-22, 57, -13, -29] [12, 0, 28, -42] [11, 42, 8, -136] [0, 0, 0, 0] [50, -123, 23, 19] [15, -18, -12, 4] [12, 3, 35, -2]
[-1, -43, 20, 5] [3, -6, -24, -28] [-30, -16, -27, -41] [62, 10, -131, 40] [12, -9, -54, 58] [3, 19, -15, 12] [-11, -73, -29, 29]
[18, 28, 6, -16] [-35, 18, -2, 8] [36, -7, 24, -7] [-7, -7, -7, -6] [-12, -11, -33, -16] [-8, -28, -32, 11] [44, 14, 9, 1]
[-21, 11, 13, -19] [-1, -10, -47, -15] [16, 10, 32, 16] [-35, 18, -67, -25] [22, 4, -14, 36] [35, -11, -29, 28] [8, -2, 26, -1]
Food (up, right, down, left):
[16, 27, -31, 13] [-35, 32, 15, -21] [6, -15, 1, 9] [-17, 7, 57, 15] [22, -22, 54, -5] [13, -30, -21, -30] [-75, 20, 12, -32]
[-87, 18, -40, -26] [2, -34, -32, -6] [-4, 9, 38, 26] [-19, 15, -56, 48] [11, 27, 7, -55] [36, 10, -56, 4] [1, 4, 21, 55]
[-28, -13, 42, -32] [27, 19, -5, 28] [-30, -46, -34, 38] [64, -44, 22, -10] [-6, -17, -24, -25] [-13, 8, -55, -28] [66, 37, 33, 26]
[14, 36, -10, 43] [-17, -8, -19, 19] [-13, -16, -27, -11] [0, 0, 0, 0] [-12, 52, -49, -2] [-10, -32, -43, -13] [-20, 59, -19, -5]
[15, 9, -21, 30] [21, 33, -4, 40] [20, -18, 36, 25] [0, -57, 51, -11] [3, 20, 5, -10] [9, 36, 16, 11] [-15, -28, -22, -8]
[10, -42, -18, 3] [7, 15, 12, -13] [23, -10, 30, 38] [-44, -29, 46, -20] [-49, -28, 17, -54] [-29, 50, 35, 20] [-7, 49, 33, 31]
[33, 12, -20, -14] [-12, -2, 33, -79] [33, 24, 5, -19] [1, -3, -10, -16] [73, 38, 17, -31] [-13, 41, -2, 2] [28, -31, 19, -19]
------------------------------
ALIVE
Head: (19 14)
Body: (19 14) (18 14) (18 13) (18 12) (19 12) (19 13) (20 13) (21 13) (22 13) (22 14) 
Length: 10, 4
Vision: 3
Hungry, suplies: 8/10
Reproductive: 16, mutating: 0.25
Generation: 64964
####################################
Wall (up, right, down, left):
[-6, -2, -8, -14] [1, 9, -3, -26] [-21, -18, -1, -15] [6, 13, 25, 4] [-7, 23, 40, 2] [7, -10, -27, -15] [10, -15, -8, -9]
[-42, -4, 24, -6] [40, 25, -2, -1] [-49, 16, 11, -2] [-40, 3, 26, 9] [28, 34, 11, 10] [-28, -17, -5, -25] [-14, -4, 7, -1]
[-10, 31, 30, 42] [-16, 35, -18, -19] [-16, -1, 62, -1] [-105, 17, 51, -5] [-36, -61, -16, 30] [-17, -24, -13, 0] [0, -23, -21, -3]
[-22, 57, -13, -29] [12, 0, 28, -42] [11, 42, 8, -136] [0, 0, 0, 0] [50, -123, 23, 19] [15, -18, -12, 4] [12, 3, 35, -2]
[-1, -43, 20, 5] [3, -6, -24, -28] [-30, -16, -27, -41] [62, 10, -131, 40] [12, -9, -54, 58] [3, 19, -15, 12] [-11, -78, -29, 29]
[18, 28, 6, -16] [-35, 18, -2, 8] [36, -7, 24, -7] [-7, -7, -7, -6] [-12, -11, -33, -16] [-8, -28, -32, 11] [44, 14, 9, 1]
[-21, 11, 13, -19] [-1, -10, -47, -15] [16, 10, 32, 16] [-30, 18, -67, -25] [22, 4, -14, 36] [35, -11, -29, 28] [8, -2, 26, -1]
Food (up, right, down, left):
[16, 27, -31, 13] [-35, 32, 15, -21] [6, -15, 1, 9] [-17, 7, 57, 15] [25, -22, 54, -5] [13, -30, -21, -30] [-75, 20, 12, -32]
[-87, 18, -40, -26] [2, -34, -32, -6] [-4, 9, 38, 26] [-19, 15, -56, 48] [11, 27, 7, -55] [36, 10, -56, 4] [1, 4, 21, 55]
[-28, -13, 42, -32] [27, 19, -5, 28] [-30, -46, -34, 38] [64, -44, 22, -10] [-6, -17, -24, -25] [-13, 8, -55, -28] [66, 37, 33, 26]
[14, 36, -10, 43] [-17, -8, -19, 19] [-13, -16, -27, -11] [0, 0, 0, 0] [-12, 52, -49, -2] [-10, -32, -43, -13] [-20, 59, -19, -5]
[15, 9, -21, 30] [21, 33, -4, 40] [20, -18, 36, 25] [0, -57, 51, -11] [3, 20, 5, -10] [9, 36, 16, 11] [-15, -33, -22, -8]
[10, -42, -18, 3] [7, 15, 12, -13] [23, -10, 30, 38] [-44, -29, 46, -20] [-49, -28, 17, -54] [-29, 50, 35, 20] [-7, 49, 33, 31]
[33, 12, -20, -14] [-12, -2, 33, -79] [33, 24, 5, -19] [1, -3, -13, -16] [73, 38, 17, -31] [-13, 41, -2, 2] [28, -31, 19, -19]
------------------------------
ALIVE
Head: (15 32)
Body: (15 32) (15 31) (16 31) (17 31) (18 31) (18 30) (19 30) (19 29) (20 29) (21 29) (22 29) (23 29) (24 29) (24 28) 
Length: 14, 4
Vision: 3
Hungry, suplies: 10/10
Reproductive: 16, mutating: 0.25
Generation: 64958
####################################
Wall (up, right, down, left):
[-6, -2, -8, -14] [1, 9, -3, -21] [-21, -18, -1, -15] [6, 13, 25, 4] [-2, 23, 40, 2] [7, -10, -27, -15] [10, -15, -8, -9]
[-42, -4, 19, -2] [40, 25, -2, -1] [-49, 16, 11, -2] [-40, 3, 30, 9] [28, 31, 11, 9] [-28, -17, -5, -25] [-14, -4, 7, -1]
[-10, 31, 30, 42] [-16, 35, -22, -19] [-16, -1, 62, -1] [-105, 17, 51, -5] [-41, -61, -20, 30] [-17, -24, -13, 0] [0, -23, -21, -3]
[-22, 57, -13, -29] [12, 0, 28, -42] [11, 42, 8, -136] [0, 0, 0, 0] [50, -123, 23, 18] [15, -18, -12, 4] [12, 3, 35, -2]
[-1, -43, 20, 5] [3, -6, -24, -30] [-30, -16, -27, -41] [62, 10, -131, 40] [12, -9, -54, 58] [3, 19, -15, 4] [-11, -78, -29, 29]
[18, 28, 6, -12] [-35, 18, -2, 8] [36, -7, 24, -9] [-7, -7, -7, -6] [-12, -11, -33, -20] [-8, -28, -32, 11] [44, 14, 9, 1]
[-21, 11, 13, -19] [-1, -10, -47, -15] [16, 10, 32, 16] [-30, 18, -67, -25] [22, 4, -14, 36] [35, -11, -29, 28] [8, -2, 26, -1]
Food (up, right, down, left):
[16, 27, -31, 13] [-35, 30, 15, -21] [6, -15, 1, 9] [-18, 7, 57, 15] [22, -22, 54, -5] [13, -30, -21, -30] [-75, 20, 12, -32]
[-90, 18, -45, -26] [2, -34, -32, -6] [-4, 9, 38, 26] [-19, 15, -53, 48] [11, 27, 15, -55] [36, 10, -56, 4] [1, 4, 21, 55]
[-28, -13, 42, -32] [27, 19, -5, 29] [-30, -46, -34, 38] [64, -44, 22, -10] [-6, -17, -24, -32] [-13, 8, -55, -28] [66, 37, 33, 26]
[14, 36, -10, 43] [-17, -8, -19, 19] [-13, -16, -27, -11] [0, 0, 0, 0] [-12, 52, -49, 3] [-10, -32, -43, -13] [-20, 59, -19, -5]
[15, 9, -21, 30] [25, 33, -4, 40] [20, -18, 36, 25] [0, -57, 51, -11] [3, 20, 5, -10] [9, 36, 14, 11] [-15, -33, -26, -8]
[10, -39, -18, 3] [7, 15, 12, -13] [23, -10, 30, 42] [-44, -29, 46, -20] [-53, -28, 17, -54] [-29, 50, 35, 20] [-7, 49, 33, 31]
[33, 12, -20, -14] [-12, -2, 33, -79] [33, 24, 5, -19] [1, -3, -13, -16] [73, 38, 17, -31] [-13, 41, -2, 2] [28, -31, 19, -19]
------------------------------
ALIVE
Head: (17 9)
Body: (17 9) (17 8) (18 8) (18 9) (18 10) (19 10) (19 9) (19 8) (19 7) (19 6) (19 5) (20 5) (21 5) (21 6) 
Length: 14, 4
Vision: 3
Hungry, suplies: 7/10
Reproductive: 16, mutating: 0.25
Generation: 64961
####################################
Wall (up, right, down, left):
[-6, -2, -8, -14] [1, 9, -3, -26] [-21, -18, -1, -15] [6, 16, 25, 4] [-2, 23, 40, 2] [7, -10, -27, -15] [10, -15, -8, -9]
[-42, -4, 24, -6] [40, 25, -2, -1] [-49, 16, 11, -2] [-40, 3, 26, 9] [28, 34, 11, 10] [-28, -17, -5, -25] [-14, -4, 7, -1]
[-10, 31, 30, 42] [-16, 35, -18, -19] [-16, -1, 62, -1] [-105, 17, 51, -5] [-41, -61, -16, 30] [-17, -24, -13, 0] [0, -23, -21, -3]
[-22, 57, -13, -29] [12, 0, 28, -42] [11, 42, 8, -136] [0, 0, 0, 0] [50, -123, 23, 19] [15, -18, -12, 4] [12, 3, 35, -2]
[-1, -43, 20, 5] [3, -6, -24, -28] [-30, -16, -27, -41] [62, 10, -131, 40] [12, -9, -54, 58] [3, 19, -15, 7] [-11, -78, -29, 29]
[18, 28, 6, -16] [-35, 18, -2, 8] [36, -7, 24, -7] [-7, -7, -7, -6] [-12, -11, -33, -16] [-8, -28, -30, 11] [44, 14, 9, 1]
[-21, 11, 13, -19] [-1, -10, -47, -15] [16, 10, 32, 16] [-30, 18, -67, -25] [22, 4, -14, 36] [35, -11, -29, 28] [8, -2, 26, -1]
Food (up, right, down, left):
[16, 27, -31, 13] [-35, 32, 15, -21] [6, -15, 1, 9] [-17, 7, 53, 15] [22, -22, 54, -5] [13, -30, -21, -30] [-75, 20, 12, -32]
[-87, 18, -40, -26] [2, -34, -32, -6] [-4, 9, 38, 26] [-19, 15, -56, 48] [11, 27, 7, -55] [36, 10, -56, 4] [1, 4, 21, 55]
[-28, -13, 42, -32] [27, 19, -5, 28] [-30, -46, -34, 38] [64, -44, 22, -10] [-6, -17, -24, -30] [-13, 8, -55, -28] [66, 37, 33, 26]
[14, 36, -10, 43] [-17, -8, -19, 19] [-13, -16, -27, -11] [0, 0, 0, 0] [-12, 52, -49, -2] [-10, -32, -43, -13] [-20, 59, -19, -5]
[15, 9, -21, 30] [21, 33, -4, 40] [20, -18, 36, 25] [0, -57, 51, -11] [3, 20, 5, -10] [9, 36, 17, 11] [-15, -33, -22, -8]
[10, -42, -18, 3] [7, 15, 12, -13] [23, -10, 30, 38] [-44, -29, 46, -20] [-49, -28, 17, -54] [-29, 50, 35, 15] [-7, 49, 33, 31]
[33, 12, -20, -14] [-12, -2, 33, -79] [33, 24, 5, -19] [1, -3, -13, -16] [73, 38, 17, -31] [-13, 41, -2, 2] [28, -31, 19, -19]
------------------------------
ALIVE
Head: (24 37)
Body: (-1 37) (0 37) (0 36) (0 35) (0 34) (0 33) (1 33) (2 33) (3 33) (3 32) (2 32) 
Length: 11, 4
Vision: 3
Hungry, suplies: 9/10
Reproductive: 16, mutating: 0.25
Generation: 64959
####################################
Wall (up, right, down, left):
[-6, -2, -8, -18] [1, 9, -3, -26] [-21, -18, -1, -15] [6, 13, 25, 4] [-2, 23, 40, 2] [7, -10, -27, -15] [10, -15, -8, -9]
[-42, -4, 24, -6] [40, 25, -2, -1] [-49, 16, 11, -2] [-40, 3, 26, 9] [28, 34, 11, 10] [-28, -17, -5, -25] [-14, -4, 7, -1]
[-10, 31, 30, 42] [-16, 35, -18, -19] [-16, -1, 62, -1] [-105, 17, 51, -5] [-36, -61, -16, 30] [-17, -24, -13, 0] [0, -23, -21, -3]
[-22, 57, -13, -29] [12, 0, 28, -42] [11, 42, 8, -136] [0, 0, 0, 0] [50, -123, 23, 19] [15, -18, -12, 4] [12, 3, 35, -2]
[-1, -43, 20, 5] [3, -6, -24, -28] [-30, -16, -27, -41] [62, 10, -131, 40] [12, -9, -54, 58] [3, 19, -15, 12] [-11, -78, -29, 29]
[18, 28, 6, -16] [-35, 18, -2, 8] [36, -7, 24, -7] [-7, -7, -7, -6] [-12, -11, -33, -16] [-8, -28, -32, 11] [44, 14, 9, 1]
[-21, 11, 13, -19] [-1, -10, -47, -15] [16, 10, 32, 16] [-30, 18, -67, -25] [22, 4, -14, 36] [35, -11, -29, 28] [8, -2, 26, -1]
Food (up, right, down, left):
[19, 27, -31, 13] [-35, 32, 15, -21] [6, -15, 1, 9] [-17, 7, 57, 15] [22, -22, 54, -5] [13, -30, -21, -30] [-75, 20, 12, -32]
[-87, 18, -40, -26] [2, -34, -32, -6] [-4, 9, 38, 26] [-19, 15, -56, 48] [11, 27, 7, -55] [36, 10, -56, 4] [1, 4, 21, 55]
[-28, -13, 42, -32] [27, 19, -5, 28] [-30, -46, -34, 38] [64, -44, 22, -10] [-6, -17, -24, -25] [-13, 8, -55, -28] [66, 37, 33, 26]
[14, 36, -10, 43] [-17, -8, -19, 19] [-13, -16, -27, -11] [0, 0, 0, 0] [-12, 52, -49, -2] [-10, -32, -43, -13] [-20, 59, -19, -5]
[15, 9, -21, 30] [21, 33, -4, 40] [20, -18, 36, 25] [0, -57, 51, -11] [3, 20, 5, -10] [9, 36, 16, 11] [-15, -33, -22, -8]
[10, -42, -18, 3] [7, 15, 12, -13] [23, -10, 30, 38] [-44, -29, 46, -20] [-49, -28, 17, -54] [-29, 50, 35, 20] [-7, 49, 33, 31]
[33, 12, -20, -14] [-12, -2, 33, -79] [33, 24, 5, -19] [1, -3, -13, -16] [73, 38, 17, -31] [-13, 41, -2, 2] [28, -31, 19, -19]
------------------------------
ALIVE
Head: (9 10)
Body: (9 10) (9 11) (9 12) (9 13) (9 14) (9 15) (10 15) (10 16) (10 17) (10 18) 
Length: 10, 4
Vision: 3
Hungry, suplies: 9/10
Reproductive: 16, mutating: 0.25
Generation: 64960
####################################
Wall (up, right, down, left):
[-6, -2, -8, -14] [1, 9, -3, -26] [-21, -18, -1, -15] [6, 13, 25, 4] [-2, 23, 40, 2] [7, -10, -27, -15] [10, -15, -8, -9]
[-42, -4, 24, -6] [40, 25, -2, -1] [-49, 16, 11, -2] [-40, 3, 26, 9] [28, 34, 11, 10] [-28, -17, -5, -25] [-14, -4, 7, -1]
[-10, 31, 30, 42] [-16, 35, -18, -19] [-16, -1, 62, -1] [-105, 17, 51, -5] [-36, -61, -16, 30] [-17, -24, -13, 0] [0, -23, -21, -3]
[-22, 57, -13, -29] [12, 0, 28, -42] [11, 42, 8, -136] [0, 0, 0, 0] [50, -123, 23, 19] [15, -18, -12, 4] [12, 3, 35, -2]
[-1, -43, 20, 5] [3, -6, -24, -28] [-30, -16, -27, -41] [62, 10, -131, 40] [12, -9, -54, 58] [3, 19, -15, 12] [-11, -73, -29, 29]
[18, 28, 6, -16] [-35, 18, -2, 8] [36, -7, 24, -7] [-7, -7, -7, -6] [-12, -13, -33, -16] [-8, -28, -32, 11] [44, 14, 9, 1]
[-21, 11, 13, -19] [-1, -10, -47, -15] [16, 10, 32, 16] [-30, 18, -67, -25] [22, 4, -14, 36] [35, -11, -29, 28] [8, -2, 26, -1]
Food (up, right, down, left):
[16, 27, -31, 13] [-35, 32, 15, -21] [6, -15, 1, 9] [-17, 7, 57, 15] [22, -22, 54, -5] [13, -30, -21, -30] [-75, 20, 12, -32]
[-87, 18, -40, -26] [2, -34, -32, -6] [-4, 9, 38, 26] [-19, 15, -56, 48] [11, 27, 7, -55] [36, 10, -56, 4] [1, 4, 21, 55]
[-28, -13, 42, -32] [27, 19, -5, 28] [-30, -46, -34, 38] [64, -44, 22, -10] [-6, -17, -24, -25] [-13, 8, -55, -28] [66, 37, 33, 26]
[14, 36, -10, 43] [-17, -8, -19, 19] [-13, -16, -27, -11] [0, 0, 0, 0] [-12, 52, -49, -2] [-10, -32, -43, -13] [-20, 59, -19, -5]
[15, 9, -21, 30] [21, 33, -4, 40] [20, -18, 36, 25] [0, -57, 51, -11] [3, 20, 5, -10] [9, 36, 16, 11] [-15, -28, -22, -8]
[10, -42, -18, 3] [7, 15, 12, -13] [23, -10, 30, 38] [-44, -29, 46, -20] [-49, -28, 17, -54] [-29, 50, 35, 20] [-7, 49, 33, 31]
[33, 12, -20, -14] [-12, -2, 33, -79] [33, 24, 5, -19] [1, -3, -13, -16] [73, 38, 17, -31] [-13, 41, -2, 2] [28, -31, 19, -19]
------------------------------
ALIVE
Head: (16 30)
Body: (16 30) (15 30) (14 30) (13 30) (12 30) (11 30) (10 30) (9 30) (9 29) (8 29) 
Length: 10, 4
Vision: 3
Hungry, suplies: 9/10
Reproductive: 16, mutating: 0.25
Generation: 64964
####################################
Wall (up, right, down, left):
[-6, -2, -8, -14] [1, 9, -3, -26] [-21, -18, -1, -15] [6, 13, 25, 4] [-2, 23, 40, 2] [7, -10, -27, -15] [10, -15, -8, -9]
[-42, -4, 24, -6] [40, 25, -2, -1] [-49, 16, 11, -2] [-40, 7, 26, 9] [28, 34, 11, 10] [-28, -17, -5, -25] [-14, -4, 7, -1]
[-10, 31, 30, 42] [-16, 35, -18, -19] [-16, -1, 62, -1] [-105, 17, 51, -5] [-36, -61, -16, 30] [-17, -24, -13, 0] [0, -23, -21, -3]
[-22, 57, -13, -29] [12, 0, 28, -42] [11, 42, 8, -136] [0, 0, 0, 0] [50, -123, 23, 19] [15, -18, -12, 4] [12, 3, 35, -2]
[-1, -43, 20, 5] [3, -6, -24, -28] [-30, -16, -27, -41] [62, 10, -131, 40] [12, -9, -54, 58] [3, 19, -15, 12] [-11, -78, -29, 29]
[18, 28, 6, -16] [-35, 18, -2, 8] [36, -7, 24, -7] [-7, -7, -7, -6] [-12, -11, -33, -16] [-8, -28, -32, 11] [44, 14, 9, 1]
[-21, 11, 13, -19] [-1, -10, -47, -15] [16, 10, 32, 16] [-30, 18, -67, -25] [22, 4, -14, 36] [35, -11, -29, 28] [8, -2, 26, -1]
Food (up, right, down, left):
[16, 27, -31, 13] [-35, 32, 15, -21] [6, -15, 1, 9] [-17, 7, 57, 15] [22, -22, 54, -5] [13, -30, -21, -30] [-75, 20, 12, -32]
[-87, 18, -40, -26] [2, -34, -32, -6] [-4, 9, 38, 26] [-19, 15, -57, 48] [11, 27, 7, -55] [36, 10, -56, 4] [1, 4, 21, 55]
[-28, -13, 42, -32] [27, 19, -5, 28] [-30, -46, -34, 38] [64, -44, 22, -10] [-6, -17, -24, -25] [-13, 8, -55, -28] [66, 37, 33, 26]
[14, 36, -10, 43] [-17, -8, -19, 19] [-13, -16, -27, -11] [0, 0, 0, 0] [-12, 52, -49, -2] [-10, -32, -43, -13] [-20, 59, -19, -5]
[15, 9, -21, 30] [21, 33, -4, 40] [20, -18, 36, 25] [0, -57, 51, -11] [3, 20, 5, -10] [9, 36, 16, 11] [-15, -33, -22, -8]
[10, -42, -18, 3] [7, 15, 12, -13] [23, -10, 30, 38] [-44, -29, 46, -20] [-49, -28, 17, -54] [-29, 50, 35, 20] [-7, 49, 33, 31]
[33, 12, -20, -14] [-12, -2, 33, -79] [33, 24, 5, -19] [1, -3, -13, -16] [73, 38, 17, -31] [-13, 41, -2, 2] [28, -31, 19, -19]
------------------------------
ALIVE
Head: (21 38)
Body: (21 38) (20 38) (20 37) (20 36) (19 36) (18 36) (18 35) (18 34) 
Length: 8, 4
Vision: 3
Hungry, suplies: 3/10
Reproductive: 16, mutating: 0.25
Generation: 64958
####################################
