Wall (up, right, down, left):
[0, 0, 0, 0] [0, 0, 0, 0] [0, 0, 0, -3] [0, 0, 0, 0] [0, 0, 0, 0] [0, 0, 0, 0] [0, 0, 0, 0]
[0, 0, 0, 0] [0, 0, 0, 0] [0, 0, 0, 0] [0, 0, 0, 0] [0, 0, 0, 0] [0, 0, 0, 0] [0, 0, 0, 0]
[0, 0, 0, 0] [0, 0, 0, 0] [0, 0, 0, 0] [-20, 0, 0, 0] [0, 2, 0, 0] [-4, 0, 0, 0] [0, 0, 0, 0]
[0, 0, 0, 0] [0, 0, 0, 0] [0, 0, 0, -20] [0, 0, 0, 0] [0, -19, 0, 5] [0, 0, 0, 0] [0, 0, 0, 0]
[0, 0, 0, 0] [0, 0, 0, 0] [0, 0, 0, 0] [0, 0, -20, 0] [0, 0, 0, 0] [0, 0, 0, 0] [0, 0, 0, 0]
[0, 0, 0, 0] [0, 0, 0, 0] [0, 0, 0, 0] [0, 0, 0, 0] [0, 0, 0, 0] [0, 0, 0, 0] [0, 0, 0, 0]
[0, 0, 0, 0] [0, 0, 0, 0] [0, 0, 0, 0] [0, 0, 0, 0] [0, 0, 0, 0] [0, 0, 0, 0] [0, 0, 0, 0]
Food (up, right, down, left):
[0, 0, 0, 0] [0, 0, 0, 0] [-2, 0, 0, 0] [0, 0, 0, 0] [0, 0, 0, 0] [0, 0, 0, 0] [0, 0, 0, 0]
[0, 0, 0, 0] [0, 0, 0, 0] [0, 0, 0, 0] [0, 0, 0, 0] [0, 0, 0, 0] [0, 0, 0, 0] [0, 0, 0, 0]
[0, 0, 0, 0] [0, 0, 0, 0] [0, 0, 0, 0] [20, 0, 0, 0] [3, 0, 0, 0] [0, 0, -1, 0] [0, 0, 0, 0]
[0, 0, 0, 0] [0, 0, 0, 0] [0, 0, 0, 20] [0, 0, 0, 0] [3, 20, 0, 0] [0, 0, 0, 0] [0, 0, 0, 0]
[0, 0, 0, 0] [0, 0, 0, 0] [0, 0, 0, 0] [0, 0, 20, 0] [0, 0, 0, 0] [0, 0, 0, 0] [0, 0, 0, 0]
[0, 0, 0, 0] [0, 0, 0, 0] [0, 0, 0, 0] [0, 0, 0, 0] [0, 0, 0, 0] [0, 0, 0, 0] [0, 0, 0, 0]
[0, 0, 0, 0] [0, 0, 0, 0] [0, 0, 0, 0] [0, 0, 0, 0] [0, 0, 0, 0] [0, 0, 0, 0] [0, 0, 0, 0]
------------------------------
ALIVE
Head: (13 35)
Body: (13 35) (13 36) (13 37) (13 38) (13 39) (13 40) (13 41) (13 42) 
Length: 8, 4
Vision: 3
Hungry, suplies: 6/6
Reproductive: 16, mutating: 0.25
Generation: 14
####################################
Wall (up, right, down, left):
[0, 0, 0, 0] [0, 0, 0, 0] [0, 0, 0, 0] [0, 0, 1, 0] [0, 0, 0, 0] [0, 0, 0, 0] [0, 0, 0, 0]
[0, 0, 0, 0] [0, 0, 0, 0] [0, 0, 0, 0] [0, 0, 0, 0] [0, 0, 0, 0] [0, 0, 0, 0] [0, 0, 0, 0]
[0, 0, 0, 0] [0, 0, 0, 0] [0, 0, 0, 0] [-20, 0, 0, 0] [0, 2, 0, 0] [-4, 0, 0, 0] [0, 0, 0, 0]
[0, 0, 0, 0] [0, 0, 0, 0] [0, 0, 0, -20] [0, 0, 0, 0] [0, -20, 0, 5] [0, 0, 0, 0] [0, 0, 0, 0]
[0, 0, 0, 0] [0, 0, 0, 0] [0, 0, 0, 0] [0, 0, -20, 0] [0, 0, 0, 0] [0, 0, 0, 0] [0, 0, 0, 0]
[0, 0, 0, 0] [0, 0, 0, 0] [0, 0, 0, 0] [0, 0, 0, 0] [0, 0, 0, 0] [0, 0, 0, 0] [0, 0, 0, 0]
[0, 0, 0, 0] [0, 0, 0, 0] [0, 0, 0, 0] [0, 0, 0, 0] [0, 0, 0, 0] [0, 0, 0, 0] [0, 0, 0, 0]
Food (up, right, down, left):
[0, 0, 0, 0] [0, 0, 0, 0] [0, 0, 0, 0] [0, 0, 0, -1] [0, 0, 0, 0] [0, 0, 0, 0] [0, 0, 0, 0]
[0, 0, 0, 0] [0, 0, 0, 0] [0, 0, 0, 0] [0, 0, 0, 0] [0, 0, 0, 0] [0, 0, 0, 0] [0, 0, 0, 0]
[0, 0, 0, 0] [0, 0, 0, 0] [0, 0, 0, 0] [20, 0, 0, 0] [3, 0, 0, 0] [0, 0, -1, 0] [0, 0, 0, 0]
[0, 0, 0, 0] [0, 0, 0, 0] [0, 0, 0, 20] [0, 0, 0, 0] [0, 20, 0, 0] [0, 0, 0, 0] [0, 0, 0, 0]
[0, 0, 0, 0] [0, 0, 0, 0] [0, 0, 0, 0] [0, 0, 20, 0] [0, 0, 0, 0] [0, 0, 0, 0] [0, 0, 0, 0]
[0, 0, 0, 0] [0, 0, 0, 0] [0, 0, 0, 0] [0, 0, 0, 0] [0, 0, 0, 0] [0, 0, 0, 0] [0, 0, 0, 0]
[0, 0, 0, 0] [0, 0, 0, 0] [0, 0, 0, 0] [0, 0, 0, 0] [0, 0, 0, 0] [0, 0, 0, 0] [0, 0, 0, 0]
------------------------------
ALIVE
Head: (14 19)
Body: (14 19) (14 18) (15 18) (16 18) (17 18) (18 18) (18 17) (18 16) 
Length: 8, 4
Vision: 3
Hungry, suplies: 2/6
Reproductive: 16, mutating: 0.25
Generation: 12
####################################
Wall (up, right, down, left):
[0, 0, 0, 0] [0, 0, 0, 0] [0, 0, 0, 0] [0, 0, 1, 0] [0, 0, 0, 0] [0, 0, 0, 0] [0, 0, 0, 0]
[0, 0, 0, 0] [0, 0, 0, 0] [0, 0, 0, 0] [0, 0, 0, 0] [0, 0, 0, 0] [0, 0, 0, 0] [0, 0, 0, 0]
[0, 0, 0, 0] [0, 0, 0, 0] [0, 0, 0, 0] [-20, 0, 0, 0] [0, 2, 0, 0] [-4, 0, 0, 0] [0, 0, 0, 0]
[0, 0, 0, 0] [0, 0, 0, 0] [0, 0, 0, -20] [0, 0, 0, 0] [0, -20, 0, 5] [0, 0, 0, 0] [0, 0, 0, 0]
[0, 0, 0, 0] [0, 0, 0, 0] [0, 0, 0, 0] [0, 0, -20, 0] [0, 0, 0, 0] [0, 0, 0, 0] [0, 0, 0, 0]
[0, 0, 0, 0] [0, 0, 0, 0] [0, 0, 0, 0] [0, 0, 0, 0] [0, 0, 0, 0] [0, 0, 0, 0] [0, 0, 0, 0]
[0, 0, 0, 0] [0, 0, 0, 0] [0, 0, 0, 0] [0, 0, 0, 0] [0, 0, 0, 0] [0, 0, 0, 0] [0, 0, 0, 0]
Food (up, right, down, left):
[0, 0, 0, 0] [0, 0, 0, 0] [0, 0, 0, 0] [0, 0, 0, -1] [0, 0, 0, 0] [0, 0, 0, 0] [0, 0, 0, 0]
[0, 0, 0, 0] [0, 0, 0, 0] [0, 0, 0, 0] [0, 0, 0, 0] [0, 0, 0, 0] [0, 0, 0, 0] [0, 0, 0, 0]
[0, 0, 0, 0] [0, 0, 0, 0] [0, 0, 0, 0] [20, 0, 0, 0] [3, 0, 0, 0] [0, 0, -1, 0] [0, 0, 0, 0]
[0, 0, 0, 0] [0, 0, 0, 0] [0, 0, 0, 20] [0, 0, 0, 0] [0, 20, 0, 0] [0, 0, 0, 0] [0, 0, 0, 0]
[0, 0, 0, 0] [0, 0, 0, 0] [0, 0, 0, 0] [0, 0, 20, 0] [0, 0, 0, 0] [0, 0, 0, 0] [0, 0, 0, 0]
[0, 0, 0, 0] [0, 0, 0, 0] [0, 0, 0, 0] [0, 0, 0, 0] [0, 0, 0, 0] [0, 0, 0, 0] [0, 0, 0, 0]
[0, 0, 0, 0] [0, 0, 0, 0] [0, 0, 0, 0] [0, 0, 0, 0] [0, 0, 0, 0] [0, 0, 0, 0] [0, 0, 0, 0]
------------------------------
ALIVE
Head: (24 4)
Body: (24 4) (24 5) (24 6) (23 6) (22 6) (22 5) (22 4) (23 4) (23 3) (23 2) (22 2) (22 1) 
Length: 12, 4
Vision: 3
Hungry, suplies: 5/6
Reproductive: 16, mutating: 0.25
Generation: 13
####################################
Wall (up, right, down, left):
[0, 0, 0, 0] [0, 0, 0, 0] [0, 0, 0, -3] [0, 0, 0, 0] [0, 0, 0, 0] [0, 0, 0, 0] [0, 0, 0, 0]
[0, 0, 0, 0] [0, 0, 0, 0] [0, 0, 0, 0] [0, 0, 0, 0] [0, 0, 0, 0] [0, 0, 0, 0] [0, 0, 0, 0]
[0, 0, 0, 0] [0, 0, 0, 0] [0, 0, 0, 0] [-20, 0, 0, 0] [0, 2, 0, 0] [-4, 0, 0, 0] [0, 0, 0, 0]
[0, 0, 0, 0] [0, 0, 0, 0] [0, 0, 0, -20] [0, 0, 0, 0] [0, -19, 0, 5] [0, 0, 0, 0] [0, 0, 0, 0]
[0, 0, 0, 0] [0, 0, 0, 0] [0, 0, 0, 0] [0, 0, -20, 0] [0, 0, 0, 0] [0, 0, 0, 0] [0, 0, 0, 0]
[0, 0, 0, 0] [0, 0, 0, 0] [0, 0, 0, 0] [0, 0, 0, 0] [0, 0, 0, 0] [0, 0, 0, 0] [0, 0, 0, 0]
[0, 0, 0, 0] [0, 0, 0, 0] [0, 0, 0, 0] [0, 0, 0, 0] [0, 0, 0, 0] [0, 0, 0, 0] [0, 0, 0, 0]
Food (up, right, down, left):
[0, 0, 0, 0] [0, 0, 0, 0] [-2, 0, 0, 0] [0, 0, 0, 0] [0, 0, 0, 0] [0, 0, 0, 0] [0, 0, 0, 0]
[0, 0, 0, 0] [0, 0, 0, 0] [0, 0, 0, 0] [0, 0, 0, 0] [0, 0, 0, 0] [0, 0, 0, 0] [0, 0, 0, 0]
[0, 0, 0, 0] [0, 0, 0, 0] [0, 0, 0, 0] [20, 0, 0, 0] [3, 0, 0, 0] [0, 0, -1, 0] [0, 0, 0, 0]
[0, 0, 0, 0] [0, 0, 0, 0] [0, 0, 0, 20] [0, 0, 0, 0] [3, 20, 0, 0] [0, 0, 0, 0] [0, 0, 0, 0]
[0, 0, 0, 0] [0, 0, 0, 0] [0, 0, 0, 0] [0, 0, 20, 0] [0, 0, 0, 0] [0, 0, 0, 0] [0, 0, 0, 0]
[0, 0, 0, 0] [0, 0, 0, 0] [0, 0, 0, 0] [0, 0, 0, 0] [0, 0, 0, 0] [0, 0, 0, 0] [0, 0, 0, 0]
[0, 0, 0, 0] [0, 0, 0, 0] [0, 0, 0, 0] [0, 0, 0, 0] [0, 0, 0, 0] [0, 0, 0, 0] [0, 0, 0, 0]
------------------------------
ALIVE
Head: (16 30)
Body: (16 30) (16 31) (16 32) (16 33) (16 34) (16 35) (16 36) (16 37) (16 38) (16 39) (16 40) 
Length: 11, 4
Vision: 3
Hungry, suplies: 1/6
Reproductive: 16, mutating: 0.25
Generation: 15
####################################
Wall (up, right, down, left):
[0, 0, 0, 0] [0, 0, 0, 0] [0, 0, 0, -3] [0, 0, 0, 0] [0, 0, 0, 0] [0, 0, 0, 0] [0, 0, 0, 0]
[0, 0, 0, 0] [0, 0, 0, 0] [0, 0, 0, 0] [0, 0, 0, 0] [0, 0, 0, 0] [0, 0, 0, 0] [0, 0, 0, 0]
[0, 0, 0, 0] [0, 0, 0, 0] [0, 0, 0, 0] [-20, 0, 0, 0] [0, 2, 0, 0] [-4, 0, 0, 0] [0, 0, 0, 0]
[0, 0, 0, 0] [0, 0, 0, 0] [0, 0, 0, -20] [0, 0, 0, 0] [0, -19, 0, 5] [0, 0, 0, 0] [0, 0, 0, 0]
[0, 0, 0, 0] [0, 0, 0, 0] [0, 0, 0, 0] [0, 0, -20, 0] [0, 0, 0, 0] [0, 0, 0, 0] [0, 0, 0, 0]
[0, 0, 0, 0] [0, 0, 0, 0] [1, 0, 0, 0] [0, 0, 0, 0] [0, 0, 0, 0] [0, 0, 0, 0] [0, 0, 0, 0]
[0, 0, 0, 0] [0, 0, 0, 0] [0, 0, 0, 0] [0, 0, 0, 0] [0, 0, 0, 0] [0, 0, 0, 0] [0, 0, 0, 0]
Food (up, right, down, left):
[0, 0, 0, 0] [0, 0, 0, 0] [-2, 0, 0, 0] [0, 0, 0, 0] [0, 0, 0, 0] [0, 0, 0, 0] [0, 0, 0, 0]
[0, 0, 0, 0] [0, 0, 0, 0] [0, 0, 0, 0] [0, 0, 0, 0] [0, 0, 0, 0] [0, 0, 0, 0] [0, 0, 0, 0]
[0, 0, 0, 0] [0, 0, 0, 0] [0, 0, 0, 0] [20, 0, 0, 0] [3, 0, 0, 0] [0, 0, -1, 0] [0, 0, 0, 0]
[0, 0, 0, 0] [0, 0, 0, 0] [0, 0, 0, 20] [0, 0, 0, 0] [3, 20, 0, 0] [0, 0, 0, 0] [0, 0, 0, 0]
[0, 0, 0, 0] [0, 0, 0, 0] [0, 0, 0, 0] [0, 0, 20, 0] [0, 0, 0, 0] [0, 0, 0, 0] [0, 0, 0, 0]
[0, 0, 0, 0] [0, 0, 0, 0] [0, 0, 0, 5] [0, 0, 0, 0] [0, 0, 0, 0] [0, 0, 0, 0] [0, 0, 0, 0]
[0, 0, 0, 0] [0, 0, 0, 0] [0, 0, 0, 0] [0, 0, 0, 0] [0, 0, 0, 0] [0, 0, 0, 0] [0, 0, 0, 0]
------------------------------
ALIVE
Head: (4 24)
Body: (4 24) (5 24) (5 23) (5 22) (5 21) (5 20) (5 19) (5 18) 
Length: 8, 4
Vision: 3
Hungry, suplies: 5/6
Reproductive: 16, mutating: 0.25
Generation: 16
####################################
Wall (up, right, down, left):
[0, 0, 0, 0] [0, 0, 0, 0] [0, 0, 0, 0] [0, 0, 1, 0] [0, 0, 0, 0] [0, 0, 0, 0] [0, 0, 0, 0]
[0, 0, 0, 0] [0, 0, 0, 0] [0, 0, 0, 0] [0, 0, 0, 0] [0, 0, 0, 0] [0, 0, 0, 0] [0, 0, 0, 0]
[0, 0, 0, 0] [0, 0, 0, 0] [0, 0, 0, 0] [-20, 0, 0, 0] [0, 2, 0, 0] [-4, 0, 0, 0] [0, 0, 0, 0]
[0, 0, 0, 0] [0, 0, 0, 0] [0, 0, 0, -20] [0, 0, 0, 0] [0, -20, 0, 5] [0, 0, 0, 0] [0, 0, 0, 0]
[0, 0, 0, 0] [0, 0, 0, 0] [0, 0, 0, 0] [0, 0, -20, 0] [0, 0, 0, 0] [0, 0, 0, 0] [0, 0, 0, 0]
[0, 0, 0, 0] [0, 0, 0, 0] [0, 0, 0, 0] [0, 0, 0, 0] [0, 0, 0, 0] [0, 0, 0, 0] [0, 0, 0, 0]
[0, 0, 0, 0] [0, 0, 0, 0] [0, 0, 0, 0] [0, 0, 0, 0] [0, 0, 0, 0] [0, 0, 0, 0] [0, 0, 0, 0]
Food (up, right, down, left):
[0, 0, 0, 0] [0, 0, 0, 0] [0, 0, 0, 0] [0, 0, 0, -1] [0, 0, 0, 0] [0, 0, 0, 0] [0, 0, 0, 0]
[0, 0, 0, 0] [0, 0, 0, 0] [0, 0, 0, 0] [0, 0, 0, 0] [0, 0, 0, 0] [0, 0, 0, 0] [0, 0, 0, 0]
[0, 0, 0, 0] [0, 0, 0, 0] [0, 0, 0, 0] [20, 0, 0, 0] [3, 0, 0, 0] [0, 0, -1, 0] [0, 0, 0, 0]
[0, 0, 0, 0] [0, 0, 0, 0] [0, 0, 0, 20] [0, 0, 0, 0] [0, 20, 0, 0] [0, 0, 0, 0] [0, 0, 0, 0]
[0, 0, 0, 0] [0, 0, 0, 0] [0, 0, 0, 0] [0, 0, 20, 0] [0, 0, 0, 0] [0, 0, 0, 0] [0, 0, 0, 0]
[0, 0, 0, 0] [0, 0, 0, 0] [0, 0, 0, 0] [0, 0, 0, 0] [0, 0, 0, 0] [0, 0, 0, 0] [0, 0, 0, 0]
[0, 0, 0, 0] [0, 0, 0, 0] [0, 0, 0, 0] [0, 0, 0, 0] [0, 0, 0, 0] [0, 0, 0, 0] [0, 0, 0, 0]
------------------------------
ALIVE
Head: (2 38)
Body: (2 38) (2 37) (2 36) (2 35) (3 35) (4 35) (5 35) (6 35) (6 36) (6 37) (6 38) 
Length: 11, 4
Vision: 3
Hungry, suplies: 6/6
Reproductive: 16, mutating: 0.25
Generation: 13
####################################
Wall (up, right, down, left):
[0, 0, 0, 0] [0, 0, 0, 0] [0, 0, 0, -3] [0, 0, 0, 0] [0, 0, 0, 0] [0, 0, 0, 0] [0, 0, 0, 0]
[0, 0, 0, 0] [0, 0, 0, 0] [0, 0, 0, 0] [0, 0, 0, 0] [0, 0, 0, 0] [0, 0, 0, 0] [0, 0, 0, 0]
[0, 0, 0, 0] [0, 0, 0, 0] [0, 0, 0, 0] [-20, 0, 0, 0] [0, 2, 0, 0] [-4, 0, 0, 0] [0, 0, 0, 0]
[0, 0, 0, 0] [0, 0, 0, 0] [0, 0, 0, -20] [0, 0, 0, 0] [0, -19, 0, 5] [0, 0, 0, 0] [0, 0, 0, 0]
[0, 0, 0, 0] [0, 0, 0, 0] [0, 0, 0, 0] [0, 0, -20, 0] [0, -3, 0, 0] [0, 0, 0, 0] [0, 0, 0, 0]
[0, 0, 0, 0] [0, 0, 0, 0] [0, 0, 0, 0] [0, 0, 0, 0] [0, 0, 0, 0] [0, 0, 0, 0] [0, 0, 0, 0]
[0, 0, 0, 0] [0, 0, 0, 0] [0, 0, 0, 0] [0, 0, 0, 0] [0, 0, 0, 0] [0, 0, 0, 0] [0, 0, 0, 0]
Food (up, right, down, left):
[0, 0, 0, 0] [0, 0, 0, 0] [-2, 0, 0, 0] [0, 0, 0, 0] [0, 0, 0, 0] [0, 0, 0, 0] [0, 0, 0, 0]
[0, 0, 0, 0] [0, 0, 0, 0] [0, 0, 0, 0] [0, 0, 0, 0] [0, 0, 0, 0] [0, 0, 0, 0] [0, 0, 0, 0]
[0, 0, 0, 0] [0, 0, 0, 0] [0, 0, 0, 0] [20, 0, 0, 0] [3, 0, 0, 0] [0, 0, -1, 0] [0, 0, 0, 0]
[0, 0, 0, 0] [0, 0, 0, 0] [0, 0, 0, 20] [0, 0, 0, 0] [3, 20, 0, 0] [0, 0, 0, 0] [0, 0, 0, 0]
[0, 0, 0, 0] [0, 0, 0, 0] [0, 0, 0, 0] [0, 0, 20, 0] [3, 0, 0, 0] [0, 0, 0, 0] [0, 0, 0, 0]
[0, 0, 0, 0] [0, 0, 0, 0] [0, 0, 0, 0] [0, 0, 0, 0] [0, 0, 0, 0] [0, 0, 0, 0] [0, 0, 0, 0]
[0, 0, 0, 0] [0, 0, 0, 0] [0, 0, 0, 0] [0, 0, 0, 0] [0, 0, 0, 0] [0, 0, 0, 0] [0, 0, 0, 0]
------------------------------
ALIVE
Head: (1 17)
Body: (1 17) (2 17) (2 16) (2 15) (3 15) (4 15) (4 16) (4 17) (4 18) 
Length: 9, 4
Vision: 3
Hungry, suplies: 5/6
Reproductive: 16, mutating: 0.25
Generation: 16
####################################
Wall (up, right, down, left):
[0, 0, 0, 0] [0, 0, 0, 0] [0, 0, 0, 0] [0, 0, 1, 0] [0, 0, 0, 0] [0, 0, 0, 0] [0, 0, 0, 0]
[0, 0, 0, 0] [0, 0, 0, 0] [0, 0, 0, 0] [0, 0, 0, 0] [0, 0, 0, 0] [0, 0, 0, 0] [0, 0, 0, 0]
[0, 0, 0, 0] [0, 0, 0, 0] [0, 0, 0, 0] [-20, 0, 0, 0] [0, 2, 0, 0] [-4, 0, 0, 0] [0, 0, 0, 0]
[0, 0, 0, 0] [0, 0, 0, 0] [0, 0, 0, -20] [0, 0, 0, 0] [0, -20, 0, 5] [0, 0, 0, 0] [0, 0, 0, 0]
[0, 0, 0, 0] [0, 0, 0, 5] [0, 0, 0, 0] [0, 0, -20, 0] [0, 0, 0, 0] [0, 0, 0, 0] [0, 0, 0, 0]
[0, 0, 0, 0] [0, 0, 0, 0] [0, 0, 0, 0] [0, 0, 0, 0] [0, 0, 0, 0] [0, 0, 0, 0] [0, 0, 0, 0]
[0, 0, 0, 0] [0, 0, 0, 0] [0, 0, 0, 0] [0, 0, 0, 0] [0, 0, 0, 0] [0, 0, 0, 0] [0, 0, 0, 0]
Food (up, right, down, left):
[0, 0, 0, 0] [0, 0, 0, 0] [0, 0, 0, 0] [0, 0, 0, -1] [0, 0, 0, 0] [0, 0, 0, 0] [0, 0, 0, 0]
[0, 0, 0, 0] [0, 0, 0, 0] [0, 0, 0, 0] [0, 0, 0, 0] [0, 0, 0, 0] [0, 0, 0, 0] [0, 0, 0, 0]
[0, 0, 0, 0] [0, 0, 0, 0] [0, 0, 0, 0] [20, 0, 0, 0] [3, 0, 0, 0] [0, 0, -1, 0] [0, 0, 0, 0]
[0, 0, 0, 0] [0, 0, 0, 0] [0, 0, 0, 20] [0, 0, 0, 0] [0, 20, 0, 0] [0, 0, 0, 0] [0, 0, 0, 0]
[0, 0, 0, 0] [0, 0, 0, 5] [0, 0, 0, 0] [0, 0, 20, 0] [0, 0, 0, 0] [0, 0, 0, 0] [0, 0, 0, 0]
[0, 0, 0, 0] [0, 0, 0, 0] [0, 0, 0, 0] [0, 0, 0, 0] [0, 0, 0, 0] [0, 0, 0, 0] [0, 0, 0, 0]
[0, 0, 0, 0] [0, 0, 0, 0] [0, 0, 0, 0] [0, 0, 0, 0] [0, 0, 0, 0] [0, 0, 0, 0] [0, 0, 0, 0]
------------------------------
ALIVE
Head: (11 1)
Body: (11 1) (11 2) (11 3) (12 3) (12 2) 
Length: 5, 4
Vision: 3
Hungry, suplies: 3/6
Reproductive: 16, mutating: 0.25
Generation: 14
####################################
Wall (up, right, down, left):
[0, 0, 0, 0] [0, 0, 0, 0] [0, 0, 0, 0] [0, 0, 1, 0] [0, 0, 0, 0] [0, 0, 0, 0] [0, 0, 0, 0]
[0, 0, 0, 0] [0, 0, 0, 0] [0, 0, 0, 0] [0, 0, 0, 0] [0, 0, 0, 0] [0, 0, 0, 0] [0, 0, 0, 0]
[0, 0, 0, 0] [0, 0, 0, 0] [0, 0, 0, 0] [-20, 0, 0, 0] [0, 2, 0, 0] [-4, 0, 0, 0] [0, 0, 0, 0]
[0, 0, 0, 0] [0, 0, 0, 0] [0, 0, 0, -20] [0, 0, 0, 0] [0, -20, 0, 5] [0, 0, 0, 0] [0, 0, 0, 0]
[0, 0, 0, 0] [0, 0, 0, 0] [0, 0, 0, 0] [0, 0, -20, 0] [0, 0, 0, 0] [0, 0, 0, 0] [0, 0, 0, 0]
[0, 0, 0, 0] [0, 0, 0, 0] [0, 0, 0, 0] [0, 0, 0, 0] [0, 0, 0, 0] [0, 0, 0, 0] [0, 0, 0, 0]
[0, 0, 0, 0] [0, 0, 0, 0] [0, 0, 0, 0] [0, 0, 0, 0] [0, 0, 0, 0] [0, 0, 0, 0] [0, 0, 0, 0]
Food (up, right, down, left):
[0, 0, 0, 0] [0, 0, 0, 0] [0, 0, 0, 0] [0, 0, 0, -1] [0, 0, 0, 0] [0, 0, 0, 0] [0, 0, 0, 0]
[0, 0, 0, 0] [0, 0, 0, 0] [0, 0, 0, 0] [0, 0, 0, 0] [0, 0, 0, 0] [0, 0, 0, 0] [0, 0, 0, 0]
[0, 0, 0, 0] [0, 0, 0, 0] [0, 0, 0, 0] [20, 0, 0, 0] [3, 0, 0, 0] [0, 0, -1, 0] [0, 0, 0, 0]
[0, 0, 0, 0] [0, 0, 0, 0] [0, 0, 0, 20] [0, 0, 0, 0] [0, 20, 0, 0] [0, 0, 0, 0] [0, 0, 0, 0]
[0, 0, 0, 0] [0, 0, 0, 0] [0, 0, 0, 0] [0, 0, 20, 0] [0, 0, 0, 0] [0, 0, 0, 0] [0, 0, 0, 0]
[0, 0, 0, 0] [0, 0, 0, 0] [0, 0, 0, 0] [0, 0, 0, 0] [0, 0, 0, 0] [0, 0, 0, 0] [0, 0, 0, 0]
[0, 0, 0, 0] [0, 0, 0, 0] [0, 0, 0, 0] [0, 0, 0, 0] [0, 0, 0, 0] [0, 0, 0, 0] [0, 0, 0, 0]
------------------------------
DEAD: Wall
Head: (17 37)
Body: (17 37) (17 36) (18 36) (18 37) (19 37) (19 36) (19 35) (18 35) (18 34) (19 34) 
Length: 10, 4
Vision: 3
Hungry, suplies: 3/6
Reproductive: 16, mutating: 0.25
Generation: 13
####################################
Wall (up, right, down, left):
[0, 0, 0, 0] [0, 0, 0, 0] [0, 0, 0, 0] [0, 0, 1, 0] [0, 0, 0, 0] [0, 0, 0, 0] [0, 0, 0, 0]
[0, 0, 0, 0] [0, 0, 0, 0] [0, 0, 0, 0] [0, 0, 0, 0] [0, 0, 0, 0] [0, 0, 0, 0] [0, 0, 0, 0]
[0, 0, 0, 0] [0, 0, 0, 0] [0, 0, 0, 0] [-20, 0, 0, 0] [0, 2, 0, 0] [-4, 0, 0, 0] [0, 0, 0, 0]
[0, 0, 0, 0] [0, 0, 0, 0] [0, 0, 0, -20] [0, 0, 0, 0] [0, -20, 0, 5] [0, 0, 0, 0] [0, 0, 0, 0]
[0, 0, 0, 0] [0, 0, 0, 0] [0, 0, 0, 0] [0, 0, -20, 0] [0, 0, 0, 0] [0, 0, 0, 0] [0, 0, 0, 0]
[0, 0, 0, 0] [0, 0, 0, 0] [0, 0, 0, 0] [0, 0, 0, 0] [0, 0, 0, 0] [0, 0, 0, 0] [0, 0, 0, 0]
[0, 0, 0, 0] [0, 0, 0, 0] [0, 0, 0, 0] [0, 0, 0, 0] [0, 0, 0, 0] [0, 0, 0, 0] [0, 0, 0, 0]
Food (up, right, down, left):
[0, 0, 0, 0] [0, 0, 0, 0] [0, 0, 0, 0] [0, 0, 0, -1] [0, 0, 0, 0] [0, 0, 0, 0] [0, 0, 0, 0]
[0, 0, 0, 0] [0, 0, 0, 0] [0, 0, 0, 0] [0, 0, 0, 0] [0, 0, 0, 0] [0, 0, 0, 0] [0, 0, 0, 0]
[0, 0, 0, 0] [0, 0, 0, 0] [0, 0, 0, 0] [20, 0, 0, 0] [3, 0, 0, 0] [0, 0, -1, 0] [0, 0, 0, 0]
[0, 0, 0, 0] [0, 0, 0, 0] [0, 0, 0, 20] [0, 0, 0, 0] [0, 20, 0, 0] [0, 0, 0, 0] [0, 0, 0, 0]
[0, 0, 0, 0] [0, 0, 0, 0] [0, 0, 0, 0] [0, 0, 20, 0] [0, 0, 0, 0] [0, 0, 0, 0] [0, 0, 0, 0]
[0, 0, 0, 0] [0, 0, 0, 0] [0, 0, 0, 0] [0, 0, 0, 0] [0, 0, 0, 0] [0, 0, 0, 0] [0, 0, 0, 0]
[0, 0, 0, 0] [0, 0, 0, 0] [0, 0, 0, 0] [0, 0, 0, 0] [0, 0, 0, 0] [0, 0, 0, 0] [0, 0, 0, 0]
------------------------------
ALIVE
Head: (1 4)
Body: (1 4) (2 4) (3 4) (3 3) (4 3) (4 2) (3 2) (2 2) (2 1) (3 1) (4 1) 
Length: 11, 4
Vision: 3
Hungry, suplies: 5/6
Reproductive: 16, mutating: 0.25
Generation: 16
####################################
Wall (up, right, down, left):
[0, 0, 0, 0] [0, 0, 0, 0] [0, 0, 0, -3] [0, 0, 0, 0] [0, 0, 0, 0] [0, 0, 0, 0] [0, 0, 0, 0]
[0, 0, 0, 0] [0, 0, 0, 0] [0, 0, 0, 0] [0, 0, 0, 0] [0, 0, 0, 0] [0, 0, 0, 0] [0, 0, 0, 0]
[0, 0, 0, 0] [0, 0, 0, 0] [0, 0, 0, 0] [-20, 0, 0, 0] [0, 2, 0, 0] [-4, 0, 0, 0] [0, 0, 0, 0]
[0, 0, 0, 0] [0, 0, 0, 0] [0, 0, 0, -20] [0, 0, 0, 0] [0, -19, 0, 5] [0, 0, 0, 0] [0, 0, 0, 0]
[0, 0, 0, 0] [0, 0, 0, 0] [0, 0, 0, 0] [0, 0, -20, 0] [0, 0, 0, 0] [0, 0, 0, 0] [0, 0, 0, 0]
[0, 0, 0, 0] [0, 0, 0, 0] [0, 0, 0, 0] [0, 0, 0, 0] [0, 0, 0, 0] [0, 0, 0, 0] [0, 0, 0, 0]
[0, 0, 0, 0] [0, 0, 0, 0] [0, 0, 0, 0] [0, 0, 0, 0] [0, 0, 0, 0] [0, 0, 0, 0] [0, 0, 0, 0]
Food (up, right, down, left):
[0, 0, 0, 0] [0, 0, 0, 0] [-2, 0, 0, 0] [0, 0, 0, 0] [0, 0, 0, 0] [0, 0, 0, 0] [0, 0, 0, 0]
[0, 0, 0, 0] [0, 0, 0, 0] [0, 0, 0, 0] [0, 0, 0, 0] [0, 0, 0, 0] [0, 0, 0, 0] [0, 0, 0, 0]
[0, 0, 0, 0] [0, 0, 0, 0] [0, 0, 0, 0] [20, 0, 0, 0] [3, 0, 0, 0] [0, 0, -1, 0] [0, 0, 0, 0]
[0, 0, 0, 0] [0, 0, 0, 0] [0, 0, 0, 20] [0, 0, 0, 0] [3, 20, 0, 0] [0, 0, 0, 0] [0, 0, 0, 0]
[0, 0, 0, 0] [0, 0, 0, 0] [0, 0, 0, 0] [0, 0, 20, 0] [0, 0, 0, 0] [0, 0, 0, 0] [0, 0, 0, 0]
[0, 0, 0, 0] [0, 0, 0, 0] [0, 0, 0, 0] [0, 0, 0, 0] [0, 0, 0, 0] [0, 0, 0, 0] [0, 0, 0, 0]
[0, 0, 0, 0] [0, 0, 0, 0] [0, 0, 0, 0] [0, 0, 0, 0] [0, 0, 0, 0] [0, 0, 0, 0] [0, 0, 0, 0]
------------------------------
ALIVE
Head: (2 52)
Body: (2 52) (2 53) (2 54) (1 54) (1 53) (1 52) (1 51) 
Length: 7, 4
Vision: 3
Hungry, suplies: 5/6
Reproductive: 16, mutating: 0.25
Generation: 16
####################################
Wall (up, right, down, left):
[0, 0, 0, 0] [0, 0, 0, 0] [0, 0, 0, 0] [0, 0, 1, 0] [0, 0, 0, 0] [0, 0, 0, 0] [0, 0, 0, 0]
[0, 0, 0, 0] [0, 0, 0, 0] [0, 0, 0, 0] [0, 0, 0, 0] [0, 0, 0, 0] [0, 0, 0, 0] [0, 0, 0, 0]
[0, 0, 0, 0] [0, 0, 0, 0] [0, 0, 0, 0] [-20, 0, 0, 0] [0, 2, 0, 0] [-4, 0, 0, 0] [0, 0, 0, 0]
[0, 0, 0, 0] [0, 0, 0, 0] [0, 0, 0, -20] [0, 0, 0, 0] [0, -20, 0, 5] [0, 0, 0, 0] [0, 0, 0, 0]
[0, 0, 0, 0] [0, 0, 0, 0] [0, 0, 0, 0] [0, 0, -20, 0] [0, 0, 0, 0] [0, 0, 0, 0] [0, 0, 0, 0]
[0, 0, 0, 0] [0, 0, 0, 0] [0, 0, -5, 0] [0, 0, 0, 0] [0, 0, 0, 0] [0, 0, 0, 0] [0, 0, 0, 0]
[0, 0, 0, 0] [0, 0, 0, 0] [0, 0, 0, 0] [0, 0, 0, 0] [0, 0, 0, 0] [0, 0, 0, 0] [0, 0, 0, 0]
Food (up, right, down, left):
[0, 0, 0, 0] [0, 0, 0, 0] [0, 0, 0, 0] [0, 0, 0, -1] [0, 0, 0, 0] [0, 0, 0, 0] [0, 0, 0, 0]
[0, 0, 0, 0] [0, 0, 0, 0] [0, 0, 0, 0] [0, 0, 0, 0] [0, 0, 0, 0] [0, 0, 0, 0] [0, 0, 0, 0]
[0, 0, 0, 0] [0, 0, 0, 0] [0, 0, 0, 0] [20, 0, 0, 0] [3, 0, 0, 0] [0, 0, -1, 0] [0, 0, 0, 0]
[0, 0, 0, 0] [0, 0, 0, 0] [0, 0, 0, 20] [0, 0, 0, 0] [0, 20, 0, 0] [0, 0, 0, 0] [0, 0, 0, 0]
[0, 0, 0, 0] [0, 0, 0, 0] [0, 0, 0, 0] [0, 0, 20, 0] [0, 0, 0, 0] [0, 0, 0, 0] [0, 0, 0, 0]
[0, 0, 0, 0] [0, 0, 0, 0] [0, 0, 5, 0] [0, 0, 0, 0] [0, 0, 0, 0] [0, 0, 0, 0] [0, 0, 0, 0]
[0, 0, 0, 0] [0, 0, 0, 0] [0, 0, 0, 0] [0, 0, 0, 0] [0, 0, 0, 0] [0, 0, 0, 0] [0, 0, 0, 0]
------------------------------
ALIVE
Head: (7 7)
Body: (7 7) (8 7) (8 6) (8 5) (9 5) (10 5) (10 6) (11 6) (11 7) (11 8) (11 9) (11 10) (11 11) (11 12) (11 13) 
Length: 15, 4
Vision: 3
Hungry, suplies: 5/6
Reproductive: 16, mutating: 0.25
Generation: 14
####################################
Wall (up, right, down, left):
[0, 0, 0, 0] [0, 0, 0, 0] [0, 0, 0, -3] [0, 0, 0, 0] [0, 0, 0, 0] [0, 0, 0, 0] [0, 0, 0, 0]
[0, 0, 0, 0] [0, 0, 0, 0] [0, 0, 0, 0] [0, 3, 0, 0] [0, 0, 0, 0] [0, 0, 0, 0] [0, 0, 0, 0]
[0, 0, 0, 0] [0, 0, 0, 0] [0, 0, 0, 0] [-20, 0, 0, 0] [0, 2, 2, 0] [-4, 0, 0, 0] [0, 0, 0, 0]
[0, 0, 0, 0] [0, 0, 0, 0] [0, 0, 0, -20] [0, 0, 0, 0] [0, -19, 0, 5] [0, 0, 0, 0] [0, 0, 0, 0]
[0, 0, 0, 0] [0, 0, 0, 0] [0, 0, 0, 0] [0, 0, -20, 0] [0, 0, 0, 0] [0, 0, 0, 0] [0, 0, 0, 0]
[0, 0, 0, 0] [0, 0, 0, 0] [0, 0, 0, 0] [0, 0, 0, 0] [0, 0, 0, 0] [0, 0, 0, 0] [0, 0, 0, 0]
[0, 0, 0, 0] [0, 0, 0, 0] [0, 0, 0, 0] [0, 0, 0, 0] [0, 0, 0, 0] [0, 0, 0, 0] [0, 0, 0, 0]
Food (up, right, down, left):
[0, 0, 0, 0] [0, 0, 0, 0] [-2, 0, 0, 0] [0, 0, 0, 0] [0, 0, 0, 0] [0, 0, 0, 0] [0, 0, 0, 0]
[0, 0, 0, 0] [0, 0, 0, 0] [0, 0, 0, 0] [0, 1, 0, 0] [0, 0, 0, 0] [0, 0, 0, 0] [0, 0, 0, 0]
[0, 0, 0, 0] [0, 0, 0, 0] [0, 0, 0, 0] [20, 0, 0, 0] [3, 0, 0, 0] [0, 0, -1, 0] [0, 0, 0, 0]
[0, 0, 0, 0] [0, 0, 0, 0] [0, 0, 0, 20] [0, 0, 0, 0] [3, 20, 0, 0] [0, 0, 0, 0] [0, 0, 0, 0]
[0, 0, 0, 0] [0, 0, 0, 0] [0, 0, 0, 0] [0, 0, 20, 0] [0, 0, 0, 0] [0, 0, 0, 0] [0, 0, 0, 0]
[0, 0, 0, 0] [0, 0, 0, 0] [0, 0, 0, 0] [0, 0, 0, 0] [0, 0, 0, 0] [0, 0, 0, 0] [0, 0, 0, 0]
[0, 0, 0, 0] [0, 0, 0, 0] [0, 0, 0, 0] [0, 0, 0, 0] [0, 0, 0, 0] [0, 0, 0, 0] [0, 0, 0, 0]
------------------------------
ALIVE
Head: (1 40)
Body: (1 40) (1 39) (1 38) (1 37) (1 36) (1 35) (1 34) 
Length: 7, 4
Vision: 3
Hungry, suplies: 5/6
Reproductive: 16, mutating: 0.25
Generation: 16
####################################
Wall (up, right, down, left):
[0, 0, 0, 0] [0, 0, 0, 0] [0, 0, 0, -3] [0, 0, 0, 0] [0, 0, 0, 0] [0, 0, 0, 0] [0, 0, 0, 0]
[0, 0, 0, 0] [0, 0, 0, 0] [0, 0, 0, 0] [0, 0, 0, 0] [0, 0, 0, 0] [0, 0, 0, 0] [0, 0, 0, 0]
[0, 0, 0, 0] [0, 0, 0, 0] [0, 0, 0, 0] [-20, 0, 0, 0] [0, 2, 0, 0] [-4, 0, 0, 0] [0, 0, 0, 0]
[0, 0, 0, 0] [0, 0, 0, 0] [0, 0, 0, -20] [0, 0, 0, 0] [0, -19, 0, 5] [0, 0, 0, 0] [0, 0, 0, 0]
[0, 0, 0, 0] [0, 0, 0, 0] [0, 0, 0, 0] [0, 0, -20, 0] [0, 0, 0, 0] [0, 0, 0, 0] [0, 0, 0, 0]
[0, 0, 0, 0] [0, 0, 0, 0] [0, 0, 0, 0] [0, 0, 0, 0] [0, 0, 0, 0] [0, 0, 0, 0] [0, 0, 0, 0]
[0, 0, 0, 0] [0, 0, 0, 0] [0, 0, 0, 0] [0, 0, 0, 0] [0, 0, 0, 0] [0, 0, 0, 0] [0, 0, 0, 0]
Food (up, right, down, left):
[0, 0, 0, 0] [0, 0, 0, 0] [-2, 0, 0, 0] [0, 0, 0, 0] [0, 0, 0, 0] [0, 0, 0, 0] [0, 0, 0, 0]
[0, 0, 0, 0] [0, 0, 0, 0] [0, 0, 0, 0] [0, 0, 0, 0] [0, 0, 0, 0] [0, 0, 0, 0] [0, 0, 0, 0]
[0, 0, 0, 0] [0, 0, 0, 0] [0, 0, 0, 0] [20, 0, 0, 0] [3, 0, 0, 0] [0, 0, -1, 0] [0, 0, 0, 0]
[0, 0, 0, 0] [0, 0, 0, 0] [0, 0, 0, 20] [0, 0, 0, 0] [3, 20, 0, 0] [0, 0, 0, 0] [0, 0, 0, 0]
[0, 0, 0, 0] [0, 0, 0, 0] [0, 0, 0, 0] [0, 0, 20, 0] [0, 0, 0, 0] [0, 0, 0, 0] [0, 0, 0, 0]
[0, 0, 0, 0] [0, 0, 0, 0] [0, 0, 0, 0] [0, 0, 0, 0] [0, 0, 0, 0] [0, 0, 0, 0] [0, 0, 0, 0]
[0, 0, 0, 0] [0, 0, 0, 0] [0, 0, 0, 0] [0, 0, 0, 0] [0, 0, 0, 0] [0, 0, 0, 0] [0, 0, 0, 0]
------------------------------
ALIVE
Head: (13 14)
Body: (13 14) (13 15) (13 16) (13 17) (13 18) (13 19) (13 20) 
Length: 7, 4
Vision: 3
Hungry, suplies: 2/6
Reproductive: 16, mutating: 0.25
Generation: 15
####################################
Wall (up, right, down, left):
[0, 0, 0, 0] [0, 0, 0, 0] [0, 0, 0, 0] [0, 0, 1, 0] [0, 0, 0, 0] [0, 0, 0, 0] [0, 0, 0, 0]
[0, 0, 0, 0] [0, 0, 0, 0] [0, 0, 0, 0] [0, 0, 0, 0] [0, 0, 0, 0] [0, 0, 0, 0] [0, 0, 0, 0]
[0, 0, 0, 0] [0, 0, 0, 0] [0, 0, 0, 0] [-20, 0, 0, 0] [0, 2, 0, 0] [-4, 0, 0, 0] [0, 0, 0, 0]
[0, 0, 0, 0] [0, -1, 0, 0] [0, 0, 0, -20] [0, 0, 0, 0] [0, -20, 0, 5] [0, 0, 0, 0] [0, 0, 0, 0]
[0, 0, 0, 0] [0, 0, 0, 5] [0, 0, 0, 0] [0, 0, -20, 0] [0, 0, 0, 0] [0, 0, 0, 0] [0, 0, 0, 0]
[0, 0, 0, 0] [0, 0, 0, 0] [0, 0, 0, 0] [0, 0, 0, 0] [0, 0, 0, 0] [0, 0, 0, 0] [0, 0, 0, 0]
[0, 0, 0, 0] [0, 0, 0, 0] [0, 0, 0, 0] [0, 0, 0, 0] [0, 0, 0, 0] [0, 0, 0, 0] [0, 0, 0, 0]
Food (up, right, down, left):
[0, 0, 0, 0] [0, 0, 0, 0] [0, 0, 0, 0] [0, 0, 0, -1] [0, 0, 0, 0] [0, 0, 0, 0] [0, 0, 0, 0]
[0, 0, 0, 0] [0, 0, 0, 0] [0, 0, 0, 0] [0, 0, 0, 0] [0, 0, 0, 0] [0, 0, 0, 0] [0, 0, 0, 0]
[0, 0, 0, 0] [0, 0, 0, 0] [0, 0, 0, 0] [20, 0, 0, 0] [3, 0, 0, 0] [0, 0, -1, 0] [0, 0, 0, 0]
[0, 0, 0, 0] [3, 0, 0, 0] [0, 0, 0, 20] [0, 0, 0, 0] [0, 20, 0, 0] [0, 0, 0, 0] [0, 0, 0, 0]
[0, 0, 0, 0] [0, 0, 0, 5] [0, 0, 0, 0] [0, 0, 20, 0] [0, 0, 0, 0] [0, 0, 0, 0] [0, 0, 0, 0]
[0, 0, 0, 0] [0, 0, 0, 0] [0, 0, 0, 0] [0, 0, 0, 0] [0, 0, 0, 0] [0, 0, 0, 0] [0, 0, 0, 0]
[0, 0, 0, 0] [0, 0, 0, 0] [0, 0, 0, 0] [0, 0, 0, 0] [0, 0, 0, 0] [0, 0, 0, 0] [0, 0, 0, 0]
------------------------------
ALIVE
Head: (17 13)
Body: (17 13) (18 13) (18 12) (18 11) (18 10) (18 9) (18 8) (19 8) (20 8) (21 8) (21 9) (22 9) (22 8) 
Length: 13, 4
Vision: 3
Hungry, suplies: 2/6
Reproductive: 16, mutating: 0.25
Generation: 15
####################################
Wall (up, right, down, left):
[0, 0, 0, 0] [0, 0, 0, 0] [0, 0, 0, 0] [0, 0, 1, 0] [0, 0, 0, 0] [0, 0, 0, 0] [0, 0, 0, 0]
[0, 0, 0, 0] [0, 0, 0, 0] [0, 0, 0, 0] [0, 0, 0, 0] [0, 0, 0, 0] [0, 0, 0, 0] [0, 0, 0, 0]
[0, 0, 0, 0] [0, 0, 0, 0] [0, 0, 0, 0] [-20, 0, 0, 0] [0, 2, 0, 0] [-4, 0, 0, 0] [0, 0, 0, 0]
[0, 0, 0, 0] [0, 0, 0, 0] [0, 0, 0, -20] [0, 0, 0, 0] [0, -20, 0, 5] [0, 0, 0, 0] [0, 0, 0, 0]
[0, 0, 0, 0] [0, 0, 0, 0] [0, 0, 0, 0] [0, 0, -20, 0] [0, 5, 0, 0] [0, 0, 0, 0] [0, 0, 0, 0]
[0, 0, 0, 0] [0, 0, 0, 0] [0, 0, 0, 0] [0, 0, 0, 0] [0, 0, 0, 0] [0, 0, 0, 0] [0, 0, 0, 0]
[0, 0, 0, 0] [0, 0, 0, 0] [0, 0, 0, 0] [0, 0, 0, 0] [0, 0, 0, 0] [0, 0, 0, 0] [0, 0, 0, 0]
Food (up, right, down, left):
[0, 0, 0, 0] [0, 0, 0, 0] [0, 0, 0, 0] [0, 0, 0, -1] [0, 0, 0, 0] [0, 0, 0, 0] [0, 0, 0, 0]
[0, 0, 0, 0] [0, 0, 0, 0] [0, 0, 0, 0] [0, 0, 0, 0] [0, 0, 0, 0] [0, 0, 0, 0] [0, 0, 0, 0]
[0, 0, 0, 0] [0, 0, 0, 0] [0, 0, 0, 0] [20, 0, 0, 0] [3, 0, 0, 0] [0, 0, -1, 0] [0, 0, 0, 0]
[0, 0, 0, 0] [0, 0, 0, 0] [0, 0, 0, 20] [0, 0, 0, 0] [0, 20, 0, 0] [0, 0, 0, 0] [0, 0, 0, 0]
[0, 0, 0, 0] [0, 0, 0, 0] [0, 0, 0, 0] [0, 0, 20, 0] [0, -4, 0, 0] [0, 0, 0, 0] [0, 0, 0, 0]
[0, 0, 0, 0] [0, 0, 0, 0] [0, 0, 0, 0] [0, 0, 0, 0] [0, 0, 0, 0] [0, 0, 0, 0] [0, 0, 0, 0]
[0, 0, 0, 0] [0, 0, 0, 0] [0, 0, 0, 0] [0, 0, 0, 0] [0, 0, 0, 0] [0, 0, 0, 0] [0, 0, 0, 0]
------------------------------
ALIVE
Head: (9 40)
Body: (9 40) (10 40) (10 39) (10 38) (10 37) (9 37) (9 38) (8 38) (8 37) (8 36) (9 36) 
Length: 11, 4
Vision: 3
Hungry, suplies: 4/6
Reproductive: 16, mutating: 0.25
Generation: 13
####################################
Wall (up, right, down, left):
[0, 0, 0, 0] [0, 0, 0, 0] [0, 0, 0, 0] [0, 0, 1, 0] [0, 0, 0, 0] [0, 0, 0, 0] [0, 0, 0, 0]
[0, 0, 0, 0] [0, 0, 0, 0] [0, 0, 0, 0] [0, 0, 0, 0] [0, 0, 0, 0] [0, 0, 0, 0] [0, 0, 0, 0]
[0, 0, 0, 0] [0, 0, 0, 0] [0, 0, 0, 0] [-20, 0, 0, 0] [0, 2, 0, 0] [-4, 0, 0, 0] [0, 0, 0, 0]
[0, 0, 0, 0] [0, 0, 0, 0] [0, 0, 0, -20] [0, 0, 0, 0] [0, -20, 0, 5] [0, 0, 0, 0] [0, 0, 0, 0]
[0, 0, 0, 0] [0, 0, 0, 0] [4, 0, 0, 0] [0, 0, -20, 0] [0, 0, 0, 0] [0, 0, 0, 0] [0, 0, 0, 0]
[0, 0, 0, 0] [0, 0, 0, 0] [0, 0, 0, 0] [0, 0, 0, 0] [0, 0, 0, 0] [0, 0, 0, 0] [0, 0, 0, 0]
[0, 0, 0, 0] [0, 0, 0, 0] [0, 0, 0, 0] [0, 0, 0, 0] [0, 0, 0, 0] [0, 0, 0, 0] [0, 0, 0, 0]
Food (up, right, down, left):
[0, 0, 0, 0] [0, 0, 0, 0] [0, 0, 0, 0] [0, 0, 0, -1] [0, 0, 0, 0] [0, 0, 0, 0] [0, 0, 0, 0]
[0, 0, 0, 0] [0, 0, 0, 0] [0, 0, 0, 0] [0, 0, 0, 0] [0, 0, 0, 0] [0, 0, 0, 0] [0, 0, 0, 0]
[0, 0, 0, 0] [0, 0, 0, 0] [0, 0, 0, 0] [20, 0, 0, 0] [3, 0, 0, 0] [0, 0, -1, 0] [0, 0, 0, 0]
[0, 0, 0, 0] [0, 0, 0, 0] [0, 0, 0, 20] [0, 0, 0, 0] [0, 20, 0, 0] [0, 0, 0, 0] [0, 0, 0, 0]
[0, 0, 0, 0] [0, 0, 0, 0] [0, -3, 0, 0] [0, 0, 20, 0] [0, 0, 0, 0] [0, 0, 0, 0] [0, 0, 0, 0]
[0, 0, 0, 0] [0, 0, 0, 0] [0, 0, 0, 0] [0, 0, 0, 0] [0, 0, 0, 0] [0, 0, 0, 0] [0, 0, 0, 0]
[0, 0, 0, 0] [0, 0, 0, 0] [0, 0, 0, 0] [0, 0, 0, 0] [0, 0, 0, 0] [0, 0, 0, 0] [0, 0, 0, 0]
------------------------------
ALIVE
Head: (14 1)
Body: (14 1) (13 1) (13 2) (13 3) (13 4) (13 5) (13 6) 
Length: 7, 4
Vision: 3
Hungry, suplies: 3/6
Reproductive: 16, mutating: 0.25
Generation: 17
####################################
Wall (up, right, down, left):
[0, 0, 0, 0] [0, 0, 0, 0] [0, 0, 0, -3] [0, 0, 0, 0] [0, 0, 0, 0] [0, 0, 0, 0] [0, 0, 0, 0]
[0, 0, 0, 0] [0, 0, 0, 0] [0, 0, 0, 0] [0, 0, 0, 0] [0, 0, 0, 0] [0, 0, 0, 0] [0, 0, 0, 0]
[0, 0, 0, 0] [0, 0, 0, 0] [0, 0, 0, 0] [-20, 0, 0, 0] [0, 2, 0, 0] [-4, 0, 0, 0] [0, 0, 0, 0]
[0, 0, 0, 0] [0, 0, 0, 0] [0, 0, 0, -20] [0, 0, 0, 0] [0, -19, 0, 5] [0, 0, 0, -1] [0, 0, 0, 0]
[0, 0, 0, 0] [0, 0, 0, 0] [0, 0, 0, 0] [0, 0, -20, 0] [0, 0, 0, 0] [0, 0, 0, 0] [0, 0, 0, 0]
[0, 0, 0, 0] [0, 0, 0, 0] [0, 0, 0, 0] [0, 0, 0, 0] [0, 0, 0, 0] [0, 0, 0, 0] [0, 0, 0, 0]
[0, 0, 0, 0] [0, 0, 0, 0] [0, 0, 0, 0] [0, 0, 0, 0] [0, 0, 0, 0] [0, 0, 0, 0] [0, 0, 0, 0]
Food (up, right, down, left):
[0, 0, 0, 0] [0, 0, 0, 0] [-2, 0, 0, 0] [0, 0, 0, 0] [0, 0, 0, 0] [0, 0, 0, 0] [0, 0, 0, 0]
[0, 0, 0, 0] [0, 0, 0, 0] [0, 0, 0, 0] [0, 0, 0, 0] [0, 0, 0, 0] [0, 0, 0, 0] [0, 0, 0, 0]
[0, 0, 0, 0] [0, 0, 0, 0] [0, 0, 0, 0] [20, 0, 0, 0] [3, 0, 0, 0] [0, 0, -1, 0] [0, 0, 0, 0]
[0, 0, 0, 0] [0, 0, 0, 0] [0, 0, 0, 20] [0, 0, 0, 0] [3, 20, 0, 0] [0, 0, -3, 0] [0, 0, 0, 0]
[0, 0, 0, 0] [0, 0, 0, 0] [0, 0, 0, 0] [0, 0, 20, 0] [0, 0, 0, 0] [0, 0, 0, 0] [0, 0, 0, 0]
[0, 0, 0, 0] [0, 0, 0, 0] [0, 0, 0, 0] [0, 0, 0, 0] [0, 0, 0, 0] [0, 0, 0, 0] [0, 0, 0, 0]
[0, 0, 0, 0] [0, 0, 0, 0] [0, 0, 0, 0] [0, 0, 0, 0] [0, 0, 0, 0] [0, 0, 0, 0] [0, 0, 0, 0]
------------------------------
ALIVE
Head: (16 41)
Body: (16 41) (17 41) (17 40) (17 39) (17 38) (18 38) (18 39) (18 40) (18 41) (18 42) 
Length: 10, 4
Vision: 3
Hungry, suplies: 1/6
Reproductive: 16, mutating: 0.25
Generation: 18
####################################
Wall (up, right, down, left):
[0, 0, 0, 0] [0, 0, 0, 0] [0, 0, 0, -3] [0, 0, 0, 0] [0, 0, 0, 0] [0, 0, 0, 0] [0, 0, 0, 0]
[0, 0, 0, 0] [0, 0, 0, 0] [0, 0, 0, 0] [0, 0, 0, 0] [0, 0, 0, 0] [0, 0, 0, 0] [0, 0, 0, 0]
[0, 0, 0, 0] [0, 0, 0, 0] [0, 0, 0, 0] [-20, 0, 0, 0] [0, 2, 0, 0] [-4, 0, 0, 0] [0, 0, 0, 0]
[0, 0, 0, 0] [0, 0, 0, 0] [0, 0, 0, -20] [0, 0, 0, 0] [0, -19, 0, 5] [0, 0, 0, 0] [0, 0, 0, 0]
[0, 0, 0, 0] [0, 0, 0, 0] [0, 0, 0, 0] [0, 0, -20, 0] [0, 0, 0, 0] [0, 0, 0, 0] [0, 0, 0, 0]
[0, 0, 0, 0] [0, 0, 0, 0] [0, 0, 0, 0] [0, 0, 0, 0] [0, 0, 0, 0] [0, 0, 0, 0] [0, 0, 0, 0]
[0, 0, 0, 0] [0, 0, 0, 0] [0, 0, 0, 0] [0, 0, 0, 0] [0, 0, 0, 0] [0, 0, 0, 0] [0, 0, 0, 0]
Food (up, right, down, left):
[0, 0, 0, 0] [0, 0, 0, 0] [-2, 0, 0, 0] [0, 0, 0, 0] [0, 0, 0, 0] [0, 0, 0, 0] [0, 0, 0, 0]
[0, 0, 0, 0] [0, 0, 0, 0] [0, 0, 0, 0] [0, 0, 0, 0] [0, 0, 0, 0] [0, 0, 0, 0] [0, 0, 0, 0]
[0, 0, 0, 0] [0, 0, 0, 0] [0, 0, 0, 0] [20, 0, 0, 0] [3, 0, 0, 0] [0, 0, -1, 0] [0, 0, 0, 0]
[0, 0, 0, 0] [0, 0, 0, 0] [0, 0, 0, 20] [0, 0, 0, 0] [3, 20, 0, 0] [0, 0, 0, 0] [0, 0, 0, 0]
[0, 0, 0, 0] [0, 0, 0, 0] [0, 0, 0, 0] [0, 0, 20, 0] [0, 0, 0, 0] [0, 0, 0, 0] [0, 0, 0, 0]
[0, 0, 0, 0] [0, 0, 0, 0] [0, 0, 0, 0] [0, 0, 0, 0] [0, 0, 0, 0] [0, 0, 0, 0] [0, 0, 0, 0]
[0, 0, 0, 0] [0, 0, 0, 0] [0, 0, 0, 0] [0, 0, 0, 0] [0, 0, 0, 0] [0, 0, 0, 0] [0, 0, 0, 0]
------------------------------
ALIVE
Head: (5 44)
Body: (5 44) (5 45) (5 46) (5 47) (5 48) (5 49) (5 50) (5 51) 
Length: 8, 4
Vision: 3
Hungry, suplies: 5/6
Reproductive: 16, mutating: 0.25
Generation: 17
####################################
Wall (up, right, down, left):
[0, 0, 0, 0] [0, 0, 0, 0] [0, 0, 0, 0] [0, 0, 1, 0] [0, 0, 0, 0] [0, 0, 0, 0] [0, 0, 0, 0]
[0, 0, 0, 0] [0, 0, 0, 0] [0, 0, 0, 0] [0, 0, 0, 0] [0, 0, 0, 0] [0, 0, 0, 0] [0, 0, 0, 0]
[0, 0, 0, 0] [0, 0, 0, 0] [0, 0, 0, 0] [-20, 0, 0, 0] [0, 2, 0, 0] [-4, 0, 0, 0] [0, 0, 0, 0]
[0, 0, 0, 0] [0, 0, 0, 0] [0, 0, 0, -20] [0, 0, 0, 0] [0, -20, 0, 5] [0, 0, 0, 0] [0, 0, 0, 0]
[0, 0, 0, 0] [0, 0, 0, 0] [4, 0, 0, 0] [0, 0, -20, 0] [0, 0, 0, 0] [0, 0, 0, 0] [0, 0, 0, 0]
[0, 0, 0, 0] [0, 0, 0, 0] [0, 0, 0, 0] [0, 0, 0, 0] [0, 0, 0, 0] [0, 0, 0, 0] [0, 0, 0, 0]
[0, 0, 0, 0] [0, 0, 0, 0] [0, 0, 0, 0] [0, 0, 0, 0] [0, 0, 0, 0] [0, 0, 0, 0] [0, 0, 0, 0]
Food (up, right, down, left):
[0, 0, 0, 0] [0, 0, 0, 0] [0, 0, 0, 0] [0, 0, 0, -1] [0, 0, 0, 0] [0, 0, 0, 0] [0, 0, 0, 0]
[0, 0, 0, 0] [0, 0, 0, 0] [0, 0, 0, 0] [0, 0, 0, 0] [0, 0, 0, 0] [0, 0, 0, 0] [0, 0, 0, 0]
[0, 0, 0, 0] [0, 0, 0, 0] [0, 0, 0, 0] [20, 0, 0, 0] [3, 0, 0, 0] [0, 0, -1, 0] [0, 0, 0, 0]
[0, 0, 0, 0] [0, 0, 0, 0] [0, 0, 0, 20] [0, 0, 0, 0] [0, 20, 0, 0] [0, 0, 0, 0] [0, 0, 0, 0]
[0, 0, 0, 0] [0, 0, 0, 0] [0, -3, 0, 0] [0, 0, 20, 0] [0, 0, 0, 0] [0, 0, 0, 0] [0, 0, 0, 0]
[0, 0, 0, 0] [0, 0, 0, 0] [0, 0, 0, 0] [0, 0, 0, 0] [0, 0, 0, 0] [0, 0, 0, 0] [0, 0, 0, 0]
[0, 0, 0, 0] [0, 0, 0, 0] [0, 0, 0, 0] [0, 0, 0, 0] [0, 0, 0, 0] [0, 0, 0, 0] [0, 0, 0, 0]
------------------------------
ALIVE
Head: (2 6)
Body: (2 6) (3 6) (3 5) (4 5) (5 5) (6 5) (7 5) (7 4) (8 4) (9 4) 
Length: 10, 4
Vision: 3
Hungry, suplies: 3/6
Reproductive: 16, mutating: 0.25
Generation: 18
####################################
Wall (up, right, down, left):
[0, 0, 0, 0] [0, 0, 0, 0] [0, 0, 0, -3] [0, 0, 0, 0] [0, 0, 0, 0] [0, 0, 0, 0] [0, 0, 0, 0]
[0, 0, 0, 0] [0, 0, 0, 0] [0, 0, 0, 0] [0, 0, 0, 0] [0, 0, 0, 0] [0, 0, 0, 0] [0, 0, 0, 0]
[0, 0, 0, 0] [0, 0, 0, 0] [0, 0, 0, 0] [-20, 0, 0, 0] [0, 2, 0, 0] [-4, 0, 0, 0] [0, 0, 0, 0]
[0, 0, 0, 0] [0, 0, 0, 0] [0, 0, 0, -20] [0, 0, 0, 0] [0, -19, 0, 5] [0, 0, 0, 0] [0, 0, 0, 0]
[0, 0, 0, 0] [0, 0, 0, 0] [0, 0, 0, 0] [0, 0, -20, 0] [0, 0, 0, 0] [0, 0, 0, 0] [0, 0, 0, 0]
[0, 0, 0, 0] [0, 0, 0, 0] [1, 0, 0, 0] [0, 0, 0, 0] [0, 0, 0, 0] [0, 0, 0, 0] [0, 0, 0, 0]
[0, 0, 0, 0] [0, 0, 0, 0] [0, 0, 0, 0] [0, 0, 0, 0] [0, 0, 0, 0] [0, 0, 0, 0] [0, 0, 0, 5]
Food (up, right, down, left):
[0, 0, 0, 0] [0, 0, 0, 0] [-2, 0, 0, 0] [0, 0, 0, 0] [0, 0, 0, 0] [0, 0, 0, 0] [0, 0, 0, 0]
[0, 0, 0, 0] [0, 0, 0, 0] [0, 0, 0, 0] [0, 0, 0, 0] [0, 0, 0, 0] [0, 0, 0, 0] [0, 0, 0, 0]
[0, 0, 0, 0] [0, 0, 0, 0] [0, 0, 0, 0] [20, 0, 0, 0] [3, 0, 0, 0] [0, 0, -1, 0] [0, 0, 0, 0]
[0, 0, 0, 0] [0, 0, 0, 0] [0, 0, 0, 20] [0, 0, 0, 0] [3, 20, 0, 0] [0, 0, 0, 0] [0, 0, 0, 0]
[0, 0, 0, 0] [0, 0, 0, 0] [0, 0, 0, 0] [0, 0, 20, 0] [0, 0, 0, 0] [0, 0, 0, 0] [0, 0, 0, 0]
[0, 0, 0, 0] [0, 0, 0, 0] [0, 0, 0, 5] [0, 0, 0, 0] [0, 0, 0, 0] [0, 0, 0, 0] [0, 0, 0, 0]
[0, 0, 0, 0] [0, 0, 0, 0] [0, 0, 0, 0] [0, 0, 0, 0] [0, 0, 0, 0] [0, 0, 0, 0] [0, -1, 0, 0]
------------------------------
ALIVE
Head: (4 7)
Body: (4 7) (4 8) (4 9) (4 10) (4 11) (4 12) 
Length: 6, 4
Vision: 3
Hungry, suplies: 1/6
Reproductive: 16, mutating: 0.25
Generation: 17
####################################
Wall (up, right, down, left):
[0, 0, 0, 0] [0, 0, 0, 0] [0, 0, 0, -3] [0, 0, 0, 0] [0, 0, 0, 0] [0, 0, 0, 0] [0, 0, 0, 0]
[0, 0, 0, 0] [0, 0, 0, 0] [0, 0, 0, 0] [0, 0, 0, 0] [0, 0, 0, 0] [0, 0, 0, 0] [0, 0, 0, 0]
[0, 0, 0, 0] [0, 0, 0, 0] [0, 0, 0, 0] [-20, 0, 0, 0] [0, 2, 0, 0] [-4, 0, 0, 0] [0, 0, 0, 0]
[0, 0, 0, 0] [0, 0, 0, 0] [0, 0, 0, -20] [0, 0, 0, 0] [0, -19, 0, 5] [0, 0, 0, 0] [0, 0, 0, 0]
[0, 0, 0, 0] [0, 0, 0, 0] [0, 0, 0, 0] [0, 0, -20, 0] [0, 0, 0, 0] [0, 0, 0, 0] [0, 0, 0, 0]
[0, 0, 0, 0] [0, 0, 0, 0] [0, 0, 0, 0] [0, 0, 0, 0] [0, 0, 0, 0] [0, 0, 0, 0] [0, 0, 0, 0]
[0, 0, 0, 0] [0, 0, 0, 0] [0, 0, 0, 0] [0, 0, 0, 0] [0, 0, 0, 0] [0, 0, 0, 0] [0, 0, 0, 0]
Food (up, right, down, left):
[0, 0, 0, 0] [0, 0, 0, 0] [-2, 0, 0, 0] [0, 0, 0, 0] [0, 0, 0, 0] [0, 0, 0, 0] [0, 0, 0, 0]
[0, 0, 0, 0] [0, 0, 0, 0] [0, 0, 0, 0] [0, 0, 0, 0] [0, 0, 0, 0] [0, 0, 0, 0] [0, 0, 0, 0]
[0, 0, 0, 0] [0, 0, 0, 0] [0, 0, 0, 0] [20, 0, 0, 0] [3, 0, 0, 0] [0, 0, -1, 0] [0, 0, 0, 0]
[0, 0, 0, 0] [0, 0, 0, 0] [0, 0, 0, 20] [0, 0, 0, 0] [3, 20, 0, 0] [0, 0, 0, 0] [0, 0, 0, 0]
[0, 0, 0, 0] [0, 0, 0, 0] [0, 0, 0, 0] [0, 0, 20, 0] [0, 0, 0, 0] [0, 0, 0, 0] [0, 0, 0, 0]
[0, 0, 0, 0] [0, 0, 0, 0] [0, 0, 0, 0] [0, 0, 0, 0] [0, 0, 0, 0] [0, 0, 0, 0] [0, 0, 0, 0]
[0, 0, 0, 0] [0, 0, 0, 0] [0, 0, 0, 0] [0, 0, 0, 0] [0, 0, 0, 0] [0, 0, 0, 0] [0, 0, 0, 0]
------------------------------
ALIVE
Head: (17 2)
Body: (17 2) (17 3) (17 4) (17 5) (17 6) (17 7) (17 8) (17 9) (17 10) 
Length: 9, 4
Vision: 3
Hungry, suplies: 5/6
Reproductive: 16, mutating: 0.25
Generation: 16
####################################
Wall (up, right, down, left):
[0, 0, 0, 0] [0, 0, 0, 0] [0, 0, 0, 0] [0, 0, 1, 0] [0, 0, 0, 0] [0, 0, 0, 0] [0, 0, 0, 0]
[0, 0, 0, 0] [0, 0, 0, 0] [0, 0, 0, 0] [0, 0, 0, 0] [0, 0, 0, 0] [0, 0, 0, 0] [0, 0, 0, 0]
[0, 0, 0, 0] [0, 0, 0, 0] [0, 0, 0, 0] [-20, 0, 0, 0] [0, 2, 0, 0] [-4, 0, 0, 0] [0, 0, 0, 0]
[0, 0, 0, 0] [0, 0, 0, 0] [0, 0, 0, -20] [0, 0, 0, 0] [0, -20, 0, 5] [0, 0, 0, 0] [0, 0, 0, 0]
[0, 0, 0, 0] [0, 0, 0, 0] [0, 0, 0, 0] [0, 0, -20, 0] [0, 0, 0, 0] [0, 0, 0, 0] [0, 0, 0, 0]
[0, 0, 0, 0] [0, 0, 0, 0] [0, 0, 0, 0] [0, 0, 0, 0] [0, 0, 0, 0] [0, 0, 0, 0] [0, 0, 0, 0]
[0, 0, 0, 0] [0, 0, 0, 0] [0, 0, 0, 0] [0, 0, 0, 0] [0, 0, 0, 0] [0, 0, 0, 0] [0, 0, 0, 0]
Food (up, right, down, left):
[0, 0, 0, 0] [0, 0, 0, 0] [0, 0, 0, 0] [0, 0, 0, -1] [0, 0, 0, 0] [0, 0, 0, 0] [0, 0, 0, 0]
[0, 0, 0, 0] [0, 0, 0, 0] [0, 0, 0, 0] [0, 0, 0, 0] [0, 0, 0, 0] [0, 0, 0, 0] [0, 0, 0, 0]
[0, 0, 0, 0] [0, 0, 0, 0] [0, 0, 0, 0] [20, 0, 0, 0] [3, 0, 0, 0] [0, 0, -1, 0] [0, 0, 0, 0]
[0, 0, 0, 0] [0, 0, 0, 0] [0, 0, 0, 20] [0, 0, 0, 0] [0, 20, 0, 0] [0, 0, 0, 0] [0, 0, 0, 0]
[0, 0, 0, 0] [0, 0, 0, 0] [0, 0, 0, 0] [0, 0, 20, 0] [0, 0, 0, 0] [0, 0, 0, 0] [0, 0, 0, 0]
[0, 0, 0, 0] [0, 0, 0, 0] [0, 0, 0, 0] [0, 0, 0, 0] [0, 0, 0, 0] [0, 0, 0, 0] [0, 0, 0, 0]
[0, 0, 0, 0] [0, 0, 0, 0] [0, 0, 0, 0] [0, 0, 0, 0] [0, 0, 0, 0] [0, 0, 0, 0] [0, 0, 0, 0]
------------------------------
ALIVE
Head: (24 19)
Body: (24 19) (24 18) (24 17) (23 17) (23 16) (23 15) (23 14) (23 13) 
Length: 8, 4
Vision: 3
Hungry, suplies: 1/6
Reproductive: 16, mutating: 0.25
Generation: 13
####################################
Wall (up, right, down, left):
[0, 0, 0, 0] [0, 0, 0, 0] [0, 0, 0, -3] [0, 0, 0, 0] [0, 0, 0, 0] [0, 0, 0, 0] [0, 0, 0, 0]
[0, 0, 0, 0] [0, 0, 0, 0] [0, 0, 0, 0] [0, 0, 0, 0] [0, 0, 0, 0] [0, 0, 0, 0] [0, 0, 0, 0]
[0, 0, 0, 0] [0, 0, 0, 0] [0, 0, 0, 0] [-20, 0, 0, 0] [0, 2, 0, 0] [-4, 0, 0, 0] [0, 0, 0, 0]
[0, 0, 0, 0] [0, 0, 0, 0] [0, 0, 0, -20] [0, 0, 0, 0] [0, -19, 0, 5] [0, 0, 0, 0] [0, 0, 0, 0]
[0, 0, 0, 0] [0, 0, 0, 0] [0, 0, 0, 0] [0, 0, -20, 0] [0, 0, 0, 0] [0, 0, 0, 0] [0, 0, 0, 0]
[0, 0, 0, 0] [0, 0, 0, 0] [0, 0, 0, 0] [0, 0, 0, 0] [0, 0, 0, 0] [0, 0, 0, 0] [0, 0, 0, 0]
[0, 0, 0, 0] [0, 0, 0, 0] [0, 0, 0, 0] [0, 0, 0, 0] [0, 0, 0, 0] [0, 0, 0, 0] [0, 0, 0, 0]
Food (up, right, down, left):
[0, 0, 0, 0] [0, 0, 0, 0] [-2, 0, 0, 0] [0, 0, 0, 0] [0, 0, 0, 0] [0, 0, 0, 0] [0, 0, 0, 0]
[0, 0, 0, 0] [0, 0, 0, 0] [0, 0, 0, 0] [0, 0, 0, 0] [0, 0, 0, 0] [0, 0, 0, 0] [0, 0, 0, 0]
[0, 0, 0, 0] [0, 0, 0, 0] [0, 0, 0, 0] [20, 0, 0, 0] [3, 0, 0, 0] [0, 0, -1, 0] [0, 0, 0, 0]
[0, 0, 0, 0] [0, 0, 0, 0] [0, 0, 0, 20] [0, 0, 0, 0] [3, 20, 0, 0] [0, 0, 0, 0] [0, 0, 0, 0]
[0, 0, 0, 0] [0, 0, 0, 0] [0, 0, 0, 0] [0, 0, 20, 0] [0, 0, 0, 0] [0, 0, 0, 0] [0, 0, 0, 0]
[0, 0, 0, 0] [0, 0, 0, 0] [0, 0, 0, 0] [0, 0, 0, 0] [0, 0, 0, 0] [0, 0, 0, 0] [0, 0, 0, 0]
[0, 0, 0, 0] [0, 0, 0, 0] [0, 0, 0, 0] [0, 0, 0, 0] [0, 0, 0, 0] [0, 0, 0, 0] [0, 0, 0, 0]
------------------------------
ALIVE
Head: (13 53)
Body: (13 53) (13 54) (12 54) (12 53) (12 52) (12 51) (12 50) (13 50) (13 49) (13 48) (12 48) (11 48) (10 48) (10 47) 
Length: 14, 4
Vision: 3
Hungry, suplies: 6/6
Reproductive: 16, mutating: 0.25
Generation: 15
####################################
Wall (up, right, down, left):
[0, 0, 0, 0] [0, 0, 0, 0] [0, 0, 0, 0] [0, 0, 1, 0] [0, 0, 0, 0] [0, 0, 0, 0] [0, 0, 0, 0]
[0, 0, 0, 0] [0, 0, 0, 0] [0, 0, 0, 0] [0, 0, 0, 0] [0, 0, 0, 0] [0, 0, 0, 0] [0, 0, 0, 0]
[0, 0, 0, 0] [0, 0, 0, 0] [0, 0, 0, 0] [-20, 0, 0, 0] [0, 2, 0, 0] [-4, 0, 0, 0] [0, 0, 0, 0]
[0, 0, 0, 0] [0, 0, 0, 0] [0, 0, 0, -20] [0, 0, 0, 0] [0, -20, 0, 5] [0, 0, 0, 0] [0, 0, 0, 0]
[0, 0, 0, 0] [0, 0, 0, 0] [0, 0, 0, 0] [0, 0, -20, 0] [0, 0, 0, 0] [0, 0, 0, 0] [0, 0, 0, 0]
[0, 0, 0, 0] [0, 0, 0, 0] [0, 0, 0, 0] [0, 0, 0, 0] [0, 0, 0, 0] [0, 0, 0, 0] [0, 0, 0, 0]
[0, 0, 0, 0] [0, 0, 0, 0] [0, 0, 0, 0] [0, 0, 0, 0] [0, 0, 0, 0] [0, 0, 0, 0] [0, 0, 0, 0]
Food (up, right, down, left):
[0, 0, 0, 0] [0, 0, 0, 0] [0, 0, 0, 0] [0, 0, 0, -1] [0, 0, 0, 0] [0, 0, 0, 0] [0, 0, 0, 0]
[0, 0, 0, 0] [0, 0, 0, 0] [0, 0, 0, 0] [0, 0, 0, 0] [0, 0, 0, 0] [0, 0, 0, 0] [0, 0, 0, 0]
[0, 0, 0, 0] [0, 0, 0, 0] [0, 0, 0, 0] [20, 0, 0, 0] [3, 0, 0, 0] [0, 0, -1, 0] [0, 0, 0, 0]
[0, 0, 0, 0] [0, 0, 0, 0] [0, 0, 0, 20] [0, 0, 0, 0] [0, 20, 0, 0] [0, 0, 0, 0] [0, 0, 0, 0]
[0, 0, 0, 0] [0, 0, 0, 0] [0, 0, 0, 0] [0, 0, 20, 0] [0, 0, 0, 0] [0, 0, 0, 0] [0, 0, 0, 0]
[0, 0, 0, 0] [0, 0, 0, 0] [0, 0, 0, 0] [0, 0, 0, 0] [0, 0, 0, 0] [0, 0, 0, 0] [0, 0, 0, 0]
[0, 0, 0, 0] [0, 0, 0, 0] [0, 0, 0, 0] [0, 0, 0, 0] [0, 0, 0, 0] [0, 0, 0, 0] [0, 0, 0, 0]
------------------------------
ALIVE
Head: (17 30)
Body: (17 30) (17 29) (17 28) (17 27) (17 26) (17 25) (17 24) (18 24) (19 24) 
Length: 9, 4
Vision: 3
Hungry, suplies: 1/6
Reproductive: 16, mutating: 0.25
Generation: 14
####################################
