Wall (up, right, down, left):
[3, -12, -24, 5] [3, -1, 2, 3] [-2, 2, 3, -20] [14, 12, -2, 10] [-12, 20, 9, -20] [-6, 4, 6, -12] [-25, -13, -6, -6]
[9, 0, 3, -7] [3, 8, 6, -2] [-10, 6, 3, 0] [-23, 10, 2, 17] [27, 8, 0, 0] [-12, 3, 11, 2] [-13, -11, 18, 2]
[-7, 11, 21, -4] [7, 10, -1, 24] [-8, 2, 19, -7] [-50, 18, 37, 25] [-34, -21, -21, 14] [-3, -23, -2, 34] [-11, 3, 3, 1]
[1, -1, -2, -24] [5, 6, 9, -20] [1, 26, 13, -85] [0, 0, 0, 0] [19, -78, 8, 5] [23, -5, -10, 16] [9, -8, 10, 11]
[-25, -9, -7, -14] [9, 21, -6, 4] [-4, 13, -15, 1] [16, 10, -44, 18] [2, -1, -8, 32] [11, 11, -12, 18] [0, -17, 11, -7]
[7, 20, -12, 6] [-11, -4, -8, -18] [6, 6, 7, -2] [-1, -9, -16, 3] [11, 2, 0, 13] [23, -1, -1, -1] [20, 5, 1, 8]
[-5, -15, -8, -21] [16, -9, -12, -12] [-19, -5, 8, -3] [-1, 21, -12, -1] [24, 15, 9, 2] [27, -1, -14, 4] [13, 3, -4, -8]
Food (up, right, down, left):
[31, 14, 0, 16] [-11, 9, -10, -15] [7, -7, -23, 7] [-9, -9, 24, 1] [-13, 17, -4, 23] [2, -22, 0, -2] [-22, 13, -5, -25]
[-33, -10, -10, -10] [-5, -13, 6, 0] [4, 7, 10, 31] [-11, 15, -16, 18] [6, -2, 11, -27] [13, -13, -11, 27] [-9, -15, -11, 1]
[-17, 18, 1, -16] [-12, -8, -1, -2] [-32, -33, -24, -2] [24, -22, 13, -17] [-10, -14, 7, -13] [6, 2, -18, -15] [-6, 15, 17, 12]
[1, -1, 19, 18] [-24, -10, -24, 13] [2, 15, -21, -19] [0, 0, 0, 0] [-33, 26, -12, 6] [-14, -3, -24, 3] [4, 5, -4, -6]
[9, 10, 0, 13] [2, 5, 6, -1] [7, -10, 28, 7] [-10, -13, 23, -8] [-8, -9, 14, -19] [-13, 31, 12, 6] [7, 10, 8, -41]
[7, -5, 13, -3] [24, -9, 25, 15] [5, 9, -10, 11] [-15, -17, 9, -28] [-21, -6, -7, -12] [-9, 18, -17, 15] [16, 33, -12, 2]
[-8, -4, -17, -18] [17, -2, 12, -7] [6, 11, 5, -9] [-8, -13, 27, -31] [30, 27, -5, 2] [2, 17, 10, 19] [8, -13, 15, -2]
------------------------------
ALIVE
Head: (15 16)
Body: (15 16) (16 16) (16 15) (16 14) (16 13) (17 13) (17 12) (17 11) (17 10) (17 9) (18 9) (18 8) (18 7) 
Length: 13, 4
Vision: 3
Hungry, suplies: 1/10
Reproductive: 16, mutating: 0.25
Generation: 20354
####################################
Wall (up, right, down, left):
[3, -12, -24, 5] [3, -1, 2, 3] [-2, 2, 3, -20] [14, 12, -2, 10] [-12, 20, 9, -20] [-6, -1, 6, -12] [-25, -13, -6, -6]
[9, 0, 3, -7] [3, 8, 6, -2] [-10, 6, 3, 0] [-23, 10, 2, 17] [27, 8, 0, 0] [-12, 3, 11, 4] [-13, -11, 18, 2]
[-7, 11, 21, -4] [7, 13, -1, 30] [-8, 2, 19, -7] [-50, 18, 37, 25] [-34, -21, -21, 14] [-3, -23, 2, 34] [-11, 3, 3, 1]
[1, -1, -2, -24] [5, 6, 9, -20] [1, 26, 13, -85] [0, 0, 0, 0] [19, -78, 8, 5] [23, -5, -10, 16] [9, -8, 10, 11]
[-25, -9, -7, -14] [9, 21, -6, 4] [-4, 13, -17, 1] [16, 10, -44, 18] [2, -1, -8, 32] [11, 11, -12, 18] [0, -17, 11, -3]
[7, 20, -12, 6] [-11, -4, -8, -18] [6, 6, 7, -2] [-1, -9, -16, 3] [11, 2, 0, 13] [23, -1, -1, -1] [20, 5, 1, 8]
[-5, -15, -8, -21] [11, -9, -12, -12] [-19, -5, 8, -3] [-1, 21, -12, -1] [24, 15, 9, 2] [27, -1, -14, 4] [13, 3, -4, -8]
Food (up, right, down, left):
[31, 14, 0, 16] [-11, 9, -10, -15] [7, -7, -23, 7] [-9, -9, 24, 1] [-13, 17, -4, 23] [2, -22, 4, -2] [-22, 13, -5, -25]
[-33, -10, -10, -10] [-5, -13, 6, 0] [4, 7, 10, 31] [-11, 15, -16, 18] [6, -2, 11, -27] [15, -13, -11, 27] [-9, -15, -11, 1]
[-17, 18, 1, -16] [-11, -4, -1, -2] [-32, -33, -24, -2] [24, -22, 13, -17] [-10, -14, 7, -13] [6, 2, -13, -15] [-6, 15, 17, 12]
[1, -1, 19, 18] [-24, -10, -24, 13] [2, 15, -21, -19] [0, 0, 0, 0] [-33, 26, -12, 6] [-14, -3, -24, 3] [4, 5, -4, -6]
[9, 10, 0, 13] [2, 5, 6, -1] [7, -10, 33, 7] [-10, -13, 23, -8] [-8, -9, 14, -19] [-13, 31, 12, 6] [7, 10, 5, -41]
[7, -5, 13, -3] [24, -9, 25, 15] [5, 9, -10, 11] [-15, -17, 9, -28] [-21, -6, -7, -12] [-9, 18, -17, 15] [16, 33, -12, 2]
[-8, -4, -17, -18] [17, -2, 9, -7] [6, 11, 5, -9] [-8, -13, 27, -31] [30, 27, -5, 2] [2, 17, 10, 19] [8, -13, 15, -2]
------------------------------
ALIVE
Head: (10 16)
Body: (10 16) (10 17) (10 18) (10 19) (10 20) (11 20) (11 19) (11 18) (12 18) (12 19) 
Length: 10, 4
Vision: 3
Hungry, suplies: 10/10
Reproductive: 16, mutating: 0.25
Generation: 20350
####################################
Wall (up, right, down, left):
[3, -12, -24, 5] [3, -1, 2, 3] [-2, 2, 3, -20] [14, 12, -2, 10] [-12, 20, 9, -20] [-6, 4, 6, -12] [-25, -13, -6, -6]
[9, 0, 3, -7] [3, 8, 6, -2] [-10, 6, 3, 0] [-23, 10, 2, 17] [27, 8, 0, 0] [-12, 3, 11, 4] [-13, -11, 18, 2]
[-7, 11, 21, -4] [7, 13, -1, 24] [-8, 2, 19, -7] [-50, 18, 37, 25] [-34, -21, -21, 14] [-3, -23, 2, 34] [-11, 3, 3, 1]
[1, -1, -2, -24] [5, 6, 9, -20] [1, 26, 13, -85] [0, 0, 0, 0] [19, -78, 8, 5] [23, -5, -10, 16] [9, -8, 10, 11]
[-25, -9, -7, -19] [9, 21, -6, 4] [-4, 13, -15, 1] [16, 10, -44, 18] [2, -1, -8, 32] [11, 11, -12, 18] [0, -17, 11, -7]
[7, 20, -12, 6] [-11, -4, -8, -18] [6, 6, 7, -2] [-1, -9, -16, 3] [11, 2, 0, 13] [23, -1, -1, -1] [20, 5, 1, 8]
[-5, -15, -8, -21] [11, -9, -12, -12] [-19, -5, 8, -3] [-1, 21, -12, -1] [24, 15, 9, 2] [27, -1, -14, 4] [13, 3, -4, -8]
Food (up, right, down, left):
[31, 14, 0, 16] [-11, 9, -10, -15] [7, -7, -23, 7] [-9, -9, 24, 1] [-13, 17, -4, 23] [2, -22, 0, -2] [-22, 13, -5, -25]
[-33, -10, -10, -10] [-5, -13, 6, 0] [4, 7, 10, 31] [-11, 15, -16, 18] [6, -2, 11, -27] [15, -13, -11, 27] [-9, -15, -11, 1]
[-17, 18, 1, -16] [-12, -3, -1, -2] [-32, -33, -24, -2] [24, -22, 13, -17] [-10, -14, 7, -13] [6, 2, -13, -15] [-6, 15, 17, 12]
[1, -1, 19, 18] [-24, -10, -24, 13] [2, 15, -21, -19] [0, 0, 0, 0] [-33, 26, -12, 6] [-14, -3, -24, 3] [4, 5, -4, -6]
[9, 10, -5, 13] [2, 5, 6, -1] [7, -10, 28, 7] [-10, -13, 23, -8] [-8, -9, 14, -19] [-13, 31, 12, 6] [7, 10, 8, -41]
[7, -5, 13, -3] [24, -9, 25, 15] [5, 9, -10, 11] [-15, -17, 9, -28] [-21, -6, -7, -12] [-9, 18, -17, 15] [16, 33, -12, 2]
[-8, -4, -17, -18] [17, -2, 9, -7] [6, 11, 5, -9] [-8, -13, 27, -31] [30, 27, -5, 2] [2, 17, 10, 19] [8, -13, 15, -2]
------------------------------
ALIVE
Head: (12 24)
Body: (12 24) (12 23) (12 22) (12 21) (11 21) (10 21) (9 21) (8 21) (8 20) (8 19) (8 18) (9 18) (9 17) (9 16) 
Length: 14, 4
Vision: 3
Hungry, suplies: 5/10
Reproductive: 16, mutating: 0.25
Generation: 20355
####################################
Wall (up, right, down, left):
[3, -12, -24, 5] [3, -1, 2, 3] [-2, 2, 3, -20] [14, 12, -2, 10] [-12, 20, 9, -20] [-6, 4, 6, -12] [-25, -13, -6, -6]
[9, 0, 3, -7] [3, 8, 6, -2] [-10, 6, 3, 0] [-23, 10, 2, 17] [27, 8, 0, 0] [-12, 3, 11, 4] [-13, -11, 18, 2]
[-7, 11, 21, -4] [7, 13, -1, 24] [-8, 2, 19, -7] [-50, 18, 37, 25] [-34, -21, -21, 14] [-3, -23, 2, 34] [-11, 3, 3, 1]
[1, -1, -2, -24] [5, 6, 9, -20] [1, 26, 13, -85] [0, 0, 0, 0] [19, -78, 8, 5] [23, -5, -10, 16] [9, -8, 10, 11]
[-25, -9, -7, -14] [9, 21, -6, 4] [-4, 13, -15, 1] [15, 10, -44, 18] [2, -1, -8, 32] [11, 11, -12, 18] [0, -17, 11, -7]
[7, 20, -12, 6] [-11, -4, -8, -18] [6, 6, 7, -2] [-1, -9, -16, 3] [11, 2, 0, 13] [23, -1, -1, -1] [20, 5, 1, 8]
[-5, -15, -8, -21] [11, -9, -12, -12] [-19, -5, 8, -3] [-1, 21, -12, -1] [24, 15, 9, 2] [27, -1, -14, 4] [13, 3, -4, -8]
Food (up, right, down, left):
[31, 14, 0, 16] [-11, 9, -10, -15] [7, -7, -23, 7] [-9, -9, 24, 1] [-13, 17, -4, 23] [2, -22, 0, -2] [-22, 13, -5, -25]
[-33, -10, -10, -10] [-5, -13, 6, 0] [4, 7, 10, 31] [-11, 15, -16, 18] [6, -2, 11, -27] [15, -13, -11, 27] [-9, -15, -11, 1]
[-17, 18, 1, -16] [-12, -3, -1, -2] [-32, -33, -24, -2] [24, -22, 13, -17] [-10, -14, 7, -13] [6, 2, -13, -15] [-6, 15, 17, 12]
[1, -1, 19, 18] [-24, -10, -24, 13] [2, 15, -21, -19] [0, 0, 0, 0] [-33, 26, -12, 6] [-14, -3, -24, 3] [4, 5, -4, -6]
[9, 10, 0, 13] [2, 5, 6, -1] [7, -10, 28, 7] [-10, -13, 19, -8] [-8, -9, 14, -19] [-13, 31, 12, 6] [7, 10, 8, -41]
[7, -5, 13, -3] [24, -9, 25, 15] [5, 9, -10, 11] [-15, -17, 9, -28] [-21, -6, -7, -12] [-9, 18, -17, 15] [16, 33, -12, 2]
[-8, -4, -17, -18] [17, -2, 9, -7] [6, 11, 5, -9] [-8, -13, 27, -31] [30, 27, -5, 2] [2, 17, 10, 19] [8, -13, 15, -2]
------------------------------
ALIVE
Head: (19 28)
Body: (19 28) (19 29) (20 29) (21 29) (22 29) (23 29) (-1 29) (0 29) (0 30) 
Length: 9, 4
Vision: 3
Hungry, suplies: 10/10
Reproductive: 16, mutating: 0.25
Generation: 20355
####################################
Wall (up, right, down, left):
[3, -12, -24, 5] [3, -1, 2, 3] [-2, 2, 3, -20] [14, 12, -2, 10] [-12, 20, 9, -20] [-6, 4, 6, -12] [-25, -13, -6, -6]
[9, 0, 3, -7] [3, 8, 6, -2] [-10, 6, 3, 0] [-23, 10, 2, 17] [27, 8, 0, 0] [-12, 3, 11, 4] [-13, -11, 18, 2]
[-7, 11, 21, -4] [7, 10, -1, 24] [-8, 2, 19, -7] [-50, 18, 37, 25] [-34, -21, -21, 14] [-3, -23, -2, 34] [-11, 3, 3, 1]
[1, -1, -2, -24] [5, 6, 9, -20] [1, 26, 13, -85] [0, 0, 0, 0] [19, -78, 8, 5] [23, -5, -10, 16] [9, -8, 10, 11]
[-25, -9, -7, -14] [9, 21, -6, 4] [-4, 13, -15, 1] [16, 10, -44, 18] [2, -1, -8, 32] [11, 11, -12, 18] [0, -17, 11, -7]
[7, 20, -12, 6] [-11, -4, -8, -18] [6, 6, 7, -2] [-1, -9, -16, 3] [11, 2, 0, 13] [23, -1, -1, -1] [20, 5, 1, 8]
[-5, -15, -8, -21] [16, -9, -12, -12] [-19, -5, 8, -3] [-1, 21, -12, -1] [24, 15, 9, 2] [27, -1, -14, 4] [13, 3, -4, -8]
Food (up, right, down, left):
[31, 14, 0, 16] [-11, 9, -10, -15] [7, -7, -23, 7] [-9, -9, 24, 1] [-13, 17, -4, 23] [2, -22, 0, -2] [-22, 13, -5, -25]
[-33, -10, -10, -10] [-5, -13, 6, 0] [4, 7, 10, 31] [-11, 15, -16, 18] [6, -2, 11, -27] [15, -13, -11, 27] [-9, -15, -11, 1]
[-17, 18, 1, -16] [-12, -8, -1, -2] [-32, -33, -24, -2] [24, -22, 13, -17] [-10, -14, 7, -13] [6, 2, -18, -15] [-6, 15, 17, 12]
[1, -1, 19, 18] [-24, -10, -24, 13] [2, 15, -21, -19] [0, 0, 0, 0] [-33, 26, -12, 6] [-14, -3, -24, 3] [4, 5, -4, -6]
[9, 10, 0, 13] [2, 5, 6, -1] [7, -10, 28, 7] [-10, -13, 23, -8] [-8, -9, 14, -19] [-13, 31, 12, 6] [7, 10, 8, -41]
[7, -5, 13, -3] [24, -9, 25, 15] [5, 9, -10, 11] [-15, -17, 9, -28] [-21, -6, -7, -12] [-9, 18, -17, 15] [16, 33, -12, 2]
[-8, -4, -17, -18] [17, -2, 12, -7] [6, 11, 5, -9] [-8, -13, 27, -31] [30, 27, -5, 2] [2, 17, 10, 19] [8, -13, 15, -2]
------------------------------
ALIVE
Head: (7 6)
Body: (7 6) (8 6) (8 5) (8 4) (8 3) (9 3) (9 2) (9 1) 
Length: 8, 4
Vision: 3
Hungry, suplies: 9/10
Reproductive: 16, mutating: 0.25
Generation: 20355
####################################
Wall (up, right, down, left):
[3, -12, -24, 5] [3, -1, 2, 3] [-2, 2, 3, -20] [14, 12, -2, 10] [-12, 20, 9, -20] [-6, 4, 6, -12] [-25, -13, -6, -6]
[9, 0, 3, -7] [3, 8, 6, -2] [-10, 6, 3, 0] [-23, 10, 2, 17] [27, 8, 0, 0] [-12, 3, 11, 4] [-13, -11, 18, 2]
[-7, 11, 21, -4] [7, 13, -1, 24] [-8, 2, 19, -7] [-50, 18, 37, 25] [-34, -21, -21, 14] [-3, -23, 2, 34] [-11, 3, 3, 1]
[1, -1, -2, -24] [5, 6, 9, -20] [1, 26, 13, -85] [0, 0, 0, 0] [19, -78, 8, 5] [23, -5, -10, 16] [9, -8, 10, 11]
[-25, -9, -7, -14] [9, 21, -6, 4] [-4, 13, -15, 1] [15, 10, -44, 18] [2, -1, -8, 32] [11, 11, -12, 18] [0, -17, 11, -7]
[7, 20, -12, 6] [-11, -4, -8, -18] [6, 6, 7, -2] [-1, -9, -16, 3] [11, 2, 0, 13] [23, -1, -1, -1] [20, 5, 1, 8]
[-5, -15, -8, -21] [11, -9, -12, -12] [-19, -5, 8, -3] [-1, 21, -12, -1] [24, 15, 9, 2] [27, -1, -14, 4] [13, 3, -4, -8]
Food (up, right, down, left):
[31, 14, 0, 16] [-11, 9, -10, -15] [7, -7, -23, 7] [-9, -9, 24, 1] [-13, 17, -4, 23] [2, -22, 0, -2] [-22, 13, -5, -25]
[-33, -10, -10, -10] [-5, -13, 6, 0] [4, 7, 10, 31] [-11, 15, -16, 18] [6, -2, 11, -27] [15, -13, -11, 27] [-9, -15, -11, 1]
[-17, 18, 1, -16] [-12, -3, -1, -2] [-32, -33, -24, -2] [24, -22, 13, -17] [-10, -14, 7, -13] [6, 2, -13, -15] [-6, 15, 17, 12]
[1, -1, 19, 18] [-24, -10, -24, 13] [2, 15, -21, -19] [0, 0, 0, 0] [-33, 26, -12, 6] [-14, -3, -24, 3] [4, 5, -4, -6]
[9, 10, 0, 13] [2, 5, 6, -1] [7, -10, 28, 7] [-10, -13, 19, -8] [-8, -9, 14, -19] [-13, 31, 12, 6] [7, 10, 8, -41]
[7, -5, 13, -3] [24, -9, 25, 15] [5, 9, -10, 11] [-15, -17, 9, -28] [-21, -6, -7, -12] [-9, 18, -17, 15] [16, 33, -12, 2]
[-8, -4, -17, -18] [17, -2, 9, -7] [6, 11, 5, -9] [-8, -13, 27, -31] [30, 27, -5, 2] [2, 17, 10, 19] [8, -13, 15, -2]
------------------------------
ALIVE
Head: (9 10)
Body: (9 10) (9 9) (9 8) (9 7) (10 7) (10 6) (10 5) (10 4) (11 4) 
Length: 9, 4
Vision: 3
Hungry, suplies: 7/10
Reproductive: 16, mutating: 0.25
Generation: 20356
####################################
Wall (up, right, down, left):
[3, -8, -24, 5] [3, -1, 2, 3] [-2, 2, 3, -20] [14, 12, -2, 10] [-12, 20, 9, -20] [-6, 4, 6, -12] [-25, -13, -6, -6]
[9, 0, 3, -7] [3, 8, 6, -2] [-10, 6, 3, 0] [-23, 10, 2, 17] [27, 8, 0, 0] [-12, 3, 11, 4] [-13, -11, 17, 2]
[-7, 11, 21, -4] [7, 13, -1, 25] [-8, 2, 24, -7] [-50, 18, 37, 25] [-34, -21, -21, 14] [-3, -23, 2, 34] [-11, 3, 7, 1]
[1, -1, -2, -24] [5, 4, 9, -20] [1, 26, 13, -85] [0, 0, 0, 0] [19, -78, 8, 5] [23, -5, -10, 16] [9, -8, 10, 11]
[-25, -9, -7, -14] [9, 21, -6, 4] [-4, 13, -15, 1] [16, 10, -44, 18] [2, -1, -8, 32] [11, 11, -12, 18] [0, -17, 11, -3]
[7, 20, -12, 6] [-11, -4, -8, -18] [6, 6, 7, -2] [-1, -9, -16, 3] [11, 2, 0, 13] [23, -1, -1, -1] [20, 5, 1, 8]
[-5, -15, -8, -21] [15, -9, -12, -12] [-19, -5, 8, -3] [-1, 21, -12, -1] [24, 15, 9, 2] [27, -1, -14, 4] [13, 3, -4, -8]
Food (up, right, down, left):
[31, 14, -4, 16] [-11, 9, -10, -15] [7, -7, -23, 7] [-9, -9, 24, 1] [-13, 17, -4, 23] [2, -22, 0, -2] [-22, 13, -5, -25]
[-33, -10, -10, -10] [-5, -13, 6, 0] [4, 7, 10, 31] [-11, 15, -16, 18] [6, -2, 11, -27] [15, -13, -11, 27] [-9, -15, -11, -2]
[-17, 18, 1, -16] [-11, -3, -1, -2] [-32, -29, -24, -2] [24, -22, 13, -17] [-10, -14, 7, -13] [6, 2, -13, -15] [-7, 15, 17, 12]
[1, -1, 19, 18] [-24, -10, -24, 17] [2, 15, -21, -19] [0, 0, 0, 0] [-33, 26, -12, 6] [-14, -3, -24, 3] [4, 5, -4, -6]
[9, 10, 0, 13] [2, 5, 6, -1] [7, -10, 28, 7] [-10, -13, 23, -8] [-8, -9, 14, -19] [-13, 31, 12, 6] [7, 10, 5, -41]
[7, -5, 13, -3] [24, -9, 25, 15] [5, 9, -10, 11] [-15, -17, 9, -28] [-21, -6, -7, -12] [-9, 18, -17, 15] [16, 33, -12, 2]
[-8, -4, -17, -18] [17, -2, 9, -12] [6, 11, 5, -9] [-8, -13, 27, -31] [30, 27, -5, 2] [2, 17, 10, 19] [8, -13, 15, -2]
------------------------------
ALIVE
Head: (18 41)
Body: (18 41) (18 42) (18 43) (19 43) (19 42) (20 42) (20 41) (21 41) (21 42) 
Length: 9, 4
Vision: 3
Hungry, suplies: 10/10
Reproductive: 16, mutating: 0.25
Generation: 20359
####################################
Wall (up, right, down, left):
[3, -12, -24, 5] [3, -1, 2, 3] [-2, 2, 3, -20] [14, 12, -2, 10] [-12, 20, 9, -20] [-6, 4, 6, -12] [-25, -13, -6, -6]
[9, 0, 3, -7] [3, 8, 6, -2] [-10, 6, 3, 0] [-23, 10, 2, 17] [27, 8, 0, 0] [-12, 3, 11, 2] [-13, -11, 18, 2]
[-7, 11, 21, -4] [7, 10, -1, 24] [-8, 2, 19, -7] [-50, 18, 37, 25] [-34, -21, -21, 14] [-3, -23, -2, 34] [-11, 3, 3, 1]
[1, -1, -2, -24] [5, 6, 9, -20] [1, 26, 13, -85] [0, 0, 0, 0] [19, -78, 8, 5] [23, -5, -10, 16] [9, -8, 10, 11]
[-25, -9, -7, -14] [9, 21, -6, 4] [-4, 13, -15, 1] [16, 10, -44, 18] [2, -1, -8, 32] [11, 11, -12, 18] [0, -17, 11, -7]
[7, 20, -12, 6] [-11, -4, -8, -18] [6, 6, 7, -2] [-1, -9, -16, 3] [11, 2, 0, 13] [23, -1, -1, -1] [20, 5, 1, 8]
[-5, -15, -8, -21] [16, -9, -12, -12] [-19, -5, 8, -3] [-1, 21, -12, -1] [24, 15, 9, 2] [27, -1, -14, 4] [13, 3, -4, -8]
Food (up, right, down, left):
[31, 14, 0, 16] [-11, 9, -10, -15] [7, -7, -23, 7] [-9, -9, 24, 1] [-13, 17, -4, 23] [2, -22, 0, -2] [-22, 13, -5, -25]
[-33, -10, -10, -10] [-5, -13, 6, 0] [4, 7, 10, 31] [-11, 15, -16, 18] [6, -2, 11, -27] [13, -13, -11, 27] [-9, -15, -11, 1]
[-17, 18, 1, -16] [-12, -8, -1, -2] [-32, -33, -24, -2] [24, -22, 13, -17] [-10, -14, 7, -13] [6, 2, -18, -15] [-6, 15, 17, 12]
[1, -1, 19, 18] [-24, -10, -24, 13] [2, 15, -21, -19] [0, 0, 0, 0] [-33, 26, -12, 6] [-14, -3, -24, 3] [4, 5, -4, -6]
[9, 10, 0, 13] [2, 5, 6, -1] [7, -10, 28, 7] [-10, -13, 23, -8] [-8, -9, 14, -19] [-13, 31, 12, 6] [7, 10, 8, -41]
[7, -5, 13, -3] [24, -9, 25, 15] [5, 9, -10, 11] [-15, -17, 9, -28] [-21, -6, -7, -12] [-9, 18, -17, 15] [16, 33, -12, 2]
[-8, -4, -17, -18] [17, -2, 12, -7] [6, 11, 5, -9] [-8, -13, 27, -31] [30, 27, -5, 2] [2, 17, 10, 19] [8, -13, 15, -2]
------------------------------
ALIVE
Head: (20 1)
Body: (20 1) (20 0) (19 57) (19 56) (19 55) (19 54) (19 53) (18 53) 
Length: 8, 4
Vision: 3
Hungry, suplies: 10/10
Reproductive: 16, mutating: 0.25
Generation: 20356
####################################
Wall (up, right, down, left):
[3, -12, -24, 5] [3, -1, 2, 3] [-2, 2, 3, -20] [14, 12, -2, 10] [-12, 20, 9, -20] [-6, 4, 6, -12] [-25, -13, -6, -6]
[9, 0, 3, -7] [3, 8, 6, -2] [-10, 6, 3, 0] [-23, 10, 2, 17] [27, 8, 0, 0] [-12, 3, 11, 4] [-13, -11, 18, 2]
[-7, 11, 21, -4] [7, 13, -1, 24] [-8, 2, 19, -7] [-50, 18, 37, 25] [-34, -21, -21, 14] [-3, -23, 2, 34] [-11, 3, 3, 1]
[1, -1, -2, -28] [5, 6, 9, -20] [1, 26, 13, -85] [0, 0, 0, 0] [19, -78, 8, 5] [23, -5, -10, 16] [9, -8, 10, 11]
[-25, -9, -7, -14] [9, 21, -6, 4] [-4, 13, -15, 1] [16, 10, -44, 18] [2, -1, -8, 32] [11, 11, -12, 18] [0, -17, 11, -7]
[7, 20, -12, 6] [-11, -4, -8, -18] [6, 6, 7, -2] [-1, -9, -16, 3] [11, 2, 0, 13] [23, -1, -1, -1] [20, 5, 1, 8]
[-5, -15, -8, -21] [11, -9, -12, -12] [-19, -5, 8, -3] [-1, 21, -12, -1] [24, 15, 9, 2] [27, -1, -14, 4] [13, 3, -4, -8]
Food (up, right, down, left):
[31, 14, 0, 16] [-11, 9, -10, -15] [7, -7, -23, 7] [-9, -9, 24, 1] [-13, 17, -4, 23] [2, -22, 0, -2] [-22, 13, -5, -25]
[-33, -10, -10, -10] [-5, -13, 6, 0] [4, 7, 10, 31] [-11, 15, -16, 18] [6, -2, 11, -27] [15, -13, -11, 27] [-9, -15, -11, 1]
[-17, 18, 1, -16] [-12, -3, -1, -2] [-32, -33, -24, -2] [24, -22, 13, -17] [-10, -14, 7, -13] [6, 2, -13, -15] [-6, 15, 17, 12]
[1, -1, 16, 18] [-24, -10, -24, 13] [2, 15, -21, -19] [0, 0, 0, 0] [-33, 26, -12, 6] [-14, -3, -24, 3] [4, 5, -4, -6]
[9, 10, 0, 13] [2, 5, 6, -1] [7, -10, 28, 7] [-10, -13, 23, -8] [-8, -9, 14, -19] [-13, 31, 12, 6] [7, 10, 8, -41]
[7, -5, 13, -3] [24, -9, 25, 15] [5, 9, -10, 11] [-15, -17, 9, -28] [-21, -6, -7, -12] [-9, 18, -17, 15] [16, 33, -12, 2]
[-8, -4, -17, -18] [17, -2, 9, -7] [6, 11, 5, -9] [-8, -13, 27, -31] [30, 27, -5, 2] [2, 17, 10, 19] [8, -13, 15, -2]
------------------------------
ALIVE
Head: (16 38)
Body: (16 38) (15 38) (15 37) (14 37) (14 36) (14 35) (14 34) (14 33) 
Length: 8, 4
Vision: 3
Hungry, suplies: 3/10
Reproductive: 16, mutating: 0.25
Generation: 20355
####################################
Wall (up, right, down, left):
[3, -12, -24, 5] [3, -1, 2, 3] [-2, 2, 3, -20] [14, 12, -2, 10] [-12, 20, 9, -20] [-6, 4, 6, -12] [-25, -13, -6, -6]
[9, 0, 3, -7] [3, 8, 6, -2] [-10, 6, 3, 0] [-23, 10, 2, 17] [27, 8, 0, 0] [-12, 3, 11, 2] [-13, -11, 18, 2]
[-7, 11, 21, -4] [7, 10, -1, 24] [-8, 2, 19, -7] [-50, 18, 37, 25] [-34, -21, -21, 14] [-3, -23, -2, 34] [-11, 3, 3, 1]
[1, -1, -2, -24] [5, 6, 9, -20] [1, 26, 13, -85] [0, 0, 0, 0] [19, -78, 8, 5] [23, -5, -10, 16] [9, -8, 10, 11]
[-25, -9, -7, -14] [9, 21, -6, 4] [-4, 13, -15, 1] [16, 10, -44, 18] [2, -1, -8, 32] [11, 11, -12, 18] [0, -17, 11, -7]
[7, 20, -12, 6] [-11, -4, -8, -18] [6, 6, 7, -2] [-1, -9, -16, 3] [11, 2, 0, 13] [23, -1, -1, -1] [20, 5, 1, 8]
[-5, -15, -8, -21] [16, -9, -12, -12] [-19, -5, 8, -3] [-1, 21, -12, -1] [24, 15, 9, 2] [27, -1, -14, 4] [13, 3, -4, -8]
Food (up, right, down, left):
[31, 14, 0, 16] [-11, 9, -10, -15] [7, -7, -23, 7] [-9, -9, 24, 1] [-13, 17, -4, 23] [2, -22, 0, -2] [-22, 13, -5, -25]
[-33, -10, -10, -10] [-5, -13, 6, 0] [4, 7, 10, 31] [-11, 15, -16, 18] [6, -2, 11, -27] [13, -13, -11, 27] [-9, -15, -11, 1]
[-17, 18, 1, -16] [-12, -8, -1, -2] [-32, -33, -24, -2] [24, -22, 13, -17] [-10, -14, 7, -13] [6, 2, -18, -15] [-6, 15, 17, 12]
[1, -1, 19, 18] [-24, -10, -24, 13] [2, 15, -21, -19] [0, 0, 0, 0] [-33, 26, -12, 6] [-14, -3, -24, 3] [4, 5, -4, -6]
[9, 10, 0, 13] [2, 5, 6, -1] [7, -10, 28, 7] [-10, -13, 23, -8] [-8, -9, 14, -19] [-13, 31, 12, 6] [7, 10, 8, -41]
[7, -5, 13, -3] [24, -9, 25, 15] [5, 9, -10, 11] [-15, -17, 9, -28] [-21, -6, -7, -12] [-9, 18, -17, 15] [16, 33, -12, 2]
[-8, -4, -17, -18] [17, -2, 12, -7] [6, 11, 5, -9] [-8, -13, 27, -31] [30, 27, -5, 2] [2, 17, 10, 19] [8, -13, 15, -2]
------------------------------
ALIVE
Head: (21 26)
Body: (21 26) (22 26) (22 27) (23 27) (23 26) (23 25) (23 24) (24 24) (-1 23) (0 23) (1 23) (1 24) 
Length: 12, 4
Vision: 3
Hungry, suplies: 10/10
Reproductive: 16, mutating: 0.25
Generation: 20356
####################################
Wall (up, right, down, left):
[3, -8, -24, 5] [3, -1, 2, 3] [-2, 2, 3, -20] [14, 12, -2, 10] [-12, 20, 9, -20] [-6, 4, 6, -12] [-25, -13, -6, -6]
[9, 0, 3, -7] [3, 8, 6, -2] [-10, 6, 3, 0] [-23, 10, 2, 17] [27, 8, 0, 0] [-12, 3, 11, 4] [-14, -11, 17, 2]
[-7, 11, 21, -4] [7, 13, -1, 25] [-8, 2, 24, -7] [-50, 18, 37, 25] [-34, -21, -21, 14] [-3, -23, 2, 34] [-11, 3, 7, 1]
[1, -1, -2, -24] [5, 4, 9, -20] [1, 26, 13, -85] [0, 0, 0, 0] [19, -78, 8, 5] [23, -5, -10, 16] [9, -8, 10, 11]
[-25, -9, -7, -14] [9, 21, -6, 4] [-4, 13, -15, 1] [16, 10, -44, 18] [2, -1, -8, 32] [11, 11, -12, 18] [0, -17, 11, -3]
[7, 20, -12, 6] [-11, -4, -8, -18] [6, 6, 7, -2] [-1, -9, -16, 3] [11, 2, 0, 13] [23, -1, -1, -1] [20, 5, 1, 8]
[-5, -15, -8, -21] [15, -9, -12, -12] [-19, -5, 8, -3] [-1, 21, -12, -1] [24, 15, 9, 2] [27, -1, -14, 4] [13, 3, -4, -8]
Food (up, right, down, left):
[31, 14, -4, 16] [-11, 9, -10, -15] [7, -7, -23, 7] [-9, -9, 24, 1] [-13, 17, -4, 23] [2, -22, 0, -2] [-22, 13, -5, -25]
[-33, -10, -10, -10] [-5, -13, 6, 0] [4, 7, 10, 31] [-11, 15, -16, 18] [6, -2, 11, -27] [15, -13, -11, 27] [-6, -15, -11, -2]
[-17, 18, 1, -16] [-11, -3, -1, -2] [-32, -31, -24, -2] [24, -22, 13, -17] [-10, -14, 7, -13] [6, 2, -13, -15] [-7, 15, 17, 12]
[1, -1, 19, 18] [-24, -10, -24, 17] [2, 15, -21, -19] [0, 0, 0, 0] [-33, 26, -12, 6] [-12, -3, -24, 3] [4, 5, -4, -6]
[9, 10, 0, 13] [2, 5, 6, -1] [7, -10, 28, 7] [-10, -13, 23, -8] [-8, -9, 14, -19] [-13, 31, 12, 6] [7, 10, 5, -41]
[7, -5, 13, -3] [24, -9, 25, 15] [5, 9, -10, 11] [-15, -17, 9, -28] [-21, -6, -7, -12] [-9, 18, -17, 15] [16, 33, -12, 2]
[-8, -4, -17, -18] [17, -2, 9, -12] [6, 11, 5, -9] [-8, -13, 27, -31] [30, 27, -5, 2] [2, 17, 10, 19] [8, -13, 15, -2]
------------------------------
ALIVE
Head: (4 26)
Body: (4 26) (5 26) (6 26) (7 26) (7 27) (8 27) (8 28) (8 29) 
Length: 8, 4
Vision: 3
Hungry, suplies: 1/10
Reproductive: 16, mutating: 0.25
Generation: 20361
####################################
Wall (up, right, down, left):
[3, -12, -24, 9] [3, -1, 2, 3] [-2, 2, 3, -20] [14, 12, -2, 10] [-12, 20, 9, -20] [-6, 4, 6, -12] [-25, -13, -6, -6]
[9, 0, 3, -7] [3, 8, 6, -2] [-10, 6, 3, 0] [-23, 10, 2, 17] [27, 8, 0, 0] [-12, 3, 7, 4] [-13, -11, 18, 2]
[-7, 11, 21, -4] [7, 13, -1, 24] [-8, 2, 19, -7] [-50, 18, 37, 25] [-34, -21, -21, 14] [-3, -23, 2, 34] [-11, 3, 3, 1]
[1, -1, -2, -24] [5, 6, 9, -20] [1, 26, 13, -85] [0, 0, 0, 0] [19, -78, 8, 5] [23, -5, -10, 16] [9, -8, 10, 11]
[-25, -9, -7, -14] [9, 21, -6, 1] [-4, 13, -15, 1] [16, 10, -44, 18] [2, -1, -8, 32] [11, 11, -12, 18] [0, -17, 11, -7]
[7, 20, -12, 6] [-11, -4, -8, -18] [6, 6, 7, -2] [-1, -9, -16, 3] [11, 2, 0, 13] [23, -1, -1, -1] [20, 5, 1, 8]
[-5, -15, -8, -21] [11, -9, -12, -12] [-19, -5, 8, -3] [-1, 21, -12, -1] [24, 15, 9, 2] [27, -1, -14, 4] [13, 3, -4, -8]
Food (up, right, down, left):
[31, 15, 0, 16] [-11, 9, -10, -15] [7, -7, -23, 7] [-9, -9, 24, 1] [-13, 17, -4, 23] [2, -22, 0, -2] [-22, 13, -5, -25]
[-33, -10, -10, -10] [-5, -13, 6, 0] [4, 7, 10, 31] [-11, 15, -16, 18] [6, -2, 11, -27] [19, -13, -11, 27] [-9, -15, -11, 1]
[-17, 18, 1, -16] [-12, -3, -1, -2] [-32, -33, -24, -2] [24, -22, 13, -17] [-10, -14, 7, -13] [6, 2, -13, -15] [-6, 15, 17, 12]
[1, -1, 19, 18] [-24, -10, -24, 13] [2, 15, -21, -19] [0, 0, 0, 0] [-33, 26, -12, 6] [-14, -3, -24, 3] [4, 5, -4, -6]
[9, 10, 0, 13] [2, 5, 2, -1] [7, -10, 28, 7] [-10, -13, 23, -8] [-8, -9, 14, -19] [-13, 31, 12, 6] [7, 10, 8, -41]
[7, -5, 13, -3] [24, -9, 25, 15] [5, 9, -10, 11] [-15, -17, 9, -28] [-21, -6, -7, -12] [-9, 18, -17, 15] [16, 33, -12, 2]
[-8, -4, -17, -18] [17, -2, 9, -7] [6, 11, 5, -9] [-8, -13, 27, -31] [30, 27, -5, 2] [2, 17, 10, 19] [8, -13, 15, -2]
------------------------------
ALIVE
Head: (4 44)
Body: (4 44) (4 43) (4 42) (4 41) (3 41) (2 41) (2 40) (2 39) (3 39) (4 39) (5 39) (6 39) (7 39) (7 40) 
Length: 14, 4
Vision: 3
Hungry, suplies: 8/10
Reproductive: 16, mutating: 0.25
Generation: 20357
####################################
Wall (up, right, down, left):
[3, -8, -24, 5] [3, -1, 2, 3] [-2, 2, 3, -20] [14, 12, -2, 10] [-12, 20, 9, -20] [-6, 4, 6, -12] [-25, -13, -6, -6]
[9, 0, 3, -7] [3, 8, 6, -2] [-10, 6, 3, 0] [-23, 10, 2, 17] [27, 8, 0, 0] [-12, 3, 11, 4] [-14, -11, 17, 2]
[-7, 11, 21, -4] [7, 13, -1, 25] [-8, 2, 24, -7] [-50, 18, 37, 25] [-34, -21, -21, 14] [-3, -23, 2, 34] [-11, 3, 7, 1]
[1, -1, -2, -24] [5, 4, 9, -20] [1, 26, 13, -85] [0, 0, 0, 0] [19, -78, 8, 5] [23, -5, -10, 16] [9, -8, 10, 11]
[-25, -9, -7, -14] [9, 21, -6, 4] [-4, 13, -15, 1] [16, 10, -44, 18] [2, -1, -8, 32] [11, 11, -12, 18] [0, -17, 11, -3]
[7, 20, -12, 6] [-11, -4, -8, -18] [6, 6, 7, -2] [-1, -9, -16, 3] [11, 2, 0, 13] [23, -1, -1, -1] [20, 5, 1, 8]
[-5, -15, -8, -21] [15, -9, -12, -12] [-19, -5, 8, -3] [-1, 21, -12, -1] [24, 15, 9, 2] [27, -1, -14, 4] [13, 3, -4, -8]
Food (up, right, down, left):
[31, 14, -4, 16] [-11, 9, -10, -15] [7, -7, -23, 7] [-9, -9, 24, 1] [-13, 17, -4, 23] [2, -22, 0, -2] [-22, 13, -5, -25]
[-33, -10, -10, -10] [-5, -13, 6, 0] [4, 7, 10, 31] [-11, 15, -16, 18] [6, -2, 11, -27] [15, -13, -11, 27] [-6, -15, -11, -2]
[-17, 18, 1, -16] [-11, -3, -1, -2] [-32, -31, -24, -2] [24, -22, 13, -17] [-10, -14, 7, -13] [6, 2, -13, -15] [-7, 15, 17, 12]
[1, -1, 19, 18] [-24, -10, -24, 17] [2, 15, -21, -19] [0, 0, 0, 0] [-33, 26, -12, 6] [-14, -3, -24, 3] [4, 5, -4, -6]
[9, 10, 0, 13] [2, 5, 6, -1] [7, -10, 28, 7] [-10, -13, 23, -8] [-8, -9, 14, -19] [-13, 31, 12, 6] [7, 10, 5, -41]
[7, -5, 13, -3] [24, -9, 25, 15] [5, 9, -10, 11] [-15, -17, 9, -28] [-21, -6, -7, -12] [-9, 18, -17, 15] [16, 33, -12, 2]
[-8, -4, -17, -18] [17, -2, 9, -12] [6, 11, 5, -9] [-8, -13, 27, -31] [30, 27, -5, 2] [2, 17, 10, 19] [8, -13, 15, -2]
------------------------------
ALIVE
Head: (1 16)
Body: (1 16) (2 16) (3 16) (4 16) (5 16) (6 16) (6 15) (6 14) (6 13) (6 12) (5 12) 
Length: 11, 4
Vision: 3
Hungry, suplies: 7/10
Reproductive: 16, mutating: 0.25
Generation: 20360
####################################
Wall (up, right, down, left):
[3, -12, -24, 5] [3, -1, 2, 3] [-2, 2, 3, -20] [14, 12, -2, 10] [-12, 20, 9, -20] [-6, -1, 6, -12] [-25, -13, -6, -6]
[9, 0, 3, -7] [3, 8, 6, -2] [-10, 6, 3, 0] [-23, 10, 2, 17] [27, 8, 0, 0] [-12, 3, 11, 4] [-13, -11, 18, 2]
[-7, 11, 21, -4] [7, 13, -1, 30] [-8, 2, 19, -7] [-50, 18, 37, 25] [-34, -21, -21, 14] [-3, -23, 2, 34] [-11, 3, 3, 1]
[1, -1, -2, -24] [5, 6, 9, -20] [1, 26, 13, -85] [0, 0, 0, 0] [19, -78, 8, 5] [23, -5, -10, 16] [9, -8, 10, 11]
[-25, -9, -7, -14] [9, 21, -6, 4] [-4, 13, -17, 1] [16, 10, -44, 18] [2, -1, -8, 32] [11, 11, -12, 18] [0, -17, 11, -3]
[7, 20, -12, 6] [-11, -4, -8, -18] [6, 6, 7, -2] [-1, -9, -16, 3] [11, 2, 0, 13] [23, -1, -1, -1] [20, 5, 1, 8]
[-5, -15, -8, -21] [11, -9, -12, -12] [-19, -5, 8, -3] [-1, 21, -12, -1] [24, 15, 9, 2] [27, -1, -14, 4] [13, 3, -4, -8]
Food (up, right, down, left):
[31, 14, 0, 16] [-11, 9, -10, -15] [7, -7, -23, 7] [-9, -9, 24, 1] [-13, 17, -4, 23] [2, -22, 4, -2] [-22, 13, -5, -25]
[-33, -10, -10, -10] [-5, -13, 6, 0] [4, 7, 10, 31] [-11, 15, -16, 18] [6, -2, 11, -27] [15, -13, -11, 27] [-9, -15, -11, 1]
[-17, 18, 1, -16] [-11, -4, -1, -2] [-32, -33, -24, -2] [24, -22, 13, -17] [-10, -14, 7, -13] [6, 2, -13, -15] [-6, 15, 17, 12]
[1, -1, 19, 18] [-24, -10, -24, 13] [2, 15, -21, -19] [0, 0, 0, 0] [-33, 26, -12, 6] [-14, -3, -24, 3] [4, 5, -4, -6]
[9, 10, 0, 13] [2, 5, 6, -1] [7, -10, 33, 7] [-10, -13, 23, -8] [-8, -9, 14, -19] [-13, 31, 12, 6] [7, 10, 5, -41]
[7, -5, 13, -3] [24, -9, 25, 15] [5, 9, -10, 11] [-15, -17, 9, -28] [-21, -6, -7, -12] [-9, 18, -17, 15] [16, 33, -12, 2]
[-8, -4, -17, -18] [17, -2, 9, -7] [6, 11, 5, -9] [-8, -13, 27, -31] [30, 27, -5, 2] [2, 17, 10, 19] [8, -13, 15, -2]
------------------------------
ALIVE
Head: (19 31)
Body: (19 31) (19 30) (18 30) (18 29) (18 28) (18 27) (17 27) (17 26) (16 26) (16 25) (15 25) (15 24) (15 23) 
Length: 13, 4
Vision: 3
Hungry, suplies: 10/10
Reproductive: 16, mutating: 0.25
Generation: 20351
####################################
Wall (up, right, down, left):
[3, -12, -24, 5] [3, -1, 2, 3] [-2, 2, 3, -20] [14, 12, -2, 10] [-12, 20, 9, -20] [-6, 4, 6, -12] [-25, -13, -6, -6]
[9, 0, 3, -7] [3, 8, 6, -2] [-10, 6, 3, 0] [-23, 10, 2, 17] [27, 8, 0, 0] [-12, 3, 11, 4] [-13, -11, 18, 2]
[-7, 11, 21, -4] [7, 10, -1, 24] [-8, 2, 19, -7] [-50, 18, 37, 25] [-34, -21, -21, 14] [-3, -23, -2, 34] [-11, 3, 3, 1]
[1, -1, -2, -24] [5, 6, 9, -20] [1, 26, 13, -85] [0, 0, 0, 0] [19, -78, 8, 5] [23, -5, -10, 16] [9, -8, 10, 11]
[-25, -9, -7, -14] [9, 21, -6, 4] [-4, 13, -15, 1] [16, 10, -44, 18] [2, -1, -8, 32] [11, 11, -12, 18] [0, -17, 11, -7]
[7, 20, -12, 6] [-11, -4, -8, -18] [6, 6, 7, -2] [-1, -9, -16, 3] [11, 2, 0, 13] [23, -1, -1, -1] [20, 5, 1, 8]
[-5, -15, -8, -21] [16, -9, -12, -12] [-19, -5, 8, -3] [-1, 21, -12, -1] [24, 15, 9, 2] [27, -1, -14, 4] [13, 3, -4, -8]
Food (up, right, down, left):
[31, 14, 0, 16] [-11, 9, -10, -15] [7, -7, -23, 7] [-9, -9, 24, 1] [-13, 17, -4, 23] [2, -22, 0, -2] [-22, 13, -5, -25]
[-33, -10, -10, -10] [-5, -13, 6, 0] [4, 7, 10, 31] [-11, 15, -16, 18] [6, -2, 11, -27] [15, -13, -11, 27] [-9, -15, -11, 1]
[-17, 18, 1, -16] [-12, -8, -1, -2] [-32, -33, -24, -2] [24, -22, 13, -17] [-10, -14, 7, -13] [6, 2, -18, -15] [-6, 15, 17, 12]
[1, -1, 19, 18] [-24, -10, -24, 13] [2, 15, -21, -19] [0, 0, 0, 0] [-33, 26, -12, 6] [-14, -3, -24, 3] [4, 5, -4, -6]
[9, 10, 0, 13] [2, 5, 6, -1] [7, -10, 28, 7] [-10, -13, 23, -8] [-8, -9, 14, -19] [-13, 31, 12, 6] [7, 10, 8, -41]
[7, -5, 13, -3] [24, -9, 25, 15] [5, 9, -10, 11] [-15, -17, 9, -28] [-21, -6, -7, -12] [-9, 18, -17, 15] [16, 33, -12, 2]
[-8, -4, -17, -18] [17, -2, 12, -7] [6, 11, 5, -9] [-8, -13, 27, -31] [30, 27, -5, 2] [2, 17, 10, 19] [8, -13, 15, -2]
------------------------------
ALIVE
Head: (20 18)
Body: (20 18) (20 17) (20 16) (19 16) (19 15) (19 14) (19 13) (19 12) (20 12) (21 12) (22 12) (23 12) (24 12) (24 11) (23 11) 
Length: 15, 4
Vision: 3
Hungry, suplies: 10/10
Reproductive: 16, mutating: 0.25
Generation: 20355
####################################
Wall (up, right, down, left):
[3, -12, -24, 9] [3, -1, 2, 3] [-2, 2, 3, -20] [14, 12, -2, 10] [-12, 20, 9, -20] [-6, 4, 6, -12] [-25, -13, -6, -6]
[9, 0, 3, -7] [3, 8, 6, -2] [-10, 6, 3, 0] [-23, 10, 2, 17] [27, 8, 0, 0] [-12, 3, 7, 4] [-13, -11, 18, 2]
[-7, 11, 21, -4] [7, 13, -1, 24] [-8, 2, 19, -7] [-50, 18, 37, 25] [-34, -21, -21, 14] [-3, -23, 2, 34] [-11, 3, 3, 1]
[1, -1, -2, -24] [5, 6, 9, -20] [1, 26, 13, -90] [0, 0, 0, 0] [19, -78, 8, 5] [23, -5, -10, 16] [9, -8, 10, 11]
[-25, -9, -7, -14] [9, 21, -6, 4] [-4, 13, -15, 1] [16, 10, -44, 18] [2, -1, -8, 32] [11, 11, -12, 18] [0, -17, 11, -7]
[7, 20, -12, 6] [-11, -4, -8, -18] [6, 6, 7, -2] [-1, -9, -16, 3] [11, 2, 0, 13] [23, -1, -1, -1] [20, 5, 1, 8]
[-5, -15, -8, -21] [11, -9, -12, -12] [-19, -5, 8, -3] [-1, 21, -12, -1] [24, 15, 9, 2] [27, -1, -14, 4] [13, 3, -4, -8]
Food (up, right, down, left):
[31, 15, 0, 16] [-11, 9, -10, -15] [7, -7, -23, 7] [-9, -9, 24, 1] [-13, 17, -4, 23] [2, -22, 0, -2] [-22, 13, -5, -25]
[-33, -10, -10, -10] [-5, -13, 6, 0] [4, 7, 10, 31] [-11, 15, -16, 18] [6, -2, 11, -27] [19, -13, -11, 27] [-9, -15, -11, 1]
[-17, 18, 1, -16] [-12, -3, -1, -2] [-32, -33, -24, -2] [24, -22, 13, -17] [-10, -14, 7, -13] [6, 2, -13, -15] [-6, 15, 17, 12]
[1, -1, 19, 18] [-24, -10, -24, 13] [2, 12, -21, -19] [0, 0, 0, 0] [-33, 26, -12, 6] [-14, -3, -24, 3] [4, 5, -4, -6]
[9, 10, 0, 13] [2, 5, 6, -1] [7, -10, 28, 7] [-10, -13, 23, -8] [-8, -9, 14, -19] [-13, 31, 12, 6] [7, 10, 8, -41]
[7, -5, 13, -3] [24, -9, 25, 15] [5, 9, -10, 11] [-15, -17, 9, -28] [-21, -6, -7, -12] [-9, 18, -17, 15] [16, 33, -12, 2]
[-8, -4, -17, -18] [17, -2, 9, -7] [6, 11, 5, -9] [-8, -13, 27, -31] [30, 27, -5, 2] [2, 17, 10, 19] [8, -13, 15, -2]
------------------------------
ALIVE
Head: (23 39)
Body: (23 39) (-1 39) (0 39) (0 38) (1 38) (1 39) (1 40) (1 41) (0 41) (24 41) (23 41) 
Length: 11, 4
Vision: 3
Hungry, suplies: 8/10
Reproductive: 16, mutating: 0.25
Generation: 20356
####################################
Wall (up, right, down, left):
[3, -12, -24, 5] [3, -1, 2, 3] [-2, 2, 3, -20] [14, 12, -2, 10] [-12, 20, 9, -20] [-6, 4, 6, -12] [-25, -13, -6, -6]
[9, 0, 3, -7] [3, 8, 6, -2] [-10, 6, 3, 0] [-23, 10, 2, 17] [27, 8, 0, 0] [-12, 3, 11, 4] [-13, -11, 18, 2]
[-7, 11, 21, -4] [7, 13, -1, 24] [-8, 2, 19, -7] [-50, 18, 37, 25] [-34, -21, -21, 14] [-3, -23, 2, 34] [-11, 3, 3, 1]
[1, -1, -2, -24] [5, 6, 9, -20] [1, 26, 13, -85] [0, 0, 0, 0] [19, -78, 8, 5] [23, -5, -10, 16] [9, -8, 10, 11]
[-25, -9, -7, -14] [9, 21, -6, 4] [-4, 13, -15, 1] [16, 10, -44, 18] [2, -1, -8, 32] [11, 11, -12, 18] [0, -17, 11, -7]
[7, 20, -12, 6] [-11, -4, -8, -18] [6, 6, 7, -2] [-1, -9, -16, 3] [11, 2, 0, 13] [23, -1, -1, -1] [20, 5, 1, 8]
[-5, -15, -8, -21] [11, -9, -12, -12] [-19, -5, 8, -3] [-1, 21, -12, -1] [24, 15, 9, 2] [27, -1, -14, 6] [13, 3, -4, -8]
Food (up, right, down, left):
[31, 14, 0, 16] [-11, 9, -10, -15] [7, -7, -23, 7] [-9, -9, 24, 1] [-13, 17, -4, 23] [2, -22, 0, -2] [-22, 13, -5, -25]
[-33, -10, -10, -10] [-5, -13, 6, 0] [4, 7, 10, 31] [-11, 15, -16, 18] [6, -2, 11, -27] [15, -13, -11, 27] [-9, -15, -11, 1]
[-17, 18, 1, -16] [-12, -3, -1, -2] [-32, -33, -24, -2] [24, -22, 13, -17] [-10, -14, 7, -13] [6, 2, -13, -15] [-6, 15, 17, 12]
[1, -1, 19, 18] [-24, -10, -24, 13] [2, 15, -21, -19] [0, 0, 0, 0] [-33, 26, -12, 6] [-14, -3, -24, 3] [4, 5, -4, -6]
[9, 10, 0, 13] [2, 5, 6, -1] [7, -10, 28, 7] [-10, -13, 23, -8] [-8, -9, 14, -19] [-13, 31, 12, 6] [7, 10, 8, -41]
[7, -5, 13, -3] [24, -9, 25, 15] [5, 9, -10, 11] [-15, -17, 9, -28] [-21, -6, -7, -12] [-9, 18, -17, 15] [16, 33, -12, 2]
[-8, -4, -17, -18] [17, -2, 9, -7] [6, 11, 5, -9] [-8, -13, 27, -31] [30, 27, -5, 2] [-3, 17, 10, 19] [8, -13, 15, -2]
------------------------------
ALIVE
Head: (11 7)
Body: (11 7) (11 8) (12 8) (12 9) (12 10) (11 10) (11 11) (11 12) (11 13) 
Length: 9, 4
Vision: 3
Hungry, suplies: 8/10
Reproductive: 16, mutating: 0.25
Generation: 20356
####################################
Wall (up, right, down, left):
[3, -12, -24, 9] [3, -1, 2, 3] [-2, 2, 3, -20] [14, 12, -2, 10] [-12, 20, 9, -20] [-6, 4, 6, -12] [-25, -13, -6, -6]
[9, 0, 3, -7] [3, 8, 6, -2] [-10, 6, 3, 0] [-23, 10, 2, 17] [27, 8, 0, 0] [-12, 3, 7, 4] [-13, -11, 18, 2]
[-7, 11, 21, -4] [7, 13, -1, 24] [-8, 2, 19, -7] [-50, 18, 37, 25] [-34, -21, -21, 14] [-3, -23, 2, 34] [-11, 3, 3, 1]
[1, -1, -2, -24] [5, 6, 9, -20] [1, 26, 13, -85] [0, 0, 0, 0] [19, -78, 8, 5] [23, -5, -10, 16] [9, -8, 10, 11]
[-25, -9, -7, -14] [9, 21, -6, 1] [-4, 13, -15, 1] [16, 10, -44, 18] [2, -1, -8, 32] [11, 11, -12, 18] [0, -17, 11, -7]
[7, 20, -12, 6] [-11, -4, -8, -18] [6, 6, 7, -2] [-1, -9, -16, 3] [11, 2, 0, 13] [23, -1, -1, -1] [20, 5, 1, 8]
[-5, -15, -8, -21] [11, -9, -12, -12] [-19, -5, 8, -3] [-1, 21, -12, -1] [24, 15, 9, 2] [27, -1, -14, 4] [13, 3, -4, -8]
Food (up, right, down, left):
[31, 15, 0, 16] [-11, 9, -10, -15] [7, -7, -23, 7] [-9, -9, 24, 1] [-13, 17, -4, 23] [2, -22, 0, -2] [-22, 13, -5, -25]
[-33, -10, -10, -10] [-5, -13, 6, 0] [4, 7, 10, 31] [-11, 15, -16, 18] [6, -2, 11, -27] [19, -13, -11, 27] [-9, -15, -11, 1]
[-17, 18, 1, -16] [-12, -3, -1, -2] [-32, -33, -24, -2] [24, -22, 13, -17] [-10, -14, 7, -13] [6, 2, -13, -15] [-6, 15, 17, 12]
[1, -1, 19, 18] [-24, -10, -24, 13] [2, 15, -21, -19] [0, 0, 0, 0] [-33, 26, -12, 6] [-14, -3, -24, 3] [4, 5, -4, -6]
[9, 10, 0, 13] [2, 5, 2, -1] [7, -10, 28, 7] [-10, -13, 23, -8] [-8, -9, 14, -19] [-13, 31, 12, 6] [7, 10, 8, -41]
[7, -5, 13, -3] [24, -9, 25, 15] [5, 9, -10, 11] [-15, -17, 9, -28] [-21, -6, -7, -12] [-9, 18, -17, 15] [16, 33, -12, 2]
[-8, -4, -17, -18] [17, -2, 9, -7] [6, 11, 5, -9] [-8, -13, 27, -31] [30, 27, -5, 2] [2, 17, 10, 19] [8, -13, 15, -2]
------------------------------
ALIVE
Head: (13 40)
Body: (13 40) (13 39) (13 38) (12 38) (12 37) (11 37) (10 37) (10 36) (10 35) (10 34) (10 33) 
Length: 11, 4
Vision: 3
Hungry, suplies: 7/10
Reproductive: 16, mutating: 0.25
Generation: 20358
####################################
Wall (up, right, down, left):
[3, -8, -24, 5] [3, -1, 2, 3] [-2, 2, 3, -20] [14, 12, -2, 10] [-12, 20, 9, -20] [-6, 4, 6, -12] [-25, -13, -6, -6]
[9, 0, 3, -7] [3, 8, 6, -2] [-10, 6, 3, 0] [-23, 10, 2, 17] [27, 8, 0, 0] [-12, 3, 11, 4] [-14, -11, 17, 2]
[-7, 11, 21, -4] [7, 13, -1, 25] [-8, 2, 24, -7] [-50, 18, 37, 25] [-34, -21, -21, 14] [-3, -23, 2, 34] [-11, 3, 7, 1]
[1, -1, -2, -24] [5, 4, 9, -20] [1, 26, 13, -85] [0, 0, 0, 0] [19, -78, 8, 5] [23, -5, -10, 16] [9, -8, 10, 11]
[-25, -9, -7, -14] [9, 21, -6, 4] [-4, 13, -15, 1] [16, 10, -44, 18] [2, -1, -8, 32] [11, 11, -12, 18] [0, -17, 11, -3]
[7, 20, -12, 6] [-11, -4, -8, -18] [6, 6, 7, -2] [-1, -9, -16, 3] [11, 2, 0, 13] [23, -1, -1, -1] [20, 5, 1, 8]
[-5, -15, -8, -21] [15, -9, -12, -12] [-19, -5, 8, -3] [-1, 21, -12, -1] [24, 15, 9, 2] [27, -1, -14, 4] [13, 3, -4, -8]
Food (up, right, down, left):
[31, 14, -4, 16] [-11, 9, -10, -15] [7, -7, -23, 7] [-9, -9, 24, 1] [-13, 17, -4, 23] [2, -22, 0, -2] [-22, 13, -5, -25]
[-33, -10, -10, -10] [-5, -13, 6, 0] [4, 7, 10, 31] [-11, 15, -16, 18] [6, -2, 11, -27] [15, -13, -11, 27] [-6, -15, -11, -2]
[-17, 18, 1, -16] [-11, -3, -1, -2] [-32, -31, -24, -2] [24, -22, 13, -17] [-10, -14, 7, -13] [6, 2, -13, -15] [-7, 15, 17, 12]
[1, -1, 19, 18] [-24, -10, -24, 17] [2, 15, -21, -19] [0, 0, 0, 0] [-33, 26, -12, 6] [-14, -3, -24, 3] [4, 5, -4, -6]
[9, 10, 0, 13] [2, 5, 6, -1] [7, -10, 28, 7] [-10, -13, 23, -8] [-8, -9, 14, -19] [-13, 31, 12, 6] [7, 10, 5, -41]
[7, -5, 13, -3] [24, -9, 25, 15] [5, 9, -10, 11] [-15, -17, 9, -28] [-21, -6, -7, -12] [-9, 18, -17, 15] [16, 33, -12, 2]
[-8, -4, -17, -18] [17, -2, 9, -12] [6, 11, 5, -9] [-8, -13, 27, -31] [30, 27, -5, 2] [2, 17, 10, 19] [8, -13, 15, -2]
------------------------------
ALIVE
Head: (17 49)
Body: (17 49) (17 48) (17 47) (17 46) (18 46) (19 46) (20 46) (20 47) (20 48) (21 48) (22 48) (22 49) 
Length: 12, 4
Vision: 3
Hungry, suplies: 7/10
Reproductive: 16, mutating: 0.25
Generation: 20361
####################################
Wall (up, right, down, left):
[3, -8, -24, 5] [3, -1, 2, 3] [-2, 2, 3, -20] [14, 12, -2, 10] [-12, 20, 9, -20] [-6, 4, 6, -12] [-25, -13, -6, -6]
[9, 0, 3, -7] [3, 8, 6, -2] [-10, 6, 3, 0] [-23, 10, 2, 17] [27, 8, 0, 0] [-12, 3, 11, 4] [-14, -11, 17, 2]
[-7, 11, 21, -4] [7, 13, -1, 25] [-8, 2, 24, -7] [-50, 18, 37, 25] [-34, -21, -21, 14] [-3, -23, 2, 34] [-11, 3, 7, 1]
[1, -1, -2, -24] [5, 4, 9, -20] [1, 26, 13, -85] [0, 0, 0, 0] [19, -78, 8, 5] [23, -5, -10, 16] [9, -8, 10, 11]
[-25, -9, -7, -14] [9, 21, -6, 4] [-4, 13, -15, 1] [16, 10, -44, 18] [2, -1, -8, 32] [11, 11, -12, 18] [0, -17, 11, -3]
[7, 20, -12, 6] [-11, -4, -8, -18] [6, 6, 7, -2] [-1, -9, -16, 3] [11, 2, 0, 13] [23, -1, -1, -1] [20, 5, 1, 8]
[-5, -15, -8, -21] [15, -9, -12, -12] [-19, -5, 8, -3] [-1, 21, -12, -1] [24, 15, 9, 2] [27, -1, -14, 4] [13, 3, -4, -8]
Food (up, right, down, left):
[31, 14, -4, 16] [-11, 9, -10, -15] [7, -7, -23, 7] [-9, -9, 24, 1] [-13, 17, -4, 23] [2, -22, 0, -2] [-22, 13, -5, -25]
[-33, -10, -10, -10] [-5, -13, 6, 0] [4, 7, 10, 31] [-11, 15, -16, 18] [6, -2, 11, -27] [15, -13, -11, 27] [-6, -15, -11, -2]
[-17, 18, 1, -16] [-11, -3, -1, -2] [-32, -31, -24, -2] [24, -22, 13, -17] [-10, -14, 7, -13] [6, 2, -13, -15] [-7, 15, 17, 12]
[1, -1, 19, 18] [-24, -10, -24, 17] [2, 15, -21, -19] [0, 0, 0, 0] [-33, 26, -12, 6] [-14, -3, -24, 3] [4, 5, -4, -6]
[9, 10, 0, 13] [2, 5, 6, -1] [7, -10, 28, 7] [-10, -13, 23, -8] [-8, -9, 14, -19] [-13, 31, 12, 6] [7, 10, 5, -41]
[7, -5, 13, -3] [24, -9, 25, 15] [5, 9, -10, 11] [-15, -17, 9, -28] [-21, -6, -7, -12] [-9, 18, -17, 15] [16, 33, -12, 2]
[-8, -4, -17, -18] [17, -2, 9, -12] [6, 11, 5, -9] [-8, -13, 27, -31] [30, 27, -5, 2] [2, 17, 10, 19] [8, -13, 15, -2]
------------------------------
ALIVE
Head: (20 9)
Body: (20 9) (20 8) (20 7) (21 7) (22 7) (23 7) (23 8) (-1 8) (0 8) (0 9) (0 10) (1 10) 
Length: 12, 4
Vision: 3
Hungry, suplies: 3/10
Reproductive: 16, mutating: 0.25
Generation: 20360
####################################
Wall (up, right, down, left):
[3, -12, -24, 5] [3, -1, 2, 3] [-2, 2, 3, -20] [14, 12, -2, 10] [-12, 20, 9, -20] [-6, 4, 6, -12] [-25, -13, -6, -6]
[9, 0, 3, -7] [3, 8, 6, -2] [-10, 6, 3, 0] [-23, 10, 2, 17] [27, 8, 0, 0] [-12, 3, 11, 4] [-13, -11, 18, 2]
[-7, 11, 21, -4] [7, 13, -1, 24] [-8, 2, 19, -7] [-50, 18, 37, 25] [-34, -21, -21, 14] [-3, -23, 2, 34] [-11, 3, 3, 1]
[1, -1, -2, -24] [5, 6, 9, -20] [1, 26, 13, -85] [0, 0, 0, 0] [19, -78, 8, 5] [23, -5, -10, 16] [9, -8, 10, 11]
[-25, -9, -7, -19] [9, 21, -6, 4] [-4, 13, -15, 1] [16, 10, -44, 18] [2, -1, -12, 32] [11, 11, -12, 18] [0, -17, 11, -7]
[7, 20, -12, 6] [-11, -4, -8, -18] [6, 6, 7, -2] [-1, -9, -16, 3] [11, 2, 0, 13] [23, -1, -1, -1] [20, 5, 1, 8]
[-5, -15, -8, -21] [11, -9, -12, -12] [-19, -5, 8, -3] [-1, 21, -12, -1] [24, 15, 9, 2] [27, -1, -14, 4] [13, 3, -4, -8]
Food (up, right, down, left):
[31, 14, 0, 16] [-11, 9, -10, -15] [7, -7, -23, 7] [-9, -9, 24, 1] [-13, 17, -4, 23] [2, -22, 0, -2] [-22, 13, -5, -25]
[-33, -10, -10, -10] [-5, -13, 6, 0] [4, 7, 10, 31] [-11, 15, -16, 18] [6, -2, 11, -27] [15, -13, -11, 27] [-9, -15, -11, 1]
[-17, 18, 1, -16] [-12, -3, -1, -2] [-32, -33, -24, -2] [24, -22, 13, -17] [-10, -14, 7, -13] [6, 2, -13, -15] [-6, 15, 17, 12]
[1, -1, 19, 18] [-24, -10, -24, 13] [2, 15, -21, -19] [0, 0, 0, 0] [-33, 26, -12, 6] [-14, -3, -24, 3] [4, 5, -4, -6]
[9, 10, -5, 13] [2, 5, 6, -1] [7, -10, 28, 7] [-10, -13, 23, -8] [-8, -9, 16, -19] [-13, 31, 12, 6] [7, 10, 8, -41]
[7, -5, 13, -3] [24, -9, 25, 15] [5, 9, -10, 11] [-15, -17, 9, -28] [-21, -6, -7, -12] [-9, 18, -17, 15] [16, 33, -12, 2]
[-8, -4, -17, -18] [17, -2, 9, -7] [6, 11, 5, -9] [-8, -13, 27, -31] [30, 27, -5, 2] [2, 17, 10, 19] [8, -13, 15, -2]
------------------------------
ALIVE
Head: (4 20)
Body: (4 20) (4 19) (4 18) (4 17) (3 17) (2 17) (1 17) (25 17) (24 17) 
Length: 9, 4
Vision: 3
Hungry, suplies: 7/10
Reproductive: 16, mutating: 0.25
Generation: 20357
####################################
Wall (up, right, down, left):
[3, -12, -24, 5] [3, -1, 2, 3] [-2, 2, 3, -20] [14, 12, -2, 10] [-12, 20, 9, -20] [-6, 4, 6, -12] [-25, -13, -6, -6]
[9, 0, 3, -7] [3, 8, 6, -2] [-10, 6, 3, 0] [-23, 10, 2, 17] [27, 8, 0, 0] [-12, 3, 11, 2] [-13, -11, 18, 2]
[-7, 11, 21, -4] [7, 10, -1, 24] [-8, 2, 19, -7] [-50, 18, 37, 25] [-34, -21, -21, 14] [-3, -23, -2, 34] [-11, 3, 3, 1]
[1, -1, -2, -24] [5, 6, 9, -20] [1, 26, 13, -85] [0, 0, 0, 0] [19, -78, 8, 5] [23, -5, -10, 16] [9, -8, 10, 11]
[-25, -9, -7, -14] [9, 21, -6, 4] [-4, 13, -15, 1] [16, 10, -44, 18] [2, -1, -8, 32] [11, 11, -12, 18] [-4, -17, 11, -7]
[7, 20, -12, 6] [-11, -4, -8, -18] [6, 6, 7, -2] [-1, -9, -16, 3] [11, 2, 0, 13] [23, -1, -1, -1] [20, 5, 1, 8]
[-5, -15, -8, -21] [16, -9, -12, -12] [-19, -5, 8, -3] [-1, 21, -12, -1] [24, 15, 9, 2] [27, -1, -14, 4] [13, 3, -4, -8]
Food (up, right, down, left):
[31, 14, 0, 16] [-11, 9, -10, -15] [7, -7, -23, 7] [-9, -9, 24, 1] [-13, 17, -4, 23] [2, -22, 0, -2] [-22, 13, -5, -25]
[-33, -10, -10, -10] [-5, -13, 6, 0] [4, 7, 10, 31] [-11, 15, -16, 18] [6, -2, 11, -27] [13, -13, -11, 27] [-9, -15, -11, 1]
[-17, 18, 1, -16] [-12, -8, -1, -2] [-32, -33, -24, -2] [24, -22, 13, -17] [-10, -14, 7, -13] [6, 2, -18, -15] [-6, 15, 17, 12]
[1, -1, 19, 18] [-24, -10, -24, 13] [2, 15, -21, -19] [0, 0, 0, 0] [-33, 26, -12, 6] [-14, -3, -24, 3] [4, 5, -4, -6]
[9, 10, 0, 13] [2, 5, 6, -1] [7, -10, 28, 7] [-10, -13, 23, -8] [-8, -9, 14, -19] [-13, 31, 12, 6] [10, 10, 8, -41]
[7, -5, 13, -3] [24, -9, 25, 15] [5, 9, -10, 11] [-15, -17, 9, -28] [-21, -6, -7, -12] [-9, 18, -17, 15] [16, 33, -12, 2]
[-8, -4, -17, -18] [17, -2, 12, -7] [6, 11, 5, -9] [-8, -13, 27, -31] [30, 27, -5, 2] [2, 17, 10, 19] [8, -13, 15, -2]
------------------------------
ALIVE
Head: (11 46)
Body: (11 46) (12 46) (13 46) (14 46) (14 47) (15 47) (15 46) (15 45) (16 45) (16 44) (16 43) 
Length: 11, 4
Vision: 3
Hungry, suplies: 6/10
Reproductive: 16, mutating: 0.25
Generation: 20357
####################################
Wall (up, right, down, left):
[3, -8, -24, 5] [3, -1, 2, 3] [-2, 2, 3, -20] [14, 12, -2, 10] [-12, 20, 9, -20] [-6, 4, 6, -12] [-25, -12, -6, -6]
[9, 0, 3, -7] [3, 8, 6, -2] [-10, 6, 3, 0] [-23, 10, 2, 17] [27, 8, 0, 0] [-12, 3, 11, 4] [-13, -11, 17, 2]
[-7, 11, 21, -4] [7, 13, -1, 25] [-8, 2, 24, -7] [-50, 18, 37, 25] [-34, -21, -21, 14] [-3, -23, 2, 34] [-11, 3, 7, 1]
[1, -1, -2, -24] [5, 4, 9, -20] [1, 26, 13, -85] [0, 0, 0, 0] [19, -78, 8, 5] [23, -5, -10, 16] [9, -8, 10, 11]
[-25, -9, -7, -14] [9, 21, -6, 4] [-4, 13, -15, 1] [16, 10, -44, 18] [2, -1, -8, 32] [11, 11, -12, 18] [0, -17, 11, -3]
[7, 20, -12, 6] [-11, -4, -8, -18] [6, 6, 7, -2] [-1, -9, -16, 3] [11, 2, 0, 13] [23, -1, -1, -1] [20, 5, 1, 8]
[-5, -15, -8, -21] [15, -9, -12, -12] [-19, -5, 8, -3] [-1, 21, -12, -1] [24, 15, 9, 2] [27, -1, -14, 4] [13, 3, -4, -8]
Food (up, right, down, left):
[31, 14, -4, 16] [-11, 9, -10, -15] [7, -7, -23, 7] [-9, -9, 24, 1] [-13, 17, -4, 23] [2, -22, 0, -2] [-22, 13, -10, -25]
[-33, -10, -10, -10] [-5, -13, 6, 0] [4, 7, 10, 31] [-11, 15, -16, 18] [6, -2, 11, -27] [15, -13, -11, 27] [-9, -15, -11, -2]
[-17, 18, 1, -16] [-11, -3, -1, -2] [-32, -31, -24, -2] [24, -22, 13, -17] [-10, -14, 7, -13] [6, 2, -13, -15] [-7, 15, 17, 12]
[1, -1, 19, 18] [-24, -10, -24, 17] [2, 15, -21, -19] [0, 0, 0, 0] [-33, 26, -12, 6] [-14, -3, -24, 3] [4, 5, -4, -6]
[9, 10, 0, 13] [2, 5, 6, -1] [7, -10, 28, 7] [-10, -13, 23, -8] [-8, -9, 14, -19] [-13, 31, 12, 6] [7, 10, 5, -41]
[7, -5, 13, -3] [24, -9, 25, 15] [5, 9, -10, 11] [-15, -17, 9, -28] [-21, -6, -7, -12] [-9, 18, -17, 15] [16, 33, -12, 2]
[-8, -4, -17, -18] [17, -2, 9, -12] [6, 11, 5, -9] [-8, -13, 27, -31] [30, 27, -5, 2] [2, 17, 10, 19] [8, -13, 15, -2]
------------------------------
ALIVE
Head: (23 55)
Body: (23 55) (22 55) (22 56) (21 56) (20 56) (20 55) (20 54) (20 53) 
Length: 8, 4
Vision: 3
Hungry, suplies: 2/10
Reproductive: 16, mutating: 0.25
Generation: 20363
####################################
Wall (up, right, down, left):
[3, -8, -24, 5] [3, -1, 2, 3] [-2, 2, 3, -20] [14, 12, -2, 10] [-12, 20, 9, -20] [-6, 4, 6, -12] [-25, -13, -6, -6]
[9, 0, 3, -7] [3, 8, 6, -2] [-10, 6, 3, 0] [-23, 10, 2, 17] [27, 8, 0, 0] [-12, 3, 11, 4] [-13, -11, 17, 2]
[-7, 11, 21, -4] [7, 13, -1, 25] [-8, 2, 24, -7] [-50, 18, 37, 25] [-34, -21, -21, 14] [-3, -23, 2, 34] [-11, 3, 7, 1]
[1, -1, -2, -24] [5, 4, 9, -20] [1, 26, 13, -85] [0, 0, 0, 0] [19, -78, 8, 5] [23, -5, -10, 16] [9, -8, 10, 11]
[-25, -9, -7, -14] [9, 21, -6, 4] [-4, 13, -15, 1] [16, 10, -44, 18] [2, -1, -8, 32] [11, 11, -12, 18] [0, -17, 11, -3]
[7, 20, -12, 6] [-11, -4, -8, -18] [6, 6, 7, -2] [-1, -9, -16, 3] [11, 2, 0, 13] [23, -1, -1, -1] [20, 5, 1, 8]
[-5, -15, -8, -21] [15, -9, -12, -12] [-19, -5, 8, -3] [-1, 21, -12, -1] [24, 15, 9, 2] [27, -1, -14, 4] [13, 3, -4, -8]
Food (up, right, down, left):
[31, 14, -4, 16] [-11, 9, -10, -15] [7, -7, -23, 7] [-9, -9, 24, 1] [-13, 17, -4, 23] [2, -22, 0, -2] [-22, 13, -5, -25]
[-33, -10, -10, -10] [-5, -13, 6, 0] [4, 7, 10, 31] [-11, 15, -16, 18] [6, -2, 11, -27] [15, -13, -11, 27] [-9, -15, -11, -2]
[-17, 18, 1, -16] [-11, -3, -1, -2] [-32, -29, -24, -2] [24, -22, 13, -17] [-10, -14, 7, -13] [6, 2, -13, -15] [-7, 15, 17, 12]
[1, -1, 19, 18] [-24, -10, -24, 17] [2, 15, -21, -19] [0, 0, 0, 0] [-33, 26, -12, 6] [-14, -3, -24, 3] [4, 5, -4, -6]
[9, 10, 0, 13] [2, 5, 6, -1] [7, -10, 28, 7] [-10, -13, 23, -8] [-8, -9, 14, -19] [-13, 31, 12, 6] [7, 10, 5, -41]
[7, -5, 13, -3] [24, -9, 25, 15] [5, 9, -10, 11] [-15, -17, 9, -28] [-21, -6, -7, -12] [-9, 18, -17, 15] [16, 33, -12, 2]
[-8, -4, -17, -18] [17, -2, 9, -12] [6, 11, 5, -9] [-8, -13, 27, -31] [30, 27, -5, 2] [2, 17, 10, 19] [8, -13, 15, -2]
------------------------------
ALIVE
Head: (7 23)
Body: (7 23) (7 22) (8 22) (9 22) (9 23) (10 23) (10 22) (11 22) (11 23) 
Length: 9, 4
Vision: 3
Hungry, suplies: 9/10
Reproductive: 16, mutating: 0.25
Generation: 20360
####################################
Wall (up, right, down, left):
[3, -12, -24, 5] [3, -1, 2, 3] [-2, 2, 3, -20] [14, 12, -2, 10] [-12, 20, 9, -20] [-6, 4, 6, -12] [-25, -13, -6, -6]
[9, 0, 3, -7] [3, 8, 6, -2] [-10, 6, 3, 0] [-23, 10, 2, 17] [27, 8, 0, 0] [-12, 3, 11, 4] [-13, -11, 18, 2]
[-7, 11, 21, -4] [7, 13, -1, 24] [-8, 2, 19, -7] [-50, 18, 37, 25] [-34, -21, -21, 14] [-3, -23, 2, 34] [-11, 3, 3, 1]
[1, -1, -2, -28] [5, 6, 9, -20] [1, 26, 13, -85] [0, 0, 0, 0] [19, -78, 8, 5] [23, -5, -10, 16] [9, -8, 10, 11]
[-25, -9, -7, -14] [9, 21, -6, 4] [-4, 13, -15, 1] [16, 10, -44, 18] [2, -1, -8, 32] [11, 11, -12, 18] [0, -17, 11, -7]
[7, 20, -12, 6] [-11, -4, -8, -18] [6, 6, 7, -2] [-1, -9, -16, 3] [11, 2, 0, 13] [23, -1, -1, -1] [20, 5, 1, 8]
[-5, -15, -8, -16] [11, -9, -12, -12] [-19, -5, 8, -3] [-1, 21, -12, -1] [24, 15, 9, 2] [27, -1, -14, 4] [13, 3, -4, -8]
Food (up, right, down, left):
[31, 14, 0, 16] [-11, 9, -10, -15] [7, -7, -23, 7] [-9, -9, 24, 1] [-13, 17, -4, 23] [2, -22, 0, -2] [-22, 13, -5, -25]
[-33, -10, -10, -10] [-5, -13, 6, 0] [4, 7, 10, 31] [-11, 15, -16, 18] [6, -2, 11, -27] [15, -13, -11, 27] [-9, -15, -11, 1]
[-17, 18, 1, -16] [-12, -3, -1, -2] [-32, -33, -24, -2] [24, -22, 13, -17] [-10, -14, 7, -13] [6, 2, -13, -15] [-6, 15, 17, 12]
[1, -1, 16, 18] [-24, -10, -24, 13] [2, 15, -21, -19] [0, 0, 0, 0] [-33, 26, -12, 6] [-14, -3, -24, 3] [4, 5, -4, -6]
[9, 10, 0, 13] [2, 5, 6, -1] [7, -10, 28, 7] [-10, -13, 23, -8] [-8, -9, 14, -19] [-13, 31, 12, 6] [7, 10, 8, -41]
[7, -5, 13, -3] [24, -9, 25, 15] [5, 9, -10, 11] [-15, -17, 9, -28] [-21, -6, -7, -12] [-9, 18, -17, 15] [16, 33, -12, 2]
[-9, -4, -17, -18] [17, -2, 9, -7] [6, 11, 5, -9] [-8, -13, 27, -31] [30, 27, -5, 2] [2, 17, 10, 19] [8, -13, 15, -2]
------------------------------
ALIVE
Head: (17 23)
Body: (17 23) (17 22) (17 21) (17 20) (17 19) (18 19) (19 19) 
Length: 7, 4
Vision: 3
Hungry, suplies: 8/10
Reproductive: 16, mutating: 0.25
Generation: 20356
####################################
Wall (up, right, down, left):
[3, -12, -24, 5] [3, -1, 2, 3] [-2, 2, 3, -20] [14, 12, -2, 10] [-12, 20, 9, -20] [-6, -1, 6, -12] [-25, -13, -6, -6]
[9, 0, 3, -7] [3, 8, 6, -2] [-10, 6, 3, 0] [-23, 10, 2, 17] [27, 8, 0, 0] [-12, 3, 11, 4] [-13, -11, 18, 2]
[-7, 11, 21, -4] [7, 13, -1, 30] [-8, 2, 19, -7] [-50, 18, 37, 25] [-34, -21, -21, 14] [-3, -23, 2, 34] [-11, 3, 3, 1]
[1, -1, -2, -24] [5, 6, 9, -20] [1, 26, 13, -85] [0, 0, 0, 0] [19, -78, 8, 5] [23, -5, -10, 16] [9, -8, 10, 11]
[-25, -9, -7, -14] [9, 21, -6, 4] [-4, 13, -17, 1] [16, 10, -44, 18] [2, -1, -8, 32] [11, 11, -12, 18] [0, -17, 11, -3]
[7, 20, -12, 6] [-11, -4, -8, -18] [6, 6, 7, -2] [-1, -9, -16, 3] [11, 2, 0, 13] [23, -1, -1, -1] [20, 5, 1, 8]
[-5, -15, -8, -21] [11, -9, -12, -12] [-19, -5, 8, -3] [-1, 21, -12, -1] [24, 15, 9, 2] [27, -1, -14, 4] [13, 3, -4, -8]
Food (up, right, down, left):
[31, 14, 0, 16] [-11, 9, -10, -15] [7, -7, -23, 7] [-9, -9, 24, 1] [-13, 17, -4, 23] [2, -22, 4, -2] [-22, 13, -5, -25]
[-33, -10, -10, -10] [-5, -13, 6, 0] [4, 7, 10, 31] [-11, 15, -16, 18] [6, -2, 11, -27] [15, -13, -11, 27] [-9, -15, -11, 1]
[-17, 18, 1, -16] [-11, -4, -1, -2] [-32, -33, -24, -2] [24, -22, 13, -17] [-10, -14, 7, -13] [6, 2, -13, -15] [-6, 15, 17, 12]
[1, -1, 19, 18] [-24, -10, -24, 13] [2, 15, -21, -19] [0, 0, 0, 0] [-33, 26, -12, 6] [-14, -3, -24, 3] [4, 5, -4, -6]
[9, 10, 0, 13] [2, 5, 6, -1] [7, -10, 33, 7] [-10, -13, 23, -8] [-8, -9, 14, -19] [-13, 31, 12, 6] [7, 10, 5, -41]
[7, -5, 13, -3] [24, -9, 25, 15] [5, 9, -10, 11] [-15, -17, 9, -28] [-21, -6, -7, -12] [-9, 18, -17, 15] [16, 33, -12, 2]
[-8, -4, -17, -18] [17, -2, 9, -7] [6, 11, 5, -9] [-8, -13, 27, -31] [30, 27, -5, 2] [2, 17, 10, 19] [8, -13, 15, -2]
------------------------------
ALIVE
Head: (20 35)
Body: (20 35) (20 34) (20 33) (20 32) (21 32) (22 32) (23 32) (23 33) (23 34) (23 35) 
Length: 10, 4
Vision: 3
Hungry, suplies: 9/10
Reproductive: 16, mutating: 0.25
Generation: 20354
####################################
Wall (up, right, down, left):
[3, -12, -24, 9] [3, -1, 2, 3] [-2, 2, 3, -20] [14, 12, -2, 10] [-12, 20, 9, -20] [-6, 4, 6, -12] [-25, -13, -6, -6]
[9, 0, 3, -7] [3, 8, 6, -2] [-10, 6, 3, 0] [-23, 10, 2, 17] [27, 8, 0, 0] [-12, 3, 7, 4] [-13, -11, 18, 2]
[-7, 11, 21, -4] [7, 13, -1, 24] [-8, 2, 19, -7] [-50, 18, 37, 25] [-34, -22, -21, 14] [-3, -23, 2, 34] [-11, 3, 3, 1]
[1, -1, -2, -24] [5, 6, 9, -20] [1, 26, 13, -90] [0, 0, 0, 0] [19, -78, 8, 5] [23, -5, -10, 16] [9, -8, 10, 11]
[-25, -9, -7, -14] [9, 21, -6, 4] [-4, 13, -15, 1] [16, 10, -44, 18] [2, -1, -8, 32] [11, 11, -12, 18] [0, -17, 11, -7]
[7, 20, -12, 6] [-11, -4, -8, -18] [6, 6, 7, -2] [-1, -9, -16, 3] [11, 2, 0, 13] [23, -1, -1, -1] [20, 5, 1, 8]
[-5, -15, -8, -21] [11, -9, -12, -12] [-19, -5, 8, -3] [-1, 21, -12, -1] [24, 15, 9, 2] [27, -1, -14, 4] [13, 3, -4, -8]
Food (up, right, down, left):
[31, 15, 0, 16] [-11, 9, -10, -15] [7, -7, -23, 7] [-9, -9, 24, 1] [-13, 17, -4, 23] [2, -22, 0, -2] [-22, 13, -5, -25]
[-33, -10, -10, -10] [-5, -13, 6, 0] [4, 7, 10, 31] [-11, 15, -16, 18] [6, -2, 11, -27] [19, -13, -11, 27] [-9, -15, -11, 1]
[-17, 18, 1, -16] [-12, -3, -1, -2] [-32, -33, -24, -2] [24, -22, 13, -17] [-10, -14, 11, -13] [6, 2, -13, -15] [-6, 15, 17, 12]
[1, -1, 19, 18] [-24, -10, -24, 13] [2, 12, -21, -19] [0, 0, 0, 0] [-33, 26, -12, 6] [-14, -3, -24, 3] [4, 5, -4, -6]
[9, 10, 0, 13] [2, 5, 6, -1] [7, -10, 28, 7] [-10, -13, 23, -8] [-8, -9, 14, -19] [-13, 31, 12, 6] [7, 10, 8, -41]
[7, -5, 13, -3] [24, -9, 25, 15] [5, 9, -10, 11] [-15, -17, 9, -28] [-21, -6, -7, -12] [-9, 18, -17, 15] [16, 33, -12, 2]
[-8, -4, -17, -18] [17, -2, 9, -7] [6, 11, 5, -9] [-8, -13, 27, -31] [30, 27, -5, 2] [2, 17, 10, 19] [8, -13, 15, -2]
------------------------------
ALIVE
Head: (5 36)
Body: (5 36) (4 36) (3 36) (3 35) (2 35) (2 36) (1 36) (1 35) (25 35) (24 35) (24 34) 
Length: 11, 4
Vision: 3
Hungry, suplies: 6/10
Reproductive: 16, mutating: 0.25
Generation: 20357
####################################
Wall (up, right, down, left):
[3, -8, -24, 5] [3, -1, 2, 3] [-2, 2, 3, -20] [14, 12, -2, 10] [-12, 20, 9, -20] [-6, 4, 6, -12] [-25, -13, -6, -6]
[9, 0, 3, -7] [3, 8, 6, -2] [-10, 6, 3, 0] [-23, 10, 2, 17] [27, 8, 0, 0] [-12, 3, 11, 4] [-14, -11, 17, 2]
[-7, 11, 21, -4] [7, 13, -1, 25] [-8, 2, 24, -7] [-50, 18, 37, 25] [-34, -21, -21, 14] [-3, -23, 2, 34] [-11, 3, 7, 1]
[1, -1, -2, -24] [5, 4, 9, -20] [1, 26, 13, -85] [0, 0, 0, 0] [19, -78, 8, 5] [23, -5, -10, 16] [9, -8, 10, 11]
[-25, -9, -7, -14] [9, 21, -6, 4] [-4, 13, -15, 1] [16, 10, -44, 18] [2, -1, -8, 32] [11, 11, -12, 18] [0, -17, 11, -3]
[7, 20, -12, 6] [-11, -4, -8, -18] [6, 6, 7, -2] [-1, -9, -16, 3] [11, 2, 0, 13] [23, -1, -1, -1] [20, 5, 1, 8]
[-5, -15, -8, -21] [15, -9, -12, -12] [-19, -5, 8, -3] [-1, 21, -12, -1] [24, 15, 9, 2] [27, -1, -14, 4] [13, 3, -4, -8]
Food (up, right, down, left):
[31, 14, -4, 16] [-11, 9, -10, -15] [7, -7, -23, 7] [-9, -9, 24, 1] [-13, 17, -4, 23] [2, -22, 0, -2] [-22, 13, -5, -25]
[-33, -10, -10, -10] [-5, -13, 6, 0] [4, 7, 10, 31] [-11, 15, -16, 18] [6, -2, 11, -27] [15, -13, -11, 27] [-6, -15, -11, -2]
[-17, 18, 1, -16] [-11, -3, -1, -2] [-32, -31, -24, -2] [24, -22, 13, -17] [-10, -14, 7, -13] [6, 2, -13, -15] [-7, 15, 17, 12]
[1, -1, 19, 18] [-24, -10, -24, 17] [2, 15, -21, -19] [0, 0, 0, 0] [-33, 26, -12, 6] [-14, -3, -24, 3] [4, 5, -4, -6]
[9, 10, 0, 13] [2, 5, 6, -1] [7, -10, 28, 7] [-10, -13, 23, -8] [-8, -9, 14, -19] [-13, 31, 12, 6] [7, 10, 5, -41]
[7, -5, 13, -3] [24, -9, 25, 15] [5, 9, -10, 11] [-15, -17, 9, -28] [-21, -6, -7, -12] [-9, 18, -17, 15] [16, 33, -12, 2]
[-8, -4, -17, -18] [17, -2, 9, -12] [6, 11, 5, -9] [-8, -13, 27, -31] [30, 27, -5, 2] [2, 17, 10, 19] [8, -13, 15, -2]
------------------------------
ALIVE
Head: (3 6)
Body: (3 6) (2 6) (2 5) (1 5) (25 5) (24 5) (24 4) (24 3) (24 2) (23 2) 
Length: 10, 4
Vision: 3
Hungry, suplies: 8/10
Reproductive: 16, mutating: 0.25
Generation: 20361
####################################
Wall (up, right, down, left):
[3, -8, -24, 5] [3, -1, 2, 3] [-2, 2, 3, -20] [14, 12, -2, 10] [-12, 20, 9, -20] [-6, 4, 6, -12] [-25, -13, -6, -6]
[9, 0, 3, -7] [3, 8, 6, -2] [-10, 6, 3, 0] [-23, 10, 2, 17] [27, 8, 0, 0] [-12, 3, 11, 4] [-14, -11, 17, 2]
[-7, 11, 21, -4] [7, 13, -1, 25] [-8, 2, 24, -7] [-50, 18, 37, 25] [-34, -21, -21, 14] [-3, -23, 2, 34] [-11, 3, 7, 1]
[1, -1, -2, -24] [5, 4, 9, -20] [1, 26, 13, -85] [0, 0, 0, 0] [19, -78, 8, 5] [23, -5, -10, 16] [9, -8, 10, 11]
[-25, -9, -7, -14] [9, 21, -6, 4] [-4, 13, -15, 1] [16, 10, -44, 18] [2, -1, -8, 32] [11, 11, -12, 18] [0, -17, 11, -3]
[7, 20, -12, 6] [-11, -4, -8, -18] [6, 6, 7, -2] [-1, -9, -16, 3] [11, 2, 0, 13] [23, -1, -1, -1] [20, 5, 1, 8]
[-5, -15, -8, -21] [15, -9, -12, -12] [-19, -5, 8, -3] [-1, 21, -12, -1] [24, 15, 9, 2] [27, -1, -14, 4] [13, 3, -4, -8]
Food (up, right, down, left):
[31, 14, -4, 16] [-11, 9, -10, -15] [7, -7, -23, 7] [-9, -9, 24, 1] [-13, 17, -4, 23] [2, -22, 0, -2] [-22, 13, -5, -25]
[-33, -10, -10, -10] [-5, -13, 6, 0] [4, 7, 10, 31] [-11, 15, -16, 18] [6, -2, 11, -27] [15, -13, -11, 27] [-6, -15, -11, -2]
[-17, 18, 1, -16] [-11, -3, -1, -2] [-32, -31, -24, -2] [24, -22, 13, -17] [-10, -14, 7, -13] [6, 2, -13, -15] [-7, 15, 17, 12]
[1, -1, 19, 18] [-24, -10, -24, 17] [2, 15, -21, -19] [0, 0, 0, 0] [-33, 26, -12, 6] [-12, -3, -24, 3] [4, 5, -4, -6]
[9, 10, 0, 13] [2, 5, 6, -1] [7, -10, 28, 7] [-10, -13, 23, -8] [-8, -9, 14, -19] [-13, 31, 12, 6] [7, 10, 5, -41]
[7, -5, 13, -3] [24, -9, 25, 15] [5, 9, -10, 11] [-15, -17, 9, -28] [-21, -6, -7, -12] [-9, 18, -17, 15] [16, 33, -12, 2]
[-8, -4, -17, -18] [17, -2, 9, -12] [6, 11, 5, -9] [-8, -13, 27, -31] [30, 27, -5, 2] [2, 17, 10, 19] [8, -13, 15, -2]
------------------------------
ALIVE
Head: (14 30)
Body: (14 30) (14 29) (13 29) (13 28) (12 28) (11 28) (11 27) (11 26) (10 26) 
Length: 9, 4
Vision: 3
Hungry, suplies: 3/10
Reproductive: 16, mutating: 0.25
Generation: 20362
####################################
Wall (up, right, down, left):
[3, -8, -24, 5] [3, -1, 2, 3] [-2, 2, 3, -20] [14, 12, -2, 10] [-12, 20, 9, -20] [-6, 4, 6, -12] [-25, -12, -6, -6]
[9, 0, 3, -7] [3, 8, 6, -2] [-10, 6, 3, 0] [-23, 10, 2, 17] [27, 8, 0, 0] [-12, 3, 11, 4] [-13, -11, 17, 2]
[-7, 11, 21, -4] [7, 13, -1, 25] [-8, 2, 24, -7] [-50, 18, 37, 25] [-34, -21, -21, 14] [-3, -23, 2, 34] [-11, 3, 7, 1]
[1, -1, -2, -24] [5, 4, 9, -20] [1, 26, 13, -85] [0, 0, 0, 0] [19, -78, 8, 5] [23, -5, -10, 16] [9, -8, 10, 11]
[-25, -9, -7, -14] [9, 21, -6, 4] [-4, 13, -15, 1] [16, 10, -44, 18] [2, -1, -8, 32] [11, 11, -12, 18] [0, -17, 11, -3]
[7, 20, -12, 6] [-11, -4, -8, -18] [6, 6, 7, -2] [-1, -9, -16, 3] [11, 2, 0, 13] [23, -1, -1, -1] [20, 5, 1, 8]
[-5, -15, -8, -21] [15, -9, -12, -12] [-19, -5, 8, -3] [-1, 21, -12, -1] [24, 15, 9, 2] [27, -1, -14, 4] [13, 3, -4, -8]
Food (up, right, down, left):
[31, 14, -4, 16] [-11, 9, -10, -15] [7, -7, -23, 7] [-9, -9, 24, 1] [-13, 17, -4, 23] [2, -22, 0, -2] [-22, 13, -10, -25]
[-33, -10, -10, -10] [-5, -13, 6, 0] [4, 7, 10, 31] [-11, 15, -16, 18] [6, -2, 11, -27] [15, -13, -11, 27] [-9, -15, -11, -2]
[-17, 18, 1, -16] [-11, -3, -1, -2] [-32, -31, -24, -2] [24, -22, 13, -17] [-10, -14, 7, -13] [6, 2, -13, -15] [-7, 15, 17, 12]
[1, -1, 19, 18] [-24, -10, -24, 17] [2, 15, -21, -19] [0, 0, 0, 0] [-33, 26, -12, 6] [-14, -3, -24, 3] [4, 5, -4, -6]
[9, 10, 0, 13] [2, 5, 6, -1] [7, -10, 28, 7] [-10, -13, 23, -8] [-8, -9, 14, -19] [-13, 31, 12, 6] [7, 10, 5, -41]
[7, -5, 13, -3] [24, -9, 25, 15] [5, 9, -10, 11] [-15, -17, 9, -28] [-21, -6, -7, -12] [-9, 18, -17, 15] [16, 33, -12, 2]
[-8, -4, -17, -18] [17, -2, 9, -12] [6, 11, 5, -9] [-8, -13, 27, -31] [30, 27, -5, 2] [2, 17, 10, 19] [8, -13, 15, -2]
------------------------------
ALIVE
Head: (3 46)
Body: (3 46) (3 45) (3 44) (3 43) (3 42) (2 42) (1 42) (0 42) 
Length: 8, 4
Vision: 3
Hungry, suplies: 2/10
Reproductive: 16, mutating: 0.25
Generation: 20364
####################################
Wall (up, right, down, left):
[3, -12, -24, 5] [3, -1, 2, 3] [-2, 2, 3, -20] [14, 12, -2, 10] [-12, 20, 9, -20] [-6, 4, 6, -12] [-25, -13, -6, -6]
[9, 0, 3, -7] [3, 8, 6, -2] [-10, 6, 3, 0] [-23, 10, 2, 17] [27, 8, 0, 0] [-12, 3, 11, 4] [-13, -11, 18, 2]
[-7, 11, 21, -4] [7, 13, -1, 24] [-8, 2, 19, -7] [-50, 18, 37, 25] [-34, -21, -21, 14] [-3, -23, 2, 34] [-11, 3, 3, 1]
[1, -1, -2, -24] [5, 6, 9, -20] [1, 26, 13, -85] [0, 0, 0, 0] [19, -78, 8, 5] [23, -5, -10, 16] [9, -8, 10, 11]
[-25, -9, -7, -14] [9, 21, -6, 4] [-4, 13, -15, 1] [15, 10, -44, 18] [2, -1, -8, 32] [11, 11, -12, 18] [0, -17, 11, -7]
[7, 20, -12, 6] [-11, -4, -8, -18] [6, 6, 7, -2] [-1, -9, -16, 3] [11, 2, 0, 13] [23, -1, -1, -1] [20, 5, 1, 8]
[-5, -15, -8, -21] [11, -9, -12, -12] [-19, -5, 8, -3] [-1, 21, -12, -1] [24, 15, 9, 2] [27, -1, -14, 4] [13, 3, -4, -8]
Food (up, right, down, left):
[31, 14, 0, 16] [-11, 9, -10, -15] [7, -7, -23, 7] [-9, -9, 24, 1] [-13, 17, -4, 23] [2, -22, 0, -2] [-22, 13, -5, -25]
[-33, -10, -10, -10] [-5, -13, 6, 0] [4, 7, 10, 31] [-11, 15, -16, 18] [6, -2, 11, -27] [15, -13, -11, 27] [-9, -15, -11, 1]
[-17, 18, 1, -16] [-12, -3, -1, -2] [-32, -33, -24, -2] [24, -22, 13, -17] [-10, -14, 7, -13] [6, 2, -13, -15] [-6, 15, 17, 12]
[1, -1, 19, 18] [-24, -10, -24, 13] [2, 15, -21, -19] [0, 0, 0, 0] [-33, 26, -12, 6] [-14, -3, -24, 3] [4, 5, -4, -6]
[9, 10, 0, 13] [2, 5, 6, -1] [7, -10, 28, 7] [-10, -13, 19, -8] [-8, -9, 14, -19] [-13, 31, 12, 6] [7, 10, 8, -41]
[7, -5, 13, -3] [24, -9, 25, 15] [5, 9, -10, 11] [-15, -17, 9, -28] [-21, -6, -7, -12] [-9, 18, -17, 15] [16, 33, -12, 2]
[-8, -4, -17, -18] [17, -2, 9, -7] [6, 11, 5, -9] [-8, -13, 27, -31] [30, 27, -5, 2] [2, 17, 10, 19] [8, -13, 15, -2]
------------------------------
ALIVE
Head: (13 14)
Body: (13 14) (13 13) (14 13) (14 12) (14 11) (14 10) (15 10) (15 9) 
Length: 8, 4
Vision: 3
Hungry, suplies: 6/10
Reproductive: 16, mutating: 0.25
Generation: 20357
####################################
Wall (up, right, down, left):
[3, -8, -24, 5] [3, -1, 2, 3] [-2, 2, 3, -20] [14, 12, -2, 10] [-12, 20, 9, -20] [-6, 4, 6, -12] [-25, -13, -6, -6]
[9, 0, 3, -7] [3, 8, 6, -2] [-10, 6, 3, 0] [-23, 10, 2, 17] [27, 8, 0, 0] [-12, 3, 11, 4] [-13, -11, 17, 2]
[-7, 11, 21, -4] [7, 13, -1, 25] [-8, 2, 24, -7] [-50, 18, 37, 25] [-34, -21, -21, 14] [-3, -23, 2, 34] [-11, 3, 7, 1]
[1, -1, -2, -24] [5, 4, 9, -20] [1, 26, 13, -85] [0, 0, 0, 0] [19, -78, 8, 5] [23, -5, -10, 16] [9, -8, 10, 11]
[-25, -9, -7, -14] [9, 21, -6, 4] [-4, 13, -15, 1] [16, 10, -44, 18] [2, -1, -8, 32] [11, 11, -12, 18] [0, -17, 11, -3]
[7, 20, -12, 6] [-11, -4, -8, -18] [6, 6, 7, -2] [-1, -9, -16, 3] [11, 2, 0, 13] [23, -1, -1, -1] [20, 5, 1, 8]
[-5, -15, -8, -21] [15, -9, -12, -12] [-19, -5, 8, -3] [-1, 21, -12, -1] [24, 15, 9, 2] [27, -1, -14, 4] [13, 3, -4, -8]
Food (up, right, down, left):
[31, 14, -4, 16] [-11, 9, -10, -15] [7, -7, -23, 7] [-9, -9, 24, 1] [-13, 17, -4, 23] [2, -22, 0, -2] [-22, 13, -5, -25]
[-33, -10, -10, -10] [-5, -13, 6, 0] [4, 7, 10, 31] [-11, 15, -16, 18] [6, -2, 11, -27] [15, -13, -11, 27] [-9, -15, -11, -2]
[-17, 18, 1, -16] [-11, -3, -1, -2] [-32, -29, -24, -2] [24, -22, 13, -17] [-10, -14, 7, -13] [6, 2, -13, -15] [-7, 15, 17, 12]
[1, -1, 19, 18] [-24, -10, -24, 17] [2, 15, -21, -19] [0, 0, 0, 0] [-33, 26, -12, 6] [-14, -3, -24, 3] [4, 5, -4, -6]
[9, 10, 0, 13] [2, 5, 6, -1] [7, -10, 28, 7] [-10, -13, 23, -8] [-8, -9, 14, -19] [-13, 31, 12, 6] [7, 10, 5, -41]
[7, -5, 13, -3] [24, -9, 25, 15] [5, 9, -10, 11] [-15, -17, 9, -28] [-21, -6, -7, -12] [-9, 18, -17, 15] [16, 33, -12, 2]
[-8, -4, -17, -18] [17, -2, 9, -12] [6, 11, 5, -9] [-8, -13, 27, -31] [30, 27, -5, 2] [2, 17, 10, 19] [8, -13, 15, -2]
------------------------------
ALIVE
Head: (17 44)
Body: (17 44) (18 44) (18 45) (19 45) (19 44) (20 44) (21 44) (22 44) 
Length: 8, 4
Vision: 3
Hungry, suplies: 6/10
Reproductive: 16, mutating: 0.25
Generation: 20360
####################################
Wall (up, right, down, left):
[3, -12, -24, 5] [3, -1, 2, 3] [-2, 2, 3, -20] [14, 12, -2, 10] [-12, 20, 9, -20] [-6, 4, 6, -12] [-25, -13, -6, -6]
[9, 0, 3, -7] [3, 8, 6, -2] [-10, 6, 3, 0] [-23, 10, 2, 17] [27, 8, 0, 0] [-12, 3, 11, 4] [-13, -11, 18, 2]
[-7, 11, 21, -4] [7, 10, -1, 24] [-8, 2, 19, -7] [-50, 18, 37, 25] [-34, -21, -21, 14] [-3, -23, -2, 34] [-11, 3, 3, 1]
[1, -1, -2, -24] [5, 6, 9, -20] [1, 26, 13, -85] [0, 0, 0, 0] [19, -78, 8, 5] [23, -5, -10, 16] [9, -8, 10, 11]
[-25, -9, -7, -14] [9, 21, -6, 4] [-4, 13, -15, 1] [16, 10, -44, 18] [2, -1, -8, 32] [11, 11, -12, 18] [0, -17, 11, -7]
[7, 20, -12, 6] [-11, -4, -8, -18] [6, 6, 7, -2] [-1, -9, -16, 3] [11, 2, 0, 13] [23, -1, -1, -1] [20, 5, 1, 8]
[-5, -15, -8, -21] [16, -9, -12, -12] [-19, -5, 8, -3] [-1, 21, -12, -1] [24, 15, 9, 2] [27, -1, -14, 4] [13, 3, -4, -8]
Food (up, right, down, left):
[31, 14, 0, 16] [-11, 9, -10, -15] [7, -7, -23, 7] [-9, -9, 24, 1] [-13, 17, -4, 23] [2, -22, 0, -2] [-22, 13, -5, -25]
[-33, -10, -10, -10] [-5, -13, 6, 0] [4, 7, 10, 31] [-11, 15, -16, 18] [6, -2, 11, -27] [15, -13, -11, 27] [-9, -15, -11, 1]
[-17, 18, 1, -16] [-12, -8, -1, -2] [-32, -33, -24, -2] [24, -22, 13, -17] [-10, -14, 7, -13] [6, 2, -18, -15] [-6, 15, 17, 12]
[1, -1, 19, 18] [-24, -10, -24, 13] [2, 15, -21, -19] [0, 0, 0, 0] [-33, 26, -12, 6] [-14, -3, -24, 3] [4, 5, -4, -6]
[9, 10, 0, 13] [2, 5, 6, -1] [7, -10, 28, 7] [-10, -13, 23, -8] [-8, -9, 14, -19] [-13, 31, 12, 6] [7, 10, 8, -41]
[7, -5, 13, -3] [24, -9, 25, 15] [5, 9, -10, 11] [-15, -17, 9, -28] [-21, -6, -7, -12] [-9, 18, -17, 15] [16, 33, -12, 2]
[-8, -4, -17, -18] [17, -2, 12, -7] [6, 11, 5, -9] [-8, -13, 27, -31] [30, 27, -5, 2] [2, 17, 10, 19] [8, -13, 15, -2]
------------------------------
DEAD: Wall
Head: (4 2)
Body: (4 2) (5 2) (5 3) (6 3) (6 2) (6 1) (6 0) (7 0) 
Length: 8, 4
Vision: 3
Hungry, suplies: 10/10
Reproductive: 16, mutating: 0.25
Generation: 20356
####################################
Wall (up, right, down, left):
[3, -12, -24, 5] [3, -1, 2, 3] [-2, 2, 3, -20] [14, 12, -2, 10] [-12, 20, 9, -20] [-6, 4, 6, -12] [-25, -13, -6, -6]
[9, 0, 3, -7] [3, 8, 6, -2] [-10, 6, 3, 0] [-23, 10, 2, 17] [27, 8, 0, 0] [-12, 3, 11, 2] [-13, -11, 18, 2]
[-7, 11, 21, -4] [7, 10, -1, 24] [-8, 2, 19, -7] [-50, 18, 37, 25] [-34, -21, -21, 14] [-3, -23, -2, 34] [-11, 3, 3, 1]
[1, -1, -2, -24] [5, 6, 9, -20] [1, 26, 13, -85] [0, 0, 0, 0] [19, -78, 8, 5] [23, -5, -10, 16] [9, -8, 10, 11]
[-25, -9, -7, -14] [9, 21, -6, 4] [-4, 13, -15, 1] [16, 10, -44, 18] [2, -1, -8, 32] [11, 11, -12, 18] [0, -17, 11, -7]
[7, 20, -12, 6] [-11, -4, -8, -18] [6, 6, 7, -2] [-1, -9, -16, 3] [11, 2, 0, 13] [23, -1, -1, -1] [20, 5, 1, 8]
[-5, -15, -8, -21] [16, -9, -12, -12] [-19, -5, 8, -3] [-1, 21, -12, -1] [24, 15, 9, 2] [27, -1, -14, 4] [13, 3, -1, -8]
Food (up, right, down, left):
[31, 14, 0, 16] [-11, 9, -10, -15] [7, -7, -23, 7] [-9, -9, 24, 1] [-13, 17, -4, 23] [2, -22, 0, -2] [-22, 13, -5, -25]
[-33, -10, -10, -10] [-5, -13, 6, 0] [4, 7, 10, 31] [-11, 15, -16, 18] [6, -2, 11, -27] [13, -13, -11, 27] [-9, -15, -11, 1]
[-17, 18, 1, -16] [-12, -8, -1, -2] [-32, -33, -24, -2] [24, -22, 13, -17] [-10, -14, 7, -13] [6, 2, -18, -15] [-6, 15, 17, 12]
[1, -1, 19, 18] [-24, -10, -24, 13] [2, 15, -21, -19] [0, 0, 0, 0] [-33, 26, -12, 6] [-14, -3, -24, 3] [4, 5, -4, -6]
[9, 10, 0, 13] [2, 5, 6, -1] [7, -10, 28, 7] [-10, -13, 23, -8] [-8, -9, 14, -19] [-13, 31, 12, 6] [7, 10, 8, -41]
[7, -5, 13, -3] [24, -9, 25, 15] [5, 9, -10, 11] [-15, -17, 9, -28] [-21, -6, -7, -12] [-9, 18, -17, 15] [16, 33, -12, 2]
[-8, -4, -17, -18] [17, -2, 12, -7] [6, 11, 5, -9] [-8, -13, 27, -31] [30, 27, -5, 2] [2, 17, 10, 19] [8, -13, 20, -2]
------------------------------
ALIVE
Head: (13 49)
Body: (13 49) (14 49) (15 49) (16 49) (16 50) (17 50) (17 51) (17 52) 
Length: 8, 4
Vision: 3
Hungry, suplies: 10/10
Reproductive: 16, mutating: 0.25
Generation: 20357
####################################
