Wall (up, right, down, left):
[-9, -5, -8, -10] [5, 5, -2, -17] [-19, -23, -3, -25] [2, 5, 16, 6] [-10, 14, 37, 0] [7, -9, -23, -19] [5, -29, -5, -8]
[-34, -3, 16, -7] [32, 23, -5, -6] [-44, 15, 12, -3] [-40, 3, 31, 12] [15, 34, 1, 10] [-35, -13, -6, -24] [-23, 8, 6, 9]
[-6, 26, 25, 41] [-16, 30, -24, -17] [-5, -2, 63, -1] [-105, 30, 59, 3] [-47, -60, -17, 29] [-21, -28, -15, -2] [-5, -22, -16, -1]
[-27, 59, -19, -28] [15, -6, 30, -38] [16, 35, 17, -123] [0, 0, 0, 0] [50, -122, 22, 19] [18, -13, -5, 3] [8, 16, 30, -2]
[7, -37, 20, 10] [10, -8, -18, -24] [-17, -18, -43, -42] [65, -1, -134, 34] [12, -6, -45, 67] [12, 23, -12, 10] [1, -81, -25, 37]
[23, 32, 7, -12] [-27, 10, -2, 4] [30, -5, 25, -10] [1, -10, -20, -3] [-9, -3, -36, -21] [-3, -26, -28, 9] [43, 8, 13, -6]
[-21, 3, 13, -22] [-4, -16, -47, -17] [8, 0, 32, 15] [-28, 15, -67, -28] [38, 3, -11, 38] [36, -9, -22, 38] [8, -10, 34, 3]
Food (up, right, down, left):
[12, 33, -21, 18] [-19, 23, 12, -30] [6, -19, 6, 9] [-17, 1, 66, 7] [8, -14, 53, 0] [7, -35, -17, -28] [-63, 26, 14, -33]
[-75, 14, -44, -8] [5, -23, -33, 1] [-1, 5, 43, 34] [-22, 11, -53, 50] [16, 23, 3, -60] [32, 9, -59, 21] [9, -11, 22, 48]
[-25, 3, 38, -30] [27, 7, -7, 33] [-32, -38, -30, 31] [57, -34, 26, 3] [-3, -21, -17, -26] [-6, 22, -51, -24] [68, 34, 29, 27]
[8, 35, -9, 44] [-20, -5, -14, 35] [-1, -13, -28, -14] [0, 0, 0, 0] [-19, 53, -51, 4] [-2, -30, -45, -21] [-17, 54, -17, -4]
[10, 22, -17, 23] [20, 25, -1, 42] [20, -19, 35, 29] [0, -59, 50, -16] [-5, 27, 13, -6] [18, 50, 15, 5] [-15, -26, -19, -11]
[9, -40, -17, -5] [10, 13, 8, -32] [21, -11, 20, 34] [-52, -35, 61, -18] [-55, -38, 17, -60] [-36, 60, 35, 25] [-3, 52, 39, 33]
[33, 14, -25, -11] [-8, 1, 27, -76] [41, 23, 7, -18] [4, -10, -13, -23] [86, 42, 9, -23] [-11, 41, 4, -1] [25, -36, 21, -24]
------------------------------
ALIVE
Head: (7 15)
Body: (7 15) (6 15) (6 14) (6 13) (6 12) (6 11) (5 11) (4 11) 
Length: 8, 4
Vision: 3
Hungry, suplies: 5/10
Reproductive: 16, mutating: 0.25
Generation: 61966
####################################
Wall (up, right, down, left):
[-9, -5, -8, -13] [5, 5, -2, -17] [-19, -23, -3, -25] [2, 5, 16, 6] [-10, 14, 37, 0] [7, -9, -23, -19] [5, -26, 0, -8]
[-34, -3, 16, -7] [32, 23, -5, -6] [-44, 15, 12, -3] [-40, 3, 31, 12] [15, 34, 1, 10] [-36, -13, -6, -24] [-23, 8, 6, 9]
[-6, 26, 25, 41] [-16, 30, -24, -13] [-10, -2, 63, -1] [-105, 30, 59, 3] [-47, -60, -17, 29] [-21, -28, -15, -2] [-5, -22, -16, -1]
[-27, 59, -19, -28] [11, -6, 30, -38] [16, 35, 12, -123] [0, 0, 0, 0] [50, -122, 22, 19] [18, -13, -5, 3] [8, 16, 30, -2]
[7, -37, 20, 10] [10, -8, -18, -24] [-17, -18, -43, -42] [65, -1, -130, 34] [12, -6, -45, 67] [12, 23, -12, 10] [1, -81, -25, 37]
[20, 32, 7, -12] [-30, 10, -2, 4] [30, -5, 25, -10] [1, -10, -20, -3] [-9, -3, -36, -21] [-3, -26, -28, 9] [43, 8, 14, -6]
[-21, 3, 13, -22] [-4, -16, -47, -17] [8, 0, 32, 17] [-28, 18, -63, -28] [42, 3, -11, 38] [36, -9, -22, 38] [8, -13, 34, 3]
Food (up, right, down, left):
[12, 28, -21, 18] [-19, 23, 12, -30] [6, -19, 6, 9] [-17, 1, 66, 7] [8, -14, 53, 0] [7, -35, -17, -28] [-63, 23, 14, -33]
[-75, 14, -44, -8] [5, -23, -33, 1] [-1, 5, 43, 34] [-22, 11, -53, 50] [16, 23, 3, -60] [32, 9, -59, 17] [9, -11, 22, 48]
[-25, 3, 38, -30] [27, 12, -7, 31] [-32, -39, -30, 31] [57, -34, 26, 3] [-3, -21, -17, -26] [-6, 22, -51, -24] [68, 34, 29, 27]
[8, 35, -9, 44] [-20, -5, -14, 30] [-1, -13, -30, -14] [0, 0, 0, 0] [-19, 53, -51, 4] [-2, -30, -45, -21] [-17, 54, -17, -4]
[10, 22, -17, 23] [20, 25, -1, 42] [20, -19, 35, 29] [-1, -59, 50, -16] [-5, 27, 13, -6] [18, 50, 15, 5] [-15, -26, -19, -11]
[9, -40, -17, -5] [10, 13, 8, -31] [21, -11, 20, 34] [-52, -35, 61, -18] [-55, -38, 17, -60] [-36, 60, 35, 25] [-3, 52, 39, 30]
[33, 14, -25, -11] [-8, 1, 27, -76] [38, 23, 7, -18] [4, -8, -10, -23] [83, 42, 9, -23] [-11, 41, 4, -1] [25, -36, 21, -24]
------------------------------
ALIVE
Head: (1 38)
Body: (1 38) (0 38) (0 39) (0 40) (0 41) (1 41) (1 42) (2 42) 
Length: 8, 4
Vision: 3
Hungry, suplies: 2/10
Reproductive: 16, mutating: 0.25
Generation: 61969
####################################
Wall (up, right, down, left):
[-9, -5, -8, -13] [5, 5, -2, -14] [-19, -23, -3, -25] [2, 5, 16, 6] [-10, 14, 37, 0] [7, -9, -23, -19] [5, -26, 0, -8]
[-34, -3, 16, -7] [32, 23, -5, -6] [-44, 15, 12, -3] [-40, 3, 31, 12] [15, 39, 1, 10] [-36, -13, -6, -24] [-23, 8, 6, 9]
[-6, 26, 25, 41] [-16, 30, -24, -17] [-10, -2, 63, -1] [-105, 30, 59, 3] [-47, -60, -17, 29] [-21, -28, -15, -2] [-5, -22, -16, -1]
[-27, 59, -19, -28] [15, -6, 30, -38] [16, 35, 12, -123] [0, 0, 0, 0] [50, -122, 22, 19] [18, -13, -5, 3] [8, 16, 30, -2]
[7, -33, 20, 10] [10, -8, -18, -24] [-17, -18, -43, -42] [65, -1, -130, 34] [12, -6, -45, 67] [12, 23, -12, 10] [1, -81, -25, 37]
[23, 32, 7, -12] [-30, 10, -2, 4] [30, -5, 25, -10] [1, -10, -20, -3] [-9, -3, -36, -21] [-3, -26, -28, 9] [43, 8, 14, -6]
[-21, 3, 13, -22] [-4, -16, -47, -17] [8, 0, 32, 17] [-28, 18, -63, -28] [42, 3, -11, 38] [36, -9, -22, 38] [8, -13, 34, 3]
Food (up, right, down, left):
[12, 28, -21, 18] [-19, 23, 12, -30] [6, -19, 6, 9] [-17, 1, 66, 7] [8, -14, 53, 0] [7, -35, -17, -28] [-63, 23, 14, -33]
[-75, 14, -44, -8] [5, -23, -33, 1] [-1, 5, 43, 34] [-22, 11, -53, 50] [18, 23, 3, -60] [32, 9, -59, 17] [9, -11, 22, 48]
[-25, 3, 38, -30] [27, 7, -7, 31] [-32, -39, -30, 31] [57, -34, 26, 3] [-3, -21, -17, -26] [-6, 22, -51, -24] [68, 34, 29, 27]
[8, 35, -9, 44] [-20, -5, -14, 35] [-1, -13, -30, -14] [0, 0, 0, 0] [-19, 53, -51, 4] [-2, -30, -45, -21] [-17, 54, -17, -4]
[10, 22, -17, 18] [20, 25, -1, 42] [20, -19, 35, 29] [-1, -59, 50, -16] [-5, 27, 13, -6] [18, 50, 15, 5] [-15, -26, -19, -11]
[9, -35, -17, -5] [10, 13, 8, -31] [21, -11, 20, 34] [-52, -35, 61, -18] [-55, -38, 17, -60] [-36, 60, 35, 25] [-3, 52, 39, 30]
[33, 14, -25, -11] [-8, 1, 27, -76] [38, 23, 7, -18] [4, -8, -10, -23] [83, 42, 9, -23] [-11, 41, 4, -1] [25, -36, 21, -24]
------------------------------
ALIVE
Head: (2 51)
Body: (2 51) (1 51) (25 51) (24 51) (23 51) (22 51) (21 51) (20 51) (20 50) (20 49) 
Length: 10, 4
Vision: 3
Hungry, suplies: 6/10
Reproductive: 16, mutating: 0.25
Generation: 61969
####################################
Wall (up, right, down, left):
[-9, -5, -8, -13] [5, 5, -2, -15] [-19, -23, -3, -25] [2, 5, 16, 6] [-10, 14, 37, 0] [7, -9, -23, -19] [5, -26, 0, -8]
[-34, -3, 16, -7] [32, 23, -5, -6] [-44, 15, 12, -3] [-40, 3, 31, 12] [15, 34, 1, 10] [-35, -13, -6, -24] [-23, 8, 6, 9]
[-8, 26, 25, 36] [-16, 30, -24, -17] [-10, -2, 63, -1] [-101, 30, 59, 3] [-47, -60, -17, 29] [-21, -28, -15, -2] [-5, -22, -16, -1]
[-27, 59, -19, -28] [15, -6, 30, -38] [16, 35, 12, -123] [0, 0, 0, 0] [50, -122, 22, 19] [18, -12, -5, 3] [8, 16, 30, -2]
[7, -37, 20, 10] [10, -8, -18, -24] [-17, -18, -43, -42] [68, -1, -134, 34] [12, -6, -45, 67] [12, 23, -12, 10] [-1, -81, -25, 37]
[25, 32, 7, -12] [-30, 10, -2, 4] [30, -5, 25, -8] [1, -10, -20, -3] [-9, -3, -36, -21] [-3, -26, -28, 9] [43, 8, 14, -6]
[-21, 3, 13, -22] [-4, -16, -47, -17] [8, 0, 32, 15] [-28, 18, -63, -28] [38, 3, -11, 38] [36, -9, -22, 38] [8, -10, 34, 3]
Food (up, right, down, left):
[12, 28, -21, 18] [-19, 25, 12, -30] [6, -19, 6, 9] [-17, 1, 66, 7] [8, -14, 53, 0] [7, -35, -17, -28] [-63, 23, 14, -33]
[-75, 14, -44, -8] [5, -23, -33, 1] [-1, 5, 43, 34] [-22, 11, -53, 50] [16, 23, 3, -60] [32, 9, -59, 21] [9, -11, 22, 48]
[-23, 3, 41, -30] [27, 7, -7, 31] [-29, -38, -30, 31] [57, -34, 26, 7] [-3, -21, -17, -26] [-6, 22, -51, -24] [68, 34, 24, 27]
[8, 35, -9, 44] [-20, -5, -14, 35] [-1, -13, -30, -14] [0, 0, 0, 0] [-19, 53, -51, 4] [-2, -30, -45, -19] [-17, 54, -17, -4]
[10, 22, -17, 23] [20, 25, -1, 42] [20, -19, 35, 29] [0, -59, 55, -16] [-5, 27, 13, -6] [18, 50, 15, 5] [-15, -26, -19, -11]
[9, -35, -16, -5] [10, 13, 8, -31] [21, -11, 20, 34] [-52, -35, 61, -18] [-55, -38, 17, -60] [-36, 60, 35, 25] [-3, 52, 39, 30]
[33, 14, -25, -11] [-8, 1, 27, -76] [41, 23, 7, -18] [4, -8, -10, -23] [86, 42, 9, -23] [-11, 41, 4, -1] [25, -36, 21, -24]
------------------------------
ALIVE
Head: (23 17)
Body: (23 17) (23 16) (23 15) (23 14) (22 14) (21 14) (21 13) (20 13) (20 14) (20 15) (21 15) (21 16) (21 17) 
Length: 13, 4
Vision: 3
Hungry, suplies: 6/10
Reproductive: 16, mutating: 0.25
Generation: 61971
####################################
Wall (up, right, down, left):
[-9, -5, -8, -13] [5, 5, -2, -17] [-19, -23, -3, -25] [2, 5, 16, 6] [-10, 14, 37, 0] [7, -9, -23, -19] [5, -26, 0, -8]
[-34, -3, 16, -7] [32, 23, -5, -6] [-44, 15, 12, -3] [-40, 3, 31, 12] [15, 34, 1, 10] [-36, -13, -6, -24] [-23, 8, 6, 9]
[-6, 26, 25, 41] [-16, 30, -24, -13] [-10, -2, 63, -1] [-105, 30, 59, 3] [-47, -60, -17, 29] [-21, -28, -15, -2] [-5, -22, -16, -1]
[-27, 59, -19, -28] [14, -6, 30, -38] [14, 35, 12, -123] [0, 0, 0, 0] [50, -122, 22, 19] [18, -13, -5, 3] [8, 20, 30, -2]
[7, -37, 20, 10] [10, -8, -18, -24] [-17, -18, -43, -42] [65, -1, -130, 34] [12, -6, -45, 67] [12, 23, -12, 10] [1, -81, -25, 37]
[20, 32, 7, -12] [-30, 10, -2, 4] [30, -5, 25, -10] [1, -12, -20, -3] [-9, -3, -36, -21] [-3, -26, -28, 9] [43, 8, 14, -6]
[-21, 3, 13, -22] [-4, -16, -47, -17] [8, 0, 32, 17] [-28, 18, -63, -28] [42, 3, -11, 38] [36, -9, -22, 38] [8, -13, 34, 3]
Food (up, right, down, left):
[12, 28, -21, 18] [-19, 23, 12, -30] [6, -19, 6, 9] [-17, 1, 66, 7] [8, -14, 53, 0] [7, -35, -17, -28] [-63, 23, 14, -33]
[-75, 14, -44, -8] [5, -23, -33, 1] [-1, 5, 43, 34] [-22, 11, -53, 50] [16, 23, 3, -60] [32, 9, -59, 17] [9, -11, 22, 48]
[-25, 3, 38, -30] [27, 12, -7, 31] [-32, -39, -30, 31] [57, -34, 26, 3] [-3, -21, -17, -26] [-6, 22, -51, -24] [68, 34, 29, 27]
[8, 35, -9, 44] [-20, -5, -18, 30] [-1, -13, -30, -12] [0, 0, 0, 0] [-19, 53, -51, 4] [-2, -30, -45, -21] [-17, 54, -22, -4]
[10, 22, -17, 23] [20, 25, -1, 42] [20, -19, 35, 29] [-1, -59, 50, -16] [-5, 27, 13, -6] [18, 50, 15, 5] [-15, -26, -19, -11]
[9, -40, -17, -5] [10, 13, 8, -31] [21, -11, 20, 34] [-52, -35, 61, -18] [-55, -38, 17, -60] [-36, 60, 35, 25] [-3, 52, 39, 30]
[33, 14, -25, -11] [-8, 1, 27, -76] [38, 23, 7, -18] [4, -8, -10, -23] [83, 42, 9, -23] [-11, 41, 4, -1] [25, -36, 21, -24]
------------------------------
ALIVE
Head: (7 27)
Body: (7 27) (6 27) (5 27) (4 27) (3 27) (2 27) (1 27) 
Length: 7, 4
Vision: 3
Hungry, suplies: 6/10
Reproductive: 16, mutating: 0.25
Generation: 61968
####################################
Wall (up, right, down, left):
[-9, -5, -8, -13] [5, 5, -2, -17] [-19, -23, -3, -25] [2, 5, 16, 6] [-10, 14, 37, 0] [7, -9, -23, -19] [5, -26, 0, -8]
[-34, -3, 16, -7] [31, 23, -5, -6] [-44, 15, 12, -3] [-40, 3, 31, 12] [15, 34, 1, 10] [-36, -13, -6, -24] [-23, 8, 6, 9]
[-6, 26, 25, 41] [-16, 30, -24, -13] [-10, -2, 63, -1] [-105, 30, 59, 3] [-47, -60, -17, 29] [-21, -28, -15, -2] [-5, -22, -16, -1]
[-27, 59, -19, -28] [11, -6, 30, -38] [16, 35, 12, -123] [0, 0, 0, 0] [50, -122, 22, 19] [18, -13, -5, 3] [8, 16, 30, -2]
[7, -37, 20, 10] [10, -8, -18, -24] [-17, -18, -43, -42] [65, -1, -130, 34] [12, -6, -45, 67] [12, 23, -12, 10] [1, -81, -25, 37]
[20, 32, 7, -12] [-30, 10, -2, 4] [30, -5, 25, -10] [1, -10, -20, -3] [-9, -3, -36, -21] [-3, -26, -28, 9] [43, 8, 14, -6]
[-21, 3, 13, -22] [-4, -16, -47, -17] [8, 0, 32, 17] [-28, 18, -63, -28] [42, 3, -11, 38] [36, -9, -22, 38] [8, -13, 34, 3]
Food (up, right, down, left):
[12, 28, -21, 18] [-19, 23, 12, -30] [6, -19, 6, 9] [-17, 1, 66, 7] [8, -14, 53, 0] [7, -35, -17, -28] [-63, 23, 14, -33]
[-75, 14, -44, -8] [0, -23, -33, 1] [-1, 5, 43, 34] [-22, 11, -53, 50] [16, 23, 3, -60] [32, 9, -59, 17] [9, -11, 22, 48]
[-25, 3, 38, -30] [27, 12, -7, 31] [-32, -39, -30, 31] [57, -34, 26, 3] [-3, -21, -17, -26] [-6, 22, -51, -24] [68, 34, 29, 27]
[8, 35, -9, 44] [-20, -5, -14, 30] [-1, -13, -30, -14] [0, 0, 0, 0] [-19, 53, -51, 4] [-2, -30, -45, -21] [-17, 54, -17, -4]
[10, 22, -17, 23] [20, 25, -1, 42] [20, -19, 35, 29] [-1, -59, 50, -16] [-5, 27, 13, -6] [18, 50, 15, 5] [-15, -26, -19, -11]
[9, -40, -17, -5] [10, 13, 8, -31] [21, -11, 20, 34] [-52, -35, 61, -18] [-55, -38, 17, -60] [-36, 60, 35, 25] [-3, 52, 39, 30]
[33, 14, -25, -11] [-8, 1, 27, -76] [38, 23, 7, -18] [4, -8, -10, -23] [83, 42, 9, -23] [-11, 41, 4, -1] [25, -36, 21, -24]
------------------------------
ALIVE
Head: (4 19)
Body: (4 19) (3 19) (3 18) (3 17) (3 16) (3 15) (3 14) (3 13) (2 13) 
Length: 9, 4
Vision: 3
Hungry, suplies: 9/10
Reproductive: 16, mutating: 0.25
Generation: 61970
####################################
Wall (up, right, down, left):
[-9, -5, -8, -13] [5, 5, -2, -14] [-19, -23, -3, -25] [2, 5, 16, 6] [-10, 14, 37, 0] [7, -9, -23, -19] [5, -26, 0, -8]
[-34, -3, 16, -7] [32, 23, -5, -6] [-44, 15, 12, -3] [-40, 3, 31, 12] [15, 39, 1, 10] [-36, -13, -6, -24] [-23, 8, 6, 9]
[-6, 26, 25, 41] [-16, 30, -24, -17] [-10, -2, 63, -1] [-105, 30, 59, 3] [-47, -60, -17, 29] [-21, -28, -15, -2] [-5, -22, -16, -1]
[-27, 59, -19, -28] [15, -6, 30, -38] [16, 35, 12, -123] [0, 0, 0, 0] [50, -122, 22, 19] [18, -13, -5, 3] [8, 16, 30, -2]
[7, -33, 20, 10] [10, -8, -18, -24] [-17, -18, -43, -42] [65, -1, -130, 34] [12, -6, -45, 67] [12, 23, -12, 10] [1, -81, -25, 37]
[23, 32, 7, -12] [-30, 10, -2, 4] [30, -5, 25, -10] [1, -10, -20, -3] [-9, -3, -36, -21] [-3, -26, -28, 9] [43, 8, 14, -6]
[-21, 3, 13, -22] [-4, -16, -47, -17] [8, 0, 32, 17] [-28, 18, -63, -28] [42, 3, -11, 38] [36, -9, -22, 38] [8, -13, 34, 3]
Food (up, right, down, left):
[12, 28, -21, 18] [-19, 23, 12, -30] [6, -19, 6, 9] [-17, 1, 66, 7] [8, -14, 53, 0] [7, -35, -17, -28] [-63, 23, 14, -33]
[-75, 14, -44, -8] [5, -23, -33, 1] [-1, 5, 43, 34] [-22, 11, -53, 50] [18, 23, 3, -60] [32, 9, -59, 17] [9, -11, 22, 48]
[-25, 3, 38, -30] [27, 7, -7, 31] [-32, -39, -30, 31] [57, -34, 26, 3] [-3, -21, -17, -26] [-6, 22, -51, -24] [68, 34, 29, 27]
[8, 35, -9, 44] [-20, -5, -14, 35] [-1, -13, -30, -14] [0, 0, 0, 0] [-19, 53, -51, 4] [-2, -30, -45, -21] [-17, 54, -17, -4]
[10, 22, -17, 18] [20, 25, -1, 42] [20, -19, 35, 29] [-1, -59, 50, -16] [-5, 27, 13, -6] [18, 50, 15, 5] [-15, -26, -19, -11]
[9, -35, -17, -5] [10, 13, 8, -31] [21, -11, 20, 34] [-52, -35, 61, -18] [-55, -38, 17, -60] [-36, 60, 35, 25] [-3, 52, 39, 30]
[33, 14, -25, -11] [-8, 1, 27, -76] [38, 23, 7, -18] [4, -8, -10, -23] [83, 42, 9, -23] [-11, 41, 4, -1] [25, -36, 21, -24]
------------------------------
ALIVE
Head: (2 34)
Body: (2 34) (2 33) (2 32) (3 32) (3 31) (4 31) (4 30) (3 30) (2 30) (1 30) (25 30) 
Length: 11, 4
Vision: 3
Hungry, suplies: 3/10
Reproductive: 16, mutating: 0.25
Generation: 61969
####################################
Wall (up, right, down, left):
[-9, -5, -8, -10] [5, 5, -2, -17] [-19, -23, -3, -25] [2, 5, 16, 6] [-10, 14, 37, 0] [7, -9, -23, -19] [5, -29, -5, -8]
[-34, -3, 16, -7] [32, 23, -5, -6] [-44, 15, 12, -3] [-40, 3, 31, 12] [15, 34, 1, 10] [-35, -13, -6, -24] [-23, 8, 6, 9]
[-6, 26, 25, 41] [-16, 30, -24, -17] [-5, -2, 63, -1] [-105, 30, 59, 3] [-47, -60, -17, 29] [-21, -28, -15, -2] [-5, -22, -16, -1]
[-27, 59, -19, -28] [15, -6, 30, -38] [16, 35, 17, -123] [0, 0, 0, 0] [50, -122, 22, 19] [18, -13, -5, 3] [8, 16, 30, -2]
[7, -37, 20, 10] [10, -8, -18, -24] [-17, -18, -43, -42] [65, -1, -134, 34] [12, -6, -45, 67] [12, 23, -12, 10] [1, -81, -25, 37]
[23, 32, 7, -12] [-27, 10, -2, 4] [30, -5, 25, -10] [1, -10, -20, -3] [-9, -3, -36, -21] [-3, -26, -28, 9] [43, 8, 13, -6]
[-21, 3, 13, -22] [-4, -16, -47, -17] [8, 0, 32, 15] [-28, 15, -67, -28] [38, 3, -11, 38] [36, -9, -22, 38] [8, -10, 34, 3]
Food (up, right, down, left):
[12, 33, -21, 18] [-19, 23, 12, -30] [6, -19, 6, 9] [-17, 1, 66, 7] [8, -14, 53, 0] [7, -35, -17, -28] [-63, 26, 14, -33]
[-75, 14, -44, -8] [5, -23, -33, 1] [-1, 5, 43, 34] [-22, 11, -53, 50] [16, 23, 3, -60] [32, 9, -59, 21] [9, -11, 22, 48]
[-25, 3, 38, -30] [27, 7, -7, 33] [-32, -38, -30, 31] [57, -34, 26, 3] [-3, -21, -17, -26] [-6, 22, -51, -24] [68, 34, 29, 27]
[8, 35, -9, 44] [-20, -5, -14, 35] [-1, -13, -28, -14] [0, 0, 0, 0] [-19, 53, -51, 4] [-2, -30, -45, -21] [-17, 54, -17, -4]
[10, 22, -17, 23] [20, 25, -1, 42] [20, -19, 35, 29] [0, -59, 50, -16] [-5, 27, 13, -6] [18, 50, 15, 5] [-15, -26, -19, -11]
[9, -40, -17, -5] [10, 13, 8, -32] [21, -11, 20, 34] [-52, -35, 61, -18] [-55, -38, 17, -60] [-36, 60, 35, 25] [-3, 52, 39, 33]
[33, 14, -25, -11] [-8, 1, 27, -76] [41, 23, 7, -18] [4, -10, -13, -23] [86, 42, 9, -23] [-11, 41, 4, -1] [25, -36, 21, -24]
------------------------------
ALIVE
Head: (12 23)
Body: (12 23) (13 23) (13 24) (13 25) (14 25) (14 26) (14 27) (15 27) (16 27) (17 27) (18 27) 
Length: 11, 4
Vision: 3
Hungry, suplies: 7/10
Reproductive: 16, mutating: 0.25
Generation: 61967
####################################
Wall (up, right, down, left):
[-9, -5, -8, -13] [5, 5, -2, -17] [-19, -23, -3, -25] [2, 5, 16, 6] [-10, 14, 37, 0] [7, -9, -23, -19] [5, -26, 0, -8]
[-34, -3, 16, -7] [32, 23, -5, -6] [-44, 15, 12, -3] [-40, 3, 31, 12] [15, 34, 1, 10] [-36, -13, -6, -24] [-23, 8, 6, 9]
[-6, 26, 25, 41] [-16, 30, -24, -13] [-10, -2, 63, -1] [-105, 30, 59, 3] [-47, -60, -17, 29] [-21, -28, -15, -2] [-5, -22, -16, -1]
[-27, 59, -19, -28] [11, -6, 30, -38] [14, 35, 12, -123] [0, 0, 0, 0] [50, -122, 22, 19] [18, -13, -5, 3] [8, 16, 30, -2]
[7, -37, 20, 10] [10, -8, -18, -24] [-17, -18, -43, -42] [65, -1, -130, 34] [12, -6, -45, 67] [12, 23, -12, 10] [1, -81, -25, 37]
[20, 32, 7, -12] [-30, 10, -2, 4] [30, -5, 25, -10] [1, -12, -20, -3] [-9, -3, -36, -21] [-3, -26, -28, 9] [43, 8, 14, -6]
[-21, 3, 13, -22] [-4, -16, -47, -17] [8, 0, 32, 17] [-28, 18, -63, -28] [42, 3, -11, 38] [36, -9, -22, 38] [8, -13, 34, 3]
Food (up, right, down, left):
[12, 28, -21, 18] [-19, 23, 12, -30] [6, -19, 6, 9] [-17, 1, 66, 7] [8, -14, 53, 0] [7, -35, -17, -28] [-63, 23, 14, -33]
[-75, 14, -44, -8] [5, -23, -33, 1] [-1, 5, 43, 34] [-22, 11, -53, 50] [16, 23, 3, -60] [32, 9, -59, 17] [9, -11, 22, 48]
[-25, 3, 38, -30] [27, 12, -7, 31] [-32, -39, -30, 31] [57, -34, 26, 3] [-3, -21, -17, -26] [-6, 22, -51, -24] [68, 34, 29, 27]
[8, 35, -9, 44] [-20, -5, -14, 30] [-1, -13, -30, -12] [0, 0, 0, 0] [-19, 53, -51, 4] [-2, -30, -45, -21] [-17, 54, -17, -4]
[10, 22, -17, 23] [20, 25, -1, 42] [20, -19, 35, 29] [-1, -54, 50, -16] [-5, 27, 13, -6] [18, 50, 15, 5] [-15, -26, -19, -11]
[9, -40, -17, -5] [10, 13, 8, -31] [21, -11, 20, 34] [-52, -35, 61, -18] [-55, -38, 17, -60] [-36, 60, 35, 25] [-3, 52, 39, 30]
[33, 14, -25, -11] [-8, 1, 27, -76] [38, 23, 7, -18] [4, -8, -10, -23] [83, 42, 9, -23] [-11, 41, 4, -1] [25, -36, 21, -24]
------------------------------
ALIVE
Head: (21 2)
Body: (21 2) (22 2) (22 3) (22 4) (23 4) (23 5) (23 6) (23 7) (22 7) (21 7) (20 7) (19 7) (18 7) 
Length: 13, 4
Vision: 3
Hungry, suplies: 9/10
Reproductive: 16, mutating: 0.25
Generation: 61966
####################################
Wall (up, right, down, left):
[-9, -5, -8, -13] [5, 5, -2, -17] [-19, -23, -3, -25] [2, 5, 16, 6] [-10, 14, 37, 0] [7, -9, -23, -19] [5, -26, 0, -8]
[-34, -3, 16, -7] [32, 23, -5, -6] [-44, 15, 12, -3] [-40, 3, 31, 12] [15, 34, 1, 10] [-36, -13, -6, -24] [-23, 8, 6, 9]
[-6, 26, 25, 41] [-16, 30, -24, -13] [-10, -2, 63, -1] [-105, 30, 59, 3] [-47, -60, -17, 29] [-21, -28, -15, -2] [-5, -22, -16, -1]
[-27, 59, -19, -28] [14, -6, 30, -38] [14, 35, 12, -123] [0, 0, 0, 0] [50, -122, 25, 19] [18, -13, -5, 3] [8, 20, 30, -2]
[7, -37, 20, 10] [10, -8, -18, -24] [-17, -18, -43, -42] [65, -1, -130, 34] [12, -6, -45, 67] [12, 23, -12, 10] [1, -81, -25, 37]
[20, 32, 7, -12] [-30, 10, -2, 4] [30, -5, 25, -10] [1, -12, -20, -3] [-9, -3, -36, -21] [-3, -26, -28, 9] [43, 8, 14, -6]
[-21, 3, 13, -22] [-4, -16, -47, -17] [8, 0, 32, 17] [-28, 18, -63, -28] [42, 3, -11, 38] [36, -9, -22, 38] [8, -13, 37, 3]
Food (up, right, down, left):
[12, 28, -21, 18] [-19, 23, 12, -30] [6, -19, 6, 9] [-17, 1, 66, 7] [8, -14, 53, 0] [7, -35, -17, -28] [-63, 23, 14, -33]
[-75, 14, -44, -8] [5, -23, -33, 1] [-1, 5, 43, 34] [-22, 11, -53, 50] [16, 23, 3, -60] [32, 9, -59, 17] [9, -11, 22, 48]
[-25, 3, 38, -30] [27, 12, -7, 31] [-32, -39, -30, 31] [57, -34, 26, 3] [-3, -21, -17, -26] [-6, 22, -51, -24] [68, 34, 29, 27]
[8, 35, -9, 44] [-20, -5, -18, 30] [-1, -13, -30, -12] [0, 0, 0, 0] [-19, 52, -51, 4] [-2, -30, -45, -21] [-17, 54, -22, -4]
[10, 22, -17, 23] [20, 25, -1, 42] [20, -19, 35, 29] [-1, -59, 50, -16] [-5, 27, 13, -6] [18, 50, 15, 5] [-15, -26, -19, -11]
[9, -40, -17, -5] [10, 13, 8, -31] [21, -11, 20, 34] [-52, -35, 61, -18] [-55, -38, 17, -60] [-36, 60, 35, 25] [-3, 52, 39, 30]
[33, 14, -25, -11] [-8, 1, 27, -76] [38, 23, 7, -18] [4, -8, -10, -23] [83, 42, 9, -23] [-11, 41, 4, -1] [25, -35, 21, -24]
------------------------------
ALIVE
Head: (16 39)
Body: (16 39) (16 38) (15 38) (14 38) (14 39) (13 39) (12 39) (12 38) (11 38) (11 37) 
Length: 10, 4
Vision: 3
Hungry, suplies: 5/10
Reproductive: 16, mutating: 0.25
Generation: 61970
####################################
Wall (up, right, down, left):
[-9, -5, -8, -13] [5, 5, -2, -15] [-19, -23, -3, -25] [2, 5, 16, 6] [-10, 14, 37, 0] [7, -9, -23, -19] [5, -26, 0, -8]
[-34, -3, 16, -7] [32, 23, -5, -6] [-44, 15, 12, -3] [-40, 3, 31, 12] [15, 34, 1, 10] [-35, -13, -6, -24] [-23, 8, 6, 9]
[-8, 26, 25, 36] [-16, 30, -24, -17] [-10, -2, 63, -1] [-101, 30, 59, 3] [-47, -60, -17, 29] [-21, -28, -15, -2] [-5, -22, -16, -1]
[-27, 59, -19, -28] [15, -6, 30, -38] [16, 35, 12, -123] [0, 0, 0, 0] [50, -122, 22, 19] [18, -13, -5, 3] [8, 16, 30, -5]
[7, -37, 20, 10] [10, -8, -18, -24] [-17, -18, -43, -42] [68, -1, -134, 34] [12, -6, -45, 67] [12, 23, -12, 10] [1, -81, -25, 37]
[25, 32, 7, -12] [-30, 10, -2, 4] [30, -5, 25, -8] [1, -10, -20, -3] [-9, -3, -36, -21] [-3, -26, -28, 9] [43, 8, 14, -6]
[-21, 3, 15, -22] [-4, -16, -47, -17] [8, 0, 32, 15] [-28, 18, -63, -28] [38, 3, -11, 38] [36, -9, -22, 38] [8, -10, 34, 3]
Food (up, right, down, left):
[12, 28, -21, 18] [-19, 25, 12, -30] [6, -19, 6, 9] [-17, 1, 66, 7] [8, -14, 53, 0] [7, -35, -17, -28] [-63, 23, 14, -33]
[-75, 14, -44, -8] [5, -23, -33, 1] [-1, 5, 43, 34] [-22, 11, -53, 50] [16, 23, 3, -60] [32, 9, -59, 21] [9, -11, 22, 48]
[-23, 3, 41, -30] [27, 7, -7, 31] [-29, -38, -30, 31] [57, -34, 26, 7] [-3, -21, -17, -26] [-6, 22, -51, -24] [68, 34, 24, 27]
[8, 35, -9, 44] [-20, -5, -14, 35] [-1, -13, -30, -14] [0, 0, 0, 0] [-19, 53, -51, 4] [-2, -30, -45, -21] [-19, 54, -17, -4]
[10, 22, -17, 23] [20, 25, -1, 42] [20, -19, 35, 29] [0, -59, 55, -16] [-5, 27, 13, -6] [18, 50, 15, 5] [-15, -26, -19, -11]
[9, -35, -16, -5] [10, 13, 8, -31] [21, -11, 20, 34] [-52, -35, 61, -18] [-55, -38, 17, -60] [-36, 60, 35, 25] [-3, 52, 39, 30]
[32, 14, -25, -11] [-8, 1, 27, -76] [41, 23, 7, -18] [4, -8, -10, -23] [86, 42, 9, -23] [-11, 41, 4, -1] [25, -36, 21, -24]
------------------------------
ALIVE
Head: (12 0)
Body: (12 0) (11 0) (10 0) (9 0) (8 0) (7 0) (6 0) (5 0) 
Length: 8, 4
Vision: 3
Hungry, suplies: 8/10
Reproductive: 16, mutating: 0.25
Generation: 61973
####################################
Wall (up, right, down, left):
[-9, -5, -8, -13] [5, 5, -2, -17] [-19, -23, -3, -25] [2, 5, 16, 6] [-10, 14, 37, 0] [7, -9, -23, -19] [5, -26, 0, -8]
[-34, -3, 16, -7] [32, 23, -5, -6] [-44, 15, 12, -3] [-40, 3, 31, 12] [15, 34, 1, 10] [-36, -13, -6, -24] [-23, 8, 6, 9]
[-6, 26, 25, 41] [-16, 30, -24, -13] [-10, -2, 63, -1] [-105, 30, 59, 3] [-47, -60, -17, 29] [-21, -28, -15, -2] [-5, -22, -16, -1]
[-27, 59, -19, -28] [11, -6, 30, -38] [16, 35, 12, -123] [0, 0, 0, 0] [50, -122, 22, 19] [18, -13, -5, 3] [8, 16, 30, -2]
[7, -37, 20, 10] [10, -8, -18, -24] [-17, -18, -43, -42] [65, -1, -130, 34] [12, -6, -45, 67] [12, 23, -12, 10] [1, -81, -25, 37]
[20, 32, 7, -12] [-30, 10, -2, 4] [30, -5, 25, -10] [1, -10, -20, -3] [-9, -3, -36, -21] [-3, -26, -28, 9] [43, 8, 14, -6]
[-21, 3, 13, -22] [-4, -16, -47, -17] [8, 0, 32, 17] [-28, 18, -63, -28] [42, 3, -11, 38] [36, -9, -22, 38] [8, -13, 34, 3]
Food (up, right, down, left):
[12, 28, -21, 18] [-19, 23, 12, -30] [6, -19, 6, 9] [-17, 1, 66, 7] [8, -14, 53, 0] [7, -35, -17, -28] [-63, 23, 14, -33]
[-75, 14, -44, -8] [5, -23, -33, 1] [-1, 5, 43, 34] [-22, 11, -53, 50] [16, 23, 3, -60] [32, 9, -59, 17] [9, -11, 22, 48]
[-25, 3, 38, -30] [27, 12, -7, 31] [-32, -39, -30, 31] [57, -34, 26, 3] [-3, -21, -17, -26] [-6, 22, -51, -24] [68, 34, 29, 27]
[8, 35, -9, 44] [-20, -5, -14, 30] [-1, -13, -30, -14] [0, 0, 0, 0] [-19, 53, -51, 4] [-2, -30, -45, -21] [-17, 54, -17, -4]
[10, 22, -17, 23] [20, 25, -1, 42] [20, -19, 35, 29] [-1, -59, 50, -16] [-5, 27, 13, -6] [18, 50, 15, 5] [-15, -26, -19, -11]
[9, -40, -17, -5] [10, 13, 8, -31] [21, -11, 20, 34] [-52, -35, 61, -18] [-55, -38, 17, -60] [-36, 60, 35, 25] [-3, 52, 39, 30]
[33, 14, -25, -11] [-8, 1, 27, -76] [38, 23, 7, -18] [4, -8, -10, -23] [83, 42, 9, -23] [-11, 41, 4, -1] [25, -36, 21, -24]
------------------------------
ALIVE
Head: (23 28)
Body: (23 28) (23 27) (23 26) (23 25) (22 25) (22 24) (21 24) (20 24) (19 24) (19 25) (19 26) (18 26) (18 25) (18 24) 
Length: 14, 4
Vision: 3
Hungry, suplies: 10/10
Reproductive: 16, mutating: 0.25
Generation: 61969
####################################
Wall (up, right, down, left):
[-9, -5, -8, -13] [5, 5, -2, -17] [-19, -23, -3, -25] [2, 5, 16, 6] [-10, 14, 37, 0] [7, -9, -23, -19] [5, -26, 0, -8]
[-34, -3, 16, -7] [32, 23, -5, -6] [-44, 15, 12, -3] [-40, 3, 31, 12] [15, 34, 1, 10] [-36, -13, -6, -24] [-23, 8, 6, 9]
[-6, 26, 25, 41] [-16, 30, -24, -13] [-10, -2, 63, -1] [-105, 30, 59, 3] [-47, -60, -17, 29] [-21, -28, -15, -2] [-5, -22, -16, -1]
[-27, 59, -19, -28] [11, -6, 30, -38] [16, 35, 12, -123] [0, 0, 0, 0] [50, -122, 22, 19] [18, -13, -5, 3] [8, 16, 30, -2]
[7, -37, 20, 10] [10, -8, -18, -24] [-17, -18, -43, -42] [65, -1, -130, 34] [12, -6, -45, 67] [12, 23, -12, 10] [1, -81, -25, 37]
[22, 32, 7, -12] [-30, 10, -2, 4] [30, -5, 25, -10] [1, -10, -20, -3] [-9, -3, -36, -21] [-3, -26, -28, 9] [43, 8, 14, -6]
[-21, 3, 13, -22] [-4, -16, -47, -17] [8, 0, 32, 17] [-28, 18, -63, -28] [42, 3, -11, 38] [36, -9, -22, 38] [8, -13, 34, 3]
Food (up, right, down, left):
[12, 28, -21, 18] [-19, 23, 12, -30] [6, -19, 6, 9] [-17, 1, 66, 7] [8, -14, 53, 0] [7, -35, -17, -28] [-63, 23, 14, -33]
[-75, 14, -44, -8] [5, -23, -33, 1] [-1, 5, 43, 34] [-22, 11, -53, 50] [16, 23, 3, -60] [32, 9, -59, 17] [9, -11, 22, 48]
[-25, 3, 38, -30] [27, 12, -7, 31] [-32, -39, -30, 31] [57, -34, 26, 3] [-3, -21, -17, -26] [-6, 22, -51, -24] [68, 34, 29, 27]
[8, 35, -9, 44] [-20, -5, -14, 30] [-1, -13, -30, -14] [0, 0, 0, 0] [-19, 53, -51, 4] [-2, -30, -45, -21] [-17, 54, -17, -4]
[10, 22, -17, 23] [20, 25, -1, 42] [20, -19, 35, 29] [-1, -59, 50, -16] [-5, 27, 13, -6] [18, 50, 15, 5] [-15, -26, -19, -11]
[9, -40, -17, -5] [10, 13, 8, -31] [21, -11, 20, 34] [-52, -35, 61, -18] [-55, -38, 17, -60] [-36, 60, 35, 25] [-3, 52, 39, 30]
[33, 14, -25, -11] [-8, 1, 27, -76] [38, 23, 7, -18] [4, -8, -10, -23] [83, 42, 9, -23] [-11, 41, 4, -1] [25, -36, 21, -24]
------------------------------
ALIVE
Head: (16 45)
Body: (16 45) (15 45) (14 45) (13 45) (12 45) (11 45) (10 45) (10 44) (11 44) (12 44) (13 44) (14 44) (15 44) 
Length: 13, 4
Vision: 3
Hungry, suplies: 3/10
Reproductive: 16, mutating: 0.25
Generation: 61970
####################################
Wall (up, right, down, left):
[-9, -5, -8, -13] [5, 5, -2, -17] [-19, -23, -3, -25] [2, 5, 16, 6] [-10, 14, 37, 0] [7, -9, -23, -19] [5, -26, 0, -8]
[-34, -3, 16, -7] [32, 23, -5, -6] [-44, 15, 12, -3] [-40, 3, 31, 12] [15, 34, 1, 10] [-36, -13, -6, -24] [-23, 8, 6, 9]
[-6, 26, 25, 41] [-16, 30, -24, -13] [-10, -2, 63, -1] [-105, 30, 59, 3] [-47, -60, -17, 29] [-21, -28, -15, -2] [-5, -22, -16, -1]
[-27, 59, -19, -28] [11, -6, 30, -38] [14, 35, 12, -123] [0, 0, 0, 0] [50, -122, 22, 19] [18, -13, -5, 3] [8, 16, 30, -2]
[7, -37, 20, 10] [10, -8, -18, -24] [-17, -18, -43, -42] [65, -1, -130, 34] [12, -6, -45, 67] [12, 23, -12, 10] [1, -81, -25, 37]
[20, 32, 7, -12] [-30, 10, -2, 4] [30, -5, 25, -10] [1, -12, -20, -3] [-9, -3, -36, -21] [-3, -26, -28, 9] [43, 8, 14, -6]
[-21, 3, 13, -22] [-4, -16, -47, -17] [8, 0, 32, 17] [-28, 18, -63, -28] [42, 3, -11, 38] [36, -9, -22, 38] [8, -13, 34, 3]
Food (up, right, down, left):
[12, 28, -21, 18] [-19, 23, 12, -30] [6, -19, 6, 9] [-17, 1, 66, 7] [8, -14, 53, 0] [7, -35, -17, -28] [-63, 23, 14, -33]
[-75, 14, -44, -8] [5, -23, -33, 1] [-1, 5, 43, 34] [-22, 11, -53, 50] [16, 23, 3, -60] [32, 9, -59, 17] [9, -11, 22, 48]
[-25, 3, 38, -30] [27, 12, -7, 31] [-32, -39, -30, 31] [57, -34, 26, 3] [-3, -21, -17, -26] [-6, 22, -51, -24] [68, 34, 29, 27]
[8, 35, -9, 44] [-20, -5, -14, 30] [-1, -13, -30, -12] [0, 0, 0, 0] [-19, 53, -51, 4] [-2, -30, -45, -21] [-17, 54, -17, -4]
[10, 22, -17, 23] [20, 25, -1, 42] [20, -19, 35, 29] [-1, -54, 50, -16] [-5, 27, 13, -6] [18, 50, 15, 5] [-15, -26, -19, -11]
[9, -40, -17, -5] [10, 13, 8, -31] [21, -11, 20, 34] [-52, -35, 61, -18] [-55, -38, 17, -60] [-36, 60, 35, 25] [-3, 52, 39, 30]
[33, 14, -25, -11] [-8, 1, 27, -76] [38, 23, 7, -18] [4, -8, -10, -23] [83, 42, 9, -23] [-11, 41, 4, -1] [25, -36, 21, -24]
------------------------------
ALIVE
Head: (8 41)
Body: (8 41) (9 41) (9 42) (10 42) (10 41) (10 40) (10 39) (10 38) (9 38) (8 38) (7 38) (7 37) (7 36) (7 35) 
Length: 14, 4
Vision: 3
Hungry, suplies: 10/10
Reproductive: 16, mutating: 0.25
Generation: 61967
####################################
Wall (up, right, down, left):
[-9, -5, -8, -13] [5, 5, -2, -17] [-19, -23, -3, -25] [2, 5, 16, 6] [-10, 14, 37, 0] [7, -9, -23, -19] [5, -26, 0, -8]
[-34, -3, 16, -7] [31, 23, -5, -6] [-44, 15, 12, -3] [-40, 3, 31, 12] [15, 34, 1, 10] [-36, -13, -6, -24] [-23, 8, 6, 9]
[-6, 26, 25, 41] [-16, 30, -24, -13] [-10, -2, 63, -1] [-105, 30, 59, 3] [-47, -60, -17, 29] [-21, -28, -15, -2] [-5, -22, -16, -1]
[-27, 59, -19, -28] [11, -6, 30, -38] [16, 35, 12, -123] [0, 0, 0, 0] [50, -122, 22, 19] [18, -13, -5, 3] [8, 16, 30, -2]
[7, -37, 20, 10] [10, -8, -18, -24] [-17, -18, -43, -42] [65, -1, -130, 34] [12, -6, -45, 67] [12, 23, -12, 10] [1, -81, -25, 37]
[20, 32, 7, -12] [-30, 10, -2, 4] [30, -5, 25, -10] [1, -10, -20, -3] [-9, -3, -36, -21] [-3, -26, -28, 9] [43, 8, 14, -6]
[-21, 3, 13, -22] [-4, -16, -47, -17] [8, 0, 32, 17] [-28, 18, -63, -28] [42, 3, -11, 38] [36, -9, -22, 38] [8, -13, 34, 3]
Food (up, right, down, left):
[12, 28, -21, 18] [-19, 23, 12, -30] [6, -19, 6, 9] [-17, 1, 66, 7] [8, -14, 53, 0] [7, -35, -17, -28] [-63, 23, 14, -33]
[-75, 14, -44, -8] [0, -23, -33, 1] [-1, 5, 43, 34] [-22, 11, -53, 50] [16, 23, 3, -60] [32, 9, -59, 17] [9, -11, 22, 48]
[-25, 3, 38, -30] [27, 12, -7, 31] [-32, -39, -30, 31] [57, -34, 26, 3] [-3, -21, -17, -26] [-6, 22, -51, -24] [68, 34, 29, 27]
[8, 35, -9, 44] [-20, -5, -14, 30] [-1, -13, -30, -14] [0, 0, 0, 0] [-19, 53, -51, 4] [-2, -30, -45, -21] [-17, 54, -17, -4]
[10, 22, -17, 23] [20, 25, -1, 42] [20, -19, 35, 29] [-1, -59, 50, -16] [-5, 27, 13, -6] [18, 50, 15, 5] [-15, -26, -19, -11]
[9, -40, -17, -5] [10, 13, 8, -31] [21, -11, 20, 34] [-52, -35, 61, -18] [-55, -38, 17, -60] [-36, 60, 35, 25] [-3, 52, 39, 30]
[33, 14, -25, -11] [-8, 1, 27, -76] [38, 23, 7, -18] [4, -8, -10, -23] [83, 42, 9, -23] [-11, 41, 4, -1] [25, -36, 21, -24]
------------------------------
ALIVE
Head: (16 13)
Body: (16 13) (16 12) (16 11) (16 10) (16 9) (15 9) (15 8) (15 7) (16 7) (16 6) (16 5) (15 5) (14 5) 
Length: 13, 4
Vision: 3
Hungry, suplies: 1/10
Reproductive: 16, mutating: 0.25
Generation: 61971
####################################
Wall (up, right, down, left):
[-9, -10, -8, -13] [5, 5, -2, -17] [-19, -23, -3, -25] [2, 5, 16, 6] [-10, 14, 37, 0] [7, -9, -23, -19] [5, -26, 0, -8]
[-34, -3, 16, -7] [31, 23, -5, -6] [-44, 15, 12, -3] [-40, 3, 31, 12] [15, 34, 1, 10] [-36, -13, -6, -24] [-23, 8, 6, 9]
[-6, 26, 25, 41] [-16, 30, -24, -13] [-10, -2, 63, -1] [-105, 30, 59, 3] [-47, -60, -17, 29] [-21, -28, -15, -2] [-5, -22, -16, -1]
[-27, 59, -19, -28] [11, -6, 30, -38] [16, 35, 12, -123] [0, 0, 0, 0] [50, -122, 22, 19] [18, -13, -5, 3] [8, 16, 30, -2]
[7, -37, 20, 10] [10, -8, -18, -24] [-17, -18, -43, -42] [65, -1, -130, 34] [12, -6, -45, 67] [12, 23, -12, 10] [1, -81, -25, 37]
[20, 32, 7, -7] [-30, 10, -2, 4] [30, -5, 25, -10] [1, -10, -20, -3] [-9, -3, -36, -21] [-3, -26, -28, 9] [43, 8, 14, -6]
[-21, 3, 13, -22] [-4, -16, -47, -17] [8, 0, 32, 17] [-28, 18, -63, -28] [42, 3, -11, 38] [36, -9, -22, 38] [8, -13, 34, 3]
Food (up, right, down, left):
[12, 28, -21, 18] [-19, 23, 12, -30] [6, -19, 6, 9] [-17, 1, 66, 7] [8, -14, 53, 0] [7, -35, -17, -28] [-63, 23, 14, -33]
[-75, 14, -44, -8] [0, -23, -33, 1] [-1, 5, 43, 34] [-22, 11, -53, 50] [16, 23, 3, -60] [32, 9, -59, 17] [9, -11, 22, 48]
[-25, 3, 38, -30] [27, 12, -7, 31] [-32, -39, -30, 31] [57, -34, 26, 3] [-3, -21, -17, -26] [-6, 22, -51, -24] [68, 34, 29, 27]
[8, 35, -9, 44] [-20, -5, -14, 30] [-1, -13, -30, -14] [0, 0, 0, 0] [-19, 53, -51, 4] [-2, -30, -45, -21] [-17, 54, -17, -4]
[10, 22, -17, 23] [20, 25, -1, 42] [20, -19, 35, 29] [-1, -59, 50, -16] [-5, 27, 13, -6] [18, 50, 15, 5] [-15, -26, -19, -11]
[10, -40, -17, -5] [10, 13, 8, -31] [21, -11, 20, 34] [-52, -35, 61, -18] [-55, -38, 17, -60] [-36, 60, 35, 25] [-3, 52, 39, 30]
[33, 14, -25, -11] [-8, 1, 27, -76] [38, 23, 7, -18] [4, -8, -10, -23] [83, 42, 9, -23] [-11, 41, 4, -1] [25, -36, 21, -24]
------------------------------
ALIVE
Head: (24 19)
Body: (-1 19) (0 19) (1 19) (1 18) (1 17) (1 16) (1 15) (1 14) (1 13) (25 13) (24 13) (24 12) (23 12) 
Length: 13, 4
Vision: 3
Hungry, suplies: 8/10
Reproductive: 16, mutating: 0.25
Generation: 61971
####################################
Wall (up, right, down, left):
[-9, -5, -8, -13] [5, 5, -2, -17] [-19, -23, -3, -25] [2, 5, 16, 6] [-10, 14, 37, 0] [7, -9, -23, -19] [5, -26, 0, -8]
[-34, -3, 16, -7] [32, 23, -5, -6] [-44, 15, 12, -3] [-40, 3, 31, 12] [15, 34, 1, 10] [-36, -13, -6, -24] [-23, 8, 6, 9]
[-6, 26, 25, 41] [-16, 30, -24, -13] [-10, -2, 63, -1] [-105, 30, 59, 3] [-47, -60, -17, 29] [-21, -28, -15, -2] [-5, -22, -16, -1]
[-27, 59, -19, -28] [14, -6, 30, -38] [14, 35, 12, -123] [0, 0, 0, 0] [50, -122, 25, 19] [18, -13, -5, 3] [8, 20, 30, -2]
[7, -37, 20, 10] [10, -8, -18, -24] [-17, -18, -43, -42] [65, -1, -130, 34] [12, -6, -45, 67] [12, 23, -12, 10] [1, -81, -25, 37]
[20, 32, 7, -12] [-30, 10, -2, 4] [30, -5, 25, -10] [1, -12, -20, -3] [-9, -3, -36, -21] [-3, -26, -28, 9] [43, 8, 14, -6]
[-21, 3, 13, -22] [-4, -16, -47, -17] [8, 0, 32, 17] [-28, 18, -63, -28] [42, 3, -11, 38] [36, -9, -22, 38] [8, -13, 37, 3]
Food (up, right, down, left):
[12, 28, -21, 18] [-19, 23, 12, -30] [6, -19, 6, 9] [-17, 1, 66, 7] [8, -14, 53, 0] [7, -35, -17, -28] [-63, 23, 14, -33]
[-75, 14, -44, -8] [5, -23, -33, 1] [-1, 5, 43, 34] [-22, 11, -53, 50] [16, 23, 3, -60] [32, 9, -59, 17] [9, -11, 22, 48]
[-25, 3, 38, -30] [27, 12, -7, 31] [-32, -39, -30, 31] [57, -34, 26, 3] [-3, -21, -17, -26] [-6, 22, -51, -24] [68, 34, 29, 27]
[8, 35, -9, 44] [-20, -5, -18, 30] [-1, -13, -30, -12] [0, 0, 0, 0] [-19, 52, -51, 4] [-2, -30, -45, -21] [-17, 54, -22, -4]
[10, 22, -17, 23] [20, 25, -1, 42] [20, -19, 35, 29] [-1, -59, 50, -16] [-5, 27, 13, -6] [18, 50, 15, 5] [-15, -26, -19, -11]
[9, -40, -17, -5] [10, 13, 8, -31] [21, -11, 20, 34] [-52, -35, 61, -18] [-55, -38, 17, -60] [-36, 60, 35, 25] [-3, 52, 39, 30]
[33, 14, -25, -11] [-8, 1, 27, -76] [38, 23, 7, -18] [4, -8, -10, -23] [83, 42, 9, -23] [-11, 41, 4, -1] [25, -35, 21, -24]
------------------------------
ALIVE
Head: (20 34)
Body: (20 34) (20 33) (19 33) (18 33) (18 32) (17 32) (16 32) (16 31) 
Length: 8, 4
Vision: 3
Hungry, suplies: 8/10
Reproductive: 16, mutating: 0.25
Generation: 61971
####################################
Wall (up, right, down, left):
[-9, -5, -8, -13] [5, 5, -2, -14] [-19, -23, -3, -25] [2, 5, 16, 6] [-10, 14, 37, 0] [7, -9, -23, -19] [5, -26, 0, -8]
[-34, -3, 16, -7] [32, 23, -5, -6] [-44, 15, 12, -3] [-40, 3, 31, 12] [15, 39, 1, 10] [-36, -13, -6, -24] [-23, 8, 6, 9]
[-6, 26, 25, 41] [-16, 30, -24, -17] [-10, -2, 63, -1] [-105, 30, 59, 3] [-47, -60, -17, 29] [-21, -28, -15, -2] [-5, -22, -16, -1]
[-27, 59, -19, -28] [15, -6, 30, -38] [16, 35, 12, -123] [0, 0, 0, 0] [50, -122, 22, 19] [18, -13, -5, 3] [8, 16, 30, -2]
[7, -33, 20, 10] [10, -8, -18, -24] [-17, -18, -43, -42] [65, -1, -130, 34] [12, -6, -45, 67] [12, 23, -12, 10] [1, -81, -25, 37]
[23, 32, 7, -12] [-30, 10, -2, 4] [30, -5, 25, -10] [1, -10, -20, -3] [-9, -3, -36, -21] [-3, -26, -28, 9] [43, 8, 14, -6]
[-21, 3, 13, -22] [-4, -16, -47, -17] [8, 0, 32, 17] [-28, 18, -63, -28] [42, 3, -11, 38] [36, -9, -22, 38] [8, -13, 34, 3]
Food (up, right, down, left):
[12, 28, -21, 18] [-19, 23, 12, -30] [6, -19, 6, 9] [-17, 1, 66, 7] [8, -14, 53, 0] [7, -35, -17, -28] [-63, 23, 14, -33]
[-75, 14, -44, -8] [5, -23, -33, 1] [-1, 5, 43, 34] [-22, 11, -53, 50] [18, 23, 3, -60] [32, 9, -59, 17] [9, -11, 22, 48]
[-25, 3, 38, -30] [27, 7, -7, 31] [-32, -39, -30, 31] [57, -34, 26, 3] [-3, -21, -17, -26] [-6, 22, -51, -24] [68, 34, 29, 27]
[8, 35, -9, 44] [-20, -5, -14, 35] [-1, -13, -30, -14] [0, 0, 0, 0] [-19, 53, -51, 4] [-2, -30, -45, -21] [-17, 54, -17, -4]
[10, 22, -17, 18] [20, 25, -1, 42] [20, -19, 35, 29] [-1, -59, 50, -16] [-5, 27, 13, -6] [18, 50, 15, 5] [-15, -26, -19, -11]
[9, -35, -17, -5] [10, 13, 8, -31] [21, -11, 20, 34] [-52, -35, 61, -18] [-55, -38, 17, -60] [-36, 60, 35, 25] [-3, 52, 39, 30]
[33, 14, -25, -11] [-8, 1, 27, -76] [38, 23, 7, -18] [4, -8, -10, -23] [83, 42, 9, -23] [-11, 41, 4, -1] [25, -36, 21, -24]
------------------------------
ALIVE
Head: (15 54)
Body: (15 54) (16 54) (16 53) (16 52) (17 52) (17 51) (17 50) (16 50) (15 50) (15 49) 
Length: 10, 4
Vision: 3
Hungry, suplies: 10/10
Reproductive: 16, mutating: 0.25
Generation: 61970
####################################
Wall (up, right, down, left):
[-9, -5, -8, -13] [5, 5, -2, -17] [-19, -23, -3, -25] [2, 5, 16, 6] [-10, 14, 37, 0] [7, -9, -23, -19] [5, -26, 0, -8]
[-34, -3, 16, -7] [32, 23, -5, -6] [-44, 15, 12, -3] [-40, 3, 31, 12] [15, 34, 1, 10] [-36, -13, -6, -24] [-23, 8, 6, 9]
[-6, 26, 25, 41] [-16, 30, -24, -13] [-10, -2, 63, -1] [-105, 30, 59, 3] [-47, -60, -17, 29] [-21, -28, -15, -2] [-5, -22, -16, -1]
[-27, 59, -19, -28] [11, -6, 30, -38] [16, 35, 12, -123] [0, 0, 0, 0] [50, -122, 22, 19] [18, -13, -5, 3] [8, 16, 30, -2]
[7, -37, 20, 10] [10, -8, -18, -24] [-17, -18, -43, -42] [65, -1, -130, 34] [12, -6, -45, 67] [12, 23, -12, 10] [1, -81, -25, 37]
[20, 32, 7, -12] [-30, 10, -2, 4] [30, -5, 25, -10] [1, -10, -20, -3] [-9, -3, -36, -21] [-3, -26, -28, 9] [43, 8, 14, -6]
[-21, 3, 13, -22] [-4, -16, -47, -17] [8, 0, 32, 17] [-28, 18, -63, -28] [42, 3, -11, 38] [36, -9, -22, 38] [8, -13, 34, 3]
Food (up, right, down, left):
[12, 28, -21, 18] [-19, 23, 12, -30] [6, -19, 6, 9] [-17, 1, 66, 7] [8, -14, 53, 0] [7, -35, -17, -28] [-63, 23, 14, -33]
[-75, 14, -44, -8] [5, -23, -33, 1] [-1, 5, 43, 34] [-22, 11, -53, 50] [16, 23, 3, -60] [32, 9, -59, 17] [9, -11, 22, 48]
[-25, 3, 38, -30] [27, 12, -7, 31] [-32, -39, -30, 31] [57, -34, 26, 3] [-3, -21, -17, -26] [-6, 22, -51, -24] [68, 34, 29, 27]
[8, 35, -9, 44] [-20, -5, -14, 30] [-1, -13, -30, -14] [0, 0, 0, 0] [-19, 53, -51, 4] [-2, -30, -45, -21] [-17, 54, -17, -4]
[10, 22, -17, 23] [20, 25, -1, 42] [20, -19, 35, 29] [-1, -59, 50, -16] [-5, 27, 13, -6] [18, 50, 15, 5] [-15, -26, -19, -11]
[9, -40, -17, -5] [10, 13, 8, -31] [21, -11, 20, 34] [-52, -35, 61, -18] [-55, -38, 17, -60] [-36, 60, 35, 25] [-3, 52, 39, 30]
[33, 14, -25, -11] [-8, 1, 27, -76] [38, 23, 7, -18] [4, -8, -10, -23] [83, 42, 9, -23] [-11, 41, 4, -1] [25, -36, 21, -24]
------------------------------
ALIVE
Head: (9 23)
Body: (9 23) (8 23) (7 23) (6 23) (5 23) (5 22) (6 22) (7 22) 
Length: 8, 4
Vision: 3
Hungry, suplies: 5/10
Reproductive: 16, mutating: 0.25
Generation: 61970
####################################
Wall (up, right, down, left):
[-9, -5, -8, -13] [5, 5, -2, -14] [-19, -23, -3, -25] [2, 5, 16, 6] [-10, 14, 37, 0] [7, -9, -23, -19] [5, -26, 0, -8]
[-34, -3, 16, -7] [32, 23, -5, -6] [-44, 15, 12, -3] [-40, 3, 31, 12] [15, 39, 1, 10] [-36, -13, -6, -24] [-23, 8, 6, 9]
[-6, 26, 25, 41] [-16, 30, -24, -17] [-10, -2, 63, -1] [-105, 30, 59, 3] [-46, -60, -17, 29] [-21, -28, -15, -2] [-5, -22, -16, -1]
[-27, 59, -19, -28] [15, -6, 30, -38] [16, 35, 12, -123] [0, 0, 0, 0] [50, -122, 22, 19] [18, -13, -5, 3] [8, 16, 30, -2]
[7, -33, 20, 10] [10, -8, -18, -24] [-17, -18, -43, -42] [65, -1, -130, 34] [12, -6, -45, 67] [12, 23, -12, 10] [1, -81, -25, 37]
[23, 32, 7, -12] [-30, 10, -2, 4] [30, -5, 25, -10] [1, -10, -20, -3] [-9, -3, -36, -21] [-3, -26, -28, 9] [43, 8, 14, -6]
[-21, 3, 13, -22] [-4, -16, -47, -17] [8, 0, 32, 17] [-28, 18, -63, -28] [42, 3, -11, 38] [36, -9, -22, 38] [8, -13, 34, 3]
Food (up, right, down, left):
[12, 28, -21, 18] [-19, 23, 12, -30] [6, -19, 6, 9] [-17, 1, 66, 7] [8, -14, 53, 0] [7, -35, -17, -28] [-63, 23, 14, -33]
[-75, 14, -44, -8] [5, -23, -33, 1] [-1, 5, 43, 34] [-22, 11, -53, 50] [18, 23, 3, -60] [32, 9, -59, 17] [9, -11, 22, 48]
[-25, 3, 38, -30] [27, 7, -7, 31] [-32, -39, -30, 31] [57, -34, 26, 3] [-3, -21, -17, -24] [-6, 22, -51, -24] [68, 34, 29, 27]
[8, 35, -9, 44] [-20, -5, -14, 35] [-1, -13, -30, -14] [0, 0, 0, 0] [-19, 53, -51, 4] [-2, -30, -45, -21] [-17, 54, -17, -4]
[10, 22, -17, 18] [20, 25, -1, 42] [20, -19, 35, 29] [-1, -59, 50, -16] [-5, 27, 13, -6] [18, 50, 15, 5] [-15, -26, -19, -11]
[9, -35, -17, -5] [10, 13, 8, -31] [21, -11, 20, 34] [-52, -35, 61, -18] [-55, -38, 17, -60] [-36, 60, 35, 25] [-3, 52, 39, 30]
[33, 14, -25, -11] [-8, 1, 27, -76] [38, 23, 7, -18] [4, -8, -10, -23] [83, 42, 9, -23] [-11, 41, 4, -1] [25, -36, 21, -24]
------------------------------
ALIVE
Head: (22 43)
Body: (22 43) (23 43) (23 42) (24 42) (24 43) (-1 44) (0 44) (1 44) (2 44) (3 44) (4 44) (5 44) (6 44) (7 44) 
Length: 14, 4
Vision: 3
Hungry, suplies: 9/10
Reproductive: 16, mutating: 0.25
Generation: 61970
####################################
Wall (up, right, down, left):
[-9, -5, -8, -13] [5, 5, -2, -15] [-19, -23, -3, -25] [2, 5, 16, 6] [-10, 14, 37, 0] [7, -9, -23, -19] [5, -26, 0, -8]
[-34, -3, 16, -7] [32, 23, -5, -6] [-44, 15, 12, -3] [-40, 3, 31, 12] [15, 34, 1, 10] [-35, -13, -6, -19] [-23, 8, 6, 9]
[-8, 26, 25, 36] [-16, 30, -24, -17] [-10, -2, 63, -1] [-101, 30, 59, 3] [-47, -60, -17, 29] [-21, -28, -15, -2] [-5, -22, -16, -1]
[-27, 59, -19, -28] [15, -6, 30, -38] [16, 35, 12, -123] [0, 0, 0, 0] [50, -122, 22, 19] [18, -13, -5, 3] [8, 16, 30, -2]
[7, -37, 20, 10] [10, -8, -18, -24] [-17, -18, -43, -42] [68, -1, -134, 34] [12, -6, -45, 67] [12, 23, -12, 10] [1, -81, -25, 37]
[25, 32, 7, -12] [-30, 10, -2, 4] [30, -5, 25, -8] [1, -10, -20, -3] [-9, -3, -36, -21] [-3, -26, -28, 9] [43, 8, 14, -6]
[-21, 3, 13, -22] [-4, -16, -47, -17] [8, 0, 32, 15] [-28, 18, -63, -28] [38, 3, -11, 38] [36, -9, -22, 38] [8, -10, 34, 3]
Food (up, right, down, left):
[12, 28, -21, 18] [-19, 25, 12, -30] [6, -19, 6, 9] [-17, 1, 66, 7] [8, -14, 53, 0] [7, -35, -17, -28] [-63, 23, 14, -33]
[-75, 14, -44, -8] [5, -23, -33, 1] [-1, 5, 43, 34] [-22, 11, -53, 50] [16, 23, 3, -60] [35, 9, -59, 21] [9, -11, 22, 48]
[-23, 3, 41, -30] [27, 7, -7, 31] [-29, -38, -30, 31] [57, -34, 26, 7] [-3, -21, -17, -26] [-6, 22, -51, -24] [68, 34, 24, 27]
[8, 35, -9, 44] [-20, -5, -14, 35] [-1, -13, -30, -14] [0, 0, 0, 0] [-19, 53, -51, 4] [-2, -30, -45, -21] [-17, 54, -17, -4]
[10, 22, -17, 23] [20, 25, -1, 42] [20, -19, 35, 29] [0, -59, 55, -16] [-5, 27, 13, -6] [18, 50, 15, 5] [-15, -26, -19, -11]
[9, -35, -16, -5] [10, 13, 8, -31] [21, -11, 20, 34] [-52, -35, 61, -18] [-55, -38, 17, -60] [-36, 60, 35, 25] [-3, 52, 39, 30]
[33, 14, -25, -11] [-8, 1, 27, -76] [41, 23, 7, -18] [4, -8, -10, -23] [86, 42, 9, -23] [-11, 41, 4, -1] [25, -36, 21, -24]
------------------------------
ALIVE
Head: (13 53)
Body: (13 53) (13 52) (13 51) (13 50) (12 50) (11 50) (11 49) (10 49) (9 49) (8 49) (7 49) 
Length: 11, 4
Vision: 3
Hungry, suplies: 6/10
Reproductive: 16, mutating: 0.25
Generation: 61972
####################################
Wall (up, right, down, left):
[-9, -5, -8, -13] [5, 5, -2, -17] [-19, -23, -3, -25] [2, 5, 16, 6] [-10, 14, 37, 0] [7, -9, -23, -19] [5, -26, 0, -8]
[-34, -3, 16, -7] [32, 23, -5, -6] [-44, 15, 12, -3] [-40, 3, 30, 12] [15, 34, 1, 10] [-36, -13, -6, -24] [-23, 8, 6, 9]
[-6, 26, 25, 41] [-16, 30, -24, -13] [-10, -2, 63, -1] [-105, 30, 59, 3] [-47, -60, -17, 29] [-21, -28, -15, -2] [-5, -22, -16, -1]
[-27, 59, -19, -28] [11, -6, 30, -38] [16, 35, 12, -123] [0, 0, 0, 0] [50, -122, 22, 19] [18, -13, -5, 3] [8, 16, 30, -2]
[7, -37, 20, 10] [10, -8, -18, -24] [-17, -18, -43, -42] [65, -1, -130, 34] [12, -6, -45, 67] [12, 23, -12, 10] [1, -81, -25, 37]
[20, 32, 7, -12] [-30, 10, -2, 4] [30, -5, 25, -10] [1, -10, -20, -3] [-9, -3, -36, -21] [-3, -26, -28, 4] [43, 8, 14, -6]
[-21, 3, 13, -22] [-4, -16, -47, -17] [8, 0, 32, 17] [-28, 18, -63, -28] [42, 3, -11, 38] [36, -9, -22, 38] [8, -13, 34, 3]
Food (up, right, down, left):
[12, 28, -21, 18] [-19, 23, 12, -30] [6, -19, 6, 9] [-17, 1, 66, 7] [8, -14, 53, 0] [7, -35, -17, -28] [-63, 23, 14, -33]
[-75, 14, -44, -8] [5, -23, -33, 1] [-1, 5, 43, 34] [-22, 11, -58, 50] [16, 23, 3, -60] [32, 9, -59, 17] [9, -11, 22, 48]
[-25, 3, 38, -30] [27, 12, -7, 31] [-32, -39, -30, 31] [57, -34, 26, 3] [-3, -21, -17, -26] [-6, 22, -51, -24] [68, 34, 29, 27]
[8, 35, -9, 44] [-20, -5, -14, 30] [-1, -13, -30, -14] [0, 0, 0, 0] [-19, 53, -51, 4] [-2, -30, -45, -21] [-17, 54, -17, -4]
[10, 22, -17, 23] [20, 25, -1, 42] [20, -19, 35, 29] [-1, -59, 50, -16] [-5, 27, 13, -6] [18, 50, 15, 5] [-15, -26, -19, -11]
[9, -40, -17, -5] [10, 13, 8, -31] [21, -11, 20, 34] [-52, -35, 61, -18] [-55, -38, 17, -60] [-36, 60, 40, 25] [-3, 52, 39, 30]
[33, 14, -25, -11] [-8, 1, 27, -76] [38, 23, 7, -18] [4, -8, -10, -23] [83, 42, 9, -23] [-11, 41, 4, -1] [25, -36, 21, -24]
------------------------------
ALIVE
Head: (2 24)
Body: (2 24) (1 24) (0 24) (25 23) (24 23) (23 23) (22 23) (21 23) (20 23) (20 22) (20 21) (20 20) 
Length: 12, 4
Vision: 3
Hungry, suplies: 2/10
Reproductive: 16, mutating: 0.25
Generation: 61972
####################################
Wall (up, right, down, left):
[-9, -5, -8, -13] [5, 5, -2, -17] [-19, -23, -3, -25] [2, 5, 16, 6] [-10, 14, 37, 0] [7, -9, -23, -19] [5, -26, 0, -8]
[-34, -3, 16, -7] [32, 23, -5, -6] [-44, 15, 12, -3] [-40, 3, 31, 12] [15, 34, 1, 10] [-36, -13, -6, -24] [-23, 8, 6, 9]
[-6, 26, 25, 41] [-16, 30, -24, -13] [-10, -2, 63, -1] [-105, 30, 59, 3] [-47, -60, -17, 29] [-21, -28, -15, -2] [-5, -22, -16, -1]
[-27, 59, -19, -28] [11, -6, 30, -38] [16, 35, 12, -123] [0, 0, 0, 0] [50, -122, 22, 19] [18, -13, -5, 3] [8, 16, 30, -2]
[7, -37, 20, 10] [10, -8, -18, -24] [-17, -18, -43, -42] [65, -1, -130, 34] [12, -6, -45, 67] [12, 23, -12, 10] [1, -81, -25, 37]
[20, 32, 7, -12] [-30, 10, -2, 4] [30, -5, 25, -10] [1, -10, -20, -3] [-9, -3, -36, -21] [-3, -26, -28, 9] [43, 8, 14, -6]
[-21, 3, 13, -22] [-4, -16, -47, -17] [8, 0, 32, 17] [-28, 18, -63, -28] [42, 3, -11, 38] [36, -9, -22, 38] [8, -13, 34, 3]
Food (up, right, down, left):
[12, 28, -21, 18] [-19, 23, 12, -30] [6, -19, 6, 9] [-17, 1, 66, 7] [8, -14, 53, 0] [7, -35, -17, -28] [-63, 23, 14, -33]
[-75, 14, -44, -8] [5, -23, -33, 1] [-1, 5, 43, 34] [-22, 11, -53, 50] [16, 23, 3, -60] [32, 9, -59, 17] [9, -11, 22, 48]
[-25, 3, 38, -30] [27, 12, -7, 31] [-32, -39, -30, 31] [57, -34, 26, 3] [-3, -21, -17, -26] [-6, 22, -51, -24] [68, 34, 29, 27]
[8, 35, -9, 44] [-20, -5, -14, 30] [-1, -13, -30, -14] [0, 0, 0, 0] [-19, 53, -51, 4] [-2, -30, -45, -21] [-17, 54, -17, -4]
[10, 22, -17, 23] [20, 25, -1, 42] [20, -19, 35, 29] [-1, -59, 50, -16] [-5, 27, 13, -6] [18, 50, 15, 5] [-15, -26, -19, -11]
[9, -40, -17, -5] [10, 13, 8, -31] [21, -11, 20, 34] [-52, -35, 61, -18] [-55, -38, 17, -60] [-36, 60, 35, 25] [-3, 52, 39, 30]
[33, 14, -25, -11] [-8, 1, 27, -76] [38, 23, 7, -18] [4, -8, -10, -23] [83, 42, 9, -23] [-11, 41, 4, -1] [25, -36, 21, -24]
------------------------------
ALIVE
Head: (21 21)
Body: (21 21) (22 21) (22 20) (23 20) (-1 20) (0 20) (1 20) (1 21) (1 22) (2 22) 
Length: 10, 4
Vision: 3
Hungry, suplies: 9/10
Reproductive: 16, mutating: 0.25
Generation: 61970
####################################
Wall (up, right, down, left):
[-9, -5, -8, -13] [5, 5, -2, -17] [-19, -23, -3, -25] [2, 5, 16, 6] [-10, 14, 37, 0] [7, -9, -23, -19] [5, -26, 0, -8]
[-34, -3, 16, -7] [31, 23, -5, -6] [-44, 15, 12, -3] [-40, 3, 31, 12] [15, 34, 1, 10] [-36, -13, -6, -24] [-23, 8, 6, 9]
[-6, 26, 25, 41] [-16, 30, -24, -13] [-10, -2, 63, -1] [-105, 30, 59, 3] [-47, -60, -17, 29] [-21, -28, -15, -2] [-5, -22, -16, -1]
[-27, 59, -19, -28] [11, -6, 30, -38] [16, 35, 12, -123] [0, 0, 0, 0] [50, -122, 22, 19] [18, -13, -5, 3] [8, 16, 30, -2]
[7, -37, 20, 10] [10, -8, -18, -24] [-17, -18, -43, -42] [65, -1, -130, 34] [12, -6, -45, 67] [12, 23, -12, 10] [1, -81, -25, 37]
[20, 32, 7, -12] [-30, 10, -2, 4] [30, -5, 25, -10] [1, -10, -20, -3] [-9, -3, -36, -21] [-3, -26, -28, 9] [43, 8, 14, -6]
[-21, 3, 13, -22] [-4, -16, -47, -17] [8, 0, 32, 17] [-28, 18, -63, -28] [42, 3, -11, 38] [36, -9, -25, 38] [8, -13, 34, 3]
Food (up, right, down, left):
[12, 28, -21, 18] [-19, 23, 12, -30] [6, -19, 6, 9] [-17, 1, 66, 7] [8, -14, 53, 0] [7, -35, -17, -28] [-63, 23, 14, -33]
[-75, 14, -44, -8] [0, -23, -33, 1] [-1, 5, 43, 34] [-22, 11, -53, 50] [16, 23, 3, -60] [32, 9, -59, 17] [9, -11, 22, 48]
[-25, 3, 38, -30] [27, 12, -7, 31] [-32, -39, -30, 31] [57, -34, 26, 3] [-3, -21, -17, -26] [-6, 22, -51, -24] [68, 34, 29, 27]
[8, 35, -9, 44] [-20, -5, -14, 30] [-1, -13, -30, -14] [0, 0, 0, 0] [-19, 53, -51, 4] [-2, -30, -45, -21] [-17, 54, -17, -4]
[10, 22, -17, 23] [20, 25, -1, 42] [20, -19, 35, 29] [-1, -59, 50, -16] [-5, 27, 13, -6] [18, 50, 15, 5] [-15, -26, -19, -11]
[9, -40, -17, -5] [10, 13, 8, -31] [21, -11, 20, 34] [-52, -35, 61, -18] [-55, -38, 17, -60] [-36, 60, 35, 25] [-3, 52, 39, 30]
[33, 14, -25, -11] [-8, 1, 27, -76] [38, 23, 7, -18] [4, -8, -10, -23] [83, 42, 9, -23] [-11, 41, 4, -1] [25, -36, 21, -24]
------------------------------
ALIVE
Head: (10 17)
Body: (10 17) (10 16) (10 15) (10 14) (9 14) (8 14) (8 13) (8 12) (8 11) (8 10) (7 10) (6 10) (5 10) 
Length: 13, 4
Vision: 3
Hungry, suplies: 10/10
Reproductive: 16, mutating: 0.25
Generation: 61971
####################################
Wall (up, right, down, left):
[-9, -5, -8, -13] [5, 5, -2, -14] [-19, -23, -3, -25] [2, 5, 16, 6] [-10, 14, 37, 0] [7, -9, -23, -19] [5, -26, 0, -8]
[-34, -3, 16, -7] [32, 23, -5, -6] [-44, 15, 12, -3] [-40, 3, 31, 12] [15, 39, 1, 10] [-36, -13, -6, -24] [-23, 8, 6, 9]
[-6, 26, 25, 41] [-16, 30, -24, -17] [-10, -2, 63, -1] [-105, 30, 59, 3] [-47, -60, -17, 29] [-21, -28, -15, -2] [-5, -22, -16, -1]
[-27, 59, -19, -28] [15, -6, 30, -38] [16, 35, 12, -123] [0, 0, 0, 0] [50, -122, 22, 19] [18, -13, -5, 3] [8, 16, 30, -2]
[7, -33, 20, 10] [10, -8, -18, -24] [-17, -18, -43, -42] [65, -1, -130, 34] [12, -6, -45, 67] [12, 23, -12, 10] [1, -81, -25, 37]
[23, 32, 7, -12] [-30, 10, -2, 4] [30, -5, 25, -10] [1, -10, -20, -3] [-9, -3, -36, -21] [-3, -26, -28, 9] [43, 8, 14, -6]
[-21, 3, 13, -22] [-4, -16, -47, -17] [8, 0, 32, 17] [-28, 18, -63, -28] [42, 3, -11, 38] [36, -9, -22, 38] [8, -13, 34, 3]
Food (up, right, down, left):
[12, 28, -21, 18] [-19, 23, 12, -30] [6, -19, 6, 9] [-17, 1, 66, 7] [8, -14, 53, 0] [7, -35, -17, -28] [-63, 23, 14, -33]
[-75, 14, -44, -8] [5, -23, -33, 1] [-1, 5, 43, 34] [-22, 11, -53, 50] [18, 23, 3, -60] [32, 9, -59, 17] [9, -11, 22, 48]
[-25, 3, 38, -30] [27, 7, -7, 31] [-32, -39, -30, 31] [57, -34, 26, 3] [-3, -21, -17, -26] [-6, 22, -51, -24] [68, 34, 29, 27]
[8, 35, -9, 44] [-20, -5, -14, 35] [-1, -13, -30, -14] [0, 0, 0, 0] [-19, 53, -51, 4] [-2, -30, -45, -21] [-17, 54, -17, -4]
[10, 22, -17, 18] [20, 25, -1, 42] [20, -19, 35, 29] [-1, -59, 50, -16] [-5, 27, 13, -6] [18, 50, 15, 5] [-15, -26, -19, -11]
[9, -35, -17, -5] [10, 13, 8, -31] [21, -11, 20, 34] [-52, -35, 61, -18] [-55, -38, 17, -60] [-36, 60, 35, 25] [-3, 52, 39, 30]
[33, 14, -25, -11] [-8, 1, 27, -76] [38, 23, 7, -18] [4, -8, -10, -23] [83, 42, 9, -23] [-11, 41, 4, -1] [25, -36, 21, -24]
------------------------------
ALIVE
Head: (22 37)
Body: (22 37) (22 38) (22 39) (23 39) (23 40) (22 40) (21 40) (20 40) (19 40) (18 40) (18 39) (17 39) 
Length: 12, 4
Vision: 3
Hungry, suplies: 3/10
Reproductive: 16, mutating: 0.25
Generation: 61970
####################################
Wall (up, right, down, left):
[-9, -5, -8, -13] [5, 5, -2, -17] [-19, -23, -3, -25] [2, 5, 16, 6] [-10, 14, 37, 0] [7, -9, -23, -19] [5, -26, 0, -8]
[-34, -3, 16, -7] [32, 23, -5, -6] [-44, 15, 12, -3] [-40, 3, 31, 12] [15, 34, 1, 10] [-36, -13, -6, -24] [-23, 8, 6, 9]
[-6, 26, 25, 41] [-16, 30, -24, -13] [-10, -2, 63, -1] [-105, 30, 59, 3] [-47, -60, -17, 29] [-21, -28, -15, -2] [-5, -22, -16, -1]
[-27, 59, -19, -28] [14, -6, 30, -38] [14, 35, 12, -123] [0, 0, 0, 0] [50, -122, 25, 19] [18, -13, -5, 3] [8, 20, 30, -2]
[7, -37, 20, 10] [10, -8, -18, -24] [-17, -18, -43, -42] [65, -1, -130, 34] [12, -6, -45, 67] [12, 23, -12, 10] [1, -81, -25, 37]
[20, 32, 7, -12] [-30, 10, -2, 4] [30, -5, 25, -10] [1, -12, -20, -3] [-9, -3, -36, -21] [-3, -26, -28, 9] [43, 8, 14, -6]
[-21, 3, 13, -22] [-5, -16, -47, -17] [8, 0, 32, 17] [-28, 18, -63, -28] [42, 3, -11, 38] [36, -9, -22, 38] [8, -13, 37, 3]
Food (up, right, down, left):
[12, 28, -21, 18] [-19, 23, 12, -30] [6, -19, 6, 9] [-17, 1, 66, 7] [8, -14, 53, 0] [7, -35, -17, -28] [-63, 23, 14, -33]
[-75, 14, -44, -8] [5, -23, -33, 1] [-1, 5, 43, 34] [-22, 11, -53, 50] [16, 23, 3, -60] [32, 9, -59, 17] [9, -11, 22, 48]
[-25, 3, 38, -30] [27, 12, -7, 31] [-32, -39, -30, 31] [57, -34, 26, 3] [-3, -21, -17, -26] [-6, 22, -51, -24] [68, 34, 29, 27]
[8, 35, -9, 44] [-20, -5, -18, 30] [-1, -13, -30, -12] [0, 0, 0, 0] [-19, 52, -51, 4] [-2, -30, -45, -21] [-17, 54, -22, -4]
[10, 22, -17, 23] [20, 25, -1, 42] [20, -19, 35, 29] [-1, -59, 50, -16] [-5, 27, 13, -6] [18, 50, 15, 5] [-15, -26, -19, -11]
[9, -40, -17, -5] [10, 13, 8, -31] [21, -11, 20, 34] [-52, -35, 61, -18] [-55, -38, 17, -60] [-36, 60, 35, 25] [-3, 52, 39, 30]
[33, 14, -25, -11] [-8, -4, 27, -76] [38, 23, 7, -18] [4, -8, -10, -23] [83, 42, 9, -23] [-11, 41, 4, -1] [25, -35, 21, -24]
------------------------------
ALIVE
Head: (13 35)
Body: (13 35) (13 36) (13 37) (14 37) (14 36) (15 36) (16 36) (16 35) (16 34) 
Length: 9, 4
Vision: 3
Hungry, suplies: 4/10
Reproductive: 16, mutating: 0.25
Generation: 61971
####################################
Wall (up, right, down, left):
[-9, -5, -8, -10] [5, 5, -2, -17] [-19, -23, -3, -25] [2, 5, 16, 6] [-10, 14, 37, 0] [7, -9, -23, -19] [5, -29, -5, -8]
[-34, -3, 16, -7] [32, 23, -5, -6] [-44, 15, 12, -3] [-40, 3, 31, 12] [15, 34, 1, 10] [-35, -13, -6, -24] [-23, 8, 6, 9]
[-6, 26, 25, 41] [-16, 30, -24, -17] [-5, -2, 63, -1] [-105, 30, 59, 3] [-47, -60, -17, 29] [-21, -28, -15, -2] [-5, -22, -16, -1]
[-27, 59, -19, -28] [15, -6, 30, -38] [16, 35, 17, -123] [0, 0, 0, 0] [50, -122, 22, 19] [18, -13, -5, 3] [8, 16, 30, -2]
[7, -37, 20, 10] [10, -8, -18, -24] [-17, -18, -43, -42] [65, -1, -134, 34] [12, -6, -45, 67] [12, 23, -12, 10] [1, -81, -25, 37]
[23, 32, 7, -12] [-27, 10, -2, 4] [30, -5, 25, -10] [1, -10, -20, -3] [-9, -3, -36, -21] [-3, -26, -28, 9] [43, 8, 13, -6]
[-21, 3, 13, -22] [-4, -16, -47, -17] [8, 0, 32, 15] [-28, 15, -67, -28] [38, 3, -11, 38] [36, -9, -22, 38] [8, -10, 34, 3]
Food (up, right, down, left):
[12, 33, -21, 18] [-19, 23, 12, -30] [6, -19, 6, 9] [-17, 1, 66, 7] [8, -14, 53, 0] [7, -35, -17, -28] [-63, 26, 14, -33]
[-75, 14, -44, -8] [5, -23, -33, 1] [-1, 5, 43, 34] [-22, 11, -53, 50] [16, 23, 3, -60] [32, 9, -59, 21] [9, -11, 22, 48]
[-25, 3, 38, -30] [27, 7, -7, 33] [-32, -38, -30, 31] [57, -34, 26, 3] [-3, -21, -17, -26] [-6, 22, -51, -24] [68, 34, 29, 27]
[8, 35, -9, 44] [-20, -5, -14, 35] [-1, -13, -28, -14] [0, 0, 0, 0] [-19, 53, -51, 4] [-2, -30, -45, -21] [-17, 54, -17, -4]
[10, 22, -17, 23] [20, 25, -1, 42] [20, -19, 35, 29] [0, -59, 50, -16] [-5, 27, 13, -6] [18, 50, 15, 5] [-15, -26, -19, -11]
[9, -40, -17, -5] [10, 13, 8, -32] [21, -11, 20, 34] [-52, -35, 61, -18] [-55, -38, 17, -60] [-36, 60, 35, 25] [-3, 52, 39, 33]
[33, 14, -25, -11] [-8, 1, 27, -76] [41, 23, 7, -18] [4, -10, -13, -23] [86, 42, 9, -23] [-11, 41, 4, -1] [25, -36, 21, -24]
------------------------------
ALIVE
Head: (2 5)
Body: (2 5) (1 5) (0 5) (0 4) (0 3) (1 3) (2 3) (2 4) 
Length: 8, 4
Vision: 3
Hungry, suplies: 4/10
Reproductive: 16, mutating: 0.25
Generation: 61967
####################################
Wall (up, right, down, left):
[-9, -5, -8, -13] [5, 5, -2, -17] [-19, -23, -3, -25] [2, 5, 16, 6] [-10, 14, 37, 0] [7, -9, -23, -19] [5, -26, 0, -8]
[-34, -3, 16, -7] [32, 23, -5, -6] [-44, 15, 12, -3] [-40, 3, 31, 12] [15, 34, 1, 10] [-36, -13, -6, -24] [-23, 8, 6, 9]
[-6, 26, 25, 41] [-16, 30, -24, -13] [-10, -2, 63, -1] [-105, 30, 59, 3] [-47, -60, -17, 29] [-21, -28, -15, -2] [-5, -22, -16, -1]
[-27, 59, -19, -28] [14, -6, 30, -38] [14, 35, 12, -123] [0, 0, 0, 0] [50, -122, 22, 19] [18, -13, -5, 3] [8, 20, 30, -2]
[7, -37, 20, 10] [10, -8, -18, -24] [-17, -18, -43, -42] [65, -1, -130, 34] [12, -6, -45, 67] [12, 23, -12, 10] [1, -81, -25, 37]
[20, 32, 7, -12] [-30, 10, -2, 4] [30, -5, 25, -10] [1, -12, -20, -3] [-9, -3, -36, -21] [-3, -26, -28, 9] [43, 8, 14, -6]
[-21, 3, 13, -22] [-4, -16, -47, -17] [8, 0, 32, 17] [-28, 18, -63, -28] [42, 3, -11, 38] [36, -9, -22, 38] [8, -13, 34, 3]
Food (up, right, down, left):
[12, 28, -21, 18] [-19, 23, 12, -30] [6, -19, 6, 9] [-17, 1, 66, 7] [8, -14, 53, 0] [7, -35, -17, -28] [-63, 23, 14, -33]
[-75, 14, -44, -8] [5, -23, -33, 1] [-1, 5, 43, 34] [-22, 11, -53, 50] [16, 23, 3, -60] [32, 9, -59, 17] [9, -11, 22, 48]
[-25, 3, 38, -30] [27, 12, -7, 31] [-32, -39, -30, 31] [57, -34, 26, 3] [-3, -21, -17, -26] [-6, 22, -51, -24] [68, 34, 29, 27]
[8, 35, -9, 44] [-20, -5, -18, 30] [-1, -13, -30, -12] [0, 0, 0, 0] [-19, 53, -51, 4] [-2, -30, -45, -21] [-17, 54, -22, -4]
[10, 22, -17, 23] [20, 25, -1, 42] [20, -19, 35, 29] [-1, -59, 50, -16] [-5, 27, 13, -6] [18, 50, 15, 5] [-15, -26, -19, -11]
[9, -40, -17, -5] [10, 13, 8, -31] [21, -11, 20, 34] [-52, -35, 61, -18] [-55, -38, 17, -60] [-36, 60, 35, 25] [-3, 52, 39, 30]
[33, 14, -25, -11] [-8, 1, 27, -76] [38, 23, 7, -18] [4, -8, -10, -23] [83, 42, 9, -23] [-11, 41, 4, -1] [25, -36, 21, -24]
------------------------------
ALIVE
Head: (14 28)
Body: (14 28) (13 28) (12 28) (11 28) (11 29) (12 29) (12 30) (11 30) (10 30) 
Length: 9, 4
Vision: 3
Hungry, suplies: 6/10
Reproductive: 16, mutating: 0.25
Generation: 61969
####################################
Wall (up, right, down, left):
[-9, -5, -8, -13] [5, 5, -2, -15] [-19, -23, -3, -25] [2, 5, 16, 6] [-10, 14, 37, 0] [7, -9, -23, -19] [5, -26, 0, -8]
[-34, -3, 16, -7] [32, 23, -5, -6] [-44, 15, 12, -3] [-40, 3, 31, 12] [15, 34, 1, 10] [-35, -13, -6, -24] [-23, 8, 6, 9]
[-8, 26, 25, 36] [-16, 30, -24, -17] [-10, -2, 63, -1] [-101, 30, 59, 3] [-47, -60, -17, 29] [-21, -28, -15, -2] [-5, -22, -16, -1]
[-27, 59, -19, -28] [15, -6, 30, -38] [16, 35, 12, -123] [0, 0, 0, 0] [50, -122, 22, 19] [18, -13, -5, 3] [8, 16, 30, -5]
[7, -37, 20, 10] [10, -8, -18, -24] [-17, -18, -43, -42] [68, -1, -134, 34] [12, -6, -45, 67] [12, 23, -12, 10] [1, -81, -25, 37]
[25, 32, 7, -12] [-30, 10, -2, 4] [30, -5, 25, -8] [1, -10, -20, -3] [-9, -3, -36, -21] [-3, -26, -28, 9] [43, 8, 14, -6]
[-21, 3, 15, -22] [-4, -16, -47, -17] [8, 0, 32, 15] [-28, 18, -63, -28] [38, 3, -11, 38] [36, -9, -22, 38] [8, -10, 34, 3]
Food (up, right, down, left):
[12, 28, -21, 18] [-19, 25, 12, -30] [6, -19, 6, 9] [-17, 1, 66, 7] [8, -14, 53, 0] [7, -35, -17, -28] [-63, 23, 14, -33]
[-75, 14, -44, -8] [5, -23, -33, 1] [-1, 5, 43, 34] [-22, 11, -53, 50] [16, 23, 3, -60] [32, 9, -59, 21] [9, -11, 22, 48]
[-23, 3, 41, -30] [27, 7, -7, 31] [-29, -38, -30, 31] [57, -34, 26, 7] [-3, -21, -17, -26] [-6, 22, -51, -24] [68, 34, 24, 27]
[8, 35, -9, 44] [-20, -5, -14, 35] [-1, -13, -30, -14] [0, 0, 0, 0] [-19, 53, -51, 4] [-2, -30, -45, -21] [-19, 54, -17, -4]
[10, 22, -17, 23] [20, 25, -1, 42] [20, -19, 35, 29] [0, -59, 55, -16] [-5, 27, 13, -6] [18, 50, 15, 5] [-15, -26, -19, -11]
[9, -35, -16, -5] [10, 13, 8, -31] [21, -11, 20, 34] [-52, -35, 61, -18] [-55, -38, 17, -60] [-36, 60, 35, 25] [-3, 52, 39, 30]
[32, 14, -25, -11] [-8, 1, 27, -76] [41, 23, 7, -18] [4, -8, -10, -23] [86, 42, 9, -23] [-11, 41, 4, -1] [25, -36, 21, -24]
------------------------------
ALIVE
Head: (3 54)
Body: (3 54) (3 55) (4 55) (5 55) (6 55) (7 55) (7 56) (6 56) 
Length: 8, 4
Vision: 3
Hungry, suplies: 8/10
Reproductive: 16, mutating: 0.25
Generation: 61974
####################################
