Wall (up, right, down, left):
[1, -1, 11, -16] [0, 0, 10, -1] [-37, 3, 8, -19] [3, 2, 18, 2] [-14, 7, 25, 1] [18, -2, -7, -3] [5, -13, -9, -17]
[-38, -25, 12, -29] [1, 8, -10, -9] [-39, -4, 5, -2] [-32, 6, 16, 18] [42, 16, 3, -10] [-24, -24, 3, 3] [-15, 2, -2, 7]
[-12, 3, 18, 13] [4, 24, -10, -3] [-9, 0, 45, -16] [-81, 20, 52, 15] [-41, -47, -20, 36] [-17, -17, 7, 2] [-35, -18, -19, 4]
[-3, 47, -5, -37] [8, 1, 27, -18] [-9, 47, 4, -101] [0, 0, 0, 0] [43, -105, 30, 8] [27, -3, -4, 13] [-3, -5, 20, 3]
[-14, -23, 2, -3] [11, -1, -15, -7] [-10, -15, -55, -47] [56, 29, -112, 19] [10, -8, -24, 30] [-6, 13, 3, 29] [-35, -67, -10, 21]
[23, 31, 5, 2] [-16, -2, -14, 6] [30, -12, 20, -15] [-5, 15, -24, 4] [16, 2, -29, -4] [4, -4, -19, 0] [42, 1, 10, 10]
[-24, -12, 11, 7] [-8, -12, -45, -8] [-12, 4, 25, -4] [-3, 17, -45, -2] [40, 11, -10, 33] [44, -19, -41, 21] [-9, 19, 21, -1]
Food (up, right, down, left):
[13, 15, 9, 27] [-4, 24, 5, -16] [24, -23, 16, 8] [-17, -17, 53, 13] [-3, 5, 38, -15] [-12, -26, -19, -23] [-50, 20, 10, -11]
[-65, 5, -36, -30] [-6, 2, -32, 2] [8, 19, 19, 37] [-12, 21, -52, 20] [30, 7, -3, -49] [46, 7, -52, 28] [13, 2, 30, 24]
[-24, 4, 30, -46] [10, 8, -14, 23] [-61, -23, -24, 25] [40, -36, 31, 11] [-13, -8, -27, -23] [2, 18, -46, -26] [43, 25, 7, 22]
[11, 31, 4, 47] [-8, -6, -30, 43] [9, 3, -40, -17] [0, 0, 0, 0] [-12, 66, -37, -9] [3, -22, -29, -15] [-16, 49, -14, 21]
[-4, 17, -14, 16] [1, 27, 14, 34] [31, -13, 40, 15] [-5, -43, 11, -24] [9, -3, 18, -25] [3, 47, 22, 20] [-16, -19, 5, -12]
[0, -29, -6, 3] [12, 7, 13, -4] [5, 9, 5, 34] [-29, -24, 46, -29] [-44, -37, 8, -52] [-17, 55, 18, 16] [2, 36, 0, 31]
[8, 13, -28, -11] [1, -6, 9, -48] [20, 16, 10, -13] [-4, 11, 19, -41] [50, 33, -8, -15] [29, 36, 13, 2] [15, -13, 26, -29]
------------------------------
ALIVE
Head: (11 49)
Body: (11 49) (11 48) (11 47) (11 46) (11 45) (11 44) (10 44) (9 44) (9 43) (8 43) (8 42) (7 42) (7 41) 
Length: 13, 4
Vision: 3
Hungry, suplies: 7/10
Reproductive: 16, mutating: 0.25
Generation: 47061
####################################
Wall (up, right, down, left):
[1, -1, 11, -16] [0, 0, 10, -1] [-37, 3, 8, -19] [3, 0, 18, 2] [-14, 7, 25, 1] [18, -2, -7, -3] [5, -13, -9, -17]
[-38, -25, 12, -29] [1, 8, -10, -8] [-39, -4, 10, -2] [-32, 6, 16, 18] [42, 16, 3, -10] [-24, -24, 3, 3] [-15, 2, -2, 7]
[-12, 3, 18, 13] [4, 24, -10, -3] [-9, 0, 45, -16] [-81, 20, 53, 10] [-41, -47, -20, 36] [-17, -17, 7, 2] [-35, -18, -19, 4]
[-3, 47, -5, -37] [11, 1, 27, -19] [-9, 47, 4, -101] [0, 0, 0, 0] [43, -107, 30, 8] [27, -3, -4, 13] [-3, -5, 20, 3]
[-14, -23, 2, -3] [14, -1, -15, -7] [-10, -15, -55, -43] [56, 29, -112, 19] [10, -8, -24, 30] [-6, 13, 3, 29] [-35, -67, -10, 21]
[23, 31, 5, 2] [-16, -2, -14, 6] [30, -12, 20, -15] [-5, 15, -24, 4] [13, 2, -29, -4] [4, -4, -19, 0] [42, 1, 10, 10]
[-24, -12, 11, 7] [-8, -12, -45, -3] [-12, 4, 25, -4] [-3, 17, -45, -2] [40, 11, -10, 33] [44, -19, -41, 21] [-9, 19, 21, -1]
Food (up, right, down, left):
[13, 15, 9, 27] [-4, 24, 5, -16] [24, -23, 16, 8] [-17, -17, 53, 10] [-3, 5, 38, -15] [-12, -26, -19, -23] [-50, 20, 10, -11]
[-65, 5, -36, -30] [-8, 2, -32, 2] [8, 21, 19, 37] [-12, 21, -52, 20] [30, 7, -3, -49] [46, 7, -52, 28] [13, 2, 30, 24]
[-24, 4, 30, -46] [10, 8, -14, 23] [-61, -23, -24, 25] [40, -36, 29, 13] [-13, -8, -27, -23] [2, 18, -46, -26] [43, 25, 7, 22]
[11, 31, 4, 47] [-8, -6, -30, 37] [9, 3, -40, -17] [0, 0, 0, 0] [-12, 63, -37, -9] [3, -22, -29, -15] [-16, 49, -14, 21]
[-4, 17, -14, 16] [6, 27, 14, 34] [26, -13, 40, 15] [-5, -43, 11, -24] [9, -3, 18, -25] [3, 47, 22, 20] [-16, -19, 5, -12]
[0, -29, -6, 3] [12, 7, 13, -4] [5, 9, 5, 34] [-29, -24, 46, -29] [-44, -36, 8, -52] [-17, 55, 18, 16] [2, 36, 0, 31]
[8, 13, -28, -11] [1, -1, 9, -48] [20, 16, 10, -13] [-4, 11, 19, -41] [50, 33, -8, -15] [29, 36, 13, 2] [15, -13, 26, -29]
------------------------------
ALIVE
Head: (15 48)
Body: (15 48) (15 47) (15 46) (14 46) (14 45) (14 44) (14 43) (15 43) (16 43) (16 44) (16 45) 
Length: 11, 4
Vision: 3
Hungry, suplies: 8/10
Reproductive: 16, mutating: 0.25
Generation: 47057
####################################
Wall (up, right, down, left):
[1, -1, 11, -16] [0, 0, 8, -1] [-37, 3, 8, -19] [3, 2, 18, 2] [-14, 7, 25, 1] [18, -2, -7, -3] [5, -13, -9, -17]
[-38, -25, 12, -29] [1, 8, -10, -9] [-39, -4, 5, -2] [-32, 6, 16, 18] [42, 16, 3, -10] [-24, -24, 3, 3] [-15, 2, -2, 7]
[-12, 3, 18, 13] [4, 24, -10, -3] [-9, 0, 45, -16] [-81, 20, 52, 15] [-41, -47, -20, 36] [-17, -17, 7, 2] [-35, -18, -19, 4]
[-3, 47, -5, -37] [8, 1, 27, -18] [-9, 45, 4, -101] [0, 0, 0, 0] [43, -107, 30, 8] [27, -3, -4, 13] [-3, -5, 20, 3]
[-14, -23, 2, -3] [11, -1, -15, -7] [-10, -15, -55, -43] [56, 29, -112, 19] [10, -8, -25, 30] [-6, 13, 3, 29] [-35, -67, -10, 21]
[23, 31, 5, 2] [-16, -2, -14, 6] [30, -12, 20, -15] [-5, 15, -24, 4] [16, 2, -29, -4] [4, -4, -19, 0] [42, 1, 10, 10]
[-23, -12, 11, 7] [-8, -12, -45, -8] [-12, 4, 25, -4] [-3, 17, -45, -2] [40, 11, -10, 33] [44, -19, -41, 21] [-9, 19, 21, -1]
Food (up, right, down, left):
[13, 15, 9, 27] [-4, 24, 2, -16] [24, -23, 16, 8] [-17, -17, 53, 13] [-3, 5, 38, -15] [-12, -26, -19, -23] [-50, 20, 10, -11]
[-65, 5, -36, -30] [-6, 2, -32, 2] [8, 19, 19, 37] [-12, 21, -52, 20] [30, 7, -3, -49] [46, 7, -52, 28] [13, 2, 30, 24]
[-24, 4, 30, -46] [10, 8, -14, 23] [-61, -23, -24, 25] [40, -36, 31, 11] [-13, -8, -27, -23] [2, 18, -46, -26] [43, 25, 7, 22]
[11, 31, 4, 47] [-8, -6, -30, 43] [9, 3, -40, -12] [0, 0, 0, 0] [-12, 63, -37, -9] [3, -22, -29, -15] [-16, 49, -14, 21]
[-4, 17, -14, 16] [1, 27, 14, 34] [26, -13, 40, 15] [-5, -43, 11, -24] [9, -8, 18, -25] [3, 47, 22, 20] [-16, -19, 5, -12]
[0, -29, -6, 3] [12, 7, 13, -4] [5, 9, 5, 34] [-29, -24, 46, -29] [-44, -37, 8, -52] [-17, 55, 18, 16] [2, 36, 0, 31]
[8, 13, -28, -15] [1, -6, 9, -48] [20, 16, 10, -13] [-4, 11, 19, -41] [50, 33, -8, -15] [29, 36, 13, 2] [15, -13, 26, -29]
------------------------------
ALIVE
Head: (22 4)
Body: (22 4) (22 3) (22 2) (22 1) (22 0) (21 0) (20 0) (19 0) (18 57) (18 56) (18 55) (17 55) (17 54) (16 54) 
Length: 14, 4
Vision: 3
Hungry, suplies: 7/10
Reproductive: 16, mutating: 0.25
Generation: 47060
####################################
Wall (up, right, down, left):
[1, -1, 11, -16] [0, 0, 10, -1] [-37, 3, 8, -19] [3, 2, 18, 2] [-14, 7, 25, 1] [18, -2, -7, -3] [5, -13, -9, -17]
[-38, -25, 12, -29] [1, 8, -10, -9] [-39, -4, 5, -2] [-32, 6, 16, 18] [42, 16, 3, -10] [-24, -24, 3, 3] [-15, 2, -2, 7]
[-12, 3, 18, 13] [4, 24, -10, -6] [-9, 0, 45, -16] [-81, 20, 52, 15] [-41, -47, -20, 36] [-17, -17, 7, 2] [-35, -18, -19, 4]
[-3, 47, -5, -37] [11, 1, 27, -18] [-6, 47, 4, -101] [0, 0, 0, 0] [43, -107, 30, 8] [27, -3, -4, 13] [-3, -5, 20, 3]
[-14, -23, 2, -3] [14, -1, -15, -7] [-10, -15, -55, -43] [56, 29, -112, 19] [10, -8, -24, 30] [-6, 13, 3, 29] [-35, -67, -10, 21]
[23, 31, 3, 2] [-16, -2, -14, 6] [30, -12, 20, -15] [-5, 18, -24, 4] [13, 2, -29, -4] [4, -4, -19, 0] [42, 1, 10, 10]
[-24, -12, 11, 7] [-8, -12, -45, -3] [-12, 4, 25, -4] [-3, 17, -45, -2] [40, 11, -10, 33] [44, -19, -41, 21] [-9, 19, 21, -1]
Food (up, right, down, left):
[13, 15, 9, 27] [-4, 24, 5, -16] [24, -23, 16, 8] [-17, -17, 53, 13] [-3, 5, 38, -15] [-12, -26, -19, -23] [-50, 20, 10, -11]
[-65, 5, -36, -30] [-6, 2, -32, 2] [8, 19, 19, 37] [-12, 21, -52, 20] [30, 7, -3, -49] [46, 7, -52, 28] [13, 2, 30, 24]
[-24, 4, 30, -46] [14, 8, -14, 23] [-61, -23, -24, 25] [40, -36, 31, 11] [-13, -8, -27, -23] [2, 18, -46, -26] [43, 25, 7, 22]
[11, 31, 4, 47] [-8, -6, -30, 39] [9, 3, -42, -17] [0, 0, 0, 0] [-12, 63, -37, -9] [3, -22, -29, -15] [-16, 49, -14, 21]
[-4, 17, -14, 16] [6, 27, 14, 34] [26, -13, 40, 15] [-5, -43, 11, -24] [9, -3, 18, -25] [3, 47, 22, 20] [-16, -19, 5, -12]
[0, -29, -6, -2] [12, 7, 13, -4] [5, 9, 5, 34] [-29, -24, 46, -34] [-44, -36, 8, -52] [-17, 55, 18, 16] [2, 36, 0, 31]
[8, 13, -28, -11] [1, -1, 9, -48] [20, 16, 10, -13] [-4, 11, 19, -41] [50, 33, -8, -15] [29, 36, 13, 2] [15, -13, 26, -29]
------------------------------
ALIVE
Head: (14 7)
Body: (14 7) (14 8) (14 9) (15 9) (15 10) (14 10) (14 11) (15 11) (15 12) (15 13) (15 14) 
Length: 11, 4
Vision: 3
Hungry, suplies: 4/10
Reproductive: 16, mutating: 0.25
Generation: 47060
####################################
Wall (up, right, down, left):
[1, -1, 11, -16] [0, 0, 10, -1] [-37, 3, 8, -19] [3, 0, 18, 2] [-14, 7, 25, 1] [18, -2, -7, -3] [5, -13, -9, -17]
[-38, -25, 12, -29] [1, 8, -10, -8] [-39, -4, 10, -2] [-32, 6, 16, 18] [42, 16, 3, -10] [-24, -24, 3, 3] [-15, 2, -2, 7]
[-12, 3, 18, 13] [4, 24, -10, -3] [-9, 0, 45, -16] [-81, 20, 53, 10] [-41, -47, -20, 36] [-17, -17, 7, 2] [-35, -18, -19, 4]
[-3, 47, -5, -37] [11, 1, 27, -19] [-9, 47, 4, -101] [0, 0, 0, 0] [43, -107, 30, 8] [27, -3, -4, 13] [-3, -5, 20, 3]
[-14, -23, 2, -3] [14, -1, -15, -7] [-10, -15, -55, -43] [56, 29, -112, 19] [10, -8, -24, 30] [-6, 13, 3, 29] [-35, -67, -10, 21]
[23, 31, 5, 2] [-16, -2, -14, 6] [30, -12, 20, -15] [-5, 15, -24, 4] [13, 2, -29, -4] [4, -4, -19, 0] [42, 1, 10, 10]
[-24, -12, 11, 7] [-8, -12, -45, -3] [-12, 4, 25, -4] [-3, 17, -45, -2] [40, 11, -10, 33] [44, -19, -41, 21] [-9, 19, 21, -1]
Food (up, right, down, left):
[13, 15, 9, 27] [-4, 24, 5, -16] [24, -23, 16, 8] [-17, -17, 53, 10] [-3, 5, 38, -15] [-12, -26, -19, -23] [-50, 20, 10, -11]
[-65, 5, -36, -30] [-8, 2, -32, 2] [8, 21, 19, 37] [-12, 21, -52, 20] [30, 7, -3, -49] [46, 7, -52, 28] [13, 2, 30, 24]
[-24, 4, 30, -46] [10, 8, -14, 23] [-61, -23, -24, 25] [40, -36, 29, 13] [-13, -8, -27, -23] [2, 18, -46, -26] [43, 25, 7, 22]
[11, 31, 4, 47] [-8, -6, -30, 37] [9, 3, -40, -17] [0, 0, 0, 0] [-12, 63, -37, -9] [3, -22, -29, -15] [-16, 49, -14, 21]
[-4, 17, -14, 16] [6, 27, 14, 34] [26, -13, 40, 15] [-5, -43, 11, -24] [9, -3, 18, -25] [3, 47, 22, 20] [-16, -19, 5, -12]
[0, -29, -6, 3] [12, 7, 13, -4] [5, 9, 5, 34] [-29, -24, 46, -29] [-44, -36, 8, -52] [-17, 55, 18, 16] [2, 36, 0, 31]
[8, 13, -28, -11] [1, -1, 9, -48] [20, 16, 10, -13] [-4, 11, 19, -41] [50, 33, -8, -15] [29, 36, 13, 2] [15, -13, 26, -29]
------------------------------
ALIVE
Head: (11 33)
Body: (11 33) (12 33) (12 32) (12 31) (12 30) (11 30) (11 29) (11 28) 
Length: 8, 4
Vision: 3
Hungry, suplies: 9/10
Reproductive: 16, mutating: 0.25
Generation: 47058
####################################
Wall (up, right, down, left):
[1, -1, 11, -16] [0, 0, 10, -1] [-37, 8, 8, -19] [3, 2, 18, 2] [-14, 7, 25, 1] [18, -2, -7, -3] [5, -13, -8, -17]
[-38, -25, 12, -29] [1, 8, -10, -9] [-39, -4, 5, -2] [-32, 6, 16, 18] [40, 16, 3, -10] [-24, -24, 3, 3] [-15, 2, -2, 7]
[-12, 3, 18, 13] [4, 24, -10, -5] [-9, 0, 45, -16] [-81, 20, 52, 15] [-41, -47, -20, 36] [-17, -17, 7, 2] [-35, -18, -19, 4]
[-3, 47, -5, -37] [11, 1, 27, -18] [-9, 47, 4, -101] [0, 0, 0, 0] [43, -107, 30, 8] [27, -3, -4, 13] [-3, -5, 20, 3]
[-14, -23, 2, -3] [14, -1, -15, -7] [-10, -15, -55, -43] [56, 29, -112, 19] [10, -8, -24, 30] [-6, 13, 3, 29] [-35, -67, -10, 21]
[23, 31, 5, 2] [-16, -2, -14, 6] [30, -12, 20, -15] [-5, 15, -24, 4] [13, 2, -29, -4] [4, -4, -19, 0] [42, 1, 10, 10]
[-24, -12, 11, 7] [-8, -12, -45, -8] [-12, 4, 25, -4] [-3, 17, -45, -2] [40, 11, -10, 33] [44, -19, -41, 21] [-9, 19, 21, -1]
Food (up, right, down, left):
[13, 15, 9, 27] [-4, 24, 5, -16] [24, -23, 16, 8] [-17, -17, 53, 13] [-3, 5, 38, -15] [-12, -26, -19, -23] [-50, 21, 10, -11]
[-65, 5, -36, -30] [-6, 2, -32, 2] [8, 19, 19, 37] [-12, 21, -52, 20] [30, 12, -3, -49] [46, 7, -52, 28] [13, 2, 30, 24]
[-24, 4, 30, -46] [10, 8, -14, 22] [-61, -23, -24, 25] [40, -36, 31, 11] [-13, -8, -27, -23] [2, 18, -46, -26] [43, 25, 7, 22]
[11, 31, 4, 47] [-8, -6, -30, 39] [9, 3, -40, -17] [0, 0, 0, 0] [-12, 63, -37, -9] [3, -23, -29, -15] [-16, 49, -14, 21]
[-4, 17, -14, 16] [6, 27, 14, 34] [26, -13, 40, 15] [-5, -43, 11, -24] [9, -3, 18, -25] [3, 47, 22, 20] [-16, -19, 5, -12]
[0, -29, -6, 3] [12, 7, 13, -4] [5, 9, 5, 34] [-29, -24, 46, -29] [-44, -36, 8, -52] [-17, 55, 18, 16] [2, 36, 0, 31]
[8, 13, -28, -11] [1, -6, 9, -48] [20, 16, 10, -13] [-4, 11, 19, -41] [50, 33, -8, -15] [29, 36, 13, 2] [15, -13, 26, -29]
------------------------------
ALIVE
Head: (0 9)
Body: (0 9) (0 10) (1 10) (1 11) (2 11) (3 11) (3 10) (3 9) 
Length: 8, 4
Vision: 3
Hungry, suplies: 7/10
Reproductive: 16, mutating: 0.25
Generation: 47058
####################################
Wall (up, right, down, left):
[1, -1, 11, -16] [0, 0, 8, -1] [-37, 3, 8, -19] [3, 2, 18, 2] [-14, 7, 25, 1] [18, -2, -7, -3] [5, -13, -9, -17]
[-38, -25, 12, -29] [1, 11, -10, -9] [-39, -4, 5, -2] [-32, 6, 16, 18] [42, 16, 3, -10] [-24, -24, 3, 3] [-15, 2, -2, 7]
[-12, 3, 18, 13] [4, 24, -10, -3] [-9, 0, 45, -16] [-81, 20, 52, 15] [-41, -47, -20, 36] [-17, -17, 7, 2] [-35, -18, -19, 4]
[-3, 47, -5, -37] [8, 1, 27, -18] [-9, 45, 4, -101] [0, 0, 0, 0] [43, -107, 30, 8] [27, -3, -4, 13] [-3, -5, 20, 3]
[-14, -23, 2, -3] [11, -1, -15, -7] [-10, -15, -55, -43] [56, 29, -112, 19] [10, -8, -25, 30] [-6, 13, 3, 29] [-35, -67, -10, 21]
[23, 35, 5, 2] [-16, -2, -14, 6] [30, -12, 20, -15] [-5, 15, -24, 4] [16, 2, -29, -4] [4, -4, -19, 0] [42, 1, 10, 10]
[-24, -12, 11, 7] [-8, -12, -45, -8] [-12, 4, 25, -4] [-3, 17, -45, -2] [40, 11, -10, 33] [44, -19, -41, 21] [-9, 19, 21, -1]
Food (up, right, down, left):
[13, 15, 9, 27] [-4, 24, 2, -16] [24, -23, 16, 8] [-17, -17, 53, 13] [-3, 5, 38, -15] [-12, -26, -19, -23] [-50, 20, 10, -11]
[-65, 5, -36, -30] [-6, -1, -32, 2] [8, 19, 19, 37] [-12, 21, -52, 20] [30, 7, -3, -49] [46, 7, -52, 28] [13, 2, 30, 24]
[-24, 4, 30, -46] [10, 8, -14, 23] [-61, -23, -24, 25] [40, -36, 31, 11] [-13, -8, -27, -23] [2, 18, -46, -26] [43, 25, 7, 22]
[11, 31, 4, 47] [-8, -6, -30, 43] [9, 3, -40, -12] [0, 0, 0, 0] [-12, 63, -37, -9] [3, -22, -29, -15] [-16, 49, -14, 21]
[-4, 17, -14, 16] [1, 27, 14, 34] [26, -13, 40, 15] [-5, -43, 11, -24] [9, -8, 18, -25] [3, 47, 22, 20] [-16, -19, 5, -12]
[0, -30, -6, 3] [12, 7, 13, -4] [5, 9, 5, 34] [-29, -24, 46, -29] [-44, -37, 8, -52] [-17, 55, 18, 16] [2, 36, 0, 31]
[8, 13, -28, -11] [1, -6, 9, -48] [20, 16, 10, -13] [-4, 12, 19, -41] [52, 33, -8, -15] [29, 36, 13, 2] [15, -13, 26, -29]
------------------------------
ALIVE
Head: (3 13)
Body: (3 13) (2 13) (2 12) (1 12) (1 13) (1 14) (0 14) (24 14) (-1 15) (0 15) (0 16) 
Length: 11, 4
Vision: 3
Hungry, suplies: 4/10
Reproductive: 16, mutating: 0.25
Generation: 47064
####################################
Wall (up, right, down, left):
[1, -1, 11, -16] [0, 0, 8, -1] [-37, 3, 8, -19] [3, 2, 18, 2] [-14, 7, 25, 1] [18, -2, -7, -3] [5, -13, -9, -17]
[-38, -25, 12, -29] [1, 8, -10, -9] [-39, -4, 5, -2] [-32, 6, 16, 18] [42, 16, 3, -10] [-24, -24, 3, 3] [-15, 2, -2, 7]
[-12, 3, 18, 13] [4, 24, -10, -3] [-9, 0, 45, -16] [-81, 20, 52, 15] [-41, -47, -20, 36] [-17, -17, 7, 2] [-35, -18, -19, -1]
[-3, 47, -5, -37] [8, 1, 27, -18] [-9, 45, 4, -101] [0, 0, 0, 0] [43, -107, 30, 8] [27, -3, -4, 13] [-3, -5, 20, 3]
[-14, -23, 2, -3] [11, -1, -15, -7] [-10, -15, -55, -43] [56, 29, -112, 19] [10, -8, -25, 30] [-6, 13, 3, 29] [-35, -67, -10, 21]
[23, 31, 5, 2] [-16, -2, -14, 6] [30, -12, 20, -15] [-5, 15, -24, 4] [16, 2, -29, -4] [4, -4, -19, 0] [42, 1, 10, 10]
[-23, -12, 11, 7] [-8, -12, -45, -8] [-12, 4, 25, -4] [-3, 17, -45, -2] [40, 11, -10, 33] [44, -19, -41, 21] [-9, 19, 21, -1]
Food (up, right, down, left):
[13, 15, 9, 27] [-4, 24, 2, -16] [24, -23, 16, 8] [-17, -17, 53, 13] [-3, 5, 38, -15] [-12, -26, -19, -23] [-50, 20, 10, -11]
[-65, 5, -36, -30] [-6, 2, -32, 2] [8, 19, 19, 37] [-12, 21, -52, 20] [30, 7, -3, -49] [46, 7, -52, 28] [13, 2, 30, 24]
[-24, 4, 30, -46] [10, 8, -14, 23] [-61, -23, -24, 25] [40, -36, 31, 11] [-13, -8, -27, -23] [2, 18, -46, -26] [43, 30, 7, 22]
[11, 31, 4, 47] [-8, -6, -30, 43] [9, 3, -40, -12] [0, 0, 0, 0] [-12, 63, -37, -9] [3, -22, -29, -15] [-16, 49, -14, 21]
[-4, 17, -14, 16] [1, 27, 14, 34] [26, -13, 40, 15] [-5, -43, 11, -24] [9, -8, 18, -25] [3, 47, 22, 20] [-16, -19, 5, -12]
[0, -29, -6, 3] [12, 7, 13, -4] [5, 9, 5, 34] [-29, -24, 46, -29] [-44, -37, 8, -52] [-17, 55, 18, 16] [2, 36, 0, 31]
[8, 13, -28, -15] [1, -6, 9, -48] [20, 16, 10, -13] [-4, 11, 19, -41] [50, 33, -8, -15] [29, 36, 13, 2] [15, -13, 26, -29]
------------------------------
ALIVE
Head: (3 43)
Body: (3 43) (3 42) (3 41) (3 40) (4 40) (5 40) (5 39) (5 38) (4 38) (3 38) (3 37) 
Length: 11, 4
Vision: 3
Hungry, suplies: 8/10
Reproductive: 16, mutating: 0.25
Generation: 47062
####################################
Wall (up, right, down, left):
[1, -1, 11, -16] [0, 0, 10, -1] [-37, 3, 8, -19] [3, 2, 18, 2] [-14, 7, 25, 1] [18, -2, -7, -3] [5, -13, -9, -17]
[-38, -25, 12, -29] [1, 8, -10, -9] [-39, -4, 5, -2] [-32, 6, 16, 18] [42, 16, 3, -10] [-24, -24, 3, 3] [-15, 2, -2, 7]
[-12, 3, 18, 13] [4, 24, -10, -3] [-9, 0, 45, -16] [-81, 20, 52, 15] [-41, -47, -20, 36] [-17, -17, 7, 2] [-35, -18, -19, 4]
[-3, 47, -5, -37] [8, 1, 27, -18] [-9, 47, 4, -101] [0, 0, 0, 0] [43, -107, 30, 8] [27, -3, -4, 13] [-3, -5, 20, 3]
[-14, -23, 2, -3] [11, -1, -15, -7] [-10, -15, -55, -43] [56, 29, -112, 19] [10, -8, -24, 30] [-6, 13, 3, 29] [-35, -67, -10, 21]
[23, 31, 5, 2] [-16, -2, -14, 6] [30, -12, 20, -15] [-5, 15, -24, 4] [16, 2, -29, -4] [4, -4, -19, 0] [42, 1, 10, 10]
[-24, -12, 11, 7] [-8, -12, -45, -8] [-12, 4, 25, -4] [-3, 17, -45, -2] [40, 11, -10, 33] [44, -19, -41, 18] [-9, 19, 21, -1]
Food (up, right, down, left):
[13, 15, 9, 27] [-4, 24, 5, -16] [24, -23, 16, 8] [-17, -17, 53, 13] [-3, 5, 38, -15] [-12, -26, -19, -23] [-50, 20, 10, -11]
[-65, 5, -36, -30] [-6, 2, -32, 2] [8, 19, 19, 37] [-12, 21, -52, 20] [30, 7, -3, -49] [46, 7, -52, 28] [13, 2, 30, 24]
[-24, 4, 30, -46] [10, 8, -14, 23] [-61, -23, -24, 25] [40, -36, 31, 11] [-13, -8, -27, -23] [2, 18, -46, -26] [43, 25, 7, 22]
[11, 31, 4, 47] [-8, -6, -30, 43] [9, 3, -40, -17] [0, 0, 0, 0] [-12, 63, -37, -9] [3, -22, -29, -15] [-16, 49, -14, 21]
[-4, 17, -14, 16] [1, 27, 14, 34] [26, -13, 40, 15] [-5, -43, 11, -24] [9, -3, 18, -25] [3, 47, 22, 20] [-16, -19, 5, -12]
[0, -29, -6, 3] [12, 7, 13, -4] [5, 9, 5, 34] [-29, -24, 46, -29] [-44, -37, 8, -52] [-17, 55, 18, 16] [2, 36, 0, 31]
[8, 13, -28, -11] [1, -6, 9, -48] [20, 16, 10, -13] [-4, 11, 19, -41] [50, 33, -8, -15] [29, 36, 16, 2] [15, -13, 26, -29]
------------------------------
ALIVE
Head: (3 0)
Body: (3 0) (2 0) (1 0) (0 0) (0 1) (0 2) (0 3) (1 3) (1 4) (1 5) 
Length: 10, 4
Vision: 3
Hungry, suplies: 3/10
Reproductive: 16, mutating: 0.25
Generation: 47060
####################################
Wall (up, right, down, left):
[1, -1, 11, -16] [0, 0, 8, -1] [-37, 3, 8, -19] [3, 2, 18, 2] [-14, 7, 25, 1] [18, -2, -7, -3] [5, -13, -9, -17]
[-38, -25, 12, -29] [1, 11, -10, -9] [-39, -4, 5, -2] [-32, 6, 16, 18] [42, 16, 3, -10] [-24, -24, 3, 3] [-15, 2, -2, 7]
[-12, 3, 18, 13] [4, 24, -10, -3] [-9, 0, 45, -16] [-81, 20, 52, 15] [-41, -47, -20, 36] [-17, -17, 7, 2] [-35, -18, -19, 4]
[-3, 47, -5, -37] [8, 1, 27, -18] [-9, 45, 4, -101] [0, 0, 0, 0] [43, -107, 30, 8] [27, -3, -4, 13] [-3, -5, 20, 3]
[-14, -23, 2, -3] [11, -1, -15, -7] [-10, -15, -55, -43] [56, 29, -112, 19] [10, -8, -25, 30] [-6, 13, 3, 29] [-35, -67, -10, 21]
[23, 35, 5, 2] [-16, -2, -14, 6] [30, -12, 20, -15] [-5, 15, -24, 4] [16, 2, -29, -4] [4, -4, -19, 0] [42, 1, 10, 10]
[-24, -12, 11, 7] [-8, -12, -45, -8] [-12, 4, 25, -4] [-3, 17, -45, -2] [40, 11, -10, 33] [44, -19, -41, 21] [-9, 19, 21, -1]
Food (up, right, down, left):
[13, 15, 9, 27] [-4, 24, 2, -16] [24, -23, 16, 8] [-17, -17, 53, 13] [-3, 5, 38, -15] [-12, -26, -19, -23] [-50, 20, 10, -11]
[-65, 5, -36, -30] [-6, -1, -32, 2] [8, 19, 19, 37] [-12, 21, -52, 20] [30, 7, -3, -49] [46, 7, -52, 28] [13, 2, 30, 24]
[-24, 4, 30, -46] [10, 8, -14, 23] [-61, -23, -24, 25] [40, -36, 31, 11] [-13, -8, -27, -23] [2, 18, -46, -26] [43, 25, 7, 22]
[11, 31, 4, 47] [-8, -6, -30, 43] [9, 3, -40, -12] [0, 0, 0, 0] [-12, 63, -37, -9] [3, -22, -29, -15] [-16, 49, -14, 21]
[-4, 17, -14, 16] [1, 27, 14, 34] [26, -13, 40, 15] [-5, -43, 11, -24] [9, -8, 18, -25] [3, 47, 22, 20] [-16, -19, 5, -12]
[0, -30, -6, 3] [12, 7, 13, -4] [5, 9, 5, 34] [-29, -24, 46, -29] [-44, -37, 8, -52] [-17, 55, 18, 16] [2, 36, 0, 31]
[8, 13, -28, -11] [1, -6, 9, -48] [20, 16, 10, -13] [-4, 11, 19, -41] [52, 33, -8, -15] [29, 36, 13, 2] [15, -13, 26, -29]
------------------------------
ALIVE
Head: (15 34)
Body: (15 34) (15 33) (14 33) (13 33) (13 32) (13 31) (13 30) (13 29) 
Length: 8, 4
Vision: 3
Hungry, suplies: 3/10
Reproductive: 16, mutating: 0.25
Generation: 47065
####################################
Wall (up, right, down, left):
[1, -1, 11, -16] [0, 0, 10, -1] [-37, 8, 8, -19] [3, 2, 18, 2] [-14, 7, 25, 1] [18, -2, -7, -3] [5, -13, -8, -17]
[-38, -25, 12, -29] [1, 8, -10, -9] [-39, -4, 5, -2] [-32, 6, 16, 18] [40, 16, 3, -10] [-24, -24, 3, 3] [-15, 2, -2, 7]
[-12, 3, 18, 13] [4, 24, -10, -5] [-9, 0, 45, -16] [-81, 20, 52, 15] [-41, -47, -20, 36] [-17, -17, 7, 2] [-35, -18, -19, 4]
[-3, 47, -5, -37] [11, 1, 27, -18] [-9, 47, 4, -101] [0, 0, 0, 0] [43, -107, 30, 8] [27, -3, -4, 13] [-3, -5, 20, 3]
[-14, -23, 2, -3] [14, -1, -15, -7] [-10, -15, -55, -43] [56, 29, -112, 19] [10, -8, -24, 30] [-6, 13, 3, 29] [-35, -67, -10, 21]
[23, 31, 5, 2] [-16, -2, -14, 6] [30, -12, 20, -15] [-5, 15, -24, 4] [13, 2, -29, -4] [4, -4, -19, 0] [42, 1, 10, 10]
[-24, -12, 11, 7] [-8, -12, -45, -8] [-12, 4, 25, -4] [-3, 17, -45, -2] [40, 11, -10, 33] [44, -19, -41, 21] [-9, 19, 21, -1]
Food (up, right, down, left):
[13, 15, 9, 27] [-4, 24, 5, -16] [24, -23, 16, 8] [-17, -17, 53, 13] [-3, 5, 38, -15] [-12, -26, -19, -23] [-50, 21, 10, -11]
[-65, 5, -36, -30] [-6, 2, -32, 2] [8, 19, 19, 37] [-12, 21, -52, 20] [30, 12, -3, -49] [46, 7, -52, 28] [13, 2, 30, 24]
[-24, 4, 30, -46] [10, 8, -14, 22] [-61, -23, -24, 25] [40, -36, 31, 11] [-13, -8, -27, -23] [2, 18, -46, -26] [43, 25, 7, 22]
[11, 31, 4, 47] [-8, -6, -30, 39] [9, 3, -40, -17] [0, 0, 0, 0] [-12, 63, -37, -9] [3, -23, -29, -15] [-16, 49, -14, 21]
[-4, 17, -14, 16] [6, 27, 14, 34] [26, -13, 40, 15] [-5, -43, 11, -24] [9, -3, 18, -25] [3, 47, 22, 20] [-16, -19, 5, -12]
[0, -29, -6, 3] [12, 7, 13, -4] [5, 9, 5, 34] [-29, -24, 46, -29] [-44, -36, 8, -52] [-17, 55, 18, 16] [2, 36, 0, 31]
[8, 13, -28, -11] [1, -6, 9, -48] [20, 16, 10, -13] [-4, 11, 19, -41] [50, 33, -8, -15] [29, 36, 13, 2] [15, -13, 26, -29]
------------------------------
ALIVE
Head: (11 25)
Body: (11 25) (10 25) (10 26) (10 27) (10 28) (10 29) (9 29) (8 29) 
Length: 8, 4
Vision: 3
Hungry, suplies: 2/10
Reproductive: 16, mutating: 0.25
Generation: 47059
####################################
Wall (up, right, down, left):
[1, -1, 11, -16] [0, 0, 8, -1] [-37, 3, 8, -19] [3, 2, 18, 2] [-14, 7, 25, 1] [18, -2, -7, -3] [5, -13, -9, -17]
[-38, -25, 12, -29] [1, 8, -10, -9] [-39, -4, 5, -2] [-32, 6, 16, 18] [42, 16, 3, -10] [-24, -24, 3, 3] [-15, 2, -2, 7]
[-12, 3, 18, 13] [4, 24, -10, -3] [-9, 0, 45, -16] [-81, 20, 52, 15] [-41, -47, -20, 36] [-17, -17, 7, 2] [-35, -18, -19, 4]
[-3, 47, -5, -37] [8, 1, 27, -18] [-9, 45, 4, -101] [0, 0, 0, 0] [43, -107, 30, 8] [27, -3, -4, 13] [-3, -5, 20, 3]
[-14, -23, 2, -3] [11, -1, -15, -7] [-10, -15, -55, -43] [56, 29, -112, 19] [10, -8, -25, 30] [-6, 13, 3, 29] [-35, -67, -10, 21]
[23, 31, 5, 2] [-16, -2, -14, 6] [30, -12, 20, -15] [-5, 15, -24, 4] [16, 2, -29, -4] [4, -4, -19, 0] [42, 1, 10, 10]
[-23, -12, 11, 7] [-8, -12, -45, -8] [-12, 4, 25, -4] [-3, 17, -45, -2] [40, 11, -10, 33] [44, -19, -41, 21] [-9, 19, 21, -1]
Food (up, right, down, left):
[13, 15, 9, 27] [-4, 24, 2, -16] [24, -23, 16, 8] [-17, -17, 53, 13] [-3, 5, 38, -15] [-12, -26, -19, -23] [-50, 20, 10, -11]
[-65, 5, -36, -30] [-6, 2, -32, 2] [8, 19, 19, 37] [-12, 21, -52, 20] [30, 7, -3, -49] [46, 7, -52, 28] [13, 2, 30, 24]
[-24, 4, 30, -46] [10, 8, -14, 23] [-61, -23, -24, 25] [40, -36, 31, 11] [-13, -8, -27, -23] [2, 18, -46, -26] [43, 25, 7, 22]
[11, 31, 4, 47] [-8, -6, -30, 43] [9, 3, -40, -12] [0, 0, 0, 0] [-12, 63, -37, -9] [3, -22, -29, -15] [-16, 49, -14, 21]
[-4, 17, -14, 16] [1, 27, 14, 34] [26, -13, 40, 15] [-5, -43, 11, -24] [9, -8, 18, -25] [3, 47, 22, 20] [-16, -19, 5, -12]
[0, -29, -6, 3] [12, 7, 13, -4] [5, 9, 5, 34] [-29, -24, 46, -29] [-44, -37, 8, -52] [-17, 55, 18, 16] [2, 36, 0, 31]
[8, 13, -28, -15] [1, -6, 9, -48] [20, 16, 10, -13] [-4, 11, 19, -41] [50, 33, -8, -15] [29, 36, 13, 2] [15, -13, 26, -29]
------------------------------
ALIVE
Head: (18 24)
Body: (18 24) (18 23) (17 23) (17 22) (17 21) (16 21) (15 21) (14 21) 
Length: 8, 4
Vision: 3
Hungry, suplies: 10/10
Reproductive: 16, mutating: 0.25
Generation: 47062
####################################
Wall (up, right, down, left):
[1, -1, 11, -16] [0, 0, 10, -1] [-37, 3, 8, -19] [3, 2, 18, 2] [-14, 7, 25, 1] [18, -2, -7, -3] [5, -13, -9, -17]
[-38, -25, 12, -29] [1, 8, -10, -9] [-39, -4, 5, -2] [-32, 6, 16, 18] [42, 16, 3, -10] [-24, -24, 3, 3] [-15, 2, -2, 7]
[-12, 3, 18, 13] [4, 24, -10, -3] [-9, 0, 45, -16] [-81, 20, 52, 15] [-41, -47, -20, 36] [-17, -17, 7, 2] [-35, -18, -19, 4]
[-3, 47, -5, -37] [8, 1, 27, -18] [-9, 47, 4, -101] [0, 0, 0, 0] [43, -105, 30, 8] [27, -3, -4, 13] [-3, -5, 20, 3]
[-14, -23, 2, -3] [11, -1, -15, -7] [-10, -15, -55, -47] [56, 29, -112, 19] [10, -8, -24, 30] [-6, 13, 3, 29] [-35, -67, -10, 21]
[23, 31, 5, 2] [-16, -2, -14, 6] [30, -12, 20, -15] [-5, 15, -24, 4] [16, 2, -29, -4] [4, -4, -19, 0] [42, 1, 10, 10]
[-24, -12, 11, 7] [-8, -12, -45, -8] [-12, 4, 25, -4] [-3, 17, -45, -2] [40, 11, -10, 33] [44, -19, -41, 21] [-9, 19, 21, -1]
Food (up, right, down, left):
[13, 15, 9, 27] [-4, 24, 5, -16] [24, -23, 16, 8] [-17, -17, 53, 13] [-3, 5, 38, -15] [-12, -26, -19, -23] [-50, 20, 10, -11]
[-65, 5, -36, -30] [-6, 2, -32, 2] [8, 19, 19, 37] [-12, 21, -52, 20] [30, 7, -3, -49] [46, 7, -52, 28] [13, 2, 30, 24]
[-24, 4, 30, -46] [10, 8, -14, 23] [-61, -23, -24, 25] [40, -36, 31, 11] [-13, -8, -27, -23] [2, 18, -46, -26] [43, 25, 7, 22]
[11, 31, 4, 47] [-8, -6, -30, 43] [9, 3, -40, -17] [0, 0, 0, 0] [-12, 66, -37, -9] [3, -22, -29, -15] [-16, 49, -14, 21]
[-4, 17, -14, 16] [1, 27, 14, 34] [31, -13, 40, 15] [-5, -43, 11, -24] [9, -3, 18, -25] [3, 47, 22, 20] [-16, -19, 5, -12]
[0, -29, -6, 3] [12, 7, 13, -4] [5, 9, 5, 34] [-29, -24, 46, -29] [-44, -37, 8, -52] [-17, 55, 18, 16] [2, 36, 0, 31]
[8, 13, -28, -11] [1, -6, 9, -48] [20, 16, 10, -13] [-4, 11, 19, -41] [50, 33, -8, -15] [29, 36, 13, 2] [15, -13, 26, -29]
------------------------------
ALIVE
Head: (15 1)
Body: (15 1) (15 57) (15 56) (15 55) (14 55) (13 55) (12 55) (11 55) (10 55) (10 56) (9 56) (8 56) 
Length: 12, 4
Vision: 3
Hungry, suplies: 10/10
Reproductive: 16, mutating: 0.25
Generation: 47063
####################################
Wall (up, right, down, left):
[1, -1, 11, -16] [0, 0, 10, -1] [-37, 3, 8, -19] [3, 2, 18, 2] [-14, 7, 25, 1] [18, -2, -7, -3] [5, -13, -9, -17]
[-38, -25, 12, -29] [1, 8, -10, -9] [-39, -4, 5, -2] [-32, 6, 16, 18] [42, 16, 3, -10] [-24, -24, 3, 3] [-15, 2, -2, 7]
[-12, 3, 18, 13] [4, 24, -10, -3] [-9, 0, 45, -16] [-81, 20, 52, 15] [-41, -47, -20, 36] [-17, -17, 7, 2] [-35, -18, -19, 4]
[-3, 47, -5, -37] [8, 1, 27, -18] [-9, 47, 4, -101] [0, 0, 0, 0] [43, -105, 30, 8] [27, -3, -4, 13] [-3, -5, 20, 3]
[-14, -23, 2, -3] [11, -1, -15, -7] [-10, -15, -55, -47] [56, 29, -112, 19] [10, -8, -24, 30] [-6, 13, 3, 29] [-35, -67, -10, 21]
[23, 31, 5, 2] [-16, -2, -14, 6] [30, -12, 20, -15] [-5, 15, -24, 4] [16, 2, -29, -4] [4, -4, -19, 0] [42, 1, 10, 10]
[-24, -12, 11, 7] [-8, -12, -45, -8] [-12, 4, 25, -4] [-3, 17, -45, -2] [40, 11, -10, 33] [44, -19, -41, 21] [-9, 19, 21, -1]
Food (up, right, down, left):
[13, 15, 9, 27] [-4, 24, 5, -16] [24, -23, 16, 8] [-17, -17, 53, 13] [-3, 5, 38, -15] [-12, -26, -19, -23] [-50, 20, 10, -11]
[-65, 5, -36, -30] [-6, 2, -32, 2] [8, 19, 19, 37] [-12, 21, -52, 20] [30, 7, -3, -49] [46, 7, -52, 28] [13, 2, 30, 24]
[-24, 4, 30, -46] [10, 8, -14, 23] [-61, -23, -24, 25] [40, -36, 31, 11] [-13, -8, -27, -23] [2, 18, -46, -26] [43, 25, 7, 22]
[11, 31, 4, 47] [-8, -6, -30, 43] [9, 3, -40, -17] [0, 0, 0, 0] [-12, 66, -37, -9] [3, -22, -29, -15] [-16, 49, -14, 21]
[-4, 17, -14, 16] [1, 27, 14, 34] [31, -13, 40, 15] [-5, -43, 11, -24] [9, -3, 18, -25] [3, 47, 22, 20] [-16, -19, 5, -12]
[0, -29, -6, 3] [12, 7, 13, -4] [5, 9, 5, 34] [-29, -24, 46, -29] [-44, -37, 8, -52] [-17, 55, 18, 16] [2, 36, 0, 31]
[8, 13, -28, -11] [1, -6, 9, -48] [20, 16, 10, -13] [-4, 11, 19, -41] [50, 33, -8, -15] [29, 36, 13, 2] [15, -13, 26, -29]
------------------------------
ALIVE
Head: (20 21)
Body: (20 21) (20 22) (21 22) (22 22) (23 22) (23 23) (23 24) (-1 24) (0 24) 
Length: 9, 4
Vision: 3
Hungry, suplies: 4/10
Reproductive: 16, mutating: 0.25
Generation: 47064
####################################
Wall (up, right, down, left):
[1, -1, 11, -16] [0, 0, 10, -1] [-37, 8, 8, -19] [3, 2, 18, 2] [-14, 7, 25, 1] [18, -2, -7, -3] [5, -13, -8, -17]
[-38, -25, 12, -29] [1, 8, -10, -9] [-39, -4, 5, -2] [-32, 6, 16, 18] [40, 16, 3, -10] [-24, -24, 3, 3] [-15, 2, -2, 7]
[-12, 3, 18, 13] [4, 24, -10, -5] [-9, 0, 45, -16] [-81, 20, 52, 15] [-41, -47, -20, 36] [-17, -17, 7, 2] [-35, -18, -19, 4]
[-3, 47, -5, -37] [11, 1, 27, -18] [-9, 47, 4, -101] [0, 0, 0, 0] [43, -107, 30, 8] [27, -3, -4, 13] [-3, -5, 20, 3]
[-14, -23, 2, -3] [14, -1, -15, -7] [-10, -15, -55, -43] [56, 29, -112, 19] [10, -8, -24, 30] [-6, 13, 3, 29] [-35, -67, -10, 21]
[23, 31, 5, 2] [-16, -2, -14, 6] [30, -12, 20, -15] [-5, 15, -24, 4] [13, 2, -29, -4] [4, -4, -19, 0] [42, 1, 10, 10]
[-24, -12, 11, 7] [-8, -12, -45, -8] [-12, 4, 25, -4] [-3, 17, -45, -2] [40, 11, -10, 33] [44, -19, -41, 21] [-9, 19, 21, -1]
Food (up, right, down, left):
[13, 15, 9, 27] [-4, 24, 5, -16] [24, -23, 16, 8] [-17, -17, 53, 13] [-3, 5, 38, -15] [-12, -26, -19, -23] [-50, 21, 10, -11]
[-65, 5, -36, -30] [-6, 2, -32, 2] [8, 19, 19, 37] [-12, 21, -52, 20] [30, 12, -3, -49] [46, 7, -52, 28] [13, 2, 30, 24]
[-24, 4, 30, -46] [10, 8, -14, 22] [-61, -23, -24, 25] [40, -36, 31, 11] [-13, -8, -27, -23] [2, 18, -46, -26] [43, 25, 7, 22]
[11, 31, 4, 47] [-8, -6, -30, 39] [9, 3, -40, -17] [0, 0, 0, 0] [-12, 63, -37, -9] [3, -23, -29, -15] [-16, 49, -14, 21]
[-4, 17, -14, 16] [6, 27, 14, 34] [26, -15, 40, 15] [-5, -43, 11, -24] [9, -3, 18, -25] [3, 47, 22, 20] [-16, -19, 5, -12]
[0, -29, -6, 3] [12, 7, 13, -4] [5, 9, 5, 34] [-29, -24, 46, -29] [-44, -36, 8, -52] [-17, 55, 18, 16] [2, 36, 0, 31]
[8, 13, -28, -11] [1, -6, 9, -48] [20, 16, 10, -13] [-4, 11, 19, -41] [50, 33, -8, -15] [29, 36, 13, 2] [15, -13, 26, -29]
------------------------------
ALIVE
Head: (10 39)
Body: (10 39) (9 39) (9 38) (8 38) (7 38) (7 37) (6 37) (5 37) (5 36) (5 35) (5 34) (5 33) 
Length: 12, 4
Vision: 3
Hungry, suplies: 9/10
Reproductive: 16, mutating: 0.25
Generation: 47059
####################################
Wall (up, right, down, left):
[1, -1, 11, -16] [0, 0, 10, -1] [-37, 3, 8, -19] [3, 2, 18, 2] [-14, 7, 25, 1] [18, -2, -7, -3] [5, -13, -9, -17]
[-38, -25, 12, -29] [1, 8, -10, -9] [-39, -4, 5, -2] [-32, 6, 16, 18] [42, 16, 3, -10] [-24, -24, 3, 3] [-15, 2, -2, 7]
[-12, 3, 18, 13] [4, 24, -10, -3] [-9, 0, 45, -16] [-81, 20, 52, 15] [-41, -47, -20, 36] [-17, -17, 7, 2] [-35, -18, -19, 4]
[-3, 47, -5, -37] [8, 1, 27, -18] [-9, 47, 4, -101] [0, 0, 0, 0] [43, -105, 30, 8] [27, -3, -4, 13] [-3, -5, 20, 3]
[-14, -23, 2, -3] [11, -1, -15, -7] [-10, -15, -55, -43] [56, 29, -112, 19] [10, -8, -24, 30] [-6, 13, -2, 29] [-35, -67, -10, 21]
[23, 31, 5, 2] [-16, -2, -14, 6] [30, -12, 20, -15] [-5, 15, -24, 4] [16, 2, -29, -4] [4, -4, -19, 0] [42, 1, 10, 10]
[-24, -12, 11, 7] [-8, -12, -45, -8] [-12, 4, 25, -4] [-3, 17, -45, -2] [40, 11, -10, 33] [44, -19, -41, 21] [-9, 19, 21, -1]
Food (up, right, down, left):
[13, 15, 9, 27] [-4, 24, 5, -16] [24, -23, 16, 8] [-17, -17, 53, 13] [-3, 5, 38, -15] [-12, -26, -19, -23] [-50, 20, 10, -11]
[-65, 5, -36, -30] [-6, 2, -32, 2] [8, 19, 19, 37] [-12, 21, -52, 20] [30, 7, -3, -49] [46, 7, -52, 28] [13, 2, 30, 24]
[-24, 4, 30, -46] [10, 8, -14, 23] [-61, -23, -24, 25] [40, -36, 31, 11] [-13, -8, -27, -23] [2, 18, -46, -26] [43, 25, 7, 22]
[11, 31, 4, 47] [-8, -6, -30, 43] [9, 3, -40, -17] [0, 0, 0, 0] [-12, 66, -37, -9] [3, -22, -29, -15] [-16, 49, -14, 21]
[-4, 17, -14, 16] [1, 27, 14, 34] [26, -13, 40, 15] [-5, -43, 11, -24] [9, -3, 18, -25] [-2, 47, 22, 20] [-16, -19, 5, -12]
[0, -29, -6, 3] [12, 7, 13, -4] [5, 9, 5, 34] [-29, -24, 46, -29] [-44, -37, 8, -52] [-17, 55, 18, 16] [2, 36, 0, 31]
[8, 13, -28, -11] [1, -6, 9, -48] [20, 16, 10, -13] [-4, 11, 19, -41] [50, 33, -8, -15] [29, 36, 13, 2] [15, -13, 26, -29]
------------------------------
ALIVE
Head: (2 56)
Body: (2 56) (1 56) (1 55) (25 55) (24 55) (24 56) (23 56) (22 56) (21 56) (21 55) (20 55) (19 55) 
Length: 12, 4
Vision: 3
Hungry, suplies: 1/10
Reproductive: 16, mutating: 0.25
Generation: 47062
####################################
Wall (up, right, down, left):
[1, -1, 11, -16] [0, 0, 10, -1] [-37, 3, 8, -19] [3, 0, 18, 2] [-14, 7, 25, 1] [18, -2, -7, -3] [5, -13, -9, -17]
[-38, -25, 12, -29] [1, 8, -10, -8] [-39, -4, 10, -2] [-32, 6, 16, 18] [42, 16, 3, -10] [-24, -24, 3, 3] [-15, 2, -2, 7]
[-12, 3, 18, 13] [4, 24, -10, -3] [-9, 0, 45, -16] [-81, 20, 53, 10] [-41, -47, -20, 36] [-17, -17, 7, 2] [-35, -18, -19, 4]
[-3, 47, -5, -37] [11, 1, 27, -19] [-9, 47, 4, -101] [0, 0, 0, 0] [43, -107, 30, 8] [27, -3, -4, 13] [-3, -5, 20, 3]
[-14, -23, 2, -3] [14, -1, -15, -7] [-10, -15, -55, -43] [56, 29, -112, 19] [10, -8, -24, 30] [-6, 13, 3, 29] [-35, -67, -10, 21]
[23, 31, 5, 2] [-16, -2, -14, 6] [30, -12, 20, -15] [-5, 15, -24, 4] [13, 2, -29, -4] [4, -4, -19, 0] [42, 1, 10, 10]
[-24, -12, 11, 7] [-8, -12, -45, -3] [-12, 4, 25, -4] [-3, 17, -45, -2] [40, 11, -10, 33] [44, -19, -41, 21] [-9, 19, 21, -1]
Food (up, right, down, left):
[13, 15, 9, 27] [-4, 24, 5, -16] [24, -23, 16, 8] [-17, -17, 53, 10] [-3, 5, 38, -15] [-12, -26, -19, -23] [-50, 20, 10, -11]
[-65, 5, -36, -30] [-8, 2, -32, 2] [8, 21, 19, 37] [-12, 21, -52, 20] [30, 7, -3, -49] [46, 7, -52, 28] [13, 2, 30, 24]
[-24, 4, 30, -46] [10, 8, -14, 23] [-61, -23, -24, 25] [40, -36, 29, 13] [-13, -8, -27, -23] [2, 18, -46, -26] [43, 25, 7, 22]
[11, 31, 4, 47] [-8, -6, -30, 37] [9, 3, -40, -17] [0, 0, 0, 0] [-12, 63, -37, -9] [3, -22, -29, -15] [-16, 49, -14, 21]
[-4, 17, -14, 16] [6, 27, 14, 34] [26, -13, 40, 15] [-5, -43, 11, -24] [9, -3, 18, -25] [3, 47, 22, 20] [-16, -19, 5, -12]
[0, -29, -6, 3] [12, 7, 13, -4] [5, 9, 5, 34] [-29, -24, 46, -29] [-44, -36, 8, -52] [-17, 55, 18, 16] [2, 36, 0, 31]
[8, 13, -28, -11] [1, -1, 9, -48] [20, 16, 10, -13] [-4, 11, 19, -41] [50, 33, -8, -15] [29, 36, 13, 2] [15, -13, 26, -29]
------------------------------
ALIVE
Head: (16 26)
Body: (16 26) (16 25) (16 24) (16 23) (15 23) (14 23) 
Length: 6, 4
Vision: 3
Hungry, suplies: 10/10
Reproductive: 16, mutating: 0.25
Generation: 47060
####################################
Wall (up, right, down, left):
[1, -1, 11, -16] [0, 0, 10, -1] [-37, 3, 8, -19] [3, 2, 18, 2] [-14, 7, 25, 1] [18, -2, -7, -3] [5, -13, -9, -17]
[-38, -25, 12, -29] [1, 8, -10, -9] [-39, -4, 5, -2] [-32, 6, 16, 18] [42, 16, 3, -10] [-24, -24, 3, 3] [-15, 2, -2, 7]
[-12, 3, 18, 13] [4, 24, -10, -6] [-9, 0, 45, -16] [-81, 20, 52, 15] [-41, -47, -20, 36] [-17, -17, 7, 2] [-35, -18, -19, 4]
[-3, 47, -5, -37] [11, 1, 27, -18] [-6, 47, 4, -101] [0, 0, 0, 0] [43, -107, 30, 8] [27, -3, -4, 13] [-3, -5, 20, 3]
[-14, -23, 2, -3] [14, -1, -15, -7] [-10, -15, -55, -43] [56, 29, -112, 19] [10, -8, -24, 30] [-6, 13, 3, 29] [-35, -67, -10, 21]
[23, 31, 3, 2] [-16, -2, -14, 6] [30, -12, 20, -15] [-5, 18, -24, 4] [13, 2, -29, -4] [4, -4, -19, 0] [42, 1, 10, 10]
[-24, -12, 11, 7] [-8, -12, -45, -3] [-12, 4, 25, -4] [-3, 17, -45, -2] [40, 11, -10, 33] [44, -19, -41, 21] [-9, 19, 21, -1]
Food (up, right, down, left):
[13, 15, 9, 27] [-4, 24, 5, -16] [24, -23, 16, 8] [-17, -17, 53, 13] [-3, 5, 38, -15] [-12, -26, -19, -23] [-50, 20, 10, -11]
[-65, 5, -36, -30] [-6, 2, -32, 2] [8, 19, 19, 37] [-12, 21, -52, 20] [30, 7, -3, -49] [46, 7, -52, 28] [13, 2, 30, 24]
[-24, 4, 30, -46] [14, 8, -14, 23] [-61, -23, -24, 25] [40, -36, 31, 11] [-13, -8, -27, -23] [2, 18, -46, -26] [43, 25, 7, 22]
[11, 31, 4, 47] [-8, -6, -30, 39] [9, 3, -42, -17] [0, 0, 0, 0] [-12, 63, -37, -9] [3, -22, -29, -15] [-16, 49, -14, 21]
[-4, 17, -14, 16] [6, 27, 14, 34] [26, -13, 40, 15] [-5, -43, 11, -24] [9, -3, 18, -25] [3, 47, 22, 20] [-16, -19, 5, -12]
[0, -29, -6, -2] [12, 7, 13, -4] [5, 9, 5, 34] [-29, -24, 46, -34] [-44, -36, 8, -52] [-17, 55, 18, 16] [2, 36, 0, 31]
[8, 13, -28, -11] [1, -1, 9, -48] [20, 16, 10, -13] [-4, 11, 19, -41] [50, 33, -8, -15] [29, 36, 13, 2] [15, -13, 26, -29]
------------------------------
ALIVE
Head: (8 19)
Body: (8 19) (9 19) (9 20) (9 21) (8 21) (8 22) (8 23) (7 23) (6 23) (5 23) (4 23) (3 23) (3 22) (2 22) 
Length: 14, 4
Vision: 3
Hungry, suplies: 4/10
Reproductive: 16, mutating: 0.25
Generation: 47061
####################################
Wall (up, right, down, left):
[1, -1, 11, -16] [0, 0, 10, -1] [-37, 3, 8, -19] [3, 2, 18, 2] [-14, 7, 25, 1] [18, -2, -7, -3] [5, -13, -9, -17]
[-38, -25, 12, -29] [1, 8, -10, -9] [-39, -4, 5, -2] [-32, 6, 16, 18] [42, 16, 3, -10] [-24, -24, 3, 3] [-15, 2, -2, 7]
[-12, 3, 18, 13] [4, 24, -10, -3] [-9, 0, 45, -16] [-81, 20, 52, 15] [-41, -47, -20, 36] [-17, -17, 7, 2] [-35, -18, -19, 4]
[-3, 47, -5, -37] [8, 1, 27, -18] [-9, 47, 4, -101] [0, 0, 0, 0] [43, -105, 30, 8] [27, -3, -4, 13] [-3, -5, 20, 3]
[-14, -23, 2, -3] [11, -1, -15, -7] [-10, -15, -55, -47] [56, 29, -112, 19] [10, -8, -24, 30] [-6, 13, 3, 29] [-35, -67, -10, 21]
[23, 31, 5, 2] [-16, -2, -14, 6] [30, -12, 20, -15] [-5, 15, -24, 4] [16, 2, -29, -4] [4, -4, -19, 0] [42, 1, 10, 10]
[-24, -12, 11, 7] [-8, -12, -45, -8] [-12, 4, 25, -4] [-3, 17, -45, -2] [40, 11, -10, 33] [44, -19, -41, 21] [-9, 19, 21, -1]
Food (up, right, down, left):
[13, 15, 9, 27] [-4, 24, 5, -16] [24, -23, 16, 8] [-17, -17, 53, 13] [-3, 5, 38, -15] [-12, -26, -19, -23] [-50, 20, 10, -11]
[-65, 5, -36, -30] [-6, 2, -32, 2] [8, 19, 19, 37] [-12, 21, -52, 20] [30, 7, -3, -49] [46, 7, -52, 28] [13, 2, 30, 24]
[-24, 4, 30, -46] [10, 8, -14, 23] [-61, -23, -24, 25] [40, -36, 31, 11] [-13, -8, -27, -23] [2, 18, -46, -26] [43, 25, 7, 22]
[11, 31, 4, 47] [-8, -6, -30, 43] [9, 3, -40, -17] [0, 0, 0, 0] [-12, 66, -37, -9] [3, -22, -29, -15] [-16, 49, -14, 21]
[-4, 17, -14, 16] [1, 27, 14, 34] [31, -13, 40, 15] [-5, -43, 11, -24] [9, -3, 18, -25] [3, 47, 22, 20] [-16, -19, 5, -12]
[0, -29, -6, 3] [12, 7, 13, -4] [5, 9, 5, 34] [-29, -24, 46, -29] [-44, -37, 8, -52] [-17, 55, 18, 16] [2, 36, 0, 31]
[8, 13, -28, -11] [1, -6, 9, -48] [20, 16, 10, -13] [-4, 11, 19, -41] [50, 33, -8, -15] [29, 36, 13, 2] [15, -13, 26, -29]
------------------------------
ALIVE
Head: (22 41)
Body: (22 41) (21 41) (20 41) (20 40) (20 39) (19 39) (18 39) (17 39) (16 39) (16 38) 
Length: 10, 4
Vision: 3
Hungry, suplies: 6/10
Reproductive: 16, mutating: 0.25
Generation: 47065
####################################
Wall (up, right, down, left):
[1, -1, 11, -16] [0, 0, 10, -1] [-37, 8, 8, -19] [3, 2, 18, 2] [-14, 7, 25, 1] [18, -2, -7, -3] [5, -13, -8, -17]
[-38, -25, 12, -29] [1, 8, -10, -9] [-39, -4, 5, -2] [-32, 6, 16, 18] [40, 16, 3, -10] [-24, -24, 3, 3] [-15, 2, -2, 7]
[-12, 3, 18, 13] [4, 24, -10, -5] [-9, 0, 45, -16] [-81, 20, 52, 15] [-41, -47, -20, 36] [-17, -17, 7, 2] [-35, -18, -19, 4]
[-3, 47, -5, -37] [11, 1, 27, -18] [-9, 47, 4, -101] [0, 0, 0, 0] [43, -107, 30, 8] [27, -3, -4, 13] [-3, -5, 20, 3]
[-14, -23, 2, -3] [14, -1, -15, -7] [-10, -15, -55, -43] [56, 29, -112, 19] [10, -8, -24, 30] [-6, 13, 3, 29] [-35, -67, -10, 21]
[23, 31, 5, 2] [-16, -2, -14, 6] [30, -12, 20, -15] [-5, 15, -24, 4] [13, 2, -29, -4] [4, -4, -19, 0] [42, 1, 10, 10]
[-24, -12, 11, 7] [-8, -12, -45, -8] [-12, 4, 25, -4] [-3, 17, -45, -2] [40, 11, -10, 33] [44, -19, -41, 21] [-9, 19, 21, -1]
Food (up, right, down, left):
[13, 15, 9, 27] [-4, 24, 5, -16] [24, -23, 16, 8] [-17, -17, 53, 13] [-3, 5, 38, -15] [-12, -26, -19, -23] [-50, 21, 10, -11]
[-65, 5, -36, -30] [-6, 2, -32, 2] [8, 19, 19, 37] [-12, 21, -52, 20] [30, 12, -3, -49] [46, 7, -52, 28] [13, 2, 30, 24]
[-24, 4, 30, -46] [10, 8, -14, 22] [-61, -23, -24, 25] [40, -36, 31, 11] [-13, -8, -27, -23] [2, 18, -46, -26] [43, 25, 7, 22]
[11, 31, 4, 47] [-8, -6, -30, 39] [9, 3, -40, -17] [0, 0, 0, 0] [-12, 63, -37, -9] [3, -23, -29, -15] [-16, 49, -14, 21]
[-4, 17, -14, 16] [6, 27, 14, 34] [26, -13, 40, 15] [-5, -43, 11, -24] [9, -3, 18, -25] [3, 47, 22, 20] [-16, -19, 5, -12]
[0, -29, -6, 3] [12, 7, 13, -4] [5, 9, 5, 34] [-29, -24, 46, -29] [-44, -36, 8, -52] [-17, 55, 18, 16] [2, 36, 0, 31]
[8, 13, -28, -11] [1, -6, 9, -48] [20, 16, 10, -13] [-4, 11, 19, -41] [50, 33, -8, -15] [29, 36, 13, 2] [15, -13, 26, -29]
------------------------------
ALIVE
Head: (16 41)
Body: (16 41) (17 41) (17 42) (17 43) (17 44) (18 44) (18 43) (19 43) (19 42) 
Length: 9, 4
Vision: 3
Hungry, suplies: 5/10
Reproductive: 16, mutating: 0.25
Generation: 47058
####################################
Wall (up, right, down, left):
[1, -1, 11, -16] [0, 0, 8, -1] [-37, 3, 8, -19] [3, 2, 18, 2] [-14, 7, 25, 1] [18, -2, -7, -3] [5, -13, -9, -17]
[-38, -25, 12, -29] [1, 8, -10, -9] [-39, -4, 5, -2] [-32, 6, 16, 18] [42, 16, 3, -10] [-24, -24, 3, 3] [-15, 2, -2, 7]
[-12, 3, 18, 13] [4, 24, -10, -3] [-9, 0, 45, -16] [-81, 20, 52, 15] [-41, -47, -20, 36] [-17, -17, 7, 2] [-35, -18, -19, 4]
[-3, 47, -5, -37] [8, 1, 27, -18] [-9, 45, 4, -101] [0, 0, 0, 0] [43, -107, 30, 8] [27, -3, -4, 13] [-3, -5, 20, 3]
[-14, -23, 2, -3] [11, -1, -15, -7] [-10, -15, -55, -43] [56, 29, -112, 19] [10, -8, -25, 30] [-6, 13, 3, 29] [-35, -67, -10, 21]
[23, 31, 5, 2] [-16, -2, -14, 6] [30, -12, 20, -15] [-5, 15, -24, 4] [16, 2, -29, -4] [4, -4, -19, 0] [42, 1, 10, 10]
[-23, -12, 11, 7] [-8, -12, -45, -8] [-12, 4, 25, -4] [-3, 17, -45, -2] [40, 11, -10, 33] [44, -19, -41, 21] [-9, 19, 21, -1]
Food (up, right, down, left):
[13, 15, 9, 27] [-4, 24, 2, -16] [24, -23, 16, 8] [-17, -17, 53, 13] [-3, 5, 38, -15] [-12, -26, -19, -23] [-50, 20, 10, -11]
[-65, 5, -36, -30] [-6, 2, -32, 2] [8, 19, 19, 37] [-12, 21, -52, 20] [30, 7, -3, -49] [46, 7, -52, 28] [13, 2, 30, 24]
[-24, 4, 30, -46] [10, 8, -14, 23] [-61, -23, -24, 25] [40, -36, 31, 11] [-13, -8, -27, -23] [2, 18, -46, -26] [43, 25, 7, 22]
[11, 31, 4, 47] [-8, -6, -30, 43] [9, 3, -40, -12] [0, 0, 0, 0] [-12, 63, -37, -9] [3, -22, -29, -15] [-16, 49, -14, 21]
[-4, 17, -14, 16] [1, 27, 14, 34] [26, -13, 40, 15] [-5, -43, 11, -24] [9, -8, 18, -25] [3, 47, 22, 20] [-16, -19, 5, -12]
[0, -29, -6, 3] [12, 7, 13, -4] [5, 9, 5, 34] [-29, -24, 46, -29] [-44, -37, 8, -52] [-17, 55, 18, 16] [2, 36, 0, 31]
[8, 13, -28, -15] [1, -6, 9, -48] [20, 16, 10, -13] [-4, 11, 19, -41] [50, 33, -8, -15] [29, 36, 13, 2] [15, -13, 26, -29]
------------------------------
ALIVE
Head: (12 16)
Body: (12 16) (11 16) (10 16) (9 16) (9 15) (8 15) (7 15) (7 14) (7 13) (6 13) (5 13) (5 12) (5 11) 
Length: 13, 4
Vision: 3
Hungry, suplies: 7/10
Reproductive: 16, mutating: 0.25
Generation: 47061
####################################
Wall (up, right, down, left):
[1, -1, 11, -16] [0, 0, 10, -1] [-37, 3, 8, -19] [3, 2, 18, 2] [-14, 7, 25, 1] [18, -2, -7, -3] [5, -13, -9, -17]
[-38, -25, 12, -29] [1, 8, -10, -9] [-39, -4, 5, -2] [-32, 6, 16, 18] [42, 16, 3, -10] [-24, -24, 3, 3] [-15, 2, -2, 7]
[-13, 3, 18, 13] [4, 24, -10, -3] [-9, 0, 45, -16] [-81, 20, 52, 15] [-41, -47, -20, 36] [-17, -17, 7, 2] [-35, -18, -19, 4]
[-3, 47, -5, -37] [8, 1, 27, -18] [-9, 47, 4, -101] [0, 0, 0, 0] [43, -105, 30, 8] [27, -3, -4, 13] [-3, -5, 20, 3]
[-14, -23, 2, -3] [11, -1, -15, -7] [-10, -15, -55, -47] [56, 29, -112, 19] [10, -8, -24, 30] [-6, 13, 3, 29] [-35, -67, -10, 21]
[23, 31, 5, 2] [-16, -2, -14, 6] [30, -12, 20, -15] [-5, 15, -24, 4] [16, 2, -29, -4] [4, -4, -19, 0] [42, 1, 10, 10]
[-24, -12, 11, 7] [-8, -12, -45, -8] [-12, 4, 25, -4] [-3, 17, -45, -2] [40, 11, -10, 33] [44, -19, -41, 21] [-9, 19, 21, -1]
Food (up, right, down, left):
[13, 15, 9, 27] [-4, 24, 5, -16] [24, -23, 16, 8] [-17, -17, 53, 13] [-3, 5, 38, -15] [-12, -26, -19, -23] [-50, 20, 10, -11]
[-65, 5, -36, -30] [-6, 2, -32, 2] [8, 19, 19, 37] [-12, 21, -52, 20] [30, 7, -3, -49] [46, 7, -52, 28] [13, 2, 30, 24]
[-23, 4, 30, -46] [10, 8, -14, 23] [-61, -23, -24, 25] [40, -36, 31, 11] [-13, -8, -27, -23] [2, 18, -46, -26] [43, 25, 7, 22]
[11, 31, 4, 47] [-8, -6, -30, 43] [9, 3, -40, -17] [0, 0, 0, 0] [-12, 66, -37, -9] [3, -22, -29, -15] [-16, 49, -14, 21]
[-4, 17, -14, 16] [1, 27, 14, 34] [31, -13, 40, 15] [-5, -43, 11, -24] [9, -3, 18, -25] [3, 47, 22, 20] [-16, -19, 5, -12]
[0, -29, -6, 3] [12, 7, 13, -4] [5, 9, 5, 34] [-29, -24, 46, -29] [-44, -37, 8, -52] [-17, 55, 18, 16] [2, 36, 0, 31]
[8, 13, -28, -11] [1, -6, 9, -48] [20, 16, 10, -13] [-4, 11, 19, -41] [50, 33, -8, -15] [29, 36, 13, 2] [15, -13, 26, -29]
------------------------------
ALIVE
Head: (6 8)
Body: (6 8) (6 7) (6 6) (6 5) (6 4) (6 3) (6 2) (6 1) (6 57) (6 56) (6 55) (6 54) 
Length: 12, 4
Vision: 3
Hungry, suplies: 10/10
Reproductive: 16, mutating: 0.25
Generation: 47064
####################################
Wall (up, right, down, left):
[1, -1, 11, -16] [0, 0, 10, -1] [-37, 8, 8, -19] [3, 2, 18, 2] [-14, 7, 25, 1] [18, -2, -7, -3] [5, -13, -8, -17]
[-38, -25, 12, -29] [1, 8, -10, -9] [-39, -4, 5, -2] [-32, 6, 16, 18] [40, 16, 3, -10] [-24, -24, 3, 3] [-15, 2, -2, 7]
[-12, 3, 18, 13] [4, 24, -10, -5] [-9, 0, 45, -16] [-81, 20, 52, 15] [-41, -47, -20, 36] [-17, -17, 7, 2] [-35, -18, -19, 4]
[-3, 47, -5, -37] [11, 1, 27, -18] [-9, 47, 4, -101] [0, 0, 0, 0] [43, -107, 30, 8] [27, -3, -4, 13] [-3, -5, 20, 3]
[-14, -23, 2, -3] [14, -1, -15, -7] [-10, -15, -55, -43] [56, 29, -112, 19] [10, -8, -24, 30] [-6, 13, 3, 29] [-35, -67, -10, 21]
[23, 31, 5, 2] [-16, -2, -14, 6] [30, -12, 20, -15] [-5, 15, -24, 4] [13, 2, -29, -4] [4, -4, -19, 0] [42, 1, 10, 10]
[-24, -12, 11, 7] [-8, -12, -45, -8] [-12, 4, 25, -4] [-3, 17, -45, -2] [40, 11, -10, 33] [44, -19, -41, 21] [-9, 19, 21, -1]
Food (up, right, down, left):
[13, 15, 9, 27] [-4, 24, 5, -16] [24, -23, 16, 8] [-17, -17, 53, 13] [-3, 5, 38, -15] [-12, -26, -19, -23] [-50, 21, 10, -11]
[-65, 5, -36, -30] [-6, 2, -32, 2] [8, 19, 19, 37] [-12, 21, -52, 20] [30, 12, -3, -49] [46, 7, -52, 28] [13, 2, 30, 24]
[-24, 4, 30, -46] [10, 8, -14, 22] [-61, -23, -24, 25] [40, -36, 31, 11] [-13, -8, -27, -23] [2, 18, -46, -26] [43, 25, 7, 22]
[11, 31, 4, 47] [-8, -6, -30, 39] [9, 3, -40, -17] [0, 0, 0, 0] [-12, 63, -37, -9] [3, -23, -29, -15] [-16, 49, -14, 21]
[-4, 17, -14, 16] [6, 27, 14, 34] [26, -13, 40, 15] [-5, -43, 11, -24] [9, -3, 18, -25] [3, 47, 22, 20] [-16, -19, 5, -12]
[0, -29, -6, 3] [12, 7, 13, -4] [5, 9, 5, 34] [-29, -24, 46, -29] [-44, -36, 8, -52] [-17, 55, 18, 16] [2, 36, 0, 31]
[8, 13, -28, -11] [1, -6, 9, -48] [20, 16, 10, -13] [-4, 11, 19, -41] [50, 33, -8, -15] [29, 36, 13, 2] [15, -13, 26, -29]
------------------------------
ALIVE
Head: (16 8)
Body: (16 8) (17 8) (18 8) (19 8) (20 8) (20 9) (21 9) 
Length: 7, 4
Vision: 3
Hungry, suplies: 7/10
Reproductive: 16, mutating: 0.25
Generation: 47059
####################################
Wall (up, right, down, left):
[1, -1, 11, -16] [0, 0, 10, -1] [-37, 3, 8, -19] [3, 0, 18, 2] [-14, 7, 25, 1] [18, -2, -7, -3] [5, -13, -9, -17]
[-38, -25, 12, -29] [1, 8, -10, -8] [-39, -4, 10, -2] [-32, 6, 16, 18] [42, 16, 3, -10] [-24, -24, 3, 3] [-15, 2, -2, 7]
[-12, 3, 18, 13] [4, 24, -10, -3] [-9, 0, 45, -16] [-81, 20, 53, 10] [-41, -47, -20, 36] [-17, -17, 7, 2] [-35, -18, -19, 4]
[-3, 47, -5, -37] [11, 1, 27, -19] [-9, 47, 4, -101] [0, 0, 0, 0] [43, -107, 30, 8] [27, -3, -4, 13] [-3, -5, 20, 3]
[-14, -23, 2, -3] [14, -1, -15, -7] [-10, -15, -55, -43] [56, 29, -112, 19] [10, -8, -24, 30] [-6, 13, 3, 29] [-35, -67, -10, 21]
[23, 31, 5, 2] [-16, -2, -14, 6] [30, -12, 20, -15] [-5, 15, -24, 4] [13, 2, -29, -4] [4, -4, -19, 0] [42, 1, 10, 10]
[-24, -12, 11, 7] [-8, -12, -45, -3] [-12, 4, 25, -4] [-3, 17, -45, -2] [40, 11, -10, 33] [44, -19, -41, 21] [-9, 19, 21, -1]
Food (up, right, down, left):
[13, 15, 9, 27] [-4, 24, 5, -16] [24, -23, 16, 8] [-17, -17, 53, 10] [-3, 5, 38, -15] [-12, -26, -19, -23] [-50, 20, 10, -11]
[-65, 5, -36, -30] [-8, 2, -32, 2] [8, 21, 19, 37] [-12, 21, -52, 20] [30, 7, -3, -49] [46, 7, -52, 28] [13, 2, 30, 24]
[-24, 4, 30, -46] [10, 8, -14, 23] [-61, -23, -24, 25] [40, -36, 29, 13] [-13, -8, -27, -23] [2, 18, -46, -26] [43, 25, 7, 22]
[11, 31, 4, 47] [-8, -6, -30, 37] [9, 3, -40, -17] [0, 0, 0, 0] [-12, 63, -37, -9] [3, -22, -29, -15] [-16, 49, -14, 21]
[-4, 17, -14, 16] [6, 27, 14, 34] [26, -13, 40, 15] [-5, -43, 11, -24] [9, -3, 18, -25] [3, 47, 22, 20] [-16, -19, 5, -12]
[0, -29, -6, 3] [12, 7, 13, -4] [5, 9, 5, 34] [-29, -24, 46, -29] [-44, -36, 8, -52] [-17, 55, 18, 16] [2, 36, 0, 31]
[8, 13, -28, -11] [1, -1, 9, -48] [20, 16, 10, -13] [-4, 11, 19, -41] [50, 33, -8, -15] [29, 36, 13, 2] [15, -13, 26, -29]
------------------------------
ALIVE
Head: (20 23)
Body: (20 23) (19 23) (19 22) (18 22) (18 21) (18 20) (18 19) (18 18) (19 18) (20 18) 
Length: 10, 4
Vision: 3
Hungry, suplies: 10/10
Reproductive: 16, mutating: 0.25
Generation: 47059
####################################
Wall (up, right, down, left):
[1, -1, 11, -16] [0, 0, 10, -1] [-37, 8, 8, -19] [3, 2, 18, 2] [-14, 7, 25, 1] [18, -2, -7, -3] [5, -13, -8, -17]
[-38, -25, 12, -29] [1, 8, -10, -9] [-39, -4, 5, -2] [-32, 6, 16, 18] [40, 16, 3, -10] [-24, -24, 3, 3] [-15, 2, -2, 7]
[-12, 3, 18, 13] [4, 24, -10, -5] [-9, 0, 45, -16] [-81, 20, 52, 15] [-41, -47, -20, 36] [-17, -17, 7, 2] [-35, -18, -19, 4]
[-3, 47, -5, -37] [11, 1, 27, -18] [-9, 47, 4, -101] [0, 0, 0, 0] [43, -107, 30, 8] [27, -3, -4, 13] [-3, -5, 20, 3]
[-14, -23, 2, -3] [14, -1, -15, -7] [-10, -15, -55, -43] [56, 29, -112, 19] [10, -8, -24, 30] [-6, 13, 3, 29] [-35, -67, -10, 21]
[23, 31, 5, 2] [-16, -2, -14, 6] [30, -12, 20, -15] [-5, 15, -24, 4] [13, 2, -29, -4] [4, -4, -19, 0] [42, 1, 10, 10]
[-24, -12, 11, 7] [-8, -12, -45, -8] [-12, 4, 25, -4] [-3, 17, -45, -2] [40, 11, -10, 33] [44, -19, -41, 21] [-9, 19, 21, -1]
Food (up, right, down, left):
[13, 15, 9, 27] [-4, 24, 5, -16] [24, -23, 16, 8] [-17, -17, 53, 13] [-3, 5, 38, -15] [-12, -26, -19, -23] [-50, 21, 10, -11]
[-65, 5, -36, -30] [-6, 2, -32, 2] [8, 19, 19, 37] [-12, 21, -52, 20] [30, 12, -3, -49] [46, 7, -52, 28] [13, 2, 30, 24]
[-24, 4, 30, -46] [10, 8, -14, 22] [-61, -23, -24, 25] [40, -36, 31, 11] [-13, -8, -27, -23] [2, 18, -46, -26] [43, 25, 7, 22]
[11, 31, 4, 47] [-8, -6, -30, 39] [9, 3, -40, -17] [0, 0, 0, 0] [-12, 63, -37, -9] [3, -23, -29, -15] [-16, 49, -14, 21]
[-4, 17, -14, 16] [6, 27, 14, 34] [26, -13, 40, 15] [-5, -43, 11, -24] [9, -3, 18, -25] [3, 47, 22, 20] [-16, -19, 5, -12]
[0, -29, -6, 3] [12, 7, 13, -4] [5, 9, 5, 34] [-29, -24, 46, -29] [-44, -36, 8, -52] [-17, 55, 18, 16] [2, 36, 0, 31]
[8, 13, -28, -11] [1, -6, 9, -48] [20, 16, 10, -13] [-4, 11, 19, -41] [50, 33, -8, -15] [29, 36, 13, 2] [15, -13, 26, -29]
------------------------------
ALIVE
Head: (11 37)
Body: (11 37) (11 36) (12 36) (12 35) (12 34) (11 34) (10 34) (9 34) (8 34) 
Length: 9, 4
Vision: 3
Hungry, suplies: 4/10
Reproductive: 16, mutating: 0.25
Generation: 47060
####################################
Wall (up, right, down, left):
[1, -1, 11, -16] [0, 0, 10, -1] [-37, 3, 8, -19] [3, 2, 18, 2] [-14, 7, 25, 1] [18, -2, -7, -3] [5, -13, -9, -17]
[-38, -25, 12, -29] [1, 8, -10, -9] [-39, -4, 5, -2] [-32, 6, 16, 18] [42, 16, 3, -10] [-24, -24, 3, 3] [-15, 2, -2, 7]
[-12, 3, 18, 13] [4, 24, -10, -3] [-9, 0, 45, -16] [-81, 20, 52, 15] [-41, -47, -20, 36] [-17, -17, 7, 2] [-35, -18, -19, 4]
[-3, 47, -5, -37] [8, 1, 27, -18] [-9, 47, 4, -101] [0, 0, 0, 0] [43, -105, 30, 8] [27, -3, -4, 13] [-3, -5, 20, 3]
[-14, -23, 2, -3] [11, -1, -15, -7] [-10, -15, -55, -47] [56, 29, -112, 19] [10, -8, -24, 30] [-6, 13, 3, 29] [-35, -67, -10, 21]
[23, 31, 5, 2] [-16, -2, -14, 6] [30, -12, 20, -15] [-5, 15, -24, 4] [16, 2, -29, -4] [4, -4, -19, 0] [42, 1, 10, 10]
[-24, -12, 11, 7] [-8, -12, -45, -8] [-12, 4, 25, -4] [-3, 17, -45, -2] [40, 11, -10, 33] [44, -19, -41, 21] [-9, 19, 21, -1]
Food (up, right, down, left):
[13, 15, 9, 27] [-4, 24, 5, -16] [24, -23, 16, 8] [-17, -17, 53, 13] [-3, 5, 38, -15] [-12, -26, -19, -23] [-50, 20, 10, -11]
[-65, 5, -36, -30] [-6, 2, -32, 2] [8, 19, 19, 37] [-12, 21, -52, 20] [30, 7, -3, -49] [46, 7, -52, 28] [13, 2, 30, 24]
[-24, 4, 30, -46] [10, 8, -14, 23] [-61, -23, -24, 25] [40, -36, 31, 11] [-13, -8, -27, -23] [2, 18, -46, -26] [43, 25, 7, 22]
[11, 31, 4, 47] [-8, -6, -30, 43] [9, 3, -40, -17] [0, 0, 0, 0] [-12, 66, -37, -9] [3, -22, -29, -15] [-16, 49, -14, 21]
[-4, 17, -14, 16] [1, 27, 14, 34] [31, -13, 40, 15] [-5, -43, 11, -24] [9, -3, 18, -25] [3, 47, 22, 20] [-16, -19, 5, -12]
[0, -29, -6, 3] [12, 7, 13, -4] [5, 9, 5, 34] [-29, -24, 46, -29] [-44, -37, 8, -52] [-17, 55, 18, 16] [2, 36, 0, 31]
[8, 13, -28, -11] [1, -6, 9, -48] [20, 16, 10, -13] [-4, 11, 19, -41] [50, 33, -8, -15] [29, 36, 13, 2] [15, -13, 26, -29]
------------------------------
ALIVE
Head: (0 30)
Body: (0 30) (1 30) (2 30) (3 30) (4 30) (4 31) (5 31) (6 31) (6 30) 
Length: 9, 4
Vision: 3
Hungry, suplies: 2/10
Reproductive: 16, mutating: 0.25
Generation: 47062
####################################
Wall (up, right, down, left):
[1, -1, 11, -16] [0, 0, 10, -1] [-37, 8, 8, -19] [3, 2, 18, 2] [-14, 7, 25, 1] [18, -2, -7, -3] [5, -13, -8, -17]
[-38, -25, 12, -29] [1, 8, -10, -9] [-39, -4, 5, -2] [-32, 6, 16, 18] [40, 16, 3, -10] [-24, -24, 3, 3] [-15, 2, -2, 7]
[-12, 3, 18, 13] [4, 24, -10, -5] [-9, 0, 45, -16] [-81, 20, 52, 15] [-41, -47, -20, 36] [-17, -17, 7, 2] [-35, -18, -19, 4]
[-3, 47, -5, -37] [11, 1, 27, -18] [-9, 47, 4, -101] [0, 0, 0, 0] [43, -107, 30, 8] [27, -3, -4, 13] [-3, -5, 20, 3]
[-14, -23, 2, -3] [14, -1, -15, -7] [-10, -15, -55, -43] [56, 29, -112, 19] [10, -8, -24, 30] [-6, 13, 3, 29] [-35, -67, -10, 21]
[23, 31, 5, 2] [-16, -2, -14, 6] [30, -12, 20, -15] [-5, 15, -24, 4] [13, 2, -29, -4] [4, -4, -19, 0] [42, 1, 10, 10]
[-24, -12, 11, 7] [-8, -12, -45, -8] [-12, 4, 25, -4] [-3, 17, -45, -2] [40, 11, -10, 33] [44, -19, -41, 21] [-9, 19, 21, -1]
Food (up, right, down, left):
[13, 15, 9, 27] [-4, 24, 5, -16] [24, -23, 16, 8] [-17, -17, 53, 13] [-3, 5, 38, -15] [-12, -26, -19, -23] [-50, 21, 10, -11]
[-65, 5, -36, -30] [-6, 2, -32, 2] [8, 19, 19, 37] [-12, 21, -52, 20] [30, 12, -3, -49] [46, 7, -52, 28] [13, 2, 30, 24]
[-24, 4, 30, -46] [10, 8, -14, 22] [-61, -23, -24, 25] [40, -36, 31, 11] [-13, -8, -27, -23] [2, 18, -46, -26] [43, 25, 7, 22]
[11, 31, 4, 47] [-8, -6, -30, 39] [9, 3, -40, -17] [0, 0, 0, 0] [-12, 63, -37, -9] [3, -23, -29, -15] [-16, 49, -14, 21]
[-4, 17, -14, 16] [6, 27, 14, 34] [26, -13, 40, 15] [-5, -43, 11, -24] [9, -3, 18, -25] [3, 47, 22, 20] [-16, -19, 5, -12]
[0, -29, -6, 3] [12, 7, 13, -4] [5, 9, 5, 34] [-29, -24, 46, -29] [-44, -36, 8, -52] [-17, 55, 18, 16] [2, 36, 0, 31]
[8, 13, -28, -11] [1, -6, 9, -48] [20, 16, 10, -13] [-4, 11, 19, -41] [50, 33, -8, -15] [29, 36, 13, 2] [15, -13, 26, -29]
------------------------------
ALIVE
Head: (7 9)
Body: (7 9) (7 8) (7 7) (7 6) (7 5) (7 4) (7 3) (7 2) (7 1) (7 0) (8 0) (9 0) (9 1) 
Length: 13, 4
Vision: 3
Hungry, suplies: 7/10
Reproductive: 16, mutating: 0.25
Generation: 47058
####################################
Wall (up, right, down, left):
[1, -1, 11, -16] [0, 0, 10, -1] [-37, 3, 8, -19] [3, 2, 18, 2] [-14, 7, 25, 1] [18, -2, -7, -3] [5, -13, -9, -17]
[-38, -25, 12, -29] [1, 8, -10, -9] [-39, -4, 5, -2] [-32, 6, 16, 18] [42, 16, 3, -10] [-24, -24, 3, 3] [-15, 2, -2, 7]
[-12, 3, 18, 13] [4, 24, -10, -3] [-9, 0, 45, -16] [-81, 20, 52, 15] [-41, -47, -20, 36] [-17, -17, 7, 2] [-35, -18, -19, 4]
[-3, 47, -5, -37] [8, 1, 27, -18] [-9, 47, 4, -101] [0, 0, 0, 0] [43, -107, 30, 8] [27, -3, -4, 13] [-3, -5, 20, 3]
[-14, -23, 2, -3] [11, -1, -15, -7] [-10, -15, -55, -43] [56, 29, -112, 19] [10, -8, -24, 30] [-6, 13, 3, 29] [-35, -67, -10, 21]
[23, 31, 5, 2] [-16, -2, -14, 6] [30, -12, 20, -15] [-5, 15, -24, 4] [16, 2, -29, -4] [4, -4, -19, 0] [42, 1, 10, 10]
[-24, -12, 11, 7] [-8, -12, -45, -8] [-12, 4, 25, -4] [-3, 17, -45, -2] [40, 11, -10, 33] [44, -19, -41, 18] [-9, 19, 21, -1]
Food (up, right, down, left):
[13, 15, 9, 27] [-4, 24, 5, -16] [24, -23, 16, 8] [-17, -17, 53, 13] [-3, 5, 38, -15] [-12, -26, -19, -23] [-50, 20, 10, -11]
[-65, 5, -36, -30] [-6, 2, -32, 2] [8, 19, 19, 37] [-12, 21, -52, 20] [30, 7, -3, -49] [46, 7, -52, 28] [13, 2, 30, 24]
[-24, 4, 30, -46] [10, 8, -14, 23] [-61, -23, -24, 25] [40, -36, 31, 11] [-13, -8, -27, -23] [2, 18, -46, -26] [43, 25, 7, 22]
[11, 31, 4, 47] [-8, -6, -30, 43] [9, 3, -40, -17] [0, 0, 0, 0] [-12, 63, -37, -9] [3, -22, -29, -15] [-16, 49, -14, 21]
[-4, 17, -14, 16] [1, 27, 14, 34] [26, -13, 40, 15] [-5, -43, 11, -24] [9, -3, 18, -25] [3, 47, 22, 20] [-16, -19, 5, -12]
[0, -29, -6, 3] [12, 7, 13, -4] [5, 9, 5, 34] [-29, -24, 46, -29] [-44, -37, 8, -52] [-17, 55, 18, 16] [2, 36, 0, 31]
[8, 13, -28, -11] [1, -6, 9, -48] [20, 16, 10, -13] [-4, 11, 19, -41] [50, 33, -8, -15] [29, 36, 16, 2] [15, -13, 26, -29]
------------------------------
ALIVE
Head: (17 7)
Body: (17 7) (18 7) (19 7) (20 7) (21 7) (22 7) (22 8) (23 8) (-1 8) 
Length: 9, 4
Vision: 3
Hungry, suplies: 3/10
Reproductive: 16, mutating: 0.25
Generation: 47061
####################################
Wall (up, right, down, left):
[1, -1, 11, -16] [0, 0, 8, -1] [-37, 3, 8, -19] [3, 2, 18, 2] [-14, 7, 25, 1] [18, -2, -7, -3] [5, -13, -9, -17]
[-38, -25, 12, -29] [1, 8, -10, -9] [-39, -4, 5, -2] [-32, 6, 16, 18] [42, 16, 3, -10] [-24, -24, 3, 3] [-15, 2, -2, 7]
[-12, 3, 18, 13] [4, 24, -10, -3] [-9, 0, 45, -16] [-81, 20, 52, 15] [-41, -47, -20, 36] [-17, -17, 7, 2] [-35, -18, -19, 4]
[-3, 47, -5, -37] [8, 1, 27, -18] [-9, 45, 4, -101] [0, 0, 0, 0] [43, -107, 30, 8] [27, -3, -4, 13] [-3, -5, 20, 3]
[-14, -23, 2, -3] [11, -1, -15, -7] [-10, -15, -55, -43] [56, 29, -112, 19] [10, -8, -25, 30] [-6, 13, 3, 29] [-35, -67, -10, 21]
[23, 31, 5, 2] [-16, -2, -14, 6] [30, -12, 20, -15] [-5, 15, -24, 4] [16, 2, -29, -4] [4, -4, -19, 0] [42, 1, 10, 10]
[-23, -12, 11, 7] [-8, -12, -45, -8] [-12, 4, 25, -4] [-3, 17, -45, -2] [40, 11, -10, 33] [44, -19, -41, 21] [-9, 19, 21, -1]
Food (up, right, down, left):
[13, 15, 9, 27] [-4, 24, 2, -16] [24, -23, 16, 8] [-17, -17, 53, 13] [-3, 5, 38, -15] [-12, -26, -19, -23] [-50, 20, 10, -11]
[-65, 5, -36, -30] [-6, 2, -32, 2] [8, 19, 19, 37] [-12, 21, -52, 20] [30, 7, -3, -49] [46, 7, -52, 28] [13, 2, 30, 24]
[-24, 4, 30, -46] [10, 8, -14, 23] [-61, -23, -24, 25] [40, -36, 31, 11] [-13, -8, -27, -23] [2, 18, -46, -26] [43, 25, 7, 22]
[11, 31, 4, 47] [-8, -6, -30, 43] [9, 3, -40, -12] [0, 0, 0, 0] [-12, 63, -37, -9] [3, -22, -29, -15] [-16, 49, -14, 21]
[-4, 17, -14, 16] [1, 27, 14, 34] [26, -13, 40, 15] [-5, -43, 11, -24] [9, -8, 18, -25] [3, 47, 22, 20] [-16, -19, 5, -12]
[0, -29, -6, 3] [12, 7, 13, -4] [5, 9, 5, 34] [-29, -24, 46, -29] [-44, -37, 8, -52] [-17, 55, 18, 16] [2, 36, 0, 31]
[8, 13, -28, -15] [1, -6, 9, -48] [20, 16, 10, -13] [-4, 11, 19, -41] [50, 33, -8, -15] [29, 36, 13, 2] [15, -13, 26, -29]
------------------------------
ALIVE
Head: (21 3)
Body: (21 3) (21 4) (20 4) (19 4) (19 3) (18 3) (17 3) (16 3) (15 3) (14 3) (13 3) (12 3) 
Length: 12, 4
Vision: 3
Hungry, suplies: 3/10
Reproductive: 16, mutating: 0.25
Generation: 47063
####################################
Wall (up, right, down, left):
[1, -1, 11, -16] [0, 0, 10, -1] [-37, 8, 8, -19] [3, 2, 18, 2] [-14, 7, 25, 1] [18, -2, -7, -3] [5, -13, -8, -17]
[-38, -25, 12, -29] [1, 8, -10, -9] [-39, -4, 5, -2] [-32, 6, 16, 18] [40, 16, 3, -10] [-24, -24, 3, 3] [-15, 2, -2, 7]
[-12, 3, 18, 13] [4, 24, -10, -5] [-9, 0, 45, -16] [-81, 20, 52, 15] [-41, -47, -20, 36] [-17, -17, 7, 2] [-35, -18, -19, 4]
[-3, 47, -5, -37] [11, 1, 27, -18] [-9, 47, 4, -101] [0, 0, 0, 0] [43, -107, 30, 8] [27, -3, -4, 13] [-3, -5, 20, 3]
[-14, -23, 2, -3] [14, -1, -15, -7] [-10, -15, -55, -43] [56, 29, -112, 19] [10, -8, -24, 30] [-6, 13, 3, 29] [-35, -67, -10, 21]
[23, 31, 5, 2] [-16, -2, -14, 6] [30, -12, 20, -15] [-5, 15, -24, 4] [13, 2, -29, -4] [4, -4, -19, 0] [42, 1, 10, 10]
[-24, -12, 11, 7] [-8, -12, -45, -8] [-12, 4, 25, -4] [-3, 17, -45, -2] [40, 11, -10, 33] [44, -19, -41, 21] [-9, 19, 21, -1]
Food (up, right, down, left):
[13, 15, 9, 27] [-4, 24, 5, -16] [24, -23, 16, 8] [-17, -17, 53, 13] [-3, 5, 38, -15] [-12, -26, -19, -23] [-50, 21, 10, -11]
[-65, 5, -36, -30] [-6, 2, -32, 2] [8, 19, 19, 37] [-12, 21, -52, 20] [30, 12, -3, -49] [46, 7, -52, 28] [13, 2, 30, 24]
[-24, 4, 30, -46] [10, 8, -14, 22] [-61, -23, -24, 25] [40, -36, 31, 11] [-13, -8, -27, -23] [2, 18, -46, -26] [43, 25, 7, 22]
[11, 31, 4, 47] [-8, -6, -30, 39] [9, 3, -40, -17] [0, 0, 0, 0] [-12, 63, -37, -9] [3, -23, -29, -15] [-16, 49, -14, 21]
[-4, 17, -14, 16] [6, 27, 14, 34] [26, -15, 40, 15] [-5, -43, 11, -24] [9, -3, 18, -25] [3, 47, 22, 20] [-16, -19, 5, -12]
[0, -29, -6, 3] [12, 7, 13, -4] [5, 9, 5, 34] [-29, -24, 46, -29] [-44, -36, 8, -52] [-17, 55, 18, 16] [2, 36, 0, 31]
[8, 13, -28, -11] [1, -6, 9, -48] [20, 16, 10, -13] [-4, 11, 19, -41] [50, 33, -8, -15] [29, 36, 13, 2] [15, -13, 26, -29]
------------------------------
ALIVE
Head: (21 37)
Body: (21 37) (21 36) (20 36) (20 35) (19 35) (18 35) (18 34) (17 34) (16 34) (16 33) (16 32) 
Length: 11, 4
Vision: 3
Hungry, suplies: 10/10
Reproductive: 16, mutating: 0.25
Generation: 47060
####################################
Wall (up, right, down, left):
[1, -1, 11, -16] [0, 0, 8, -1] [-37, 3, 8, -19] [3, 2, 18, 2] [-14, 7, 25, 1] [18, -2, -7, -3] [5, -13, -9, -17]
[-38, -25, 12, -29] [1, 8, -10, -9] [-39, -4, 5, -2] [-32, 6, 16, 18] [42, 16, 3, -10] [-24, -24, 3, 3] [-15, 2, -2, 7]
[-12, 3, 18, 13] [4, 24, -10, -3] [-9, 0, 45, -16] [-81, 20, 52, 15] [-41, -47, -20, 36] [-17, -17, 7, 2] [-35, -18, -19, -1]
[-3, 47, -5, -37] [8, 1, 27, -18] [-9, 45, 4, -101] [0, 0, 0, 0] [43, -107, 30, 8] [27, -3, -4, 13] [-3, -5, 20, 3]
[-14, -23, 2, -3] [11, -1, -15, -7] [-10, -15, -55, -43] [56, 29, -112, 19] [10, -8, -25, 30] [-6, 13, 3, 29] [-35, -67, -10, 21]
[23, 31, 5, 2] [-16, -2, -14, 6] [30, -12, 20, -15] [-5, 15, -24, 4] [16, 2, -29, -4] [4, -4, -19, 0] [42, 1, 10, 10]
[-23, -12, 11, 7] [-8, -12, -45, -8] [-12, 4, 25, -4] [-3, 17, -45, -2] [40, 11, -10, 33] [44, -19, -41, 21] [-9, 19, 21, -1]
Food (up, right, down, left):
[13, 15, 9, 27] [-4, 24, 2, -16] [24, -23, 16, 8] [-17, -17, 53, 13] [-3, 5, 38, -15] [-12, -26, -19, -23] [-50, 20, 10, -11]
[-65, 5, -36, -30] [-6, 2, -32, 2] [8, 19, 19, 37] [-12, 21, -52, 20] [30, 7, -3, -49] [46, 7, -52, 28] [13, 2, 30, 24]
[-24, 4, 30, -46] [10, 8, -14, 23] [-61, -23, -24, 25] [40, -36, 31, 11] [-13, -8, -27, -23] [2, 18, -46, -26] [43, 30, 7, 22]
[11, 31, 4, 47] [-8, -6, -30, 43] [9, 3, -40, -12] [0, 0, 0, 0] [-12, 63, -37, -9] [3, -22, -29, -15] [-16, 49, -14, 21]
[-4, 17, -14, 16] [1, 27, 14, 34] [26, -13, 40, 15] [-5, -43, 11, -24] [9, -8, 18, -25] [3, 47, 22, 20] [-16, -19, 5, -12]
[0, -29, -6, 3] [12, 7, 13, -4] [5, 9, 5, 34] [-29, -24, 46, -29] [-44, -37, 8, -52] [-17, 55, 18, 16] [2, 36, 0, 31]
[8, 13, -28, -15] [1, -6, 9, -48] [20, 16, 10, -13] [-4, 11, 19, -41] [50, 33, -8, -15] [29, 36, 13, 2] [15, -13, 26, -29]
------------------------------
ALIVE
Head: (24 35)
Body: (-1 35) (0 35) (0 36) (0 37) (0 38) (24 38) (23 38) (23 39) (24 39) 
Length: 9, 4
Vision: 3
Hungry, suplies: 6/10
Reproductive: 16, mutating: 0.25
Generation: 47063
####################################
Wall (up, right, down, left):
[1, -1, 11, -16] [0, 0, 8, -1] [-37, 3, 8, -19] [3, 2, 18, 2] [-14, 7, 25, 1] [18, -2, -7, -3] [5, -13, -9, -17]
[-38, -25, 12, -29] [1, 11, -10, -9] [-39, -4, 5, -2] [-32, 6, 16, 18] [42, 16, 3, -10] [-24, -24, 3, 3] [-15, 2, -2, 7]
[-12, 3, 18, 13] [4, 24, -10, -3] [-9, 0, 45, -16] [-81, 20, 52, 15] [-41, -47, -20, 36] [-17, -17, 7, 2] [-35, -18, -19, 4]
[-3, 47, -5, -37] [8, 1, 27, -18] [-9, 45, 4, -101] [0, 0, 0, 0] [43, -107, 30, 8] [27, -3, -4, 13] [-3, -5, 20, 3]
[-14, -23, 2, -3] [11, -1, -15, -7] [-10, -15, -55, -43] [56, 29, -112, 19] [10, -8, -25, 30] [-6, 13, 3, 29] [-35, -67, -10, 21]
[23, 35, 5, 2] [-16, -2, -14, 6] [30, -12, 20, -15] [-5, 15, -24, 4] [16, 2, -29, -4] [4, -4, -19, 0] [42, 1, 10, 10]
[-24, -12, 11, 7] [-8, -12, -45, -8] [-12, 4, 25, -4] [-3, 17, -45, -2] [40, 11, -10, 33] [44, -19, -41, 21] [-9, 19, 21, -1]
Food (up, right, down, left):
[13, 15, 9, 27] [-4, 24, 2, -16] [24, -23, 16, 8] [-17, -17, 53, 13] [-3, 5, 38, -15] [-12, -26, -19, -23] [-50, 20, 10, -11]
[-65, 5, -36, -30] [-6, -1, -32, 2] [8, 19, 19, 37] [-12, 21, -52, 20] [30, 7, -3, -49] [46, 7, -52, 28] [13, 2, 30, 24]
[-24, 4, 30, -46] [10, 8, -14, 23] [-61, -23, -24, 25] [40, -36, 31, 11] [-13, -8, -27, -23] [2, 18, -46, -26] [43, 25, 7, 22]
[11, 31, 4, 47] [-8, -6, -30, 43] [9, 3, -40, -12] [0, 0, 0, 0] [-12, 63, -37, -9] [3, -22, -29, -15] [-16, 49, -14, 21]
[-4, 17, -14, 16] [1, 27, 14, 34] [26, -13, 40, 15] [-5, -43, 11, -24] [9, -8, 18, -25] [3, 47, 22, 20] [-16, -19, 5, -12]
[0, -30, -6, 3] [12, 7, 13, -4] [5, 9, 5, 34] [-29, -24, 46, -29] [-44, -37, 8, -52] [-17, 55, 18, 16] [2, 36, 0, 31]
[8, 13, -28, -11] [1, -6, 9, -48] [20, 16, 10, -13] [-4, 11, 19, -41] [52, 33, -8, -15] [29, 36, 13, 2] [15, -13, 26, -29]
------------------------------
ALIVE
Head: (22 33)
Body: (22 33) (22 32) (22 31) (22 30) (22 29) (22 28) (22 27) (22 26) 
Length: 8, 4
Vision: 3
Hungry, suplies: 3/10
Reproductive: 16, mutating: 0.25
Generation: 47066
####################################
Wall (up, right, down, left):
[1, -1, 11, -16] [0, 0, 10, -1] [-37, 8, 8, -19] [3, 2, 18, 2] [-14, 7, 25, 1] [18, -2, -7, -3] [5, -13, -8, -17]
[-38, -25, 12, -29] [1, 8, -10, -9] [-39, -4, 5, -2] [-32, 6, 16, 18] [40, 16, 3, -10] [-24, -24, 3, 3] [-15, 2, -2, 7]
[-12, 3, 18, 13] [4, 24, -10, -5] [-9, 0, 45, -16] [-81, 20, 52, 15] [-41, -47, -20, 36] [-17, -17, 7, 2] [-35, -18, -19, 4]
[-3, 47, -5, -37] [11, 1, 27, -18] [-9, 47, 4, -101] [0, 0, 0, 0] [43, -107, 30, 8] [27, -3, -4, 13] [-3, -5, 20, 3]
[-14, -23, 2, -3] [14, -1, -15, -7] [-10, -15, -55, -43] [56, 29, -112, 19] [10, -8, -24, 30] [-6, 13, 3, 29] [-35, -67, -10, 21]
[23, 31, 5, 2] [-16, -2, -14, 6] [30, -12, 20, -15] [-5, 15, -24, 4] [13, 2, -29, -4] [4, -4, -19, 0] [42, 1, 10, 10]
[-24, -12, 11, 7] [-8, -12, -45, -8] [-12, 4, 25, -4] [-3, 17, -45, -2] [40, 11, -10, 33] [44, -19, -41, 21] [-9, 19, 21, -1]
Food (up, right, down, left):
[13, 15, 9, 27] [-4, 24, 5, -16] [24, -23, 16, 8] [-17, -17, 53, 13] [-3, 5, 38, -15] [-12, -26, -19, -23] [-50, 21, 10, -11]
[-65, 5, -36, -30] [-6, 2, -32, 2] [8, 19, 19, 37] [-12, 21, -52, 20] [30, 12, -3, -49] [46, 7, -52, 28] [13, 2, 30, 24]
[-24, 4, 30, -46] [10, 8, -14, 22] [-61, -23, -24, 25] [40, -36, 31, 11] [-13, -8, -27, -23] [2, 18, -46, -26] [43, 25, 7, 22]
[11, 31, 4, 47] [-8, -6, -30, 39] [9, 3, -40, -17] [0, 0, 0, 0] [-12, 63, -37, -9] [3, -23, -29, -15] [-16, 49, -14, 21]
[-4, 17, -14, 16] [6, 27, 14, 34] [26, -13, 40, 15] [-5, -43, 11, -24] [9, -3, 18, -25] [3, 47, 22, 20] [-16, -19, 5, -12]
[0, -29, -6, 3] [12, 7, 13, -4] [5, 9, 5, 34] [-29, -24, 46, -29] [-44, -36, 8, -52] [-17, 55, 18, 16] [2, 36, 0, 31]
[8, 13, -28, -11] [1, -6, 9, -48] [20, 16, 10, -13] [-4, 11, 19, -41] [50, 33, -8, -15] [29, 36, 13, 2] [15, -13, 26, -29]
------------------------------
ALIVE
Head: (23 54)
Body: (23 54) (24 54) (24 53) (23 53) (22 53) (22 52) (22 51) (22 50) (22 49) (21 49) 
Length: 10, 4
Vision: 3
Hungry, suplies: 9/10
Reproductive: 16, mutating: 0.25
Generation: 47059
####################################
