Wall (up, right, down, left):
[-1, -9, -13, 1] [3, 3, 3, 3] [-6, -7, 17, -6] [7, 23, -1, 7] [5, -3, 7, -3] [-13, -12, -1, -7] [5, -3, 5, -2]
[1, 10, -10, -4] [5, 25, 13, 2] [-10, -4, 1, 12] [-18, 0, 11, 14] [14, -11, 11, 5] [-9, 13, 14, 7] [-7, -16, 11, 2]
[-13, 11, 7, -14] [-9, 13, -4, 14] [5, 5, 6, -16] [-31, 6, 27, 4] [-22, -10, -21, 14] [9, -26, 8, 16] [-8, -3, -6, 6]
[-1, -12, 6, -20] [16, 1, 7, -9] [-5, 17, 6, -63] [0, 0, 0, 0] [6, -55, 9, 6] [6, -18, -1, 19] [0, -12, -8, -4]
[-5, -10, -15, -10] [4, 16, -3, 7] [-1, 5, -16, -3] [14, 9, -46, -7] [11, -14, -10, 23] [16, 10, -10, 14] [-9, -22, 6, 11]
[-2, 20, -7, -3] [-8, -3, -7, -19] [2, -3, 6, -3] [2, 2, -8, -5] [13, 4, -6, 5] [7, 7, -5, -6] [16, -6, -8, 8]
[2, -17, -19, -3] [-5, -12, -5, -13] [-12, 3, -9, 0] [0, 21, -10, -3] [11, 2, 3, 11] [4, 2, -11, -7] [0, -3, 15, 3]
Food (up, right, down, left):
[17, -1, -15, 12] [5, 5, -5, -15] [0, -4, -12, 8] [2, -3, 4, -8] [-3, 11, 4, 19] [6, -21, 7, -15] [-15, 5, 17, -18]
[-21, -10, -13, 3] [-10, 7, 1, -9] [11, 21, 7, 14] [-15, 20, -11, 15] [11, -10, 10, -21] [15, -13, 3, 18] [-12, -14, -10, 4]
[-14, 17, 3, 5] [0, 1, 4, -11] [-3, -39, -4, 0] [20, -19, 17, -16] [-21, -7, -5, -3] [6, -9, -3, -12] [22, -2, 15, 14]
[-6, -9, 12, 20] [-18, -11, -23, 7] [-4, 19, -26, -8] [0, 0, 0, 0] [-14, 21, 4, 0] [-11, -3, -15, -3] [-6, -2, -15, -3]
[0, 13, -8, 11] [-13, -5, 14, 8] [12, -4, 6, -3] [-9, -10, 14, -6] [-2, -15, -3, -14] [-17, 15, 23, 8] [3, -5, -14, -27]
[2, -3, 17, 1] [15, -10, 28, 9] [0, 12, 3, 5] [-4, -17, 2, -8] [-10, -10, -6, -9] [-5, 1, -6, 13] [0, 24, -14, 9]
[-1, -14, -15, -6] [9, 6, 0, -17] [-10, 6, 11, 8] [2, -4, 22, -38] [20, 18, -19, 1] [13, 19, 29, 4] [-6, -8, 10, -12]
------------------------------
ALIVE
Head: (24 20)
Body: (-1 20) (0 20) (1 20) (1 21) (2 21) (2 20) (2 19) (2 18) 
Length: 8, 4
Vision: 3
Hungry, suplies: 10/10
Reproductive: 16, mutating: 0.25
Generation: 12854
####################################
Wall (up, right, down, left):
[-1, -9, -13, 1] [3, 3, 3, 3] [-6, -7, 17, -6] [7, 23, -1, 7] [5, -3, 7, -3] [-12, -12, -1, -7] [5, -3, 5, -2]
[1, 10, -10, -4] [5, 25, 13, 2] [-10, -4, 1, 12] [-18, -3, 11, 14] [14, -11, 6, 5] [-9, 13, 14, 7] [-10, -16, 11, 2]
[-13, 11, 7, -14] [-4, 13, -4, 14] [5, 5, 6, -16] [-31, 6, 27, 4] [-22, -10, -21, 14] [9, -26, 8, 16] [-8, -3, -7, 6]
[-1, -12, 6, -20] [16, 1, 7, -9] [-5, 17, 6, -63] [0, 0, 0, 0] [6, -55, 9, 6] [6, -18, -1, 19] [0, -12, -8, -4]
[-5, -10, -15, -10] [4, 16, -3, 7] [-1, 5, -16, -3] [14, 9, -46, -7] [11, -14, -6, 23] [16, 10, -10, 14] [-9, -22, 6, 6]
[-2, 20, -7, -3] [-8, -3, -7, -19] [2, -3, 6, -3] [2, 2, -8, -5] [13, 4, -6, 5] [7, 7, -5, -6] [16, -6, -8, 8]
[2, -17, -19, -3] [-1, -12, -5, -13] [-12, -2, -9, 0] [0, 21, -10, -3] [11, 2, 3, 11] [4, 2, -11, -7] [0, -3, 15, 3]
Food (up, right, down, left):
[17, -1, -15, 12] [5, 5, -5, -15] [0, -4, -12, 8] [2, -3, 4, -8] [-3, 11, 4, 19] [6, -21, 9, -15] [-15, 5, 17, -18]
[-21, -10, -13, 3] [-10, 7, 1, -9] [11, 21, 7, 14] [-15, 20, -7, 15] [11, -10, 10, -21] [15, -13, 3, 18] [-12, -14, -8, 4]
[-14, 17, 3, 5] [0, 1, 4, -6] [-3, -39, -4, 0] [20, -19, 17, -16] [-21, -7, -5, -3] [6, -9, -3, -12] [22, -1, 15, 14]
[-6, -9, 12, 20] [-18, -11, -23, 7] [-9, 19, -26, -8] [0, 0, 0, 0] [-14, 21, 4, 0] [-11, -3, -15, -3] [-6, -2, -15, -3]
[0, 13, -8, 11] [-13, -5, 14, 8] [12, -4, 6, -3] [-9, -10, 14, -6] [-2, -17, -3, -14] [-17, 15, 23, 8] [3, -5, -14, -27]
[2, -3, 17, 1] [15, -10, 28, 9] [0, 12, 3, 5] [-4, -17, 2, -8] [-10, -10, -6, -9] [-5, 1, -6, 13] [0, 24, -14, 9]
[-1, -14, -15, -6] [9, 8, 0, -17] [-5, 6, 11, 8] [2, -4, 22, -38] [20, 18, -19, 1] [13, 19, 29, 4] [-6, -8, 10, -12]
------------------------------
ALIVE
Head: (15 6)
Body: (15 6) (16 6) (16 5) (16 4) (17 4) (18 4) (18 5) (19 5) (20 5) (21 5) 
Length: 10, 4
Vision: 3
Hungry, suplies: 3/10
Reproductive: 16, mutating: 0.25
Generation: 12860
####################################
Wall (up, right, down, left):
[-1, -9, -13, 1] [3, 3, 3, 3] [-6, -7, 17, -6] [7, 23, -1, 7] [5, -3, 7, -3] [-13, -12, -1, -7] [5, -3, 5, -2]
[1, 10, -10, -4] [5, 25, 13, 2] [-10, -4, 1, 12] [-18, -3, 11, 14] [14, -11, 6, 5] [-9, 13, 14, 7] [-10, -16, 11, 2]
[-13, 11, 7, -14] [-4, 10, -4, 14] [5, 5, 6, -16] [-31, 6, 27, 4] [-22, -10, -21, 14] [9, -26, 8, 16] [-8, -3, -6, 6]
[-1, -12, 6, -20] [16, 1, 7, -9] [-5, 17, 6, -63] [0, 0, 0, 0] [6, -55, 9, 6] [6, -18, -1, 19] [0, -12, -8, -4]
[-5, -10, -15, -10] [4, 16, -3, 7] [-1, 5, -16, -3] [14, 9, -46, -7] [11, -14, -6, 23] [16, 10, -10, 14] [-9, -22, 6, 6]
[-2, 20, -7, -3] [-8, -3, -7, -19] [2, -3, 6, -3] [2, 2, -8, -5] [13, 4, -6, 5] [7, 7, -5, -6] [16, -6, -8, 8]
[2, -17, -19, -3] [-1, -12, -5, -13] [-12, -2, -9, 0] [0, 21, -10, -3] [11, 2, 3, 11] [4, 2, -11, -7] [0, -3, 15, 3]
Food (up, right, down, left):
[17, -1, -15, 12] [5, 5, -5, -15] [0, -4, -12, 8] [2, -3, 4, -8] [-3, 11, 4, 19] [6, -21, 7, -15] [-15, 5, 17, -18]
[-21, -10, -13, 3] [-10, 7, 1, -9] [11, 21, 7, 14] [-15, 20, -7, 15] [11, -10, 10, -21] [15, -13, 3, 18] [-12, -14, -8, 4]
[-14, 17, 3, 5] [0, 1, 8, -6] [-3, -39, -4, 0] [20, -19, 17, -16] [-21, -7, -5, -3] [6, -9, -3, -12] [22, -2, 15, 14]
[-6, -9, 12, 20] [-18, -11, -23, 7] [-9, 19, -26, -8] [0, 0, 0, 0] [-14, 21, 4, 0] [-11, -3, -15, -3] [-6, -2, -15, -3]
[0, 13, -8, 11] [-13, -5, 14, 8] [12, -4, 6, -3] [-9, -10, 14, -6] [-2, -17, -3, -14] [-17, 15, 23, 8] [3, -5, -14, -27]
[2, -3, 17, 1] [15, -10, 28, 9] [0, 12, 3, 5] [-4, -17, 2, -8] [-10, -10, -6, -9] [-5, 1, -6, 13] [0, 24, -14, 9]
[-1, -14, -15, -6] [9, 8, 0, -17] [-5, 6, 11, 8] [2, -4, 22, -38] [20, 18, -19, 1] [13, 19, 29, 4] [-6, -8, 10, -12]
------------------------------
ALIVE
Head: (19 20)
Body: (19 20) (19 19) (20 19) (21 19) (22 19) (22 18) (23 18) (23 17) (23 16) (22 16) 
Length: 10, 4
Vision: 3
Hungry, suplies: 3/10
Reproductive: 16, mutating: 0.25
Generation: 12858
####################################
Wall (up, right, down, left):
[-1, -9, -13, 1] [3, 3, 3, 3] [-6, -7, 17, -6] [7, 23, -1, 7] [5, -3, 7, -3] [-12, -12, -1, -7] [5, -3, 5, -2]
[1, 10, -10, -4] [5, 25, 13, 2] [-10, -4, 1, 12] [-18, -3, 11, 14] [14, -11, 6, 5] [-9, 13, 14, 7] [-10, -16, 11, 2]
[-13, 11, 7, -14] [-4, 13, -4, 14] [5, 5, 6, -16] [-31, 6, 27, 4] [-22, -10, -21, 14] [9, -26, 8, 16] [-8, -3, -7, 6]
[-1, -12, 6, -20] [16, 1, 7, -9] [-5, 17, 6, -63] [0, 0, 0, 0] [6, -55, 9, 6] [6, -18, -1, 19] [0, -12, -8, -4]
[-5, -10, -15, -10] [4, 16, -3, 7] [-1, 5, -16, -3] [14, 9, -46, -7] [11, -14, -6, 23] [16, 10, -10, 14] [-9, -22, 6, 6]
[-2, 20, -7, -3] [-8, -3, -7, -19] [2, -3, 6, -3] [2, 2, -8, -5] [13, 4, -6, 5] [7, 7, -5, -6] [16, -6, -8, 8]
[2, -17, -19, -3] [-1, -12, -5, -13] [-12, -2, -9, 0] [0, 21, -10, -3] [11, 2, 3, 11] [4, 2, -11, -7] [0, -3, 15, 3]
Food (up, right, down, left):
[17, -1, -15, 12] [5, 5, -5, -15] [0, -4, -12, 8] [2, -3, 4, -8] [-3, 11, 4, 19] [6, -21, 9, -15] [-15, 5, 17, -18]
[-21, -10, -13, 3] [-10, 7, 1, -9] [11, 21, 7, 14] [-15, 20, -7, 15] [11, -10, 10, -21] [15, -13, 3, 18] [-12, -14, -8, 4]
[-14, 17, 3, 5] [0, 1, 4, -6] [-3, -39, -4, 0] [20, -19, 17, -16] [-21, -7, -5, -3] [6, -9, -3, -12] [22, -1, 15, 14]
[-6, -9, 12, 20] [-18, -11, -23, 7] [-9, 19, -26, -8] [0, 0, 0, 0] [-14, 21, 4, 0] [-11, -3, -15, -3] [-6, -2, -15, -3]
[0, 13, -8, 11] [-13, -5, 14, 8] [12, -4, 6, -3] [-9, -10, 14, -6] [-2, -17, -3, -14] [-17, 15, 23, 8] [3, -5, -14, -27]
[2, -3, 17, 1] [15, -10, 28, 9] [0, 12, 3, 5] [-4, -17, 2, -8] [-10, -10, -6, -9] [-5, 1, -6, 13] [0, 24, -14, 9]
[-1, -14, -15, -6] [9, 8, 0, -17] [-5, 6, 11, 8] [2, -4, 22, -38] [20, 18, -19, 1] [13, 19, 29, 4] [-6, -8, 10, -12]
------------------------------
ALIVE
Head: (5 37)
Body: (5 37) (5 36) (6 36) (6 35) (6 34) (5 34) (5 33) (5 32) (4 32) (3 32) 
Length: 10, 4
Vision: 3
Hungry, suplies: 8/10
Reproductive: 16, mutating: 0.25
Generation: 12860
####################################
Wall (up, right, down, left):
[-1, -9, -13, 1] [3, 3, 3, 3] [-6, -7, 17, -6] [7, 23, -1, 7] [5, -3, 7, -3] [-13, -12, -1, -7] [5, -3, 5, -2]
[1, 10, -10, -4] [5, 25, 13, 2] [-10, -4, 1, 12] [-18, 0, 11, 14] [14, -11, 11, 5] [-9, 13, 14, 7] [-7, -16, 11, 2]
[-13, 11, 7, -14] [-9, 13, -4, 14] [5, 5, 6, -16] [-31, 6, 27, 4] [-22, -10, -21, 14] [9, -26, 8, 16] [-8, -3, -6, 6]
[-1, -12, 6, -20] [16, 1, 7, -9] [-5, 17, 6, -63] [0, 0, 0, 0] [6, -55, 9, 6] [6, -18, -1, 19] [0, -12, -8, -4]
[-5, -10, -15, -10] [4, 16, -3, 7] [-1, 5, -16, -3] [14, 9, -46, -7] [11, -14, -10, 23] [16, 10, -10, 14] [-9, -22, 6, 11]
[-2, 20, -7, -3] [-8, -3, -7, -19] [2, -3, 6, -3] [2, 2, -8, -5] [13, 4, -6, 5] [7, 7, -5, -6] [16, -6, -8, 8]
[2, -17, -19, -3] [-5, -12, -5, -13] [-12, 3, -9, 0] [0, 21, -10, -3] [11, 2, 3, 11] [4, 2, -11, -7] [0, -3, 15, 3]
Food (up, right, down, left):
[17, -1, -15, 12] [5, 5, -5, -15] [0, -4, -12, 8] [2, -3, 4, -8] [-3, 11, 4, 19] [6, -21, 7, -15] [-15, 5, 17, -18]
[-21, -10, -13, 3] [-10, 7, 1, -9] [11, 21, 7, 14] [-15, 20, -11, 15] [11, -10, 10, -21] [15, -13, 3, 18] [-12, -14, -10, 4]
[-14, 17, 3, 5] [0, 1, 4, -11] [-3, -39, -4, 0] [20, -19, 17, -16] [-21, -7, -5, -3] [6, -9, -3, -12] [22, -2, 15, 14]
[-6, -9, 12, 20] [-18, -11, -23, 7] [-4, 19, -26, -8] [0, 0, 0, 0] [-14, 21, 4, 0] [-11, -3, -15, -3] [-6, -2, -15, -3]
[0, 13, -8, 11] [-13, -5, 14, 8] [12, -4, 6, -3] [-9, -10, 14, -6] [-2, -15, -3, -14] [-17, 15, 23, 8] [3, -5, -14, -27]
[2, -3, 17, 1] [15, -10, 28, 9] [0, 12, 3, 5] [-4, -17, 2, -8] [-10, -10, -6, -9] [-5, 1, -6, 13] [0, 24, -14, 9]
[-1, -14, -15, -6] [9, 6, 0, -17] [-10, 6, 11, 8] [2, -4, 22, -38] [20, 18, -19, 1] [13, 19, 29, 4] [-6, -8, 10, -12]
------------------------------
ALIVE
Head: (16 54)
Body: (16 54) (15 54) (15 53) (14 53) (13 53) (12 53) (11 53) (11 54) (11 55) (11 56) (10 -1) 
Length: 11, 4
Vision: 3
Hungry, suplies: 5/10
Reproductive: 16, mutating: 0.25
Generation: 12857
####################################
Wall (up, right, down, left):
[-1, -9, -13, 1] [3, 3, 3, 3] [-6, -7, 17, -6] [7, 23, -1, 7] [5, -3, 7, -3] [-12, -12, -1, -7] [5, -3, 5, -2]
[1, 10, -10, -4] [5, 25, 13, 2] [-10, -4, 1, 12] [-18, -3, 11, 14] [14, -11, 6, 5] [-9, 13, 14, 7] [-10, -16, 11, 2]
[-13, 11, 7, -14] [-4, 13, -4, 14] [5, 5, 6, -16] [-31, 6, 27, 4] [-22, -10, -21, 14] [9, -26, 8, 16] [-8, -3, -7, 6]
[-1, -12, 6, -20] [16, 1, 7, -9] [-5, 17, 6, -63] [0, 0, 0, 0] [6, -55, 9, 6] [6, -18, -1, 19] [0, -12, -8, -4]
[-5, -10, -15, -10] [4, 16, -3, 7] [-1, 5, -16, -3] [14, 9, -46, -7] [11, -14, -6, 23] [16, 10, -10, 14] [-9, -22, 6, 6]
[-2, 20, -7, -3] [-8, -3, -7, -19] [2, -3, 6, -3] [2, 2, -8, -5] [13, 4, -6, 5] [7, 7, -5, -6] [16, -6, -8, 8]
[2, -17, -19, -3] [-1, -12, -5, -13] [-12, -2, -9, 0] [0, 21, -10, -3] [11, 2, 3, 11] [4, 2, -11, -7] [0, -3, 15, 3]
Food (up, right, down, left):
[17, -1, -15, 12] [5, 5, -5, -15] [0, -4, -12, 8] [2, -3, 4, -8] [-3, 11, 4, 19] [6, -21, 9, -15] [-15, 5, 17, -18]
[-21, -10, -13, 3] [-10, 7, 1, -9] [11, 21, 7, 14] [-15, 20, -7, 15] [11, -10, 10, -21] [15, -13, 3, 18] [-12, -14, -8, 4]
[-14, 17, 3, 5] [0, 1, 4, -6] [-3, -39, -4, 0] [20, -19, 17, -16] [-21, -7, -5, -3] [6, -9, -3, -12] [22, -1, 15, 14]
[-6, -9, 12, 20] [-18, -11, -23, 7] [-9, 19, -26, -8] [0, 0, 0, 0] [-14, 21, 4, 0] [-11, -3, -15, -3] [-6, -2, -15, -3]
[0, 13, -8, 11] [-13, -5, 14, 8] [12, -4, 6, -3] [-9, -10, 14, -6] [-2, -17, -3, -14] [-17, 15, 23, 8] [3, -5, -14, -27]
[2, -3, 17, 1] [15, -10, 28, 9] [0, 12, 3, 5] [-4, -17, 2, -8] [-10, -10, -6, -9] [-5, 1, -6, 13] [0, 24, -14, 9]
[-1, -14, -15, -6] [9, 8, 0, -17] [-5, 6, 11, 8] [2, -4, 22, -38] [20, 18, -19, 1] [13, 19, 29, 4] [-6, -8, 10, -12]
------------------------------
ALIVE
Head: (3 7)
Body: (3 7) (4 7) (4 8) (5 8) (6 8) (7 8) (8 8) (9 8) (9 9) 
Length: 9, 4
Vision: 3
Hungry, suplies: 5/10
Reproductive: 16, mutating: 0.25
Generation: 12861
####################################
Wall (up, right, down, left):
[-1, -9, -13, 1] [3, 3, 3, 3] [-6, -7, 17, -6] [7, 23, -1, 7] [5, -3, 7, -3] [-12, -12, -1, -7] [5, -3, 5, -2]
[1, 10, -10, -4] [5, 25, 13, 2] [-10, -4, 1, 12] [-18, -3, 11, 14] [14, -11, 6, 5] [-9, 13, 14, 7] [-10, -16, 11, 2]
[-13, 11, 7, -14] [-4, 13, -4, 14] [5, 5, 6, -16] [-31, 6, 27, 4] [-22, -10, -21, 14] [9, -26, 8, 16] [-8, -3, -7, 6]
[-1, -12, 6, -20] [16, 1, 7, -9] [-5, 17, 6, -63] [0, 0, 0, 0] [6, -55, 9, 6] [6, -18, -1, 19] [0, -12, -8, -4]
[-5, -10, -15, -10] [4, 16, -3, 7] [-1, 5, -16, -3] [14, 9, -46, -7] [11, -14, -6, 23] [16, 10, -10, 14] [-9, -22, 6, 6]
[-2, 20, -7, -3] [-8, -3, -7, -19] [2, -4, 6, -3] [2, 2, -8, -5] [13, 4, -6, 5] [7, 7, -5, -6] [16, -6, -8, 8]
[2, -17, -19, -3] [-1, -12, -5, -13] [-12, -2, -9, 0] [0, 21, -10, -3] [11, 2, 3, 11] [4, 2, -11, -7] [0, -3, 15, 3]
Food (up, right, down, left):
[17, -1, -15, 12] [5, 5, -5, -15] [0, -4, -12, 8] [2, -3, 4, -8] [-3, 11, 4, 19] [6, -21, 9, -15] [-15, 5, 17, -18]
[-21, -10, -13, 3] [-10, 7, 1, -9] [11, 21, 7, 14] [-15, 20, -7, 15] [11, -10, 10, -21] [15, -13, 3, 18] [-12, -14, -8, 4]
[-14, 17, 3, 5] [0, 1, 4, -6] [-3, -39, -4, 0] [20, -19, 17, -16] [-21, -7, -5, -3] [6, -9, -3, -12] [22, -1, 15, 14]
[-6, -9, 12, 20] [-18, -11, -23, 7] [-9, 19, -26, -8] [0, 0, 0, 0] [-14, 21, 4, 0] [-11, -3, -15, -3] [-6, -2, -15, -3]
[0, 13, -8, 11] [-13, -5, 14, 8] [12, -4, 6, -3] [-9, -10, 14, -6] [-2, -17, -3, -14] [-17, 15, 23, 8] [3, -5, -14, -27]
[2, -3, 17, 1] [15, -10, 28, 9] [0, 12, 3, 6] [-4, -17, 2, -8] [-10, -10, -6, -9] [-5, 1, -6, 13] [0, 24, -14, 9]
[-1, -14, -15, -6] [9, 8, 0, -17] [-5, 6, 11, 8] [2, -4, 22, -38] [20, 18, -19, 1] [13, 19, 29, 4] [-6, -8, 10, -12]
------------------------------
ALIVE
Head: (12 36)
Body: (12 36) (11 36) (10 36) (10 35) (9 35) (9 34) (9 33) (8 33) 
Length: 8, 4
Vision: 3
Hungry, suplies: 9/10
Reproductive: 16, mutating: 0.25
Generation: 12861
####################################
Wall (up, right, down, left):
[-1, -9, -13, 1] [3, 3, 3, 3] [-6, -7, 17, -6] [7, 23, -1, 7] [5, -3, 7, -3] [-12, -12, -1, -7] [5, -3, 5, -2]
[1, 10, -10, -4] [5, 25, 13, 2] [-10, -4, 1, 12] [-18, -3, 11, 14] [14, -11, 6, 5] [-9, 13, 14, 7] [-10, -16, 11, 2]
[-13, 11, 7, -14] [-4, 13, -4, 14] [5, 5, 6, -16] [-31, 6, 27, 4] [-22, -10, -21, 14] [9, -26, 8, 16] [-8, -3, -7, 6]
[-1, -12, 6, -20] [16, 1, 7, -9] [-5, 17, 6, -63] [0, 0, 0, 0] [6, -55, 9, 6] [6, -18, -1, 19] [0, -12, -8, -4]
[-5, -10, -15, -10] [4, 16, -3, 7] [-1, 5, -16, -3] [14, 9, -46, -7] [11, -14, -6, 23] [16, 10, -10, 14] [-9, -22, 6, 6]
[-2, 20, -7, -3] [-8, -3, -7, -19] [2, -3, 6, -3] [2, 2, -8, -5] [13, 4, -6, 5] [7, 7, -5, -6] [16, -6, -8, 8]
[2, -17, -19, -3] [-1, -12, -5, -13] [-12, -2, -9, 0] [0, 21, -10, -3] [11, 2, 3, 11] [4, 2, -11, -7] [0, -3, 15, 3]
Food (up, right, down, left):
[17, -1, -15, 12] [5, 5, -5, -15] [0, -4, -12, 8] [2, -3, 4, -8] [-3, 11, 4, 19] [6, -21, 9, -15] [-15, 5, 17, -18]
[-21, -10, -13, 3] [-10, 7, 1, -9] [11, 21, 7, 14] [-15, 20, -7, 15] [11, -10, 10, -21] [15, -13, 3, 18] [-12, -14, -8, 4]
[-14, 17, 3, 5] [0, 1, 4, -6] [-3, -39, -4, 0] [20, -19, 17, -16] [-21, -7, -5, -3] [6, -9, -3, -12] [22, -1, 15, 14]
[-6, -9, 12, 20] [-18, -11, -23, 7] [-9, 19, -26, -8] [0, 0, 0, 0] [-14, 21, 4, 0] [-11, -3, -15, -3] [-6, -2, -15, -3]
[0, 13, -8, 11] [-13, -5, 14, 8] [12, -4, 6, -3] [-9, -10, 14, -6] [-2, -17, -3, -14] [-17, 15, 23, 8] [3, -5, -14, -27]
[2, -3, 17, 1] [15, -10, 28, 9] [0, 12, 3, 5] [-4, -17, 2, -8] [-10, -10, -6, -9] [-5, 1, -6, 13] [0, 24, -14, 9]
[-1, -14, -15, -6] [9, 8, 0, -17] [-5, 6, 11, 8] [2, -4, 22, -38] [20, 18, -19, 1] [13, 19, 29, 4] [-6, -8, 10, -12]
------------------------------
ALIVE
Head: (0 37)
Body: (25 37) (24 37) (24 36) (24 35) (24 34) (23 34) (22 34) (22 33) (22 32) 
Length: 9, 4
Vision: 3
Hungry, suplies: 8/10
Reproductive: 16, mutating: 0.25
Generation: 12860
####################################
Wall (up, right, down, left):
[-1, -9, -13, 1] [3, 3, 3, 3] [-6, -7, 17, -6] [7, 23, -1, 7] [5, -3, 7, -3] [-12, -12, -1, -7] [5, -3, 5, -2]
[1, 10, -10, -4] [5, 25, 13, 2] [-10, -4, 1, 12] [-18, -3, 11, 14] [14, -11, 6, 5] [-9, 13, 14, 7] [-10, -16, 11, 2]
[-13, 11, 7, -14] [-4, 13, -4, 14] [5, 5, 6, -16] [-31, 6, 27, 4] [-22, -10, -21, 14] [9, -26, 8, 16] [-8, -3, -7, 6]
[-1, -12, 6, -20] [16, 1, 7, -9] [-5, 17, 6, -63] [0, 0, 0, 0] [6, -55, 9, 6] [6, -18, -1, 19] [0, -12, -8, -4]
[-5, -10, -15, -10] [4, 16, -3, 7] [-1, 5, -16, -3] [14, 9, -46, -7] [11, -14, -6, 23] [16, 10, -10, 14] [-9, -22, 6, 6]
[-2, 20, -7, -3] [-8, -3, -7, -19] [2, -3, 6, -3] [2, 2, -8, -5] [13, 4, -6, 5] [7, 7, -5, -6] [16, -6, -8, 8]
[2, -17, -19, -3] [-1, -12, -5, -13] [-12, -2, -9, 0] [0, 21, -10, -3] [11, 2, 3, 11] [4, 2, -11, -7] [0, -3, 15, 3]
Food (up, right, down, left):
[17, -1, -15, 12] [5, 5, -5, -15] [0, -4, -12, 8] [2, -3, 4, -8] [-3, 11, 4, 19] [6, -21, 9, -15] [-15, 5, 17, -18]
[-21, -10, -13, 3] [-10, 7, 1, -9] [11, 21, 7, 14] [-15, 20, -7, 15] [11, -10, 10, -21] [15, -13, 3, 18] [-12, -14, -8, 4]
[-14, 17, 3, 5] [0, 1, 4, -6] [-3, -39, -4, 0] [20, -19, 17, -16] [-21, -7, -5, -3] [6, -9, -3, -12] [22, -1, 15, 14]
[-6, -9, 12, 20] [-18, -11, -23, 7] [-9, 19, -26, -8] [0, 0, 0, 0] [-14, 21, 4, 0] [-11, -3, -15, -3] [-6, -2, -15, -3]
[0, 13, -8, 11] [-13, -5, 14, 8] [12, -4, 6, -3] [-9, -10, 14, -6] [-2, -17, -3, -14] [-17, 15, 23, 8] [3, -5, -14, -27]
[2, -3, 17, 1] [15, -10, 28, 9] [0, 12, 3, 5] [-4, -17, 2, -8] [-10, -10, -6, -9] [-5, 1, -6, 13] [0, 24, -14, 9]
[-1, -14, -15, -6] [9, 8, 0, -17] [-5, 6, 11, 8] [2, -4, 22, -38] [20, 18, -19, 1] [13, 19, 29, 4] [-6, -8, 10, -12]
------------------------------
ALIVE
Head: (0 25)
Body: (0 25) (0 26) (1 26) (2 26) (3 26) (3 27) (2 27) (1 27) (25 27) (24 27) (23 27) 
Length: 11, 4
Vision: 3
Hungry, suplies: 4/10
Reproductive: 16, mutating: 0.25
Generation: 12862
####################################
Wall (up, right, down, left):
[-1, -9, -13, 1] [3, 3, 3, 3] [-6, -7, 17, -6] [7, 23, -1, 7] [5, -3, 7, -3] [-12, -12, -1, -7] [5, -3, 5, -2]
[1, 10, -10, -4] [5, 25, 13, 2] [-10, -4, 1, 12] [-18, -3, 11, 14] [14, -11, 6, 5] [-9, 13, 14, 7] [-10, -16, 11, 2]
[-13, 11, 7, -14] [-4, 13, -4, 14] [5, 5, 6, -16] [-31, 6, 27, 4] [-22, -10, -21, 14] [9, -26, 8, 16] [-8, -3, -7, 6]
[-1, -12, 6, -20] [16, 1, 7, -9] [-5, 17, 6, -63] [0, 0, 0, 0] [6, -55, 9, 6] [6, -18, -1, 19] [0, -12, -8, -4]
[-5, -10, -15, -10] [4, 16, -3, 7] [-1, 5, -16, -3] [14, 9, -46, -7] [11, -14, -6, 23] [16, 10, -10, 14] [-9, -22, 6, 6]
[-2, 20, -7, -3] [-8, -3, -7, -19] [2, -3, 6, -3] [2, 2, -8, -5] [13, 4, -6, 5] [7, 7, -5, -6] [16, -6, -8, 8]
[2, -17, -19, -3] [-1, -12, -5, -13] [-12, -2, -9, 0] [0, 21, -10, -3] [11, 2, 3, 11] [4, 2, -12, -7] [0, -3, 15, 3]
Food (up, right, down, left):
[17, -1, -15, 12] [5, 5, -5, -15] [0, -4, -12, 8] [2, -3, 4, -8] [-3, 11, 4, 19] [6, -21, 9, -15] [-15, 5, 17, -18]
[-21, -10, -13, 3] [-10, 7, 1, -9] [11, 21, 7, 14] [-15, 20, -7, 15] [11, -10, 10, -21] [15, -13, 3, 18] [-12, -14, -8, 4]
[-14, 17, 3, 5] [0, 1, 4, -6] [-3, -39, -4, 0] [20, -19, 17, -16] [-21, -7, -5, -3] [6, -9, -3, -12] [22, -1, 15, 14]
[-6, -9, 12, 20] [-18, -11, -23, 7] [-9, 19, -26, -8] [0, 0, 0, 0] [-14, 21, 4, 0] [-11, -3, -15, -3] [-6, -2, -15, -3]
[0, 13, -8, 11] [-13, -5, 14, 8] [12, -4, 6, -3] [-9, -10, 14, -6] [-2, -17, -3, -14] [-17, 15, 23, 8] [3, -5, -14, -27]
[2, -3, 17, 1] [15, -10, 28, 9] [0, 12, 3, 5] [-4, -17, 2, -8] [-10, -10, -6, -9] [-5, 1, -6, 13] [0, 24, -14, 9]
[-1, -14, -15, -6] [9, 8, 0, -17] [-5, 6, 11, 8] [2, -4, 22, -38] [20, 18, -19, 1] [13, 19, 24, 4] [-6, -8, 10, -12]
------------------------------
ALIVE
Head: (12 2)
Body: (12 2) (12 3) (11 3) (11 4) (11 5) (11 6) (12 6) (13 6) (13 7) (13 8) 
Length: 10, 4
Vision: 3
Hungry, suplies: 4/10
Reproductive: 16, mutating: 0.25
Generation: 12861
####################################
Wall (up, right, down, left):
[-1, -9, -13, 1] [3, 3, 3, 3] [-6, -7, 17, -6] [7, 23, -1, 7] [5, -3, 7, -3] [-12, -12, -1, -7] [5, -3, 5, -2]
[1, 10, -10, -4] [5, 25, 13, 2] [-10, -4, 1, 12] [-18, -3, 11, 14] [14, -11, 6, 5] [-9, 13, 14, 7] [-10, -16, 11, 2]
[-13, 11, 7, -14] [-4, 13, -4, 14] [5, 5, 6, -16] [-31, 6, 27, 4] [-22, -10, -21, 14] [9, -26, 8, 16] [-8, -3, -7, 6]
[-1, -12, 6, -20] [16, 1, 7, -9] [-5, 17, 6, -63] [0, 0, 0, 0] [6, -55, 9, 6] [6, -18, -1, 19] [0, -12, -8, -4]
[-5, -10, -15, -10] [4, 16, -3, 7] [-1, 5, -16, -3] [14, 9, -46, -7] [11, -14, -6, 23] [16, 10, -10, 14] [-9, -22, 6, 6]
[-2, 20, -7, -3] [-8, -3, -7, -19] [2, -3, 6, -3] [2, 2, -8, -5] [13, 4, -6, 5] [7, 7, -5, -6] [16, -6, -8, 8]
[2, -17, -19, -3] [-1, -12, -5, -13] [-12, -2, -9, 0] [0, 21, -10, -3] [11, 2, 3, 11] [4, 2, -11, -7] [0, -3, 15, 3]
Food (up, right, down, left):
[17, -1, -15, 12] [5, 5, -5, -15] [0, -4, -12, 8] [2, -3, 4, -8] [-3, 11, 4, 19] [6, -21, 9, -15] [-15, 5, 17, -18]
[-21, -10, -13, 3] [-10, 7, 1, -9] [11, 21, 7, 14] [-15, 20, -7, 15] [11, -10, 10, -21] [15, -13, 3, 18] [-12, -14, -8, 4]
[-14, 17, 3, 5] [0, 1, 4, -6] [-3, -39, -4, 0] [20, -19, 17, -16] [-21, -7, -5, -3] [6, -9, -3, -12] [22, -1, 15, 14]
[-6, -9, 12, 20] [-18, -11, -23, 7] [-9, 19, -26, -8] [0, 0, 0, 0] [-14, 21, 4, 0] [-11, -3, -15, -3] [-6, -2, -15, -3]
[0, 13, -8, 11] [-13, -5, 14, 8] [12, -4, 6, -3] [-9, -10, 14, -6] [-2, -17, -3, -14] [-17, 15, 23, 8] [3, -5, -14, -27]
[2, -3, 17, 1] [15, -10, 28, 9] [0, 12, 3, 5] [-4, -17, 2, -8] [-10, -10, -6, -9] [-5, 1, -6, 13] [0, 24, -14, 9]
[-1, -14, -15, -6] [9, 8, 0, -17] [-5, 6, 11, 8] [2, -4, 22, -38] [20, 18, -19, 1] [13, 19, 29, 4] [-6, -8, 10, -12]
------------------------------
ALIVE
Head: (11 33)
Body: (11 33) (11 32) (11 31) (12 31) (12 30) (12 29) (12 28) (13 28) (14 28) (15 28) (15 29) (15 30) (14 30) (14 31) 
Length: 14, 4
Vision: 3
Hungry, suplies: 7/10
Reproductive: 16, mutating: 0.25
Generation: 12862
####################################
Wall (up, right, down, left):
[-1, -9, -13, 1] [3, 3, 3, 3] [-6, -7, 17, -6] [7, 23, -1, 7] [5, -3, 7, -3] [-12, -12, -1, -7] [5, -3, 5, -2]
[1, 10, -10, -4] [5, 25, 13, 2] [-10, -4, 1, 12] [-18, -3, 11, 14] [14, -11, 6, 5] [-9, 13, 14, 7] [-10, -16, 11, 2]
[-13, 11, 7, -14] [-4, 13, -4, 14] [5, 5, 6, -16] [-31, 6, 27, 4] [-22, -10, -21, 14] [9, -26, 8, 16] [-8, -3, -7, 6]
[-1, -12, 6, -20] [16, 1, 7, -9] [-5, 17, 6, -63] [0, 0, 0, 0] [6, -55, 9, 6] [6, -18, -1, 19] [0, -12, -8, -4]
[-5, -10, -15, -10] [4, 16, -3, 7] [-1, 5, -16, -3] [14, 9, -46, -7] [11, -14, -6, 23] [16, 10, -10, 14] [-9, -22, 6, 6]
[-2, 20, -7, -3] [-8, -3, -7, -19] [2, -3, 6, -3] [2, 2, -8, -5] [13, 4, -6, 5] [7, 7, -5, -6] [16, -6, -8, 8]
[6, -17, -19, -3] [-1, -12, -5, -13] [-12, -2, -9, 0] [0, 21, -10, -3] [11, 2, 3, 11] [4, 2, -11, -7] [0, -3, 15, 3]
Food (up, right, down, left):
[17, -1, -15, 12] [5, 5, -5, -15] [0, -4, -12, 8] [2, -3, 4, -8] [-3, 11, 4, 19] [6, -21, 9, -15] [-15, 5, 17, -18]
[-21, -10, -13, 3] [-10, 7, 1, -9] [11, 21, 7, 14] [-15, 20, -7, 15] [11, -10, 10, -21] [15, -13, 3, 18] [-12, -14, -8, 4]
[-14, 17, 3, 5] [0, 1, 4, -6] [-3, -39, -4, 0] [20, -19, 17, -16] [-21, -7, -5, -3] [6, -12, -3, -12] [22, -1, 15, 14]
[-6, -9, 12, 20] [-18, -11, -23, 7] [-9, 19, -26, -8] [0, 0, 0, 0] [-14, 21, 4, 0] [-11, -3, -15, -3] [-6, -2, -15, -3]
[0, 13, -8, 11] [-13, -5, 14, 8] [12, -4, 6, -3] [-9, -10, 14, -6] [-2, -17, -3, -14] [-17, 15, 23, 8] [3, -5, -14, -27]
[2, -3, 17, 1] [15, -10, 28, 9] [0, 12, 3, 5] [-4, -17, 2, -8] [-10, -10, -6, -9] [-5, 1, -6, 13] [0, 24, -14, 9]
[-1, -14, -15, -9] [9, 8, 0, -17] [-5, 6, 11, 8] [2, -4, 22, -38] [20, 18, -19, 1] [13, 19, 29, 4] [-6, -8, 10, -12]
------------------------------
ALIVE
Head: (21 23)
Body: (21 23) (22 23) (23 23) (-1 23) (0 23) (1 23) (2 23) (2 24) (2 25) (3 25) (4 25) (5 25) (5 24) 
Length: 13, 4
Vision: 3
Hungry, suplies: 5/10
Reproductive: 16, mutating: 0.25
Generation: 12862
####################################
Wall (up, right, down, left):
[-1, -9, -13, 1] [3, 3, 3, 3] [-6, -7, 17, -6] [7, 23, -1, 7] [5, -3, 7, -3] [-12, -12, -1, -7] [5, -3, 5, -2]
[1, 10, -10, -4] [5, 25, 13, 2] [-10, -4, 1, 12] [-18, -3, 11, 14] [14, -11, 6, 5] [-9, 13, 14, 7] [-10, -16, 8, 2]
[-13, 11, 7, -14] [-4, 13, -4, 14] [5, 5, 6, -16] [-31, 6, 27, 4] [-22, -10, -21, 14] [9, -26, 8, 16] [-8, -3, -7, 6]
[-1, -12, 6, -20] [16, 1, 7, -9] [-5, 17, 6, -63] [0, 0, 0, 0] [6, -55, 9, 2] [6, -18, -1, 19] [0, -12, -8, -4]
[-5, -10, -15, -10] [4, 16, -3, 7] [-1, 5, -16, -3] [14, 9, -46, -7] [11, -14, -6, 23] [16, 10, -10, 14] [-9, -22, 6, 6]
[-2, 20, -7, -3] [-8, -3, -7, -19] [2, -3, 6, -3] [2, 2, -8, -5] [13, 4, -6, 5] [7, 7, -5, -6] [16, -6, -8, 8]
[2, -17, -19, -3] [-1, -12, -5, -13] [-12, -2, -9, 0] [0, 21, -10, -3] [11, 2, 3, 11] [4, 2, -11, -7] [0, -3, 15, 3]
Food (up, right, down, left):
[17, -1, -15, 12] [5, 5, -5, -15] [0, -4, -12, 8] [2, -3, 4, -8] [-3, 11, 4, 19] [6, -21, 9, -15] [-15, 5, 17, -18]
[-21, -10, -13, 3] [-10, 7, 1, -9] [11, 21, 7, 14] [-15, 20, -7, 15] [11, -10, 10, -21] [15, -13, 3, 18] [-12, -14, -8, 0]
[-14, 17, 3, 5] [0, 1, 4, -6] [-3, -39, -4, 0] [20, -19, 17, -16] [-21, -7, -5, -3] [6, -9, -3, -12] [22, -1, 15, 14]
[-6, -9, 12, 20] [-18, -11, -23, 7] [-9, 19, -26, -8] [0, 0, 0, 0] [-14, 17, 4, 0] [-11, -3, -15, -3] [-6, -2, -15, -3]
[0, 13, -8, 11] [-13, -5, 14, 8] [12, -4, 6, -3] [-9, -10, 14, -6] [-2, -17, -3, -14] [-17, 15, 23, 8] [3, -5, -14, -27]
[2, -3, 17, 1] [15, -10, 28, 9] [0, 12, 3, 5] [-4, -17, 2, -8] [-10, -10, -6, -9] [-5, 1, -6, 13] [0, 24, -14, 9]
[-1, -14, -15, -6] [9, 8, 0, -17] [-5, 6, 11, 8] [2, -4, 22, -38] [20, 18, -19, 1] [13, 19, 29, 4] [-6, -8, 10, -12]
------------------------------
ALIVE
Head: (4 40)
Body: (4 40) (3 40) (2 40) (1 40) (25 40) (24 40) (23 40) (22 40) (21 40) (20 40) 
Length: 10, 4
Vision: 3
Hungry, suplies: 10/10
Reproductive: 16, mutating: 0.25
Generation: 12863
####################################
Wall (up, right, down, left):
[-1, -9, -13, 1] [3, 3, 3, 3] [-6, -7, 17, -6] [7, 23, -1, 7] [5, -3, 7, -3] [-13, -12, -1, -7] [5, -3, 5, -2]
[1, 10, -10, -4] [5, 25, 13, 2] [-10, -4, 1, 12] [-18, 0, 11, 14] [14, -11, 11, 5] [-9, 13, 14, 7] [-7, -16, 11, 2]
[-13, 11, 7, -14] [-9, 13, -4, 14] [5, 5, 6, -16] [-31, 6, 27, 4] [-22, -10, -21, 14] [9, -26, 8, 16] [-8, -3, -6, 6]
[-1, -7, 6, -20] [16, 1, 7, -9] [-5, 17, 6, -63] [0, 0, 0, 0] [6, -55, 9, 6] [6, -18, -1, 19] [0, -12, -8, -4]
[-5, -10, -15, -10] [4, 16, -3, 7] [-1, 5, -16, -3] [14, 9, -46, -7] [11, -14, -10, 23] [16, 10, -10, 14] [-9, -22, 6, 16]
[-2, 20, -7, -3] [-8, -3, -7, -19] [2, -3, 6, -3] [2, 2, -8, -5] [13, 4, -6, 5] [7, 7, -5, -6] [16, -6, -8, 8]
[2, -17, -19, -3] [-5, -12, -5, -13] [-12, 3, -9, 0] [0, 21, -10, -3] [11, 2, 3, 11] [4, 2, -11, -7] [0, -3, 15, 3]
Food (up, right, down, left):
[17, -1, -15, 12] [5, 5, -5, -15] [0, -4, -12, 8] [2, -3, 4, -8] [-3, 11, 4, 19] [6, -21, 7, -15] [-15, 5, 17, -18]
[-21, -10, -13, 3] [-10, 7, 1, -9] [11, 21, 7, 14] [-15, 20, -11, 15] [11, -10, 10, -21] [15, -13, 3, 18] [-12, -14, -10, 4]
[-14, 17, 3, 5] [0, 1, 4, -11] [-3, -39, -4, 0] [20, -19, 17, -16] [-21, -7, -5, -3] [6, -9, -3, -12] [22, -2, 15, 14]
[-6, -9, 12, 24] [-18, -11, -23, 7] [-4, 19, -26, -8] [0, 0, 0, 0] [-14, 21, 4, 0] [-11, -3, -15, -3] [-6, -2, -15, -3]
[0, 13, -8, 11] [-13, -5, 14, 8] [12, -4, 6, -3] [-9, -10, 14, -6] [-2, -15, -3, -14] [-17, 15, 23, 8] [3, -5, -14, -31]
[2, -3, 17, 1] [15, -10, 28, 9] [0, 12, 3, 5] [-4, -17, 2, -8] [-10, -10, -6, -9] [-5, 1, -6, 13] [0, 24, -14, 9]
[-1, -14, -15, -6] [9, 6, 0, -17] [-10, 6, 11, 8] [2, -4, 22, -38] [20, 18, -19, 1] [13, 19, 29, 4] [-6, -8, 10, -12]
------------------------------
ALIVE
Head: (3 13)
Body: (3 13) (3 12) (3 11) (4 11) (5 11) (6 11) (7 11) (8 11) (9 11) (10 11) (10 12) (10 13) (11 13) 
Length: 13, 4
Vision: 3
Hungry, suplies: 10/10
Reproductive: 16, mutating: 0.25
Generation: 12858
####################################
Wall (up, right, down, left):
[-1, -9, -13, 1] [3, 3, 3, 3] [-6, -7, 17, -6] [7, 23, -1, 7] [5, -3, 7, -3] [-12, -12, -1, -7] [5, -3, 5, -2]
[1, 10, -10, -4] [5, 25, 13, 2] [-10, -4, 1, 12] [-18, -3, 11, 14] [14, -11, 6, 5] [-9, 13, 14, 7] [-10, -16, 11, 2]
[-13, 11, 7, -14] [-4, 13, -4, 14] [5, 5, 6, -16] [-31, 6, 27, 4] [-22, -10, -21, 14] [9, -26, 8, 16] [-8, -3, -7, 6]
[-1, -12, 6, -20] [16, 1, 7, -9] [-5, 17, 6, -63] [0, 0, 0, 0] [6, -55, 9, 6] [6, -18, -1, 19] [0, -12, -8, -4]
[-5, -10, -15, -10] [4, 16, -3, 7] [-1, 5, -16, -3] [14, 9, -46, -7] [11, -14, -6, 23] [16, 10, -10, 14] [-9, -22, 6, 6]
[-2, 20, -7, -3] [-8, -3, -7, -19] [2, -3, 6, -3] [2, 2, -8, -5] [13, 4, -6, 5] [7, 7, -5, -6] [16, -6, -8, 8]
[2, -17, -19, -3] [-1, -12, -5, -13] [-12, -2, -9, 0] [0, 21, -10, -3] [11, 2, 3, 11] [4, 2, -11, -7] [0, -3, 15, 3]
Food (up, right, down, left):
[17, -1, -15, 12] [5, 5, -5, -15] [0, -4, -12, 8] [2, -3, 4, -8] [-3, 11, 4, 19] [6, -21, 9, -15] [-15, 5, 17, -18]
[-21, -10, -13, 3] [-10, 7, 1, -9] [11, 21, 7, 14] [-15, 20, -7, 15] [11, -10, 10, -21] [15, -13, 3, 18] [-12, -14, -8, 4]
[-14, 17, 3, 5] [0, 1, 4, -6] [-3, -39, -4, 0] [20, -19, 17, -16] [-21, -7, -5, -3] [6, -9, -3, -12] [22, -1, 15, 14]
[-6, -9, 12, 20] [-18, -11, -23, 7] [-9, 19, -26, -8] [0, 0, 0, 0] [-14, 21, 4, 0] [-11, -3, -15, -3] [-6, -2, -15, -3]
[0, 13, -8, 11] [-13, -5, 14, 8] [12, -4, 6, -3] [-9, -10, 14, -6] [-2, -17, -3, -14] [-17, 15, 23, 8] [3, -5, -14, -27]
[2, -3, 17, 1] [15, -10, 28, 9] [0, 12, 3, 5] [-4, -17, 2, -8] [-10, -10, -6, -9] [-5, 1, -6, 13] [0, 24, -14, 9]
[-1, -14, -15, -6] [9, 8, 0, -17] [-5, 6, 11, 8] [2, -4, 22, -38] [20, 18, -19, 1] [13, 19, 29, 4] [-6, -8, 10, -12]
------------------------------
ALIVE
Head: (4 6)
Body: (4 6) (5 6) (6 6) (6 7) (7 7) (8 7) (9 7) (9 6) (9 5) (8 5) (8 4) 
Length: 11, 4
Vision: 3
Hungry, suplies: 1/10
Reproductive: 16, mutating: 0.25
Generation: 12862
####################################
Wall (up, right, down, left):
[-1, -9, -13, 1] [3, 3, 3, 3] [-6, -7, 17, -6] [7, 23, -1, 7] [5, -3, 7, -3] [-13, -12, -1, -7] [5, -3, 5, -2]
[1, 10, -10, -4] [5, 25, 13, 2] [-10, -4, 1, 12] [-18, -3, 11, 14] [14, -11, 6, 5] [-9, 13, 14, 7] [-10, -16, 11, 2]
[-13, 11, 7, -14] [-4, 10, -4, 14] [5, 5, 6, -16] [-31, 6, 27, 4] [-22, -10, -21, 14] [9, -26, 8, 16] [-8, -3, -6, 6]
[-1, -12, 6, -20] [16, 1, 7, -9] [-5, 17, 6, -63] [0, 0, 0, 0] [6, -55, 9, 6] [6, -18, -1, 19] [0, -12, -8, -4]
[-5, -10, -15, -10] [4, 16, -3, 7] [-1, 5, -16, -3] [14, 9, -46, -7] [11, -14, -6, 23] [16, 10, -10, 14] [-9, -22, 6, 6]
[-2, 20, -7, -3] [-8, -3, -7, -19] [2, -3, 6, -3] [2, 2, -8, -5] [13, 4, -6, 5] [7, 7, -5, -6] [16, -6, -8, 8]
[2, -17, -19, -3] [-1, -12, -5, -13] [-12, -2, -9, 0] [0, 21, -10, -3] [11, 2, 3, 11] [4, 2, -11, -7] [0, -3, 15, 3]
Food (up, right, down, left):
[17, -1, -15, 12] [5, 5, -5, -15] [0, -4, -12, 8] [2, -3, 4, -8] [-3, 11, 4, 19] [6, -21, 7, -15] [-15, 5, 17, -18]
[-21, -10, -13, 3] [-10, 7, 1, -9] [11, 21, 7, 14] [-15, 20, -7, 15] [11, -10, 10, -21] [15, -13, 3, 18] [-12, -14, -8, 4]
[-14, 17, 3, 5] [0, 1, 8, -6] [-3, -39, -4, 0] [20, -19, 17, -16] [-21, -7, -5, -3] [6, -9, -3, -12] [22, -2, 15, 14]
[-6, -9, 12, 20] [-18, -11, -23, 7] [-9, 19, -26, -8] [0, 0, 0, 0] [-14, 21, 4, 0] [-11, -3, -15, -3] [-6, -2, -15, -3]
[0, 13, -8, 11] [-13, -5, 14, 8] [12, -4, 6, -3] [-9, -10, 14, -6] [-2, -17, -3, -14] [-17, 15, 23, 8] [3, -5, -14, -27]
[2, -3, 17, 1] [15, -10, 28, 9] [0, 12, 3, 5] [-4, -17, 2, -8] [-10, -10, -6, -9] [-5, 1, -6, 13] [0, 24, -14, 9]
[-1, -14, -15, -6] [9, 8, 0, -17] [-5, 6, 11, 8] [2, -4, 22, -38] [20, 18, -19, 1] [13, 19, 29, 4] [-6, -8, 10, -12]
------------------------------
ALIVE
Head: (23 31)
Body: (23 31) (23 30) (-1 30) (0 30) (1 30) (2 30) (3 30) (4 30) 
Length: 8, 4
Vision: 3
Hungry, suplies: 7/10
Reproductive: 16, mutating: 0.25
Generation: 12859
####################################
Wall (up, right, down, left):
[-1, -9, -13, 1] [3, 3, 3, 3] [-6, -7, 17, -6] [7, 23, -1, 7] [5, -3, 7, -3] [-12, -12, -1, -7] [5, -3, 5, -2]
[1, 10, -10, -4] [5, 25, 13, 2] [-10, -4, 1, 12] [-18, -3, 11, 14] [14, -11, 6, 5] [-9, 13, 14, 7] [-10, -16, 11, 2]
[-13, 11, 7, -14] [-4, 13, -4, 14] [5, 5, 6, -16] [-31, 6, 27, 4] [-22, -10, -21, 14] [9, -26, 8, 16] [-8, -3, -7, 6]
[-1, -12, 6, -20] [16, 1, 7, -9] [-5, 17, 6, -63] [0, 0, 0, 0] [6, -55, 9, 6] [6, -18, -1, 19] [0, -12, -8, -4]
[-5, -10, -15, -10] [4, 16, -3, 7] [-1, 5, -16, -3] [14, 9, -46, -7] [11, -14, -6, 23] [16, 10, -10, 14] [-9, -22, 6, 6]
[-2, 20, -7, -3] [-8, -3, -7, -19] [2, -3, 6, -3] [2, 2, -8, -5] [13, 4, -6, 5] [7, 7, -5, -6] [16, -6, -8, 8]
[6, -17, -19, -3] [-1, -12, -5, -13] [-12, -2, -9, 0] [0, 21, -10, -3] [11, 2, 3, 11] [4, 2, -11, -7] [0, -3, 15, 3]
Food (up, right, down, left):
[17, -1, -15, 12] [5, 5, -5, -15] [0, -4, -12, 8] [2, -3, 4, -8] [-3, 11, 4, 19] [6, -21, 9, -15] [-15, 5, 17, -18]
[-21, -10, -13, 3] [-10, 7, 1, -9] [11, 21, 7, 14] [-15, 20, -7, 15] [11, -10, 10, -21] [15, -13, 3, 18] [-12, -14, -8, 4]
[-14, 17, 3, 5] [0, 1, 4, -6] [-3, -39, -4, 0] [20, -19, 17, -16] [-21, -7, -5, -3] [6, -12, -3, -12] [22, -1, 15, 14]
[-6, -9, 12, 20] [-18, -11, -23, 7] [-9, 19, -26, -8] [0, 0, 0, 0] [-14, 21, 4, 0] [-11, -3, -15, -3] [-6, -2, -15, -3]
[0, 13, -8, 11] [-13, -5, 14, 8] [12, -4, 6, -3] [-9, -10, 14, -6] [-2, -17, -3, -14] [-17, 15, 23, 8] [3, -5, -14, -27]
[2, -3, 17, 1] [15, -10, 28, 9] [0, 12, 3, 5] [-4, -17, 2, -8] [-10, -10, -6, -9] [-5, 1, -6, 13] [0, 24, -14, 9]
[-1, -14, -15, -9] [9, 8, 0, -17] [-5, 6, 11, 8] [2, -4, 22, -38] [20, 18, -19, 1] [13, 19, 29, 4] [-6, -8, 10, -12]
------------------------------
ALIVE
Head: (12 20)
Body: (12 20) (12 19) (11 19) (11 18) (11 17) (12 17) (13 17) (14 17) (14 18) 
Length: 9, 4
Vision: 3
Hungry, suplies: 9/10
Reproductive: 16, mutating: 0.25
Generation: 12863
####################################
Wall (up, right, down, left):
[-1, -9, -13, 1] [3, 3, 3, 3] [-6, -7, 17, -6] [7, 23, -1, 7] [5, -3, 7, -3] [-12, -12, -1, -7] [5, -3, 5, -2]
[1, 10, -10, -4] [5, 25, 13, 2] [-10, -4, 1, 12] [-18, -3, 11, 14] [14, -11, 6, 5] [-9, 13, 14, 7] [-10, -16, 11, 2]
[-13, 11, 7, -14] [-4, 13, -4, 14] [5, 5, 6, -16] [-31, 6, 27, 4] [-22, -10, -21, 14] [9, -26, 8, 16] [-8, -3, -7, 6]
[-1, -12, 6, -20] [16, 1, 7, -9] [-5, 17, 6, -63] [0, 0, 0, 0] [6, -55, 9, 6] [6, -18, -1, 19] [0, -12, -8, -4]
[-5, -10, -15, -10] [4, 16, -3, 7] [-1, 5, -16, -3] [14, 9, -46, -7] [11, -14, -6, 23] [16, 10, -10, 14] [-9, -22, 6, 6]
[-2, 20, -7, -3] [-8, -3, -7, -19] [2, -3, 6, -3] [2, 2, -8, -5] [13, 4, -6, 5] [7, 7, -5, -6] [16, -6, -8, 8]
[2, -17, -19, -3] [-1, -12, -5, -13] [-12, -2, -9, 0] [0, 21, -10, -3] [11, 2, 3, 11] [4, 3, -11, -7] [0, -3, 15, 3]
Food (up, right, down, left):
[17, -1, -15, 12] [5, 5, -5, -15] [0, -4, -12, 8] [2, -3, 4, -8] [-3, 11, 4, 19] [6, -21, 9, -15] [-15, 5, 17, -18]
[-21, -10, -13, 3] [-10, 7, 1, -9] [11, 21, 7, 14] [-15, 20, -7, 15] [11, -10, 10, -21] [15, -13, 3, 18] [-12, -14, -8, 4]
[-14, 17, 3, 5] [0, 1, 4, -6] [-3, -39, -4, 0] [20, -19, 17, -16] [-21, -7, -5, -3] [6, -9, -3, -12] [22, -1, 15, 14]
[-6, -9, 12, 20] [-18, -11, -23, 7] [-9, 19, -26, -8] [0, 0, 0, 0] [-14, 21, 4, 0] [-11, -3, -15, -3] [-6, -2, -15, -3]
[0, 13, -8, 11] [-13, -5, 14, 8] [12, -4, 6, -3] [-9, -10, 14, -6] [-2, -17, -3, -14] [-17, 15, 23, 8] [3, -5, -14, -27]
[2, -3, 17, 1] [15, -10, 28, 9] [0, 12, 3, 5] [-4, -17, 2, -8] [-10, -10, -6, -9] [-5, 1, -6, 13] [0, 24, -14, 9]
[-1, -14, -15, -6] [9, 8, 0, -17] [-5, 6, 11, 8] [2, -4, 22, -38] [20, 18, -19, 1] [13, 24, 29, 4] [-6, -8, 10, -12]
------------------------------
ALIVE
Head: (2 47)
Body: (2 47) (1 47) (0 47) (0 46) (0 45) (24 45) (23 45) (22 45) (22 46) (23 46) 
Length: 10, 4
Vision: 3
Hungry, suplies: 6/10
Reproductive: 16, mutating: 0.25
Generation: 12861
####################################
Wall (up, right, down, left):
[-1, -9, -13, 1] [3, 3, 3, 3] [-6, -7, 17, -6] [7, 23, -1, 7] [5, -3, 7, -3] [-13, -12, -1, -7] [5, -3, 5, -2]
[1, 10, -10, -4] [5, 25, 13, 2] [-10, -4, 1, 12] [-18, -3, 11, 14] [14, -11, 6, 5] [-9, 13, 14, 7] [-10, -16, 11, 2]
[-13, 11, 7, -14] [-4, 13, -4, 14] [5, 5, 6, -16] [-31, 6, 27, 4] [-22, -10, -21, 14] [9, -26, 8, 16] [-8, -3, -6, 6]
[-1, -12, 6, -20] [16, 1, 7, -9] [-5, 17, 6, -63] [0, 0, 0, 0] [6, -55, 9, 6] [6, -18, -1, 19] [0, -12, -8, -4]
[-5, -10, -15, -10] [4, 16, -3, 7] [-1, 5, -16, -3] [14, 9, -46, -7] [11, -14, -6, 23] [16, 10, -10, 14] [-9, -22, 6, 6]
[-2, 20, -7, -3] [-8, -3, -7, -19] [2, -3, 6, -3] [2, 2, -8, -5] [13, 4, -6, 5] [7, 7, -7, -6] [16, -6, -8, 8]
[2, -17, -19, -3] [-1, -12, -5, -13] [-12, -2, -9, 0] [0, 21, -10, -3] [11, 2, 3, 11] [4, 2, -11, -7] [0, -3, 15, 3]
Food (up, right, down, left):
[17, -1, -15, 12] [5, 5, -5, -15] [0, -4, -12, 8] [2, -3, 4, -8] [-3, 11, 4, 19] [6, -21, 7, -15] [-15, 5, 17, -18]
[-21, -10, -13, 3] [-10, 7, 1, -9] [11, 21, 7, 14] [-15, 20, -7, 15] [11, -10, 10, -21] [15, -13, 3, 18] [-12, -14, -8, 4]
[-14, 17, 3, 5] [0, 1, 4, -6] [-3, -39, -4, 0] [20, -19, 17, -16] [-21, -7, -5, -3] [6, -9, -3, -12] [22, -2, 15, 14]
[-6, -9, 12, 20] [-18, -11, -23, 7] [-9, 19, -26, -8] [0, 0, 0, 0] [-14, 21, 4, 0] [-11, -3, -15, -3] [-6, -2, -15, -3]
[0, 13, -8, 11] [-13, -5, 14, 8] [12, -4, 6, -3] [-9, -10, 14, -6] [-2, -17, -3, -14] [-17, 15, 23, 8] [3, -5, -14, -27]
[2, -3, 17, 1] [15, -10, 28, 9] [0, 12, 3, 5] [-4, -17, 2, -8] [-10, -10, -6, -9] [-5, 1, -6, 14] [0, 24, -14, 9]
[-1, -14, -15, -6] [9, 8, 0, -17] [-5, 6, 11, 8] [2, -4, 22, -38] [20, 18, -19, 1] [13, 19, 29, 4] [-6, -8, 10, -12]
------------------------------
ALIVE
Head: (18 20)
Body: (18 20) (17 20) (17 19) (17 18) (17 17) (17 16) (17 15) (16 15) (15 15) (15 14) (15 13) 
Length: 11, 4
Vision: 3
Hungry, suplies: 4/10
Reproductive: 16, mutating: 0.25
Generation: 12859
####################################
Wall (up, right, down, left):
[-1, -9, -13, 1] [3, 3, 3, 3] [-6, -7, 17, -6] [7, 23, -1, 7] [5, -3, 7, -3] [-12, -12, -1, -7] [5, -3, 5, -2]
[1, 10, -10, -4] [5, 25, 13, 2] [-10, -4, 1, 12] [-18, -3, 11, 14] [14, -11, 6, 5] [-9, 13, 14, 7] [-10, -16, 11, 2]
[-13, 11, 12, -14] [-4, 13, -4, 14] [5, 5, 6, -16] [-31, 6, 27, 4] [-22, -10, -21, 14] [9, -26, 8, 16] [-8, -3, -7, 6]
[-1, -12, 6, -20] [16, 1, 7, -9] [-5, 17, 6, -63] [0, 0, 0, 0] [6, -55, 9, 6] [6, -18, -1, 19] [0, -12, -8, -4]
[-5, -10, -15, -10] [4, 16, -3, 7] [-1, 5, -16, -3] [14, 9, -46, -7] [11, -14, -6, 23] [16, 10, -10, 14] [-9, -22, 6, 6]
[-2, 20, -7, -3] [-8, -3, -7, -19] [2, -3, 6, -3] [2, 2, -8, -5] [13, 4, -6, 5] [7, 7, -5, -6] [16, -6, -8, 8]
[2, -17, -19, -3] [-1, -12, -5, -13] [-12, -2, -9, 0] [0, 21, -10, -3] [11, 2, 3, 11] [4, 2, -11, -7] [0, -3, 15, 3]
Food (up, right, down, left):
[17, -1, -15, 12] [5, 5, -5, -15] [0, -4, -12, 8] [2, -3, 4, -8] [-3, 11, 4, 19] [6, -21, 9, -15] [-15, 5, 17, -18]
[-21, -10, -13, 3] [-10, 7, 1, -9] [11, 21, 7, 14] [-15, 20, -7, 15] [11, -10, 10, -21] [15, -13, 3, 18] [-12, -14, -8, 4]
[-14, 17, -1, 5] [0, 1, 4, -6] [-3, -39, -4, 0] [20, -19, 17, -16] [-21, -7, -5, -3] [6, -9, -3, -12] [22, -1, 15, 14]
[-6, -9, 12, 20] [-18, -11, -23, 7] [-9, 19, -26, -8] [0, 0, 0, 0] [-14, 21, 4, 0] [-11, -3, -15, -3] [-6, -2, -15, -3]
[0, 13, -8, 11] [-13, -5, 14, 8] [12, -4, 6, -3] [-9, -10, 14, -6] [-2, -17, -3, -14] [-17, 15, 23, 8] [3, -5, -14, -27]
[2, -3, 17, 1] [15, -10, 28, 9] [0, 12, 3, 5] [-4, -17, 2, -8] [-10, -10, -6, -9] [-5, 1, -6, 13] [0, 24, -14, 9]
[-1, -14, -15, -6] [9, 8, 0, -17] [-5, 6, 11, 8] [2, -4, 22, -38] [20, 18, -19, 1] [13, 19, 29, 4] [-6, -8, 10, -12]
------------------------------
ALIVE
Head: (18 42)
Body: (18 42) (18 41) (18 40) (17 40) (16 40) (15 40) (14 40) (14 41) (13 41) (13 42) (13 43) 
Length: 11, 4
Vision: 3
Hungry, suplies: 7/10
Reproductive: 16, mutating: 0.25
Generation: 12861
####################################
Wall (up, right, down, left):
[-1, -9, -13, 1] [3, 3, 3, 3] [-6, -7, 17, -6] [7, 23, -1, 7] [5, -3, 7, -3] [-12, -12, -1, -7] [5, -3, 5, -2]
[1, 10, -10, -4] [5, 25, 13, 2] [-10, -4, 1, 12] [-18, -3, 11, 14] [14, -11, 6, 5] [-9, 13, 14, 7] [-10, -16, 8, 2]
[-13, 11, 7, -14] [-4, 13, -4, 14] [5, 5, 6, -16] [-31, 6, 27, 4] [-22, -10, -21, 14] [9, -26, 8, 16] [-8, -3, -7, 6]
[-1, -12, 6, -20] [16, 1, 7, -9] [-5, 17, 6, -63] [0, 0, 0, 0] [6, -55, 9, 2] [6, -18, -1, 19] [0, -12, -8, -4]
[-5, -10, -15, -10] [4, 16, -3, 7] [-1, 5, -16, -3] [14, 9, -46, -7] [11, -14, -6, 23] [16, 10, -10, 14] [-9, -22, 6, 6]
[-2, 20, -7, -3] [-8, -3, -7, -19] [2, -3, 6, -3] [2, 2, -8, -5] [13, 4, -6, 5] [7, 7, -5, -6] [16, -6, -8, 8]
[2, -17, -19, -3] [-1, -12, -5, -13] [-12, -2, -9, 0] [0, 21, -10, -3] [11, 2, 3, 11] [4, 2, -11, -7] [0, -3, 15, 3]
Food (up, right, down, left):
[17, -1, -15, 12] [5, 5, -5, -15] [0, -4, -12, 8] [2, -3, 4, -8] [-3, 11, 4, 19] [6, -21, 9, -15] [-15, 5, 17, -18]
[-21, -10, -13, 3] [-10, 7, 1, -9] [11, 21, 7, 14] [-15, 20, -7, 15] [11, -10, 10, -21] [15, -13, 3, 18] [-12, -14, -8, 0]
[-14, 17, 3, 5] [0, 1, 4, -6] [-3, -39, -4, 0] [20, -19, 17, -16] [-21, -7, -5, -3] [6, -9, -3, -12] [22, -1, 15, 14]
[-6, -9, 12, 20] [-18, -11, -23, 7] [-9, 19, -26, -8] [0, 0, 0, 0] [-14, 17, 4, 0] [-11, -3, -15, -3] [-6, -2, -15, -3]
[0, 13, -8, 11] [-13, -5, 14, 8] [12, -4, 6, -3] [-9, -10, 14, -6] [-2, -17, -3, -14] [-17, 15, 23, 8] [3, -5, -14, -27]
[2, -3, 17, 1] [15, -10, 28, 9] [0, 12, 3, 5] [-4, -17, 2, -8] [-10, -10, -6, -9] [-5, 1, -6, 13] [0, 24, -14, 9]
[-1, -14, -15, -6] [9, 8, 0, -17] [-5, 6, 11, 8] [2, -4, 22, -38] [20, 18, -19, 1] [13, 19, 29, 4] [-6, -8, 10, -12]
------------------------------
ALIVE
Head: (11 27)
Body: (11 27) (10 27) (9 27) (9 26) (10 26) (11 26) (12 26) (13 26) (14 26) (15 26) (15 25) (15 24) (15 23) 
Length: 13, 4
Vision: 3
Hungry, suplies: 6/10
Reproductive: 16, mutating: 0.25
Generation: 12863
####################################
Wall (up, right, down, left):
[-1, -9, -13, 1] [3, 3, 3, 3] [-6, -7, 17, -6] [7, 23, -1, 7] [5, -3, 7, -3] [-12, -12, -1, -7] [5, -3, 5, -2]
[1, 10, -10, -4] [5, 25, 13, 2] [-10, -4, 1, 12] [-18, -3, 11, 14] [14, -11, 6, 5] [-9, 13, 14, 7] [-10, -16, 11, 2]
[-13, 11, 7, -14] [-4, 13, -4, 14] [5, 5, 6, -16] [-31, 6, 27, 4] [-22, -10, -21, 14] [9, -26, 8, 16] [-8, -3, -7, 6]
[-1, -12, 6, -20] [16, 1, 7, -9] [-5, 17, 6, -63] [0, 0, 0, 0] [8, -55, 9, 6] [6, -18, -1, 19] [0, -12, -8, -4]
[-5, -10, -15, -10] [4, 16, -3, 7] [-1, 5, -16, -3] [14, 9, -46, -7] [11, -14, -6, 23] [16, 10, -10, 14] [-9, -22, 6, 6]
[-2, 20, -7, -3] [-8, -3, -7, -19] [2, -3, 6, -3] [2, 2, -8, -5] [13, 4, -6, 5] [7, 7, -5, -6] [16, -6, -8, 8]
[2, -17, -19, -3] [-1, -12, -5, -13] [-12, -2, -9, 0] [0, 21, -10, -3] [11, 2, 3, 11] [4, 2, -11, -7] [0, -3, 15, 3]
Food (up, right, down, left):
[17, -1, -15, 12] [5, 5, -5, -15] [0, -4, -12, 8] [2, -3, 4, -8] [-3, 11, 4, 19] [6, -21, 9, -15] [-15, 5, 17, -18]
[-21, -10, -13, 3] [-10, 7, 1, -9] [11, 21, 7, 14] [-15, 20, -7, 15] [11, -10, 10, -21] [15, -13, 3, 18] [-12, -14, -8, 4]
[-14, 17, 3, 5] [0, 1, 4, -6] [-3, -39, -4, 0] [20, -19, 17, -16] [-21, -7, -5, -3] [6, -9, -3, -12] [22, -1, 15, 14]
[-6, -9, 12, 20] [-18, -11, -23, 7] [-9, 19, -26, -8] [0, 0, 0, 0] [-9, 21, 4, 0] [-11, -3, -15, -3] [-6, -2, -15, -3]
[0, 13, -8, 11] [-13, -5, 14, 8] [12, -4, 6, -3] [-9, -10, 14, -6] [-2, -17, -3, -14] [-17, 15, 23, 8] [3, -5, -14, -27]
[2, -3, 17, 1] [15, -10, 28, 9] [0, 12, 3, 5] [-4, -17, 2, -8] [-10, -10, -6, -9] [-5, 1, -6, 13] [0, 24, -14, 9]
[-1, -14, -15, -6] [9, 8, 0, -17] [-5, 6, 11, 8] [2, -4, 22, -38] [20, 18, -19, 1] [13, 19, 29, 4] [-6, -8, 10, -12]
------------------------------
ALIVE
Head: (17 25)
Body: (17 25) (17 26) (17 27) (17 28) (17 29) (18 29) (19 29) (19 30) (19 31) 
Length: 9, 4
Vision: 3
Hungry, suplies: 6/10
Reproductive: 16, mutating: 0.25
Generation: 12861
####################################
Wall (up, right, down, left):
[-1, -9, -13, 1] [3, 3, 3, 3] [-6, -7, 17, -6] [7, 23, -1, 7] [5, -3, 7, -3] [-12, -12, -1, -7] [5, -3, 5, -2]
[1, 10, -10, -4] [5, 25, 13, 2] [-10, -4, 1, 12] [-18, -3, 11, 14] [14, -11, 6, 5] [-9, 13, 14, 7] [-10, -16, 11, 2]
[-13, 11, 7, -14] [-4, 13, -4, 14] [5, 5, 6, -16] [-31, 6, 27, 4] [-22, -10, -21, 14] [9, -26, 8, 16] [-8, -3, -7, 6]
[-1, -12, 6, -20] [16, 1, 7, -9] [-5, 17, 6, -63] [0, 0, 0, 0] [6, -55, 9, 6] [6, -18, -1, 19] [0, -12, -8, -4]
[-5, -10, -15, -10] [4, 16, -3, 7] [-1, 5, -16, -3] [14, 9, -46, -7] [11, -14, -6, 23] [16, 10, -10, 14] [-9, -22, 6, 6]
[-2, 20, -7, -3] [-8, -3, -7, -19] [2, -4, 6, -3] [2, 2, -8, -5] [13, 4, -6, 5] [7, 7, -5, -6] [16, -6, -8, 8]
[2, -17, -19, -3] [-1, -12, -5, -13] [-12, -2, -9, 0] [0, 21, -10, -3] [11, 2, 3, 11] [4, 2, -11, -7] [0, -3, 15, 3]
Food (up, right, down, left):
[17, -1, -15, 12] [5, 5, -5, -15] [0, -4, -12, 8] [2, -3, 4, -8] [-3, 11, 4, 19] [6, -21, 9, -15] [-15, 5, 17, -18]
[-21, -10, -13, 3] [-10, 7, 1, -9] [11, 21, 7, 14] [-15, 20, -7, 15] [11, -10, 10, -21] [15, -13, 3, 18] [-12, -14, -8, 4]
[-14, 17, 3, 5] [0, 1, 4, -6] [-3, -39, -4, 0] [20, -19, 17, -16] [-21, -7, -5, -3] [6, -9, -3, -12] [22, -1, 15, 14]
[-6, -9, 12, 20] [-18, -11, -23, 7] [-9, 19, -26, -8] [0, 0, 0, 0] [-14, 21, 4, 0] [-11, -3, -15, -3] [-6, -2, -15, -3]
[0, 13, -8, 11] [-13, -5, 14, 8] [12, -4, 6, -3] [-9, -10, 14, -6] [-2, -17, -3, -14] [-17, 15, 23, 8] [3, -5, -14, -27]
[2, -3, 17, 1] [15, -10, 28, 9] [0, 12, 3, 6] [-4, -17, 2, -8] [-10, -10, -6, -9] [-5, 1, -6, 13] [0, 24, -14, 9]
[-1, -14, -15, -6] [9, 8, 0, -17] [-5, 6, 11, 8] [2, -4, 22, -38] [20, 18, -19, 1] [13, 19, 29, 4] [-6, -8, 10, -12]
------------------------------
ALIVE
Head: (8 49)
Body: (8 49) (8 48) (9 48) (10 48) (11 48) (11 49) (11 50) (10 50) (10 51) (10 52) (9 52) (8 52) (7 52) (7 51) (7 50) 
Length: 15, 4
Vision: 3
Hungry, suplies: 3/10
Reproductive: 16, mutating: 0.25
Generation: 12862
####################################
Wall (up, right, down, left):
[-1, -9, -13, 1] [3, 3, 3, 3] [-6, -7, 17, -6] [7, 23, -1, 7] [5, -3, 7, -3] [-12, -12, -1, -7] [5, -3, 5, -2]
[1, 10, -10, -4] [5, 25, 13, 2] [-10, -4, 1, 12] [-18, -3, 11, 14] [14, -11, 6, 5] [-9, 13, 14, 7] [-10, -16, 11, 2]
[-13, 11, 7, -14] [-4, 13, -4, 14] [5, 5, 6, -16] [-31, 6, 27, 4] [-22, -10, -21, 14] [9, -26, 8, 16] [-8, -3, -7, 6]
[-1, -12, 6, -20] [16, 1, 7, -9] [-5, 17, 6, -63] [0, 0, 0, 0] [6, -55, 9, 6] [6, -18, -1, 19] [0, -12, -8, -4]
[-5, -10, -15, -10] [4, 16, -3, 7] [-1, 5, -16, -3] [14, 9, -46, -7] [11, -14, -6, 23] [16, 10, -10, 14] [-9, -22, 6, 6]
[-2, 20, -7, -3] [-8, -3, -7, -19] [2, -3, 6, -3] [2, 2, -8, -5] [13, 4, -6, 5] [7, 7, -5, -6] [16, -6, -8, 8]
[2, -17, -19, -3] [-1, -12, -5, -13] [-12, -2, -9, 0] [0, 21, -10, -3] [11, 2, 3, 11] [4, 2, -12, -7] [0, -3, 15, 3]
Food (up, right, down, left):
[17, -1, -15, 12] [5, 5, -5, -15] [0, -4, -12, 8] [2, -3, 4, -8] [-3, 11, 4, 19] [6, -21, 9, -15] [-15, 5, 17, -18]
[-21, -10, -13, 3] [-10, 7, 1, -9] [11, 21, 7, 14] [-15, 20, -7, 15] [11, -10, 10, -21] [15, -13, 3, 18] [-12, -14, -8, 4]
[-14, 17, 3, 5] [0, 1, 4, -6] [-3, -39, -4, 0] [20, -19, 17, -16] [-21, -7, -5, -3] [6, -9, -3, -12] [22, -1, 15, 14]
[-6, -9, 12, 20] [-18, -11, -23, 7] [-9, 19, -26, -8] [0, 0, 0, 0] [-14, 21, 4, 0] [-11, -3, -15, -3] [-6, -2, -15, -3]
[0, 13, -8, 11] [-13, -5, 14, 8] [12, -4, 6, -3] [-9, -10, 14, -6] [-2, -17, -3, -14] [-17, 15, 23, 8] [3, -5, -14, -27]
[2, -3, 17, 1] [15, -10, 28, 9] [0, 12, 3, 5] [-4, -17, 2, -8] [-10, -10, -6, -9] [-5, 1, -6, 13] [0, 24, -14, 9]
[-1, -14, -15, -6] [9, 8, 0, -17] [-5, 6, 11, 8] [2, -4, 22, -38] [20, 18, -19, 1] [13, 19, 24, 4] [-6, -8, 10, -12]
------------------------------
ALIVE
Head: (21 51)
Body: (21 51) (22 51) (23 51) (24 51) (24 52) (23 52) (23 53) (23 54) (23 55) (23 -1) (23 0) (23 1) (22 1) (22 2) 
Length: 14, 4
Vision: 3
Hungry, suplies: 8/10
Reproductive: 16, mutating: 0.25
Generation: 12862
####################################
Wall (up, right, down, left):
[-1, -9, -13, 1] [3, 3, 3, 3] [-6, -7, 17, -6] [7, 23, -1, 7] [5, -3, 6, -3] [-12, -12, -1, -7] [5, -3, 5, -2]
[1, 10, -10, -4] [5, 25, 13, 2] [-10, -4, 1, 12] [-18, -3, 11, 14] [14, -11, 6, 5] [-9, 13, 14, 7] [-10, -16, 11, 2]
[-13, 11, 7, -14] [-4, 13, -4, 14] [5, 5, 6, -16] [-31, 6, 27, 4] [-22, -10, -21, 14] [9, -26, 8, 16] [-8, -3, -7, 6]
[-1, -12, 6, -20] [16, 1, 7, -9] [-5, 17, 6, -63] [0, 0, 0, 0] [6, -55, 9, 6] [6, -18, -1, 19] [0, -12, -8, -4]
[-5, -10, -15, -10] [4, 16, -3, 7] [-1, 5, -16, -3] [14, 9, -46, -7] [11, -14, -6, 23] [16, 10, -10, 14] [-9, -22, 6, 6]
[-2, 20, -7, -3] [-8, -3, -7, -19] [2, -3, 6, -3] [2, 2, -8, -5] [13, 4, -6, 5] [7, 7, -5, -6] [16, -6, -8, 8]
[2, -17, -19, -3] [-1, -12, -5, -13] [-12, -2, -9, 0] [0, 21, -10, -3] [11, 2, 3, 11] [4, 2, -11, -7] [0, -3, 15, 3]
Food (up, right, down, left):
[17, -1, -15, 12] [5, 5, -5, -15] [0, -4, -12, 8] [2, -3, 4, -8] [-3, 11, 5, 19] [6, -21, 9, -15] [-15, 5, 17, -18]
[-21, -10, -13, 3] [-10, 7, 1, -9] [11, 21, 7, 14] [-15, 20, -7, 15] [11, -10, 10, -21] [15, -13, 3, 18] [-12, -14, -8, 4]
[-14, 17, 3, 5] [0, 1, 4, -6] [-3, -39, -4, 0] [20, -19, 17, -16] [-21, -7, -5, -3] [6, -9, -3, -12] [22, -1, 15, 14]
[-6, -9, 12, 20] [-18, -11, -23, 7] [-9, 19, -26, -8] [0, 0, 0, 0] [-14, 21, 4, 0] [-11, -3, -15, -3] [-6, -2, -15, -3]
[0, 13, -8, 11] [-13, -5, 14, 8] [12, -4, 6, -3] [-9, -10, 14, -6] [-2, -17, -3, -14] [-17, 15, 23, 8] [3, -5, -14, -27]
[2, -3, 17, 1] [15, -10, 28, 9] [0, 12, 3, 5] [-4, -17, 2, -8] [-10, -10, -6, -9] [-5, 1, -6, 13] [0, 24, -14, 9]
[-1, -14, -15, -6] [9, 8, 0, -17] [-5, 6, 11, 8] [2, -4, 22, -38] [20, 18, -19, 1] [13, 19, 29, 4] [-6, -8, 10, -12]
------------------------------
ALIVE
Head: (6 21)
Body: (6 21) (5 21) (4 21) (3 21) (3 20) (3 19) (3 18) (4 18) 
Length: 8, 4
Vision: 3
Hungry, suplies: 7/10
Reproductive: 16, mutating: 0.25
Generation: 12862
####################################
Wall (up, right, down, left):
[-1, -9, -13, 1] [3, 3, 3, 3] [-6, -7, 17, -6] [7, 23, -1, 7] [5, -3, 7, -3] [-12, -12, -1, -7] [5, -3, 5, -2]
[1, 10, -10, -4] [5, 25, 13, 2] [-10, -4, 1, 12] [-18, -3, 11, 14] [14, -11, 6, 5] [-9, 13, 14, 7] [-10, -16, 11, 2]
[-13, 11, 7, -14] [-4, 13, -4, 14] [5, 5, 6, -16] [-31, 6, 27, 4] [-22, -10, -21, 14] [9, -26, 8, 16] [-8, -3, -7, 6]
[-1, -12, 6, -20] [16, 1, 7, -9] [-5, 17, 6, -63] [0, 0, 0, 0] [6, -55, 9, 6] [6, -18, -1, 19] [0, -12, -8, -4]
[-5, -10, -15, -10] [4, 16, -3, 7] [-1, 5, -16, -3] [14, 9, -46, -7] [11, -14, -6, 23] [16, 10, -10, 14] [-9, -22, 6, 6]
[-2, 20, -7, -3] [-8, -3, -7, -19] [2, -3, 6, -3] [2, 2, -8, -5] [13, 4, -6, 5] [7, 7, -5, -6] [16, -6, -8, 8]
[2, -17, -19, -3] [-1, -12, -5, -13] [-12, -2, -9, 0] [0, 21, -10, -3] [11, 2, 3, 11] [4, 2, -11, -7] [0, -3, 15, 3]
Food (up, right, down, left):
[17, -1, -15, 12] [5, 5, -5, -15] [0, -4, -12, 8] [2, -3, 4, -8] [-3, 11, 4, 19] [6, -21, 9, -15] [-15, 5, 17, -18]
[-21, -10, -13, 3] [-10, 7, 1, -9] [11, 21, 7, 14] [-15, 20, -7, 15] [11, -10, 10, -21] [15, -13, 3, 18] [-12, -14, -8, 4]
[-14, 17, 3, 5] [0, 1, 4, -6] [-3, -39, -4, 0] [20, -19, 17, -16] [-21, -7, -5, -3] [6, -9, -3, -12] [22, -1, 15, 14]
[-6, -9, 12, 20] [-18, -11, -23, 7] [-9, 19, -26, -8] [0, 0, 0, 0] [-14, 21, 4, 0] [-11, -3, -15, -3] [-6, -2, -15, -3]
[0, 13, -8, 11] [-13, -5, 14, 8] [12, -4, 6, -3] [-9, -10, 14, -6] [-2, -17, -3, -14] [-17, 15, 23, 8] [3, -5, -14, -27]
[2, -3, 17, 1] [15, -10, 28, 9] [0, 12, 3, 5] [-4, -17, 2, -8] [-10, -10, -6, -9] [-5, 1, -6, 13] [0, 24, -14, 9]
[-1, -14, -15, -6] [9, 8, 0, -17] [-5, 6, 11, 8] [2, -4, 22, -38] [20, 18, -19, 1] [13, 19, 29, 4] [-6, -8, 10, -12]
------------------------------
ALIVE
Head: (7 42)
Body: (7 42) (6 42) (5 42) (4 42) (3 42) (2 42) (2 43) (1 43) (0 43) (24 43) (23 43) (22 43) 
Length: 12, 4
Vision: 3
Hungry, suplies: 10/10
Reproductive: 16, mutating: 0.25
Generation: 12861
####################################
Wall (up, right, down, left):
[-1, -9, -13, 1] [3, 3, 3, 3] [-6, -7, 17, -6] [7, 23, -1, 7] [5, -3, 7, -3] [-13, -12, -1, -7] [5, -3, 5, -2]
[1, 10, -10, -4] [5, 25, 13, 2] [-10, -4, 1, 12] [-18, 0, 11, 14] [14, -11, 11, 5] [-9, 13, 14, 7] [-7, -16, 11, 2]
[-13, 11, 7, -14] [-9, 13, -4, 14] [5, 5, 6, -16] [-31, 6, 27, 4] [-22, -10, -21, 14] [9, -26, 8, 16] [-8, -3, -6, 6]
[-1, -12, 6, -20] [16, 1, 7, -9] [-5, 17, 6, -63] [0, 0, 0, 0] [6, -55, 9, 6] [6, -18, -1, 19] [0, -12, -8, -4]
[-5, -10, -15, -10] [4, 16, -3, 7] [-1, 5, -16, -3] [14, 9, -46, -7] [11, -14, -10, 23] [16, 10, -10, 14] [-9, -22, 6, 11]
[-2, 20, -7, -3] [-8, -3, -7, -19] [2, -3, 6, -3] [2, 2, -8, -5] [13, 4, -6, 5] [7, 7, -5, -6] [16, -6, -8, 8]
[2, -17, -19, -3] [-5, -12, -5, -13] [-12, 3, -9, 0] [0, 21, -10, -3] [11, 2, 3, 11] [4, 2, -11, -7] [0, -3, 15, 3]
Food (up, right, down, left):
[17, -1, -15, 12] [5, 5, -5, -15] [0, -4, -12, 8] [2, -3, 4, -8] [-3, 11, 4, 19] [6, -21, 7, -15] [-15, 5, 17, -18]
[-21, -10, -13, 3] [-10, 7, 1, -9] [11, 21, 7, 14] [-15, 20, -11, 15] [11, -10, 10, -21] [15, -13, 3, 18] [-12, -14, -10, 4]
[-14, 17, 3, 5] [0, 1, 4, -11] [-3, -39, -4, 0] [20, -19, 17, -16] [-21, -7, -5, -3] [6, -9, -3, -12] [22, -2, 15, 14]
[-6, -9, 12, 20] [-18, -11, -23, 7] [-4, 19, -26, -8] [0, 0, 0, 0] [-14, 21, 4, 0] [-11, -3, -15, -3] [-6, -2, -15, -3]
[0, 13, -8, 11] [-13, -5, 14, 8] [12, -4, 6, -3] [-9, -10, 14, -6] [-2, -15, -3, -14] [-17, 15, 23, 8] [3, -5, -14, -27]
[2, -3, 17, 1] [15, -10, 28, 9] [0, 12, 3, 5] [-4, -17, 2, -8] [-10, -10, -6, -9] [-5, 1, -6, 13] [0, 24, -14, 9]
[-1, -14, -15, -6] [9, 6, 0, -17] [-10, 6, 11, 8] [2, -4, 22, -38] [20, 18, -19, 1] [13, 19, 29, 4] [-6, -8, 10, -12]
------------------------------
ALIVE
Head: (1 9)
Body: (1 9) (2 9) (2 10) (1 10) (25 10) (24 10) (23 10) (22 10) (22 9) (21 9) (20 9) 
Length: 11, 4
Vision: 3
Hungry, suplies: 10/10
Reproductive: 16, mutating: 0.25
Generation: 12855
####################################
Wall (up, right, down, left):
[-1, -9, -13, 1] [3, 3, 3, 3] [-6, -7, 17, -6] [7, 23, -1, 7] [5, -3, 7, -3] [-12, -12, -1, -7] [5, -3, 5, -2]
[1, 10, -10, -4] [5, 25, 13, 2] [-10, -4, 1, 12] [-18, -3, 11, 14] [14, -11, 6, 5] [-9, 13, 14, 7] [-10, -16, 11, 2]
[-13, 11, 7, -14] [-4, 13, -4, 14] [5, 5, 6, -16] [-31, 6, 27, 4] [-22, -10, -21, 14] [9, -26, 8, 16] [-8, -3, -7, 6]
[-1, -12, 6, -20] [16, 1, 7, -9] [-5, 17, 6, -63] [0, 0, 0, 0] [6, -55, 9, 6] [6, -18, -1, 19] [0, -12, -8, -4]
[-5, -10, -15, -10] [4, 16, -3, 7] [-1, 5, -16, -3] [14, 9, -46, -7] [11, -14, -6, 23] [16, 10, -10, 14] [-9, -22, 6, 6]
[-2, 20, -7, -3] [-8, -3, -7, -19] [2, -3, 6, -3] [2, 2, -8, -5] [13, 4, -6, 5] [7, 7, -5, -6] [16, -6, -8, 8]
[2, -17, -19, -3] [-1, -12, -5, -13] [-12, -2, -9, 0] [0, 21, -10, -3] [11, 2, 3, 11] [4, 3, -11, -7] [0, -3, 15, 3]
Food (up, right, down, left):
[17, -1, -15, 12] [5, 5, -5, -15] [0, -4, -12, 8] [2, -3, 4, -8] [-3, 11, 4, 19] [6, -21, 9, -15] [-15, 5, 17, -18]
[-21, -10, -13, 3] [-10, 7, 1, -9] [11, 21, 7, 14] [-15, 20, -7, 15] [11, -10, 10, -21] [15, -13, 3, 18] [-12, -14, -8, 4]
[-14, 17, 3, 5] [0, 1, 4, -6] [-3, -39, -4, 0] [20, -19, 17, -16] [-21, -7, -5, -3] [6, -9, -3, -12] [22, -1, 15, 14]
[-6, -9, 12, 20] [-18, -11, -23, 7] [-9, 19, -26, -8] [0, 0, 0, 0] [-14, 21, 4, 0] [-11, -3, -15, -3] [-6, -2, -15, -3]
[0, 13, -8, 11] [-13, -5, 14, 8] [12, -4, 6, -3] [-9, -10, 14, -6] [-2, -17, -3, -14] [-17, 15, 23, 8] [3, -5, -14, -27]
[2, -3, 17, 1] [15, -10, 28, 9] [0, 12, 3, 5] [-4, -17, 2, -8] [-10, -10, -6, -9] [-5, 1, -6, 13] [0, 24, -14, 9]
[-1, -14, -15, -6] [9, 8, 0, -17] [-5, 6, 11, 8] [2, -4, 22, -38] [20, 18, -19, 1] [13, 24, 29, 4] [-6, -8, 10, -12]
------------------------------
ALIVE
Head: (20 52)
Body: (20 52) (19 52) (18 52) (18 51) (17 51) (16 51) (15 51) (14 51) (14 50) (14 49) (14 48) (13 48) (12 48) (12 47) 
Length: 14, 4
Vision: 3
Hungry, suplies: 7/10
Reproductive: 16, mutating: 0.25
Generation: 12862
####################################
Wall (up, right, down, left):
[-1, -9, -13, 1] [3, 3, 3, 3] [-6, -7, 17, -6] [7, 23, -1, 7] [5, -3, 7, -3] [-12, -12, -1, -7] [5, -3, 5, -2]
[1, 10, -10, -4] [5, 25, 13, 2] [-13, -4, 1, 12] [-18, -3, 11, 14] [14, -11, 6, 5] [-9, 13, 14, 7] [-10, -16, 11, 2]
[-13, 11, 7, -14] [-4, 13, -4, 14] [5, 5, 6, -16] [-31, 6, 27, 4] [-22, -10, -21, 14] [9, -26, 8, 16] [-8, -3, -7, 6]
[-1, -12, 6, -20] [16, 1, 7, -9] [-5, 17, 6, -63] [0, 0, 0, 0] [6, -55, 9, 6] [6, -18, -1, 19] [0, -12, -8, -4]
[-5, -10, -15, -10] [4, 16, -3, 7] [-1, 5, -16, -3] [14, 9, -46, -7] [11, -14, -6, 23] [16, 10, -10, 14] [-9, -22, 6, 6]
[-2, 20, -7, -3] [-8, -3, -7, -19] [2, -3, 6, -3] [2, 2, -8, -5] [13, 4, -6, 5] [7, 7, -5, -6] [16, -6, -8, 8]
[2, -17, -19, -3] [-1, -12, -5, -13] [-12, -2, -9, 0] [0, 21, -10, -3] [11, 2, 3, 11] [4, 2, -11, -7] [0, -3, 15, 3]
Food (up, right, down, left):
[17, -1, -15, 12] [5, 5, -5, -15] [0, -4, -12, 8] [2, -3, 4, -8] [-3, 11, 4, 19] [6, -21, 9, -15] [-15, 5, 17, -18]
[-21, -10, -13, 3] [-10, 7, 1, -9] [11, 21, 7, 14] [-15, 20, -7, 15] [11, -10, 10, -21] [15, -13, 3, 18] [-12, -14, -8, 4]
[-14, 17, 3, 5] [0, 1, 4, -6] [-3, -39, -4, 0] [20, -19, 17, -16] [-21, -7, -5, -3] [6, -9, -3, -12] [22, -1, 15, 14]
[-6, -9, 12, 20] [-18, -11, -23, 7] [-9, 19, -26, -8] [0, 0, 0, 0] [-14, 21, 4, 0] [-11, -3, -15, -3] [-6, -2, -15, -3]
[0, 13, -8, 11] [-13, -5, 14, 8] [12, -4, 6, -3] [-9, -10, 14, -6] [-2, -17, -3, -14] [-17, 15, 23, 8] [3, -5, -14, -27]
[2, -3, 17, 1] [15, -10, 28, 9] [0, 12, 3, 5] [-4, -17, 2, -8] [-10, -10, -6, -9] [-5, 1, -6, 13] [0, 24, -14, 9]
[-1, -14, -15, -6] [9, 8, 0, -17] [-5, 6, 11, 8] [2, -4, 22, -38] [20, 18, -19, 1] [13, 19, 29, 4] [-6, -8, 10, -12]
------------------------------
ALIVE
Head: (4 38)
Body: (4 38) (3 38) (2 38) (2 37) (1 37) (1 36) (1 35) (1 34) 
Length: 8, 4
Vision: 3
Hungry, suplies: 7/10
Reproductive: 16, mutating: 0.25
Generation: 12861
####################################
Wall (up, right, down, left):
[-1, -9, -13, 1] [3, 3, 3, 3] [-6, -7, 17, -6] [7, 23, -1, 7] [5, -3, 7, -3] [-13, -12, -1, -7] [5, -3, 5, -2]
[1, 10, -10, -4] [5, 25, 13, 2] [-10, -4, 1, 12] [-18, -3, 11, 14] [14, -11, 6, 5] [-9, 13, 14, 7] [-10, -16, 11, 2]
[-13, 11, 7, -14] [-4, 10, -4, 14] [5, 5, 6, -16] [-31, 6, 27, 4] [-22, -10, -21, 14] [9, -26, 8, 16] [-8, -3, -6, 6]
[-1, -12, 6, -20] [16, 1, 7, -9] [-5, 17, 6, -63] [0, 0, 0, 0] [6, -55, 9, 6] [6, -18, -1, 19] [0, -12, -8, -4]
[-5, -10, -15, -10] [4, 16, -3, 7] [-1, 5, -16, -3] [14, 9, -46, -7] [11, -14, -6, 23] [16, 10, -10, 14] [-9, -22, 6, 6]
[-2, 20, -7, -3] [-8, -3, -7, -19] [2, -3, 6, -3] [2, 2, -8, -5] [13, 4, -6, 5] [7, 7, -5, -6] [16, -6, -8, 8]
[2, -17, -19, -3] [-1, -12, -5, -13] [-12, -2, -9, 0] [0, 21, -10, -3] [11, 2, 3, 11] [4, 2, -11, -7] [0, -3, 15, 3]
Food (up, right, down, left):
[17, -1, -15, 12] [5, 5, -5, -15] [0, -4, -12, 8] [2, -3, 4, -8] [-3, 11, 4, 19] [6, -21, 7, -15] [-15, 5, 17, -18]
[-21, -10, -13, 3] [-10, 7, 1, -9] [11, 21, 7, 14] [-15, 20, -7, 15] [11, -10, 10, -21] [15, -13, 3, 18] [-12, -14, -8, 4]
[-14, 17, 3, 5] [0, 1, 8, -6] [-3, -39, -4, 0] [20, -19, 17, -16] [-21, -7, -5, -3] [6, -9, -3, -12] [22, -2, 15, 14]
[-6, -9, 12, 20] [-18, -11, -23, 7] [-9, 19, -26, -8] [0, 0, 0, 0] [-14, 21, 4, 0] [-11, -3, -15, -3] [-6, -2, -15, -3]
[0, 13, -8, 11] [-13, -5, 14, 8] [12, -4, 6, -3] [-9, -10, 14, -6] [-2, -17, -3, -14] [-17, 15, 23, 8] [3, -5, -14, -27]
[2, -3, 17, 1] [15, -10, 28, 9] [0, 12, 3, 5] [-4, -17, 2, -8] [-10, -10, -6, -9] [-5, 1, -6, 13] [0, 24, -14, 9]
[-1, -14, -15, -6] [9, 8, 0, -17] [-5, 6, 11, 8] [2, -4, 22, -38] [20, 18, -19, 1] [13, 19, 29, 4] [-6, -8, 10, -12]
------------------------------
ALIVE
Head: (8 21)
Body: (8 21) (9 21) (9 22) (9 23) (9 24) (9 25) (8 25) (8 26) (8 27) (7 27) 
Length: 10, 4
Vision: 3
Hungry, suplies: 10/10
Reproductive: 16, mutating: 0.25
Generation: 12860
####################################
Wall (up, right, down, left):
[-1, -9, -13, 1] [3, 3, 3, 3] [-6, -7, 17, -6] [7, 23, -1, 7] [5, -3, 7, -3] [-12, -12, -1, -7] [5, -3, 5, -2]
[1, 10, -10, -4] [5, 25, 13, 2] [-10, -4, 1, 12] [-18, -3, 11, 14] [14, -11, 6, 5] [-9, 13, 14, 7] [-10, -16, 11, 2]
[-13, 11, 7, -14] [-4, 13, -4, 14] [5, 5, 6, -16] [-31, 6, 27, 4] [-22, -10, -21, 14] [9, -26, 8, 16] [-8, -3, -7, 6]
[-1, -12, 6, -20] [16, 1, 7, -9] [-5, 17, 6, -63] [0, 0, 0, 0] [6, -55, 9, 6] [6, -18, -1, 19] [0, -12, -8, -4]
[-5, -10, -15, -10] [4, 16, -3, 7] [-1, 5, -16, -3] [14, 9, -46, -7] [11, -14, -6, 23] [16, 10, -10, 14] [-9, -22, 6, 6]
[-2, 20, -7, -3] [-8, -3, -7, -19] [2, -4, 6, -3] [2, 2, -8, -5] [13, 4, -6, 5] [7, 7, -5, -6] [16, -6, -8, 8]
[2, -17, -19, -3] [-1, -12, -5, -13] [-12, -2, -9, 0] [0, 21, -10, -3] [11, 2, 3, 11] [4, 2, -11, -7] [0, -3, 15, 3]
Food (up, right, down, left):
[17, -1, -15, 12] [5, 5, -5, -15] [0, -4, -12, 8] [2, -3, 4, -8] [-3, 11, 4, 19] [6, -21, 9, -15] [-15, 5, 17, -18]
[-21, -10, -13, 3] [-10, 7, 1, -9] [11, 21, 7, 14] [-15, 20, -7, 15] [11, -10, 10, -21] [15, -13, 3, 18] [-12, -14, -8, 4]
[-14, 17, 3, 5] [0, 1, 4, -6] [-3, -39, -4, 0] [20, -19, 17, -16] [-21, -7, -5, -3] [6, -9, -3, -12] [22, -1, 15, 14]
[-6, -9, 12, 20] [-18, -11, -23, 7] [-9, 19, -26, -8] [0, 0, 0, 0] [-14, 21, 4, 0] [-11, -3, -15, -3] [-6, -2, -15, -3]
[0, 13, -8, 11] [-13, -5, 14, 8] [12, -4, 6, -3] [-9, -10, 14, -6] [-2, -17, -3, -14] [-17, 15, 23, 8] [3, -5, -14, -27]
[2, -3, 17, 1] [15, -10, 28, 9] [0, 12, 3, 6] [-4, -17, 2, -8] [-10, -10, -6, -9] [-5, 1, -6, 13] [0, 24, -14, 9]
[-1, -14, -15, -6] [9, 8, 0, -17] [-5, 6, 11, 8] [2, -4, 22, -38] [20, 18, -19, 1] [13, 19, 29, 4] [-6, -8, 10, -12]
------------------------------
ALIVE
Head: (11 29)
Body: (11 29) (11 30) (10 30) (10 29) (9 29) (8 29) (7 29) (7 30) 
Length: 8, 4
Vision: 3
Hungry, suplies: 9/10
Reproductive: 16, mutating: 0.25
Generation: 12862
####################################
