Wall (up, right, down, left):
[1, -10, -16, 1] [11, 10, 6, -6] [-11, -3, 10, -9] [16, 24, -1, 12] [2, 2, 8, -14] [-4, -8, 0, -10] [0, -4, 5, 3]
[3, 14, -5, -2] [8, 14, 9, 4] [-18, 6, 4, 3] [-21, 15, 5, 13] [14, 4, 11, -3] [-14, 11, 16, 3] [-13, -16, 12, 5]
[-9, 10, 11, -14] [-1, 10, -3, 16] [5, -1, 10, -18] [-38, 2, 28, 15] [-28, -13, -21, 16] [3, -22, 7, 18] [-16, -7, -4, 10]
[-1, -10, 0, -24] [16, 5, 6, -8] [1, 18, 9, -72] [0, 0, 0, 0] [9, -58, 8, 3] [8, -17, -4, 17] [11, -5, -2, -3]
[-10, -6, -18, -14] [9, 19, -3, 15] [-4, 16, -14, -6] [20, 8, -44, 5] [6, -5, -4, 31] [18, 11, -12, 18] [-2, -16, -1, 6]
[-1, 23, -10, -3] [-10, -14, -9, -23] [8, 1, 8, -3] [2, -4, -16, -5] [15, 9, -1, 3] [16, -1, -2, -2] [17, -3, -6, 9]
[-2, -17, -19, -4] [2, -11, 3, -12] [-18, -11, 1, 8] [0, 18, -5, 2] [22, 14, 12, 9] [12, 3, -13, 4] [1, 2, 14, -3]
Food (up, right, down, left):
[24, 4, -15, 12] [0, 9, -5, -20] [7, -9, -17, 16] [-2, -6, 24, -8] [-7, 12, 10, 21] [11, -19, 1, -10] [-15, 2, 17, -20]
[-27, -10, -8, -9] [-20, 7, 5, -16] [10, 16, 8, 18] [-8, 15, -18, 21] [8, -11, 5, -30] [24, -12, -14, 13] [-12, -8, -10, 4]
[-14, 19, 3, -5] [-10, -7, 8, -11] [-11, -31, -13, 0] [20, -18, 21, -13] [-18, -10, -2, -13] [3, -1, -10, -6] [18, 4, 15, 19]
[-2, -4, 19, 20] [-17, -14, -23, 10] [-9, 14, -30, -9] [0, 0, 0, 0] [-26, 23, -3, -6] [-13, -7, -14, -5] [0, -1, -22, -3]
[5, 10, 2, 10] [-11, -2, 14, 15] [8, -1, 12, -2] [-20, -12, 20, -2] [-7, -18, -1, -20] [-23, 26, 13, 8] [5, 2, -4, -31]
[2, -3, 11, -1] [26, -19, 20, 15] [9, 10, 1, 0] [-5, -20, 5, -11] [-17, 0, -1, -14] [-8, 8, -4, 20] [5, 23, -14, 7]
[2, -14, -19, -14] [11, 2, 2, -12] [-1, 0, 9, 9] [2, -8, 30, -33] [21, 21, -16, 4] [14, 16, 29, 14] [-6, -4, 15, -10]
------------------------------
ALIVE
Head: (23 16)
Body: (23 16) (-1 16) (0 16) (1 16) (2 16) (3 16) (3 17) (3 18) (3 19) (3 20) (2 20) (1 20) (1 21) 
Length: 13, 4
Vision: 3
Hungry, suplies: 2/10
Reproductive: 16, mutating: 0.25
Generation: 15062
####################################
Wall (up, right, down, left):
[1, -10, -16, 1] [11, 10, 6, -6] [-11, -3, 10, -9] [16, 24, -1, 12] [2, 2, 8, -14] [-4, -8, 0, -10] [0, -4, 5, 3]
[3, 14, -5, -2] [8, 14, 9, 4] [-18, 6, 4, 3] [-21, 15, 5, 13] [14, 4, 11, -3] [-14, 11, 16, 3] [-13, -16, 12, 5]
[-9, 10, 11, -14] [-1, 10, -3, 16] [5, -1, 10, -18] [-38, 3, 28, 15] [-28, -13, -21, 16] [3, -22, 7, 18] [-16, -7, -4, 10]
[-1, -10, 0, -24] [16, 5, 6, -8] [1, 17, 9, -72] [0, 0, 0, 0] [9, -58, 8, 3] [8, -17, -4, 17] [11, -5, -5, -3]
[-10, -6, -18, -14] [9, 19, -3, 15] [-4, 16, -14, -6] [20, 8, -44, 5] [6, -5, -4, 31] [18, 11, -12, 18] [-2, -16, -1, 6]
[-1, 23, -10, -3] [-10, -14, -9, -23] [8, 1, 8, -3] [2, -4, -16, -5] [15, 9, -1, 3] [16, -1, -2, -2] [17, -3, -6, 9]
[-2, -17, -19, -4] [2, -11, 3, -12] [-13, -11, 1, 8] [0, 18, -5, 2] [22, 14, 12, 9] [12, 3, -13, 4] [6, 2, 14, -3]
Food (up, right, down, left):
[24, 4, -15, 12] [0, 9, -5, -20] [7, -9, -17, 16] [-2, -6, 24, -8] [-7, 12, 10, 21] [11, -19, 1, -10] [-15, 2, 17, -20]
[-27, -10, -8, -9] [-20, 7, 5, -16] [10, 16, 8, 18] [-8, 15, -18, 21] [8, -11, 5, -30] [24, -12, -14, 13] [-12, -8, -10, 4]
[-14, 19, 3, -5] [-10, -7, 8, -11] [-11, -31, -13, 0] [20, -20, 21, -13] [-18, -10, -2, -13] [3, -1, -10, -6] [18, 4, 15, 19]
[-2, -4, 19, 20] [-17, -14, -23, 10] [-7, 14, -30, -9] [0, 0, 0, 0] [-26, 23, -3, -6] [-13, -7, -14, -5] [0, -6, -22, -3]
[5, 10, 2, 10] [-11, -2, 14, 15] [8, -1, 12, -2] [-20, -12, 20, -2] [-7, -18, -1, -20] [-23, 26, 13, 8] [5, 2, -4, -31]
[2, -3, 11, -1] [26, -19, 20, 15] [9, 10, 1, 0] [-5, -20, 5, -11] [-17, 0, -1, -14] [-8, 8, -4, 20] [5, 23, -14, 7]
[2, -14, -19, -14] [11, 2, 2, -12] [-1, -2, 9, 9] [2, -8, 30, -33] [21, 21, -16, 4] [14, 16, 29, 14] [-8, -4, 15, -10]
------------------------------
ALIVE
Head: (1 43)
Body: (1 43) (1 44) (1 45) (0 45) (0 46) (0 47) (0 48) (1 48) (1 49) 
Length: 9, 4
Vision: 3
Hungry, suplies: 9/10
Reproductive: 16, mutating: 0.25
Generation: 15065
####################################
Wall (up, right, down, left):
[1, -10, -16, 1] [11, 10, 6, -6] [-11, -3, 10, -9] [16, 24, -1, 12] [2, 2, 8, -14] [-4, -8, 0, -10] [0, -4, 5, 3]
[3, 14, -5, -2] [8, 14, 9, 4] [-18, 6, 4, 3] [-21, 15, 5, 13] [14, 4, 11, -3] [-14, 11, 16, 3] [-13, -16, 12, 5]
[-9, 10, 11, -14] [-1, 10, -3, 16] [5, -1, 10, -18] [-38, 3, 28, 15] [-28, -13, -21, 16] [3, -22, 7, 18] [-16, -7, -4, 10]
[-1, -10, 0, -24] [16, 5, 6, -8] [1, 17, 9, -72] [0, 0, 0, 0] [9, -58, 8, 3] [8, -17, -4, 17] [11, -5, -2, -3]
[-10, -6, -18, -14] [9, 19, -3, 15] [-4, 16, -14, -6] [20, 8, -44, 5] [6, -5, -4, 31] [18, 11, -12, 18] [-2, -16, -1, 6]
[-1, 23, -10, -3] [-10, -14, -9, -23] [8, 1, 8, -3] [2, -4, -16, -5] [15, 9, -1, 3] [16, -1, -2, -2] [17, -3, -6, 9]
[-2, -17, -19, -4] [2, -11, 3, -12] [-13, -11, 1, 8] [0, 18, -5, 2] [22, 14, 12, 9] [12, 3, -13, 4] [6, 2, 14, -3]
Food (up, right, down, left):
[24, 4, -15, 12] [0, 9, -5, -20] [7, -9, -17, 16] [-2, -6, 24, -8] [-7, 12, 10, 21] [11, -19, 1, -10] [-15, 2, 17, -20]
[-27, -10, -8, -9] [-20, 7, 5, -16] [10, 16, 8, 18] [-8, 15, -18, 21] [8, -11, 5, -30] [24, -12, -14, 13] [-12, -8, -10, 4]
[-14, 19, 3, -5] [-10, -7, 8, -11] [-11, -31, -13, 0] [20, -20, 21, -13] [-18, -10, -2, -13] [3, -1, -10, -6] [18, 4, 15, 19]
[-2, -4, 19, 20] [-17, -14, -23, 10] [-7, 14, -30, -9] [0, 0, 0, 0] [-26, 23, -3, -6] [-13, -7, -14, -5] [0, -1, -22, -3]
[5, 10, 2, 10] [-11, -2, 14, 15] [8, -1, 12, -2] [-20, -12, 20, -2] [-7, -18, -1, -20] [-23, 26, 13, 8] [5, 2, -4, -31]
[2, -3, 11, -1] [26, -19, 20, 15] [9, 10, 1, 0] [-5, -20, 5, -11] [-17, 0, -1, -14] [-8, 8, -4, 20] [5, 23, -14, 7]
[2, -14, -19, -14] [11, 2, 2, -12] [-1, -2, 9, 9] [2, -8, 30, -33] [21, 21, -16, 4] [14, 16, 29, 14] [-8, -4, 15, -10]
------------------------------
ALIVE
Head: (20 11)
Body: (20 11) (20 10) (19 10) (18 10) (17 10) (16 10) (16 9) (17 9) (17 8) (17 7) (17 6) (18 6) (18 5) (18 4) 
Length: 14, 4
Vision: 3
Hungry, suplies: 7/10
Reproductive: 16, mutating: 0.25
Generation: 15064
####################################
Wall (up, right, down, left):
[1, -10, -16, 1] [11, 10, 6, -6] [-11, -3, 10, -9] [16, 24, 1, 12] [2, 2, 8, -14] [-4, -8, 0, -10] [0, -4, 5, 3]
[3, 14, -5, -2] [8, 14, 9, 4] [-18, 6, 4, 3] [-21, 15, 5, 13] [14, 4, 11, -3] [-14, 11, 16, 3] [-13, -16, 12, 5]
[-9, 10, 11, -14] [-1, 10, -3, 16] [5, -1, 10, -18] [-38, 3, 28, 15] [-28, -13, -21, 16] [3, -22, 7, 18] [-16, -7, -4, 10]
[-1, -10, 0, -24] [16, 5, 6, -8] [1, 17, 9, -72] [0, 0, 0, 0] [9, -58, 3, 3] [8, -17, -4, 17] [11, -5, -2, -3]
[-10, -6, -18, -14] [9, 19, -3, 15] [-4, 16, -14, -6] [20, 8, -44, 5] [6, -5, -4, 31] [18, 11, -12, 18] [-2, -16, -1, 6]
[-1, 23, -10, -3] [-10, -14, -9, -23] [8, 1, 8, -3] [2, -4, -16, -5] [15, 9, -1, 3] [16, -1, -2, -2] [17, -3, -6, 9]
[-2, -17, -19, -4] [2, -11, 3, -12] [-13, -11, 5, 8] [0, 18, -5, 2] [22, 14, 12, 9] [12, 3, -13, 4] [1, 2, 14, -3]
Food (up, right, down, left):
[24, 4, -15, 12] [0, 9, -5, -20] [7, -9, -17, 16] [-2, -11, 24, -8] [-7, 12, 10, 21] [11, -19, 1, -10] [-15, 2, 17, -20]
[-27, -10, -8, -9] [-20, 7, 5, -16] [10, 16, 8, 18] [-8, 15, -18, 21] [8, -11, 5, -30] [24, -12, -14, 13] [-12, -8, -10, 4]
[-14, 19, 3, -5] [-10, -7, 8, -11] [-11, -31, -13, 0] [20, -20, 21, -13] [-18, -10, -2, -13] [3, -1, -10, -6] [18, 4, 15, 19]
[-2, -4, 19, 20] [-17, -14, -23, 10] [-7, 14, -30, -9] [0, 0, 0, 0] [-26, 19, -3, -6] [-13, -7, -14, -5] [0, -1, -22, -3]
[5, 10, 2, 10] [-11, -2, 14, 15] [8, -1, 12, -2] [-20, -12, 20, -2] [-7, -18, -1, -20] [-23, 26, 13, 8] [5, 2, -4, -31]
[2, -3, 11, -1] [26, -19, 20, 15] [9, 10, 1, 0] [-5, -20, 5, -11] [-17, 0, -1, -14] [-8, 8, -4, 20] [5, 23, -14, 7]
[2, -14, -19, -14] [11, 2, 2, -12] [4, -2, 9, 9] [2, -8, 30, -33] [21, 21, -16, 4] [14, 16, 29, 14] [-6, -4, 15, -10]
------------------------------
ALIVE
Head: (6 22)
Body: (6 22) (7 22) (7 23) (6 23) (6 24) (5 24) (4 24) (4 23) (4 22) (3 22) (2 22) (2 23) (2 24) (2 25) (2 26) 
Length: 15, 4
Vision: 3
Hungry, suplies: 10/10
Reproductive: 16, mutating: 0.25
Generation: 15062
####################################
Wall (up, right, down, left):
[1, -10, -16, 1] [11, 10, 6, -6] [-11, -3, 10, -9] [16, 24, -1, 12] [2, 2, 8, -14] [-4, -8, 0, -10] [0, -4, 5, 3]
[3, 14, -5, -2] [8, 14, 9, 4] [-18, 6, 4, 3] [-21, 15, 5, 13] [14, 4, 11, -3] [-14, 11, 16, 3] [-13, -16, 12, 5]
[-9, 10, 11, -14] [-1, 10, -3, 16] [5, -1, 10, -18] [-38, 2, 28, 15] [-28, -13, -21, 16] [3, -22, 7, 18] [-16, -7, -4, 10]
[-1, -10, 0, -24] [16, 5, 6, -8] [1, 18, 9, -72] [0, 0, 0, 0] [9, -58, 8, 3] [8, -17, -4, 17] [11, -5, -2, -3]
[-10, -6, -18, -14] [9, 19, -3, 15] [-4, 16, -14, -6] [20, 8, -44, 5] [6, -5, -4, 31] [18, 11, -12, 18] [-2, -16, -1, 6]
[-1, 23, -10, -3] [-10, -14, -9, -23] [8, 1, 8, -3] [2, -4, -16, -5] [15, 9, -1, 3] [16, -1, -2, -2] [17, -3, -6, 9]
[-2, -17, -19, -4] [2, -11, 3, -12] [-18, -11, 1, 8] [0, 18, -5, 2] [22, 14, 12, 9] [12, 3, -13, 4] [1, 2, 14, -3]
Food (up, right, down, left):
[24, 4, -15, 12] [0, 9, -5, -20] [7, -9, -17, 16] [-2, -6, 24, -8] [-7, 12, 10, 21] [11, -19, 1, -10] [-15, 2, 17, -20]
[-27, -10, -8, -9] [-20, 7, 5, -16] [10, 16, 8, 18] [-8, 15, -18, 21] [8, -11, 5, -30] [24, -12, -14, 13] [-12, -8, -10, 4]
[-14, 19, 3, -5] [-10, -7, 8, -11] [-11, -31, -13, 0] [20, -18, 21, -13] [-18, -10, -2, -13] [3, -1, -10, -6] [18, 4, 15, 19]
[-2, -4, 19, 20] [-17, -14, -23, 10] [-9, 14, -30, -9] [0, 0, 0, 0] [-26, 23, -3, -6] [-13, -7, -14, -5] [0, -1, -22, -3]
[5, 10, 2, 10] [-11, -2, 14, 15] [8, -1, 12, -2] [-20, -12, 20, -2] [-7, -18, -1, -20] [-23, 26, 13, 8] [5, 2, -4, -31]
[2, -3, 11, -1] [26, -19, 20, 15] [9, 10, 1, 0] [-5, -20, 5, -11] [-17, 0, -1, -14] [-8, 8, -4, 20] [5, 23, -14, 7]
[2, -14, -19, -14] [11, 2, 2, -12] [-1, 0, 9, 9] [2, -8, 30, -33] [21, 21, -16, 4] [14, 16, 29, 14] [-6, -4, 15, -10]
------------------------------
ALIVE
Head: (3 47)
Body: (3 47) (3 46) (3 45) (4 45) (4 44) (4 43) (5 43) (6 43) (6 44) (7 44) (8 44) (9 44) (9 43) (9 42) (9 41) 
Length: 15, 4
Vision: 3
Hungry, suplies: 6/10
Reproductive: 16, mutating: 0.25
Generation: 15062
####################################
Wall (up, right, down, left):
[1, -10, -16, 1] [11, 10, 6, -8] [-11, -3, 10, -9] [16, 24, -1, 12] [2, 2, 8, -14] [-4, -8, 0, -10] [0, -4, 5, 3]
[3, 14, -5, -2] [8, 14, 9, 4] [-18, 6, 4, 3] [-21, 15, 5, 13] [14, 4, 11, -3] [-14, 11, 16, 3] [-13, -16, 12, 5]
[-9, 10, 11, -14] [-1, 10, -3, 16] [5, -1, 10, -18] [-38, 2, 28, 15] [-28, -13, -16, 16] [3, -22, 7, 22] [-16, -7, -4, 10]
[-1, -10, 0, -24] [16, 5, 6, -8] [1, 18, 9, -72] [0, 0, 0, 0] [9, -58, 8, 3] [8, -17, -4, 17] [11, -5, -2, -3]
[-10, -6, -18, -14] [9, 19, -3, 15] [-4, 18, -14, -6] [20, 8, -44, 5] [6, -5, -4, 31] [18, 11, -12, 18] [-6, -16, -1, 6]
[-1, 23, -10, -3] [-10, -14, -9, -23] [8, 1, 8, -3] [2, -3, -16, -5] [15, 9, -1, 3] [16, -1, -2, -2] [17, -3, -6, 9]
[-2, -17, -19, -4] [2, -11, 3, -12] [-13, -11, 1, 8] [0, 18, -5, 2] [22, 14, 12, 9] [12, 3, -13, 4] [1, 2, 14, -3]
Food (up, right, down, left):
[24, 4, -15, 12] [5, 9, -5, -20] [7, -9, -17, 16] [-2, -6, 24, -8] [-7, 12, 10, 21] [11, -19, 1, -10] [-15, 2, 17, -20]
[-27, -10, -8, -9] [-20, 7, 5, -16] [10, 16, 8, 18] [-8, 15, -18, 21] [8, -11, 5, -30] [24, -12, -14, 13] [-12, -8, -10, 4]
[-14, 19, 3, -5] [-10, -7, 8, -11] [-11, -31, -13, 0] [20, -18, 21, -13] [-18, -10, 0, -13] [3, -1, -11, -6] [18, 4, 15, 19]
[-2, -4, 19, 20] [-17, -14, -23, 10] [-9, 14, -30, -9] [0, 0, 0, 0] [-26, 23, -3, -6] [-13, -7, -14, -5] [0, -1, -22, -3]
[5, 10, 2, 10] [-11, -2, 14, 15] [8, -1, 17, -2] [-20, -12, 20, -2] [-7, -18, -1, -20] [-23, 26, 13, 8] [5, 4, -4, -31]
[2, -3, 11, -1] [26, -19, 20, 15] [9, 10, 1, 0] [-6, -20, 5, -11] [-17, 0, -1, -14] [-8, 8, -4, 20] [5, 23, -14, 7]
[2, -14, -19, -14] [11, 2, 2, -12] [-1, -2, 9, 9] [2, -8, 30, -33] [21, 21, -16, 4] [14, 16, 29, 14] [-6, -4, 15, -10]
------------------------------
ALIVE
Head: (3 36)
Body: (3 36) (4 36) (5 36) (6 36) (7 36) (8 36) (8 35) (8 34) (9 34) (9 33) (9 32) (9 31) (8 31) (8 30) (9 30) 
Length: 15, 4
Vision: 3
Hungry, suplies: 10/10
Reproductive: 16, mutating: 0.25
Generation: 15063
####################################
Wall (up, right, down, left):
[1, -10, -16, 1] [11, 10, 6, -8] [-11, -3, 10, -9] [16, 24, -1, 12] [2, 2, 8, -14] [-4, -8, 0, -10] [0, -4, 5, 3]
[3, 14, -5, -2] [8, 14, 9, 4] [-18, 6, 4, 3] [-21, 15, 5, 13] [14, 4, 11, -3] [-14, 11, 16, 3] [-13, -16, 12, 5]
[-9, 10, 11, -14] [-1, 10, -3, 16] [5, -1, 10, -18] [-38, 2, 28, 15] [-28, -13, -16, 16] [3, -22, 7, 22] [-16, -7, -4, 10]
[-1, -10, 0, -24] [16, 5, 6, -8] [1, 18, 9, -72] [0, 0, 0, 0] [9, -58, 8, 3] [8, -17, -4, 17] [11, -5, -2, -3]
[-10, -6, -18, -14] [9, 19, -3, 15] [-4, 18, -14, -6] [20, 8, -44, 5] [6, -5, -4, 31] [18, 11, -12, 18] [-6, -16, -1, 6]
[-1, 23, -10, -3] [-10, -14, -9, -23] [8, 1, 8, -3] [2, -3, -16, -5] [15, 9, -1, 3] [16, -1, -2, -2] [17, -3, -6, 9]
[-2, -17, -19, -4] [2, -11, 3, -12] [-13, -11, 1, 8] [0, 18, -5, 2] [22, 14, 12, 9] [12, 3, -13, 4] [1, 2, 14, -3]
Food (up, right, down, left):
[24, 4, -15, 12] [5, 9, -5, -20] [7, -9, -17, 16] [-2, -6, 24, -8] [-7, 12, 10, 21] [11, -19, 1, -10] [-15, 2, 17, -20]
[-27, -10, -8, -9] [-20, 7, 5, -16] [10, 16, 8, 18] [-8, 15, -18, 21] [8, -11, 5, -30] [24, -12, -14, 13] [-12, -8, -10, 4]
[-14, 19, 3, -5] [-10, -7, 8, -11] [-11, -31, -13, 0] [20, -18, 21, -13] [-18, -10, 0, -13] [3, -1, -11, -6] [18, 4, 15, 19]
[-2, -4, 19, 20] [-17, -14, -23, 10] [-9, 14, -30, -9] [0, 0, 0, 0] [-26, 23, -3, -6] [-13, -7, -14, -5] [0, -1, -22, -3]
[5, 10, 2, 10] [-11, -2, 14, 15] [8, -1, 17, -2] [-20, -12, 20, -2] [-7, -18, -1, -20] [-23, 26, 13, 8] [5, 4, -4, -31]
[2, -3, 11, -1] [26, -19, 20, 15] [9, 10, 1, 0] [-6, -20, 5, -11] [-17, 0, -1, -14] [-8, 8, -4, 20] [5, 23, -14, 7]
[2, -14, -19, -14] [11, 2, 2, -12] [-1, -2, 9, 9] [2, -8, 30, -33] [21, 21, -16, 4] [14, 16, 29, 14] [-6, -4, 15, -10]
------------------------------
ALIVE
Head: (3 35)
Body: (3 35) (4 35) (5 35) (5 34) (4 34) (4 33) (4 32) (5 32) (6 32) 
Length: 9, 4
Vision: 3
Hungry, suplies: 8/10
Reproductive: 16, mutating: 0.25
Generation: 15064
####################################
Wall (up, right, down, left):
[1, -10, -16, 1] [11, 10, 6, -6] [-11, -3, 5, -9] [16, 24, -1, 12] [2, 2, 8, -14] [-4, -8, 0, -10] [0, -4, 5, 3]
[3, 14, -5, -2] [8, 14, 9, 4] [-18, 6, 4, 3] [-21, 15, 5, 11] [14, 4, 11, -3] [-14, 11, 16, 3] [-13, -16, 12, 5]
[-9, 10, 11, -14] [-4, 10, -3, 16] [5, -1, 10, -18] [-38, 3, 28, 15] [-28, -13, -21, 16] [3, -22, 7, 18] [-16, -7, -4, 10]
[-1, -10, 0, -24] [16, 5, 6, -8] [1, 17, 9, -72] [0, 0, 0, 0] [9, -58, 8, 3] [8, -17, -4, 17] [11, -5, -2, -3]
[-10, -6, -18, -14] [9, 19, -3, 15] [-4, 16, -14, -6] [20, 8, -44, 5] [6, -5, -4, 31] [18, 11, -12, 18] [-2, -16, -1, 6]
[-1, 18, -10, -3] [-10, -14, -9, -23] [8, 1, 8, -3] [2, -4, -16, -5] [15, 9, -1, 3] [16, -1, -2, -2] [17, -3, -6, 9]
[-2, -17, -19, -4] [2, -11, 3, -12] [-13, -11, 1, 8] [0, 18, -5, 2] [22, 14, 12, 9] [12, 3, -13, 4] [1, 2, 14, -3]
Food (up, right, down, left):
[24, 4, -15, 12] [0, 9, -5, -20] [7, -9, -19, 16] [-2, -6, 24, -8] [-7, 12, 10, 21] [11, -19, 1, -10] [-15, 2, 17, -20]
[-27, -10, -8, -9] [-20, 7, 5, -16] [10, 16, 8, 18] [-8, 15, -18, 24] [8, -11, 5, -30] [24, -12, -14, 13] [-12, -8, -10, 4]
[-14, 19, 3, -5] [-14, -7, 8, -11] [-11, -31, -13, 0] [20, -20, 21, -13] [-18, -10, -2, -13] [3, -1, -10, -6] [18, 4, 15, 19]
[-2, -4, 19, 20] [-17, -14, -23, 10] [-7, 14, -30, -9] [0, 0, 0, 0] [-26, 23, -3, -6] [-13, -7, -14, -5] [0, -1, -22, -3]
[5, 10, 2, 10] [-11, -2, 14, 15] [8, -1, 12, -2] [-20, -12, 20, -2] [-7, -18, -1, -20] [-23, 26, 13, 8] [5, 2, -4, -31]
[2, -5, 7, -1] [26, -19, 20, 15] [9, 10, 1, 0] [-5, -20, 5, -11] [-17, 0, -1, -14] [-8, 8, -4, 20] [5, 23, -14, 7]
[2, -14, -19, -14] [11, 2, 2, -12] [-1, -2, 9, 9] [2, -8, 30, -33] [21, 21, -16, 4] [14, 16, 29, 14] [-6, -4, 15, -10]
------------------------------
ALIVE
Head: (21 38)
Body: (21 38) (21 37) (22 37) (23 37) (23 38) (23 39) (24 39) 
Length: 7, 4
Vision: 3
Hungry, suplies: 5/10
Reproductive: 16, mutating: 0.25
Generation: 15067
####################################
Wall (up, right, down, left):
[1, -10, -16, 1] [11, 10, 6, -6] [-11, -3, 10, -9] [16, 24, -1, 12] [2, 2, 8, -14] [-4, -8, 0, -10] [0, -4, 5, 3]
[3, 14, -5, -2] [8, 14, 9, 4] [-18, 6, 4, 3] [-21, 15, 5, 13] [14, 4, 11, -3] [-14, 11, 16, 3] [-13, -16, 12, 5]
[-9, 10, 11, -14] [-1, 10, -3, 16] [5, -1, 10, -18] [-38, 2, 28, 15] [-28, -13, -21, 16] [3, -22, 7, 18] [-16, -7, -4, 10]
[-1, -10, 0, -24] [16, 5, 6, -8] [1, 15, 9, -72] [0, 0, 0, 0] [9, -58, 8, 3] [8, -17, -4, 17] [11, -5, -2, -3]
[-10, -6, -18, -14] [9, 19, -3, 15] [-4, 16, -14, -6] [20, 8, -44, 5] [6, -5, -4, 31] [18, 11, -12, 18] [-2, -16, -1, 6]
[-1, 23, -10, -3] [-10, -14, -9, -23] [8, 1, 8, -3] [2, -4, -16, -5] [15, 9, -1, 3] [16, -1, -2, -2] [17, -3, -6, 9]
[-2, -17, -19, -4] [2, -11, 3, -12] [-18, -11, 1, 8] [0, 18, -5, 2] [22, 14, 12, 9] [12, 3, -13, 4] [1, 2, 14, -3]
Food (up, right, down, left):
[24, 4, -15, 12] [0, 9, -5, -20] [7, -9, -17, 16] [-2, -6, 24, -8] [-7, 12, 10, 21] [11, -19, 1, -10] [-15, 2, 17, -20]
[-27, -10, -8, -9] [-20, 7, 5, -16] [10, 16, 8, 18] [-8, 15, -18, 21] [8, -11, 5, -30] [24, -12, -14, 13] [-12, -8, -10, 4]
[-14, 19, 3, -5] [-10, -7, 8, -11] [-11, -31, -13, 0] [20, -18, 21, -13] [-18, -10, -2, -13] [3, -1, -10, -6] [18, 4, 15, 19]
[-2, -4, 19, 20] [-17, -14, -23, 10] [-9, 14, -30, -8] [0, 0, 0, 0] [-26, 23, -3, -6] [-13, -7, -14, -5] [0, -1, -22, -3]
[5, 10, 2, 10] [-11, -2, 14, 15] [8, -1, 12, -2] [-20, -12, 20, -2] [-7, -18, -1, -20] [-23, 26, 13, 8] [5, 2, -4, -31]
[2, -3, 11, -1] [26, -19, 20, 15] [9, 10, 1, 0] [-5, -20, 5, -11] [-17, 0, -1, -14] [-8, 8, -4, 20] [5, 23, -14, 7]
[2, -14, -19, -14] [11, 2, 2, -12] [-1, 0, 9, 9] [2, -8, 30, -33] [21, 21, -16, 4] [14, 16, 29, 14] [-6, -4, 15, -10]
------------------------------
ALIVE
Head: (11 30)
Body: (11 30) (12 30) (12 29) (12 28) (12 27) (13 27) (13 28) (13 29) (13 30) (13 31) (13 32) 
Length: 11, 4
Vision: 3
Hungry, suplies: 3/10
Reproductive: 16, mutating: 0.25
Generation: 15063
####################################
Wall (up, right, down, left):
[1, -10, -16, 1] [11, 10, 6, -8] [-11, -3, 10, -9] [16, 24, -1, 12] [2, 2, 8, -14] [-4, -8, 0, -10] [0, -4, 5, 3]
[3, 14, -5, -2] [8, 14, 9, 4] [-18, 6, 4, 3] [-21, 15, 5, 13] [14, 4, 11, -3] [-14, 11, 16, 3] [-13, -16, 12, 5]
[-9, 10, 11, -14] [-1, 10, -3, 16] [5, -1, 10, -18] [-38, 2, 28, 15] [-28, -13, -16, 16] [3, -22, 7, 22] [-16, -7, -4, 10]
[-1, -10, 0, -24] [16, 5, 6, -8] [4, 18, 9, -72] [0, 0, 0, 0] [9, -58, 8, 3] [8, -17, -4, 17] [11, -5, -7, -3]
[-10, -6, -18, -14] [9, 19, -3, 15] [-4, 16, -14, -6] [20, 8, -44, 5] [6, -5, -4, 31] [18, 11, -12, 18] [-6, -16, -1, 6]
[-1, 23, -10, -3] [-10, -14, -9, -23] [8, 1, 8, -3] [2, -3, -16, -5] [15, 9, -1, 3] [16, -1, -2, -2] [17, -3, -6, 9]
[-2, -17, -19, -4] [2, -11, 3, -12] [-13, -11, 1, 8] [0, 18, -5, 2] [22, 14, 12, 9] [12, 3, -13, 4] [1, 2, 14, -3]
Food (up, right, down, left):
[24, 4, -15, 12] [5, 9, -5, -20] [7, -9, -17, 16] [-2, -6, 24, -8] [-7, 12, 10, 21] [11, -19, 1, -10] [-15, 2, 17, -20]
[-27, -10, -8, -9] [-20, 7, 5, -16] [10, 16, 8, 18] [-8, 15, -18, 21] [8, -11, 5, -30] [24, -12, -14, 13] [-12, -8, -10, 4]
[-14, 19, 3, -5] [-10, -7, 8, -11] [-11, -31, -13, 0] [20, -18, 21, -13] [-18, -10, 0, -13] [3, -1, -11, -6] [18, 4, 15, 19]
[-2, -4, 19, 20] [-17, -14, -23, 10] [-9, 14, -30, -6] [0, 0, 0, 0] [-26, 23, -3, -6] [-13, -7, -14, -5] [-5, -1, -22, -3]
[5, 10, 2, 10] [-11, -2, 14, 15] [8, -1, 12, -2] [-20, -12, 20, -2] [-7, -18, -1, -20] [-23, 30, 13, 8] [5, 4, -4, -31]
[2, -3, 11, -1] [26, -19, 20, 15] [9, 10, 1, 0] [-6, -20, 5, -11] [-17, 0, -1, -14] [-8, 8, -4, 20] [5, 23, -14, 7]
[2, -14, -19, -14] [11, 2, 2, -12] [-1, -2, 9, 9] [2, -8, 30, -33] [21, 21, -16, 4] [14, 16, 29, 14] [-6, -4, 15, -10]
------------------------------
ALIVE
Head: (9 22)
Body: (9 22) (10 22) (10 23) (10 24) (10 25) (9 25) (9 26) (10 26) (11 26) (12 26) (13 26) 
Length: 11, 4
Vision: 3
Hungry, suplies: 6/10
Reproductive: 16, mutating: 0.25
Generation: 15066
####################################
Wall (up, right, down, left):
[1, -10, -16, 1] [11, 10, 6, -8] [-11, -3, 10, -9] [16, 24, -1, 12] [2, 2, 8, -14] [-4, -8, 0, -10] [0, -4, 5, 3]
[3, 14, -5, -2] [8, 14, 9, 4] [-18, 6, 4, 3] [-21, 15, 5, 13] [14, 4, 11, -3] [-14, 11, 16, 3] [-13, -16, 12, 5]
[-9, 10, 11, -14] [-1, 10, -3, 16] [5, -1, 10, -18] [-38, 2, 28, 15] [-28, -13, -16, 16] [3, -22, 7, 22] [-16, -7, -4, 10]
[-1, -10, 0, -24] [19, 5, 6, -8] [1, 18, 9, -72] [0, 0, 0, 0] [9, -58, 8, 3] [8, -17, -4, 17] [11, -5, -2, -3]
[-10, -6, -18, -14] [9, 19, -3, 15] [-4, 16, -14, -6] [20, 8, -44, 5] [6, -5, -4, 31] [18, 11, -12, 18] [-6, -16, -1, 6]
[-1, 23, -10, -3] [-10, -14, -9, -23] [8, 1, 8, -3] [2, -3, -16, -5] [15, 9, -1, 3] [16, -1, -2, -2] [17, -3, -6, 9]
[-2, -17, -19, -4] [2, -11, 3, -12] [-13, -11, 1, 8] [0, 18, -5, 2] [22, 14, 12, 9] [12, 3, -13, 4] [1, 2, 14, -3]
Food (up, right, down, left):
[24, 4, -15, 12] [5, 9, -5, -20] [7, -9, -17, 16] [-2, -6, 24, -8] [-7, 12, 10, 21] [11, -19, 1, -10] [-15, 2, 17, -20]
[-27, -10, -8, -9] [-20, 7, 5, -16] [10, 16, 8, 18] [-8, 15, -18, 21] [8, -11, 5, -30] [24, -12, -14, 13] [-12, -8, -10, 4]
[-14, 19, 3, -5] [-10, -7, 8, -11] [-11, -31, -13, 0] [20, -18, 21, -13] [-18, -10, 0, -13] [3, -1, -11, -6] [18, 4, 15, 19]
[-2, -4, 19, 20] [-17, -14, -23, 14] [-9, 14, -30, -9] [0, 0, 0, 0] [-26, 23, -3, -6] [-13, -7, -14, -5] [0, -1, -22, -3]
[5, 10, 2, 10] [-11, -2, 14, 15] [8, -1, 12, -2] [-20, -12, 20, -2] [-7, -18, -1, -20] [-23, 26, 13, 8] [5, 4, -4, -31]
[2, -3, 11, -1] [26, -19, 20, 15] [9, 10, 1, 0] [-6, -20, 5, -11] [-17, 0, -1, -14] [-8, 8, -4, 20] [5, 23, -14, 7]
[2, -14, -19, -14] [11, 2, 2, -12] [-1, -2, 9, 9] [2, -8, 30, -33] [21, 21, -16, 4] [14, 16, 29, 14] [-6, -4, 15, -10]
------------------------------
ALIVE
Head: (1 51)
Body: (1 51) (1 52) (1 53) (0 53) (25 54) (24 54) (24 55) (24 56) (0 -1) 
Length: 9, 4
Vision: 3
Hungry, suplies: 4/10
Reproductive: 16, mutating: 0.25
Generation: 15063
####################################
Wall (up, right, down, left):
[1, -10, -16, 1] [11, 10, 6, -6] [-11, -3, 10, -9] [16, 24, -1, 12] [2, 2, 8, -14] [-4, -8, 0, -10] [0, -4, 5, 3]
[3, 14, -5, -2] [8, 14, 9, 4] [-18, 6, 4, 3] [-21, 15, 5, 13] [14, 4, 11, -3] [-14, 11, 16, 3] [-13, -16, 12, 5]
[-9, 10, 11, -14] [3, 10, -3, 16] [5, -1, 10, -18] [-38, 3, 28, 15] [-28, -13, -21, 16] [3, -22, 7, 18] [-16, -7, -4, 10]
[-1, -10, 0, -24] [16, 5, 6, -8] [1, 17, 9, -72] [0, 0, 0, 0] [9, -58, 8, 3] [8, -17, -4, 17] [11, -5, -2, -3]
[-10, -6, -18, -14] [9, 19, -3, 15] [-4, 16, -14, -6] [20, 8, -44, 5] [6, -5, -4, 31] [18, 11, -12, 18] [-2, -16, -1, 6]
[-1, 23, -10, -3] [-10, -14, -9, -23] [8, 1, 8, -3] [2, -4, -16, -5] [15, 9, -1, 3] [16, -1, -2, -2] [17, -3, -6, 9]
[-2, -17, -19, -4] [2, -11, 3, -12] [-13, -11, 1, 8] [0, 18, -5, 2] [22, 14, 12, 9] [12, 3, -13, 4] [6, 2, 14, -3]
Food (up, right, down, left):
[24, 4, -15, 12] [0, 9, -5, -20] [7, -9, -17, 16] [-2, -6, 24, -8] [-7, 12, 10, 21] [11, -19, 1, -10] [-15, 2, 17, -20]
[-27, -10, -8, -9] [-20, 7, 5, -16] [10, 16, 8, 18] [-8, 15, -18, 21] [8, -11, 5, -30] [24, -12, -14, 13] [-12, -8, -10, 4]
[-14, 19, 3, -5] [-10, -11, 8, -11] [-11, -31, -13, 0] [20, -20, 21, -13] [-18, -10, -2, -13] [3, -1, -10, -6] [18, 4, 15, 19]
[-2, -4, 19, 20] [-17, -14, -23, 10] [-7, 14, -30, -9] [0, 0, 0, 0] [-26, 23, -3, -6] [-13, -7, -14, -5] [0, -1, -22, -3]
[5, 10, 2, 10] [-11, -2, 14, 15] [8, -1, 12, -2] [-20, -12, 20, -2] [-7, -18, -1, -20] [-23, 26, 13, 8] [5, 2, -4, -31]
[2, -3, 11, -1] [26, -19, 20, 15] [9, 10, 1, 0] [-5, -20, 5, -11] [-17, 0, -1, -14] [-8, 8, -4, 20] [5, 23, -14, 7]
[2, -14, -19, -14] [11, 2, 2, -12] [-1, -2, 9, 9] [2, -8, 30, -33] [21, 21, -16, 4] [14, 16, 29, 14] [-8, -4, 15, -10]
------------------------------
ALIVE
Head: (3 1)
Body: (3 1) (3 2) (4 2) (4 3) (5 3) (6 3) (7 3) (7 2) (7 1) 
Length: 9, 4
Vision: 3
Hungry, suplies: 9/10
Reproductive: 16, mutating: 0.25
Generation: 15066
####################################
Wall (up, right, down, left):
[1, -10, -16, 1] [11, 10, 6, -6] [-11, -3, 10, -9] [16, 24, 1, 12] [2, 2, 8, -14] [-4, -8, 0, -10] [0, -4, 5, 3]
[3, 14, -5, -2] [8, 14, 9, 4] [-18, 6, 4, 3] [-21, 15, 5, 13] [14, 4, 11, -3] [-14, 11, 16, 3] [-13, -16, 12, 5]
[-9, 10, 11, -14] [-1, 10, -3, 16] [5, -1, 10, -18] [-38, 3, 28, 15] [-28, -13, -21, 16] [3, -22, 7, 18] [-16, -7, -4, 10]
[-1, -10, 0, -24] [16, 5, 6, -8] [1, 17, 9, -72] [0, 0, 0, 0] [9, -58, 3, 3] [8, -17, -4, 17] [11, -5, -2, -3]
[-10, -6, -18, -14] [9, 19, -3, 15] [-4, 16, -14, -6] [20, 8, -44, 5] [6, -5, -4, 31] [18, 11, -12, 18] [-2, -16, -1, 6]
[-1, 23, -10, -3] [-10, -14, -9, -23] [8, 1, 8, -3] [2, -4, -16, -5] [15, 9, -1, 3] [16, -1, -2, -2] [17, -3, -6, 9]
[-2, -17, -19, -4] [2, -11, 3, -12] [-13, -11, 5, 8] [0, 18, -5, 2] [22, 14, 12, 9] [12, 3, -13, 4] [1, 2, 14, -3]
Food (up, right, down, left):
[24, 4, -15, 12] [0, 9, -5, -20] [7, -9, -17, 16] [-2, -11, 24, -8] [-7, 12, 10, 21] [11, -19, 1, -10] [-15, 2, 17, -20]
[-27, -10, -8, -9] [-20, 7, 5, -16] [10, 16, 8, 18] [-8, 15, -18, 21] [8, -11, 5, -30] [24, -12, -14, 13] [-12, -8, -10, 4]
[-14, 19, 3, -5] [-10, -7, 8, -11] [-11, -31, -13, 0] [20, -20, 21, -13] [-18, -10, -2, -13] [3, -1, -10, -6] [18, 4, 15, 19]
[-2, -4, 19, 20] [-17, -14, -23, 10] [-7, 14, -30, -9] [0, 0, 0, 0] [-26, 19, -3, -6] [-13, -7, -14, -5] [0, -1, -22, -3]
[5, 10, 2, 10] [-11, -2, 14, 15] [8, -1, 12, -2] [-20, -12, 20, -2] [-7, -18, -1, -20] [-23, 26, 13, 8] [5, 2, -4, -31]
[2, -3, 11, -1] [26, -19, 20, 15] [9, 10, 1, 0] [-5, -20, 5, -11] [-17, 0, -1, -14] [-8, 8, -4, 20] [5, 23, -14, 7]
[2, -14, -19, -14] [11, 2, 2, -12] [4, -2, 9, 9] [2, -8, 30, -33] [21, 21, -16, 4] [14, 16, 29, 14] [-6, -4, 15, -10]
------------------------------
ALIVE
Head: (0 28)
Body: (0 28) (24 28) (24 29) (24 30) (23 30) (22 30) (22 31) (23 31) (23 32) (23 33) (22 33) (22 34) (22 35) 
Length: 13, 4
Vision: 3
Hungry, suplies: 10/10
Reproductive: 16, mutating: 0.25
Generation: 15063
####################################
Wall (up, right, down, left):
[1, -10, -16, 1] [11, 10, 6, -6] [-11, -3, 10, -9] [16, 24, -1, 12] [2, 2, 8, -14] [-4, -8, 0, -10] [0, -4, 5, 3]
[3, 14, -5, -2] [8, 14, 9, 4] [-18, 6, 4, 3] [-21, 15, 5, 13] [14, 4, 11, -3] [-14, 11, 16, 3] [-13, -16, 12, 5]
[-9, 10, 11, -14] [-1, 10, -3, 16] [5, -1, 10, -18] [-38, 2, 28, 15] [-28, -13, -21, 16] [3, -22, 7, 18] [-16, -7, -4, 10]
[-1, -10, 0, -24] [16, 5, 6, -8] [1, 18, 9, -72] [0, 0, 0, 0] [9, -58, 8, 3] [8, -17, -4, 17] [11, -5, -2, -3]
[-10, -6, -18, -14] [9, 19, -3, 15] [-4, 16, -14, -6] [20, 8, -44, 5] [6, -5, -4, 31] [18, 11, -12, 18] [-2, -16, -1, 6]
[-1, 23, -10, -3] [-10, -14, -9, -23] [8, 1, 8, -3] [2, -4, -16, -5] [15, 9, -1, 3] [16, -1, -2, -2] [17, -3, -6, 9]
[-2, -17, -19, -4] [2, -11, 3, -12] [-18, -11, 1, 8] [0, 18, -5, 2] [22, 14, 12, 9] [12, 3, -13, 4] [1, 2, 14, -3]
Food (up, right, down, left):
[24, 4, -15, 12] [0, 9, -5, -20] [7, -9, -17, 16] [-2, -6, 24, -8] [-7, 12, 10, 21] [11, -19, 1, -10] [-15, 2, 17, -20]
[-27, -10, -8, -9] [-20, 7, 5, -16] [10, 16, 8, 18] [-8, 15, -18, 21] [8, -11, 5, -30] [24, -12, -14, 13] [-12, -8, -10, 4]
[-14, 19, 3, -5] [-10, -7, 8, -11] [-11, -31, -13, 0] [20, -18, 21, -13] [-18, -10, -2, -13] [3, -1, -10, -6] [18, 4, 15, 19]
[-2, -4, 19, 20] [-17, -14, -23, 10] [-9, 14, -30, -9] [0, 0, 0, 0] [-26, 23, -3, -6] [-13, -7, -14, -5] [0, -1, -22, -3]
[5, 10, 2, 10] [-11, -2, 14, 15] [8, -1, 12, -2] [-20, -12, 20, -2] [-7, -18, -1, -20] [-23, 26, 13, 8] [5, 2, -4, -31]
[2, -3, 11, -1] [26, -19, 20, 15] [9, 10, 1, 0] [-5, -20, 5, -11] [-17, 0, -1, -14] [-8, 8, -4, 20] [5, 23, -14, 7]
[2, -14, -19, -14] [11, 2, 2, -12] [-1, 0, 9, 9] [2, -8, 30, -33] [21, 21, -16, 4] [14, 16, 29, 14] [-6, -4, 15, -10]
------------------------------
ALIVE
Head: (7 13)
Body: (7 13) (7 14) (6 14) (6 15) (5 15) (5 16) (5 17) (5 18) (5 19) (4 19) (4 20) (5 20) (6 20) 
Length: 13, 4
Vision: 3
Hungry, suplies: 5/10
Reproductive: 16, mutating: 0.25
Generation: 15063
####################################
Wall (up, right, down, left):
[1, -10, -16, 1] [11, 10, 6, -6] [-11, -3, 10, -4] [16, 24, 1, 12] [2, 2, 8, -14] [-4, -8, 0, -10] [0, -4, 5, 3]
[3, 14, -5, -2] [8, 14, 9, 4] [-18, 6, 4, 3] [-21, 15, 5, 13] [14, 4, 11, -3] [-14, 11, 16, 3] [-13, -16, 12, 5]
[-9, 10, 11, -14] [-1, 10, -3, 16] [5, -1, 10, -18] [-38, 3, 28, 15] [-28, -13, -21, 16] [3, -22, 7, 18] [-16, -7, -4, 10]
[-1, -10, 0, -24] [16, 5, 6, -8] [1, 17, 9, -72] [0, 0, 0, 0] [9, -58, 3, 3] [8, -17, -4, 17] [11, -5, -2, -3]
[-10, -6, -18, -14] [9, 19, -3, 15] [-4, 16, -14, -6] [20, 8, -44, 5] [6, -5, -4, 31] [18, 11, -12, 18] [-2, -16, -1, 6]
[-1, 23, -10, -3] [-10, -14, -9, -23] [8, 1, 8, -3] [2, -4, -16, -5] [15, 9, -1, 3] [16, -1, -2, -2] [17, -3, -6, 9]
[-2, -17, -19, -4] [2, -11, 3, -12] [-13, -11, 5, 8] [0, 18, -5, 2] [22, 14, 12, 9] [12, 3, -13, 4] [1, 2, 14, -3]
Food (up, right, down, left):
[24, 4, -15, 12] [0, 9, -5, -20] [7, -9, -17, 20] [-2, -11, 24, -8] [-7, 12, 10, 21] [11, -19, 1, -10] [-15, 2, 17, -20]
[-27, -10, -8, -9] [-20, 7, 5, -16] [10, 16, 8, 18] [-8, 15, -18, 21] [8, -11, 5, -30] [24, -12, -14, 13] [-12, -8, -10, 4]
[-14, 19, 3, -5] [-10, -7, 8, -11] [-11, -31, -13, 0] [20, -20, 21, -13] [-18, -10, -2, -13] [3, -1, -10, -6] [18, 4, 15, 19]
[-2, -4, 19, 20] [-17, -14, -23, 10] [-7, 14, -30, -9] [0, 0, 0, 0] [-26, 19, -3, -6] [-13, -7, -14, -5] [0, -1, -22, -3]
[5, 10, 2, 10] [-11, -2, 14, 15] [8, -1, 12, -2] [-20, -12, 20, -2] [-7, -18, -1, -20] [-23, 26, 13, 8] [5, 2, -4, -31]
[2, -3, 11, -1] [26, -19, 20, 15] [9, 10, 1, 0] [-5, -20, 5, -11] [-17, 0, -1, -14] [-8, 8, -4, 20] [5, 23, -14, 7]
[2, -14, -19, -14] [11, 2, 2, -12] [4, -2, 9, 9] [2, -8, 30, -33] [21, 21, -16, 4] [14, 16, 29, 14] [-6, -4, 15, -10]
------------------------------
ALIVE
Head: (10 15)
Body: (10 15) (10 14) (11 14) (12 14) (13 14) (13 13) (12 13) (11 13) (11 12) (11 11) 
Length: 10, 4
Vision: 3
Hungry, suplies: 7/10
Reproductive: 16, mutating: 0.25
Generation: 15064
####################################
Wall (up, right, down, left):
[1, -10, -16, 1] [11, 10, 6, -8] [-11, -3, 10, -9] [16, 24, -1, 12] [2, 2, 8, -14] [-4, -8, 0, -10] [0, -4, 5, 3]
[3, 14, -5, -2] [8, 14, 9, 4] [-18, 6, 4, 3] [-21, 15, 5, 13] [14, 4, 11, -3] [-14, 11, 16, 3] [-13, -16, 12, 5]
[-9, 10, 11, -14] [-1, 10, -3, 16] [5, -1, 10, -18] [-38, 2, 28, 15] [-28, -13, -16, 16] [3, -22, 7, 22] [-16, -7, -4, 10]
[-1, -10, 0, -24] [16, 5, 6, -8] [4, 18, 9, -72] [0, 0, 0, 0] [9, -58, 8, 3] [8, -17, -4, 17] [11, -5, -7, -3]
[-10, -6, -18, -14] [9, 19, -3, 15] [-4, 16, -14, -6] [20, 8, -44, 5] [6, -5, -4, 31] [18, 11, -12, 18] [-6, -16, -1, 6]
[-1, 23, -10, -3] [-10, -14, -9, -23] [8, 1, 8, -3] [2, -3, -16, -5] [15, 9, -1, 3] [16, -1, -2, -2] [17, -3, -6, 9]
[-2, -17, -19, -4] [2, -11, 3, -12] [-13, -11, 1, 8] [0, 18, -5, 2] [22, 14, 12, 9] [12, 3, -13, 4] [1, 2, 14, -3]
Food (up, right, down, left):
[24, 4, -15, 12] [5, 9, -5, -20] [7, -9, -17, 16] [-2, -6, 24, -8] [-7, 12, 10, 21] [11, -19, 1, -10] [-15, 2, 17, -20]
[-27, -10, -8, -9] [-20, 7, 5, -16] [10, 16, 8, 18] [-8, 15, -18, 21] [8, -11, 5, -30] [24, -12, -14, 13] [-12, -8, -10, 4]
[-14, 19, 3, -5] [-10, -7, 8, -11] [-11, -31, -13, 0] [20, -18, 21, -13] [-18, -10, 0, -13] [3, -1, -11, -6] [18, 4, 15, 19]
[-2, -4, 19, 20] [-17, -14, -23, 10] [-9, 14, -30, -6] [0, 0, 0, 0] [-26, 23, -3, -6] [-13, -7, -14, -5] [-5, -1, -22, -3]
[5, 10, 2, 10] [-11, -2, 14, 15] [8, -1, 12, -2] [-20, -12, 20, -2] [-7, -18, -1, -20] [-23, 30, 13, 8] [5, 4, -4, -31]
[2, -3, 11, -1] [26, -19, 20, 15] [9, 10, 1, 0] [-6, -20, 5, -11] [-17, 0, -1, -14] [-8, 8, -4, 20] [5, 23, -14, 7]
[2, -14, -19, -14] [11, 2, 2, -12] [-1, -2, 9, 9] [2, -8, 30, -33] [21, 21, -16, 4] [14, 16, 29, 14] [-6, -4, 15, -10]
------------------------------
ALIVE
Head: (22 47)
Body: (22 47) (22 48) (22 49) (22 50) (22 51) (23 51) (23 52) (22 52) (21 52) (20 52) (20 51) (20 50) (20 49) (20 48) 
Length: 14, 4
Vision: 3
Hungry, suplies: 5/10
Reproductive: 16, mutating: 0.25
Generation: 15067
####################################
Wall (up, right, down, left):
[1, -10, -16, 1] [11, 10, 6, -6] [-11, -3, 10, -9] [16, 24, -1, 12] [2, 2, 8, -14] [-4, -8, 0, -10] [0, -4, 5, 3]
[3, 14, -5, -2] [8, 14, 9, 4] [-18, 6, 4, 3] [-21, 15, 5, 13] [14, 4, 11, -3] [-14, 11, 16, 3] [-13, -16, 12, 5]
[-9, 10, 11, -14] [-1, 10, -3, 16] [5, -1, 10, -18] [-38, 2, 28, 15] [-28, -13, -21, 16] [3, -22, 7, 18] [-16, -7, -4, 10]
[-1, -10, 0, -24] [16, 5, 6, -8] [1, 18, 9, -72] [0, 0, 0, 0] [9, -58, 8, 3] [8, -17, -4, 17] [11, -5, -2, -3]
[-10, -6, -18, -14] [9, 19, -3, 15] [-4, 16, -14, -6] [20, 8, -44, 5] [6, -5, -4, 31] [18, 11, -9, 18] [-2, -16, -1, 6]
[-1, 23, -10, -3] [-10, -14, -9, -23] [8, 1, 8, -3] [2, -4, -16, -5] [15, 9, -1, 3] [16, -1, -2, -2] [17, -3, -6, 9]
[-2, -17, -19, -4] [2, -11, 3, -12] [-18, -11, 1, 8] [0, 18, -5, 2] [22, 14, 12, 9] [12, 3, -13, 4] [1, 2, 14, -3]
Food (up, right, down, left):
[24, 4, -15, 12] [0, 9, -5, -20] [7, -9, -17, 16] [-2, -6, 24, -8] [-7, 12, 10, 21] [11, -19, 1, -10] [-15, 2, 17, -20]
[-27, -10, -8, -9] [-20, 7, 5, -16] [10, 16, 8, 18] [-8, 15, -18, 21] [8, -11, 5, -30] [24, -12, -14, 13] [-12, -8, -10, 4]
[-14, 19, 3, -5] [-10, -7, 8, -11] [-11, -31, -13, 0] [20, -18, 21, -13] [-18, -10, -2, -13] [3, -1, -10, -6] [18, 4, 15, 19]
[-2, -4, 19, 20] [-17, -14, -23, 10] [-9, 14, -28, -9] [0, 0, 0, 0] [-26, 23, -3, -6] [-13, -7, -14, -5] [0, -1, -22, -3]
[5, 10, 2, 10] [-11, -2, 14, 15] [8, -1, 12, -2] [-20, -12, 20, -2] [-7, -18, -1, -20] [-23, 26, 13, 10] [5, 2, -4, -31]
[2, -3, 11, -1] [26, -19, 20, 15] [9, 10, 1, 0] [-5, -20, 5, -11] [-17, 0, -1, -14] [-8, 8, -4, 20] [5, 23, -14, 7]
[2, -14, -19, -14] [11, 2, 2, -12] [-1, 0, 9, 9] [2, -8, 30, -33] [21, 21, -16, 4] [14, 16, 29, 14] [-6, -4, 15, -10]
------------------------------
ALIVE
Head: (11 18)
Body: (11 18) (12 18) (13 18) (13 19) (13 20) (13 21) (14 21) (14 22) (14 23) (15 23) (15 22) (15 21) (15 20) 
Length: 13, 4
Vision: 3
Hungry, suplies: 7/10
Reproductive: 16, mutating: 0.25
Generation: 15065
####################################
Wall (up, right, down, left):
[1, -10, -16, 1] [11, 10, 6, -6] [-11, -3, 10, -9] [16, 24, -1, 12] [2, 2, 8, -14] [-4, -8, 0, -10] [0, -4, 5, 3]
[3, 14, -5, -2] [8, 14, 9, 4] [-18, 6, 4, 3] [-21, 15, 5, 13] [14, 4, 11, -3] [-14, 11, 16, 3] [-13, -16, 12, 5]
[-9, 10, 11, -14] [-1, 10, -3, 16] [5, -1, 10, -18] [-38, 2, 28, 15] [-28, -13, -21, 16] [3, -22, 7, 18] [-16, -7, -4, 10]
[-1, -10, 0, -24] [16, 5, 6, -8] [1, 18, 9, -72] [0, 0, 0, 0] [9, -58, 8, 3] [8, -17, -4, 17] [11, -5, -2, -3]
[-10, -6, -18, -14] [9, 19, -3, 15] [-4, 16, -14, -6] [20, 8, -44, 5] [6, -5, -4, 31] [18, 11, -12, 18] [-2, -16, -1, 6]
[-1, 23, -10, -3] [-10, -14, -9, -23] [8, 1, 8, -3] [2, -4, -16, -5] [15, 9, -1, 3] [16, -1, -2, -2] [17, -3, -6, 9]
[-2, -17, -19, -4] [2, -11, 3, -12] [-18, -11, 1, 5] [0, 18, -5, 2] [22, 14, 12, 9] [12, 3, -13, 4] [1, 2, 14, -3]
Food (up, right, down, left):
[24, 4, -15, 12] [0, 9, -5, -20] [7, -9, -17, 16] [-2, -6, 24, -8] [-7, 12, 10, 21] [11, -19, 1, -10] [-15, 2, 17, -20]
[-27, -10, -8, -9] [-20, 7, 5, -16] [10, 16, 8, 18] [-8, 15, -18, 21] [8, -11, 5, -30] [24, -12, -14, 13] [-12, -8, -10, 4]
[-14, 19, 3, -5] [-10, -7, 8, -11] [-11, -31, -13, 0] [20, -18, 21, -13] [-18, -10, -2, -13] [3, -1, -10, -6] [18, 4, 15, 19]
[-2, -4, 19, 20] [-17, -14, -23, 10] [-9, 14, -30, -9] [0, 0, 0, 0] [-26, 23, -3, -6] [-13, -7, -14, -5] [0, -1, -22, -3]
[5, 10, 2, 10] [-11, -2, 14, 15] [8, -1, 12, -2] [-20, -12, 20, -2] [-7, -18, -1, -20] [-23, 26, 13, 8] [5, 2, -4, -31]
[2, -3, 11, -1] [26, -19, 20, 15] [9, 10, 1, 0] [-5, -20, 5, -11] [-17, 0, -1, -14] [-8, 8, -4, 20] [5, 23, -14, 7]
[2, -14, -19, -14] [11, 2, 2, -12] [-1, 0, 9, 9] [2, -8, 30, -33] [21, 21, -16, 4] [14, 16, 29, 14] [-6, -4, 15, -10]
------------------------------
ALIVE
Head: (15 3)
Body: (15 3) (15 4) (16 4) (16 5) (15 5) (14 5) (13 5) (13 4) (13 3) (13 2) (12 2) (12 1) (12 57) (12 56) 
Length: 14, 4
Vision: 3
Hungry, suplies: 5/10
Reproductive: 16, mutating: 0.25
Generation: 15065
####################################
Wall (up, right, down, left):
[1, -10, -16, 1] [11, 10, 6, -6] [-11, -3, 5, -9] [16, 24, -1, 12] [2, 2, 8, -14] [-4, -8, 0, -10] [0, -4, 5, 3]
[3, 14, -5, -2] [8, 14, 9, 4] [-18, 6, 4, 3] [-21, 15, 5, 11] [14, 4, 11, -3] [-14, 11, 16, 3] [-13, -16, 12, 5]
[-9, 10, 11, -14] [-4, 10, -3, 16] [5, -1, 10, -18] [-38, 3, 28, 15] [-28, -13, -21, 16] [3, -22, 7, 18] [-16, -7, -4, 10]
[-1, -10, 0, -24] [16, 5, 6, -8] [1, 17, 9, -72] [0, 0, 0, 0] [9, -58, 8, 3] [8, -17, -4, 17] [11, -5, -2, -3]
[-10, -6, -18, -14] [9, 19, -3, 15] [-4, 16, -14, -6] [20, 8, -44, 5] [6, -5, -4, 31] [18, 11, -12, 18] [-2, -16, -1, 6]
[-1, 18, -10, -3] [-10, -14, -9, -23] [8, 1, 8, -3] [2, -4, -16, -5] [15, 9, -1, 3] [16, -1, -2, -2] [17, -3, -6, 9]
[-2, -17, -19, -4] [2, -11, 3, -12] [-13, -11, 1, 8] [0, 18, -5, 2] [22, 14, 12, 9] [12, 3, -13, 4] [1, 2, 14, -3]
Food (up, right, down, left):
[24, 4, -15, 12] [0, 9, -5, -20] [7, -9, -19, 16] [-2, -6, 24, -8] [-7, 12, 10, 21] [11, -19, 1, -10] [-15, 2, 17, -20]
[-27, -10, -8, -9] [-20, 7, 5, -16] [10, 16, 8, 18] [-8, 15, -18, 24] [8, -11, 5, -30] [24, -12, -14, 13] [-12, -8, -10, 4]
[-14, 19, 3, -5] [-14, -7, 8, -11] [-11, -31, -13, 0] [20, -20, 21, -13] [-18, -10, -2, -13] [3, -1, -10, -6] [18, 4, 15, 19]
[-2, -4, 19, 20] [-17, -14, -23, 10] [-7, 14, -30, -9] [0, 0, 0, 0] [-26, 23, -3, -6] [-13, -7, -14, -5] [0, -1, -22, -3]
[5, 10, 2, 10] [-11, -2, 14, 15] [8, -1, 12, -2] [-20, -12, 20, -2] [-7, -18, -1, -20] [-23, 26, 13, 8] [5, 2, -4, -31]
[2, -5, 7, -1] [26, -19, 20, 15] [9, 10, 1, 0] [-5, -20, 5, -11] [-17, 0, -1, -14] [-8, 8, -4, 20] [5, 23, -14, 7]
[2, -14, -19, -14] [11, 2, 2, -12] [-1, -2, 9, 9] [2, -8, 30, -33] [21, 21, -16, 4] [14, 16, 29, 14] [-6, -4, 15, -10]
------------------------------
ALIVE
Head: (6 40)
Body: (6 40) (6 39) (6 38) (7 38) (7 37) (8 37) (9 37) (10 37) (10 38) (10 39) (11 39) 
Length: 11, 4
Vision: 3
Hungry, suplies: 8/10
Reproductive: 16, mutating: 0.25
Generation: 15068
####################################
Wall (up, right, down, left):
[1, -10, -16, 1] [11, 10, 6, -6] [-11, -3, 10, -9] [16, 24, -1, 12] [2, 2, 8, -14] [-4, -8, 0, -10] [0, -4, 5, 3]
[3, 14, -5, -2] [8, 14, 9, 4] [-18, 6, 4, 3] [-21, 15, 5, 13] [14, 4, 11, -3] [-14, 11, 16, 3] [-13, -16, 12, 5]
[-9, 10, 11, -14] [3, 10, -3, 16] [5, -1, 10, -18] [-38, 3, 28, 15] [-28, -13, -21, 16] [3, -22, 7, 18] [-16, -7, -4, 10]
[-1, -10, 0, -24] [16, 5, 6, -8] [1, 17, 9, -72] [0, 0, 0, 0] [9, -58, 8, 3] [8, -17, -4, 17] [11, -5, -2, -3]
[-10, -6, -18, -14] [9, 19, -3, 15] [-4, 16, -14, -6] [20, 8, -44, 5] [6, -5, -4, 31] [18, 11, -12, 18] [-2, -16, -1, 6]
[-1, 23, -10, -3] [-10, -14, -9, -23] [8, 1, 8, -3] [2, -4, -16, -5] [15, 9, -1, 3] [16, -1, -2, -2] [17, -3, -6, 9]
[-2, -17, -19, -4] [2, -11, 3, -12] [-13, -11, 1, 8] [0, 18, -5, 2] [22, 14, 12, 9] [12, 3, -13, 4] [6, 2, 14, -3]
Food (up, right, down, left):
[24, 4, -15, 12] [0, 9, -5, -20] [7, -9, -17, 16] [-2, -6, 24, -8] [-7, 12, 10, 21] [11, -19, 1, -10] [-15, 2, 17, -20]
[-27, -10, -8, -9] [-20, 7, 5, -16] [10, 16, 8, 18] [-8, 15, -18, 21] [8, -11, 5, -30] [24, -12, -14, 13] [-12, -8, -10, 4]
[-14, 19, 3, -5] [-10, -11, 8, -11] [-11, -31, -13, 0] [20, -20, 21, -13] [-18, -10, -2, -13] [3, -1, -10, -6] [18, 4, 15, 19]
[-2, -4, 19, 20] [-17, -14, -23, 10] [-7, 14, -30, -9] [0, 0, 0, 0] [-26, 23, -3, -6] [-13, -7, -14, -5] [0, -1, -22, -3]
[5, 10, 2, 10] [-11, -2, 14, 15] [8, -1, 12, -2] [-20, -12, 20, -2] [-7, -18, -1, -20] [-23, 26, 13, 8] [5, 2, -4, -31]
[2, -3, 11, -1] [26, -19, 20, 15] [9, 10, 1, 0] [-5, -20, 5, -11] [-17, 0, -1, -14] [-8, 8, -4, 20] [5, 23, -14, 7]
[2, -14, -19, -14] [11, 2, 2, -12] [-1, -2, 9, 9] [2, -8, 30, -33] [21, 21, -16, 4] [14, 16, 29, 14] [-8, -4, 15, -10]
------------------------------
ALIVE
Head: (11 49)
Body: (11 49) (11 50) (12 50) (12 51) (12 52) (12 53) (11 53) (11 54) (11 55) (11 -1) (11 0) (11 1) (10 1) (10 0) 
Length: 14, 4
Vision: 3
Hungry, suplies: 5/10
Reproductive: 16, mutating: 0.25
Generation: 15067
####################################
Wall (up, right, down, left):
[1, -10, -16, 1] [11, 10, 6, -6] [-11, -3, 10, -9] [16, 24, -1, 12] [2, 2, 8, -14] [-4, -8, 0, -10] [0, -4, 5, 3]
[3, 14, -5, -2] [8, 14, 9, 4] [-18, 6, 4, 3] [-21, 15, 5, 13] [14, 4, 11, -3] [-14, 11, 16, 3] [-13, -16, 12, 5]
[-9, 10, 11, -14] [-1, 10, -3, 16] [5, -1, 10, -18] [-38, 3, 28, 15] [-28, -13, -21, 16] [3, -22, 7, 18] [-16, -7, -4, 10]
[-1, -10, -5, -24] [16, 5, 6, -8] [1, 17, 9, -72] [0, 0, 0, 0] [9, -58, 8, 3] [8, -17, -4, 17] [11, -5, -2, -3]
[-10, -6, -18, -14] [9, 19, -3, 15] [-4, 16, -14, -6] [20, 8, -44, 5] [6, -5, -4, 31] [18, 11, -12, 18] [-2, -16, -1, 6]
[-1, 23, -10, -3] [-10, -14, -9, -23] [8, 1, 8, -3] [2, -4, -16, -5] [15, 9, -1, 3] [16, -1, -2, -2] [17, -3, -6, 9]
[-2, -17, -19, -4] [2, -11, 3, -12] [-13, -11, 1, 8] [0, 18, -5, 2] [22, 14, 12, 9] [12, 3, -13, 4] [6, 2, 14, -3]
Food (up, right, down, left):
[24, 4, -15, 12] [0, 9, -5, -20] [7, -9, -17, 16] [-2, -6, 24, -8] [-7, 12, 10, 21] [11, -19, 1, -10] [-15, 2, 17, -20]
[-27, -10, -8, -9] [-20, 7, 5, -16] [10, 16, 8, 18] [-8, 15, -18, 21] [8, -11, 5, -30] [24, -12, -14, 13] [-12, -8, -10, 4]
[-14, 19, 3, -5] [-10, -7, 8, -11] [-11, -31, -13, 0] [20, -20, 21, -13] [-18, -10, -2, -13] [3, -1, -10, -6] [18, 4, 15, 19]
[-2, -4, 17, 20] [-17, -14, -23, 10] [-7, 14, -30, -9] [0, 0, 0, 0] [-26, 23, -3, -6] [-13, -7, -14, -5] [0, -1, -22, -3]
[5, 10, 2, 10] [-11, -2, 14, 15] [8, -1, 12, -2] [-20, -12, 20, -2] [-7, -18, -1, -20] [-23, 26, 13, 8] [5, 2, -4, -31]
[2, -3, 11, -1] [26, -19, 20, 15] [9, 10, 1, 0] [-5, -20, 5, -11] [-17, 0, -1, -14] [-8, 8, -4, 20] [5, 23, -14, 7]
[2, -14, -19, -14] [11, 2, 2, -12] [-1, -2, 9, 9] [2, -8, 30, -33] [21, 21, -16, 4] [14, 16, 29, 14] [-8, -4, 15, -10]
------------------------------
ALIVE
Head: (17 15)
Body: (17 15) (18 15) (19 15) (20 15) (20 14) (19 14) (19 13) (18 13) 
Length: 8, 4
Vision: 3
Hungry, suplies: 10/10
Reproductive: 16, mutating: 0.25
Generation: 15066
####################################
Wall (up, right, down, left):
[1, -10, -16, 1] [11, 10, 6, -6] [-11, -3, 10, -9] [16, 24, 1, 12] [2, 2, 8, -14] [-4, -8, 0, -10] [0, -4, 5, 3]
[3, 14, -5, -2] [8, 14, 9, 4] [-18, 6, 4, 3] [-21, 15, 5, 13] [14, 4, 11, -3] [-14, 11, 16, 3] [-13, -16, 12, 5]
[-9, 10, 11, -14] [-1, 10, -3, 16] [5, -1, 10, -18] [-38, 3, 28, 15] [-28, -13, -21, 16] [3, -22, 7, 18] [-16, -7, -4, 10]
[-1, -10, 0, -24] [16, 5, 6, -8] [1, 17, 9, -72] [0, 0, 0, 0] [9, -58, 3, 3] [8, -17, -4, 17] [11, -5, -2, -3]
[-10, -6, -18, -14] [9, 19, -3, 15] [-4, 16, -14, -6] [20, 8, -44, 5] [6, -5, -4, 31] [18, 11, -12, 18] [-2, -16, -1, 6]
[-1, 23, -10, -3] [-10, -14, -9, -23] [8, 1, 8, -3] [2, -4, -16, -5] [15, 9, -1, 3] [16, -1, -2, -2] [17, -3, -6, 9]
[-2, -17, -19, -4] [2, -11, 3, -12] [-13, -11, 5, 8] [0, 18, -5, 2] [22, 14, 12, 9] [12, 3, -13, 4] [1, 2, 14, -3]
Food (up, right, down, left):
[24, 4, -15, 12] [0, 9, -5, -20] [7, -9, -17, 16] [-2, -11, 24, -8] [-7, 12, 10, 21] [11, -19, 1, -10] [-15, 2, 17, -20]
[-27, -10, -8, -9] [-20, 7, 5, -16] [10, 16, 8, 18] [-8, 15, -18, 21] [8, -11, 5, -30] [24, -12, -14, 13] [-12, -8, -10, 4]
[-14, 19, 3, -5] [-10, -7, 8, -11] [-11, -31, -13, 0] [20, -20, 21, -13] [-18, -10, -2, -13] [3, -1, -10, -6] [18, 4, 15, 19]
[-2, -4, 19, 20] [-17, -14, -23, 10] [-7, 14, -30, -9] [0, 0, 0, 0] [-26, 19, -3, -6] [-13, -7, -14, -5] [0, -1, -22, -3]
[5, 10, 2, 10] [-11, -2, 14, 15] [8, -1, 12, -2] [-20, -12, 20, -2] [-7, -18, -1, -20] [-23, 26, 13, 8] [5, 2, -4, -31]
[2, -3, 11, -1] [26, -19, 20, 15] [9, 10, 1, 0] [-5, -20, 5, -11] [-17, 0, -1, -14] [-8, 8, -4, 20] [5, 23, -14, 7]
[2, -14, -19, -14] [11, 2, 2, -12] [4, -2, 9, 9] [2, -8, 30, -33] [21, 21, -16, 4] [14, 16, 29, 14] [-6, -4, 15, -10]
------------------------------
ALIVE
Head: (17 36)
Body: (17 36) (18 36) (18 35) (18 34) (19 34) (19 33) (19 32) (19 31) (19 30) (18 30) (17 30) 
Length: 11, 4
Vision: 3
Hungry, suplies: 10/10
Reproductive: 16, mutating: 0.25
Generation: 15064
####################################
Wall (up, right, down, left):
[1, -10, -16, 1] [11, 10, 6, -6] [-11, -3, 10, -4] [16, 24, 1, 12] [2, 2, 8, -14] [-4, -8, 0, -10] [0, -4, 5, 3]
[3, 14, -5, -2] [8, 14, 9, 4] [-18, 6, 4, 3] [-21, 15, 5, 13] [14, 4, 11, -3] [-14, 11, 16, 3] [-13, -16, 12, 5]
[-9, 10, 11, -14] [-1, 10, -3, 16] [5, -1, 10, -18] [-38, 3, 28, 15] [-28, -13, -21, 16] [3, -22, 7, 18] [-16, -7, -4, 10]
[-1, -10, 0, -24] [16, 5, 6, -8] [1, 17, 9, -72] [0, 0, 0, 0] [9, -58, 3, 3] [8, -17, -4, 17] [11, -5, -2, -3]
[-10, -6, -18, -14] [9, 19, -3, 15] [-4, 16, -14, -6] [20, 8, -44, 5] [6, -5, -4, 31] [18, 11, -12, 18] [-2, -16, -1, 6]
[-1, 23, -10, -3] [-10, -14, -9, -23] [8, 1, 8, -3] [2, -4, -16, -5] [15, 9, -1, 3] [16, -1, -2, -2] [17, -3, -6, 9]
[-2, -17, -19, -4] [2, -11, 3, -12] [-13, -11, 5, 8] [0, 18, -5, 2] [22, 14, 12, 9] [12, 3, -13, 4] [1, 2, 14, -3]
Food (up, right, down, left):
[24, 4, -15, 12] [0, 9, -5, -20] [7, -9, -17, 20] [-2, -11, 24, -8] [-7, 12, 10, 21] [11, -19, 1, -10] [-15, 2, 17, -20]
[-27, -10, -8, -9] [-20, 7, 5, -16] [10, 16, 8, 18] [-8, 15, -18, 21] [8, -11, 5, -30] [24, -12, -14, 13] [-12, -8, -10, 4]
[-14, 19, 3, -5] [-10, -7, 8, -11] [-11, -31, -13, 0] [20, -20, 21, -13] [-18, -10, -2, -13] [3, -1, -10, -6] [18, 4, 15, 19]
[-2, -4, 19, 20] [-17, -14, -23, 10] [-7, 14, -30, -9] [0, 0, 0, 0] [-26, 19, -3, -6] [-13, -7, -14, -5] [0, -1, -22, -3]
[5, 10, 2, 10] [-11, -2, 14, 15] [8, -1, 12, -2] [-20, -12, 20, -2] [-7, -18, -1, -20] [-23, 26, 13, 8] [5, 2, -4, -31]
[2, -3, 11, -1] [26, -19, 20, 15] [9, 10, 1, 0] [-5, -20, 5, -11] [-17, 0, -1, -14] [-8, 8, -4, 20] [5, 23, -14, 7]
[2, -14, -19, -14] [11, 2, 2, -12] [4, -2, 9, 9] [2, -8, 30, -33] [21, 21, -16, 4] [14, 16, 29, 14] [-6, -4, 15, -10]
------------------------------
ALIVE
Head: (6 11)
Body: (6 11) (6 12) (5 12) (4 12) (4 13) (4 14) (3 14) (2 14) (2 13) (3 13) (3 12) (3 11) (3 10) (4 10) 
Length: 14, 4
Vision: 3
Hungry, suplies: 8/10
Reproductive: 16, mutating: 0.25
Generation: 15065
####################################
Wall (up, right, down, left):
[1, -10, -16, 1] [11, 10, 6, -8] [-11, -3, 10, -9] [16, 24, -1, 12] [2, 2, 8, -14] [-4, -8, 0, -10] [0, -4, 5, 3]
[3, 14, -5, -2] [8, 14, 9, 4] [-18, 6, 4, 3] [-21, 15, 5, 13] [14, 4, 11, -3] [-14, 11, 16, 3] [-13, -16, 12, 5]
[-9, 10, 11, -14] [-1, 10, -3, 16] [5, -1, 10, -18] [-38, 2, 28, 15] [-28, -13, -16, 16] [3, -22, 7, 22] [-16, -7, -4, 10]
[-1, -10, 0, -24] [16, 5, 6, -8] [1, 18, 9, -72] [0, 0, 0, 0] [9, -58, 8, 3] [8, -17, -4, 17] [11, -5, -2, -3]
[-10, -6, -18, -14] [9, 19, -3, 15] [-4, 18, -14, -6] [20, 8, -44, 5] [6, -5, -4, 31] [18, 11, -12, 18] [-6, -16, -1, 6]
[-1, 23, -10, -3] [-10, -14, -9, -23] [8, 1, 8, -3] [2, -3, -16, -5] [15, 9, -1, 3] [16, -1, -2, -2] [17, -3, -6, 9]
[-2, -17, -19, -4] [2, -11, 3, -12] [-13, -11, 1, 8] [0, 18, -5, 2] [22, 14, 12, 9] [12, 3, -11, 4] [1, 2, 14, -3]
Food (up, right, down, left):
[24, 4, -15, 12] [5, 9, -5, -20] [7, -9, -17, 16] [-2, -6, 24, -8] [-7, 12, 10, 21] [11, -19, 1, -10] [-15, 2, 17, -20]
[-27, -10, -8, -9] [-20, 7, 5, -16] [10, 16, 8, 18] [-8, 15, -18, 21] [8, -11, 5, -30] [24, -12, -14, 13] [-12, -8, -10, 4]
[-14, 19, 3, -5] [-10, -7, 8, -11] [-11, -31, -13, 0] [20, -18, 21, -13] [-18, -10, 0, -13] [3, -1, -11, -6] [18, 4, 15, 19]
[-2, -4, 19, 20] [-17, -14, -23, 10] [-9, 14, -30, -9] [0, 0, 0, 0] [-26, 23, -3, -6] [-13, -7, -14, -5] [0, -1, -22, -3]
[5, 10, 2, 10] [-11, -2, 14, 15] [8, -1, 17, -2] [-20, -12, 20, -2] [-7, -18, -1, -20] [-23, 26, 13, 8] [5, 4, -4, -31]
[2, -3, 11, -1] [26, -19, 20, 15] [9, 10, 1, 0] [-6, -20, 5, -11] [-17, 0, -1, -14] [-8, 8, -4, 20] [5, 23, -14, 7]
[2, -14, -19, -14] [11, 2, 2, -12] [-1, -2, 9, 9] [2, -8, 30, -33] [21, 21, -16, 4] [14, 16, 27, 14] [-6, -4, 15, -10]
------------------------------
ALIVE
Head: (22 18)
Body: (22 18) (21 18) (21 17) (22 17) (23 17) (24 17) (0 17) (1 17) (2 17) (2 18) (2 19) (1 19) 
Length: 12, 4
Vision: 3
Hungry, suplies: 5/10
Reproductive: 16, mutating: 0.25
Generation: 15066
####################################
Wall (up, right, down, left):
[1, -10, -16, 1] [11, 10, 6, -8] [-11, -3, 10, -9] [16, 24, -1, 12] [2, 2, 8, -14] [-4, -8, 0, -10] [0, -4, 5, 3]
[3, 14, -5, -2] [8, 14, 9, 4] [-18, 6, 4, 3] [-21, 15, 5, 13] [14, 4, 11, -3] [-14, 11, 16, 3] [-13, -16, 12, 5]
[-9, 10, 11, -14] [-1, 10, -3, 16] [5, -1, 10, -18] [-38, 2, 28, 15] [-28, -13, -16, 16] [3, -22, 7, 22] [-16, -7, -4, 10]
[-1, -10, 0, -24] [16, 5, 6, -8] [4, 18, 9, -72] [0, 0, 0, 0] [9, -58, 8, 3] [8, -17, -4, 17] [11, -5, -7, -3]
[-10, -6, -18, -14] [9, 19, -3, 15] [-4, 16, -14, -6] [20, 8, -44, 5] [6, -5, -4, 31] [18, 11, -12, 18] [-6, -16, -1, 6]
[-1, 23, -10, -3] [-10, -14, -9, -23] [8, 1, 8, -3] [2, -3, -16, -5] [15, 9, -1, 3] [16, -1, -2, -2] [17, -3, -6, 9]
[-2, -17, -19, -4] [2, -11, 3, -12] [-13, -11, 1, 8] [0, 18, -5, 2] [22, 14, 12, 9] [12, 3, -13, 4] [1, 2, 14, -3]
Food (up, right, down, left):
[24, 4, -15, 12] [5, 9, -5, -20] [7, -9, -17, 16] [-2, -6, 24, -8] [-7, 12, 10, 21] [11, -19, 1, -10] [-15, 2, 17, -20]
[-27, -10, -8, -9] [-20, 7, 5, -16] [10, 16, 8, 18] [-8, 15, -18, 21] [8, -11, 5, -30] [24, -12, -14, 13] [-12, -8, -10, 4]
[-14, 19, 3, -5] [-10, -7, 8, -11] [-11, -31, -13, 0] [20, -18, 21, -13] [-18, -10, 0, -13] [3, -1, -11, -6] [18, 4, 15, 19]
[-2, -4, 19, 20] [-17, -14, -23, 10] [-9, 14, -30, -6] [0, 0, 0, 0] [-26, 23, -3, -6] [-13, -7, -14, -5] [-5, -1, -22, -3]
[5, 10, 2, 10] [-11, -2, 14, 15] [8, -1, 12, -2] [-20, -12, 20, -2] [-7, -18, -1, -20] [-23, 30, 13, 8] [5, 4, -4, -31]
[2, -3, 11, -1] [26, -19, 20, 15] [9, 10, 1, 0] [-6, -20, 5, -11] [-17, 0, -1, -14] [-8, 8, -4, 20] [5, 23, -14, 7]
[2, -14, -19, -14] [11, 2, 2, -12] [-1, -2, 9, 9] [2, -8, 30, -33] [21, 21, -16, 4] [14, 16, 29, 14] [-6, -4, 15, -10]
------------------------------
ALIVE
Head: (24 23)
Body: (24 23) (24 22) (23 22) (22 22) (22 21) (21 21) (20 21) (19 21) (18 21) 
Length: 9, 4
Vision: 3
Hungry, suplies: 4/10
Reproductive: 16, mutating: 0.25
Generation: 15067
####################################
Wall (up, right, down, left):
[1, -10, -16, 1] [11, 10, 6, -8] [-11, -3, 10, -9] [16, 24, -1, 12] [2, 2, 8, -14] [-4, -8, 0, -10] [0, -4, 5, 3]
[3, 14, -5, -2] [8, 14, 9, 4] [-18, 6, 4, 3] [-21, 15, 5, 13] [14, 4, 11, -3] [-14, 11, 16, 3] [-13, -16, 12, 5]
[-9, 10, 11, -14] [-1, 10, -3, 16] [5, -1, 10, -18] [-38, 2, 28, 15] [-28, -13, -16, 16] [3, -22, 7, 22] [-16, -7, -4, 10]
[-1, -10, 0, -24] [19, 5, 6, -8] [1, 18, 9, -72] [0, 0, 0, 0] [9, -58, 8, 3] [8, -17, -4, 17] [11, -5, -2, -3]
[-10, -6, -18, -14] [9, 19, -3, 15] [-4, 16, -14, -6] [20, 8, -44, 5] [6, -5, -4, 31] [18, 11, -12, 18] [-6, -16, -1, 6]
[-1, 23, -10, -3] [-10, -14, -9, -23] [8, 1, 8, -3] [2, -3, -16, -5] [15, 9, -1, 3] [16, -1, -2, -2] [17, -3, -6, 9]
[-2, -17, -19, -4] [2, -11, 3, -12] [-13, -11, 1, 8] [0, 18, -5, 2] [22, 14, 12, 9] [12, 3, -13, 4] [1, 2, 14, -3]
Food (up, right, down, left):
[24, 4, -15, 12] [5, 9, -5, -20] [7, -9, -17, 16] [-2, -6, 24, -8] [-7, 12, 10, 21] [11, -19, 1, -10] [-15, 2, 17, -20]
[-27, -10, -8, -9] [-20, 7, 5, -16] [10, 16, 8, 18] [-8, 15, -18, 21] [8, -11, 5, -30] [24, -12, -14, 13] [-12, -8, -10, 4]
[-14, 19, 3, -5] [-10, -7, 8, -11] [-11, -31, -13, 0] [20, -18, 21, -13] [-18, -10, 0, -13] [3, -1, -11, -6] [18, 4, 15, 19]
[-2, -4, 19, 20] [-17, -14, -23, 14] [-9, 14, -30, -9] [0, 0, 0, 0] [-26, 23, -3, -6] [-13, -7, -14, -5] [0, -1, -22, -3]
[5, 10, 2, 10] [-11, -2, 14, 15] [8, -1, 12, -2] [-20, -12, 20, -2] [-7, -18, -1, -20] [-23, 26, 13, 8] [5, 4, -4, -31]
[2, -3, 11, -1] [26, -19, 20, 15] [9, 10, 1, 0] [-6, -20, 5, -11] [-17, 0, -1, -14] [-8, 8, -4, 20] [5, 23, -14, 7]
[2, -14, -19, -14] [11, 2, 2, -12] [-1, -2, 9, 9] [2, -8, 30, -33] [21, 21, -16, 4] [14, 16, 29, 14] [-6, -4, 15, -10]
------------------------------
ALIVE
Head: (19 0)
Body: (19 0) (18 57) (18 56) (19 56) (20 56) (20 55) (21 55) (22 55) (22 56) (23 56) (23 57) 
Length: 11, 4
Vision: 3
Hungry, suplies: 8/10
Reproductive: 16, mutating: 0.25
Generation: 15064
####################################
Wall (up, right, down, left):
[1, -10, -16, 1] [11, 10, 6, -8] [-11, -3, 10, -9] [16, 24, -1, 12] [2, 2, 8, -14] [-4, -8, 0, -10] [0, -4, 5, 3]
[3, 14, -5, -2] [8, 14, 9, 4] [-18, 6, 4, 3] [-21, 15, 5, 13] [14, 4, 11, -3] [-14, 11, 16, 3] [-13, -16, 12, 5]
[-9, 10, 11, -14] [-1, 10, -3, 16] [5, -1, 10, -18] [-38, 2, 28, 15] [-28, -13, -16, 16] [3, -22, 7, 22] [-16, -7, -4, 10]
[-1, -10, 0, -24] [16, 5, 6, -8] [1, 18, 9, -72] [0, 0, 0, 0] [9, -58, 8, 3] [8, -17, -4, 17] [11, -5, -2, -3]
[-10, -6, -18, -14] [9, 19, -3, 15] [-4, 18, -14, -6] [20, 8, -44, 5] [6, -5, -4, 31] [18, 11, -12, 18] [-6, -16, -1, 6]
[-1, 23, -10, -3] [-10, -14, -9, -23] [8, 1, 8, -3] [2, -3, -16, -5] [15, 9, -1, 3] [16, -1, -2, -2] [17, -3, -6, 9]
[-2, -17, -19, -4] [2, -11, 3, -12] [-13, -11, 1, 8] [0, 18, -5, 2] [22, 14, 12, 9] [12, 3, -13, 4] [1, 2, 14, -3]
Food (up, right, down, left):
[24, 4, -15, 12] [5, 9, -5, -20] [7, -9, -17, 16] [-2, -6, 24, -8] [-7, 12, 10, 21] [11, -19, 1, -10] [-15, 2, 17, -20]
[-27, -10, -8, -9] [-20, 7, 5, -16] [10, 16, 8, 18] [-8, 15, -18, 21] [8, -11, 5, -30] [24, -12, -14, 13] [-12, -8, -10, 4]
[-14, 19, 3, -5] [-10, -7, 8, -11] [-11, -31, -13, 0] [20, -18, 21, -13] [-18, -10, 0, -13] [3, -1, -11, -6] [18, 4, 15, 19]
[-2, -4, 19, 20] [-17, -14, -23, 10] [-9, 14, -30, -9] [0, 0, 0, 0] [-26, 23, -3, -6] [-13, -7, -14, -5] [0, -1, -22, -3]
[5, 10, 2, 10] [-11, -2, 14, 15] [8, -1, 17, -2] [-20, -12, 20, -2] [-7, -18, -1, -20] [-23, 26, 13, 8] [5, 4, -4, -31]
[2, -3, 11, -1] [26, -19, 20, 15] [9, 10, 1, 0] [-6, -20, 5, -11] [-17, 0, -1, -14] [-8, 8, -4, 20] [5, 23, -14, 7]
[2, -14, -19, -14] [11, 2, 2, -12] [-1, -2, 9, 9] [2, -8, 30, -33] [21, 21, -16, 4] [14, 16, 29, 14] [-6, -4, 15, -10]
------------------------------
ALIVE
Head: (4 28)
Body: (4 28) (5 28) (5 27) (5 26) (5 25) (6 25) (6 26) (6 27) (7 27) 
Length: 9, 4
Vision: 3
Hungry, suplies: 5/10
Reproductive: 16, mutating: 0.25
Generation: 15065
####################################
Wall (up, right, down, left):
[1, -10, -16, 1] [11, 10, 6, -6] [-11, -3, 10, -9] [16, 24, -1, 12] [2, 2, 8, -14] [-4, -8, 0, -10] [0, -4, 5, 3]
[3, 14, -5, -2] [8, 14, 9, 4] [-18, 6, 4, 3] [-21, 15, 5, 13] [14, 4, 11, -3] [-14, 11, 16, 3] [-13, -16, 12, 5]
[-9, 10, 11, -14] [3, 10, -3, 16] [5, -1, 10, -18] [-38, 3, 28, 15] [-28, -13, -21, 16] [3, -22, 7, 18] [-16, -7, -4, 10]
[-1, -10, 0, -24] [16, 5, 6, -8] [1, 17, 9, -72] [0, 0, 0, 0] [9, -58, 8, 3] [8, -17, -4, 17] [11, -5, -2, -3]
[-10, -6, -18, -14] [9, 19, -3, 15] [-4, 16, -14, -6] [20, 8, -44, 5] [6, -5, -4, 31] [18, 11, -12, 18] [-2, -16, -1, 6]
[-1, 23, -10, -3] [-10, -14, -9, -23] [8, 1, 8, -3] [2, -4, -16, -5] [15, 9, -1, 3] [16, -1, -2, -2] [17, -3, -6, 9]
[-2, -17, -19, -4] [2, -11, 3, -12] [-13, -11, 1, 8] [0, 18, -5, 2] [22, 14, 12, 9] [12, 3, -13, 4] [6, 2, 14, -3]
Food (up, right, down, left):
[24, 4, -15, 12] [0, 9, -5, -20] [7, -9, -17, 16] [-2, -6, 24, -8] [-7, 12, 10, 21] [11, -19, 1, -10] [-15, 2, 17, -20]
[-27, -10, -8, -9] [-20, 7, 5, -16] [10, 16, 8, 18] [-8, 15, -18, 21] [8, -11, 5, -30] [24, -12, -14, 13] [-12, -8, -10, 4]
[-14, 19, 3, -5] [-10, -11, 8, -11] [-11, -31, -13, 0] [20, -20, 21, -13] [-18, -10, -2, -13] [3, -1, -10, -6] [18, 4, 15, 19]
[-2, -4, 19, 20] [-17, -14, -23, 10] [-7, 14, -30, -9] [0, 0, 0, 0] [-26, 23, -3, -6] [-13, -7, -14, -5] [0, -1, -22, -3]
[5, 10, 2, 10] [-11, -2, 14, 15] [8, -1, 12, -2] [-20, -12, 20, -2] [-7, -18, -1, -20] [-23, 26, 13, 8] [5, 2, -4, -31]
[2, -3, 11, -1] [26, -19, 20, 15] [9, 10, 1, 0] [-5, -20, 5, -11] [-17, 0, -1, -14] [-8, 8, -4, 20] [5, 23, -14, 7]
[2, -14, -19, -14] [11, 2, 2, -12] [-1, -2, 9, 9] [2, -8, 30, -33] [21, 21, -16, 4] [14, 16, 29, 14] [-8, -4, 15, -10]
------------------------------
ALIVE
Head: (5 7)
Body: (5 7) (5 6) (5 5) (5 4) (6 4) (6 5) (7 5) (8 5) (8 4) (8 3) 
Length: 10, 4
Vision: 3
Hungry, suplies: 9/10
Reproductive: 16, mutating: 0.25
Generation: 15067
####################################
Wall (up, right, down, left):
[1, -10, -16, 1] [11, 10, 6, -6] [-11, -3, 10, -9] [16, 24, -1, 12] [2, 2, 8, -14] [-4, -8, 0, -10] [0, -4, 5, 3]
[3, 14, -5, -2] [8, 14, 9, 4] [-18, 6, 4, 3] [-21, 15, 5, 13] [14, 4, 11, -3] [-14, 11, 16, 3] [-13, -16, 12, 5]
[-9, 10, 11, -14] [-1, 10, -3, 16] [5, -1, 10, -18] [-38, 3, 28, 15] [-28, -13, -21, 16] [3, -22, 7, 18] [-16, -7, -4, 10]
[-1, -10, -5, -24] [16, 5, 6, -8] [1, 17, 9, -72] [0, 0, 0, 0] [9, -58, 8, 3] [8, -17, -4, 17] [11, -5, -2, -3]
[-10, -6, -18, -14] [9, 19, -3, 15] [-4, 16, -14, -6] [20, 8, -44, 5] [6, -5, -4, 31] [18, 11, -12, 18] [-2, -16, -1, 6]
[-1, 23, -10, -3] [-10, -14, -9, -23] [8, 1, 8, -3] [2, -4, -16, -5] [15, 9, -1, 3] [16, -1, -2, -2] [17, -3, -6, 9]
[-2, -17, -19, -4] [2, -11, 3, -12] [-13, -11, 1, 8] [0, 18, -5, 2] [22, 14, 12, 9] [12, 3, -13, 4] [6, 2, 14, -3]
Food (up, right, down, left):
[24, 4, -15, 12] [0, 9, -5, -20] [7, -9, -17, 16] [-2, -6, 24, -8] [-7, 12, 10, 21] [11, -19, 1, -10] [-15, 2, 17, -20]
[-27, -10, -8, -9] [-20, 7, 5, -16] [10, 16, 8, 18] [-8, 15, -18, 21] [8, -11, 5, -30] [24, -12, -14, 13] [-12, -8, -10, 4]
[-14, 19, 3, -5] [-10, -7, 8, -11] [-11, -31, -13, 0] [20, -20, 21, -13] [-18, -10, -2, -13] [3, -1, -10, -6] [18, 4, 15, 19]
[-2, -4, 17, 20] [-17, -14, -23, 10] [-7, 14, -30, -9] [0, 0, 0, 0] [-26, 23, -3, -6] [-13, -7, -14, -5] [0, -1, -22, -3]
[5, 10, 2, 10] [-11, -2, 14, 15] [8, -1, 12, -2] [-20, -12, 20, -2] [-7, -18, -1, -20] [-23, 26, 13, 8] [5, 2, -4, -31]
[2, -3, 11, -1] [26, -19, 20, 15] [9, 10, 1, 0] [-5, -20, 5, -11] [-17, 0, -1, -14] [-8, 8, -4, 20] [5, 23, -14, 7]
[2, -14, -19, -14] [11, 2, 2, -12] [-1, -2, 9, 9] [2, -8, 30, -33] [21, 21, -16, 4] [14, 16, 29, 14] [-8, -4, 15, -10]
------------------------------
ALIVE
Head: (13 11)
Body: (13 11) (14 11) (14 12) (15 12) (16 12) (16 13) (16 14) (17 14) 
Length: 8, 4
Vision: 3
Hungry, suplies: 10/10
Reproductive: 16, mutating: 0.25
Generation: 15067
####################################
