Wall (up, right, down, left):
[3, 2, 17, -9] [-3, 8, 18, -17] [-25, 4, 5, -25] [9, -5, 23, 0] [-15, 19, 20, 1] [18, 3, -9, -5] [2, -21, -2, -7]
[-42, -14, 5, -21] [0, 10, -11, -9] [-37, -4, 16, 1] [-35, 14, 14, 23] [38, 10, -2, -10] [-23, -19, 1, -14] [-18, 3, 4, 14]
[-6, 2, 22, 14] [-7, 20, -12, -4] [-9, -5, 49, -22] [-79, 22, 55, 3] [-40, -44, -18, 40] [-19, -18, -1, -1] [-35, -14, -24, 2]
[3, 43, -5, -40] [10, 4, 30, -23] [-3, 45, 5, -104] [0, 0, 0, 0] [41, -106, 31, 10] [27, -6, 0, 6] [1, -1, 20, 6]
[-13, -28, 4, -4] [15, -3, -18, -13] [-11, -12, -44, -44] [53, 22, -124, 28] [14, -6, -27, 32] [-3, 11, -2, 25] [-35, -72, -15, 36]
[20, 23, 12, 5] [-26, 2, -15, 4] [32, -14, 22, -7] [-8, 6, -26, -4] [0, -4, -32, -8] [2, -12, -20, 5] [45, 6, 11, 10]
[-20, -17, 13, 1] [-3, -1, -49, -6] [-10, 6, 29, -4] [-11, 13, -41, -15] [39, 11, -10, 30] [41, -21, -39, 22] [-14, 7, 28, 0]
Food (up, right, down, left):
[14, 13, -3, 17] [-8, 21, -7, -18] [26, -20, 24, 13] [-14, -4, 52, 15] [-2, -3, 52, -17] [-10, -20, -21, -20] [-50, 7, 9, -16]
[-68, 7, -44, -10] [-4, -7, -36, -1] [6, 21, 21, 30] [-19, 19, -48, 25] [18, 9, -2, -50] [57, 3, -43, 25] [16, -10, 25, 22]
[-21, 7, 34, -42] [14, 5, -17, 30] [-61, -33, -39, 21] [42, -36, 31, 14] [-13, -10, -36, -25] [5, 22, -45, -28] [44, 28, 10, 11]
[6, 21, 0, 43] [-12, -6, -28, 32] [-2, 6, -29, -19] [0, 0, 0, 0] [-13, 56, -40, -10] [11, -29, -39, -24] [-20, 43, -19, 18]
[3, 11, -12, 22] [8, 28, 10, 38] [31, -6, 39, 24] [-16, -51, 26, -24] [10, 2, 15, -21] [1, 38, 20, 20] [-16, -15, 8, -7]
[0, -32, -11, 7] [9, 11, 16, -9] [13, 10, 6, 33] [-27, -29, 54, -18] [-41, -35, 5, -69] [-24, 68, 18, 17] [0, 36, 3, 32]
[7, -4, -22, -13] [5, 8, 9, -53] [30, 14, 8, -14] [-12, 14, 16, -36] [56, 34, 1, -20] [29, 33, 16, 2] [11, -19, 24, -17]
------------------------------
ALIVE
Head: (8 29)
Body: (8 29) (7 29) (6 29) (5 29) (5 28) (4 28) (4 29) (4 30) (5 30) (5 31) (5 32) 
Length: 11, 4
Vision: 3
Hungry, suplies: 10/10
Reproductive: 16, mutating: 0.25
Generation: 49934
####################################
Wall (up, right, down, left):
[3, 2, 17, -9] [-3, 8, 18, -17] [-25, 4, 5, -25] [9, -5, 23, 0] [-15, 19, 20, 1] [18, 3, -9, -5] [2, -21, -2, -7]
[-42, -14, 5, -21] [0, 10, -11, -9] [-37, -4, 16, 1] [-35, 14, 14, 23] [38, 10, -2, -10] [-23, -19, 1, -14] [-18, 3, -1, 14]
[-6, 2, 22, 14] [-7, 20, -12, -4] [-9, -5, 49, -22] [-79, 22, 55, 3] [-40, -44, -18, 40] [-19, -18, -1, -1] [-35, -14, -24, 2]
[3, 43, -5, -40] [10, 4, 30, -23] [-3, 45, 5, -104] [0, 0, 0, 0] [41, -106, 31, 10] [27, -6, 0, 6] [1, -1, 20, 6]
[-13, -28, 4, -4] [15, -3, -18, -13] [-11, -12, -44, -44] [53, 24, -124, 28] [14, -6, -27, 32] [-3, 11, -2, 25] [-35, -72, -15, 36]
[20, 23, 12, 5] [-26, 2, -15, 4] [32, -14, 22, -7] [-8, 6, -26, -4] [0, -4, -32, -8] [2, -12, -20, 5] [45, 6, 11, 10]
[-20, -17, 13, 1] [-3, -1, -49, -6] [-10, 6, 29, -4] [-11, 13, -41, -15] [39, 11, -10, 30] [41, -21, -39, 22] [-14, 7, 28, 0]
Food (up, right, down, left):
[14, 13, -3, 17] [-8, 21, -7, -18] [26, -20, 24, 13] [-14, -4, 52, 15] [-2, -3, 52, -17] [-10, -20, -21, -20] [-50, 7, 9, -16]
[-68, 7, -44, -10] [-4, -7, -36, -1] [6, 21, 21, 30] [-19, 19, -48, 25] [18, 9, -2, -50] [57, 3, -43, 25] [16, -10, 30, 22]
[-21, 7, 34, -42] [14, 5, -17, 30] [-61, -33, -39, 21] [42, -36, 31, 14] [-13, -10, -36, -25] [5, 22, -45, -28] [44, 28, 10, 11]
[6, 21, 0, 43] [-12, -6, -28, 32] [-2, 6, -29, -19] [0, 0, 0, 0] [-13, 56, -40, -10] [11, -29, -39, -24] [-20, 43, -19, 18]
[3, 11, -12, 22] [8, 28, 10, 38] [31, -6, 39, 24] [-16, -51, 22, -24] [10, 2, 15, -21] [1, 38, 20, 20] [-16, -15, 8, -7]
[0, -32, -11, 7] [9, 11, 16, -9] [13, 10, 6, 33] [-27, -29, 54, -18] [-41, -35, 5, -69] [-24, 68, 18, 17] [0, 36, 3, 32]
[7, -4, -22, -13] [5, 8, 9, -53] [30, 14, 8, -14] [-12, 14, 16, -36] [56, 34, 1, -20] [29, 33, 16, 2] [11, -19, 24, -17]
------------------------------
ALIVE
Head: (14 12)
Body: (14 12) (13 12) (12 12) (12 11) (12 10) (11 10) (10 10) (10 9) (9 9) 
Length: 9, 4
Vision: 3
Hungry, suplies: 10/10
Reproductive: 16, mutating: 0.25
Generation: 49931
####################################
Wall (up, right, down, left):
[3, 2, 17, -9] [-3, 8, 18, -17] [-25, 4, 5, -25] [9, -5, 23, 0] [-15, 19, 20, 1] [18, 3, -9, -5] [2, -21, -2, -7]
[-42, -14, 5, -21] [0, 10, -11, -9] [-37, -4, 16, 1] [-35, 14, 14, 23] [38, 10, -2, -10] [-23, -19, 1, -14] [-18, 3, -1, 14]
[-6, 2, 22, 14] [-7, 20, -12, -4] [-4, -5, 49, -22] [-79, 22, 55, 3] [-40, -44, -18, 40] [-19, -18, -1, -1] [-35, -14, -24, 2]
[3, 43, -5, -40] [10, 4, 30, -23] [-3, 45, 5, -104] [0, 0, 0, 0] [41, -106, 31, 10] [27, -6, 0, 6] [1, -1, 20, 6]
[-13, -28, 4, -4] [15, -3, -18, -13] [-11, -12, -44, -44] [53, 22, -124, 28] [14, -6, -27, 32] [-3, 11, -2, 25] [-35, -72, -15, 36]
[20, 23, 12, 5] [-26, 2, -15, 4] [32, -14, 22, -7] [-8, 6, -26, -4] [0, -4, -32, -8] [2, -12, -20, 5] [45, 6, 11, 10]
[-20, -17, 13, 1] [-3, -1, -49, -6] [-10, 6, 29, -4] [-11, 13, -41, -15] [39, 11, -10, 30] [41, -21, -39, 22] [-14, 7, 28, 0]
Food (up, right, down, left):
[14, 13, -3, 17] [-8, 21, -7, -18] [26, -20, 24, 13] [-14, -4, 52, 15] [-2, -3, 52, -17] [-10, -20, -21, -20] [-50, 7, 9, -16]
[-68, 7, -44, -10] [-4, -7, -36, -1] [6, 21, 21, 30] [-19, 19, -48, 25] [18, 9, -2, -50] [57, 3, -43, 25] [16, -10, 30, 22]
[-21, 7, 34, -42] [14, 5, -17, 30] [-61, -33, -39, 23] [42, -36, 31, 14] [-13, -10, -36, -25] [5, 22, -45, -28] [44, 28, 10, 11]
[6, 21, 0, 43] [-12, -6, -28, 32] [-2, 6, -29, -19] [0, 0, 0, 0] [-13, 56, -40, -10] [11, -29, -39, -24] [-20, 43, -19, 18]
[3, 11, -12, 22] [8, 28, 10, 38] [31, -6, 39, 24] [-16, -51, 26, -24] [10, 2, 15, -21] [1, 38, 20, 20] [-16, -15, 8, -7]
[0, -32, -11, 7] [9, 11, 16, -9] [13, 10, 6, 33] [-27, -29, 54, -18] [-41, -35, 5, -69] [-24, 68, 18, 17] [0, 36, 3, 32]
[7, -4, -22, -13] [5, 8, 9, -53] [30, 14, 8, -14] [-12, 14, 16, -36] [56, 34, 1, -20] [29, 33, 16, 2] [11, -19, 24, -17]
------------------------------
ALIVE
Head: (8 46)
Body: (8 46) (7 46) (6 46) (5 46) (4 46) (3 46) (2 46) (2 45) (1 45) (1 46) (25 46) (24 46) (-1 47) 
Length: 13, 4
Vision: 3
Hungry, suplies: 9/10
Reproductive: 16, mutating: 0.25
Generation: 49933
####################################
Wall (up, right, down, left):
[3, 2, 17, -9] [-3, 8, 18, -17] [-30, 4, 5, -25] [9, -5, 23, 0] [-15, 19, 20, 1] [18, 3, -9, -5] [2, -21, -2, -7]
[-42, -14, 5, -21] [0, 10, -11, -9] [-37, -4, 16, 1] [-35, 14, 14, 23] [38, 10, -2, -10] [-23, -19, 1, -14] [-18, 3, -1, 14]
[-6, 2, 22, 14] [-7, 20, -12, -4] [-9, -5, 49, -22] [-79, 22, 55, 3] [-40, -44, -18, 40] [-19, -18, -1, -1] [-35, -14, -24, 2]
[3, 43, -5, -40] [10, 4, 30, -23] [-3, 45, 5, -104] [0, 0, 0, 0] [41, -106, 31, 10] [27, -6, 0, 6] [1, -1, 20, 6]
[-13, -28, 4, -4] [15, -3, -18, -13] [-11, -12, -44, -44] [53, 24, -124, 28] [14, -6, -27, 32] [-3, 11, -2, 25] [-35, -72, -15, 36]
[20, 23, 12, 5] [-26, 2, -15, 4] [32, -14, 22, -7] [-8, 6, -26, -4] [0, 0, -32, -8] [2, -12, -20, 5] [45, 6, 11, 10]
[-23, -17, 13, 1] [-3, -1, -49, -6] [-10, 6, 29, -4] [-16, 13, -41, -15] [39, 11, -10, 30] [41, -21, -39, 22] [-14, 7, 28, 0]
Food (up, right, down, left):
[14, 13, -3, 17] [-8, 21, -7, -18] [26, -20, 24, 8] [-14, -4, 52, 15] [-2, -3, 52, -17] [-10, -20, -21, -20] [-50, 7, 9, -16]
[-68, 7, -44, -10] [-4, -7, -36, -1] [6, 21, 21, 30] [-19, 19, -48, 25] [18, 9, -2, -50] [57, 3, -43, 25] [16, -10, 30, 22]
[-21, 7, 34, -42] [14, 5, -17, 30] [-61, -33, -39, 21] [42, -36, 31, 14] [-13, -10, -36, -25] [5, 22, -45, -28] [44, 28, 10, 11]
[6, 21, 0, 43] [-12, -6, -28, 32] [-2, 6, -29, -19] [0, 0, 0, 0] [-13, 56, -40, -10] [11, -29, -39, -24] [-20, 43, -19, 18]
[3, 11, -12, 22] [8, 28, 10, 38] [31, -6, 39, 24] [-16, -51, 22, -24] [10, 2, 15, -21] [1, 38, 20, 20] [-16, -15, 8, -7]
[0, -32, -11, 7] [9, 11, 16, -9] [13, 10, 6, 33] [-27, -29, 54, -18] [-41, -35, 5, -69] [-24, 68, 18, 17] [0, 36, 3, 32]
[7, 1, -22, -13] [5, 8, 9, -53] [30, 14, 8, -14] [-7, 14, 16, -36] [56, 34, 1, -20] [29, 33, 16, 2] [11, -19, 24, -17]
------------------------------
ALIVE
Head: (16 48)
Body: (16 48) (15 48) (15 47) (14 47) (13 47) (12 47) (11 47) (10 47) (10 48) 
Length: 9, 4
Vision: 3
Hungry, suplies: 5/10
Reproductive: 16, mutating: 0.25
Generation: 49928
####################################
Wall (up, right, down, left):
[3, 2, 17, -9] [-3, 8, 18, -17] [-25, 4, 5, -25] [9, -5, 23, 0] [-15, 19, 20, 1] [18, 3, -9, -5] [2, -21, -2, -7]
[-42, -14, 5, -21] [0, 10, -11, -9] [-37, -4, 16, 1] [-35, 14, 14, 23] [38, 10, -2, -10] [-23, -19, 1, -14] [-18, 3, -1, 14]
[-6, 2, 22, 14] [-7, 20, -12, -4] [-9, -5, 49, -22] [-79, 22, 55, 3] [-40, -44, -18, 40] [-19, -18, -1, -1] [-35, -14, -24, 2]
[3, 43, -5, -40] [10, 4, 30, -23] [-3, 45, 5, -104] [0, 0, 0, 0] [41, -106, 31, 10] [27, -6, 0, 6] [1, -1, 20, 6]
[-13, -28, 4, -4] [15, -3, -18, -13] [-11, -12, -44, -44] [53, 24, -124, 28] [14, -6, -27, 32] [-3, 11, -2, 25] [-35, -72, -15, 36]
[20, 23, 12, 5] [-26, 2, -15, 4] [32, -14, 22, -7] [-8, 6, -26, -4] [0, -4, -32, -8] [2, -12, -20, 5] [45, 6, 11, 10]
[-20, -17, 13, 1] [-3, -1, -49, -6] [-10, 6, 29, -4] [-11, 13, -41, -15] [39, 11, -10, 30] [41, -21, -39, 22] [-14, 7, 28, 0]
Food (up, right, down, left):
[14, 13, -3, 17] [-8, 21, -7, -18] [26, -20, 24, 13] [-14, -4, 52, 15] [-2, -3, 52, -17] [-10, -20, -21, -20] [-50, 7, 9, -16]
[-68, 7, -44, -10] [-4, -7, -36, -1] [6, 21, 21, 30] [-19, 19, -48, 25] [18, 9, -2, -50] [57, 3, -43, 25] [16, -10, 30, 22]
[-21, 7, 34, -42] [14, 5, -17, 30] [-61, -33, -39, 21] [42, -36, 31, 14] [-13, -10, -36, -25] [5, 22, -45, -28] [44, 28, 10, 11]
[6, 21, 0, 43] [-12, -6, -28, 32] [-2, 6, -29, -19] [0, 0, 0, 0] [-13, 56, -40, -10] [11, -29, -39, -24] [-20, 43, -19, 18]
[3, 11, -12, 22] [8, 28, 10, 38] [31, -6, 39, 24] [-16, -51, 22, -24] [10, 2, 15, -21] [1, 38, 20, 20] [-16, -15, 8, -7]
[0, -32, -11, 7] [9, 11, 16, -9] [13, 10, 6, 33] [-27, -29, 54, -18] [-41, -35, 5, -69] [-24, 68, 18, 17] [0, 36, 3, 32]
[7, -4, -22, -13] [5, 8, 9, -53] [30, 14, 8, -14] [-12, 14, 16, -36] [56, 34, 1, -20] [29, 33, 16, 2] [11, -19, 24, -17]
------------------------------
ALIVE
Head: (8 10)
Body: (8 10) (7 10) (6 10) (5 10) (5 11) (5 12) (4 12) (3 12) (2 12) (1 12) (1 11) (25 11) 
Length: 12, 4
Vision: 3
Hungry, suplies: 2/10
Reproductive: 16, mutating: 0.25
Generation: 49933
####################################
Wall (up, right, down, left):
[3, 2, 17, -9] [-3, 8, 18, -17] [-25, 4, 5, -25] [9, -5, 23, 0] [-15, 19, 20, 1] [18, 3, -9, -5] [2, -21, -2, -7]
[-42, -14, 5, -21] [0, 10, -11, -9] [-37, -4, 16, 1] [-35, 14, 14, 23] [38, 10, -2, -10] [-23, -19, 1, -14] [-18, 3, -1, 14]
[-6, 2, 22, 14] [-7, 20, -12, -4] [-4, -5, 49, -22] [-79, 22, 55, 3] [-40, -44, -18, 40] [-19, -18, -1, -1] [-35, -14, -24, 2]
[3, 43, -5, -40] [10, 4, 30, -23] [-3, 45, 5, -104] [0, 0, 0, 0] [41, -106, 31, 10] [27, -6, 0, 6] [1, -1, 20, 6]
[-13, -28, 4, -4] [15, -3, -18, -13] [-11, -12, -44, -44] [53, 22, -124, 28] [14, -6, -27, 32] [-3, 11, -2, 25] [-35, -72, -15, 36]
[20, 23, 12, 5] [-26, 2, -15, 4] [32, -14, 22, -7] [-8, 6, -26, -4] [0, -4, -32, -8] [2, -12, -20, 5] [45, 6, 11, 10]
[-20, -17, 13, 1] [-3, -1, -49, -6] [-10, 6, 29, -4] [-11, 13, -41, -15] [39, 11, -10, 30] [41, -21, -39, 22] [-14, 7, 28, 0]
Food (up, right, down, left):
[14, 13, -3, 17] [-8, 21, -7, -18] [26, -20, 24, 13] [-14, -4, 52, 15] [-2, -3, 52, -17] [-10, -20, -21, -20] [-50, 7, 9, -16]
[-68, 7, -44, -10] [-4, -7, -36, -1] [6, 21, 21, 30] [-19, 19, -48, 25] [18, 9, -2, -50] [57, 3, -43, 25] [16, -10, 30, 22]
[-21, 7, 34, -42] [14, 5, -17, 30] [-61, -33, -39, 23] [42, -36, 31, 14] [-13, -10, -36, -25] [5, 22, -45, -28] [44, 28, 10, 11]
[6, 21, 0, 43] [-12, -6, -28, 32] [-2, 6, -29, -19] [0, 0, 0, 0] [-13, 56, -40, -10] [11, -29, -39, -24] [-20, 43, -19, 18]
[3, 11, -12, 22] [8, 28, 10, 38] [31, -6, 39, 24] [-16, -51, 26, -24] [10, 2, 15, -21] [1, 38, 20, 20] [-16, -15, 8, -7]
[0, -32, -11, 7] [9, 11, 16, -9] [13, 10, 6, 33] [-27, -29, 54, -18] [-41, -35, 5, -69] [-24, 68, 18, 17] [0, 36, 3, 32]
[7, -4, -22, -13] [5, 8, 9, -53] [30, 14, 8, -14] [-12, 14, 16, -36] [56, 34, 1, -20] [29, 33, 16, 2] [11, -19, 24, -17]
------------------------------
ALIVE
Head: (19 15)
Body: (19 15) (19 16) (20 16) (21 16) (21 17) (21 18) (22 18) (22 17) 
Length: 8, 4
Vision: 3
Hungry, suplies: 10/10
Reproductive: 16, mutating: 0.25
Generation: 49934
####################################
Wall (up, right, down, left):
[3, 2, 17, -9] [-3, 8, 18, -17] [-25, 4, 5, -25] [9, -5, 23, 0] [-15, 19, 20, 1] [18, 3, -9, -5] [2, -21, -2, -7]
[-42, -14, 5, -21] [0, 10, -11, -9] [-37, -4, 16, 1] [-35, 14, 14, 23] [38, 10, -2, -10] [-23, -19, 1, -14] [-18, 3, 4, 14]
[-6, 2, 22, 14] [-7, 20, -12, -4] [-9, -5, 49, -22] [-79, 22, 55, 3] [-40, -44, -18, 40] [-19, -18, -1, -1] [-35, -14, -24, 2]
[3, 43, -5, -40] [10, 4, 30, -23] [-3, 45, 5, -104] [0, 0, 0, 0] [41, -106, 31, 10] [27, -6, 0, 6] [1, -1, 20, 6]
[-13, -28, 4, -4] [15, -3, -18, -13] [-11, -12, -44, -44] [53, 22, -124, 28] [14, -6, -27, 32] [-3, 11, -2, 25] [-35, -72, -15, 36]
[20, 23, 12, 5] [-26, 2, -15, 4] [32, -14, 22, -7] [-8, 6, -26, -4] [0, -4, -32, -8] [2, -12, -20, 5] [45, 6, 11, 10]
[-20, -17, 13, 1] [-3, -1, -49, -6] [-10, 6, 29, -4] [-11, 13, -41, -15] [39, 11, -10, 30] [41, -21, -39, 22] [-14, 7, 28, 0]
Food (up, right, down, left):
[14, 13, -3, 17] [-8, 21, -7, -18] [26, -20, 24, 13] [-14, -4, 52, 15] [-2, -3, 52, -17] [-10, -20, -21, -20] [-50, 7, 9, -16]
[-68, 7, -44, -10] [-4, -7, -36, -1] [6, 21, 21, 30] [-19, 19, -48, 25] [18, 9, -2, -50] [57, 3, -43, 25] [16, -10, 25, 22]
[-21, 7, 34, -42] [14, 5, -17, 30] [-61, -33, -39, 21] [42, -36, 31, 14] [-13, -10, -36, -25] [5, 22, -45, -28] [44, 28, 10, 11]
[6, 21, 0, 43] [-12, -6, -28, 32] [-2, 6, -29, -19] [0, 0, 0, 0] [-13, 56, -40, -10] [11, -29, -39, -24] [-20, 43, -19, 18]
[3, 11, -12, 22] [8, 28, 10, 38] [31, -6, 39, 24] [-16, -51, 26, -24] [10, 2, 15, -21] [1, 38, 20, 20] [-16, -15, 8, -7]
[0, -32, -11, 7] [9, 11, 16, -9] [13, 10, 6, 33] [-27, -29, 54, -18] [-41, -35, 5, -69] [-24, 68, 18, 17] [0, 36, 3, 32]
[7, -4, -22, -13] [5, 8, 9, -53] [30, 14, 8, -14] [-12, 14, 16, -36] [56, 34, 1, -20] [29, 33, 16, 2] [11, -19, 24, -17]
------------------------------
ALIVE
Head: (12 0)
Body: (12 0) (12 1) (11 1) (10 1) (10 2) (10 3) (10 4) 
Length: 7, 4
Vision: 3
Hungry, suplies: 4/10
Reproductive: 16, mutating: 0.25
Generation: 49935
####################################
Wall (up, right, down, left):
[3, 1, 17, -9] [-3, 8, 18, -13] [-33, 4, 5, -25] [9, -1, 23, 0] [-15, 19, 23, 1] [15, 3, -9, -5] [2, -21, -2, -7]
[-42, -14, 5, -23] [0, 10, -11, -9] [-37, -4, 16, 1] [-35, 14, 14, 23] [38, 10, -7, -10] [-23, -19, 1, -14] [-18, 3, -1, 14]
[-8, 2, 22, 18] [-7, 20, -12, -4] [-5, -4, 49, -22] [-79, 22, 55, 3] [-40, -44, -18, 40] [-19, -18, -1, -1] [-35, -14, -24, -3]
[2, 43, -5, -40] [10, 4, 30, -23] [-3, 45, 5, -104] [0, 0, 0, 0] [41, -99, 31, 13] [27, -6, 0, 6] [1, 0, 20, 6]
[-17, -24, 4, -4] [15, -3, -18, -9] [-11, -12, -44, -44] [53, 22, -124, 28] [14, -6, -27, 32] [-4, 11, -2, 25] [-36, -72, -15, 36]
[20, 23, 11, 5] [-26, 2, -15, 4] [32, -14, 22, -7] [-8, 6, -26, -4] [3, 0, -27, -8] [2, -12, -23, 5] [45, 2, 11, 10]
[-22, -17, 13, 1] [-8, -1, -49, -6] [-10, 5, 29, -4] [-16, 12, -41, -15] [39, 11, -10, 30] [41, -21, -39, 22] [-14, 7, 28, 0]
Food (up, right, down, left):
[14, 13, -3, 27] [-8, 21, -7, -15] [27, -20, 24, 8] [-14, -4, 52, 12] [-2, -3, 47, -17] [-10, -15, -21, -20] [-50, 7, 9, -16]
[-64, 6, -44, -10] [-4, -7, -36, -1] [6, 21, 21, 30] [-19, 19, -48, 25] [18, 9, -2, -50] [57, 3, -43, 25] [16, -10, 30, 22]
[-21, 4, 34, -42] [14, 5, -17, 30] [-63, -33, -39, 21] [42, -36, 31, 14] [-13, -10, -36, -25] [5, 22, -45, -28] [44, 28, 10, 8]
[6, 20, 0, 43] [-12, -6, -28, 32] [-2, 6, -29, -19] [0, 0, 0, 0] [-10, 64, -40, -12] [11, -29, -39, -24] [-20, 43, -16, 18]
[3, 11, -17, 22] [5, 28, 10, 38] [31, -6, 39, 24] [-16, -51, 22, -21] [10, 2, 15, -21] [1, 42, 20, 20] [-16, -15, 8, -7]
[0, -32, -13, 7] [9, 11, 16, -9] [13, 10, 6, 33] [-27, -29, 54, -18] [-38, -35, 5, -67] [-24, 68, 18, 11] [0, 36, 1, 32]
[7, 1, -22, -12] [5, 8, 9, -57] [30, 14, 9, -14] [-7, 14, 20, -36] [56, 34, 1, -20] [29, 30, 16, 2] [11, -19, 24, -17]
------------------------------
ALIVE
Head: (16 20)
Body: (16 20) (15 20) (14 20) (14 19) (14 18) (14 17) (13 17) (12 17) (11 17) (11 16) (10 16) 
Length: 11, 4
Vision: 3
Hungry, suplies: 9/10
Reproductive: 16, mutating: 0.25
Generation: 49947
####################################
Wall (up, right, down, left):
[3, 1, 17, -9] [-3, 8, 18, -13] [-33, 4, 5, -25] [9, -1, 23, 0] [-15, 19, 23, 1] [15, 3, -9, -5] [2, -21, -2, -7]
[-42, -14, 5, -21] [0, 10, -11, -9] [-37, -4, 16, 1] [-35, 14, 14, 23] [41, 10, -7, -10] [-23, -19, 1, -14] [-18, 3, -3, 14]
[-8, 2, 22, 18] [-7, 20, -12, -4] [-5, -5, 49, -22] [-79, 22, 55, 3] [-40, -44, -18, 40] [-19, -18, -1, -1] [-35, -14, -24, -3]
[2, 43, -5, -40] [10, 4, 30, -23] [-3, 45, 4, -104] [0, 0, 0, 0] [41, -99, 31, 10] [27, -6, 0, 6] [1, 0, 20, 6]
[-17, -24, 4, -4] [15, -3, -18, -9] [-11, -12, -44, -44] [53, 22, -124, 28] [14, -6, -27, 32] [-4, 11, -2, 25] [-36, -72, -15, 36]
[20, 23, 11, 5] [-26, 2, -15, 4] [32, -14, 22, -7] [-8, 6, -26, -4] [3, -1, -27, -8] [2, -12, -23, 5] [45, 2, 11, 10]
[-22, -17, 13, 1] [-13, -1, -49, -6] [-10, 5, 29, -4] [-16, 12, -41, -15] [39, 11, -10, 30] [41, -21, -39, 22] [-14, 7, 28, 0]
Food (up, right, down, left):
[14, 13, -3, 27] [-8, 21, -7, -15] [27, -20, 24, 8] [-14, -4, 52, 12] [-2, -3, 47, -17] [-10, -15, -21, -20] [-50, 7, 9, -16]
[-68, 6, -46, -10] [-4, -7, -36, -1] [6, 21, 21, 30] [-19, 19, -48, 25] [18, 8, -2, -50] [57, 3, -43, 25] [16, -13, 30, 22]
[-21, 4, 34, -42] [14, 5, -17, 30] [-64, -33, -39, 21] [42, -36, 31, 14] [-13, -10, -36, -25] [5, 22, -45, -28] [44, 28, 10, 8]
[6, 20, 0, 43] [-12, -6, -28, 32] [-2, 6, -29, -14] [0, 0, 0, 0] [-13, 64, -40, -12] [11, -29, -39, -24] [-20, 43, -16, 18]
[3, 11, -17, 22] [5, 28, 10, 38] [31, -6, 39, 24] [-16, -51, 22, -21] [10, 2, 15, -21] [1, 42, 20, 20] [-16, -15, 8, -7]
[0, -32, -13, 7] [9, 11, 16, -9] [13, 10, 6, 33] [-27, -29, 54, -18] [-38, -35, 5, -70] [-24, 68, 18, 11] [0, 36, 1, 32]
[7, 1, -22, -12] [5, 13, 9, -57] [30, 14, 9, -14] [-7, 14, 20, -36] [56, 34, 1, -20] [29, 30, 16, 2] [11, -19, 24, -17]
------------------------------
DEAD: Wall
Head: (1 8)
Body: (1 8) (0 8) (24 8) (23 8) (22 8) (21 8) (20 8) (20 9) (20 10) (21 10) (22 10) 
Length: 11, 4
Vision: 3
Hungry, suplies: 4/10
Reproductive: 16, mutating: 0.25
Generation: 49954
####################################
Wall (up, right, down, left):
[3, 2, 17, -9] [-3, 8, 18, -17] [-30, 4, 5, -25] [9, -5, 23, 0] [-15, 19, 20, 1] [18, 3, -9, -5] [2, -21, -2, -7]
[-42, -14, 5, -21] [0, 10, -11, -9] [-37, -4, 16, 1] [-35, 14, 14, 23] [38, 10, -2, -10] [-23, -19, 1, -14] [-18, 3, -1, 14]
[-6, 2, 22, 14] [-7, 20, -12, -4] [-9, -5, 49, -22] [-79, 22, 55, 3] [-40, -44, -18, 40] [-19, -18, -1, -1] [-35, -14, -24, 2]
[3, 43, -5, -40] [10, 4, 30, -23] [-3, 45, 5, -104] [0, 0, 0, 0] [41, -106, 31, 10] [27, -6, 0, 6] [1, -1, 20, 6]
[-13, -28, 4, -4] [15, -3, -18, -13] [-11, -12, -44, -44] [53, 24, -124, 28] [14, -6, -27, 32] [-3, 11, -2, 25] [-35, -72, -15, 36]
[20, 23, 12, 5] [-26, 2, -15, 4] [32, -14, 22, -7] [-8, 6, -26, -4] [0, 0, -32, -8] [2, -12, -20, 5] [45, 6, 11, 10]
[-23, -17, 13, 1] [-3, -1, -49, -6] [-10, 6, 29, -4] [-16, 13, -41, -15] [39, 11, -10, 30] [41, -21, -39, 22] [-14, 7, 28, 0]
Food (up, right, down, left):
[14, 13, -3, 17] [-8, 21, -7, -18] [26, -20, 24, 8] [-14, -4, 52, 15] [-2, -3, 52, -17] [-10, -20, -21, -20] [-50, 7, 9, -16]
[-68, 7, -44, -10] [-4, -7, -36, -1] [6, 21, 21, 30] [-19, 19, -48, 25] [18, 9, -2, -50] [57, 3, -43, 25] [16, -10, 30, 22]
[-21, 7, 34, -42] [14, 5, -17, 30] [-61, -33, -39, 21] [42, -36, 31, 14] [-13, -10, -36, -25] [5, 22, -45, -28] [44, 28, 10, 11]
[6, 21, 0, 43] [-12, -6, -28, 32] [-2, 6, -29, -19] [0, 0, 0, 0] [-13, 56, -40, -10] [11, -29, -39, -24] [-20, 43, -19, 18]
[3, 11, -12, 22] [8, 28, 10, 38] [31, -6, 39, 24] [-16, -51, 22, -24] [10, 2, 15, -21] [1, 38, 20, 20] [-16, -15, 8, -7]
[0, -32, -11, 7] [9, 11, 16, -9] [13, 10, 6, 33] [-27, -29, 54, -18] [-41, -35, 5, -69] [-24, 68, 18, 17] [0, 36, 3, 32]
[7, 1, -22, -13] [5, 8, 9, -53] [30, 14, 8, -14] [-7, 14, 16, -36] [56, 34, 1, -20] [29, 33, 16, 2] [11, -19, 24, -17]
------------------------------
ALIVE
Head: (22 2)
Body: (22 2) (22 1) (21 1) (21 0) (22 0) (23 57) (23 56) (23 55) (22 55) (22 54) (21 54) (20 54) 
Length: 12, 4
Vision: 3
Hungry, suplies: 6/10
Reproductive: 16, mutating: 0.25
Generation: 49929
####################################
Wall (up, right, down, left):
[3, 2, 17, -9] [-3, 8, 18, -17] [-30, 4, 5, -25] [9, -5, 23, 0] [-15, 19, 20, 1] [18, 3, -9, -5] [2, -21, -2, -7]
[-42, -14, 5, -21] [0, 10, -11, -9] [-37, -4, 16, 1] [-35, 14, 14, 23] [38, 10, -2, -10] [-23, -19, 1, -14] [-18, 3, -1, 14]
[-6, 2, 22, 14] [-7, 20, -12, -4] [-9, -5, 53, -22] [-79, 22, 55, 3] [-40, -44, -18, 40] [-19, -18, -1, -1] [-35, -14, -24, 2]
[3, 43, -5, -40] [10, 4, 30, -23] [-3, 45, 5, -104] [0, 0, 0, 0] [41, -106, 31, 10] [27, -6, 0, 6] [1, -1, 20, 6]
[-13, -28, 4, -4] [15, -3, -18, -13] [-11, -12, -44, -44] [53, 24, -124, 28] [14, -6, -27, 32] [-3, 11, -2, 25] [-35, -72, -15, 36]
[20, 23, 12, 5] [-26, 2, -15, 4] [32, -14, 22, -7] [-8, 6, -26, -4] [0, 0, -32, -8] [2, -12, -20, 5] [45, 6, 11, 10]
[-23, -17, 13, 1] [-3, -1, -49, -6] [-10, 6, 29, -4] [-16, 13, -41, -15] [39, 11, -10, 30] [41, -21, -39, 22] [-14, 7, 28, 0]
Food (up, right, down, left):
[14, 13, -3, 17] [-8, 21, -7, -18] [26, -20, 24, 8] [-14, -4, 52, 15] [-2, -3, 52, -17] [-10, -20, -21, -20] [-50, 7, 9, -16]
[-68, 7, -44, -10] [-4, -7, -36, -1] [6, 21, 21, 30] [-19, 19, -48, 25] [18, 9, -2, -50] [57, 3, -43, 25] [16, -10, 30, 22]
[-21, 7, 34, -42] [14, 5, -17, 30] [-64, -33, -39, 21] [42, -36, 31, 14] [-13, -10, -36, -25] [5, 22, -45, -28] [44, 28, 10, 11]
[6, 21, 0, 43] [-12, -6, -28, 32] [-2, 6, -29, -19] [0, 0, 0, 0] [-13, 56, -40, -10] [11, -29, -39, -24] [-20, 43, -19, 18]
[3, 11, -12, 22] [8, 28, 10, 38] [31, -6, 39, 24] [-16, -51, 22, -24] [10, 2, 15, -21] [1, 38, 20, 20] [-16, -15, 8, -7]
[0, -32, -11, 7] [9, 11, 16, -9] [13, 10, 6, 33] [-27, -29, 54, -18] [-41, -35, 5, -69] [-24, 68, 18, 17] [0, 36, 3, 32]
[7, 1, -22, -13] [5, 8, 9, -53] [30, 14, 8, -14] [-7, 14, 16, -36] [56, 34, 1, -20] [29, 33, 16, 2] [11, -19, 24, -17]
------------------------------
ALIVE
Head: (24 42)
Body: (24 42) (24 43) (23 43) (22 43) (22 42) (21 42) (21 41) (21 40) (20 40) (20 39) (19 39) (18 39) 
Length: 12, 4
Vision: 3
Hungry, suplies: 10/10
Reproductive: 16, mutating: 0.25
Generation: 49931
####################################
Wall (up, right, down, left):
[3, 2, 17, -9] [-3, 8, 18, -17] [-30, 4, 5, -25] [9, -5, 23, 0] [-15, 19, 20, 1] [18, 3, -9, -5] [2, -21, -2, -7]
[-42, -14, 5, -21] [0, 10, -11, -9] [-37, -4, 16, 1] [-35, 14, 14, 23] [38, 10, -2, -10] [-23, -19, 1, -14] [-18, 3, -1, 14]
[-6, 2, 22, 14] [-7, 20, -12, -4] [-9, -5, 53, -22] [-79, 22, 55, 3] [-40, -44, -18, 40] [-19, -18, -1, -1] [-35, -14, -24, 2]
[3, 43, -5, -40] [10, 4, 30, -23] [-3, 45, 5, -104] [0, 0, 0, 0] [41, -106, 31, 10] [27, -6, 0, 6] [1, -1, 20, 6]
[-13, -28, 4, -4] [15, -3, -18, -13] [-11, -12, -44, -44] [53, 24, -124, 28] [14, -6, -27, 32] [-3, 11, -2, 25] [-35, -72, -15, 36]
[20, 23, 12, 5] [-26, 2, -15, 4] [32, -14, 22, -7] [-8, 6, -26, -4] [0, 0, -32, -8] [2, -12, -20, 5] [45, 6, 11, 10]
[-23, -17, 13, 1] [-3, -1, -49, -6] [-10, 6, 29, -4] [-16, 13, -41, -15] [39, 11, -10, 30] [41, -21, -39, 22] [-14, 7, 28, 0]
Food (up, right, down, left):
[14, 13, -3, 17] [-8, 21, -7, -18] [26, -20, 24, 8] [-14, -4, 52, 15] [-2, -3, 52, -17] [-10, -20, -21, -20] [-50, 7, 9, -16]
[-68, 7, -44, -10] [-4, -7, -36, -1] [6, 21, 21, 30] [-19, 19, -48, 25] [18, 9, -2, -50] [57, 3, -43, 25] [16, -10, 30, 22]
[-21, 7, 34, -42] [14, 5, -17, 30] [-64, -33, -39, 21] [42, -36, 31, 14] [-13, -10, -36, -25] [5, 22, -45, -28] [44, 28, 10, 11]
[6, 21, 0, 43] [-12, -6, -28, 32] [-2, 6, -29, -19] [0, 0, 0, 0] [-13, 56, -40, -10] [11, -29, -39, -24] [-20, 43, -19, 18]
[3, 11, -12, 22] [8, 28, 10, 38] [31, -6, 39, 24] [-16, -51, 22, -24] [10, 2, 15, -21] [1, 38, 20, 20] [-16, -15, 8, -7]
[0, -32, -11, 7] [9, 11, 16, -9] [13, 10, 6, 33] [-27, -29, 54, -18] [-41, -35, 5, -69] [-24, 68, 18, 17] [0, 36, 3, 32]
[7, 1, -22, -13] [5, 8, 9, -53] [30, 14, 8, -14] [-7, 14, 16, -36] [56, 34, 1, -20] [29, 33, 16, 2] [11, -19, 24, -17]
------------------------------
ALIVE
Head: (1 13)
Body: (1 13) (25 13) (24 13) (24 12) (23 12) (23 13) (23 14) (22 14) (21 14) (20 14) (19 14) 
Length: 11, 4
Vision: 3
Hungry, suplies: 2/10
Reproductive: 16, mutating: 0.25
Generation: 49930
####################################
Wall (up, right, down, left):
[3, 1, 17, -9] [-3, 8, 18, -13] [-33, 4, 5, -25] [9, -1, 23, 0] [-15, 19, 23, 1] [15, 3, -9, -5] [2, -21, -2, -7]
[-42, -14, 5, -23] [0, 10, -11, -9] [-37, -4, 16, 1] [-35, 14, 14, 23] [38, 10, -7, -10] [-23, -19, 1, -14] [-18, 3, -1, 14]
[-8, 2, 22, 18] [-7, 20, -12, -4] [-5, -4, 49, -22] [-79, 22, 55, 3] [-40, -44, -18, 40] [-19, -18, -1, -1] [-35, -14, -24, -3]
[2, 43, -5, -40] [10, 4, 30, -23] [-3, 45, 5, -104] [0, 0, 0, 0] [41, -99, 31, 13] [27, -6, 0, 6] [1, 0, 20, 6]
[-17, -24, 4, -4] [15, -3, -18, -9] [-11, -12, -44, -44] [53, 22, -124, 28] [14, -6, -27, 32] [-4, 11, -2, 25] [-36, -72, -15, 36]
[20, 23, 11, 5] [-26, 2, -15, 4] [32, -14, 22, -7] [-8, 6, -26, -4] [3, 0, -27, -8] [2, -12, -23, 5] [45, 2, 11, 10]
[-22, -17, 13, 1] [-8, -1, -49, -6] [-10, 5, 29, -4] [-16, 12, -41, -15] [39, 11, -10, 30] [41, -21, -39, 22] [-14, 7, 28, 0]
Food (up, right, down, left):
[14, 13, -3, 27] [-8, 21, -7, -15] [27, -20, 24, 8] [-14, -4, 52, 12] [-2, -3, 47, -17] [-10, -15, -21, -20] [-50, 7, 9, -16]
[-64, 6, -44, -10] [-4, -7, -36, -1] [6, 21, 21, 30] [-19, 19, -48, 25] [18, 9, -2, -50] [57, 3, -43, 25] [16, -10, 30, 22]
[-21, 4, 34, -42] [14, 5, -17, 30] [-63, -33, -39, 21] [42, -36, 31, 14] [-13, -10, -36, -25] [5, 22, -45, -28] [44, 28, 10, 8]
[6, 20, 0, 43] [-12, -6, -28, 32] [-2, 6, -29, -19] [0, 0, 0, 0] [-10, 64, -40, -12] [11, -29, -39, -24] [-20, 43, -16, 18]
[3, 11, -17, 22] [5, 28, 10, 38] [31, -6, 39, 24] [-16, -51, 22, -21] [10, 2, 15, -21] [1, 42, 20, 20] [-16, -15, 8, -7]
[0, -32, -13, 7] [9, 11, 16, -9] [13, 10, 6, 33] [-27, -29, 54, -18] [-38, -35, 5, -67] [-24, 68, 18, 11] [0, 36, 1, 32]
[7, 1, -22, -12] [5, 8, 9, -57] [30, 14, 9, -14] [-7, 14, 20, -36] [56, 34, 1, -20] [29, 30, 16, 2] [11, -19, 24, -17]
------------------------------
ALIVE
Head: (20 10)
Body: (20 10) (19 10) (19 9) (19 8) (19 7) (18 7) (17 7) (17 6) (16 6) (15 6) (15 5) (15 4) (15 3) (15 2) 
Length: 14, 4
Vision: 3
Hungry, suplies: 8/10
Reproductive: 16, mutating: 0.25
Generation: 49945
####################################
Wall (up, right, down, left):
[3, 1, 17, -9] [-3, 8, 18, -13] [-33, 4, 5, -25] [9, -1, 23, 0] [-15, 19, 23, 1] [15, 3, -9, -5] [2, -21, -2, -7]
[-42, -14, 5, -23] [0, 10, -11, -9] [-37, -4, 16, 1] [-35, 14, 14, 23] [38, 10, -7, -10] [-23, -19, 1, -14] [-18, 3, -1, 14]
[-8, 2, 22, 18] [-7, 20, -12, -4] [-5, -4, 49, -22] [-79, 22, 55, 3] [-40, -44, -18, 40] [-19, -18, -1, -1] [-35, -14, -24, -3]
[2, 43, -5, -40] [10, 4, 30, -23] [-3, 45, 5, -104] [0, 0, 0, 0] [41, -99, 31, 13] [27, -6, 0, 6] [1, 0, 20, 6]
[-17, -24, 4, -4] [15, -3, -18, -9] [-11, -12, -44, -44] [53, 22, -124, 28] [14, -6, -27, 32] [-4, 11, -2, 25] [-36, -72, -15, 36]
[20, 23, 11, 5] [-26, 2, -15, 4] [32, -14, 22, -7] [-8, 6, -26, -4] [3, 0, -27, -8] [2, -17, -23, 5] [45, 2, 11, 10]
[-22, -17, 13, 1] [-8, -1, -49, -6] [-9, 5, 29, -4] [-16, 12, -41, -15] [39, 11, -10, 30] [41, -21, -39, 22] [-14, 7, 28, 0]
Food (up, right, down, left):
[14, 13, -3, 27] [-8, 21, -7, -15] [27, -20, 24, 8] [-14, -4, 52, 12] [-2, -3, 47, -17] [-10, -15, -21, -20] [-50, 7, 9, -16]
[-64, 6, -44, -10] [-4, -7, -36, -1] [6, 21, 21, 30] [-19, 19, -48, 25] [18, 9, -2, -50] [57, 3, -43, 25] [16, -10, 30, 22]
[-21, 4, 34, -42] [14, 5, -17, 30] [-63, -33, -39, 21] [42, -36, 31, 14] [-13, -10, -36, -25] [5, 22, -45, -28] [44, 28, 10, 8]
[6, 20, 0, 43] [-12, -6, -28, 32] [-2, 6, -29, -19] [0, 0, 0, 0] [-10, 64, -40, -12] [11, -29, -39, -24] [-20, 43, -16, 18]
[3, 11, -17, 22] [5, 28, 10, 38] [31, -6, 39, 24] [-16, -51, 22, -21] [10, 2, 15, -21] [1, 42, 20, 20] [-16, -15, 8, -7]
[0, -32, -13, 7] [9, 11, 16, -9] [13, 10, 6, 33] [-27, -29, 54, -18] [-38, -35, 5, -67] [-24, 69, 18, 11] [0, 36, 1, 32]
[7, 1, -22, -12] [5, 8, 9, -57] [33, 14, 9, -14] [-7, 14, 20, -36] [56, 34, 1, -20] [29, 30, 16, 2] [11, -19, 24, -17]
------------------------------
ALIVE
Head: (21 24)
Body: (21 24) (21 23) (21 22) (21 21) (21 20) (20 20) (20 19) (20 18) (19 18) (18 18) (18 17) (17 17) (17 18) (17 19) 
Length: 14, 4
Vision: 3
Hungry, suplies: 10/10
Reproductive: 16, mutating: 0.25
Generation: 49947
####################################
Wall (up, right, down, left):
[3, 2, 17, -9] [-3, 8, 18, -17] [-25, 4, 5, -25] [9, -5, 23, 0] [-15, 19, 20, 1] [18, 3, -9, -5] [2, -21, -2, -7]
[-42, -14, 5, -21] [0, 10, -11, -9] [-37, -4, 16, 1] [-35, 14, 14, 23] [38, 10, -2, -10] [-23, -19, 1, -14] [-18, 3, 4, 14]
[-6, 2, 22, 14] [-7, 20, -12, -4] [-9, -5, 49, -22] [-79, 22, 55, 3] [-40, -44, -18, 40] [-19, -18, -1, -1] [-35, -14, -24, 2]
[3, 43, -5, -40] [10, 4, 30, -23] [-3, 45, 5, -104] [0, 0, 0, 0] [41, -106, 31, 10] [27, -6, 0, 6] [1, -1, 20, 6]
[-13, -28, 4, -4] [15, -3, -18, -13] [-11, -12, -44, -44] [53, 22, -124, 28] [14, -6, -27, 32] [-3, 11, -2, 25] [-35, -72, -15, 36]
[20, 23, 12, 5] [-26, 2, -15, 4] [32, -14, 22, -7] [-8, 6, -26, -4] [0, -4, -32, -8] [2, -12, -20, 5] [45, 6, 11, 10]
[-20, -17, 13, 1] [-3, -1, -49, -6] [-10, 6, 29, -4] [-11, 13, -41, -15] [39, 11, -10, 30] [41, -21, -39, 22] [-14, 7, 28, 0]
Food (up, right, down, left):
[14, 13, -3, 17] [-8, 21, -7, -18] [26, -20, 24, 13] [-14, -4, 52, 15] [-2, -3, 52, -17] [-10, -20, -21, -20] [-50, 7, 9, -16]
[-68, 7, -44, -10] [-4, -7, -36, -1] [6, 21, 21, 30] [-19, 19, -48, 25] [18, 9, -2, -50] [57, 3, -43, 25] [16, -10, 25, 22]
[-21, 7, 34, -42] [14, 5, -17, 30] [-61, -33, -39, 21] [42, -36, 31, 14] [-13, -10, -36, -25] [5, 22, -45, -28] [44, 28, 10, 11]
[6, 21, 0, 43] [-12, -6, -28, 32] [-2, 6, -29, -19] [0, 0, 0, 0] [-13, 56, -40, -10] [11, -29, -39, -24] [-20, 43, -19, 18]
[3, 11, -12, 22] [8, 28, 10, 38] [31, -6, 39, 24] [-16, -51, 26, -24] [10, 2, 15, -21] [1, 38, 20, 20] [-16, -15, 8, -7]
[0, -32, -11, 7] [9, 11, 16, -9] [13, 10, 6, 33] [-27, -29, 54, -18] [-41, -35, 5, -69] [-24, 68, 18, 17] [0, 36, 3, 32]
[7, -4, -22, -13] [5, 8, 9, -53] [30, 14, 8, -14] [-12, 14, 16, -36] [56, 34, 1, -20] [29, 33, 16, 2] [11, -19, 24, -17]
------------------------------
ALIVE
Head: (12 25)
Body: (12 25) (11 25) (10 25) (9 25) (8 25) (7 25) (6 25) (5 25) 
Length: 8, 4
Vision: 3
Hungry, suplies: 6/10
Reproductive: 16, mutating: 0.25
Generation: 49935
####################################
Wall (up, right, down, left):
[3, 1, 17, -9] [-3, 8, 18, -13] [-33, 4, 5, -25] [9, -1, 23, 0] [-15, 19, 23, 1] [15, 3, -9, -5] [2, -21, -2, -7]
[-42, -14, 5, -21] [0, 10, -11, -9] [-37, -4, 16, 1] [-35, 14, 14, 23] [41, 10, -7, -10] [-23, -19, 1, -14] [-18, 3, -3, 14]
[-8, 2, 22, 18] [-7, 20, -12, -4] [-5, -5, 49, -22] [-79, 22, 55, 3] [-40, -44, -18, 40] [-19, -18, -1, -1] [-35, -14, -24, -3]
[2, 43, -5, -40] [10, 4, 30, -23] [-3, 45, 4, -104] [0, 0, 0, 0] [41, -99, 31, 10] [27, -6, 0, 6] [1, 0, 20, 6]
[-17, -24, 4, -4] [15, -3, -18, -9] [-11, -12, -44, -44] [53, 22, -124, 28] [14, -6, -27, 32] [-4, 11, -2, 25] [-36, -72, -15, 36]
[20, 23, 11, 5] [-26, 2, -15, 4] [32, -14, 22, -7] [-8, 6, -26, -4] [3, -1, -27, -8] [2, -12, -23, 5] [45, 2, 11, 10]
[-22, -17, 13, 1] [-13, -1, -49, -6] [-10, 5, 29, -4] [-16, 12, -41, -15] [39, 11, -10, 30] [41, -21, -39, 22] [-14, 7, 28, 0]
Food (up, right, down, left):
[14, 13, -3, 27] [-8, 21, -7, -15] [27, -20, 24, 8] [-14, -4, 52, 12] [-2, -3, 47, -17] [-10, -15, -21, -20] [-50, 7, 9, -16]
[-68, 6, -46, -10] [-4, -7, -36, -1] [6, 21, 21, 30] [-19, 19, -48, 25] [18, 8, -2, -50] [57, 3, -43, 25] [16, -13, 30, 22]
[-21, 4, 34, -42] [14, 5, -17, 30] [-64, -33, -39, 21] [42, -36, 31, 14] [-13, -10, -36, -25] [5, 22, -45, -28] [44, 28, 10, 8]
[6, 20, 0, 43] [-12, -6, -28, 32] [-2, 6, -29, -14] [0, 0, 0, 0] [-13, 64, -40, -12] [11, -29, -39, -24] [-20, 43, -16, 18]
[3, 11, -17, 22] [5, 28, 10, 38] [31, -6, 39, 24] [-16, -51, 22, -21] [10, 2, 15, -21] [1, 42, 20, 20] [-16, -15, 8, -7]
[0, -32, -13, 7] [9, 11, 16, -9] [13, 10, 6, 33] [-27, -29, 54, -18] [-38, -35, 5, -70] [-24, 68, 18, 11] [0, 36, 1, 32]
[7, 1, -22, -12] [5, 13, 9, -57] [30, 14, 9, -14] [-7, 14, 20, -36] [56, 34, 1, -20] [29, 30, 16, 2] [11, -19, 24, -17]
------------------------------
ALIVE
Head: (20 11)
Body: (20 11) (19 11) (18 11) (17 11) (16 11) (15 11) (15 10) (15 9) 
Length: 8, 4
Vision: 3
Hungry, suplies: 10/10
Reproductive: 16, mutating: 0.25
Generation: 49955
####################################
Wall (up, right, down, left):
[3, 1, 17, -9] [-3, 8, 18, -13] [-33, 4, 5, -25] [9, -1, 23, 0] [-15, 19, 23, 1] [15, 3, -9, -5] [2, -21, -2, -7]
[-42, -14, 5, -23] [0, 10, -11, -9] [-37, -4, 16, 1] [-35, 14, 14, 23] [38, 10, -7, -10] [-23, -19, 1, -14] [-18, 3, -1, 14]
[-8, 2, 22, 18] [-7, 20, -12, -4] [-5, -4, 49, -22] [-79, 22, 55, 3] [-40, -44, -18, 40] [-19, -18, -1, -1] [-35, -14, -24, -3]
[2, 43, -5, -40] [10, 4, 30, -23] [-3, 45, 5, -104] [0, 0, 0, 0] [41, -99, 31, 13] [27, -6, 0, 6] [1, 0, 20, 6]
[-17, -24, 4, -4] [15, -3, -18, -9] [-11, -12, -44, -44] [53, 22, -124, 28] [14, -6, -27, 32] [-4, 11, -2, 25] [-36, -72, -15, 36]
[20, 23, 11, 5] [-26, 2, -15, 4] [32, -14, 22, -7] [-8, 6, -26, -4] [3, 0, -27, -8] [2, -12, -23, 5] [45, 2, 11, 10]
[-22, -17, 13, 1] [-8, -1, -49, -6] [-10, 5, 29, -4] [-16, 12, -41, -15] [39, 11, -10, 30] [41, -21, -39, 22] [-14, 7, 28, 0]
Food (up, right, down, left):
[14, 13, -3, 27] [-8, 21, -7, -15] [27, -20, 24, 8] [-14, -4, 52, 12] [-2, -3, 47, -17] [-10, -15, -21, -20] [-50, 7, 9, -16]
[-64, 6, -44, -10] [-4, -7, -36, -1] [6, 21, 21, 30] [-19, 19, -48, 25] [18, 9, -2, -50] [57, 3, -43, 25] [16, -10, 30, 22]
[-21, 4, 34, -42] [14, 5, -17, 30] [-63, -33, -39, 21] [42, -36, 31, 14] [-13, -10, -36, -25] [5, 22, -45, -28] [44, 28, 10, 8]
[6, 20, 0, 43] [-12, -6, -28, 32] [-2, 6, -29, -19] [0, 0, 0, 0] [-10, 64, -40, -12] [11, -29, -39, -24] [-20, 43, -16, 18]
[3, 11, -17, 22] [5, 28, 10, 38] [31, -6, 39, 24] [-16, -51, 22, -21] [10, 2, 15, -21] [1, 42, 20, 20] [-16, -15, 8, -7]
[0, -32, -13, 7] [9, 11, 16, -9] [13, 10, 6, 33] [-27, -29, 54, -18] [-38, -35, 5, -67] [-24, 68, 18, 11] [0, 36, 1, 32]
[7, 1, -22, -12] [5, 8, 9, -57] [30, 14, 9, -14] [-7, 14, 20, -36] [56, 34, 1, -20] [29, 30, 16, 2] [11, -19, 24, -17]
------------------------------
ALIVE
Head: (8 5)
Body: (8 5) (7 5) (7 4) (8 4) (8 3) (8 2) (8 1) (8 57) (8 56) (8 55) (8 54) (9 54) 
Length: 12, 4
Vision: 3
Hungry, suplies: 9/10
Reproductive: 16, mutating: 0.25
Generation: 49946
####################################
Wall (up, right, down, left):
[3, 2, 17, -9] [-3, 8, 18, -17] [-30, 4, 5, -25] [9, -5, 23, 0] [-15, 19, 20, 1] [18, 3, -9, -5] [2, -21, -2, -7]
[-42, -14, 5, -21] [0, 10, -11, -9] [-37, -4, 16, 1] [-35, 14, 14, 23] [38, 10, -2, -10] [-23, -19, 1, -14] [-18, 3, -1, 14]
[-6, 2, 22, 14] [-7, 20, -12, -4] [-9, -5, 53, -22] [-79, 22, 55, 3] [-40, -44, -18, 40] [-24, -18, -1, -1] [-35, -14, -24, 2]
[3, 43, -5, -40] [10, 4, 30, -23] [-3, 45, 5, -104] [0, 0, 0, 0] [41, -106, 31, 10] [27, -6, 0, 6] [1, -1, 20, 6]
[-13, -28, 4, -4] [15, -3, -18, -13] [-11, -12, -44, -44] [53, 24, -124, 28] [14, -6, -27, 32] [-3, 11, -2, 25] [-35, -72, -15, 36]
[20, 23, 12, 5] [-26, 2, -15, 4] [32, -14, 22, -7] [-8, 6, -26, -4] [0, 0, -32, -8] [2, -12, -20, 5] [45, 6, 11, 10]
[-23, -17, 13, 1] [-3, -1, -49, -6] [-10, 6, 29, -4] [-16, 13, -41, -15] [39, 11, -10, 30] [41, -21, -39, 22] [-14, 7, 28, 0]
Food (up, right, down, left):
[14, 13, -3, 17] [-8, 21, -7, -18] [26, -20, 24, 8] [-14, -4, 52, 15] [-2, -3, 52, -17] [-10, -20, -21, -20] [-50, 7, 9, -16]
[-68, 7, -44, -10] [-4, -7, -36, -1] [6, 21, 21, 30] [-19, 19, -48, 25] [18, 9, -2, -50] [57, 3, -43, 25] [16, -10, 30, 22]
[-21, 7, 34, -42] [14, 5, -17, 30] [-64, -33, -39, 21] [42, -36, 31, 14] [-13, -10, -36, -25] [5, 27, -45, -28] [44, 28, 10, 11]
[6, 21, 0, 43] [-12, -6, -28, 32] [-2, 6, -29, -19] [0, 0, 0, 0] [-13, 56, -40, -10] [11, -29, -39, -24] [-20, 43, -19, 18]
[3, 11, -12, 22] [8, 28, 10, 38] [31, -6, 39, 24] [-16, -51, 22, -24] [10, 2, 15, -21] [1, 38, 20, 20] [-16, -15, 8, -7]
[0, -32, -11, 7] [9, 11, 16, -9] [13, 10, 6, 33] [-27, -29, 54, -18] [-41, -35, 5, -69] [-24, 68, 18, 17] [0, 36, 3, 32]
[7, 1, -22, -13] [5, 8, 9, -53] [30, 14, 8, -14] [-7, 14, 16, -36] [56, 34, 1, -20] [29, 33, 16, 2] [11, -19, 24, -17]
------------------------------
ALIVE
Head: (7 56)
Body: (7 56) (7 55) (6 55) (6 54) (5 54) (4 54) (4 53) (3 53) (2 53) (1 53) (25 53) (24 53) (23 53) (23 52) (22 52) 
Length: 15, 4
Vision: 3
Hungry, suplies: 4/10
Reproductive: 16, mutating: 0.25
Generation: 49933
####################################
Wall (up, right, down, left):
[3, 2, 17, -9] [-3, 8, 18, -17] [-25, 4, 5, -25] [9, -5, 23, 0] [-15, 19, 20, 1] [18, 3, -9, -5] [2, -21, -2, -7]
[-42, -14, 5, -21] [0, 10, -11, -9] [-37, -4, 16, 1] [-35, 14, 14, 23] [38, 10, -2, -10] [-23, -19, 1, -14] [-18, 3, -1, 14]
[-6, 2, 22, 14] [-7, 20, -12, -4] [-4, -5, 49, -22] [-79, 22, 55, 3] [-40, -44, -18, 40] [-19, -18, -1, -1] [-35, -14, -24, 2]
[3, 43, -5, -40] [10, 4, 30, -23] [-3, 45, 5, -104] [0, 0, 0, 0] [41, -106, 31, 10] [27, -6, 0, 6] [1, -1, 20, 6]
[-13, -28, 4, -4] [15, -3, -18, -13] [-11, -12, -44, -44] [53, 22, -124, 28] [14, -6, -27, 32] [-3, 11, -2, 25] [-35, -72, -15, 36]
[20, 23, 12, 5] [-26, 2, -15, 4] [32, -14, 22, -7] [-8, 6, -26, -4] [0, -4, -32, -8] [2, -12, -20, 5] [45, 6, 11, 10]
[-20, -17, 13, 1] [-3, -1, -49, -6] [-10, 6, 29, -4] [-11, 13, -41, -15] [39, 11, -10, 30] [41, -21, -39, 22] [-14, 7, 28, 0]
Food (up, right, down, left):
[14, 13, -3, 17] [-8, 21, -7, -18] [26, -20, 24, 13] [-14, -4, 52, 15] [-2, -3, 52, -17] [-10, -20, -21, -20] [-50, 7, 9, -16]
[-68, 7, -44, -10] [-4, -7, -36, -1] [6, 21, 21, 30] [-19, 19, -48, 25] [18, 9, -2, -50] [57, 3, -43, 25] [16, -10, 30, 22]
[-21, 7, 34, -42] [14, 5, -17, 30] [-61, -33, -39, 23] [42, -36, 31, 14] [-13, -10, -36, -25] [5, 22, -45, -28] [44, 28, 10, 11]
[6, 21, 0, 43] [-12, -6, -28, 32] [-2, 6, -29, -19] [0, 0, 0, 0] [-13, 56, -40, -10] [11, -29, -39, -24] [-20, 43, -19, 18]
[3, 11, -12, 22] [8, 28, 10, 38] [31, -6, 39, 24] [-16, -51, 26, -24] [10, 2, 15, -21] [1, 38, 20, 20] [-16, -15, 8, -7]
[0, -32, -11, 7] [9, 11, 16, -9] [13, 10, 6, 33] [-27, -29, 54, -18] [-41, -35, 5, -69] [-24, 68, 18, 17] [0, 36, 3, 32]
[7, -4, -22, -13] [5, 8, 9, -53] [30, 14, 8, -14] [-12, 14, 16, -36] [56, 34, 1, -20] [29, 33, 16, 2] [11, -19, 24, -17]
------------------------------
ALIVE
Head: (24 25)
Body: (24 25) (23 25) (23 26) (23 27) (22 27) (22 28) (22 29) (22 30) (21 30) 
Length: 9, 4
Vision: 3
Hungry, suplies: 10/10
Reproductive: 16, mutating: 0.25
Generation: 49935
####################################
Wall (up, right, down, left):
[3, 2, 17, -9] [-3, 8, 18, -17] [-30, 4, 5, -25] [9, -5, 23, 0] [-15, 19, 20, 1] [18, 3, -9, -5] [2, -21, -2, -7]
[-42, -14, 5, -21] [0, 10, -11, -9] [-37, -8, 16, 1] [-35, 14, 14, 23] [38, 10, -2, -10] [-23, -19, 1, -14] [-18, 3, -1, 14]
[-6, 2, 22, 14] [-7, 20, -12, -4] [-9, -5, 49, -22] [-79, 22, 55, 3] [-40, -44, -18, 40] [-19, -18, -1, -1] [-35, -14, -24, 2]
[3, 43, -5, -40] [10, 4, 30, -23] [-3, 45, 5, -104] [0, 0, 0, 0] [41, -106, 31, 10] [27, -6, 0, 6] [1, -1, 20, 6]
[-13, -28, 4, -4] [15, -3, -18, -13] [-11, -12, -44, -44] [53, 24, -124, 28] [14, -6, -27, 32] [-3, 11, -2, 25] [-35, -72, -15, 36]
[20, 23, 12, 5] [-26, 2, -15, 4] [32, -14, 22, -7] [-8, 6, -26, -4] [0, 0, -32, -8] [2, -12, -20, 5] [45, 6, 11, 10]
[-23, -17, 13, 1] [-3, -1, -49, -6] [-10, 6, 29, -4] [-16, 13, -41, -15] [39, 11, -10, 30] [41, -21, -39, 22] [-14, 7, 28, 0]
Food (up, right, down, left):
[14, 13, -3, 17] [-8, 21, -7, -18] [26, -20, 24, 8] [-14, -4, 52, 15] [-2, -3, 52, -17] [-10, -20, -21, -20] [-50, 7, 9, -16]
[-68, 7, -44, -10] [-4, -7, -36, -1] [6, 21, 17, 30] [-19, 19, -48, 25] [18, 9, -2, -50] [57, 3, -43, 25] [16, -10, 30, 22]
[-21, 7, 34, -42] [14, 5, -17, 30] [-61, -33, -39, 21] [42, -36, 31, 14] [-13, -10, -36, -25] [5, 22, -45, -28] [44, 28, 10, 11]
[6, 21, 0, 43] [-12, -6, -28, 32] [-2, 6, -29, -19] [0, 0, 0, 0] [-13, 56, -40, -10] [11, -29, -39, -24] [-20, 43, -19, 18]
[3, 11, -12, 22] [8, 28, 10, 38] [31, -6, 39, 24] [-16, -51, 22, -24] [10, 2, 15, -21] [1, 38, 20, 20] [-16, -15, 8, -7]
[0, -32, -11, 7] [9, 11, 16, -9] [13, 10, 6, 33] [-27, -29, 54, -18] [-41, -35, 5, -69] [-24, 68, 18, 17] [0, 36, 3, 32]
[7, 1, -22, -13] [5, 8, 9, -53] [30, 14, 8, -14] [-7, 14, 16, -36] [56, 34, 1, -20] [29, 33, 16, 2] [11, -19, 24, -17]
------------------------------
ALIVE
Head: (0 6)
Body: (0 6) (24 6) (24 7) (23 7) (22 7) (22 6) (21 6) (20 6) (19 6) (19 5) (18 5) (17 5) 
Length: 12, 4
Vision: 3
Hungry, suplies: 10/10
Reproductive: 16, mutating: 0.25
Generation: 49931
####################################
Wall (up, right, down, left):
[3, 2, 17, -9] [-3, 8, 18, -17] [-25, 4, 5, -25] [9, -5, 23, 0] [-15, 19, 20, 1] [18, 3, -9, -5] [2, -21, -2, -7]
[-42, -14, 5, -21] [0, 10, -11, -9] [-37, -4, 16, 1] [-35, 14, 14, 23] [38, 10, -2, -10] [-23, -19, 1, -14] [-18, 3, -1, 14]
[-6, 2, 22, 14] [-7, 20, -12, -4] [-4, -5, 49, -22] [-79, 22, 55, 3] [-40, -44, -18, 40] [-19, -18, -1, -1] [-35, -14, -24, 2]
[3, 43, -5, -40] [10, 4, 30, -23] [-3, 45, 5, -104] [0, 0, 0, 0] [41, -106, 31, 10] [27, -6, 0, 6] [1, -1, 20, 6]
[-13, -28, 4, -4] [15, -3, -18, -13] [-11, -12, -44, -44] [53, 22, -124, 28] [14, -6, -27, 32] [-3, 11, -2, 25] [-35, -72, -15, 36]
[20, 23, 12, 5] [-26, 2, -15, 4] [32, -14, 22, -7] [-8, 6, -26, -4] [0, -4, -32, -8] [2, -12, -20, 5] [45, 6, 11, 10]
[-20, -17, 13, 1] [-3, -1, -49, -6] [-10, 6, 29, -4] [-11, 13, -44, -15] [39, 11, -10, 30] [41, -21, -39, 22] [-14, 7, 28, 0]
Food (up, right, down, left):
[14, 13, -3, 17] [-8, 21, -7, -18] [26, -20, 24, 13] [-14, -4, 52, 15] [-2, -3, 52, -17] [-10, -20, -21, -20] [-50, 7, 9, -16]
[-68, 7, -44, -10] [-4, -7, -36, -1] [6, 21, 21, 30] [-19, 19, -48, 25] [18, 9, -2, -50] [57, 3, -43, 25] [16, -10, 30, 22]
[-21, 7, 34, -42] [14, 5, -17, 30] [-61, -33, -39, 23] [42, -36, 31, 14] [-13, -10, -36, -25] [5, 22, -45, -28] [44, 28, 10, 11]
[6, 21, 0, 43] [-12, -6, -28, 32] [-2, 6, -29, -19] [0, 0, 0, 0] [-13, 56, -40, -10] [11, -29, -39, -24] [-20, 43, -19, 18]
[3, 11, -12, 22] [8, 28, 10, 38] [31, -6, 39, 24] [-16, -51, 26, -24] [10, 2, 15, -21] [1, 38, 20, 20] [-16, -15, 8, -7]
[0, -32, -11, 7] [9, 11, 16, -9] [13, 10, 6, 33] [-27, -29, 54, -18] [-41, -35, 5, -69] [-24, 68, 18, 17] [0, 36, 3, 32]
[7, -4, -22, -13] [5, 8, 9, -53] [30, 14, 8, -14] [-14, 14, 16, -36] [56, 34, 1, -20] [29, 33, 16, 2] [11, -19, 24, -17]
------------------------------
ALIVE
Head: (16 39)
Body: (16 39) (16 40) (16 41) (17 41) (18 41) (18 42) (19 42) (20 42) (20 43) 
Length: 9, 4
Vision: 3
Hungry, suplies: 6/10
Reproductive: 16, mutating: 0.25
Generation: 49934
####################################
Wall (up, right, down, left):
[3, 2, 17, -9] [-3, 8, 18, -17] [-30, 4, 5, -25] [9, -5, 23, 0] [-15, 19, 20, 1] [18, 3, -9, -5] [2, -21, -2, -7]
[-42, -14, 5, -21] [0, 10, -11, -9] [-37, -4, 16, 1] [-35, 14, 14, 23] [38, 10, -2, -10] [-23, -19, 1, -14] [-18, 3, -1, 14]
[-6, 2, 22, 14] [-7, 20, -12, -4] [-9, -5, 53, -22] [-79, 22, 55, 3] [-40, -44, -18, 40] [-19, -18, -1, -1] [-35, -14, -24, 2]
[3, 43, -5, -40] [10, 4, 30, -23] [-3, 45, 5, -104] [0, 0, 0, 0] [41, -106, 31, 6] [27, -6, 0, 6] [1, -1, 20, 6]
[-13, -28, 4, -4] [15, -3, -18, -13] [-11, -12, -44, -44] [53, 24, -124, 28] [14, -6, -27, 32] [-3, 11, -2, 25] [-35, -72, -15, 36]
[20, 23, 12, 5] [-26, 2, -15, 4] [32, -14, 22, -7] [-8, 6, -26, -4] [0, 0, -32, -8] [2, -12, -20, 5] [45, 6, 11, 10]
[-23, -17, 13, 1] [-3, -1, -49, -6] [-10, 6, 29, -4] [-16, 13, -41, -15] [39, 11, -10, 30] [41, -21, -39, 22] [-14, 7, 28, 0]
Food (up, right, down, left):
[14, 13, -3, 17] [-8, 21, -7, -18] [26, -20, 24, 8] [-14, -4, 52, 15] [-2, -3, 52, -17] [-10, -20, -21, -20] [-50, 7, 9, -16]
[-68, 7, -44, -10] [-4, -7, -36, -1] [6, 21, 21, 30] [-19, 19, -48, 25] [18, 9, -2, -50] [57, 3, -43, 25] [16, -10, 30, 22]
[-21, 7, 34, -42] [14, 5, -17, 30] [-64, -33, -39, 21] [42, -36, 31, 14] [-13, -10, -36, -25] [5, 22, -45, -28] [44, 28, 10, 11]
[6, 21, 0, 43] [-12, -6, -28, 32] [-2, 6, -29, -19] [0, 0, 0, 0] [-13, 56, -36, -10] [11, -29, -39, -24] [-20, 43, -19, 18]
[3, 11, -12, 22] [8, 28, 10, 38] [31, -6, 39, 24] [-16, -51, 22, -24] [10, 2, 15, -21] [1, 38, 20, 20] [-16, -15, 8, -7]
[0, -32, -11, 7] [9, 11, 16, -9] [13, 10, 6, 33] [-27, -29, 54, -18] [-41, -35, 5, -69] [-24, 68, 18, 17] [0, 36, 3, 32]
[7, 1, -22, -13] [5, 8, 9, -53] [30, 14, 8, -14] [-7, 14, 16, -36] [56, 34, 1, -20] [29, 33, 16, 2] [11, -19, 24, -17]
------------------------------
ALIVE
Head: (22 47)
Body: (22 47) (22 46) (21 46) (20 46) (19 46) (19 45) (19 44) (19 43) (18 43) (17 43) (16 43) (15 43) 
Length: 12, 4
Vision: 3
Hungry, suplies: 5/10
Reproductive: 16, mutating: 0.25
Generation: 49931
####################################
Wall (up, right, down, left):
[3, 2, 17, -9] [-3, 8, 18, -17] [-30, 4, 5, -25] [9, -5, 23, 0] [-15, 19, 20, 1] [18, 3, -9, -5] [2, -21, -2, -7]
[-42, -14, 5, -21] [0, 10, -11, -9] [-37, -4, 16, 1] [-35, 14, 14, 23] [38, 10, -2, -10] [-23, -19, 1, -14] [-18, 3, -1, 14]
[-6, 2, 22, 14] [-7, 20, -12, -4] [-9, -5, 49, -22] [-79, 22, 55, 3] [-40, -44, -18, 40] [-19, -18, -1, -1] [-35, -14, -24, 2]
[3, 43, -5, -40] [10, 4, 30, -23] [-3, 45, 5, -104] [0, 0, 0, 0] [41, -106, 31, 10] [27, -6, 0, 6] [1, -1, 20, 6]
[-13, -28, 4, -4] [15, -3, -18, -13] [-11, -12, -44, -44] [53, 24, -124, 28] [14, -6, -27, 32] [-3, 11, -2, 25] [-35, -72, -15, 36]
[20, 23, 12, 5] [-26, 2, -15, 4] [32, -14, 22, -7] [-8, 6, -26, -4] [0, 0, -32, -8] [2, -12, -20, 5] [45, 6, 11, 10]
[-23, -17, 13, 1] [-3, -1, -49, -6] [-10, 6, 29, -4] [-16, 13, -41, -15] [39, 11, -10, 30] [41, -21, -39, 22] [-14, 7, 28, 0]
Food (up, right, down, left):
[14, 13, -3, 17] [-8, 21, -7, -18] [26, -20, 24, 8] [-14, -4, 52, 15] [-2, -3, 52, -17] [-10, -20, -21, -20] [-50, 7, 9, -16]
[-68, 7, -44, -10] [-4, -7, -36, -1] [6, 21, 21, 30] [-19, 19, -48, 25] [18, 9, -2, -50] [57, 3, -43, 25] [16, -10, 30, 22]
[-21, 7, 34, -42] [14, 5, -17, 30] [-61, -33, -39, 21] [42, -36, 31, 14] [-13, -10, -36, -25] [5, 22, -45, -28] [44, 28, 10, 11]
[6, 21, 0, 43] [-12, -6, -28, 32] [-2, 6, -29, -19] [0, 0, 0, 0] [-13, 56, -40, -10] [11, -29, -39, -24] [-20, 43, -19, 18]
[3, 11, -12, 22] [8, 28, 10, 38] [31, -6, 39, 24] [-16, -51, 22, -24] [10, 2, 15, -21] [1, 38, 20, 20] [-16, -15, 8, -7]
[0, -32, -11, 7] [9, 11, 16, -9] [13, 10, 6, 33] [-27, -29, 54, -18] [-41, -35, 5, -69] [-24, 68, 18, 17] [0, 36, 3, 32]
[7, 1, -22, -13] [5, 8, 9, -53] [30, 14, 8, -14] [-7, 14, 16, -36] [56, 34, 1, -20] [29, 33, 16, 2] [11, -19, 24, -17]
------------------------------
ALIVE
Head: (8 49)
Body: (8 49) (7 49) (6 49) (6 50) (6 51) (5 51) (4 51) 
Length: 7, 4
Vision: 3
Hungry, suplies: 5/10
Reproductive: 16, mutating: 0.25
Generation: 49929
####################################
Wall (up, right, down, left):
[3, 2, 17, -9] [-3, 8, 18, -17] [-30, 4, 5, -25] [9, -5, 23, 0] [-15, 19, 20, 1] [18, 3, -9, -5] [2, -21, -2, -7]
[-42, -14, 5, -21] [0, 10, -11, -9] [-37, -4, 16, 1] [-35, 14, 14, 23] [38, 10, -2, -10] [-23, -19, 1, -14] [-18, 3, -1, 14]
[-6, 2, 22, 14] [-7, 20, -12, -4] [-9, -5, 49, -22] [-79, 22, 55, 3] [-40, -44, -18, 40] [-19, -18, -1, -1] [-35, -14, -24, 2]
[3, 43, -5, -40] [10, 4, 30, -23] [-3, 45, 5, -104] [0, 0, 0, 0] [41, -106, 31, 10] [27, -6, 0, 6] [1, -1, 20, 6]
[-13, -28, 4, -4] [15, -3, -18, -13] [-11, -12, -44, -44] [53, 24, -124, 28] [14, -6, -27, 32] [-3, 11, -2, 25] [-35, -72, -15, 36]
[20, 23, 12, 5] [-26, 2, -15, 4] [32, -14, 22, -7] [-8, 6, -26, -4] [0, 0, -32, -8] [2, -12, -20, 5] [45, 6, 11, 10]
[-23, -17, 13, 1] [-3, -1, -49, -6] [-10, 6, 29, -4] [-16, 13, -41, -15] [39, 11, -10, 30] [41, -21, -39, 22] [-14, 7, 28, 0]
Food (up, right, down, left):
[14, 13, -3, 17] [-8, 21, -7, -18] [26, -20, 24, 8] [-14, -4, 52, 15] [-2, -3, 52, -17] [-10, -20, -21, -20] [-50, 7, 9, -16]
[-68, 7, -44, -10] [-4, -7, -36, -1] [6, 21, 21, 30] [-19, 19, -48, 25] [18, 9, -2, -50] [57, 3, -43, 25] [16, -10, 30, 22]
[-21, 7, 34, -42] [14, 5, -17, 30] [-61, -33, -39, 21] [42, -36, 31, 14] [-13, -10, -36, -25] [5, 22, -45, -28] [44, 28, 10, 11]
[6, 21, 0, 43] [-12, -6, -28, 32] [-2, 6, -29, -19] [0, 0, 0, 0] [-13, 56, -40, -10] [11, -29, -39, -24] [-20, 43, -19, 18]
[3, 11, -12, 22] [8, 28, 10, 38] [31, -6, 39, 24] [-16, -51, 22, -24] [10, 2, 15, -21] [1, 38, 20, 20] [-16, -15, 8, -7]
[0, -32, -11, 7] [9, 11, 16, -9] [13, 10, 6, 33] [-27, -29, 54, -18] [-41, -35, 5, -69] [-24, 68, 18, 17] [0, 36, 3, 32]
[7, 1, -22, -13] [5, 8, 9, -53] [30, 14, 8, -14] [-7, 14, 16, -36] [56, 34, 1, -20] [29, 33, 16, 2] [11, -19, 24, -17]
------------------------------
ALIVE
Head: (19 48)
Body: (19 48) (19 47) (18 47) (17 47) (16 47) (16 46) (16 45) (16 44) (15 44) (14 44) 
Length: 10, 4
Vision: 3
Hungry, suplies: 3/10
Reproductive: 16, mutating: 0.25
Generation: 49930
####################################
Wall (up, right, down, left):
[3, 2, 17, -9] [-3, 8, 18, -17] [-25, 4, 5, -25] [9, -5, 23, 0] [-15, 19, 20, 1] [18, 3, -9, -5] [2, -21, -2, -7]
[-42, -14, 5, -21] [0, 10, -11, -9] [-37, -4, 16, 1] [-35, 14, 14, 23] [38, 10, -2, -10] [-23, -19, 1, -14] [-18, 3, 4, 14]
[-6, 2, 22, 14] [-7, 20, -12, -4] [-9, -5, 49, -22] [-79, 22, 55, 3] [-40, -44, -18, 40] [-19, -18, -1, -1] [-35, -14, -24, 2]
[3, 43, -5, -40] [10, 4, 30, -23] [-3, 45, 5, -104] [0, 0, 0, 0] [41, -106, 31, 10] [27, -6, 0, 6] [1, -1, 20, 6]
[-13, -28, 4, -4] [15, -3, -18, -13] [-11, -12, -44, -44] [53, 22, -124, 28] [14, -6, -27, 32] [-3, 11, -2, 25] [-35, -72, -15, 36]
[20, 23, 12, 5] [-26, 2, -15, 4] [32, -14, 22, -7] [-8, 6, -26, -4] [0, -4, -32, -8] [2, -12, -20, 5] [45, 6, 11, 10]
[-20, -17, 13, 1] [-3, -1, -49, -6] [-10, 6, 29, -4] [-11, 13, -41, -15] [39, 11, -10, 30] [41, -21, -39, 22] [-14, 7, 28, 0]
Food (up, right, down, left):
[14, 13, -3, 17] [-8, 21, -7, -18] [26, -20, 24, 13] [-14, -4, 52, 15] [-2, -3, 52, -17] [-10, -20, -21, -20] [-50, 7, 9, -16]
[-68, 7, -44, -10] [-4, -7, -36, -1] [6, 21, 21, 30] [-19, 19, -48, 25] [18, 9, -2, -50] [57, 3, -43, 25] [16, -10, 25, 22]
[-21, 7, 34, -42] [14, 5, -17, 30] [-61, -33, -39, 21] [42, -36, 31, 14] [-13, -10, -36, -25] [5, 22, -45, -28] [44, 28, 10, 11]
[6, 21, 0, 43] [-12, -6, -28, 32] [-2, 6, -29, -19] [0, 0, 0, 0] [-13, 56, -40, -10] [11, -29, -39, -24] [-20, 43, -19, 18]
[3, 11, -12, 22] [8, 28, 10, 38] [31, -6, 39, 24] [-16, -51, 26, -24] [10, 2, 15, -21] [1, 38, 20, 20] [-16, -15, 8, -7]
[0, -32, -11, 7] [9, 11, 16, -9] [13, 10, 6, 33] [-27, -29, 54, -18] [-41, -35, 5, -69] [-24, 68, 18, 17] [0, 36, 3, 32]
[7, -4, -22, -13] [5, 8, 9, -53] [30, 14, 8, -14] [-12, 14, 16, -36] [56, 34, 1, -20] [29, 33, 16, 2] [11, -19, 24, -17]
------------------------------
ALIVE
Head: (8 26)
Body: (8 26) (7 26) (6 26) (5 26) (4 26) (4 25) (3 25) (2 25) (2 24) 
Length: 9, 4
Vision: 3
Hungry, suplies: 4/10
Reproductive: 16, mutating: 0.25
Generation: 49935
####################################
Wall (up, right, down, left):
[3, 2, 17, -9] [-3, 8, 18, -17] [-25, 4, 5, -25] [9, -5, 23, 0] [-15, 19, 20, 1] [18, 3, -9, -5] [2, -21, -2, -7]
[-42, -14, 5, -21] [0, 10, -11, -9] [-37, -4, 16, 1] [-35, 14, 14, 23] [38, 10, -2, -10] [-23, -19, 1, -14] [-14, 3, -1, 14]
[-6, 2, 22, 14] [-7, 20, -12, -4] [-4, -5, 49, -22] [-79, 22, 55, 3] [-40, -44, -18, 40] [-19, -18, -1, -1] [-35, -14, -24, 2]
[3, 43, -5, -40] [10, 4, 30, -23] [-3, 45, 5, -104] [0, 0, 0, 0] [41, -106, 31, 10] [27, -6, 0, 6] [1, -1, 20, 6]
[-13, -28, 4, -4] [15, -3, -18, -13] [-11, -12, -44, -44] [53, 22, -124, 28] [14, -6, -27, 32] [-3, 11, -2, 25] [-35, -72, -15, 36]
[20, 23, 12, 5] [-26, 2, -15, 4] [32, -14, 22, -7] [-8, 6, -26, -4] [0, -4, -32, -8] [2, -12, -20, 5] [45, 6, 11, 10]
[-20, -17, 13, 1] [-3, -1, -49, -6] [-10, 6, 29, -4] [-11, 13, -41, -15] [39, 11, -10, 30] [41, -21, -39, 22] [-14, 7, 28, 0]
Food (up, right, down, left):
[14, 13, -3, 17] [-8, 21, -7, -18] [26, -20, 24, 13] [-14, -4, 52, 15] [-2, -3, 52, -17] [-10, -20, -21, -20] [-50, 7, 9, -16]
[-68, 7, -44, -10] [-4, -7, -36, -1] [6, 21, 21, 30] [-19, 19, -48, 25] [18, 9, -2, -50] [57, 3, -43, 25] [16, -9, 30, 22]
[-21, 7, 34, -42] [14, 5, -17, 30] [-61, -33, -39, 23] [42, -36, 31, 14] [-13, -10, -36, -25] [5, 22, -45, -28] [44, 28, 10, 11]
[6, 21, 0, 43] [-12, -6, -28, 32] [-2, 6, -29, -19] [0, 0, 0, 0] [-13, 56, -40, -10] [11, -29, -39, -24] [-20, 43, -19, 18]
[3, 11, -12, 22] [8, 28, 10, 38] [31, -6, 39, 24] [-16, -51, 26, -24] [10, 2, 15, -21] [1, 38, 20, 20] [-16, -15, 8, -7]
[0, -32, -11, 7] [9, 11, 16, -9] [13, 10, 6, 33] [-27, -29, 54, -18] [-41, -35, 5, -69] [-24, 68, 18, 17] [0, 36, 3, 32]
[7, -4, -22, -13] [5, 8, 9, -53] [30, 14, 8, -14] [-12, 14, 16, -36] [56, 34, 1, -20] [29, 33, 16, 2] [11, -19, 24, -17]
------------------------------
ALIVE
Head: (5 44)
Body: (5 44) (5 43) (5 42) (4 42) (4 41) (3 41) (2 41) (1 41) (0 41) (0 40) (25 39) (24 39) (23 39) (22 39) (22 40) 
Length: 15, 4
Vision: 3
Hungry, suplies: 5/10
Reproductive: 16, mutating: 0.25
Generation: 49935
####################################
Wall (up, right, down, left):
[3, 2, 17, -9] [-3, 8, 18, -17] [-25, 4, 5, -25] [9, -5, 23, 0] [-15, 19, 20, 1] [18, 3, -9, -5] [2, -21, -2, -7]
[-42, -14, 5, -21] [0, 10, -11, -9] [-37, -4, 16, 1] [-35, 14, 14, 23] [38, 10, -2, -10] [-23, -19, 1, -14] [-18, 3, 4, 14]
[-6, 2, 22, 14] [-7, 20, -12, -4] [-9, -5, 49, -22] [-79, 22, 55, 3] [-40, -44, -18, 40] [-19, -18, -1, -1] [-35, -14, -24, 2]
[3, 43, -5, -40] [10, 4, 30, -23] [-3, 45, 5, -104] [0, 0, 0, 0] [41, -106, 31, 10] [27, -6, 0, 6] [1, -1, 20, 6]
[-13, -28, 4, -4] [15, -3, -18, -13] [-11, -12, -44, -44] [53, 22, -124, 28] [14, -6, -27, 32] [-3, 11, -2, 25] [-35, -72, -15, 36]
[20, 23, 12, 5] [-26, 2, -15, 4] [32, -14, 22, -7] [-8, 6, -26, -4] [0, -4, -32, -8] [2, -12, -20, 5] [45, 6, 11, 10]
[-20, -17, 13, 1] [-3, -1, -49, -6] [-10, 6, 29, -4] [-11, 13, -41, -15] [39, 11, -10, 30] [41, -21, -39, 22] [-14, 7, 28, 0]
Food (up, right, down, left):
[14, 13, -3, 17] [-8, 21, -7, -18] [26, -20, 24, 13] [-14, -4, 52, 15] [-2, -3, 52, -17] [-10, -20, -21, -20] [-50, 7, 9, -16]
[-68, 7, -44, -10] [-4, -7, -36, -1] [6, 21, 21, 30] [-19, 19, -48, 25] [18, 9, -2, -50] [57, 3, -43, 25] [16, -10, 25, 22]
[-21, 7, 34, -42] [14, 5, -17, 30] [-61, -33, -39, 21] [42, -36, 31, 14] [-13, -10, -36, -25] [5, 22, -45, -28] [44, 28, 10, 11]
[6, 21, 0, 43] [-12, -6, -28, 32] [-2, 6, -29, -19] [0, 0, 0, 0] [-13, 56, -40, -10] [11, -29, -39, -24] [-20, 43, -19, 18]
[3, 11, -12, 22] [8, 28, 10, 38] [31, -6, 39, 24] [-16, -51, 26, -24] [10, 2, 15, -21] [1, 38, 20, 20] [-16, -15, 8, -7]
[0, -32, -11, 7] [9, 11, 16, -9] [13, 10, 6, 33] [-27, -29, 54, -18] [-41, -35, 5, -69] [-24, 68, 18, 17] [0, 36, 3, 32]
[7, -4, -22, -13] [5, 8, 9, -53] [30, 14, 8, -14] [-12, 14, 16, -36] [56, 34, 1, -20] [29, 33, 16, 2] [11, -19, 24, -17]
------------------------------
ALIVE
Head: (4 2)
Body: (4 2) (3 2) (2 2) (2 1) (1 1) (1 2) (0 2) (0 3) (0 4) (25 5) (24 5) (23 5) (22 5) (21 5) 
Length: 14, 4
Vision: 3
Hungry, suplies: 8/10
Reproductive: 16, mutating: 0.25
Generation: 49936
####################################
Wall (up, right, down, left):
[3, 2, 17, -9] [-3, 8, 18, -17] [-30, 4, 5, -25] [9, -5, 23, 0] [-15, 19, 20, 1] [18, 3, -9, -5] [2, -21, -2, -7]
[-42, -14, 5, -21] [0, 10, -11, -9] [-37, -4, 16, 1] [-35, 14, 14, 23] [38, 10, -2, -5] [-23, -19, 1, -14] [-18, 3, -1, 14]
[-6, 2, 22, 14] [-7, 20, -12, -4] [-9, -5, 53, -22] [-79, 22, 55, 3] [-40, -44, -18, 40] [-19, -18, -1, -1] [-35, -14, -24, 2]
[3, 43, -5, -40] [10, 4, 30, -23] [-3, 45, 5, -104] [0, 0, 0, 0] [41, -106, 31, 10] [27, -6, 0, 6] [1, -1, 20, 6]
[-13, -28, 4, -4] [15, -3, -18, -13] [-11, -12, -44, -44] [53, 24, -124, 28] [14, -6, -27, 32] [-3, 11, -2, 25] [-35, -72, -15, 36]
[20, 23, 12, 5] [-26, 2, -15, 4] [32, -14, 22, -7] [-8, 6, -26, -4] [0, 0, -32, -8] [2, -12, -20, 5] [45, 6, 11, 10]
[-23, -17, 13, 1] [-3, -1, -49, -6] [-10, 6, 29, -4] [-16, 13, -41, -15] [39, 11, -10, 30] [41, -21, -39, 22] [-14, 7, 28, 0]
Food (up, right, down, left):
[14, 13, -3, 17] [-8, 21, -7, -18] [26, -20, 24, 8] [-14, -4, 52, 15] [-2, -3, 52, -17] [-10, -20, -21, -20] [-50, 7, 9, -16]
[-68, 7, -44, -10] [-4, -7, -36, -1] [6, 21, 21, 30] [-19, 19, -48, 25] [18, 9, -2, -50] [57, 3, -43, 25] [16, -10, 30, 22]
[-21, 7, 34, -42] [14, 5, -17, 30] [-64, -33, -39, 21] [42, -36, 31, 14] [-13, -10, -36, -25] [5, 22, -45, -28] [44, 28, 10, 11]
[6, 21, 0, 43] [-12, -6, -28, 32] [-2, 6, -29, -19] [0, 0, 0, 0] [-13, 56, -40, -10] [11, -29, -39, -24] [-20, 43, -19, 18]
[3, 11, -12, 22] [8, 28, 10, 38] [31, -6, 39, 24] [-16, -51, 22, -24] [10, 2, 15, -21] [1, 38, 20, 20] [-16, -15, 8, -7]
[0, -32, -11, 7] [9, 11, 16, -9] [13, 10, 6, 33] [-27, -29, 54, -18] [-41, -35, 5, -69] [-24, 68, 18, 17] [0, 36, 3, 32]
[7, 1, -22, -13] [5, 8, 9, -53] [30, 14, 8, -14] [-7, 14, 16, -36] [56, 34, 1, -20] [29, 33, 16, 2] [11, -19, 24, -17]
------------------------------
ALIVE
Head: (7 17)
Body: (7 17) (7 18) (6 18) (5 18) (4 18) (3 18) (3 19) (3 20) (2 20) (2 21) (2 22) (1 22) 
Length: 12, 4
Vision: 3
Hungry, suplies: 2/10
Reproductive: 16, mutating: 0.25
Generation: 49931
####################################
Wall (up, right, down, left):
[3, 2, 17, -9] [-3, 8, 18, -17] [-25, 4, 5, -25] [9, -5, 23, 0] [-15, 19, 20, 1] [18, 3, -9, -5] [2, -21, -2, -7]
[-42, -14, 5, -21] [0, 10, -11, -9] [-37, -4, 16, 1] [-35, 14, 14, 23] [38, 10, -2, -10] [-23, -19, 1, -14] [-18, 3, 4, 14]
[-6, 2, 22, 14] [-7, 20, -12, -4] [-9, -5, 49, -22] [-79, 22, 55, 3] [-40, -44, -18, 40] [-19, -18, -1, -1] [-35, -14, -24, 2]
[3, 43, -5, -40] [10, 4, 30, -23] [-3, 45, 5, -104] [0, 0, 0, 0] [41, -106, 31, 10] [27, -6, 0, 6] [1, -1, 20, 6]
[-13, -28, 4, -4] [15, -3, -18, -13] [-11, -12, -44, -44] [53, 22, -124, 28] [14, -6, -27, 32] [-3, 11, -2, 25] [-35, -72, -15, 36]
[20, 23, 12, 5] [-26, 2, -15, 4] [32, -14, 22, -7] [-8, 6, -26, -4] [0, -4, -32, -8] [2, -12, -20, 5] [45, 6, 11, 10]
[-20, -17, 13, 1] [-3, -1, -49, -6] [-10, 6, 29, -4] [-11, 13, -41, -15] [39, 11, -10, 30] [41, -21, -39, 22] [-14, 7, 28, 0]
Food (up, right, down, left):
[14, 13, -3, 17] [-8, 21, -7, -18] [26, -20, 24, 13] [-14, -4, 52, 15] [-2, -3, 52, -17] [-10, -20, -21, -20] [-50, 7, 9, -16]
[-68, 7, -44, -10] [-4, -7, -36, -1] [6, 21, 21, 30] [-19, 19, -48, 25] [18, 9, -2, -50] [57, 3, -43, 25] [16, -10, 25, 22]
[-21, 7, 34, -42] [14, 5, -17, 30] [-61, -33, -39, 21] [42, -36, 31, 14] [-13, -10, -36, -25] [5, 22, -45, -28] [44, 28, 10, 11]
[6, 21, 0, 43] [-12, -6, -28, 32] [-2, 6, -29, -19] [0, 0, 0, 0] [-13, 56, -40, -10] [11, -29, -39, -24] [-20, 43, -19, 18]
[3, 11, -12, 22] [8, 28, 10, 38] [31, -6, 39, 24] [-16, -51, 26, -24] [10, 2, 15, -21] [1, 38, 20, 20] [-16, -15, 8, -7]
[0, -32, -11, 7] [9, 11, 16, -9] [13, 10, 6, 33] [-27, -29, 54, -18] [-41, -35, 5, -69] [-24, 68, 18, 17] [0, 36, 3, 32]
[7, -4, -22, -13] [5, 8, 9, -53] [30, 14, 8, -14] [-12, 14, 16, -36] [56, 34, 1, -20] [29, 33, 16, 2] [11, -19, 24, -17]
------------------------------
ALIVE
Head: (8 38)
Body: (8 38) (8 39) (7 39) (6 39) (5 39) (4 39) (3 39) (3 38) (2 38) (1 38) (0 38) (25 37) (24 37) (23 37) 
Length: 14, 4
Vision: 3
Hungry, suplies: 5/10
Reproductive: 16, mutating: 0.25
Generation: 49936
####################################
Wall (up, right, down, left):
[3, 1, 17, -9] [-3, 8, 18, -13] [-33, 4, 5, -25] [9, -1, 23, 0] [-15, 19, 23, 1] [15, 3, -9, -5] [2, -21, -2, -7]
[-42, -14, 5, -21] [0, 10, -11, -9] [-37, -4, 16, 1] [-35, 14, 14, 23] [41, 10, -7, -10] [-23, -19, 1, -14] [-18, 3, -3, 14]
[-8, 2, 22, 18] [-7, 20, -12, -4] [-5, -5, 49, -22] [-79, 22, 55, 3] [-40, -44, -18, 40] [-19, -18, -1, -1] [-35, -14, -24, -3]
[2, 43, -5, -40] [10, 4, 30, -23] [-3, 45, 4, -104] [0, 0, 0, 0] [41, -99, 31, 10] [27, -6, 0, 6] [1, 0, 20, 6]
[-17, -24, 4, -4] [15, -3, -18, -9] [-11, -12, -44, -44] [53, 22, -124, 28] [14, -6, -27, 32] [-4, 11, -2, 25] [-36, -72, -15, 36]
[20, 23, 11, 5] [-26, 2, -15, 4] [32, -14, 22, -7] [-8, 6, -26, -4] [3, -1, -27, -8] [2, -12, -23, 5] [45, 2, 11, 10]
[-22, -17, 13, 1] [-13, -1, -49, -6] [-10, 5, 29, -4] [-16, 12, -41, -15] [39, 11, -10, 30] [41, -21, -39, 22] [-14, 7, 28, 0]
Food (up, right, down, left):
[14, 13, -3, 27] [-8, 21, -7, -15] [27, -20, 24, 8] [-14, -4, 52, 12] [-2, -3, 47, -17] [-10, -15, -21, -20] [-50, 7, 9, -16]
[-68, 6, -46, -10] [-4, -7, -36, -1] [6, 21, 21, 30] [-19, 19, -48, 25] [18, 8, -2, -50] [57, 3, -43, 25] [16, -13, 30, 22]
[-21, 4, 34, -42] [14, 5, -17, 30] [-64, -33, -39, 21] [42, -36, 31, 14] [-13, -10, -36, -25] [5, 22, -45, -28] [44, 28, 10, 8]
[6, 20, 0, 43] [-12, -6, -28, 32] [-2, 6, -29, -14] [0, 0, 0, 0] [-13, 64, -40, -12] [11, -29, -39, -24] [-20, 43, -16, 18]
[3, 11, -17, 22] [5, 28, 10, 38] [31, -6, 39, 24] [-16, -51, 22, -21] [10, 2, 15, -21] [1, 42, 20, 20] [-16, -15, 8, -7]
[0, -32, -13, 7] [9, 11, 16, -9] [13, 10, 6, 33] [-27, -29, 54, -18] [-38, -35, 5, -70] [-24, 68, 18, 11] [0, 36, 1, 32]
[7, 1, -22, -12] [5, 13, 9, -57] [30, 14, 9, -14] [-7, 14, 20, -36] [56, 34, 1, -20] [29, 30, 16, 2] [11, -19, 24, -17]
------------------------------
ALIVE
Head: (7 9)
Body: (7 9) (6 9) (6 8) (6 7) (5 7) (5 6) (4 6) (4 5) (3 5) (2 5) (1 5) (1 6) (2 6) (2 7) 
Length: 14, 4
Vision: 3
Hungry, suplies: 9/10
Reproductive: 16, mutating: 0.25
Generation: 49956
####################################
Wall (up, right, down, left):
[3, 2, 17, -9] [-3, 8, 18, -17] [-25, 4, 5, -25] [9, -5, 23, 0] [-15, 19, 20, 1] [18, 3, -9, -5] [2, -21, -2, -7]
[-42, -14, 5, -21] [0, 10, -11, -9] [-37, -4, 16, 1] [-35, 14, 14, 23] [38, 10, -2, -10] [-23, -19, 1, -14] [-18, 3, -1, 14]
[-6, 2, 22, 14] [-7, 20, -12, -4] [-4, -5, 49, -22] [-79, 22, 55, 3] [-40, -44, -18, 40] [-19, -18, -1, -1] [-35, -14, -24, 2]
[3, 43, -5, -40] [10, 4, 30, -23] [-3, 45, 5, -104] [0, 0, 0, 0] [41, -106, 31, 10] [27, -6, 0, 6] [1, -1, 20, 6]
[-13, -28, 4, -4] [15, -3, -18, -13] [-11, -12, -44, -44] [53, 22, -124, 28] [14, -6, -27, 32] [-3, 11, -2, 25] [-35, -72, -15, 36]
[20, 23, 12, 5] [-26, 2, -15, 4] [32, -14, 22, -7] [-8, 6, -26, -4] [0, -4, -32, -8] [2, -12, -20, 5] [45, 6, 11, 10]
[-20, -17, 13, 1] [-3, -1, -49, -6] [-10, 6, 29, -4] [-11, 13, -41, -15] [39, 11, -10, 30] [41, -21, -39, 22] [-14, 7, 28, 0]
Food (up, right, down, left):
[14, 13, -3, 17] [-8, 21, -7, -18] [26, -20, 24, 13] [-14, -4, 52, 15] [-2, -3, 52, -17] [-10, -20, -21, -20] [-50, 7, 9, -16]
[-68, 7, -44, -10] [-4, -7, -36, -1] [6, 21, 21, 30] [-19, 19, -48, 25] [18, 9, -2, -50] [57, 3, -43, 25] [16, -10, 30, 22]
[-21, 7, 34, -42] [14, 5, -17, 30] [-61, -33, -39, 23] [42, -36, 31, 14] [-13, -10, -36, -25] [5, 22, -45, -28] [44, 28, 10, 11]
[6, 21, 0, 43] [-12, -6, -28, 32] [-2, 6, -29, -19] [0, 0, 0, 0] [-13, 56, -40, -10] [11, -29, -39, -24] [-20, 43, -19, 18]
[3, 11, -12, 22] [8, 28, 10, 38] [31, -6, 39, 24] [-16, -51, 26, -24] [10, 2, 15, -21] [1, 38, 20, 20] [-16, -15, 8, -7]
[0, -32, -11, 7] [9, 11, 16, -9] [13, 10, 6, 33] [-27, -29, 54, -18] [-41, -35, 5, -69] [-24, 68, 18, 17] [0, 36, 3, 32]
[7, -4, -22, -13] [5, 8, 9, -53] [30, 14, 8, -14] [-12, 14, 16, -36] [56, 34, 1, -20] [29, 33, 16, 2] [11, -19, 24, -17]
------------------------------
ALIVE
Head: (19 23)
Body: (19 23) (19 24) (19 25) (19 26) (19 27) (18 27) (18 28) (17 28) (16 28) (15 28) 
Length: 10, 4
Vision: 3
Hungry, suplies: 1/10
Reproductive: 16, mutating: 0.25
Generation: 49935
####################################
Wall (up, right, down, left):
[3, 1, 17, -9] [-3, 8, 18, -13] [-33, 4, 5, -25] [9, -1, 23, 0] [-15, 19, 23, 1] [15, 3, -9, -5] [2, -21, -2, -7]
[-42, -14, 5, -23] [0, 10, -11, -9] [-37, -4, 16, 1] [-35, 14, 14, 23] [38, 10, -7, -10] [-23, -19, 1, -14] [-18, 3, -1, 14]
[-8, 2, 22, 18] [-7, 20, -12, -4] [-5, -4, 49, -22] [-79, 22, 55, 3] [-40, -44, -18, 40] [-19, -18, -1, -1] [-35, -14, -24, -3]
[2, 43, -5, -40] [10, 4, 30, -23] [-3, 45, 5, -104] [0, 0, 0, 0] [41, -99, 31, 13] [27, -6, 0, 6] [1, 0, 20, 6]
[-17, -24, 4, -4] [15, -3, -18, -9] [-11, -12, -44, -44] [53, 22, -124, 28] [14, -6, -27, 32] [-4, 11, -2, 25] [-36, -72, -15, 36]
[20, 23, 11, 5] [-26, 2, -15, 4] [32, -14, 22, -7] [-8, 6, -26, -4] [3, 0, -27, -8] [2, -12, -23, 5] [45, 2, 11, 10]
[-22, -17, 13, 1] [-8, -1, -49, -6] [-10, 5, 29, -4] [-16, 12, -41, -15] [39, 11, -10, 30] [41, -21, -39, 22] [-14, 7, 28, 0]
Food (up, right, down, left):
[14, 13, -3, 27] [-8, 21, -7, -15] [27, -20, 24, 8] [-14, -4, 52, 12] [-2, -3, 47, -17] [-10, -15, -21, -20] [-50, 7, 9, -16]
[-64, 6, -44, -10] [-4, -7, -36, -1] [6, 21, 21, 30] [-19, 19, -48, 25] [18, 9, -2, -50] [57, 3, -43, 25] [16, -10, 30, 22]
[-21, 4, 34, -42] [14, 5, -17, 30] [-63, -33, -39, 21] [42, -36, 31, 14] [-13, -10, -36, -25] [5, 22, -45, -28] [44, 28, 10, 8]
[6, 20, 0, 43] [-12, -6, -28, 32] [-2, 6, -29, -19] [0, 0, 0, 0] [-10, 64, -40, -12] [11, -29, -39, -24] [-20, 43, -16, 18]
[3, 11, -17, 22] [5, 28, 10, 38] [31, -6, 39, 24] [-16, -51, 22, -21] [10, 2, 15, -21] [1, 42, 20, 20] [-16, -15, 8, -7]
[0, -32, -13, 7] [9, 11, 16, -9] [13, 10, 6, 33] [-27, -29, 54, -18] [-38, -35, 5, -67] [-24, 68, 18, 11] [0, 36, 1, 32]
[7, 1, -22, -12] [5, 8, 9, -57] [30, 14, 9, -14] [-7, 14, 20, -36] [56, 34, 1, -20] [29, 30, 16, 2] [11, -19, 24, -17]
------------------------------
ALIVE
Head: (6 15)
Body: (6 15) (5 15) (4 15) (3 15) (2 15) (1 15) (25 15) (25 14) (1 14) 
Length: 9, 4
Vision: 3
Hungry, suplies: 6/10
Reproductive: 16, mutating: 0.25
Generation: 49948
####################################
Wall (up, right, down, left):
[3, 2, 17, -9] [-3, 8, 18, -17] [-25, 4, 5, -25] [9, -5, 23, 0] [-15, 19, 20, 1] [18, 3, -9, -5] [2, -21, -2, -7]
[-42, -14, 5, -21] [0, 10, -11, -9] [-37, -4, 16, 1] [-35, 14, 14, 23] [38, 10, -2, -10] [-23, -19, 1, -14] [-18, 3, 4, 14]
[-6, 2, 22, 14] [-7, 20, -12, -4] [-9, -5, 49, -22] [-79, 22, 55, 3] [-40, -44, -18, 40] [-19, -18, -1, -1] [-35, -14, -24, 2]
[3, 43, -5, -40] [10, 4, 30, -23] [-3, 45, 5, -104] [0, 0, 0, 0] [41, -106, 31, 10] [27, -6, 0, 6] [1, -1, 20, 6]
[-13, -28, 4, -4] [15, -3, -18, -13] [-11, -12, -44, -44] [53, 22, -124, 28] [14, -6, -27, 32] [-3, 11, -2, 25] [-35, -72, -15, 36]
[20, 23, 12, 5] [-26, 2, -15, 4] [32, -14, 22, -7] [-8, 6, -26, -4] [0, -4, -32, -8] [2, -12, -20, 5] [45, 6, 11, 10]
[-20, -17, 13, 1] [-3, -1, -49, -6] [-10, 6, 29, -4] [-11, 13, -41, -15] [39, 11, -10, 30] [41, -21, -39, 22] [-14, 7, 28, 0]
Food (up, right, down, left):
[14, 13, -3, 17] [-8, 21, -7, -18] [26, -20, 24, 13] [-14, -4, 52, 15] [-2, -3, 52, -17] [-10, -20, -21, -20] [-50, 7, 9, -16]
[-68, 7, -44, -10] [-4, -7, -36, -1] [6, 21, 21, 30] [-19, 19, -48, 25] [18, 9, -2, -50] [57, 3, -43, 25] [16, -10, 25, 22]
[-21, 7, 34, -42] [14, 5, -17, 30] [-61, -33, -39, 21] [42, -36, 31, 14] [-13, -10, -36, -25] [5, 22, -45, -28] [44, 28, 10, 11]
[6, 21, 0, 43] [-12, -6, -28, 32] [-2, 6, -29, -19] [0, 0, 0, 0] [-13, 56, -40, -10] [11, -29, -39, -24] [-20, 43, -19, 18]
[3, 11, -12, 22] [8, 28, 10, 38] [31, -6, 39, 24] [-16, -51, 26, -24] [10, 2, 15, -21] [1, 38, 20, 20] [-16, -15, 8, -7]
[0, -32, -11, 7] [9, 11, 16, -9] [13, 10, 6, 33] [-27, -29, 54, -18] [-41, -35, 5, -69] [-24, 68, 18, 17] [0, 36, 3, 32]
[7, -4, -22, -13] [5, 8, 9, -53] [30, 14, 8, -14] [-12, 14, 16, -36] [56, 34, 1, -20] [29, 33, 16, 2] [11, -19, 24, -17]
------------------------------
ALIVE
Head: (12 23)
Body: (12 23) (11 23) (11 22) (10 22) (9 22) (8 22) (8 21) (7 21) (6 21) 
Length: 9, 4
Vision: 3
Hungry, suplies: 9/10
Reproductive: 16, mutating: 0.25
Generation: 49936
####################################
