Wall (up, right, down, left):
[4, -10, -24, 0] [3, 4, 0, 3] [-2, 2, 13, -14] [15, 13, 1, 13] [-6, 20, 8, -20] [-6, 1, 6, -14] [-15, -5, 4, -5]
[8, 0, 6, -7] [8, 13, -1, -3] [-12, -1, 5, 9] [-24, 12, 2, 17] [17, 2, 3, 1] [-12, 2, 11, 0] [-14, -11, 13, 2]
[-7, 15, 20, -4] [-1, 14, -3, 20] [7, 2, 14, -12] [-45, 19, 36, 28] [-30, -24, -23, 14] [2, -23, 2, 34] [-12, 8, 3, 4]
[-2, -4, 1, -28] [6, 8, 5, -16] [2, 22, 9, -80] [0, 0, 0, 0] [14, -73, 8, 5] [22, -6, -4, 16] [12, -7, 7, 0]
[-25, -9, -11, -14] [9, 24, -6, 7] [-4, 13, -15, 2] [19, 8, -45, 14] [2, -3, -7, 33] [17, 7, -12, 23] [4, -19, 16, -2]
[8, 22, -12, 6] [-11, -4, -7, -18] [13, 6, 7, -4] [-2, -9, -20, 3] [16, 4, 0, 11] [23, 1, -1, -1] [22, 3, -2, 6]
[-7, -20, -8, -17] [8, -5, -13, -12] [-19, -6, 4, -3] [-1, 21, -13, -1] [28, 16, 13, 2] [27, 2, -7, -4] [16, 5, 1, -8]
Food (up, right, down, left):
[29, 15, -11, 26] [-11, 6, -11, -11] [3, -6, -14, 7] [-13, -13, 27, 1] [-13, 13, -3, 27] [2, -22, 0, -5] [-20, 9, -5, -24]
[-33, -13, -9, -10] [-2, -8, 5, -1] [4, 11, 10, 34] [-16, 15, -10, 15] [8, -6, 11, -23] [14, -9, -11, 22] [-8, -11, -6, 3]
[-17, 25, -2, -16] [-7, 1, 9, -5] [-24, -32, -19, -1] [19, -28, 10, -20] [-6, -11, 2, -13] [9, -1, -10, -15] [-1, 15, 20, 12]
[-1, -6, 19, 26] [-25, -12, -28, 15] [-2, 16, -16, -19] [0, 0, 0, 0] [-33, 26, -8, 7] [-10, -6, -25, 4] [1, 2, -8, 1]
[9, 10, 0, 8] [2, 5, 7, -1] [7, -9, 27, 4] [-15, -13, 22, -11] [-7, -13, 10, -20] [-10, 34, 17, 2] [7, 7, 6, -37]
[4, 0, 13, 1] [24, -9, 24, 17] [4, 7, -4, 11] [-15, -16, 10, -13] [-18, -7, -6, -12] [-9, 21, -17, 15] [12, 30, -20, 14]
[-4, -6, -15, -18] [17, -6, 11, -7] [6, 7, 6, -3] [-8, -13, 30, -31] [25, 25, -9, 3] [10, 12, 15, 29] [5, -13, 15, -3]
------------------------------
ALIVE
Head: (22 48)
Body: (22 48) (21 48) (21 47) (21 46) (21 45) (22 45) (22 44) (23 44) (-1 44) (0 44) (0 43) 
Length: 11, 4
Vision: 3
Hungry, suplies: 8/10
Reproductive: 16, mutating: 0.25
Generation: 19406
####################################
Wall (up, right, down, left):
[4, -10, -24, 0] [3, 4, 0, 3] [-2, 2, 13, -14] [15, 13, 1, 13] [-6, 20, 8, -20] [-6, 1, 6, -14] [-15, -5, 4, -5]
[8, 0, 6, -7] [8, 13, -1, -3] [-12, -1, 5, 9] [-24, 12, 2, 17] [17, 2, 3, 1] [-12, 2, 11, 0] [-18, -11, 13, 2]
[-7, 15, 20, -4] [-1, 14, -3, 20] [7, 2, 14, -12] [-45, 19, 36, 28] [-30, -24, -23, 14] [2, -23, 2, 34] [-12, 8, 3, 4]
[-2, -4, 1, -28] [6, 8, 5, -16] [2, 22, 9, -80] [0, 0, 0, 0] [14, -73, 8, 5] [22, -6, -4, 16] [12, -7, 7, 0]
[-25, -9, -11, -14] [9, 24, -6, 7] [-4, 13, -15, 2] [19, 8, -45, 14] [2, -3, -7, 33] [17, 7, -12, 23] [4, -19, 16, -2]
[8, 22, -12, 6] [-11, -4, -7, -18] [13, 6, 7, -4] [-2, -9, -20, 3] [16, 4, 0, 11] [23, 1, -1, -1] [22, 3, -2, 6]
[-7, -20, -8, -17] [8, -5, -13, -12] [-19, -6, 4, -3] [-1, 21, -13, -1] [28, 16, 13, 2] [27, 2, -7, -4] [16, 5, 1, -8]
Food (up, right, down, left):
[29, 15, -11, 26] [-11, 6, -11, -11] [3, -6, -14, 7] [-13, -13, 27, 1] [-13, 13, -3, 27] [2, -22, 0, -5] [-20, 9, -5, -24]
[-33, -13, -9, -10] [-2, -8, 5, -1] [4, 11, 10, 34] [-16, 15, -10, 15] [8, -6, 11, -23] [14, -9, -11, 22] [-8, -14, -6, 3]
[-17, 25, -2, -16] [-7, 1, 9, -5] [-24, -32, -19, -1] [19, -28, 10, -20] [-6, -11, 2, -13] [9, -1, -10, -15] [-1, 15, 20, 12]
[-1, -6, 19, 26] [-25, -12, -28, 15] [-2, 16, -16, -19] [0, 0, 0, 0] [-33, 26, -8, 7] [-10, -6, -25, 4] [1, 2, -8, 1]
[9, 10, 0, 8] [2, 5, 7, -1] [7, -9, 27, 4] [-15, -13, 22, -11] [-7, -13, 10, -20] [-10, 34, 17, 2] [7, 7, 6, -37]
[4, 0, 13, 1] [24, -9, 24, 17] [4, 7, -4, 11] [-15, -16, 10, -13] [-18, -7, -6, -12] [-9, 21, -17, 15] [12, 30, -20, 14]
[-4, -6, -15, -18] [17, -6, 11, -7] [6, 7, 6, -3] [-8, -13, 30, -31] [25, 25, -9, 3] [10, 12, 15, 29] [5, -13, 15, -3]
------------------------------
ALIVE
Head: (14 27)
Body: (14 27) (13 27) (13 26) (13 25) (14 25) (14 24) (14 23) (14 22) (13 22) 
Length: 9, 4
Vision: 3
Hungry, suplies: 9/10
Reproductive: 16, mutating: 0.25
Generation: 19406
####################################
Wall (up, right, down, left):
[4, -10, -24, 0] [3, 4, 0, 3] [-2, 2, 8, -13] [14, 13, 3, 10] [-6, 20, 8, -20] [-6, 1, 6, -14] [-15, -5, 4, -2]
[8, 0, 6, -7] [8, 13, -1, -3] [-12, -1, 5, 9] [-24, 14, 2, 17] [17, 2, 3, 0] [-12, 2, 11, 0] [-14, -11, 13, 2]
[-7, 11, 20, -4] [-1, 14, -3, 20] [7, 2, 14, -12] [-45, 19, 36, 28] [-30, -24, -23, 14] [2, -23, 2, 34] [-12, 8, 3, 4]
[-2, -4, 1, -28] [6, 8, 5, -16] [2, 22, 9, -80] [0, 0, 0, 0] [14, -73, 8, 5] [22, -6, -8, 16] [12, -7, 9, 0]
[-25, -9, -11, -14] [9, 24, -6, 7] [-4, 13, -15, 2] [19, 8, -46, 14] [2, -3, -7, 33] [17, 7, -12, 23] [4, -17, 16, -1]
[8, 22, -12, 6] [-11, -3, -7, -18] [13, 6, 7, -4] [-2, -9, -20, 3] [16, 4, 0, 11] [23, 1, -1, -1] [22, 3, -2, 6]
[-7, -20, -3, -17] [13, -5, -13, -12] [-19, -6, 4, -3] [-1, 21, -16, -1] [28, 16, 13, 2] [27, 2, -7, 1] [16, 5, -3, -8]
Food (up, right, down, left):
[29, 15, -11, 26] [-11, 6, -11, -11] [3, -8, -19, 7] [-8, -12, 27, 1] [-13, 13, -3, 27] [2, -22, 0, -5] [-20, 9, -5, -24]
[-33, -13, -9, -10] [-2, -8, 5, -1] [4, 11, 10, 34] [-16, 15, -10, 15] [8, -5, 11, -23] [14, -9, -11, 22] [-8, -11, -6, 3]
[-17, 25, 1, -16] [-7, 1, 9, -5] [-24, -32, -19, -1] [19, -28, 10, -20] [-6, -11, 2, -13] [9, -1, -15, -15] [-1, 15, 20, 12]
[-1, -6, 19, 26] [-25, -12, -28, 15] [-2, 16, -16, -19] [0, 0, 0, 0] [-33, 26, -8, 7] [-7, -6, -25, 4] [3, 2, -8, 1]
[9, 10, 0, 8] [2, 5, 7, -1] [7, -9, 27, 4] [-15, -13, 22, -12] [-7, -13, 10, -20] [-10, 34, 17, 2] [7, 2, 6, -38]
[4, 0, 13, 1] [24, -9, 25, 17] [4, 7, -4, 11] [-15, -16, 10, -13] [-18, -7, -6, -12] [-9, 21, -17, 15] [12, 30, -20, 14]
[-4, -6, -12, -18] [17, -6, 7, -7] [6, 7, 6, -3] [-8, -13, 35, -31] [25, 25, -9, 3] [10, 12, 15, 25] [1, -13, 15, -3]
------------------------------
ALIVE
Head: (16 7)
Body: (16 7) (15 7) (15 6) (15 5) (15 4) (14 4) (13 4) (13 3) (13 2) (13 1) (13 0) (12 0) (11 0) (10 0) 
Length: 14, 4
Vision: 3
Hungry, suplies: 7/10
Reproductive: 16, mutating: 0.25
Generation: 19399
####################################
Wall (up, right, down, left):
[4, -10, -24, 0] [3, 4, 0, 3] [-2, 2, 8, -13] [14, 13, 3, 10] [-6, 20, 8, -20] [-6, 1, 6, -14] [-15, -5, 4, -2]
[8, 0, 6, -7] [8, 13, -1, -3] [-12, -1, 5, 9] [-24, 14, 2, 17] [17, 2, 3, 0] [-12, 2, 11, 0] [-14, -11, 13, 2]
[-7, 11, 20, -4] [-1, 14, -3, 20] [7, 2, 14, -12] [-45, 19, 36, 28] [-30, -24, -23, 14] [2, -23, 2, 34] [-10, 8, 3, 4]
[-2, -4, 1, -28] [6, 8, 5, -16] [2, 22, 9, -80] [0, 0, 0, 0] [14, -73, 8, 5] [22, -6, -8, 16] [12, -7, 9, 0]
[-25, -9, -11, -14] [9, 24, -6, 7] [-4, 13, -15, 2] [19, 8, -46, 14] [2, -3, -7, 38] [17, 7, -12, 23] [4, -19, 16, -6]
[8, 22, -12, 6] [-11, -4, -7, -18] [13, 6, 7, -4] [-2, -9, -20, 3] [16, 4, 0, 11] [23, 1, -1, -1] [22, 3, -2, 6]
[-7, -20, -3, -17] [13, -5, -13, -12] [-19, -6, 4, -3] [-1, 21, -13, -1] [28, 16, 13, 2] [27, 2, -7, 1] [16, 5, -3, -8]
Food (up, right, down, left):
[29, 15, -11, 26] [-11, 6, -11, -11] [3, -8, -19, 7] [-8, -12, 27, 1] [-13, 13, -3, 27] [2, -22, 0, -5] [-20, 9, -5, -24]
[-33, -13, -9, -10] [-2, -8, 5, -1] [4, 11, 10, 34] [-16, 15, -10, 15] [8, -5, 11, -23] [14, -9, -11, 22] [-8, -11, -6, 3]
[-17, 25, 1, -16] [-7, 1, 9, -5] [-24, -32, -19, -1] [19, -28, 10, -20] [-6, -11, 2, -13] [9, -1, -15, -15] [4, 15, 20, 12]
[-1, -6, 19, 26] [-25, -12, -28, 15] [-2, 16, -16, -19] [0, 0, 0, 0] [-33, 26, -8, 7] [-7, -6, -25, 4] [3, 2, -8, 1]
[9, 10, 0, 8] [2, 5, 7, -1] [7, -9, 27, 4] [-15, -13, 22, -12] [-7, -16, 10, -20] [-10, 34, 17, 2] [7, 2, 11, -37]
[4, 0, 13, 1] [24, -9, 24, 17] [4, 7, -4, 11] [-15, -16, 10, -13] [-18, -7, -6, -12] [-9, 21, -17, 15] [12, 30, -20, 14]
[-4, -6, -12, -18] [17, -6, 7, -7] [6, 7, 6, -3] [-8, -13, 30, -31] [25, 25, -9, 3] [10, 12, 15, 25] [1, -13, 15, -3]
------------------------------
ALIVE
Head: (3 42)
Body: (3 42) (4 42) (4 41) (3 41) (3 40) (3 39) (3 38) (2 38) (1 38) 
Length: 9, 4
Vision: 3
Hungry, suplies: 2/10
Reproductive: 16, mutating: 0.25
Generation: 19397
####################################
Wall (up, right, down, left):
[4, -10, -24, 0] [3, 4, 0, 3] [-2, 2, 8, -13] [14, 13, 3, 10] [-6, 20, 8, -20] [-6, 1, 6, -11] [-15, -5, 4, -2]
[8, 0, 6, -7] [8, 13, -1, -3] [-12, -1, 5, 9] [-24, 14, 2, 17] [17, 2, 3, 0] [-12, 2, 11, 0] [-14, -11, 13, 2]
[-7, 11, 20, -4] [-1, 14, -3, 20] [7, 2, 14, -12] [-45, 19, 36, 28] [-30, -24, -23, 14] [2, -23, 2, 34] [-10, 8, 3, 4]
[-2, -4, 1, -28] [6, 8, 5, -16] [2, 22, 9, -80] [0, 0, 0, 0] [14, -73, 8, 5] [22, -6, -8, 16] [12, -7, 9, 0]
[-25, -9, -11, -14] [9, 24, -6, 7] [-4, 13, -15, 2] [19, 8, -46, 14] [2, -3, -7, 38] [17, 7, -12, 23] [4, -19, 16, -6]
[8, 22, -12, 6] [-11, -4, -7, -18] [13, 6, 7, -4] [-2, -12, -20, 3] [16, 4, 0, 11] [23, 1, -1, -1] [22, 3, -2, 6]
[-7, -20, -3, -17] [13, -5, -13, -12] [-19, -6, 4, -3] [-1, 21, -13, -1] [28, 16, 13, 2] [27, 2, -7, 1] [16, 5, -3, -8]
Food (up, right, down, left):
[29, 15, -11, 26] [-11, 6, -11, -11] [3, -8, -19, 7] [-8, -12, 27, 1] [-13, 13, -3, 27] [2, -20, 0, -5] [-20, 9, -5, -24]
[-33, -13, -9, -10] [-2, -8, 5, -1] [4, 11, 10, 34] [-16, 15, -10, 15] [8, -5, 11, -23] [14, -9, -11, 22] [-8, -11, -6, 3]
[-17, 25, 1, -16] [-7, 1, 9, -5] [-24, -32, -19, -1] [19, -28, 10, -20] [-6, -11, 2, -13] [9, -1, -15, -15] [4, 15, 20, 12]
[-1, -6, 19, 26] [-25, -12, -28, 15] [-2, 16, -16, -19] [0, 0, 0, 0] [-33, 26, -8, 7] [-7, -6, -25, 4] [3, 2, -8, 1]
[9, 10, 0, 8] [2, 5, 7, -1] [7, -9, 27, 4] [-15, -13, 22, -12] [-7, -16, 10, -20] [-10, 34, 17, 2] [7, 2, 11, -37]
[4, 0, 13, 1] [24, -9, 24, 17] [4, 7, -4, 11] [-19, -16, 10, -13] [-18, -7, -6, -12] [-9, 21, -17, 15] [12, 30, -20, 14]
[-4, -6, -12, -18] [17, -6, 7, -7] [6, 7, 6, -3] [-8, -13, 30, -31] [25, 25, -9, 3] [10, 12, 15, 25] [1, -13, 15, -3]
------------------------------
ALIVE
Head: (18 56)
Body: (18 56) (19 -1) (19 0) (19 1) (20 1) (21 1) (22 1) (23 1) (23 2) (23 3) (24 3) (-1 4) (0 4) (1 4) 
Length: 14, 4
Vision: 3
Hungry, suplies: 6/10
Reproductive: 16, mutating: 0.25
Generation: 19400
####################################
Wall (up, right, down, left):
[4, -10, -24, 0] [3, 4, 0, 3] [-2, 2, 13, -14] [15, 13, 1, 13] [-6, 20, 8, -20] [-6, 1, 6, -14] [-15, -5, 4, -5]
[8, 0, 6, -7] [8, 13, -1, -3] [-12, -1, 5, 9] [-24, 12, 2, 17] [17, 2, 3, 1] [-12, 2, 11, 0] [-14, -11, 13, 2]
[-7, 15, 20, -4] [-1, 14, -3, 20] [7, 2, 14, -12] [-45, 19, 36, 28] [-30, -24, -23, 14] [2, -23, 2, 34] [-12, 8, 3, 4]
[-2, -4, 1, -28] [6, 8, 5, -16] [2, 22, 9, -80] [0, 0, 0, 0] [14, -73, 8, 5] [22, -6, -4, 16] [12, -7, 7, 0]
[-25, -9, -11, -14] [9, 24, -6, 7] [-4, 13, -15, 2] [19, 8, -45, 14] [2, -3, -7, 33] [17, 7, -12, 23] [4, -19, 16, -2]
[8, 22, -12, 6] [-11, -4, -7, -18] [13, 6, 7, -4] [-2, -9, -20, 3] [16, 4, 0, 11] [23, 1, -1, -1] [22, 3, -2, 6]
[-7, -20, -8, -17] [8, -5, -13, -12] [-19, -6, 4, -3] [-1, 21, -13, -1] [28, 16, 13, 2] [27, 2, -7, -4] [16, 5, 1, -8]
Food (up, right, down, left):
[29, 15, -11, 26] [-11, 6, -11, -11] [3, -6, -14, 7] [-13, -13, 27, 1] [-13, 13, -3, 27] [2, -22, 0, -5] [-20, 9, -5, -24]
[-33, -13, -9, -10] [-2, -8, 5, -1] [4, 11, 10, 34] [-16, 15, -10, 15] [8, -6, 11, -23] [14, -9, -11, 22] [-8, -11, -6, 3]
[-17, 25, -2, -16] [-7, 1, 9, -5] [-24, -32, -19, -1] [19, -28, 10, -20] [-6, -11, 2, -13] [9, -1, -10, -15] [-1, 15, 20, 12]
[-1, -6, 19, 26] [-25, -12, -28, 15] [-2, 16, -16, -19] [0, 0, 0, 0] [-33, 26, -8, 7] [-10, -6, -25, 4] [1, 2, -8, 1]
[9, 10, 0, 8] [2, 5, 7, -1] [7, -9, 27, 4] [-15, -13, 22, -11] [-7, -13, 10, -20] [-10, 34, 17, 2] [7, 7, 6, -37]
[4, 0, 13, 1] [24, -9, 24, 17] [4, 7, -4, 11] [-15, -16, 10, -13] [-18, -7, -6, -12] [-9, 21, -17, 15] [12, 30, -20, 14]
[-4, -6, -15, -18] [17, -6, 11, -7] [6, 7, 6, -3] [-8, -13, 30, -31] [25, 25, -9, 3] [10, 12, 15, 29] [5, -13, 15, -3]
------------------------------
ALIVE
Head: (12 44)
Body: (12 44) (12 45) (13 45) (13 46) (12 46) (11 46) (10 46) (10 45) (10 44) (10 43) (10 42) (11 42) (11 41) (10 41) 
Length: 14, 4
Vision: 3
Hungry, suplies: 7/10
Reproductive: 16, mutating: 0.25
Generation: 19408
####################################
Wall (up, right, down, left):
[4, -10, -24, 0] [3, 4, 0, 3] [-2, 2, 8, -13] [14, 13, 3, 10] [-6, 20, 8, -20] [-6, 1, 6, -14] [-15, -5, 4, -2]
[8, 0, 6, -7] [8, 13, -1, -3] [-12, -1, 5, 9] [-24, 14, 2, 17] [17, 2, 3, 0] [-12, 2, 11, 0] [-14, -11, 13, 2]
[-7, 11, 20, -4] [-1, 14, -3, 20] [7, 2, 14, -12] [-45, 19, 36, 28] [-30, -24, -23, 14] [2, -23, 2, 34] [-12, 8, 3, 4]
[-2, -4, 1, -28] [6, 8, 5, -16] [2, 22, 9, -80] [0, 0, 0, 0] [14, -73, 8, 5] [22, -6, -8, 16] [12, -7, 9, 0]
[-25, -9, -11, -14] [9, 24, -6, 7] [-4, 13, -15, 2] [19, 8, -46, 14] [2, -3, -7, 33] [17, 7, -12, 23] [4, -17, 16, -1]
[8, 22, -12, 6] [-11, -4, -7, -18] [13, 6, 7, -4] [-2, -9, -20, 3] [16, 4, 0, 11] [23, 1, -1, -1] [22, 3, -2, 6]
[-7, -20, -3, -17] [13, -5, -13, -12] [-19, -6, 4, -3] [-1, 21, -13, -1] [28, 16, 13, 2] [27, 2, -7, 1] [16, 5, -3, -8]
Food (up, right, down, left):
[29, 15, -11, 26] [-11, 6, -11, -11] [3, -8, -19, 7] [-8, -12, 27, 1] [-13, 13, -3, 27] [2, -22, 0, -5] [-20, 9, -5, -24]
[-33, -13, -9, -10] [-2, -8, 5, -1] [4, 11, 10, 34] [-16, 15, -10, 15] [8, -5, 11, -23] [14, -9, -11, 22] [-8, -11, -6, 3]
[-17, 25, 1, -16] [-7, 1, 9, -5] [-24, -32, -19, -1] [19, -28, 10, -20] [-6, -11, 2, -13] [9, -1, -15, -15] [-1, 15, 20, 12]
[-1, -6, 19, 26] [-25, -12, -28, 15] [-2, 16, -16, -19] [0, 0, 0, 0] [-33, 26, -8, 7] [-7, -6, -25, 4] [3, 2, -8, 1]
[9, 10, 0, 8] [2, 5, 7, -1] [7, -9, 27, 4] [-15, -13, 22, -12] [-7, -13, 10, -20] [-10, 34, 17, 2] [7, 2, 6, -38]
[4, 0, 13, 1] [24, -9, 24, 17] [4, 7, -4, 11] [-15, -16, 10, -13] [-18, -7, -6, -12] [-9, 21, -17, 15] [12, 30, -20, 14]
[-4, -6, -12, -18] [17, -6, 7, -7] [6, 7, 6, -3] [-8, -13, 30, -31] [25, 25, -9, 3] [10, 12, 15, 25] [1, -13, 15, -3]
------------------------------
ALIVE
Head: (3 53)
Body: (3 53) (2 53) (1 53) (1 52) (2 52) (2 51) (1 51) (0 51) (0 50) (0 49) (25 48) (24 48) 
Length: 12, 4
Vision: 3
Hungry, suplies: 5/10
Reproductive: 16, mutating: 0.25
Generation: 19400
####################################
Wall (up, right, down, left):
[4, -10, -24, 0] [3, 4, 0, 3] [-2, 2, 13, -14] [15, 13, 1, 13] [-6, 20, 8, -20] [-6, 1, 6, -14] [-15, -5, 4, -5]
[8, 0, 6, -7] [8, 13, -1, -3] [-12, -1, 5, 9] [-24, 12, 2, 17] [17, 2, 3, 1] [-12, 2, 11, 0] [-14, -11, 13, 2]
[-7, 15, 20, -4] [-1, 14, -3, 20] [7, 2, 14, -12] [-45, 19, 36, 28] [-30, -24, -23, 14] [2, -23, 2, 34] [-12, 8, 3, 4]
[-2, -4, 1, -28] [6, 8, 5, -16] [2, 22, 9, -80] [0, 0, 0, 0] [14, -73, 8, 5] [22, -6, -4, 16] [12, -7, 7, 0]
[-25, -9, -11, -14] [9, 24, -6, 7] [-4, 13, -15, 2] [19, 8, -45, 14] [2, -3, -7, 33] [17, 7, -12, 23] [4, -19, 16, -2]
[8, 22, -12, 6] [-11, -4, -7, -18] [13, 6, 7, -4] [-2, -9, -20, 3] [16, 4, 0, 11] [23, 1, -1, -1] [22, 3, -2, 6]
[-7, -20, -8, -17] [8, -5, -13, -12] [-19, -6, 4, -3] [-1, 21, -13, -1] [28, 16, 13, 2] [27, 2, -7, -4] [16, 5, 1, -8]
Food (up, right, down, left):
[29, 15, -11, 26] [-11, 6, -11, -11] [3, -6, -14, 7] [-13, -13, 27, 1] [-13, 13, -3, 27] [2, -22, 0, -5] [-20, 9, -5, -24]
[-33, -13, -9, -10] [-2, -8, 5, -1] [4, 11, 10, 34] [-16, 15, -10, 15] [8, -6, 11, -23] [14, -9, -11, 22] [-8, -11, -6, 3]
[-17, 25, -2, -16] [-7, 1, 9, -5] [-24, -32, -19, -1] [19, -28, 10, -20] [-6, -11, 2, -13] [9, -1, -10, -15] [-1, 15, 20, 12]
[-1, -6, 19, 26] [-25, -12, -28, 15] [-2, 16, -16, -19] [0, 0, 0, 0] [-33, 26, -8, 7] [-10, -6, -25, 4] [1, 2, -8, 1]
[9, 10, 0, 8] [2, 5, 7, -1] [7, -9, 27, 4] [-15, -13, 22, -11] [-7, -13, 10, -20] [-10, 34, 17, 2] [7, 7, 6, -37]
[4, 0, 13, 1] [24, -9, 24, 17] [4, 7, -4, 11] [-15, -16, 10, -13] [-18, -7, -6, -12] [-9, 21, -17, 15] [12, 30, -20, 14]
[-4, -6, -15, -18] [17, -6, 11, -7] [6, 7, 6, -3] [-8, -13, 30, -31] [25, 25, -9, 3] [10, 12, 15, 29] [5, -13, 15, -3]
------------------------------
ALIVE
Head: (20 52)
Body: (20 52) (20 51) (20 50) (20 49) (20 48) (20 47) (20 46) (20 45) (19 45) (19 44) (19 43) 
Length: 11, 4
Vision: 3
Hungry, suplies: 8/10
Reproductive: 16, mutating: 0.25
Generation: 19408
####################################
Wall (up, right, down, left):
[4, -10, -24, 0] [3, 4, 0, 3] [-2, 2, 13, -14] [15, 13, 1, 13] [-6, 20, 8, -20] [-6, 1, 6, -14] [-15, -5, 4, -5]
[8, 0, 6, -7] [8, 13, -1, -3] [-12, -1, 5, 9] [-24, 12, 2, 17] [17, 2, 3, 1] [-12, 2, 11, 0] [-18, -11, 13, 2]
[-7, 15, 20, -4] [-1, 14, -3, 20] [7, 2, 14, -12] [-45, 19, 36, 28] [-30, -24, -23, 14] [2, -23, 2, 29] [-12, 8, 3, 4]
[-2, -4, 1, -28] [6, 8, 5, -16] [2, 22, 9, -80] [0, 0, 0, 0] [14, -73, 8, 5] [22, -6, -4, 16] [12, -7, 7, 0]
[-25, -9, -11, -14] [9, 24, -6, 7] [-4, 13, -15, 2] [19, 8, -45, 14] [2, -3, -7, 33] [17, 7, -12, 23] [4, -19, 16, -2]
[8, 22, -12, 6] [-11, -4, -7, -18] [13, 6, 7, -4] [-2, -9, -20, 3] [16, 4, 0, 11] [23, 1, -1, -1] [22, 3, -2, 6]
[-7, -20, -8, -17] [8, -5, -13, -12] [-19, -6, 4, -3] [-1, 21, -13, -1] [28, 16, 13, 2] [27, 2, -7, -4] [16, 5, 1, -8]
Food (up, right, down, left):
[29, 15, -11, 26] [-11, 6, -11, -11] [3, -6, -14, 7] [-13, -13, 27, 1] [-13, 13, -3, 27] [2, -22, 0, -5] [-20, 9, -5, -24]
[-33, -13, -9, -10] [-2, -8, 5, -1] [4, 11, 10, 34] [-16, 15, -10, 15] [8, -6, 11, -23] [14, -9, -11, 22] [-8, -14, -6, 3]
[-17, 25, -2, -16] [-7, 1, 9, -5] [-24, -32, -19, -1] [19, -28, 10, -20] [-6, -11, 2, -13] [9, -1, -10, -13] [-1, 15, 20, 12]
[-1, -6, 19, 26] [-25, -12, -28, 15] [-2, 16, -16, -19] [0, 0, 0, 0] [-33, 26, -8, 7] [-10, -6, -25, 4] [1, 2, -8, 1]
[9, 10, 0, 8] [2, 5, 7, -1] [7, -9, 27, 4] [-15, -13, 22, -11] [-7, -13, 10, -20] [-10, 34, 17, 2] [7, 7, 6, -37]
[4, 0, 13, 1] [24, -9, 24, 17] [4, 7, -4, 11] [-15, -16, 10, -13] [-18, -7, -6, -12] [-9, 21, -17, 15] [12, 30, -20, 14]
[-4, -6, -15, -18] [17, -6, 11, -7] [6, 7, 6, -3] [-8, -13, 30, -31] [25, 25, -9, 3] [10, 12, 15, 29] [5, -13, 15, -3]
------------------------------
ALIVE
Head: (8 53)
Body: (8 53) (8 52) (9 52) (9 51) (9 50) (9 49) (8 49) (7 49) (6 49) (5 49) (5 50) (5 51) (5 52) (4 52) 
Length: 14, 4
Vision: 3
Hungry, suplies: 3/10
Reproductive: 16, mutating: 0.25
Generation: 19407
####################################
Wall (up, right, down, left):
[4, -10, -24, 0] [3, 4, 0, 3] [-2, 2, 8, -13] [14, 13, 3, 10] [-6, 20, 8, -20] [-6, 1, 6, -14] [-15, -5, 4, -2]
[8, 0, 6, -7] [8, 13, -1, -3] [-12, -1, 5, 9] [-24, 14, 2, 17] [17, 2, 3, 0] [-12, 2, 11, 0] [-14, -11, 13, 2]
[-7, 11, 20, -4] [-1, 14, -3, 20] [7, 2, 14, -12] [-45, 19, 36, 28] [-30, -24, -23, 14] [2, -23, 2, 34] [-10, 8, 3, 4]
[-2, -4, 1, -28] [6, 8, 5, -16] [2, 22, 9, -80] [0, 0, 0, 0] [14, -73, 8, 5] [22, -6, -8, 16] [12, -7, 9, 0]
[-25, -9, -11, -14] [9, 24, -6, 7] [-4, 13, -15, 2] [19, 8, -46, 14] [2, -3, -7, 38] [17, 7, -12, 23] [4, -19, 16, -6]
[8, 22, -12, 6] [-11, -4, -7, -18] [13, 6, 7, -4] [-2, -9, -20, 3] [16, 4, 5, 11] [23, 1, -1, -1] [22, 3, -2, 6]
[-7, -20, -3, -17] [13, -5, -13, -12] [-19, -6, 4, -3] [-1, 21, -13, -1] [28, 16, 13, 2] [27, 2, -7, 1] [16, 5, -3, -8]
Food (up, right, down, left):
[29, 15, -11, 26] [-11, 6, -11, -11] [3, -8, -19, 7] [-8, -12, 27, 1] [-13, 13, -3, 27] [2, -22, 0, -5] [-20, 9, -5, -24]
[-33, -13, -9, -10] [-2, -8, 5, -1] [4, 11, 10, 34] [-16, 15, -10, 15] [8, -5, 11, -23] [14, -9, -11, 22] [-8, -11, -6, 3]
[-17, 25, 1, -16] [-7, 1, 9, -5] [-24, -32, -19, -1] [19, -28, 10, -20] [-6, -11, 2, -13] [9, -1, -15, -15] [4, 15, 20, 12]
[-1, -6, 19, 26] [-25, -12, -28, 15] [-2, 16, -16, -19] [0, 0, 0, 0] [-33, 26, -8, 7] [-7, -6, -25, 4] [3, 2, -8, 1]
[9, 10, 0, 8] [2, 5, 7, -1] [7, -9, 27, 4] [-15, -13, 22, -12] [-7, -16, 10, -20] [-10, 34, 17, 2] [7, 2, 11, -37]
[4, 0, 13, 1] [24, -9, 24, 17] [4, 7, -4, 11] [-15, -16, 10, -13] [-14, -7, -6, -12] [-9, 21, -17, 15] [12, 30, -20, 14]
[-4, -6, -12, -18] [17, -6, 7, -7] [6, 7, 6, -3] [-8, -13, 30, -31] [25, 25, -9, 3] [10, 12, 15, 25] [1, -13, 15, -3]
------------------------------
ALIVE
Head: (22 41)
Body: (22 41) (22 40) (22 39) (22 38) (22 37) (22 36) (22 35) (22 34) 
Length: 8, 4
Vision: 3
Hungry, suplies: 9/10
Reproductive: 16, mutating: 0.25
Generation: 19398
####################################
Wall (up, right, down, left):
[4, -10, -24, 0] [3, 4, 0, 3] [-2, 2, 8, -13] [14, 13, 3, 10] [-6, 20, 8, -20] [-6, 1, 6, -14] [-15, -5, 4, -2]
[8, 0, 6, -7] [8, 13, -1, -3] [-12, -1, 5, 9] [-24, 14, 2, 17] [17, 2, 3, 0] [-12, 2, 11, 0] [-14, -11, 13, 2]
[-7, 11, 20, -4] [-1, 14, -3, 20] [7, 2, 14, -12] [-45, 19, 36, 28] [-30, -24, -23, 14] [2, -23, 2, 34] [-12, 8, 3, 4]
[-2, -4, 1, -28] [6, 8, 5, -16] [2, 22, 9, -80] [0, 0, 0, 0] [14, -73, 8, 5] [22, -6, -8, 16] [12, -7, 9, 0]
[-25, -9, -11, -14] [9, 24, -6, 7] [-4, 13, -15, 2] [19, 8, -46, 14] [2, -3, -7, 33] [17, 7, -12, 23] [4, -17, 16, -1]
[8, 22, -12, 6] [-11, -3, -7, -18] [13, 6, 7, -4] [-2, -9, -20, 3] [16, 4, 0, 11] [23, 1, -1, -1] [22, 3, -2, 6]
[-7, -20, -3, -17] [13, -5, -13, -12] [-19, -6, 4, -3] [-1, 21, -16, -1] [28, 16, 13, 2] [27, 2, -7, 1] [16, 5, -3, -8]
Food (up, right, down, left):
[29, 15, -11, 26] [-11, 6, -11, -11] [3, -8, -19, 7] [-8, -12, 27, 1] [-13, 13, -3, 27] [2, -22, 0, -5] [-20, 9, -5, -24]
[-33, -13, -9, -10] [-2, -8, 5, -1] [4, 11, 10, 34] [-16, 15, -10, 15] [8, -5, 11, -23] [14, -9, -11, 22] [-8, -11, -6, 3]
[-17, 25, 1, -16] [-7, 1, 9, -5] [-24, -32, -19, -1] [19, -28, 10, -20] [-6, -11, 2, -13] [9, -1, -15, -15] [-1, 15, 20, 12]
[-1, -6, 19, 26] [-25, -12, -28, 15] [-2, 16, -16, -19] [0, 0, 0, 0] [-33, 26, -8, 7] [-7, -6, -25, 4] [3, 2, -8, 1]
[9, 10, 0, 8] [2, 5, 7, -1] [7, -9, 27, 4] [-15, -13, 22, -12] [-7, -13, 10, -20] [-10, 34, 17, 2] [7, 2, 6, -38]
[4, 0, 13, 1] [24, -9, 25, 17] [4, 7, -4, 11] [-15, -16, 10, -13] [-18, -7, -6, -12] [-9, 21, -17, 15] [12, 30, -20, 14]
[-4, -6, -12, -18] [17, -6, 7, -7] [6, 7, 6, -3] [-8, -13, 35, -31] [25, 25, -9, 3] [10, 12, 15, 25] [1, -13, 15, -3]
------------------------------
ALIVE
Head: (7 55)
Body: (7 55) (7 -1) (7 0) (6 0) (5 0) (4 0) (3 0) (3 1) (2 1) 
Length: 9, 4
Vision: 3
Hungry, suplies: 10/10
Reproductive: 16, mutating: 0.25
Generation: 19400
####################################
Wall (up, right, down, left):
[4, -10, -24, 1] [3, 4, 0, 3] [-2, 2, 13, -14] [15, 13, 1, 13] [-6, 20, 8, -20] [-6, 1, 6, -14] [-15, -5, 4, -5]
[8, 0, 6, -7] [8, 13, -1, -3] [-12, -1, 5, 9] [-24, 12, 2, 17] [17, 2, 3, 1] [-12, 2, 11, 0] [-14, -11, 13, 2]
[-7, 15, 20, -4] [-1, 14, -3, 20] [7, 2, 14, -12] [-45, 19, 36, 28] [-30, -24, -23, 14] [2, -23, 2, 34] [-12, 8, 3, 4]
[-2, -4, 1, -28] [6, 8, 5, -16] [2, 22, 9, -80] [0, 0, 0, 0] [14, -73, 8, 5] [22, -6, -4, 16] [12, -7, 7, 0]
[-25, -9, -11, -14] [9, 24, -6, 7] [-4, 13, -15, 2] [19, 8, -45, 14] [2, -3, -7, 33] [17, 7, -12, 23] [4, -19, 16, -2]
[8, 22, -12, 6] [-11, -4, -7, -18] [13, 6, 7, -4] [-2, -9, -20, 3] [16, 4, 0, 11] [23, 1, -1, -1] [22, 3, -2, 6]
[-7, -20, -8, -17] [8, -5, -13, -12] [-19, -6, 4, -3] [-1, 21, -13, -1] [28, 16, 13, 2] [27, 2, -7, -4] [16, 5, 1, -8]
Food (up, right, down, left):
[29, 19, -11, 26] [-11, 6, -11, -11] [3, -6, -14, 7] [-13, -13, 27, 1] [-13, 13, -3, 27] [2, -22, 0, -5] [-20, 9, -5, -24]
[-33, -13, -9, -10] [-2, -8, 5, -1] [4, 11, 10, 34] [-16, 15, -10, 15] [8, -6, 11, -23] [14, -9, -11, 22] [-8, -11, -6, 3]
[-17, 25, -2, -16] [-7, 1, 9, -5] [-24, -32, -19, -1] [19, -28, 10, -20] [-6, -11, 2, -13] [9, -1, -10, -15] [-1, 15, 20, 12]
[-1, -6, 19, 26] [-25, -12, -28, 15] [-2, 16, -16, -19] [0, 0, 0, 0] [-33, 26, -8, 7] [-10, -6, -25, 4] [1, 2, -8, 1]
[9, 10, 0, 8] [2, 5, 7, -1] [7, -9, 27, 4] [-15, -13, 22, -11] [-7, -13, 10, -20] [-10, 34, 17, 2] [7, 7, 6, -37]
[4, 0, 13, 1] [24, -9, 24, 17] [4, 7, -4, 11] [-15, -16, 10, -13] [-18, -7, -6, -12] [-9, 21, -17, 15] [12, 30, -20, 14]
[-4, -6, -15, -18] [17, -6, 11, -7] [6, 7, 6, -3] [-8, -13, 30, -31] [25, 25, -9, 3] [10, 12, 15, 29] [5, -13, 15, -3]
------------------------------
ALIVE
Head: (11 30)
Body: (11 30) (11 29) (12 29) (12 28) (12 27) (11 27) (11 26) (11 25) (11 24) (11 23) 
Length: 10, 4
Vision: 3
Hungry, suplies: 8/10
Reproductive: 16, mutating: 0.25
Generation: 19408
####################################
Wall (up, right, down, left):
[4, -10, -24, 0] [3, 4, 0, 3] [-2, 2, 8, -13] [14, 13, 3, 10] [-6, 20, 8, -20] [-6, 1, 6, -14] [-15, -5, 4, -2]
[8, 0, 6, -7] [8, 13, -1, -3] [-12, -1, 5, 9] [-24, 14, 2, 17] [17, 2, 3, 0] [-12, 2, 11, 0] [-14, -11, 13, 2]
[-7, 11, 20, -4] [-1, 14, -3, 20] [7, 2, 14, -12] [-49, 19, 36, 28] [-30, -24, -23, 14] [2, -23, 2, 34] [-12, 8, 3, 4]
[-2, -4, 1, -28] [6, 8, 5, -16] [2, 22, 9, -80] [0, 0, 0, 0] [14, -73, 8, 5] [22, -6, -8, 16] [12, -7, 9, 0]
[-25, -9, -11, -14] [9, 24, -6, 7] [-4, 13, -15, 2] [19, 8, -46, 14] [2, -3, -7, 33] [17, 7, -12, 23] [4, -17, 16, -1]
[8, 22, -12, 6] [-11, -4, -7, -18] [13, 6, 7, -4] [-2, -9, -20, 3] [16, 4, 0, 11] [23, 1, -1, -1] [22, 3, -2, 6]
[-7, -20, -3, -17] [13, -5, -13, -12] [-19, -6, 4, -3] [-1, 21, -13, -1] [28, 16, 13, 2] [27, 2, -7, 1] [16, 5, -3, -8]
Food (up, right, down, left):
[29, 15, -11, 26] [-11, 6, -11, -11] [3, -8, -19, 7] [-8, -12, 27, 1] [-13, 13, -3, 27] [2, -22, 0, -5] [-20, 9, -5, -24]
[-33, -13, -9, -10] [-2, -8, 5, -1] [4, 11, 10, 34] [-16, 15, -10, 15] [8, -5, 11, -23] [14, -9, -11, 22] [-8, -11, -6, 3]
[-17, 25, 1, -16] [-7, 1, 9, -5] [-24, -32, -19, -1] [19, -28, 10, -23] [-6, -11, 2, -13] [9, -1, -15, -15] [-1, 15, 20, 12]
[-1, -6, 19, 26] [-25, -12, -28, 15] [-2, 16, -16, -19] [0, 0, 0, 0] [-33, 26, -8, 7] [-7, -6, -25, 4] [3, 2, -8, 1]
[9, 10, 0, 8] [2, 5, 7, -1] [7, -9, 27, 4] [-15, -13, 22, -12] [-7, -13, 10, -20] [-10, 34, 17, 2] [7, 2, 6, -38]
[4, 0, 13, 1] [24, -9, 24, 17] [4, 7, -4, 11] [-15, -16, 10, -13] [-18, -7, -6, -12] [-9, 21, -17, 15] [12, 30, -20, 14]
[-4, -6, -12, -18] [17, -6, 7, -7] [6, 7, 6, -3] [-8, -13, 30, -31] [25, 25, -9, 3] [10, 12, 15, 25] [1, -13, 15, -3]
------------------------------
ALIVE
Head: (21 51)
Body: (21 51) (21 52) (22 52) (22 53) (23 53) (23 54) (23 55) (23 56) (22 56) (21 56) (21 55) (21 54) 
Length: 12, 4
Vision: 3
Hungry, suplies: 10/10
Reproductive: 16, mutating: 0.25
Generation: 19398
####################################
Wall (up, right, down, left):
[4, -10, -24, 0] [3, 4, 0, 3] [-2, 2, 8, -13] [14, 13, 3, 10] [-6, 20, 8, -20] [-6, 1, 6, -14] [-15, -5, 4, -2]
[8, 0, 6, -7] [8, 13, -1, -3] [-12, -1, 5, 9] [-24, 14, 2, 17] [17, 2, 3, 0] [-12, 2, 11, 0] [-14, -11, 13, 2]
[-7, 11, 20, -4] [-1, 14, -3, 20] [7, 2, 14, -12] [-45, 19, 36, 28] [-30, -24, -23, 14] [2, -23, 2, 34] [-10, 8, 3, 4]
[-2, -4, 1, -28] [6, 8, 5, -16] [2, 22, 9, -80] [0, 0, 0, 0] [14, -73, 8, 5] [22, -6, -8, 16] [12, -7, 9, 0]
[-25, -9, -11, -14] [9, 24, -6, 7] [-4, 13, -15, 2] [19, 8, -46, 14] [2, -3, -7, 38] [17, 7, -12, 23] [4, -19, 16, -6]
[8, 22, -12, 6] [-11, -4, -7, -18] [13, 6, 7, -4] [-2, -9, -20, 3] [16, 4, 0, 11] [23, 1, -1, -1] [22, 3, -2, 6]
[-7, -20, -3, -17] [13, -5, -13, -12] [-19, -6, 4, -3] [-1, 21, -13, -1] [28, 16, 13, 2] [27, 2, -7, 1] [16, 5, -3, -8]
Food (up, right, down, left):
[29, 15, -11, 26] [-11, 6, -11, -11] [3, -8, -19, 7] [-8, -12, 27, 1] [-13, 13, -3, 27] [2, -22, 0, -5] [-20, 9, -5, -24]
[-33, -13, -9, -10] [-2, -8, 5, -1] [4, 11, 10, 34] [-16, 15, -10, 15] [8, -5, 11, -23] [14, -9, -11, 22] [-8, -11, -6, 3]
[-17, 25, 1, -16] [-7, 1, 9, -5] [-24, -32, -19, -1] [19, -28, 10, -20] [-6, -11, 2, -13] [9, -1, -15, -15] [4, 15, 20, 12]
[-1, -6, 19, 26] [-25, -12, -28, 15] [-2, 16, -16, -19] [0, 0, 0, 0] [-33, 26, -8, 7] [-7, -6, -25, 4] [3, 2, -8, 1]
[9, 10, 0, 8] [2, 5, 7, -1] [7, -9, 27, 4] [-15, -13, 22, -12] [-7, -16, 10, -20] [-10, 34, 17, 2] [7, 2, 11, -37]
[4, 0, 13, 1] [24, -9, 24, 17] [4, 7, -4, 11] [-15, -16, 10, -13] [-18, -7, -6, -12] [-9, 21, -17, 15] [12, 30, -20, 14]
[-4, -6, -12, -18] [17, -6, 7, -7] [6, 7, 6, -3] [-8, -13, 30, -31] [25, 25, -9, 3] [10, 12, 15, 25] [1, -13, 15, -3]
------------------------------
ALIVE
Head: (12 39)
Body: (12 39) (12 38) (12 37) (12 36) (12 35) (12 34) (11 34) (10 34) (10 35) 
Length: 9, 4
Vision: 3
Hungry, suplies: 7/10
Reproductive: 16, mutating: 0.25
Generation: 19398
####################################
Wall (up, right, down, left):
[4, -10, -24, 0] [3, 4, 0, 3] [-2, 2, 13, -14] [15, 13, 1, 13] [-6, 20, 8, -20] [-6, 1, 6, -14] [-15, -5, 4, -5]
[8, 0, 6, -7] [8, 13, -1, -3] [-12, -1, 5, 9] [-24, 12, 2, 17] [17, 2, 3, 1] [-12, 2, 11, 0] [-14, -11, 13, 2]
[-7, 15, 20, -4] [-1, 14, -3, 20] [7, 2, 14, -12] [-45, 19, 36, 28] [-30, -24, -23, 14] [2, -23, 2, 34] [-12, 8, 3, 4]
[-2, -4, 1, -28] [6, 8, 5, -16] [2, 22, 9, -80] [0, 0, 0, 0] [14, -73, 8, 5] [22, -6, -4, 16] [12, -7, 7, 0]
[-25, -9, -11, -14] [9, 24, -6, 7] [-4, 13, -15, 2] [19, 8, -45, 14] [2, -3, -7, 33] [17, 7, -12, 23] [4, -19, 16, -2]
[8, 22, -12, 6] [-11, -4, -7, -18] [13, 6, 7, -4] [-2, -9, -20, 3] [16, 4, 0, 11] [23, 1, -1, -1] [22, 3, -2, 6]
[-7, -20, -8, -17] [8, -5, -13, -12] [-19, -6, 4, -3] [-1, 21, -13, -1] [28, 16, 13, 2] [27, 2, -7, -4] [16, 5, 1, -8]
Food (up, right, down, left):
[29, 15, -11, 26] [-11, 6, -11, -11] [3, -6, -14, 7] [-13, -13, 27, 1] [-13, 13, -3, 27] [2, -22, 0, -5] [-20, 9, -5, -24]
[-33, -13, -9, -10] [-2, -8, 5, -1] [4, 11, 10, 34] [-16, 15, -10, 15] [8, -6, 11, -23] [14, -9, -11, 22] [-8, -11, -6, 3]
[-17, 25, -2, -16] [-7, 1, 9, -5] [-24, -32, -19, -1] [19, -28, 10, -20] [-6, -11, 2, -13] [9, -1, -10, -15] [-1, 15, 20, 12]
[-1, -6, 19, 26] [-25, -12, -28, 15] [-2, 16, -16, -19] [0, 0, 0, 0] [-33, 26, -8, 7] [-10, -6, -25, 4] [1, 2, -8, 1]
[9, 10, 0, 8] [2, 5, 7, -1] [7, -9, 27, 4] [-15, -13, 22, -11] [-7, -13, 10, -20] [-10, 34, 17, 2] [7, 7, 6, -37]
[4, 0, 13, 1] [24, -9, 24, 17] [4, 7, -4, 11] [-15, -16, 10, -13] [-18, -7, -6, -12] [-9, 21, -17, 15] [12, 30, -20, 14]
[-4, -6, -15, -18] [17, -6, 11, -7] [6, 7, 6, -3] [-8, -13, 30, -31] [25, 25, -9, 3] [10, 12, 15, 29] [5, -13, 15, -3]
------------------------------
ALIVE
Head: (3 24)
Body: (3 24) (3 23) (3 22) (4 22) (4 21) (4 20) (3 20) (2 20) (2 19) (2 18) (2 17) (2 16) (1 16) (25 16) 
Length: 14, 4
Vision: 3
Hungry, suplies: 7/10
Reproductive: 16, mutating: 0.25
Generation: 19409
####################################
Wall (up, right, down, left):
[4, -10, -24, 0] [3, 4, 0, 3] [-2, 2, 13, -14] [15, 13, 1, 13] [-6, 20, 8, -20] [-6, 1, 6, -14] [-15, -5, 4, -5]
[8, 0, 6, -7] [8, 13, -1, -3] [-12, -1, 5, 9] [-24, 12, 2, 17] [17, 2, 3, 1] [-12, 2, 11, 0] [-14, -11, 13, 2]
[-7, 15, 20, -4] [-1, 14, -3, 20] [7, 2, 14, -12] [-45, 19, 36, 28] [-30, -24, -23, 14] [2, -23, 2, 34] [-12, 8, 3, 4]
[-2, -4, 1, -28] [6, 8, 5, -16] [2, 22, 9, -80] [0, 0, 0, 0] [14, -73, 8, 5] [22, -6, -4, 16] [12, -7, 7, 0]
[-25, -9, -11, -14] [9, 24, -6, 7] [-4, 13, -15, 2] [19, 8, -45, 14] [2, -3, -7, 33] [17, 7, -12, 23] [4, -19, 16, -2]
[8, 22, -12, 6] [-11, -4, -7, -18] [13, 6, 7, -4] [-2, -9, -20, 3] [16, 4, 0, 11] [23, 1, -1, -1] [22, 3, -2, 6]
[-7, -20, -8, -17] [8, -5, -13, -12] [-19, -6, 4, -3] [-1, 21, -13, -1] [28, 16, 13, 2] [27, 2, -7, -4] [16, 5, 1, -8]
Food (up, right, down, left):
[29, 15, -11, 26] [-11, 6, -11, -11] [3, -6, -14, 7] [-13, -13, 27, 1] [-13, 13, -3, 27] [2, -22, 0, -5] [-20, 9, -5, -24]
[-33, -13, -9, -10] [-2, -8, 5, -1] [4, 11, 10, 34] [-16, 15, -10, 15] [8, -6, 11, -23] [14, -9, -11, 22] [-8, -11, -6, 3]
[-17, 25, -2, -16] [-7, 1, 9, -5] [-24, -32, -19, -1] [19, -28, 10, -20] [-6, -11, 2, -13] [9, -1, -10, -15] [-1, 15, 20, 12]
[-1, -6, 19, 26] [-25, -12, -28, 15] [-2, 16, -16, -19] [0, 0, 0, 0] [-33, 26, -8, 7] [-10, -6, -25, 4] [1, 2, -8, 1]
[9, 10, 0, 8] [2, 5, 7, -1] [7, -9, 27, 4] [-15, -13, 22, -11] [-7, -13, 10, -20] [-10, 34, 17, 2] [7, 7, 6, -37]
[4, 0, 13, 1] [24, -9, 24, 17] [4, 7, -4, 11] [-15, -16, 10, -13] [-18, -7, -6, -12] [-9, 21, -17, 15] [12, 30, -20, 14]
[-4, -6, -15, -18] [17, -6, 11, -7] [6, 7, 6, -3] [-8, -13, 30, -31] [25, 25, -9, 3] [10, 12, 15, 29] [5, -13, 15, -3]
------------------------------
ALIVE
Head: (19 39)
Body: (19 39) (19 38) (19 37) (19 36) (19 35) (18 35) (18 34) (18 33) (18 32) (18 31) (19 31) 
Length: 11, 4
Vision: 3
Hungry, suplies: 5/10
Reproductive: 16, mutating: 0.25
Generation: 19407
####################################
Wall (up, right, down, left):
[4, -10, -24, 0] [3, 4, 0, 3] [-2, 2, 8, -13] [14, 13, 3, 10] [-6, 20, 8, -20] [-6, 1, 6, -14] [-15, -5, 4, -2]
[8, 0, 6, -7] [8, 8, 1, -3] [-12, -1, 5, 9] [-24, 14, 2, 17] [17, 2, 3, 0] [-12, 2, 11, 0] [-14, -11, 13, 2]
[-7, 11, 20, -4] [-1, 14, -3, 20] [7, 2, 14, -12] [-45, 19, 36, 28] [-30, -24, -23, 14] [2, -23, 2, 34] [-12, 8, 3, 4]
[-2, -4, 1, -28] [6, 8, 5, -16] [2, 22, 9, -80] [0, 0, 0, 0] [14, -73, 8, 5] [22, -6, -8, 16] [12, -7, 9, 0]
[-25, -9, -11, -14] [9, 24, -6, 7] [-4, 13, -15, 2] [19, 8, -46, 14] [2, -3, -7, 33] [17, 7, -12, 23] [4, -17, 16, -1]
[8, 22, -12, 6] [-11, -4, -7, -18] [13, 6, 7, -4] [-2, -9, -20, 3] [16, 4, 0, 11] [23, 1, -1, -1] [22, 3, -2, 6]
[-7, -20, -3, -17] [13, -5, -13, -12] [-19, -6, 4, -3] [-1, 21, -13, -1] [28, 16, 13, 2] [27, 2, -7, 1] [16, 5, -3, -8]
Food (up, right, down, left):
[29, 15, -11, 26] [-11, 6, -11, -11] [3, -8, -19, 7] [-8, -12, 27, 1] [-13, 13, -3, 27] [2, -22, 0, -5] [-20, 9, -5, -24]
[-33, -13, -9, -10] [-2, -11, 5, 0] [4, 11, 10, 34] [-16, 15, -10, 15] [8, -5, 11, -23] [14, -9, -11, 22] [-8, -11, -6, 3]
[-17, 25, 1, -16] [-7, 1, 9, -5] [-24, -32, -19, -1] [19, -28, 10, -20] [-6, -11, 2, -13] [9, -1, -15, -15] [-1, 15, 20, 12]
[-1, -6, 19, 26] [-25, -12, -28, 15] [-2, 16, -16, -19] [0, 0, 0, 0] [-33, 26, -8, 7] [-7, -6, -25, 4] [3, 2, -8, 1]
[9, 10, 0, 8] [2, 5, 7, -1] [7, -9, 27, 4] [-15, -13, 22, -12] [-7, -13, 10, -20] [-10, 34, 17, 2] [7, 2, 6, -38]
[4, 0, 13, 1] [24, -9, 24, 17] [4, 7, -4, 11] [-15, -16, 10, -13] [-18, -7, -6, -12] [-9, 21, -17, 15] [12, 30, -20, 14]
[-4, -6, -12, -18] [17, -6, 7, -7] [6, 7, 6, -3] [-8, -13, 30, -31] [25, 25, -9, 3] [10, 12, 15, 25] [1, -13, 15, -3]
------------------------------
ALIVE
Head: (5 43)
Body: (5 43) (6 43) (7 43) (7 44) (7 45) (6 45) (6 46) (6 47) (7 47) 
Length: 9, 4
Vision: 3
Hungry, suplies: 1/10
Reproductive: 16, mutating: 0.25
Generation: 19399
####################################
Wall (up, right, down, left):
[4, -10, -24, 0] [3, 4, 0, 3] [-2, 2, 8, -13] [14, 13, 3, 10] [-6, 20, 8, -20] [-6, 1, 6, -14] [-15, -5, 4, -2]
[8, 0, 6, -7] [8, 13, -1, -3] [-12, -1, 5, 9] [-24, 14, 2, 17] [17, 2, 3, 0] [-12, 2, 11, 0] [-14, -11, 13, 2]
[-7, 11, 20, -4] [-1, 14, -3, 20] [7, 2, 14, -12] [-45, 19, 36, 28] [-30, -24, -23, 14] [2, -23, 2, 34] [-10, 8, 3, 4]
[-2, -4, 1, -28] [6, 8, 5, -16] [2, 22, 9, -80] [0, 0, 0, 0] [14, -73, 8, 5] [22, -6, -8, 16] [12, -7, 9, 0]
[-25, -9, -11, -14] [9, 24, -6, 7] [-4, 13, -15, 2] [19, 8, -46, 14] [2, -3, -7, 38] [17, 7, -12, 23] [4, -19, 16, -6]
[8, 22, -12, 6] [-11, -4, -7, -18] [13, 6, 7, -4] [-2, -9, -20, 3] [16, 4, 0, 11] [23, 1, -1, -1] [22, 3, -2, 6]
[-7, -20, -3, -17] [13, -5, -13, -12] [-19, -6, 4, -3] [-1, 21, -13, -1] [28, 16, 13, 2] [27, 2, -7, 1] [16, 5, -3, -8]
Food (up, right, down, left):
[29, 15, -11, 26] [-11, 6, -11, -11] [3, -8, -19, 7] [-8, -12, 27, 1] [-13, 13, -3, 27] [2, -22, 0, -5] [-20, 9, -5, -24]
[-33, -13, -9, -10] [-2, -8, 5, -1] [4, 11, 10, 34] [-16, 15, -10, 15] [8, -5, 11, -23] [14, -9, -11, 22] [-8, -11, -6, 3]
[-17, 25, 1, -16] [-7, 1, 9, -5] [-24, -32, -19, -1] [19, -28, 10, -20] [-6, -11, 2, -13] [9, -1, -15, -15] [4, 15, 20, 12]
[-1, -6, 19, 26] [-25, -12, -28, 15] [-2, 16, -16, -19] [0, 0, 0, 0] [-33, 26, -8, 7] [-7, -6, -25, 4] [3, 2, -8, 1]
[9, 10, 0, 8] [2, 5, 7, -1] [7, -9, 27, 4] [-15, -13, 22, -12] [-7, -16, 10, -20] [-10, 34, 17, 2] [7, 2, 11, -37]
[4, 0, 13, 1] [24, -9, 24, 17] [4, 7, -4, 11] [-15, -16, 10, -13] [-18, -7, -6, -12] [-9, 21, -17, 15] [12, 30, -20, 14]
[-4, -6, -12, -18] [17, -6, 7, -7] [6, 7, 6, -3] [-8, -13, 30, -31] [25, 25, -9, 3] [10, 12, 15, 25] [1, -13, 15, -3]
------------------------------
ALIVE
Head: (0 33)
Body: (0 33) (1 33) (2 33) (3 33) (4 33) (5 33) (5 34) (5 35) (4 35) 
Length: 9, 4
Vision: 3
Hungry, suplies: 3/10
Reproductive: 16, mutating: 0.25
Generation: 19398
####################################
Wall (up, right, down, left):
[4, -7, -24, 0] [3, 4, 0, 3] [-2, 2, 8, -13] [14, 13, 3, 10] [-6, 20, 8, -20] [-6, 1, 6, -14] [-15, -5, 4, -2]
[8, 0, 6, -7] [8, 8, 1, -3] [-12, -1, 5, 9] [-24, 14, 2, 17] [17, 2, 3, 0] [-12, 2, 11, 0] [-14, -11, 13, 2]
[-7, 11, 20, -4] [-1, 14, -3, 20] [7, 2, 14, -12] [-45, 19, 36, 28] [-30, -24, -23, 14] [2, -23, 2, 34] [-12, 8, 3, 4]
[-2, -4, 1, -28] [6, 8, 5, -16] [2, 22, 9, -80] [0, 0, 0, 0] [14, -73, 8, 5] [22, -6, -8, 16] [12, -7, 9, 0]
[-25, -9, -11, -14] [9, 24, -6, 7] [-4, 13, -15, 2] [19, 8, -46, 14] [2, -3, -7, 33] [17, 7, -12, 23] [4, -17, 16, -1]
[8, 22, -12, 6] [-11, -4, -7, -18] [13, 6, 7, -4] [-2, -9, -20, 3] [16, 4, 0, 11] [23, 1, -1, -1] [22, 3, -2, 6]
[-7, -20, -3, -17] [13, -5, -13, -12] [-19, -6, 4, -3] [-1, 21, -13, -1] [28, 16, 13, 2] [27, 2, -7, 1] [16, 5, -3, -8]
Food (up, right, down, left):
[29, 15, -11, 30] [-11, 6, -11, -11] [3, -8, -19, 7] [-8, -12, 27, 1] [-13, 13, -3, 27] [2, -22, 0, -5] [-20, 9, -5, -24]
[-33, -13, -9, -10] [-2, -11, 5, 0] [4, 11, 10, 34] [-16, 15, -10, 15] [8, -5, 11, -23] [14, -9, -11, 22] [-8, -11, -6, 3]
[-17, 25, 1, -16] [-7, 1, 9, -5] [-24, -32, -19, -1] [19, -28, 10, -20] [-6, -11, 2, -13] [9, -1, -15, -15] [-1, 15, 20, 12]
[-1, -6, 19, 26] [-25, -12, -28, 15] [-2, 16, -16, -19] [0, 0, 0, 0] [-33, 26, -8, 7] [-7, -6, -25, 4] [3, 2, -8, 1]
[9, 10, 0, 8] [2, 5, 7, -1] [7, -9, 27, 4] [-15, -13, 22, -12] [-7, -13, 10, -20] [-10, 34, 17, 2] [7, 2, 6, -38]
[4, 0, 13, 1] [24, -9, 24, 17] [4, 7, -4, 11] [-15, -16, 10, -13] [-18, -7, -6, -12] [-9, 21, -17, 15] [12, 30, -20, 14]
[-4, -6, -12, -18] [17, -6, 7, -7] [6, 7, 6, -3] [-8, -13, 30, -31] [25, 25, -9, 3] [10, 12, 15, 25] [1, -13, 15, -3]
------------------------------
ALIVE
Head: (4 17)
Body: (4 17) (4 16) (4 15) (4 14) (4 13) (4 12) (4 11) (4 10) (4 9) (4 8) (5 8) (6 8) 
Length: 12, 4
Vision: 3
Hungry, suplies: 4/10
Reproductive: 16, mutating: 0.25
Generation: 19398
####################################
Wall (up, right, down, left):
[4, -10, -24, 0] [3, 4, 0, 3] [-2, 2, 13, -14] [15, 13, 1, 13] [-6, 20, 8, -20] [-6, 1, 6, -14] [-15, -5, 4, -5]
[8, 0, 6, -7] [8, 13, -1, -3] [-12, -1, 5, 9] [-24, 12, 2, 17] [17, 2, 3, 1] [-12, 2, 11, 0] [-14, -11, 13, 2]
[-7, 15, 20, -4] [-1, 14, -3, 20] [7, 2, 14, -12] [-45, 19, 36, 28] [-30, -24, -23, 14] [2, -23, 2, 34] [-12, 8, 3, 4]
[-2, -4, 1, -28] [6, 8, 5, -16] [2, 22, 9, -80] [0, 0, 0, 0] [14, -73, 8, 5] [22, -6, -4, 16] [12, -7, 7, 0]
[-25, -9, -11, -14] [9, 24, -6, 7] [-4, 13, -15, 2] [19, 8, -45, 14] [2, -3, -7, 33] [17, 7, -12, 23] [4, -19, 16, -2]
[8, 22, -12, 6] [-11, -4, -7, -18] [13, 6, 7, -4] [-2, -9, -20, 3] [16, 4, 0, 11] [23, 1, -1, -1] [22, 3, -2, 6]
[-7, -20, -8, -17] [8, -5, -13, -12] [-19, -6, 4, -3] [-1, 21, -13, -1] [28, 16, 13, 2] [27, 2, -7, -4] [16, 5, 1, -8]
Food (up, right, down, left):
[29, 15, -11, 26] [-11, 6, -11, -11] [3, -6, -14, 7] [-13, -13, 27, 1] [-13, 13, -3, 27] [2, -22, 0, -5] [-20, 9, -5, -24]
[-33, -13, -9, -10] [-2, -8, 5, -1] [4, 11, 10, 34] [-16, 15, -10, 15] [8, -6, 11, -23] [14, -9, -11, 22] [-8, -11, -6, 3]
[-17, 25, -2, -16] [-7, 1, 9, -5] [-24, -32, -19, -1] [19, -28, 10, -20] [-6, -11, 2, -13] [9, -1, -10, -15] [-1, 15, 20, 12]
[-1, -6, 19, 26] [-25, -12, -28, 15] [-2, 16, -16, -19] [0, 0, 0, 0] [-33, 26, -8, 7] [-10, -6, -25, 4] [1, 2, -8, 1]
[9, 10, 0, 8] [2, 5, 7, -1] [7, -9, 27, 4] [-15, -13, 22, -11] [-7, -13, 10, -20] [-10, 34, 17, 2] [7, 7, 6, -37]
[4, 0, 13, 1] [24, -9, 24, 17] [4, 7, -4, 11] [-15, -16, 10, -13] [-18, -7, -6, -12] [-9, 21, -17, 15] [12, 30, -20, 14]
[-4, -6, -15, -18] [17, -6, 11, -7] [6, 7, 6, -3] [-8, -13, 30, -31] [25, 25, -9, 3] [10, 12, 15, 29] [5, -13, 15, -3]
------------------------------
ALIVE
Head: (17 38)
Body: (17 38) (17 37) (17 36) (17 35) (17 34) (17 33) (17 32) (17 31) (17 30) (18 30) 
Length: 10, 4
Vision: 3
Hungry, suplies: 6/10
Reproductive: 16, mutating: 0.25
Generation: 19410
####################################
Wall (up, right, down, left):
[4, -10, -24, 0] [3, 4, 0, 3] [-2, 2, 8, -13] [14, 13, 3, 10] [-6, 20, 8, -20] [-6, 1, 6, -14] [-15, -5, 4, -2]
[8, 0, 6, -7] [8, 13, -1, -3] [-12, -1, 5, 9] [-24, 14, 2, 17] [17, 2, 3, 0] [-12, 2, 11, 0] [-14, -11, 13, 2]
[-7, 11, 20, -4] [-1, 14, -3, 20] [7, 2, 14, -12] [-45, 19, 36, 28] [-30, -24, -23, 14] [2, -23, 2, 34] [-12, 8, 3, 4]
[-2, -4, 1, -28] [6, 8, 5, -16] [2, 22, 9, -80] [0, 0, 0, 0] [14, -73, 8, 5] [22, -6, -8, 16] [12, -7, 9, 0]
[-25, -9, -11, -14] [9, 24, -6, 7] [-4, 13, -15, 2] [19, 8, -46, 14] [2, -3, -7, 33] [17, 7, -12, 23] [4, -17, 16, -1]
[8, 22, -12, 6] [-11, -4, -7, -18] [13, 6, 7, -4] [-2, -9, -20, 3] [16, 4, 0, 11] [23, 1, -1, -1] [22, 3, -2, 6]
[-7, -20, -3, -17] [13, -5, -13, -12] [-19, -6, 4, -3] [-1, 21, -13, -1] [28, 16, 13, 2] [27, 2, -7, 1] [16, 5, -3, -8]
Food (up, right, down, left):
[29, 15, -11, 26] [-11, 6, -11, -11] [3, -8, -19, 7] [-8, -12, 27, 1] [-13, 13, -3, 27] [2, -22, 0, -5] [-20, 9, -5, -24]
[-33, -13, -9, -10] [-2, -8, 5, -1] [4, 11, 10, 34] [-16, 15, -10, 15] [8, -5, 11, -23] [14, -9, -11, 22] [-8, -11, -6, 3]
[-17, 25, 1, -16] [-7, 1, 9, -5] [-24, -32, -19, -1] [19, -28, 10, -20] [-6, -11, 2, -13] [9, -1, -15, -15] [-1, 15, 20, 12]
[-1, -6, 19, 26] [-25, -12, -28, 15] [-2, 16, -16, -19] [0, 0, 0, 0] [-33, 26, -8, 7] [-7, -6, -25, 4] [3, 2, -8, 1]
[9, 10, 0, 8] [2, 5, 7, -1] [7, -9, 27, 4] [-15, -13, 22, -12] [-7, -13, 10, -20] [-10, 34, 17, 2] [7, 2, 6, -38]
[4, 0, 13, 1] [24, -9, 24, 17] [4, 7, -4, 11] [-15, -16, 10, -13] [-18, -7, -6, -12] [-9, 21, -17, 15] [12, 30, -20, 14]
[-4, -6, -12, -18] [17, -6, 7, -7] [6, 7, 6, -3] [-8, -13, 30, -31] [25, 25, -9, 3] [10, 12, 15, 25] [1, -13, 15, -3]
------------------------------
ALIVE
Head: (19 53)
Body: (19 53) (19 52) (19 51) (19 50) (18 50) (18 49) (18 48) (18 47) (18 46) (18 45) (18 44) (17 44) 
Length: 12, 4
Vision: 3
Hungry, suplies: 6/10
Reproductive: 16, mutating: 0.25
Generation: 19401
####################################
Wall (up, right, down, left):
[4, -10, -24, 0] [3, 4, 0, 3] [-2, 2, 13, -14] [15, 13, 1, 13] [-6, 20, 8, -20] [-6, 1, 6, -14] [-15, -5, 4, -5]
[8, 0, 6, -7] [8, 13, -1, -3] [-12, -1, 5, 9] [-24, 12, 2, 17] [17, 2, 3, 1] [-12, 2, 11, 0] [-14, -11, 13, 2]
[-7, 15, 20, -4] [-1, 14, -3, 20] [7, 2, 14, -12] [-45, 19, 36, 28] [-30, -24, -23, 14] [2, -23, 2, 34] [-12, 8, 3, 4]
[-2, -4, 1, -28] [6, 8, 5, -16] [2, 22, 9, -80] [0, 0, 0, 0] [14, -73, 8, 5] [22, -6, -4, 16] [12, -7, 7, 0]
[-25, -9, -11, -14] [9, 24, -6, 7] [-4, 13, -15, 2] [19, 8, -45, 12] [2, -3, -7, 33] [17, 7, -12, 23] [4, -19, 16, -2]
[8, 22, -12, 6] [-11, -4, -7, -18] [13, 6, 7, -4] [-2, -9, -20, 3] [16, 4, 0, 11] [23, 1, -1, -1] [22, 3, -2, 6]
[-7, -20, -8, -17] [8, -5, -13, -12] [-19, -6, 4, -3] [-1, 21, -13, -1] [28, 16, 13, 2] [27, 2, -7, -4] [16, 5, 1, -8]
Food (up, right, down, left):
[29, 15, -11, 26] [-11, 6, -11, -11] [3, -6, -14, 7] [-13, -13, 27, 1] [-13, 13, -3, 27] [2, -22, 0, -5] [-20, 9, -5, -24]
[-33, -13, -9, -10] [-2, -8, 5, -1] [4, 11, 10, 34] [-16, 15, -10, 15] [8, -6, 11, -23] [14, -9, -11, 22] [-8, -11, -6, 3]
[-17, 25, -2, -16] [-7, 1, 9, -5] [-24, -32, -19, -1] [19, -28, 10, -20] [-6, -11, 2, -13] [9, -1, -10, -15] [-1, 15, 20, 12]
[-1, -6, 19, 26] [-25, -12, -28, 15] [-2, 16, -16, -19] [0, 0, 0, 0] [-33, 26, -8, 7] [-10, -6, -25, 4] [1, 2, -8, 1]
[9, 10, 0, 8] [2, 5, 7, -1] [7, -9, 27, 4] [-15, -13, 22, -16] [-7, -13, 10, -20] [-10, 34, 17, 2] [7, 7, 6, -37]
[4, 0, 13, 1] [24, -9, 24, 17] [4, 7, -4, 11] [-15, -16, 10, -13] [-18, -7, -6, -12] [-9, 21, -17, 15] [12, 30, -20, 14]
[-4, -6, -15, -18] [17, -6, 11, -7] [6, 7, 6, -3] [-8, -13, 30, -31] [25, 25, -9, 3] [10, 12, 15, 29] [5, -13, 15, -3]
------------------------------
ALIVE
Head: (20 21)
Body: (20 21) (19 21) (18 21) (18 20) (18 19) (18 18) (18 17) (18 16) (18 15) (18 14) (19 14) 
Length: 11, 4
Vision: 3
Hungry, suplies: 6/10
Reproductive: 16, mutating: 0.25
Generation: 19408
####################################
Wall (up, right, down, left):
[4, -10, -24, 0] [3, 4, 0, 3] [-2, 2, 13, -14] [15, 13, 1, 13] [-6, 20, 8, -20] [-6, 1, 6, -14] [-15, -5, 4, -5]
[8, 0, 6, -7] [8, 13, -1, -3] [-12, -1, 5, 9] [-24, 12, 2, 17] [17, 2, 3, 1] [-12, 2, 11, 0] [-14, -11, 13, 2]
[-7, 15, 20, -4] [-1, 14, -3, 20] [7, 2, 14, -12] [-45, 19, 36, 28] [-30, -24, -23, 14] [2, -23, 2, 34] [-12, 8, 3, 4]
[-2, -4, 1, -28] [6, 8, 5, -16] [2, 22, 9, -80] [0, 0, 0, 0] [14, -73, 8, 5] [22, -6, -4, 16] [12, -7, 7, 0]
[-25, -9, -11, -14] [9, 24, -6, 7] [-4, 13, -15, 2] [19, 8, -45, 14] [2, -3, -7, 33] [17, 7, -12, 23] [4, -19, 16, -2]
[8, 22, -12, 6] [-11, -4, -7, -18] [13, 6, 7, -4] [-2, -9, -20, 3] [16, 4, 0, 11] [23, 1, -1, -1] [22, 3, -2, 6]
[-7, -20, -8, -17] [8, -5, -13, -12] [-19, -6, 4, -3] [-1, 21, -13, -1] [28, 16, 13, 2] [27, 2, -7, -4] [16, 5, 1, -8]
Food (up, right, down, left):
[29, 15, -11, 26] [-11, 6, -11, -11] [3, -6, -14, 7] [-13, -13, 27, 1] [-13, 13, -3, 27] [2, -22, 0, -5] [-20, 9, -5, -24]
[-33, -13, -9, -10] [-2, -8, 5, -1] [4, 11, 10, 34] [-16, 15, -10, 15] [8, -6, 11, -23] [14, -9, -11, 22] [-8, -11, -6, 3]
[-17, 25, -2, -16] [-7, 1, 9, -5] [-24, -32, -19, -1] [19, -28, 10, -20] [-6, -11, 2, -13] [9, -1, -10, -15] [-1, 15, 20, 12]
[-1, -6, 19, 26] [-25, -12, -28, 15] [-2, 16, -16, -19] [0, 0, 0, 0] [-33, 26, -8, 7] [-10, -6, -25, 4] [1, 2, -8, 1]
[9, 10, 0, 8] [2, 5, 7, -1] [7, -9, 27, 4] [-15, -13, 22, -11] [-7, -13, 10, -20] [-10, 34, 17, 2] [7, 7, 6, -37]
[4, 0, 13, 1] [24, -9, 24, 17] [4, 7, -4, 11] [-15, -16, 10, -13] [-18, -7, -6, -12] [-9, 21, -17, 15] [12, 30, -20, 14]
[-4, -6, -15, -18] [17, -6, 11, -7] [6, 7, 6, -3] [-8, -13, 30, -31] [25, 25, -9, 3] [10, 12, 15, 29] [5, -13, 15, -3]
------------------------------
ALIVE
Head: (9 31)
Body: (9 31) (9 30) (9 29) (9 28) (9 27) (8 27) (8 26) (8 25) (7 25) (7 24) (7 23) (7 22) 
Length: 12, 4
Vision: 3
Hungry, suplies: 7/10
Reproductive: 16, mutating: 0.25
Generation: 19410
####################################
Wall (up, right, down, left):
[4, -7, -24, 0] [3, 4, 0, 3] [-2, 2, 8, -13] [14, 13, 3, 10] [-6, 20, 8, -20] [-6, 1, 6, -14] [-15, -5, 4, -2]
[8, 0, 6, -7] [8, 8, 1, -3] [-12, -1, 5, 9] [-24, 14, 2, 17] [17, 2, 3, 0] [-12, 2, 11, 0] [-14, -11, 13, 2]
[-7, 11, 20, -4] [-1, 14, -3, 20] [7, 2, 14, -12] [-45, 19, 36, 28] [-30, -24, -23, 14] [2, -23, 2, 34] [-12, 8, 3, 4]
[-2, -4, 1, -28] [6, 8, 5, -16] [2, 22, 9, -80] [0, 0, 0, 0] [14, -73, 8, 5] [22, -6, -8, 16] [12, -7, 9, 0]
[-25, -9, -11, -14] [9, 24, -6, 7] [-4, 13, -15, 2] [19, 8, -46, 14] [2, -3, -7, 33] [17, 7, -12, 23] [4, -17, 16, -1]
[8, 22, -12, 6] [-11, -4, -7, -18] [13, 6, 7, -4] [-2, -9, -20, 3] [16, 4, 0, 11] [23, 1, -1, -1] [22, 3, -2, 6]
[-7, -20, -3, -17] [13, -5, -13, -12] [-19, -6, 4, -3] [-1, 21, -13, -1] [28, 16, 13, -3] [27, 2, -7, 1] [16, 5, -3, -8]
Food (up, right, down, left):
[29, 15, -11, 30] [-11, 6, -11, -11] [3, -8, -19, 7] [-8, -12, 27, 1] [-13, 13, -3, 27] [2, -22, 0, -5] [-20, 9, -5, -24]
[-33, -13, -9, -10] [-2, -11, 5, 0] [4, 11, 10, 34] [-16, 15, -10, 15] [8, -5, 11, -23] [14, -9, -11, 22] [-8, -11, -6, 3]
[-17, 25, 1, -16] [-7, 1, 9, -5] [-24, -32, -19, -1] [19, -28, 10, -20] [-6, -11, 2, -13] [9, -1, -15, -15] [-1, 15, 20, 12]
[-1, -6, 19, 26] [-25, -12, -28, 15] [-2, 16, -16, -19] [0, 0, 0, 0] [-33, 26, -8, 7] [-7, -6, -25, 4] [3, 2, -8, 1]
[9, 10, 0, 8] [2, 5, 7, -1] [7, -9, 27, 4] [-15, -13, 22, -12] [-7, -13, 10, -20] [-10, 34, 17, 2] [7, 2, 6, -38]
[4, 0, 13, 1] [24, -9, 24, 17] [4, 7, -4, 11] [-15, -16, 10, -13] [-18, -7, -6, -12] [-9, 21, -17, 15] [12, 30, -20, 14]
[-4, -6, -12, -18] [17, -6, 7, -7] [6, 7, 6, -3] [-8, -13, 30, -31] [25, 25, -9, 3] [10, 12, 15, 25] [1, -13, 15, -3]
------------------------------
ALIVE
Head: (16 24)
Body: (16 24) (16 23) (16 22) (15 22) (15 21) (15 20) (14 20) (13 20) (13 19) (13 18) (13 17) (12 17) (12 16) (12 15) (13 15) 
Length: 15, 4
Vision: 3
Hungry, suplies: 7/10
Reproductive: 16, mutating: 0.25
Generation: 19399
####################################
Wall (up, right, down, left):
[4, -10, -24, 0] [3, 4, 0, 3] [-2, 2, 8, -13] [14, 13, -2, 10] [-6, 20, 8, -20] [-6, 1, 6, -14] [-15, -5, 4, -2]
[8, 0, 6, -7] [8, 13, -1, -3] [-12, -1, 5, 9] [-24, 14, 2, 17] [17, 2, 3, 0] [-12, 2, 11, 0] [-14, -11, 13, 2]
[-7, 11, 20, -4] [-1, 14, -3, 20] [7, 2, 14, -12] [-45, 19, 36, 28] [-30, -24, -23, 14] [2, -23, 2, 34] [-12, 8, 3, 4]
[-2, -4, 1, -28] [6, 8, 5, -16] [2, 22, 9, -80] [0, 0, 0, 0] [14, -73, 8, 5] [22, -6, -8, 16] [12, -7, 9, 0]
[-25, -9, -11, -14] [9, 24, -6, 7] [-4, 13, -15, 2] [19, 8, -46, 14] [2, -3, -7, 33] [17, 7, -12, 23] [4, -17, 16, -1]
[8, 22, -12, 6] [-11, -4, -7, -18] [13, 6, 7, -4] [-2, -9, -20, 3] [16, 4, 0, 11] [23, 1, -1, -1] [22, 3, -2, 6]
[-7, -20, -3, -17] [13, -5, -13, -12] [-19, -6, 4, -3] [-1, 21, -13, -1] [28, 16, 13, 2] [27, 2, -7, 1] [16, 5, -3, -8]
Food (up, right, down, left):
[29, 15, -11, 26] [-11, 6, -11, -11] [3, -8, -19, 7] [-8, -12, 28, 1] [-13, 13, -3, 27] [2, -22, 0, -5] [-20, 9, -5, -24]
[-33, -13, -9, -10] [-2, -8, 5, -1] [4, 11, 10, 34] [-16, 15, -10, 15] [8, -5, 11, -23] [14, -9, -11, 22] [-8, -11, -6, 3]
[-17, 25, 1, -16] [-7, 1, 9, -5] [-24, -32, -19, -1] [19, -28, 10, -20] [-6, -11, 2, -13] [9, -1, -15, -15] [-1, 15, 20, 12]
[-1, -6, 19, 26] [-25, -12, -28, 15] [-2, 16, -16, -19] [0, 0, 0, 0] [-33, 26, -8, 7] [-7, -6, -25, 4] [3, 2, -8, 1]
[9, 10, 0, 8] [2, 5, 7, -1] [7, -9, 27, 4] [-15, -13, 22, -12] [-7, -13, 10, -20] [-10, 34, 17, 2] [7, 2, 6, -38]
[4, 0, 13, 1] [24, -9, 24, 17] [4, 7, -4, 11] [-15, -16, 10, -13] [-18, -7, -6, -12] [-9, 21, -17, 15] [12, 30, -20, 14]
[-4, -6, -12, -18] [17, -6, 7, -7] [6, 7, 6, -3] [-8, -13, 30, -31] [25, 25, -9, 3] [10, 12, 15, 25] [1, -13, 15, -3]
------------------------------
ALIVE
Head: (14 2)
Body: (14 2) (14 3) (15 3) (15 2) (15 1) (16 1) (16 57) (16 56) (16 55) (17 55) (17 54) (17 53) (17 52) (17 51) (17 50) 
Length: 15, 4
Vision: 3
Hungry, suplies: 9/10
Reproductive: 16, mutating: 0.25
Generation: 19401
####################################
Wall (up, right, down, left):
[4, -10, -24, 0] [3, 4, 0, 3] [-2, 2, 8, -13] [14, 13, 3, 10] [-6, 20, 8, -20] [-6, 1, 6, -14] [-15, -5, 4, -2]
[8, 0, 6, -7] [8, 13, -1, -3] [-12, -1, 5, 9] [-24, 14, 2, 17] [17, 2, 3, 0] [-12, 2, 11, 0] [-14, -11, 13, 2]
[-7, 11, 20, -4] [-1, 14, -3, 20] [7, 2, 14, -12] [-49, 19, 36, 28] [-30, -24, -23, 14] [2, -23, 2, 34] [-12, 8, 3, 4]
[-2, -4, 1, -28] [6, 8, 5, -16] [2, 22, 9, -80] [0, 0, 0, 0] [14, -73, 8, 5] [22, -6, -8, 16] [12, -7, 9, 0]
[-25, -9, -11, -14] [9, 24, -6, 7] [-4, 13, -15, 2] [19, 8, -46, 14] [2, -3, -7, 33] [17, 7, -12, 23] [4, -17, 16, -1]
[8, 22, -12, 6] [-11, -4, -7, -18] [13, 6, 7, -4] [-2, -9, -20, 3] [16, 4, 0, 11] [23, 1, -1, -1] [22, 3, -2, 6]
[-7, -20, -3, -17] [13, -5, -18, -12] [-19, -6, 4, -3] [-1, 21, -13, -1] [28, 16, 13, 2] [27, 2, -7, 1] [16, 5, -3, -8]
Food (up, right, down, left):
[29, 15, -11, 26] [-11, 6, -11, -11] [3, -8, -19, 7] [-8, -12, 27, 1] [-13, 13, -3, 27] [2, -22, 0, -5] [-20, 9, -5, -24]
[-33, -13, -9, -10] [-2, -8, 5, -1] [4, 11, 10, 34] [-16, 15, -10, 15] [8, -5, 11, -23] [14, -9, -11, 22] [-8, -11, -6, 3]
[-17, 25, 1, -16] [-7, 1, 9, -5] [-24, -32, -19, -1] [19, -28, 10, -23] [-6, -11, 2, -13] [9, -1, -15, -15] [-1, 15, 20, 12]
[-1, -6, 19, 26] [-25, -12, -28, 15] [-2, 16, -16, -19] [0, 0, 0, 0] [-33, 26, -8, 7] [-7, -6, -25, 4] [3, 2, -8, 1]
[9, 10, 0, 8] [2, 5, 7, -1] [7, -9, 27, 4] [-15, -13, 22, -12] [-7, -13, 10, -20] [-10, 34, 17, 2] [7, 2, 6, -38]
[4, 0, 13, 1] [24, -9, 24, 17] [4, 7, -4, 11] [-15, -16, 10, -13] [-18, -7, -6, -12] [-9, 21, -17, 15] [12, 30, -20, 14]
[-4, -6, -12, -18] [17, -6, 7, -5] [6, 7, 6, -3] [-8, -13, 30, -31] [25, 25, -9, 3] [10, 12, 15, 25] [1, -13, 15, -3]
------------------------------
ALIVE
Head: (22 7)
Body: (22 7) (21 7) (20 7) (20 6) (19 6) (19 5) (18 5) (18 4) (18 3) 
Length: 9, 4
Vision: 3
Hungry, suplies: 7/10
Reproductive: 16, mutating: 0.25
Generation: 19399
####################################
Wall (up, right, down, left):
[4, -10, -24, 0] [3, 4, 0, 3] [-2, 2, 8, -13] [14, 13, 3, 10] [-6, 20, 8, -20] [-6, 1, 6, -14] [-15, -5, 4, -2]
[8, 0, 6, -7] [8, 13, -1, -3] [-12, -1, 5, 9] [-24, 14, 2, 17] [17, 2, 3, 0] [-12, 2, 11, 0] [-14, -11, 13, 2]
[-7, 11, 20, -4] [-1, 14, -3, 20] [7, 2, 14, -12] [-45, 19, 36, 28] [-30, -24, -23, 14] [2, -23, 2, 34] [-10, 8, 3, 4]
[-2, -4, 1, -28] [6, 8, 5, -16] [2, 22, 9, -80] [0, 0, 0, 0] [14, -73, 8, 5] [22, -6, -8, 16] [12, -7, 9, 0]
[-25, -9, -11, -14] [9, 24, -6, 7] [-4, 13, -15, 2] [19, 8, -46, 14] [2, -3, -7, 38] [17, 7, -12, 23] [4, -19, 16, -6]
[8, 22, -12, 6] [-11, -4, -7, -18] [13, 6, 7, -4] [-2, -9, -20, 3] [16, 4, 0, 11] [23, 1, -1, -1] [22, 3, -2, 6]
[-7, -20, -3, -17] [13, -5, -13, -12] [-19, -6, 4, -3] [-1, 21, -13, -1] [28, 16, 13, 2] [27, 2, -7, 1] [16, 5, -3, -8]
Food (up, right, down, left):
[29, 15, -11, 26] [-11, 6, -11, -11] [3, -8, -19, 7] [-8, -12, 27, 1] [-13, 13, -3, 27] [2, -22, 0, -5] [-20, 9, -5, -24]
[-33, -13, -9, -10] [-2, -8, 5, -1] [4, 11, 10, 34] [-16, 15, -10, 15] [8, -5, 11, -23] [14, -9, -11, 22] [-8, -11, -6, 3]
[-17, 25, 1, -16] [-7, 1, 9, -5] [-24, -32, -19, -1] [19, -28, 10, -20] [-6, -11, 2, -13] [9, -1, -15, -15] [4, 15, 20, 12]
[-1, -6, 19, 26] [-25, -12, -28, 15] [-2, 16, -16, -19] [0, 0, 0, 0] [-33, 26, -8, 7] [-7, -6, -25, 4] [3, 2, -8, 1]
[9, 10, 0, 8] [2, 5, 7, -1] [7, -9, 27, 4] [-15, -13, 22, -12] [-7, -16, 10, -20] [-10, 34, 17, 2] [7, 2, 11, -37]
[4, 0, 13, 1] [24, -9, 24, 17] [4, 7, -4, 11] [-15, -16, 10, -13] [-18, -7, -6, -12] [-9, 21, -17, 15] [12, 30, -20, 14]
[-4, -6, -12, -18] [17, -6, 7, -7] [6, 7, 6, -3] [-8, -13, 30, -31] [25, 25, -9, 3] [10, 12, 15, 25] [1, -13, 15, -3]
------------------------------
ALIVE
Head: (14 40)
Body: (14 40) (14 39) (15 39) (15 38) (15 37) (15 36) (15 35) (15 34) (15 33) (15 32) (15 31) (14 31) 
Length: 12, 4
Vision: 3
Hungry, suplies: 8/10
Reproductive: 16, mutating: 0.25
Generation: 19399
####################################
Wall (up, right, down, left):
[4, -10, -24, 0] [3, 4, 0, 3] [-2, 2, 8, -13] [14, 13, 3, 10] [-6, 20, 8, -20] [-6, 1, 6, -14] [-15, -5, 4, -2]
[8, 0, 6, -7] [8, 13, -1, -3] [-12, -1, 5, 9] [-24, 14, 2, 17] [17, 2, 3, 0] [-12, 2, 11, 0] [-14, -11, 13, 2]
[-7, 11, 20, -4] [-1, 14, -3, 20] [7, 2, 14, -12] [-45, 19, 36, 28] [-30, -24, -23, 14] [2, -23, 2, 34] [-10, 8, 3, 4]
[-2, -4, 1, -28] [6, 8, 5, -16] [2, 22, 9, -80] [0, 0, 0, 0] [14, -73, 8, 5] [22, -6, -8, 16] [12, -7, 9, 0]
[-25, -9, -11, -14] [9, 24, -6, 7] [-4, 13, -15, 2] [19, 8, -46, 14] [2, -3, -7, 38] [17, 7, -12, 23] [4, -19, 16, -6]
[8, 22, -12, 6] [-11, -4, -7, -18] [13, 6, 7, -4] [-2, -9, -20, 3] [16, 4, 0, 11] [23, 1, -1, -1] [22, 3, -2, 6]
[-7, -20, -3, -17] [13, -5, -13, -12] [-19, -6, 4, -3] [-1, 21, -13, -1] [28, 16, 13, 2] [27, 2, -7, 1] [16, 5, -3, -8]
Food (up, right, down, left):
[29, 15, -11, 26] [-11, 6, -11, -11] [3, -8, -19, 7] [-8, -12, 27, 1] [-13, 13, -3, 27] [2, -22, 0, -5] [-20, 9, -5, -24]
[-33, -13, -9, -10] [-2, -8, 5, -1] [4, 11, 10, 34] [-16, 15, -10, 15] [8, -5, 11, -23] [14, -9, -11, 22] [-8, -11, -6, 3]
[-17, 25, 1, -16] [-7, 1, 9, -5] [-24, -32, -19, -1] [19, -28, 10, -20] [-6, -11, 2, -13] [9, -1, -15, -15] [4, 15, 20, 12]
[-1, -6, 19, 26] [-25, -12, -28, 15] [-2, 16, -16, -19] [0, 0, 0, 0] [-33, 26, -8, 7] [-7, -6, -25, 4] [3, 2, -8, 1]
[9, 10, 0, 8] [2, 5, 7, -1] [7, -9, 27, 4] [-15, -13, 22, -12] [-7, -16, 10, -20] [-10, 34, 17, 2] [7, 2, 11, -37]
[4, 0, 13, 1] [24, -9, 24, 17] [4, 7, -4, 11] [-15, -16, 10, -13] [-18, -7, -6, -12] [-9, 21, -17, 15] [12, 30, -20, 14]
[-4, -6, -12, -18] [17, -6, 7, -7] [6, 7, 6, -3] [-8, -13, 30, -31] [25, 25, -9, 3] [10, 12, 15, 25] [1, -13, 15, -3]
------------------------------
ALIVE
Head: (7 40)
Body: (7 40) (7 39) (7 38) (6 38) (6 37) (6 36) (6 35) (6 34) (6 33) (7 33) 
Length: 10, 4
Vision: 3
Hungry, suplies: 5/10
Reproductive: 16, mutating: 0.25
Generation: 19399
####################################
Wall (up, right, down, left):
[4, -10, -24, 0] [3, 4, 0, 3] [-2, 2, 8, -13] [14, 13, 3, 10] [-6, 20, 8, -20] [-6, 1, 6, -14] [-15, -5, 4, -2]
[8, 0, 6, -7] [8, 13, -1, -3] [-12, -1, 5, 9] [-24, 14, 2, 17] [17, 2, 3, 0] [-12, 2, 11, 0] [-14, -11, 13, 2]
[-7, 11, 20, -4] [-1, 14, -3, 20] [7, 2, 14, -12] [-45, 19, 36, 28] [-30, -24, -23, 14] [2, -23, 2, 34] [-10, 8, 3, 4]
[-2, -4, 1, -28] [6, 8, 5, -16] [2, 22, 9, -80] [0, 0, 0, 0] [14, -73, 8, 5] [22, -6, -8, 16] [12, -7, 9, 0]
[-25, -9, -11, -14] [9, 24, -6, 7] [-4, 13, -15, 2] [19, 8, -46, 14] [2, -3, -7, 38] [17, 7, -12, 23] [4, -19, 16, -6]
[8, 22, -12, 6] [-11, -4, -7, -18] [13, 6, 7, -4] [-2, -9, -20, 3] [16, 4, 5, 11] [23, 1, -1, -1] [22, 3, -2, 6]
[-7, -20, -3, -17] [13, -5, -13, -12] [-19, -6, 4, -3] [-1, 21, -13, -1] [28, 16, 13, 2] [27, 2, -7, 1] [16, 5, -3, -8]
Food (up, right, down, left):
[29, 15, -11, 26] [-11, 6, -11, -11] [3, -8, -19, 7] [-8, -12, 27, 1] [-13, 13, -3, 27] [2, -22, 0, -5] [-20, 9, -5, -24]
[-33, -13, -9, -10] [-2, -8, 5, -1] [4, 11, 10, 34] [-16, 15, -10, 15] [8, -5, 11, -23] [14, -9, -11, 22] [-8, -11, -6, 3]
[-17, 25, 1, -16] [-7, 1, 9, -5] [-24, -32, -19, -1] [19, -28, 10, -20] [-6, -11, 2, -13] [9, -1, -15, -15] [4, 15, 20, 12]
[-1, -6, 19, 26] [-25, -12, -28, 15] [-2, 16, -16, -19] [0, 0, 0, 0] [-33, 26, -8, 7] [-7, -6, -25, 4] [3, 2, -8, 1]
[9, 10, 0, 8] [2, 5, 7, -1] [7, -9, 27, 4] [-15, -13, 22, -12] [-7, -16, 10, -20] [-10, 34, 17, 2] [7, 2, 11, -37]
[4, 0, 13, 1] [24, -9, 24, 17] [4, 7, -4, 11] [-15, -16, 10, -13] [-14, -7, -6, -12] [-9, 21, -17, 15] [12, 30, -20, 14]
[-4, -6, -12, -18] [17, -6, 7, -7] [6, 7, 6, -3] [-8, -13, 30, -31] [25, 25, -9, 3] [10, 12, 15, 25] [1, -13, 15, -3]
------------------------------
ALIVE
Head: (2 30)
Body: (2 30) (2 29) (2 28) (3 28) (4 28) (5 28) (5 27) 
Length: 7, 4
Vision: 3
Hungry, suplies: 8/10
Reproductive: 16, mutating: 0.25
Generation: 19399
####################################
Wall (up, right, down, left):
[4, -10, -24, 1] [3, 4, 0, 3] [-2, 2, 13, -14] [15, 13, 1, 13] [-6, 20, 8, -20] [-6, 1, 6, -14] [-15, -5, 4, -5]
[8, 0, 6, -7] [8, 13, -1, -3] [-12, -1, 5, 9] [-24, 12, 2, 17] [17, 2, 3, 1] [-12, 2, 11, 0] [-14, -11, 13, 2]
[-7, 15, 20, -4] [-1, 14, -3, 20] [7, 2, 14, -12] [-45, 19, 36, 28] [-30, -24, -23, 14] [2, -23, 2, 34] [-12, 8, 3, 4]
[-2, -4, 1, -28] [6, 8, 5, -16] [2, 22, 9, -80] [0, 0, 0, 0] [14, -73, 8, 5] [22, -6, -4, 16] [12, -7, 7, 0]
[-25, -9, -11, -14] [9, 24, -6, 7] [-4, 13, -15, 2] [19, 8, -45, 14] [2, -3, -7, 33] [17, 7, -12, 23] [4, -19, 16, -2]
[8, 22, -12, 6] [-11, -4, -7, -18] [13, 6, 7, -4] [-2, -9, -20, 3] [16, 4, 0, 11] [23, 1, -1, -1] [22, 3, -2, 6]
[-7, -20, -8, -17] [8, -5, -13, -12] [-19, -6, 4, -3] [-1, 21, -13, -1] [28, 16, 13, 2] [27, 2, -7, -4] [16, 5, 1, -8]
Food (up, right, down, left):
[29, 19, -11, 26] [-11, 6, -11, -11] [3, -6, -14, 7] [-13, -13, 27, 1] [-13, 13, -3, 27] [2, -22, 0, -5] [-20, 9, -5, -24]
[-33, -13, -9, -10] [-2, -8, 5, -1] [4, 11, 10, 34] [-16, 15, -10, 15] [8, -6, 11, -23] [14, -9, -11, 22] [-8, -11, -6, 3]
[-17, 25, -2, -16] [-7, 1, 9, -5] [-24, -32, -19, -1] [19, -28, 10, -20] [-6, -11, 2, -13] [9, -1, -10, -15] [-1, 15, 20, 12]
[-1, -6, 19, 26] [-25, -12, -28, 15] [-2, 16, -16, -19] [0, 0, 0, 0] [-33, 26, -8, 7] [-10, -6, -25, 4] [1, 2, -8, 1]
[9, 10, 0, 8] [2, 5, 7, -1] [7, -9, 27, 4] [-15, -13, 22, -11] [-7, -13, 10, -20] [-10, 34, 17, 2] [7, 7, 6, -37]
[4, 0, 13, 1] [24, -9, 24, 17] [4, 7, -4, 11] [-15, -16, 10, -13] [-18, -7, -6, -12] [-9, 21, -17, 15] [12, 30, -20, 14]
[-4, -6, -15, -18] [17, -6, 11, -7] [6, 7, 6, -3] [-8, -13, 30, -31] [25, 25, -9, 3] [10, 12, 15, 29] [5, -13, 15, -3]
------------------------------
ALIVE
Head: (6 18)
Body: (6 18) (6 17) (6 16) (6 15) (6 14) (6 13) (5 13) 
Length: 7, 4
Vision: 3
Hungry, suplies: 10/10
Reproductive: 16, mutating: 0.25
Generation: 19409
####################################
Wall (up, right, down, left):
[4, -10, -24, 0] [3, 4, 0, 3] [-2, 2, 13, -14] [15, 13, 1, 13] [-6, 20, 8, -20] [-6, 1, 6, -14] [-15, -5, 4, -5]
[8, 0, 6, -7] [8, 13, -1, -3] [-12, -1, 5, 9] [-24, 12, 2, 17] [17, 2, 3, 1] [-12, 2, 11, 0] [-14, -11, 13, 2]
[-7, 15, 20, -4] [-1, 14, -3, 20] [7, 2, 14, -12] [-45, 19, 36, 28] [-30, -24, -23, 14] [2, -23, 2, 34] [-12, 8, 3, 4]
[-2, -4, 1, -28] [6, 8, 5, -16] [2, 22, 9, -80] [0, 0, 0, 0] [14, -73, 8, 5] [22, -6, -4, 16] [12, -7, 7, 0]
[-25, -9, -11, -14] [9, 24, -6, 7] [-4, 13, -15, 2] [19, 8, -45, 14] [2, -3, -7, 33] [17, 7, -12, 23] [4, -19, 16, -2]
[8, 22, -12, 6] [-11, -4, -7, -18] [13, 6, 7, -4] [-2, -9, -20, 3] [16, 4, 0, 11] [23, 1, -1, -1] [22, 3, -2, 6]
[-7, -20, -8, -17] [8, -5, -13, -12] [-19, -6, 4, -3] [-1, 21, -13, -1] [28, 16, 13, 2] [27, 2, -7, -4] [16, 5, 1, -8]
Food (up, right, down, left):
[29, 15, -11, 26] [-10, 6, -11, -11] [3, -6, -14, 7] [-13, -13, 27, 1] [-13, 13, -3, 27] [2, -22, 0, -5] [-20, 9, -5, -24]
[-33, -13, -9, -10] [-2, -8, 5, -1] [4, 11, 10, 34] [-16, 15, -10, 15] [8, -6, 11, -23] [14, -9, -11, 22] [-8, -11, -6, 3]
[-17, 25, -2, -16] [-7, 1, 9, -5] [-24, -32, -19, -1] [19, -28, 10, -20] [-6, -11, 2, -13] [9, -1, -10, -15] [-1, 15, 20, 12]
[-1, -6, 19, 26] [-25, -12, -28, 15] [-2, 16, -16, -19] [0, 0, 0, 0] [-33, 26, -8, 7] [-10, -6, -25, 4] [1, 2, -8, 1]
[9, 10, 0, 8] [2, 5, 7, -1] [7, -9, 27, 4] [-15, -13, 22, -11] [-7, -13, 10, -20] [-10, 34, 17, 2] [7, 7, 6, -37]
[4, 0, 13, 1] [24, -9, 24, 17] [4, 7, -4, 11] [-15, -16, 10, -13] [-18, -7, -6, -12] [-9, 21, -17, 15] [12, 30, -20, 14]
[-4, -6, -15, -18] [17, -6, 11, -7] [6, 7, 6, -3] [-8, -13, 30, -31] [25, 25, -9, 3] [10, 12, 15, 29] [5, -13, 15, -3]
------------------------------
ALIVE
Head: (17 24)
Body: (17 24) (17 23) (17 22) (17 21) (17 20) (17 19) (17 18) (17 17) (17 16) (16 16) (15 16) (15 17) 
Length: 12, 4
Vision: 3
Hungry, suplies: 4/10
Reproductive: 16, mutating: 0.25
Generation: 19411
####################################
Wall (up, right, down, left):
[4, -10, -24, 0] [3, 4, 0, 3] [-2, 2, 13, -14] [15, 13, 1, 13] [-6, 20, 8, -20] [-6, 1, 6, -14] [-15, -5, 4, -5]
[8, 0, 6, -7] [8, 13, -1, -3] [-12, -1, 5, 9] [-24, 12, 2, 17] [17, 2, 3, 1] [-12, 2, 11, 0] [-18, -11, 13, 2]
[-7, 15, 20, -4] [-1, 14, -3, 20] [7, 2, 14, -12] [-45, 19, 36, 28] [-30, -24, -23, 14] [2, -23, 2, 34] [-12, 8, 3, 4]
[-2, -4, 1, -28] [6, 8, 5, -16] [2, 22, 9, -80] [0, 0, 0, 0] [14, -73, 8, 5] [22, -6, -4, 16] [12, -7, 7, 0]
[-25, -9, -11, -14] [9, 24, -6, 7] [-4, 13, -15, 2] [19, 8, -45, 14] [2, -3, -7, 33] [17, 7, -12, 23] [4, -19, 16, -2]
[8, 22, -12, 6] [-11, -4, -7, -18] [13, 6, 7, -4] [-2, -9, -20, 3] [16, 4, 0, 11] [23, 1, -1, -1] [22, 3, -2, 6]
[-7, -20, -8, -17] [8, -5, -13, -12] [-19, -6, 4, -3] [-1, 21, -13, -1] [28, 16, 13, 2] [27, 2, -7, -4] [16, 5, 1, -8]
Food (up, right, down, left):
[29, 15, -11, 26] [-11, 6, -11, -11] [3, -6, -14, 7] [-13, -13, 27, 1] [-13, 13, -3, 27] [2, -22, 0, -5] [-20, 9, -5, -24]
[-33, -13, -9, -10] [-2, -8, 5, -1] [4, 11, 10, 34] [-16, 15, -10, 15] [8, -6, 11, -23] [14, -9, -11, 22] [-8, -14, -6, 3]
[-17, 25, -2, -16] [-7, 1, 9, -5] [-24, -32, -19, -1] [19, -28, 10, -20] [-6, -11, 2, -13] [9, -1, -10, -15] [-1, 15, 20, 12]
[-1, -6, 19, 26] [-25, -12, -28, 15] [-2, 16, -16, -19] [0, 0, 0, 0] [-33, 26, -8, 7] [-10, -6, -25, 4] [1, 2, -8, 1]
[9, 10, 0, 8] [2, 5, 7, -1] [7, -9, 27, 4] [-15, -13, 22, -11] [-7, -13, 10, -20] [-10, 34, 17, 2] [7, 7, 6, -37]
[4, 0, 13, 1] [24, -9, 24, 17] [4, 7, -4, 11] [-15, -16, 10, -13] [-18, -7, -6, -12] [-9, 21, -17, 15] [12, 30, -20, 14]
[-4, -6, -15, -18] [17, -6, 11, -7] [6, 7, 6, -3] [-8, -13, 30, -31] [25, 25, -9, 3] [10, 12, 15, 29] [5, -13, 15, -3]
------------------------------
ALIVE
Head: (8 17)
Body: (8 17) (8 16) (8 15) (9 15) (10 15) (11 15) (11 16) (11 17) (11 18) (11 19) 
Length: 10, 4
Vision: 3
Hungry, suplies: 9/10
Reproductive: 16, mutating: 0.25
Generation: 19407
####################################
Wall (up, right, down, left):
[4, -10, -24, 0] [3, 4, 0, 3] [-2, 2, 8, -13] [14, 13, 3, 10] [-6, 20, 8, -20] [-6, 1, 6, -14] [-15, -5, 4, -2]
[8, 0, 6, -7] [8, 13, -1, -3] [-12, -1, 5, 9] [-24, 14, 2, 17] [17, 2, 3, 0] [-12, 2, 11, 0] [-14, -11, 13, 2]
[-7, 11, 20, -4] [-1, 14, -3, 20] [7, 2, 14, -12] [-45, 19, 36, 28] [-30, -24, -23, 14] [2, -23, 2, 34] [-12, 8, 3, 4]
[-2, -4, 1, -28] [6, 8, 5, -16] [2, 22, 9, -80] [0, 0, 0, 0] [14, -73, 8, 5] [22, -6, -8, 16] [12, -7, 9, 0]
[-25, -9, -11, -14] [9, 24, -6, 7] [-4, 13, -15, 2] [19, 8, -46, 14] [2, -3, -7, 33] [17, 7, -12, 23] [4, -17, 16, -1]
[8, 22, -12, 6] [-11, -3, -7, -18] [13, 6, 7, -4] [-2, -9, -20, 3] [16, 4, 0, 11] [23, 1, -1, -1] [22, 3, -2, 6]
[-7, -20, -3, -17] [13, -5, -13, -12] [-19, -6, 4, -3] [-1, 21, -16, -1] [28, 16, 13, 2] [27, 2, -7, 1] [16, 5, -3, -8]
Food (up, right, down, left):
[29, 15, -11, 26] [-11, 6, -11, -11] [3, -8, -19, 7] [-8, -12, 27, 1] [-13, 13, -3, 27] [2, -22, 0, -5] [-20, 9, -5, -24]
[-33, -13, -9, -10] [-2, -8, 5, -1] [4, 11, 10, 34] [-16, 15, -10, 15] [8, -5, 11, -23] [14, -9, -11, 22] [-8, -11, -6, 3]
[-17, 25, 1, -16] [-7, 1, 9, -5] [-24, -32, -19, -1] [19, -28, 10, -20] [-6, -11, 2, -13] [9, -1, -15, -15] [-1, 15, 20, 12]
[-1, -6, 19, 26] [-25, -12, -28, 15] [-2, 16, -16, -19] [0, 0, 0, 0] [-33, 26, -8, 7] [-7, -6, -25, 4] [3, 2, -8, 1]
[9, 10, 0, 8] [2, 5, 7, -1] [7, -9, 27, 4] [-15, -13, 22, -12] [-7, -13, 10, -20] [-10, 34, 17, 2] [7, 2, 6, -38]
[4, 0, 13, 1] [24, -9, 25, 17] [4, 7, -4, 11] [-15, -16, 10, -13] [-18, -7, -6, -12] [-9, 21, -17, 15] [12, 30, -20, 14]
[-4, -6, -12, -18] [17, -6, 7, -7] [6, 7, 6, -3] [-8, -13, 35, -31] [25, 25, -9, 3] [10, 12, 15, 25] [1, -13, 15, -3]
------------------------------
ALIVE
Head: (2 56)
Body: (2 56) (2 55) (1 55) (1 54) (0 54) (0 55) (-1 55) (24 56) 
Length: 8, 4
Vision: 3
Hungry, suplies: 8/10
Reproductive: 16, mutating: 0.25
Generation: 19401
####################################
