Wall (up, right, down, left):
[-9, -2, -6, -10] [-3, 9, 2, -28] [-28, -25, -6, -11] [6, 13, 16, 2] [4, 36, 52, 7] [3, -26, -41, -15] [3, -12, -14, -1]
[-35, -5, 27, -17] [39, 25, -4, 3] [-56, 20, 14, 1] [-39, 5, 18, 7] [11, 28, 12, 9] [-31, -15, 0, -16] [-25, -16, 18, -9]
[-12, 40, 33, 34] [-20, 32, -13, -26] [-20, 1, 61, 2] [-105, 24, 51, 5] [-41, -56, -13, 20] [-10, -18, -10, -8] [-2, -19, -30, 2]
[-12, 48, -10, -14] [15, 1, 20, -50] [13, 42, 10, -136] [0, 0, 0, 0] [48, -126, 19, 13] [16, -23, -6, -3] [15, 2, 33, 1]
[-1, -45, 15, 11] [12, -13, -27, -31] [-36, -21, -28, -48] [58, 8, -131, 41] [12, -16, -54, 60] [1, 24, -22, 15] [-11, -71, -25, 30]
[20, 26, 4, -7] [-35, 26, -5, 8] [35, -15, 34, -2] [-10, -3, -8, 2] [-15, -8, -36, -12] [-11, -26, -29, 16] [40, 12, 16, 0]
[-15, 15, 17, -18] [-1, -10, -46, -28] [18, 4, 22, 22] [-18, 14, -61, -26] [26, 15, -14, 36] [39, -1, -29, 27] [3, -4, 36, 4]
Food (up, right, down, left):
[12, 28, -20, 12] [-36, 28, 16, -20] [1, -10, 3, 7] [-13, 6, 56, 8] [20, -22, 56, -1] [9, -28, -8, -30] [-74, 6, 9, -38]
[-101, 19, -38, -21] [3, -34, -37, -11] [-1, 17, 41, 29] [-22, 2, -56, 51] [15, 32, 13, -66] [41, 14, -45, -2] [-6, 1, 22, 65]
[-38, -11, 40, -34] [8, 31, -5, 15] [-32, -41, -36, 42] [70, -43, 18, -3] [-4, -20, -20, -25] [-14, -1, -53, -25] [57, 35, 30, 23]
[10, 35, -4, 47] [-9, -2, -20, 19] [-24, 0, -26, -4] [0, 0, 0, 0] [-5, 50, -60, -2] [-8, -28, -51, -9] [-25, 65, -21, -4]
[17, 10, -23, 39] [19, 33, 4, 45] [31, -21, 23, 26] [7, -57, 56, -8] [-1, 22, 5, -2] [3, 41, 20, 2] [-11, -28, -15, -7]
[14, -44, -25, 10] [17, 17, 5, -11] [16, -14, 33, 38] [-32, -41, 42, -17] [-53, -20, 18, -56] [-27, 41, 50, 21] [-11, 50, 33, 32]
[37, 12, -6, -5] [-15, -3, 30, -77] [32, 22, -4, -16] [7, -7, -11, -16] [79, 36, 22, -31] [-18, 45, -2, 3] [29, -26, 33, -18]
------------------------------
ALIVE
Head: (2 7)
Body: (2 7) (1 7) (1 6) (0 6) (0 7) (0 8) (24 8) (23 8) (23 9) (22 9) 
Length: 10, 4
Vision: 3
Hungry, suplies: 10/10
Reproductive: 16, mutating: 0.25
Generation: 67848
####################################
Wall (up, right, down, left):
[-9, -2, -6, -10] [-3, 9, 2, -28] [-28, -25, -6, -11] [3, 13, 16, 2] [4, 36, 52, 7] [3, -26, -41, -15] [3, -12, -11, -4]
[-40, -5, 27, -17] [39, 25, -4, 3] [-53, 20, 14, 1] [-39, 5, 18, 12] [11, 28, 14, 9] [-31, -15, 0, -16] [-25, -16, 18, -9]
[-12, 40, 33, 34] [-20, 32, -13, -25] [-20, 1, 61, 2] [-105, 24, 51, 1] [-41, -56, -13, 20] [-10, -21, -10, -8] [-2, -19, -25, 2]
[-12, 48, -10, -14] [18, 1, 20, -50] [13, 42, 10, -136] [0, 0, 0, 0] [48, -126, 19, 13] [16, -23, -6, -3] [15, 2, 33, 1]
[-1, -45, 15, 11] [12, -13, -27, -31] [-36, -21, -28, -48] [58, 8, -131, 40] [12, -13, -54, 60] [1, 24, -22, 15] [-11, -71, -25, 30]
[20, 25, 4, -7] [-35, 26, -4, 8] [35, -15, 34, -2] [-10, -3, -8, 2] [-15, -8, -36, -12] [-11, -26, -29, 16] [40, 12, 16, 0]
[-15, 15, 17, -18] [-3, -10, -46, -28] [18, 4, 22, 22] [-18, 14, -61, -26] [26, 17, -14, 36] [39, -1, -29, 27] [3, -4, 36, 4]
Food (up, right, down, left):
[12, 28, -20, 12] [-36, 28, 16, -20] [1, -10, 3, 7] [-13, 6, 56, 6] [20, -22, 56, -1] [9, -28, -8, -30] [-79, 6, 9, -35]
[-101, 18, -38, -21] [3, -34, -37, -11] [-1, 17, 41, 32] [-22, 2, -59, 51] [15, 32, 17, -66] [41, 14, -45, -2] [-6, 1, 22, 65]
[-38, -11, 40, -34] [8, 31, -5, 16] [-32, -41, -36, 42] [70, -43, 16, -3] [-4, -20, -20, -25] [-13, -1, -53, -25] [57, 35, 30, 20]
[10, 35, -4, 47] [-9, -2, -20, 21] [-24, 0, -26, -4] [0, 0, 0, 0] [-5, 50, -60, -2] [-8, -28, -51, -9] [-25, 67, -21, -4]
[17, 10, -23, 39] [19, 33, 4, 45] [31, -21, 23, 26] [4, -57, 56, -8] [-1, 22, 5, -2] [3, 41, 20, 2] [-11, -28, -15, -7]
[14, -44, -22, 10] [17, 17, 5, -11] [16, -14, 33, 38] [-32, -41, 42, -17] [-53, -20, 18, -56] [-27, 41, 50, 21] [-11, 50, 33, 32]
[37, 12, -6, -5] [-15, 1, 30, -77] [32, 22, -4, -16] [7, -7, -11, -16] [79, 36, 22, -31] [-18, 45, -3, 3] [29, -26, 33, -18]
------------------------------
ALIVE
Head: (0 55)
Body: (0 55) (0 54) (25 53) (24 53) (24 54) (23 54) (23 55) (23 -1) (23 0) (-1 0) (0 0) (0 1) (0 2) 
Length: 13, 4
Vision: 3
Hungry, suplies: 8/10
Reproductive: 16, mutating: 0.25
Generation: 67846
####################################
Wall (up, right, down, left):
[-9, -2, -6, -10] [-3, 9, 2, -28] [-28, -25, -6, -11] [6, 13, 16, 2] [4, 36, 52, 7] [3, -26, -41, -15] [3, -12, -14, -1]
[-35, -5, 27, -17] [39, 25, -4, 3] [-56, 20, 14, 1] [-39, 5, 18, 12] [11, 28, 12, 9] [-31, -15, 0, -16] [-25, -16, 18, -9]
[-12, 40, 33, 34] [-20, 32, -13, -26] [-20, 1, 61, 2] [-105, 24, 51, 5] [-41, -56, -13, 20] [-10, -18, -10, -8] [-2, -19, -30, 2]
[-12, 48, -10, -14] [15, 1, 20, -50] [13, 42, 10, -136] [0, 0, 0, 0] [48, -126, 19, 13] [16, -23, -6, -3] [15, 2, 38, 1]
[-1, -45, 15, 11] [12, -13, -27, -31] [-36, -21, -28, -48] [58, 8, -131, 41] [12, -16, -54, 60] [1, 24, -22, 15] [-11, -71, -25, 30]
[20, 26, 4, -7] [-35, 26, -5, 8] [35, -15, 34, -2] [-10, -3, -8, 2] [-15, -8, -36, -12] [-11, -26, -29, 16] [40, 12, 16, 0]
[-15, 15, 17, -18] [-1, -10, -46, -28] [18, 4, 22, 22] [-18, 14, -61, -26] [26, 15, -10, 36] [39, -1, -29, 27] [3, -4, 36, 4]
Food (up, right, down, left):
[12, 28, -20, 12] [-36, 28, 16, -20] [1, -10, 3, 7] [-13, 6, 56, 8] [20, -22, 56, -1] [9, -28, -8, -30] [-74, 6, 9, -38]
[-101, 19, -38, -21] [3, -34, -37, -11] [-1, 17, 41, 29] [-22, 2, -59, 51] [15, 32, 13, -66] [41, 14, -45, -2] [-6, 1, 22, 65]
[-38, -11, 40, -34] [8, 31, -5, 15] [-32, -41, -36, 42] [70, -43, 18, -3] [-4, -20, -20, -25] [-14, -1, -53, -25] [57, 35, 30, 23]
[10, 35, -4, 47] [-9, -2, -20, 19] [-24, 0, -26, -4] [0, 0, 0, 0] [-5, 50, -60, -2] [-8, -28, -51, -9] [-25, 60, -21, -4]
[17, 10, -23, 39] [19, 33, 4, 45] [31, -21, 23, 26] [7, -57, 56, -8] [-1, 22, 5, -2] [3, 41, 20, 2] [-11, -28, -15, -7]
[14, -44, -25, 10] [17, 17, 5, -11] [16, -14, 33, 38] [-32, -41, 42, -17] [-53, -20, 18, -56] [-27, 41, 50, 21] [-11, 50, 33, 32]
[37, 12, -6, -5] [-15, -3, 30, -77] [32, 22, -4, -16] [7, -7, -11, -16] [79, 36, 23, -31] [-18, 45, -2, 3] [29, -26, 33, -18]
------------------------------
ALIVE
Head: (16 17)
Body: (16 17) (16 16) (16 15) (15 15) (15 14) (15 13) (15 12) (14 12) (13 12) (12 12) (11 12) 
Length: 11, 4
Vision: 3
Hungry, suplies: 4/10
Reproductive: 16, mutating: 0.25
Generation: 67851
####################################
Wall (up, right, down, left):
[-9, -2, -6, -10] [-3, 9, 2, -28] [-28, -25, -6, -11] [6, 13, 16, 2] [4, 36, 52, 7] [3, -26, -41, -15] [3, -12, -11, -1]
[-40, -5, 27, -17] [39, 25, -4, 3] [-53, 20, 14, 1] [-39, 5, 18, 7] [11, 28, 14, 9] [-31, -15, 0, -16] [-25, -16, 18, -9]
[-12, 40, 33, 34] [-20, 32, -13, -26] [-20, 1, 61, 2] [-105, 24, 51, 5] [-41, -56, -13, 20] [-10, -18, -10, -7] [-2, -19, -30, 2]
[-12, 48, -10, -14] [15, 1, 20, -50] [13, 42, 10, -136] [0, 0, 0, 0] [48, -126, 19, 13] [16, -23, -6, -3] [15, 2, 33, 1]
[-1, -45, 15, 11] [12, -13, -31, -31] [-36, -21, -28, -48] [58, 8, -131, 40] [12, -13, -54, 60] [1, 24, -22, 15] [-11, -71, -25, 30]
[20, 26, 4, -7] [-35, 26, -4, 8] [35, -15, 34, -1] [-10, -3, -8, 2] [-15, -8, -36, -12] [-11, -26, -29, 16] [40, 12, 16, 0]
[-15, 15, 17, -18] [-3, -10, -46, -28] [18, 4, 19, 22] [-18, 14, -61, -26] [26, 17, -14, 36] [39, -1, -29, 27] [3, -4, 36, 4]
Food (up, right, down, left):
[12, 28, -20, 12] [-36, 28, 16, -20] [1, -10, 3, 7] [-13, 6, 56, 8] [20, -22, 56, -1] [9, -28, -8, -30] [-77, 6, 9, -35]
[-101, 18, -38, -21] [3, -34, -37, -11] [-1, 17, 41, 32] [-22, 2, -58, 51] [15, 32, 17, -66] [41, 14, -45, -2] [-6, 1, 22, 65]
[-38, -11, 40, -34] [8, 31, -5, 15] [-32, -41, -36, 42] [70, -43, 18, -3] [-4, -20, -20, -25] [-17, -1, -53, -25] [57, 35, 30, 23]
[10, 35, -4, 47] [-9, -2, -20, 19] [-24, 0, -26, -4] [0, 0, 0, 0] [-5, 50, -60, -2] [-8, -28, -51, -9] [-25, 65, -21, -4]
[17, 10, -23, 39] [19, 33, 0, 45] [31, -21, 23, 26] [4, -57, 56, -8] [-1, 22, 5, -2] [3, 41, 20, 2] [-11, -28, -15, -7]
[14, -44, -25, 10] [17, 17, 5, -11] [16, -14, 33, 42] [-32, -41, 42, -17] [-53, -20, 18, -56] [-27, 41, 50, 21] [-11, 50, 33, 32]
[37, 12, -6, -5] [-15, 1, 30, -77] [32, 26, -4, -16] [7, -7, -11, -16] [79, 36, 22, -31] [-18, 45, -3, 3] [29, -26, 33, -18]
------------------------------
ALIVE
Head: (12 46)
Body: (12 46) (12 47) (12 48) (12 49) (13 49) (13 50) (13 51) (14 51) 
Length: 8, 4
Vision: 3
Hungry, suplies: 9/10
Reproductive: 16, mutating: 0.25
Generation: 67854
####################################
Wall (up, right, down, left):
[-9, -2, -6, -10] [-3, 9, 2, -28] [-28, -25, -6, -11] [6, 13, 16, 2] [4, 36, 52, 7] [3, -26, -41, -15] [3, -12, -14, -4]
[-35, -5, 27, -17] [39, 25, -4, 3] [-56, 20, 14, 1] [-39, 5, 18, 12] [11, 28, 14, 9] [-31, -15, 0, -16] [-25, -16, 18, -9]
[-12, 40, 33, 34] [-20, 32, -13, -26] [-20, 1, 61, 2] [-105, 24, 51, 5] [-41, -56, -13, 20] [-10, -18, -10, -8] [-2, -19, -30, 2]
[-12, 48, -10, -14] [15, 1, 20, -50] [13, 42, 10, -136] [0, 0, 0, 0] [48, -126, 19, 13] [16, -23, -6, -3] [15, 2, 33, 1]
[-1, -45, 15, 11] [12, -13, -27, -31] [-36, -21, -28, -48] [58, 8, -131, 41] [12, -16, -54, 60] [1, 24, -22, 15] [-11, -71, -25, 30]
[20, 26, 4, -7] [-35, 26, -4, 8] [35, -15, 34, -2] [-10, -3, -8, 2] [-15, -8, -36, -12] [-11, -26, -29, 16] [40, 12, 16, 0]
[-15, 15, 17, -18] [-1, -10, -46, -28] [18, 4, 22, 22] [-18, 14, -61, -26] [26, 15, -14, 36] [39, -1, -29, 27] [3, -4, 36, 4]
Food (up, right, down, left):
[12, 28, -20, 12] [-36, 28, 16, -20] [1, -10, 3, 7] [-13, 6, 56, 8] [20, -22, 56, -1] [9, -28, -8, -30] [-79, 6, 9, -38]
[-101, 19, -38, -21] [3, -34, -37, -11] [-1, 17, 41, 29] [-22, 2, -59, 51] [15, 32, 17, -66] [41, 14, -45, -2] [-6, 1, 22, 65]
[-38, -11, 40, -34] [8, 31, -5, 15] [-32, -41, -36, 42] [70, -43, 18, -3] [-4, -20, -20, -25] [-14, -1, -53, -25] [57, 35, 30, 23]
[10, 35, -4, 47] [-9, -2, -20, 19] [-24, 0, -26, -4] [0, 0, 0, 0] [-5, 50, -60, -2] [-8, -28, -51, -9] [-25, 65, -21, -4]
[17, 10, -23, 39] [19, 33, 4, 45] [31, -21, 23, 26] [7, -57, 56, -8] [-1, 22, 5, -2] [3, 41, 20, 2] [-11, -28, -15, -7]
[14, -44, -25, 10] [17, 17, 5, -11] [16, -14, 33, 38] [-32, -41, 42, -17] [-53, -20, 18, -56] [-27, 41, 50, 21] [-11, 50, 33, 32]
[37, 12, -6, -5] [-15, -3, 30, -77] [32, 22, -4, -16] [7, -7, -11, -16] [79, 36, 22, -31] [-20, 45, -2, 3] [29, -26, 33, -18]
------------------------------
ALIVE
Head: (22 22)
Body: (22 22) (21 22) (21 21) (21 20) (21 19) (21 18) (22 18) (22 19) (23 19) (23 20) (23 21) (24 21) (24 22) (24 23) (24 24) 
Length: 15, 4
Vision: 3
Hungry, suplies: 10/10
Reproductive: 16, mutating: 0.25
Generation: 67846
####################################
Wall (up, right, down, left):
[-9, -2, -6, -10] [-3, 9, 2, -28] [-28, -25, -6, -11] [6, 13, 16, 2] [4, 36, 52, 7] [3, -26, -41, -15] [3, -12, -14, -4]
[-35, -5, 27, -17] [39, 25, -4, 3] [-56, 20, 14, 1] [-39, 5, 18, 12] [11, 28, 14, 9] [-31, -15, 0, -16] [-25, -16, 18, -9]
[-12, 40, 33, 34] [-20, 32, -13, -26] [-20, 1, 61, 2] [-105, 24, 51, 5] [-41, -56, -13, 20] [-10, -18, -10, -8] [-2, -19, -30, 2]
[-12, 48, -10, -14] [15, 1, 20, -50] [13, 42, 10, -136] [0, 0, 0, 0] [48, -126, 19, 13] [16, -23, -6, -3] [15, 2, 33, 1]
[-1, -45, 15, 11] [12, -13, -27, -31] [-36, -21, -28, -48] [58, 8, -131, 41] [12, -16, -54, 60] [1, 24, -22, 15] [-11, -71, -25, 30]
[20, 26, 4, -7] [-35, 26, -4, 8] [35, -15, 34, -2] [-10, -3, -8, 2] [-15, -8, -36, -12] [-11, -26, -29, 16] [40, 12, 16, 0]
[-15, 15, 17, -18] [-1, -10, -46, -28] [18, 4, 22, 22] [-18, 14, -61, -26] [26, 15, -14, 36] [39, -1, -29, 27] [3, -4, 36, 4]
Food (up, right, down, left):
[12, 28, -20, 12] [-36, 28, 16, -20] [1, -10, 3, 7] [-13, 6, 56, 8] [20, -22, 56, -1] [9, -28, -8, -30] [-79, 6, 9, -38]
[-101, 19, -38, -21] [3, -34, -37, -11] [-1, 17, 41, 29] [-22, 2, -59, 51] [15, 32, 17, -66] [41, 14, -45, -2] [-6, 1, 22, 65]
[-38, -11, 40, -34] [8, 31, -5, 15] [-32, -41, -36, 42] [70, -43, 18, -3] [-4, -20, -20, -25] [-14, -1, -53, -25] [57, 35, 30, 23]
[10, 35, -4, 47] [-9, -2, -20, 19] [-24, 0, -26, -4] [0, 0, 0, 0] [-5, 50, -60, -2] [-8, -28, -51, -9] [-25, 65, -21, -4]
[17, 10, -23, 39] [19, 33, 4, 45] [31, -21, 23, 26] [7, -57, 56, -8] [-1, 22, 5, -2] [3, 41, 20, 2] [-11, -28, -15, -7]
[14, -44, -25, 10] [17, 17, 5, -11] [16, -14, 33, 38] [-32, -41, 42, -17] [-53, -20, 18, -56] [-27, 41, 50, 21] [-11, 50, 33, 32]
[37, 12, -6, -5] [-15, -3, 30, -77] [32, 22, -4, -16] [7, -7, -11, -16] [79, 36, 22, -31] [-20, 45, -2, 3] [29, -26, 33, -18]
------------------------------
ALIVE
Head: (23 40)
Body: (23 40) (22 40) (21 40) (20 40) (20 39) (20 38) (20 37) (20 36) (19 36) 
Length: 9, 4
Vision: 3
Hungry, suplies: 9/10
Reproductive: 16, mutating: 0.25
Generation: 67847
####################################
Wall (up, right, down, left):
[-9, -2, -6, -10] [-3, 9, 2, -28] [-28, -25, -6, -11] [3, 13, 16, 2] [4, 36, 52, 7] [3, -26, -41, -15] [3, -12, -11, -4]
[-40, -5, 27, -17] [39, 25, -4, 3] [-53, 20, 14, 1] [-39, 5, 18, 12] [11, 28, 14, 9] [-31, -15, 0, -16] [-25, -16, 18, -9]
[-12, 40, 33, 34] [-20, 32, -13, -25] [-20, 1, 61, 2] [-105, 24, 51, 1] [-41, -56, -13, 20] [-10, -21, -10, -8] [-2, -19, -25, 2]
[-12, 48, -10, -14] [18, 1, 20, -50] [13, 42, 10, -136] [0, 0, 0, 0] [48, -126, 19, 13] [16, -23, -6, -3] [15, 2, 33, 1]
[-1, -45, 15, 11] [12, -13, -27, -31] [-36, -21, -28, -48] [58, 8, -131, 40] [12, -13, -54, 60] [1, 24, -22, 15] [-11, -71, -25, 30]
[20, 25, 4, -7] [-35, 26, -4, 8] [35, -15, 34, -2] [-10, -3, -8, 2] [-15, -8, -36, -12] [-11, -26, -29, 16] [40, 12, 16, 0]
[-15, 15, 17, -18] [-3, -10, -46, -28] [18, 4, 22, 22] [-18, 14, -61, -26] [26, 17, -14, 36] [39, -1, -29, 27] [3, -4, 36, 4]
Food (up, right, down, left):
[12, 28, -20, 12] [-36, 28, 16, -20] [1, -10, 3, 7] [-13, 6, 56, 6] [20, -22, 56, -1] [9, -28, -8, -30] [-79, 6, 9, -35]
[-101, 18, -38, -21] [3, -34, -37, -11] [-1, 17, 41, 32] [-22, 2, -59, 51] [15, 32, 17, -66] [41, 14, -45, -2] [-6, 1, 22, 65]
[-38, -11, 40, -34] [8, 31, -5, 16] [-32, -41, -36, 42] [70, -43, 16, -3] [-4, -20, -20, -25] [-13, -1, -53, -25] [57, 35, 30, 20]
[10, 35, -4, 47] [-9, -2, -20, 21] [-24, 0, -26, -4] [0, 0, 0, 0] [-5, 50, -60, -2] [-8, -28, -51, -9] [-25, 67, -21, -4]
[17, 10, -23, 39] [19, 33, 4, 45] [31, -21, 23, 26] [4, -57, 56, -8] [-1, 22, 5, -2] [3, 41, 20, 2] [-11, -28, -15, -7]
[14, -44, -22, 10] [17, 17, 5, -11] [16, -14, 33, 38] [-32, -41, 42, -17] [-53, -20, 18, -56] [-27, 41, 50, 21] [-11, 50, 33, 32]
[37, 12, -6, -5] [-15, 1, 30, -77] [32, 22, -4, -16] [7, -7, -11, -16] [79, 36, 22, -31] [-18, 45, -3, 3] [29, -26, 33, -18]
------------------------------
ALIVE
Head: (1 23)
Body: (1 23) (1 24) (2 24) (2 25) (2 26) (2 27) (1 27) (1 26) (25 26) 
Length: 9, 4
Vision: 3
Hungry, suplies: 3/10
Reproductive: 16, mutating: 0.25
Generation: 67848
####################################
Wall (up, right, down, left):
[-9, -2, -6, -10] [-3, 9, 2, -28] [-28, -25, -6, -11] [6, 13, 16, 2] [4, 36, 52, 7] [3, -26, -41, -15] [3, -12, -11, -1]
[-40, -5, 27, -17] [39, 25, -4, 3] [-53, 20, 14, 1] [-39, 5, 18, 7] [11, 28, 14, 9] [-31, -15, 0, -16] [-25, -16, 18, -9]
[-12, 40, 33, 34] [-20, 32, -13, -26] [-20, 1, 61, 2] [-105, 24, 51, 5] [-41, -56, -13, 20] [-10, -18, -10, -7] [-2, -19, -30, 2]
[-12, 48, -10, -14] [15, 1, 20, -50] [13, 42, 10, -136] [0, 0, 0, 0] [48, -126, 19, 13] [16, -23, -6, -3] [15, 2, 33, 1]
[-1, -45, 15, 11] [12, -13, -31, -31] [-36, -21, -28, -48] [58, 8, -131, 40] [12, -13, -54, 60] [1, 24, -22, 15] [-11, -71, -25, 30]
[20, 26, 4, -7] [-35, 26, -4, 8] [35, -15, 34, -1] [-10, -3, -8, 2] [-15, -8, -36, -12] [-11, -26, -29, 16] [40, 12, 16, 0]
[-15, 15, 17, -18] [-3, -10, -46, -28] [18, 4, 19, 22] [-18, 14, -61, -26] [26, 17, -14, 36] [39, -1, -29, 27] [7, -4, 36, 4]
Food (up, right, down, left):
[12, 28, -20, 12] [-36, 28, 16, -20] [1, -10, 3, 7] [-13, 6, 56, 8] [20, -22, 56, -1] [9, -28, -8, -30] [-77, 6, 9, -35]
[-101, 18, -38, -21] [3, -34, -37, -11] [-1, 17, 41, 32] [-22, 2, -58, 51] [15, 32, 17, -66] [41, 14, -45, -2] [-6, 1, 22, 65]
[-38, -11, 40, -34] [8, 31, -5, 15] [-32, -41, -36, 42] [70, -43, 18, -3] [-4, -20, -20, -25] [-17, -1, -53, -25] [57, 35, 30, 23]
[10, 35, -4, 47] [-9, -2, -20, 19] [-24, 0, -26, -4] [0, 0, 0, 0] [-5, 50, -60, -2] [-8, -28, -51, -9] [-25, 65, -21, -4]
[17, 10, -23, 39] [19, 33, 0, 45] [31, -21, 23, 26] [4, -57, 56, -8] [-1, 22, 5, -2] [3, 41, 20, 2] [-11, -28, -15, -7]
[14, -44, -25, 10] [17, 17, 5, -11] [16, -14, 33, 42] [-32, -41, 42, -17] [-53, -20, 18, -56] [-27, 41, 50, 21] [-11, 50, 33, 32]
[37, 12, -6, -5] [-15, 1, 30, -77] [32, 26, -4, -16] [7, -7, -11, -16] [79, 36, 22, -31] [-18, 45, -3, 3] [29, -26, 33, -18]
------------------------------
ALIVE
Head: (15 22)
Body: (15 22) (15 21) (15 20) (16 20) (17 20) (17 19) (17 18) (17 17) (17 16) (17 15) (17 14) (16 14) (16 13) 
Length: 13, 4
Vision: 3
Hungry, suplies: 6/10
Reproductive: 16, mutating: 0.25
Generation: 67855
####################################
Wall (up, right, down, left):
[-9, -2, -6, -10] [-3, 9, 2, -28] [-28, -25, -6, -11] [3, 13, 16, 2] [4, 36, 52, 7] [3, -26, -41, -15] [3, -12, -11, -4]
[-40, -5, 27, -17] [39, 25, -4, 3] [-53, 20, 14, 1] [-39, 5, 18, 12] [11, 28, 14, 9] [-31, -15, 0, -16] [-25, -16, 18, -9]
[-12, 40, 33, 34] [-20, 32, -13, -25] [-20, 1, 61, 2] [-105, 24, 51, 1] [-41, -56, -13, 20] [-10, -21, -10, -8] [-2, -19, -25, 2]
[-12, 48, -10, -14] [15, 1, 20, -50] [13, 42, 10, -136] [0, 0, 0, 0] [48, -126, 19, 13] [16, -23, -6, -3] [15, 2, 33, 1]
[-1, -45, 15, 11] [12, -13, -27, -31] [-36, -21, -28, -48] [58, 8, -131, 40] [12, -13, -54, 60] [1, 24, -22, 15] [-11, -71, -25, 30]
[20, 25, 4, -7] [-35, 26, -4, 8] [35, -15, 34, -2] [-10, -3, -8, 2] [-15, -8, -36, -12] [-11, -26, -29, 16] [40, 12, 16, 0]
[-15, 15, 17, -18] [-3, -10, -41, -28] [18, 4, 22, 22] [-18, 14, -61, -26] [26, 17, -14, 36] [39, -1, -29, 27] [3, -4, 36, 4]
Food (up, right, down, left):
[12, 28, -20, 12] [-36, 28, 16, -20] [1, -10, 3, 7] [-13, 6, 56, 6] [20, -22, 56, -1] [9, -28, -8, -30] [-79, 6, 9, -35]
[-101, 18, -38, -21] [3, -34, -37, -11] [-1, 17, 41, 32] [-22, 2, -59, 51] [15, 32, 17, -66] [41, 14, -45, -2] [-6, 1, 22, 65]
[-38, -11, 40, -34] [8, 31, -5, 16] [-32, -41, -36, 42] [70, -43, 16, -3] [-4, -20, -20, -25] [-13, -1, -53, -25] [57, 35, 30, 20]
[10, 35, -4, 47] [-9, -2, -20, 19] [-24, 0, -26, -4] [0, 0, 0, 0] [-5, 50, -60, -2] [-8, -28, -51, -9] [-25, 67, -21, -4]
[17, 10, -23, 39] [19, 33, 4, 45] [31, -21, 23, 26] [4, -57, 56, -8] [-1, 22, 5, -2] [3, 41, 20, 2] [-11, -28, -15, -7]
[14, -44, -22, 10] [17, 17, 5, -11] [16, -14, 33, 38] [-32, -41, 42, -17] [-53, -20, 18, -56] [-27, 41, 50, 21] [-11, 50, 33, 32]
[37, 12, -6, -5] [-15, -2, 30, -77] [32, 22, -4, -16] [7, -7, -11, -16] [79, 36, 22, -31] [-18, 45, -3, 3] [29, -26, 33, -18]
------------------------------
ALIVE
Head: (11 3)
Body: (11 3) (10 3) (9 3) (9 2) (9 1) (10 1) (11 1) (11 57) (11 56) (11 55) (11 54) (11 53) (10 53) 
Length: 13, 4
Vision: 3
Hungry, suplies: 9/10
Reproductive: 16, mutating: 0.25
Generation: 67848
####################################
Wall (up, right, down, left):
[-9, -2, -6, -10] [-3, 9, 2, -28] [-28, -25, -6, -11] [3, 13, 16, 2] [4, 36, 52, 7] [3, -26, -41, -15] [3, -12, -11, -4]
[-40, -5, 27, -17] [39, 25, -4, 3] [-53, 20, 14, 1] [-39, 5, 18, 12] [11, 28, 14, 9] [-31, -15, 0, -16] [-25, -16, 18, -9]
[-12, 40, 33, 34] [-20, 32, -13, -25] [-20, 1, 61, 2] [-105, 24, 51, 1] [-41, -56, -13, 20] [-10, -21, -10, -8] [-2, -19, -25, 2]
[-12, 48, -10, -14] [15, 1, 20, -50] [13, 42, 10, -136] [0, 0, 0, 0] [48, -126, 19, 13] [16, -23, -6, -3] [15, 2, 33, 1]
[-1, -45, 15, 11] [12, -13, -27, -31] [-36, -21, -28, -48] [58, 8, -131, 40] [12, -13, -54, 60] [1, 24, -22, 15] [-11, -71, -25, 30]
[20, 25, 4, -7] [-35, 26, -4, 8] [35, -15, 34, -2] [-10, -3, -10, 2] [-15, -8, -36, -12] [-11, -26, -29, 16] [40, 12, 16, 0]
[-15, 15, 17, -18] [-3, -10, -46, -28] [18, 4, 22, 22] [-18, 14, -61, -26] [26, 17, -14, 36] [39, -1, -29, 27] [3, -4, 36, 4]
Food (up, right, down, left):
[12, 28, -20, 12] [-36, 28, 16, -20] [1, -10, 3, 7] [-13, 6, 56, 6] [20, -22, 56, -1] [9, -28, -8, -30] [-79, 6, 9, -35]
[-101, 18, -38, -21] [3, -34, -37, -11] [-1, 17, 41, 32] [-22, 2, -59, 51] [15, 32, 17, -66] [41, 14, -45, -2] [-6, 1, 22, 65]
[-38, -11, 40, -34] [8, 31, -5, 16] [-32, -41, -36, 42] [70, -43, 16, -3] [-4, -20, -20, -25] [-13, -1, -53, -25] [57, 35, 30, 20]
[10, 35, -4, 47] [-9, -2, -20, 19] [-24, 0, -26, -4] [0, 0, 0, 0] [-5, 50, -60, -2] [-8, -28, -51, -9] [-25, 67, -21, -4]
[17, 10, -23, 39] [19, 33, 4, 45] [31, -21, 23, 26] [4, -57, 56, -8] [-1, 22, 5, -2] [3, 41, 20, 2] [-11, -28, -15, -7]
[14, -44, -22, 10] [17, 17, 5, -11] [16, -14, 33, 38] [-37, -41, 42, -17] [-53, -20, 18, -56] [-27, 41, 50, 21] [-11, 50, 33, 32]
[37, 12, -6, -5] [-15, 1, 30, -77] [32, 22, -4, -16] [7, -7, -11, -16] [79, 36, 22, -31] [-18, 45, -3, 3] [29, -26, 33, -18]
------------------------------
ALIVE
Head: (7 18)
Body: (7 18) (6 18) (5 18) (4 18) (3 18) (2 18) (2 17) (2 16) (2 15) (2 14) 
Length: 10, 4
Vision: 3
Hungry, suplies: 10/10
Reproductive: 16, mutating: 0.25
Generation: 67849
####################################
Wall (up, right, down, left):
[-9, -2, -6, -10] [-3, 9, 2, -28] [-28, -25, -6, -11] [6, 13, 16, 2] [4, 36, 52, 7] [3, -26, -41, -15] [3, -12, -14, -4]
[-35, -5, 27, -17] [39, 25, -4, 3] [-56, 20, 14, 1] [-39, 5, 18, 12] [11, 28, 14, 9] [-31, -15, 0, -16] [-25, -16, 18, -9]
[-12, 38, 33, 34] [-20, 32, -13, -26] [-20, 1, 61, 2] [-105, 24, 51, 5] [-41, -56, -13, 20] [-10, -18, -10, -8] [-2, -19, -30, 2]
[-12, 48, -10, -14] [15, 1, 20, -50] [13, 42, 10, -136] [0, 0, 0, 0] [48, -126, 19, 13] [16, -23, -6, -3] [15, 2, 33, 1]
[-1, -45, 15, 11] [12, -13, -27, -31] [-36, -21, -28, -48] [58, 8, -131, 41] [12, -16, -54, 60] [1, 24, -22, 15] [-11, -71, -25, 30]
[20, 26, 4, -7] [-35, 26, -4, 8] [35, -15, 34, -2] [-10, -3, -8, 2] [-15, -8, -36, -12] [-11, -26, -29, 16] [40, 12, 16, 0]
[-15, 15, 17, -18] [-1, -10, -46, -28] [18, 4, 22, 22] [-18, 14, -61, -26] [26, 15, -14, 36] [39, -1, -29, 27] [3, -4, 36, 4]
Food (up, right, down, left):
[12, 28, -20, 12] [-36, 28, 16, -20] [1, -10, 3, 7] [-13, 6, 56, 8] [20, -22, 56, -1] [9, -28, -8, -30] [-79, 6, 9, -38]
[-101, 19, -38, -21] [3, -34, -37, -11] [-1, 17, 41, 29] [-22, 2, -59, 51] [15, 32, 17, -66] [41, 14, -45, -2] [-6, 1, 22, 65]
[-38, -11, 45, -34] [8, 31, -5, 15] [-32, -41, -36, 42] [70, -43, 18, -3] [-4, -20, -20, -25] [-14, -1, -53, -25] [57, 35, 30, 23]
[10, 35, -4, 47] [-9, -2, -20, 19] [-24, 0, -26, -4] [0, 0, 0, 0] [-5, 50, -60, -2] [-8, -28, -51, -9] [-25, 65, -21, -4]
[17, 10, -23, 39] [19, 33, 4, 45] [31, -21, 23, 26] [7, -57, 56, -8] [-1, 22, 5, -2] [3, 41, 20, 2] [-11, -28, -15, -7]
[14, -44, -25, 10] [17, 17, 5, -11] [16, -14, 33, 38] [-32, -41, 42, -17] [-53, -20, 18, -56] [-27, 41, 50, 21] [-11, 50, 33, 32]
[37, 12, -6, -5] [-15, -3, 30, -77] [32, 22, -4, -16] [7, -7, -11, -16] [79, 36, 22, -31] [-20, 45, -2, 3] [29, -26, 33, -18]
------------------------------
ALIVE
Head: (12 5)
Body: (12 5) (12 6) (12 7) (12 8) (13 8) (14 8) (14 7) (15 7) (16 7) (17 7) (17 6) (18 6) 
Length: 12, 4
Vision: 3
Hungry, suplies: 3/10
Reproductive: 16, mutating: 0.25
Generation: 67846
####################################
Wall (up, right, down, left):
[-9, -2, -6, -10] [-3, 9, 2, -28] [-28, -25, -6, -11] [6, 13, 16, 2] [4, 36, 52, 7] [3, -26, -41, -15] [3, -12, -14, -1]
[-35, -5, 27, -17] [39, 25, -4, 3] [-56, 20, 14, 1] [-39, 5, 18, 7] [11, 28, 12, 9] [-31, -15, 0, -16] [-25, -16, 18, -9]
[-12, 40, 33, 34] [-20, 32, -13, -26] [-20, 1, 61, 2] [-105, 24, 51, 5] [-41, -56, -13, 20] [-10, -18, -10, -8] [-2, -19, -30, 2]
[-12, 48, -10, -14] [15, 1, 20, -50] [13, 42, 10, -136] [0, 0, 0, 0] [48, -126, 19, 13] [16, -23, -6, -3] [15, 2, 33, 1]
[-1, -45, 15, 11] [12, -13, -27, -31] [-36, -21, -28, -48] [58, 8, -131, 41] [12, -16, -54, 60] [1, 24, -22, 15] [-11, -71, -25, 30]
[20, 26, 4, -7] [-35, 26, -5, 8] [35, -15, 34, -2] [-10, -3, -8, 2] [-15, -8, -36, -12] [-11, -26, -29, 16] [40, 12, 16, 0]
[-15, 15, 17, -18] [-1, -10, -46, -28] [18, 4, 22, 22] [-18, 14, -61, -26] [26, 15, -14, 36] [39, -1, -29, 27] [3, -4, 36, 4]
Food (up, right, down, left):
[12, 28, -20, 12] [-36, 28, 16, -20] [1, -10, 3, 7] [-13, 6, 56, 8] [20, -22, 56, -1] [9, -28, -8, -30] [-74, 6, 9, -38]
[-101, 19, -38, -21] [3, -34, -37, -11] [-1, 17, 41, 29] [-22, 2, -56, 51] [15, 32, 13, -66] [41, 14, -45, -2] [-6, 1, 22, 65]
[-38, -11, 40, -34] [8, 31, -5, 15] [-32, -41, -36, 42] [70, -43, 18, -3] [-4, -20, -20, -25] [-14, -1, -53, -25] [57, 35, 30, 23]
[10, 35, -4, 47] [-9, -2, -20, 19] [-24, 0, -26, -4] [0, 0, 0, 0] [-5, 50, -60, -2] [-8, -28, -51, -9] [-25, 65, -21, -4]
[17, 10, -23, 39] [19, 33, 4, 45] [31, -21, 23, 26] [7, -57, 56, -8] [-1, 22, 5, -2] [3, 41, 20, 2] [-11, -28, -15, -7]
[14, -44, -25, 10] [17, 17, 5, -11] [16, -14, 33, 38] [-32, -41, 42, -17] [-53, -20, 18, -56] [-27, 41, 50, 21] [-11, 50, 33, 32]
[37, 12, -6, -5] [-15, -3, 30, -77] [32, 22, -4, -16] [7, -7, -11, -16] [79, 36, 22, -31] [-18, 45, -2, 3] [29, -26, 33, -18]
------------------------------
ALIVE
Head: (7 27)
Body: (7 27) (6 27) (5 27) (4 27) (4 26) (5 26) (6 26) (6 25) 
Length: 8, 4
Vision: 3
Hungry, suplies: 2/10
Reproductive: 16, mutating: 0.25
Generation: 67849
####################################
Wall (up, right, down, left):
[-9, -2, -6, -10] [-3, 9, 2, -28] [-28, -25, -6, -11] [3, 13, 16, 2] [4, 36, 52, 7] [3, -26, -41, -15] [3, -12, -11, -4]
[-40, -5, 27, -17] [39, 25, -4, 3] [-53, 20, 14, 1] [-39, 5, 18, 12] [11, 28, 14, 9] [-31, -15, 0, -16] [-25, -16, 18, -9]
[-12, 40, 33, 34] [-20, 32, -13, -25] [-20, 1, 61, 2] [-105, 24, 51, 1] [-41, -56, -13, 20] [-10, -21, -10, -8] [-2, -19, -25, 2]
[-12, 48, -10, -14] [15, 1, 20, -50] [13, 42, 10, -136] [0, 0, 0, 0] [48, -126, 19, 13] [16, -23, -6, -3] [15, 2, 33, 1]
[-1, -45, 15, 11] [12, -13, -27, -31] [-36, -21, -28, -48] [58, 8, -131, 40] [12, -13, -54, 60] [1, 24, -22, 15] [-11, -71, -25, 30]
[20, 25, 4, -7] [-35, 26, -4, 8] [35, -15, 34, -2] [-10, -3, -10, 2] [-15, -8, -36, -12] [-11, -26, -29, 16] [40, 12, 16, 0]
[-15, 15, 17, -18] [-3, -10, -46, -28] [18, 4, 22, 22] [-18, 14, -61, -26] [26, 17, -14, 36] [39, -1, -29, 27] [3, -4, 36, 4]
Food (up, right, down, left):
[12, 28, -20, 12] [-36, 28, 16, -20] [1, -10, 3, 7] [-13, 6, 56, 6] [20, -22, 56, -1] [9, -28, -8, -30] [-79, 6, 9, -35]
[-101, 18, -38, -21] [3, -34, -37, -11] [-1, 17, 41, 32] [-22, 2, -59, 51] [15, 32, 17, -66] [41, 14, -45, -2] [-6, 1, 22, 65]
[-38, -11, 40, -34] [8, 31, -5, 16] [-32, -41, -36, 42] [70, -43, 16, -3] [-4, -20, -20, -25] [-13, -1, -53, -25] [57, 35, 30, 20]
[10, 35, -4, 47] [-9, -2, -20, 19] [-24, 0, -26, -4] [0, 0, 0, 0] [-5, 50, -60, -2] [-8, -28, -51, -9] [-25, 67, -21, -4]
[17, 10, -23, 39] [19, 33, 4, 45] [31, -21, 23, 26] [4, -57, 56, -8] [-1, 22, 5, -2] [3, 41, 20, 2] [-11, -28, -15, -7]
[14, -44, -22, 10] [17, 17, 5, -11] [16, -14, 33, 38] [-37, -41, 42, -17] [-53, -20, 18, -56] [-27, 41, 50, 21] [-11, 50, 33, 32]
[37, 12, -6, -5] [-15, 1, 30, -77] [32, 22, -4, -16] [7, -7, -11, -16] [79, 36, 22, -31] [-18, 45, -3, 3] [29, -26, 33, -18]
------------------------------
ALIVE
Head: (18 4)
Body: (18 4) (18 3) (18 2) (18 1) (18 57) (18 56) (18 55) (17 55) (17 54) (16 54) (16 53) 
Length: 11, 4
Vision: 3
Hungry, suplies: 8/10
Reproductive: 16, mutating: 0.25
Generation: 67850
####################################
Wall (up, right, down, left):
[-9, -2, -6, -10] [-3, 9, 2, -28] [-28, -25, -6, -11] [3, 13, 16, 2] [4, 36, 52, 7] [3, -26, -41, -15] [3, -12, -11, -4]
[-40, -5, 27, -17] [39, 25, -4, 3] [-53, 20, 14, 1] [-39, 5, 18, 12] [11, 28, 14, 9] [-31, -15, 0, -16] [-25, -16, 18, -9]
[-12, 40, 33, 34] [-20, 32, -13, -25] [-20, 1, 61, 2] [-105, 24, 51, 1] [-41, -56, -13, 20] [-10, -21, -10, -8] [-2, -19, -25, 2]
[-12, 48, -10, -14] [18, 1, 20, -50] [13, 42, 10, -136] [0, 0, 0, 0] [48, -126, 19, 13] [16, -23, -6, -3] [15, 2, 33, 1]
[-1, -45, 15, 11] [12, -13, -27, -31] [-36, -21, -28, -48] [58, 8, -131, 40] [12, -13, -54, 60] [1, 24, -22, 15] [-11, -71, -25, 30]
[20, 25, 4, -7] [-35, 26, -4, 8] [35, -15, 34, -2] [-10, -3, -8, 2] [-15, -8, -41, -12] [-11, -26, -29, 16] [40, 12, 16, 0]
[-15, 15, 17, -18] [-3, -10, -46, -28] [18, 4, 22, 22] [-18, 14, -61, -26] [26, 17, -14, 36] [39, -1, -29, 27] [3, -4, 36, 4]
Food (up, right, down, left):
[12, 28, -20, 12] [-36, 28, 16, -20] [1, -10, 3, 7] [-13, 6, 56, 6] [20, -22, 56, -1] [9, -28, -8, -30] [-79, 6, 9, -35]
[-101, 18, -38, -21] [3, -34, -37, -11] [-1, 17, 41, 32] [-22, 2, -59, 51] [15, 32, 17, -66] [41, 14, -45, -2] [-6, 1, 22, 65]
[-38, -11, 40, -34] [8, 31, -5, 16] [-32, -41, -36, 42] [70, -43, 16, -3] [-4, -20, -20, -25] [-13, -1, -53, -25] [57, 35, 30, 20]
[10, 35, -4, 47] [-9, -2, -20, 21] [-24, 0, -26, -4] [0, 0, 0, 0] [-5, 50, -60, -2] [-8, -28, -51, -9] [-25, 67, -21, -4]
[17, 10, -23, 39] [19, 33, 4, 45] [31, -21, 23, 26] [4, -57, 56, -8] [-1, 22, 5, -2] [3, 41, 20, 2] [-11, -28, -15, -7]
[14, -44, -22, 10] [17, 17, 5, -11] [16, -14, 33, 38] [-32, -41, 42, -17] [-53, -20, 22, -56] [-27, 41, 50, 21] [-11, 50, 33, 32]
[37, 12, -6, -5] [-15, 1, 30, -77] [32, 22, -4, -16] [7, -7, -11, -16] [79, 36, 22, -31] [-18, 45, -3, 3] [29, -26, 33, -18]
------------------------------
ALIVE
Head: (23 13)
Body: (23 13) (23 14) (24 14) (24 15) (24 16) (23 16) (22 16) (21 16) (20 16) (19 16) (19 17) (19 18) (19 19) (18 19) 
Length: 14, 4
Vision: 3
Hungry, suplies: 9/10
Reproductive: 16, mutating: 0.25
Generation: 67850
####################################
Wall (up, right, down, left):
[-9, -2, -6, -10] [-3, 9, 2, -28] [-28, -25, -6, -11] [6, 13, 16, 2] [4, 36, 52, 7] [3, -26, -41, -15] [3, -12, -11, -1]
[-40, -5, 27, -17] [39, 25, -4, 3] [-53, 20, 14, 1] [-39, 5, 18, 7] [11, 30, 14, 9] [-31, -15, 0, -16] [-25, -16, 18, -9]
[-12, 40, 33, 34] [-20, 32, -13, -26] [-20, 1, 61, 2] [-105, 24, 51, 5] [-41, -56, -13, 20] [-10, -18, -10, -7] [-2, -19, -30, 2]
[-12, 48, -10, -14] [15, 1, 20, -50] [13, 42, 10, -136] [0, 0, 0, 0] [48, -126, 19, 13] [16, -23, -6, -3] [15, 2, 33, 1]
[-1, -45, 15, 11] [12, -13, -31, -31] [-36, -21, -28, -48] [58, 8, -131, 40] [12, -13, -54, 60] [1, 24, -22, 15] [-11, -71, -25, 30]
[20, 26, 4, -7] [-35, 26, -4, 8] [35, -15, 34, -1] [-10, -3, -8, 2] [-15, -8, -36, -12] [-11, -26, -29, 16] [40, 12, 16, 0]
[-15, 15, 17, -15] [-3, -10, -46, -28] [18, 4, 19, 22] [-18, 14, -61, -26] [26, 17, -14, 36] [39, -1, -29, 27] [3, -4, 36, 4]
Food (up, right, down, left):
[12, 28, -20, 12] [-36, 28, 16, -20] [1, -10, 3, 7] [-13, 6, 56, 8] [20, -22, 56, -1] [9, -28, -8, -30] [-77, 6, 9, -35]
[-101, 18, -38, -21] [3, -34, -37, -11] [-1, 17, 41, 32] [-22, 2, -58, 51] [15, 32, 17, -61] [41, 14, -45, -2] [-6, 1, 22, 65]
[-38, -11, 40, -34] [8, 31, -5, 15] [-32, -41, -36, 42] [70, -43, 18, -3] [-4, -20, -20, -25] [-17, -1, -53, -25] [57, 35, 30, 23]
[10, 35, -4, 47] [-9, -2, -20, 19] [-24, 0, -26, -4] [0, 0, 0, 0] [-5, 50, -60, -2] [-8, -28, -51, -9] [-25, 65, -21, -4]
[17, 10, -23, 39] [19, 33, 0, 45] [31, -21, 23, 26] [4, -57, 56, -8] [-1, 22, 5, -2] [3, 41, 20, 2] [-11, -28, -15, -7]
[14, -44, -25, 10] [17, 17, 5, -11] [16, -14, 33, 42] [-32, -41, 42, -17] [-53, -20, 18, -56] [-27, 41, 50, 21] [-11, 50, 33, 32]
[37, 12, -11, -5] [-15, 1, 30, -77] [32, 26, -4, -16] [7, -7, -11, -16] [79, 36, 22, -31] [-18, 45, -3, 3] [29, -26, 33, -18]
------------------------------
ALIVE
Head: (14 43)
Body: (14 43) (15 43) (16 43) (16 42) (16 41) (16 40) (16 39) (16 38) (17 38) 
Length: 9, 4
Vision: 3
Hungry, suplies: 9/10
Reproductive: 16, mutating: 0.25
Generation: 67856
####################################
Wall (up, right, down, left):
[-9, -2, -6, -10] [-3, 9, 2, -28] [-28, -25, -6, -11] [6, 13, 16, 2] [4, 36, 52, 7] [3, -26, -41, -15] [3, -12, -14, -4]
[-35, -5, 27, -17] [39, 25, -4, 3] [-56, 20, 14, 1] [-39, 5, 18, 12] [11, 28, 14, 9] [-31, -15, 0, -16] [-25, -16, 18, -9]
[-12, 40, 33, 34] [-20, 32, -13, -26] [-20, 1, 61, 2] [-105, 24, 51, 5] [-41, -56, -13, 20] [-10, -18, -10, -8] [-2, -19, -30, 2]
[-12, 48, -10, -14] [15, 1, 20, -50] [13, 42, 10, -136] [0, 0, 0, 0] [48, -126, 19, 13] [16, -23, -6, -3] [15, 2, 33, 1]
[-1, -45, 15, 11] [12, -13, -27, -31] [-36, -21, -28, -48] [58, 8, -131, 41] [12, -16, -54, 60] [1, 24, -22, 15] [-11, -71, -25, 30]
[20, 26, 4, -7] [-35, 26, -4, 8] [35, -15, 34, -2] [-10, -3, -8, 2] [-15, -8, -36, -12] [-11, -26, -29, 16] [40, 12, 16, 0]
[-15, 15, 17, -18] [-1, -10, -46, -28] [18, 4, 22, 22] [-18, 14, -61, -26] [26, 15, -14, 36] [39, -1, -29, 27] [3, -4, 36, 4]
Food (up, right, down, left):
[12, 28, -20, 12] [-36, 28, 16, -20] [1, -10, 3, 7] [-13, 6, 56, 8] [20, -22, 56, -1] [9, -28, -8, -30] [-79, 6, 9, -38]
[-101, 19, -38, -21] [3, -34, -37, -11] [-1, 17, 41, 29] [-22, 2, -59, 51] [15, 32, 17, -66] [41, 14, -45, -2] [-6, 1, 22, 65]
[-38, -11, 40, -34] [8, 31, -5, 15] [-32, -41, -36, 42] [70, -43, 18, -3] [-4, -20, -20, -25] [-14, -1, -53, -25] [57, 35, 30, 23]
[10, 35, -4, 47] [-9, -2, -20, 19] [-24, 0, -26, -4] [0, 0, 0, 0] [-5, 50, -60, -2] [-8, -28, -51, -9] [-25, 65, -21, -4]
[17, 10, -23, 39] [19, 33, 4, 45] [31, -21, 23, 26] [7, -57, 56, -8] [-1, 22, 5, -2] [3, 41, 20, 2] [-11, -28, -15, -7]
[14, -44, -25, 10] [17, 17, 5, -11] [16, -14, 33, 38] [-32, -41, 42, -17] [-53, -20, 18, -56] [-27, 41, 50, 21] [-11, 50, 33, 32]
[37, 12, -6, -5] [-15, -3, 30, -77] [32, 22, -4, -16] [7, -7, -11, -16] [79, 36, 22, -31] [-20, 45, -2, 3] [29, -26, 33, -18]
------------------------------
ALIVE
Head: (1 55)
Body: (1 55) (1 54) (1 53) (1 52) (0 52) (25 51) (24 51) (23 51) (22 51) (22 50) (21 50) (20 50) (19 50) (18 50) (18 49) 
Length: 15, 4
Vision: 3
Hungry, suplies: 10/10
Reproductive: 16, mutating: 0.25
Generation: 67849
####################################
Wall (up, right, down, left):
[-9, -2, -6, -10] [-3, 9, 2, -28] [-28, -25, -6, -11] [6, 13, 16, 2] [4, 36, 52, 7] [3, -26, -41, -15] [3, -12, -14, -4]
[-35, -5, 27, -17] [39, 25, -4, 3] [-56, 20, 14, 1] [-39, 5, 18, 12] [11, 28, 14, 9] [-31, -15, 0, -16] [-25, -16, 18, -9]
[-12, 40, 33, 34] [-20, 32, -13, -26] [-20, 1, 61, 2] [-105, 24, 51, 5] [-41, -56, -13, 20] [-10, -18, -10, -8] [-2, -19, -30, 2]
[-12, 48, -10, -14] [15, 1, 20, -50] [13, 42, 10, -136] [0, 0, 0, 0] [48, -126, 19, 13] [16, -23, -6, -3] [15, 2, 33, 1]
[-1, -45, 15, 11] [12, -13, -27, -31] [-36, -21, -28, -48] [58, 8, -131, 41] [12, -16, -54, 60] [1, 24, -22, 15] [-11, -71, -25, 30]
[20, 26, 4, -7] [-35, 26, -4, 8] [35, -15, 34, -2] [-10, -3, -8, 2] [-15, -8, -36, -12] [-11, -26, -29, 16] [40, 12, 16, 0]
[-15, 15, 17, -18] [-1, -10, -46, -28] [18, 4, 22, 22] [-18, 14, -61, -26] [26, 15, -14, 36] [39, -1, -29, 27] [3, -4, 36, 4]
Food (up, right, down, left):
[12, 28, -20, 12] [-36, 28, 16, -20] [1, -10, 3, 7] [-13, 6, 56, 8] [20, -22, 56, -1] [9, -28, -8, -30] [-79, 6, 9, -38]
[-101, 19, -38, -21] [3, -34, -37, -11] [-1, 17, 41, 29] [-22, 2, -59, 51] [15, 32, 17, -66] [41, 14, -45, -2] [-6, 1, 22, 65]
[-38, -11, 40, -34] [8, 31, -5, 15] [-32, -41, -36, 42] [70, -43, 18, -3] [-4, -20, -20, -25] [-14, -1, -53, -25] [57, 35, 30, 23]
[10, 35, -4, 47] [-9, -2, -20, 19] [-24, 0, -26, -4] [0, 0, 0, 0] [-5, 50, -60, -2] [-8, -28, -51, -9] [-25, 65, -21, -4]
[17, 10, -23, 39] [19, 33, 4, 45] [31, -21, 23, 26] [7, -57, 56, -8] [-1, 22, 5, -2] [3, 41, 20, 2] [-11, -28, -15, -7]
[14, -44, -25, 10] [17, 17, 5, -11] [16, -14, 33, 38] [-32, -41, 42, -17] [-53, -20, 18, -56] [-27, 41, 50, 21] [-11, 50, 33, 32]
[37, 12, -6, -5] [-15, -3, 30, -77] [32, 22, -4, -16] [7, -7, -11, -16] [79, 36, 22, -31] [-20, 45, -2, 3] [29, -26, 33, -18]
------------------------------
ALIVE
Head: (1 22)
Body: (1 22) (0 22) (0 21) (0 20) (0 19) (0 18) (1 18) (1 19) 
Length: 8, 4
Vision: 3
Hungry, suplies: 10/10
Reproductive: 16, mutating: 0.25
Generation: 67848
####################################
Wall (up, right, down, left):
[-9, -2, -6, -10] [-3, 9, 2, -28] [-28, -25, -6, -11] [6, 13, 16, 2] [4, 36, 52, 7] [3, -26, -41, -15] [3, -12, -11, -1]
[-40, -5, 27, -17] [39, 25, -4, 3] [-53, 20, 14, 1] [-39, 5, 18, 7] [11, 28, 14, 9] [-31, -15, 0, -16] [-25, -16, 18, -9]
[-12, 40, 33, 34] [-20, 32, -13, -26] [-20, 1, 61, 2] [-105, 24, 51, 5] [-41, -56, -13, 20] [-10, -18, -10, -7] [-2, -19, -30, 2]
[-12, 48, -10, -14] [15, 1, 20, -50] [13, 42, 10, -136] [0, 0, 0, 0] [48, -126, 19, 13] [16, -23, -6, -3] [15, 2, 33, 1]
[-1, -45, 15, 11] [12, -13, -31, -31] [-36, -21, -28, -48] [58, 8, -131, 40] [12, -13, -54, 60] [1, 24, -22, 15] [-11, -71, -25, 30]
[20, 26, 4, -7] [-35, 26, -4, 8] [35, -15, 34, -1] [-10, -3, -8, 2] [-15, -8, -36, -12] [-11, -26, -29, 16] [40, 12, 16, 0]
[-15, 15, 17, -18] [-3, -10, -46, -28] [18, 4, 19, 22] [-18, 14, -61, -26] [26, 17, -14, 36] [39, -1, -29, 27] [3, -4, 36, 4]
Food (up, right, down, left):
[12, 28, -20, 12] [-36, 28, 16, -20] [1, -10, 3, 7] [-13, 6, 56, 8] [20, -22, 56, -1] [9, -28, -8, -30] [-77, 6, 9, -35]
[-101, 18, -38, -21] [3, -34, -37, -11] [-1, 17, 41, 32] [-22, 2, -58, 51] [15, 32, 17, -66] [41, 14, -45, -2] [-6, 1, 22, 65]
[-38, -11, 40, -34] [8, 31, -5, 15] [-32, -41, -36, 42] [70, -43, 18, -3] [-4, -20, -20, -25] [-17, -1, -53, -25] [57, 35, 30, 23]
[10, 35, -4, 47] [-9, -2, -20, 19] [-24, 0, -26, -4] [0, 0, 0, 0] [-5, 50, -60, -2] [-8, -28, -51, -9] [-25, 65, -21, -4]
[17, 10, -23, 39] [19, 33, 0, 45] [31, -21, 23, 26] [4, -57, 56, -8] [-1, 22, 5, -2] [3, 41, 20, 2] [-11, -28, -15, -7]
[14, -44, -25, 10] [17, 17, 5, -11] [16, -14, 33, 42] [-32, -41, 42, -17] [-53, -20, 18, -56] [-27, 41, 50, 21] [-11, 50, 33, 32]
[37, 12, -6, -5] [-15, 1, 30, -77] [32, 26, -4, -16] [7, -7, -11, -16] [79, 36, 22, -31] [-18, 45, -3, 3] [29, -26, 33, -18]
------------------------------
ALIVE
Head: (14 22)
Body: (14 22) (14 21) (14 20) (14 19) (14 18) (14 17) (14 16) (14 15) 
Length: 8, 4
Vision: 3
Hungry, suplies: 10/10
Reproductive: 16, mutating: 0.25
Generation: 67856
####################################
Wall (up, right, down, left):
[-9, -2, -6, -10] [-3, 9, 2, -28] [-28, -25, -6, -11] [6, 13, 16, 2] [4, 36, 52, 7] [3, -26, -41, -15] [3, -12, -14, -1]
[-35, -5, 27, -17] [39, 25, -4, 3] [-56, 20, 14, 1] [-39, 5, 18, 7] [11, 28, 12, 9] [-31, -15, 0, -16] [-25, -16, 18, -9]
[-12, 40, 33, 34] [-20, 32, -13, -26] [-20, 1, 61, 2] [-105, 24, 51, 5] [-41, -56, -13, 20] [-10, -18, -10, -8] [-2, -19, -30, 2]
[-12, 48, -10, -14] [15, 1, 20, -50] [13, 42, 10, -136] [0, 0, 0, 0] [48, -126, 19, 13] [16, -23, -6, -3] [15, 2, 33, 1]
[-1, -45, 15, 11] [12, -13, -27, -31] [-36, -21, -28, -48] [58, 8, -131, 41] [12, -16, -54, 60] [1, 24, -22, 15] [-11, -71, -25, 30]
[20, 26, 4, -7] [-35, 26, -5, 8] [35, -15, 34, -2] [-10, -3, -8, 2] [-15, -8, -36, -12] [-11, -26, -29, 16] [40, 12, 16, 0]
[-15, 15, 17, -18] [-1, -10, -46, -28] [18, 4, 22, 22] [-18, 14, -61, -26] [26, 15, -14, 36] [39, -1, -29, 27] [3, -4, 36, 4]
Food (up, right, down, left):
[12, 28, -20, 12] [-36, 28, 16, -20] [1, -10, 3, 7] [-13, 6, 56, 8] [20, -22, 56, -1] [9, -28, -8, -30] [-74, 6, 9, -38]
[-101, 19, -38, -21] [3, -34, -37, -11] [-1, 17, 41, 29] [-22, 2, -56, 51] [15, 32, 13, -66] [41, 14, -45, -2] [-6, 1, 22, 65]
[-38, -11, 40, -34] [8, 31, -5, 15] [-32, -41, -36, 42] [70, -43, 18, -3] [-4, -20, -20, -25] [-14, -1, -53, -25] [57, 35, 30, 23]
[10, 35, -4, 47] [-9, -2, -20, 19] [-24, 0, -26, -4] [0, 0, 0, 0] [-5, 50, -60, -2] [-8, -28, -51, -9] [-25, 65, -21, -4]
[17, 10, -23, 39] [19, 33, 4, 45] [31, -21, 23, 26] [7, -57, 56, -8] [-1, 22, 5, -2] [3, 41, 20, 2] [-11, -28, -15, -7]
[14, -44, -25, 10] [17, 17, 5, -11] [16, -14, 33, 38] [-32, -41, 42, -17] [-53, -20, 18, -56] [-27, 41, 50, 21] [-11, 50, 33, 32]
[37, 12, -6, -5] [-15, -3, 30, -77] [32, 22, -4, -16] [7, -7, -11, -16] [79, 36, 22, -31] [-18, 45, -2, 3] [29, -26, 33, -18]
------------------------------
ALIVE
Head: (5 53)
Body: (5 53) (4 53) (4 54) (3 54) (2 54) (2 55) (3 55) (3 -1) (3 0) (4 0) (5 0) (6 0) (7 57) (7 56) (7 55) 
Length: 15, 4
Vision: 3
Hungry, suplies: 10/10
Reproductive: 16, mutating: 0.25
Generation: 67849
####################################
Wall (up, right, down, left):
[-9, -2, -6, -10] [-3, 9, 2, -28] [-28, -25, -6, -11] [3, 13, 16, 2] [4, 36, 52, 7] [3, -26, -41, -15] [3, -12, -11, -4]
[-40, -5, 27, -17] [39, 25, -4, 3] [-53, 20, 14, 1] [-39, 5, 18, 12] [11, 28, 14, 9] [-31, -15, 0, -16] [-25, -16, 18, -9]
[-12, 40, 33, 34] [-20, 32, -13, -25] [-20, 1, 61, 2] [-105, 24, 51, 1] [-41, -56, -13, 20] [-10, -21, -10, -8] [-2, -19, -25, 2]
[-12, 48, -10, -14] [18, 1, 20, -50] [13, 42, 10, -136] [0, 0, 0, 0] [48, -126, 19, 13] [16, -23, -6, -3] [15, 2, 33, 1]
[-1, -45, 15, 11] [12, -13, -27, -31] [-36, -21, -28, -48] [58, 8, -131, 40] [12, -13, -54, 60] [1, 24, -22, 15] [-11, -71, -25, 30]
[20, 25, 4, -7] [-35, 26, -4, 8] [35, -15, 34, -2] [-10, -3, -8, 2] [-15, -8, -36, -12] [-11, -26, -29, 16] [40, 12, 16, 0]
[-15, 15, 17, -18] [-3, -10, -46, -28] [18, 4, 22, 22] [-18, 14, -61, -26] [26, 17, -14, 36] [39, -1, -29, 27] [3, -4, 36, 4]
Food (up, right, down, left):
[12, 28, -20, 12] [-36, 28, 16, -20] [1, -10, 3, 7] [-13, 6, 56, 6] [20, -22, 56, -1] [9, -28, -8, -30] [-79, 6, 9, -35]
[-101, 18, -38, -21] [3, -34, -37, -11] [-1, 17, 41, 32] [-22, 2, -59, 51] [15, 32, 17, -66] [41, 14, -45, -2] [-6, 1, 22, 65]
[-38, -11, 40, -34] [8, 31, -5, 16] [-32, -41, -36, 42] [70, -43, 16, -3] [-4, -20, -20, -25] [-13, -1, -53, -25] [57, 35, 30, 20]
[10, 35, -4, 47] [-9, -2, -20, 21] [-24, 0, -26, -4] [0, 0, 0, 0] [-5, 50, -60, -2] [-8, -28, -51, -9] [-25, 67, -21, -4]
[17, 10, -23, 39] [19, 33, 4, 45] [31, -21, 23, 26] [4, -57, 56, -8] [-1, 22, 5, -2] [3, 41, 20, 2] [-11, -28, -15, -7]
[14, -44, -22, 10] [17, 17, 5, -11] [16, -14, 33, 38] [-32, -41, 42, -17] [-53, -20, 18, -56] [-27, 41, 50, 21] [-11, 50, 33, 32]
[37, 12, -6, -5] [-15, 1, 30, -77] [32, 22, -4, -16] [7, -7, -11, -16] [79, 36, 22, -31] [-18, 45, -3, 3] [29, -26, 33, -18]
------------------------------
ALIVE
Head: (9 6)
Body: (9 6) (8 6) (7 6) (6 6) (6 5) (5 5) (4 5) (3 5) (3 6) (4 6) (4 7) (3 7) (3 8) (3 9) 
Length: 14, 4
Vision: 3
Hungry, suplies: 10/10
Reproductive: 16, mutating: 0.25
Generation: 67850
####################################
Wall (up, right, down, left):
[-9, -2, -6, -10] [-3, 9, 2, -28] [-28, -25, -6, -11] [6, 13, 16, 2] [4, 36, 52, 7] [3, -26, -41, -15] [3, -12, -14, -4]
[-35, -5, 27, -17] [39, 25, -4, 3] [-56, 20, 14, 1] [-39, 5, 18, 12] [11, 28, 14, 9] [-31, -15, 0, -16] [-25, -16, 18, -9]
[-12, 40, 33, 34] [-20, 32, -13, -26] [-20, 1, 61, 2] [-105, 24, 51, 5] [-41, -56, -13, 20] [-10, -18, -10, -8] [-2, -19, -30, 7]
[-12, 48, -10, -14] [15, 1, 20, -50] [13, 42, 10, -136] [0, 0, 0, 0] [48, -126, 19, 13] [16, -23, -6, -3] [15, 2, 33, 1]
[-1, -45, 15, 11] [12, -13, -27, -31] [-36, -21, -28, -48] [58, 8, -131, 41] [12, -16, -54, 60] [1, 24, -22, 15] [-11, -71, -25, 30]
[20, 26, 4, -7] [-35, 26, -4, 8] [35, -15, 34, -2] [-10, -3, -8, 2] [-15, -8, -36, -12] [-11, -26, -29, 16] [40, 12, 16, 0]
[-15, 15, 17, -18] [-1, -10, -46, -28] [18, 4, 22, 22] [-18, 14, -61, -26] [26, 15, -14, 36] [39, -1, -29, 27] [3, -4, 36, 4]
Food (up, right, down, left):
[12, 28, -20, 12] [-36, 28, 16, -20] [1, -10, 3, 7] [-13, 6, 56, 8] [20, -22, 56, -1] [9, -28, -8, -30] [-79, 6, 9, -38]
[-101, 19, -38, -21] [3, -34, -37, -11] [-1, 17, 41, 29] [-22, 2, -59, 51] [15, 32, 17, -66] [41, 14, -45, -2] [-6, 1, 22, 65]
[-38, -11, 40, -34] [8, 31, -5, 15] [-32, -41, -36, 42] [70, -43, 18, -3] [-4, -20, -20, -25] [-14, -1, -53, -25] [57, 31, 30, 23]
[10, 35, -4, 47] [-9, -2, -20, 19] [-24, 0, -26, -4] [0, 0, 0, 0] [-5, 50, -60, -2] [-8, -28, -51, -9] [-25, 65, -21, -4]
[17, 10, -23, 39] [19, 33, 4, 45] [31, -21, 23, 26] [7, -57, 56, -8] [-1, 22, 5, -2] [3, 41, 20, 2] [-11, -28, -15, -7]
[14, -44, -25, 10] [17, 17, 5, -11] [16, -14, 33, 38] [-32, -41, 42, -17] [-53, -20, 18, -56] [-27, 41, 50, 21] [-11, 50, 33, 32]
[37, 12, -6, -5] [-15, -3, 30, -77] [32, 22, -4, -16] [7, -7, -11, -16] [79, 36, 22, -31] [-20, 45, -2, 3] [29, -26, 33, -18]
------------------------------
ALIVE
Head: (3 51)
Body: (3 51) (3 50) (3 49) (2 49) (1 49) (0 49) (0 48) (0 47) (24 47) (24 46) 
Length: 10, 4
Vision: 3
Hungry, suplies: 3/10
Reproductive: 16, mutating: 0.25
Generation: 67849
####################################
Wall (up, right, down, left):
[-9, -2, -6, -10] [-3, 9, 2, -28] [-28, -25, -6, -11] [6, 13, 16, 2] [4, 36, 52, 7] [3, -26, -41, -15] [3, -12, -11, -4]
[-40, -5, 27, -17] [39, 25, -4, 3] [-53, 20, 14, 1] [-39, 5, 18, 12] [11, 28, 14, 9] [-31, -15, 0, -16] [-25, -16, 18, -9]
[-12, 40, 33, 34] [-20, 32, -13, -26] [-20, 1, 61, 2] [-105, 24, 51, 1] [-44, -56, -13, 20] [-10, -18, -10, -8] [-2, -19, -25, -3]
[-12, 48, -10, -14] [15, 1, 20, -50] [13, 42, 10, -136] [0, 0, 0, 0] [48, -126, 19, 13] [16, -23, -6, -1] [15, 2, 33, 1]
[-1, -45, 15, 11] [12, -13, -27, -31] [-36, -21, -28, -48] [58, 8, -131, 40] [12, -13, -54, 60] [1, 24, -22, 15] [-11, -71, -25, 30]
[20, 26, 4, -7] [-35, 26, -4, 12] [35, -15, 34, -2] [-10, -3, -8, 2] [-15, -8, -36, -12] [-11, -26, -29, 16] [40, 12, 16, 0]
[-15, 15, 17, -18] [-3, -10, -46, -28] [18, 4, 22, 22] [-18, 14, -61, -26] [26, 17, -14, 36] [39, -1, -29, 27] [3, -4, 36, 4]
Food (up, right, down, left):
[12, 28, -20, 12] [-36, 28, 16, -20] [1, -10, 3, 7] [-13, 6, 56, 8] [20, -22, 56, -1] [9, -28, -8, -30] [-79, 6, 9, -35]
[-101, 18, -38, -21] [3, -34, -37, -11] [-1, 17, 41, 32] [-22, 2, -59, 51] [15, 32, 17, -66] [41, 14, -45, -2] [-6, 1, 22, 65]
[-38, -11, 40, -34] [8, 31, -5, 15] [-32, -41, -36, 42] [70, -43, 16, -3] [-2, -20, -20, -25] [-14, -1, -53, -25] [57, 35, 29, 20]
[10, 35, -4, 47] [-9, -2, -20, 19] [-24, 0, -26, -4] [0, 0, 0, 0] [-5, 50, -60, -2] [-8, -28, -56, -9] [-25, 65, -21, -4]
[17, 10, -23, 39] [19, 33, 4, 45] [31, -21, 23, 26] [4, -57, 56, -8] [-1, 22, 5, -2] [3, 41, 20, 2] [-11, -28, -15, -7]
[14, -44, -25, 10] [17, 19, 5, -11] [16, -14, 33, 38] [-32, -41, 42, -17] [-53, -20, 18, -56] [-27, 41, 50, 21] [-11, 50, 33, 32]
[37, 12, -6, -5] [-15, 1, 30, -77] [32, 22, -4, -16] [7, -7, -11, -16] [79, 36, 22, -31] [-18, 45, -3, 3] [29, -26, 33, -18]
------------------------------
ALIVE
Head: (12 43)
Body: (12 43) (12 42) (12 41) (11 41) (10 41) (10 40) (9 40) (8 40) (7 40) (7 39) (6 39) (6 38) 
Length: 12, 4
Vision: 3
Hungry, suplies: 9/10
Reproductive: 16, mutating: 0.25
Generation: 67846
####################################
Wall (up, right, down, left):
[-9, -2, -6, -10] [-3, 9, 2, -28] [-28, -25, -6, -11] [6, 13, 16, 2] [4, 36, 52, 7] [3, -26, -41, -15] [3, -12, -11, -4]
[-40, -5, 27, -17] [39, 25, -4, 3] [-53, 20, 14, 1] [-39, 5, 18, 12] [11, 28, 14, 9] [-31, -15, 0, -16] [-25, -16, 18, -9]
[-12, 40, 33, 34] [-20, 32, -13, -26] [-20, 1, 61, 2] [-105, 24, 51, 1] [-44, -56, -13, 20] [-10, -18, -10, -8] [-2, -19, -25, -3]
[-12, 48, -10, -14] [15, 1, 20, -50] [13, 42, 10, -136] [0, 0, 0, 0] [48, -126, 19, 13] [16, -23, -6, -1] [15, 2, 33, 1]
[-1, -45, 15, 11] [12, -13, -27, -31] [-36, -21, -28, -48] [58, 8, -131, 40] [12, -13, -54, 60] [1, 24, -22, 15] [-11, -71, -25, 30]
[20, 26, 4, -7] [-35, 26, -4, 12] [35, -15, 34, -2] [-10, -3, -8, 2] [-15, -8, -36, -12] [-11, -26, -29, 16] [40, 12, 16, 0]
[-15, 15, 17, -18] [-3, -10, -46, -28] [18, 4, 22, 22] [-18, 14, -61, -26] [26, 17, -14, 36] [39, -5, -29, 27] [3, -4, 36, 4]
Food (up, right, down, left):
[12, 28, -20, 12] [-36, 28, 16, -20] [1, -10, 3, 7] [-13, 6, 56, 8] [20, -22, 56, -1] [9, -28, -8, -30] [-79, 6, 9, -35]
[-101, 18, -38, -21] [3, -34, -37, -11] [-1, 17, 41, 32] [-22, 2, -59, 51] [15, 32, 17, -66] [41, 14, -45, -2] [-6, 1, 22, 65]
[-38, -11, 40, -34] [8, 31, -5, 15] [-32, -41, -36, 42] [70, -43, 16, -3] [-2, -20, -20, -25] [-14, -1, -53, -25] [57, 35, 29, 20]
[10, 35, -4, 47] [-9, -2, -20, 19] [-24, 0, -26, -4] [0, 0, 0, 0] [-5, 50, -60, -2] [-8, -28, -56, -9] [-25, 65, -21, -4]
[17, 10, -23, 39] [19, 33, 4, 45] [31, -21, 23, 26] [4, -57, 56, -8] [-1, 22, 5, -2] [3, 41, 20, 2] [-11, -28, -15, -7]
[14, -44, -25, 10] [17, 19, 5, -11] [16, -14, 33, 38] [-32, -41, 42, -17] [-53, -20, 18, -56] [-27, 41, 50, 21] [-11, 50, 33, 32]
[37, 12, -6, -5] [-15, 1, 30, -77] [32, 22, -4, -16] [7, -7, -11, -16] [79, 36, 22, -31] [-18, 45, -3, 6] [29, -26, 33, -18]
------------------------------
ALIVE
Head: (15 23)
Body: (15 23) (14 23) (13 23) (12 23) (11 23) 
Length: 5, 4
Vision: 3
Hungry, suplies: 9/10
Reproductive: 16, mutating: 0.25
Generation: 67848
####################################
Wall (up, right, down, left):
[-9, -2, -6, -10] [-3, 9, 2, -28] [-28, -25, -6, -11] [6, 13, 16, 2] [4, 36, 52, 7] [3, -26, -41, -15] [3, -12, -11, -4]
[-40, -5, 27, -17] [39, 25, -4, 3] [-53, 20, 14, 1] [-39, 5, 18, 12] [11, 28, 14, 9] [-31, -15, 0, -16] [-25, -16, 18, -9]
[-12, 40, 33, 34] [-20, 32, -13, -26] [-20, 1, 61, 2] [-105, 24, 51, 1] [-44, -56, -13, 20] [-10, -18, -10, -8] [-2, -19, -25, -3]
[-12, 48, -10, -14] [15, 1, 20, -50] [13, 42, 10, -136] [0, 0, 0, 0] [48, -126, 19, 13] [16, -23, -6, -1] [15, 2, 33, 1]
[-1, -45, 15, 11] [12, -13, -27, -31] [-36, -21, -28, -48] [58, 8, -131, 40] [12, -13, -54, 60] [1, 24, -22, 15] [-11, -71, -25, 30]
[20, 26, 4, -7] [-35, 26, -4, 12] [35, -15, 34, -2] [-10, -3, -8, 2] [-15, -8, -36, -12] [-11, -26, -29, 16] [40, 12, 16, 0]
[-15, 15, 17, -18] [-3, -10, -46, -28] [18, 4, 22, 22] [-18, 14, -61, -26] [26, 17, -14, 36] [39, -1, -29, 27] [3, -4, 36, 4]
Food (up, right, down, left):
[12, 28, -20, 12] [-36, 28, 16, -20] [1, -10, 3, 7] [-13, 6, 56, 8] [20, -22, 56, -1] [9, -28, -8, -30] [-79, 6, 9, -35]
[-101, 18, -38, -21] [3, -34, -37, -11] [-1, 17, 41, 32] [-22, 2, -59, 51] [15, 32, 17, -66] [41, 14, -45, -2] [-6, 1, 22, 65]
[-38, -11, 40, -34] [8, 31, -5, 15] [-32, -41, -36, 42] [70, -43, 16, -3] [-2, -20, -20, -25] [-14, -1, -53, -25] [57, 35, 29, 20]
[10, 35, -4, 47] [-9, -2, -20, 19] [-24, 0, -26, -4] [0, 0, 0, 0] [-5, 50, -60, -2] [-8, -28, -56, -9] [-25, 65, -21, -4]
[17, 10, -23, 39] [19, 33, 4, 45] [31, -21, 23, 26] [4, -57, 56, -8] [-1, 22, 5, -2] [3, 41, 20, 2] [-11, -28, -15, -7]
[14, -44, -25, 10] [17, 19, 5, -11] [16, -14, 33, 38] [-32, -41, 42, -17] [-53, -20, 18, -56] [-27, 41, 50, 21] [-11, 50, 33, 32]
[37, 12, -6, -5] [-15, 1, 30, -77] [32, 22, -4, -16] [7, -7, -11, -16] [79, 36, 22, -31] [-18, 45, -3, 3] [29, -26, 33, -18]
------------------------------
ALIVE
Head: (9 48)
Body: (9 48) (8 48) (8 47) (8 46) (7 46) (7 45) (6 45) (5 45) 
Length: 8, 4
Vision: 3
Hungry, suplies: 8/10
Reproductive: 16, mutating: 0.25
Generation: 67847
####################################
Wall (up, right, down, left):
[-9, -2, -6, -10] [-3, 9, 2, -28] [-28, -25, -6, -11] [3, 13, 16, 2] [4, 36, 52, 7] [3, -26, -41, -15] [3, -12, -11, -4]
[-40, -5, 27, -17] [39, 25, -4, 3] [-53, 20, 14, 1] [-39, 5, 18, 12] [11, 28, 14, 9] [-31, -15, 0, -16] [-25, -16, 18, -9]
[-12, 40, 33, 34] [-20, 32, -13, -25] [-20, 1, 61, 2] [-105, 24, 51, 1] [-41, -56, -13, 20] [-10, -21, -10, -8] [-2, -19, -25, 2]
[-12, 48, -10, -14] [15, 1, 20, -50] [13, 42, 10, -136] [0, 0, 0, 0] [48, -126, 19, 13] [16, -23, -6, -3] [15, 2, 33, 1]
[-1, -45, 15, 11] [12, -13, -27, -31] [-36, -21, -28, -48] [58, 8, -131, 40] [12, -13, -54, 60] [1, 24, -22, 15] [-11, -71, -25, 30]
[20, 25, 4, -7] [-35, 26, -4, 8] [35, -15, 34, -2] [-10, -3, -8, 2] [-15, -8, -36, -12] [-11, -26, -29, 16] [40, 12, 16, 0]
[-15, 15, 17, -18] [-3, -10, -41, -28] [18, 4, 22, 22] [-18, 14, -61, -26] [26, 17, -14, 36] [39, -1, -29, 27] [3, -4, 36, 4]
Food (up, right, down, left):
[12, 28, -20, 12] [-36, 28, 16, -20] [1, -10, 3, 7] [-13, 6, 56, 6] [20, -22, 56, -1] [9, -28, -8, -30] [-79, 6, 9, -35]
[-101, 18, -38, -21] [3, -34, -37, -11] [-1, 17, 41, 32] [-22, 2, -59, 51] [15, 32, 17, -66] [41, 14, -45, -2] [-6, 1, 22, 65]
[-38, -11, 40, -34] [8, 31, -5, 16] [-32, -41, -36, 42] [70, -43, 16, -3] [-4, -20, -20, -25] [-13, -1, -53, -25] [57, 35, 30, 20]
[10, 35, -4, 47] [-9, -2, -20, 19] [-24, 0, -26, -4] [0, 0, 0, 0] [-5, 50, -60, -2] [-8, -28, -51, -9] [-25, 67, -21, -4]
[17, 10, -23, 39] [19, 33, 4, 45] [31, -21, 23, 26] [4, -57, 56, -8] [-1, 22, 5, -2] [3, 41, 20, 2] [-11, -28, -15, -7]
[14, -44, -22, 10] [17, 17, 5, -11] [16, -14, 33, 38] [-32, -41, 42, -17] [-53, -20, 18, -56] [-27, 41, 50, 21] [-11, 50, 33, 32]
[37, 12, -6, -5] [-15, -2, 30, -77] [32, 22, -4, -16] [7, -7, -11, -16] [79, 36, 22, -31] [-18, 45, -3, 3] [29, -26, 33, -18]
------------------------------
ALIVE
Head: (11 38)
Body: (11 38) (11 37) (10 37) (10 36) (10 35) (10 34) (9 34) (9 33) 
Length: 8, 4
Vision: 3
Hungry, suplies: 7/10
Reproductive: 16, mutating: 0.25
Generation: 67849
####################################
Wall (up, right, down, left):
[-9, -2, -6, -10] [-3, 9, 2, -28] [-28, -25, -6, -11] [3, 13, 16, 2] [4, 36, 52, 7] [3, -26, -41, -15] [3, -12, -11, -4]
[-40, -5, 27, -17] [39, 25, -4, 3] [-53, 20, 14, 1] [-39, 5, 18, 12] [11, 28, 14, 9] [-31, -15, 0, -16] [-25, -16, 18, -9]
[-12, 40, 33, 34] [-20, 32, -13, -25] [-20, 1, 61, 2] [-105, 24, 51, 1] [-41, -56, -13, 20] [-10, -21, -10, -8] [-2, -19, -25, 2]
[-12, 48, -10, -14] [15, 1, 20, -50] [13, 42, 10, -136] [0, 0, 0, 0] [48, -126, 19, 13] [16, -23, -6, -3] [15, 2, 33, 1]
[-1, -45, 15, 11] [12, -13, -27, -31] [-36, -21, -28, -48] [58, 8, -131, 40] [12, -13, -54, 60] [1, 24, -22, 15] [-11, -71, -25, 30]
[20, 25, 4, -7] [-35, 26, -4, 8] [35, -15, 34, -2] [-10, -3, -10, 2] [-15, -8, -36, -12] [-11, -26, -29, 16] [40, 12, 16, 0]
[-15, 15, 17, -18] [-3, -10, -46, -28] [18, 4, 22, 22] [-18, 14, -61, -26] [26, 17, -14, 36] [39, -1, -29, 27] [3, -4, 36, 4]
Food (up, right, down, left):
[12, 28, -20, 12] [-36, 28, 16, -20] [1, -10, 3, 7] [-13, 6, 56, 6] [20, -22, 56, -1] [9, -28, -8, -30] [-79, 6, 9, -35]
[-101, 18, -38, -21] [3, -34, -37, -11] [-1, 17, 41, 32] [-22, 2, -59, 51] [15, 32, 17, -66] [41, 14, -45, -2] [-6, 1, 22, 65]
[-38, -11, 40, -34] [8, 31, -5, 16] [-32, -41, -36, 42] [70, -43, 16, -3] [-4, -20, -20, -25] [-13, -1, -53, -25] [57, 35, 30, 20]
[10, 35, -4, 47] [-9, -2, -20, 19] [-24, 0, -26, -4] [0, 0, 0, 0] [-5, 50, -60, -2] [-8, -28, -51, -9] [-25, 67, -21, -4]
[17, 10, -23, 39] [19, 33, 4, 45] [31, -21, 23, 26] [4, -57, 56, -8] [-1, 22, 5, -2] [3, 41, 20, 2] [-11, -28, -15, -7]
[14, -44, -22, 10] [17, 17, 5, -11] [16, -14, 33, 38] [-37, -41, 42, -17] [-53, -20, 18, -56] [-27, 41, 50, 21] [-11, 50, 33, 32]
[37, 12, -6, -5] [-15, 1, 30, -77] [32, 22, -4, -16] [7, -7, -11, -16] [79, 36, 22, -31] [-18, 45, -3, 3] [29, -26, 33, -18]
------------------------------
ALIVE
Head: (21 32)
Body: (21 32) (22 32) (22 31) (23 31) (23 30) (23 29) (24 29) (24 30) (24 31) (0 31) (0 32) (0 33) 
Length: 12, 4
Vision: 3
Hungry, suplies: 5/10
Reproductive: 16, mutating: 0.25
Generation: 67851
####################################
Wall (up, right, down, left):
[-9, -2, -6, -10] [-3, 9, 2, -28] [-28, -25, -6, -11] [6, 13, 16, 2] [4, 36, 52, 7] [3, -26, -41, -15] [3, -12, -14, -4]
[-35, -5, 27, -17] [39, 25, -4, 3] [-56, 20, 14, 1] [-39, 5, 18, 12] [11, 28, 14, 9] [-31, -15, 0, -16] [-25, -16, 18, -9]
[-12, 40, 33, 34] [-20, 32, -13, -26] [-20, 1, 61, 2] [-105, 24, 51, 5] [-41, -56, -13, 20] [-10, -18, -10, -8] [-2, -19, -30, 2]
[-12, 48, -10, -14] [15, 1, 20, -50] [13, 42, 10, -136] [0, 0, 0, 0] [48, -126, 19, 13] [16, -23, -6, -3] [15, 2, 33, 1]
[-1, -45, 15, 11] [12, -13, -27, -31] [-36, -21, -28, -48] [58, 8, -131, 41] [12, -16, -54, 60] [1, 24, -22, 15] [-11, -71, -25, 30]
[20, 26, 4, -7] [-35, 26, -4, 8] [35, -15, 34, -2] [-10, -3, -8, 2] [-15, -8, -36, -12] [-11, -26, -29, 16] [40, 12, 16, 0]
[-15, 15, 17, -18] [-1, -10, -46, -28] [18, 4, 22, 22] [-18, 14, -61, -26] [26, 15, -14, 36] [39, -1, -29, 27] [3, -4, 36, 4]
Food (up, right, down, left):
[12, 28, -20, 12] [-36, 28, 16, -20] [1, -10, 3, 7] [-13, 6, 56, 8] [20, -22, 56, -1] [9, -28, -8, -30] [-79, 6, 9, -38]
[-101, 19, -38, -21] [3, -34, -37, -11] [-1, 17, 41, 29] [-22, 2, -59, 51] [15, 32, 17, -66] [41, 14, -45, -2] [-6, 1, 22, 65]
[-38, -11, 40, -34] [8, 31, -5, 15] [-32, -41, -36, 42] [70, -43, 18, -3] [-4, -20, -20, -25] [-14, -1, -53, -25] [57, 35, 30, 23]
[10, 35, -4, 47] [-9, -2, -20, 19] [-24, 0, -26, -4] [0, 0, 0, 0] [-5, 50, -60, -2] [-8, -28, -51, -9] [-25, 65, -21, -4]
[17, 10, -23, 39] [19, 33, 4, 45] [31, -21, 23, 26] [7, -57, 56, -8] [-1, 22, 5, -2] [3, 41, 20, 2] [-11, -28, -15, -7]
[14, -44, -25, 10] [17, 17, 5, -11] [16, -14, 33, 38] [-32, -41, 42, -17] [-53, -20, 18, -56] [-27, 41, 50, 21] [-11, 50, 33, 32]
[37, 12, -6, -5] [-15, -3, 30, -77] [32, 22, -4, -16] [7, -7, -11, -16] [79, 36, 22, -31] [-20, 45, -2, 3] [29, -26, 33, -18]
------------------------------
ALIVE
Head: (12 38)
Body: (12 38) (12 37) (12 36) (12 35) (12 34) (12 33) (12 32) (13 32) 
Length: 8, 4
Vision: 3
Hungry, suplies: 10/10
Reproductive: 16, mutating: 0.25
Generation: 67850
####################################
Wall (up, right, down, left):
[-9, -2, -6, -10] [-3, 9, 2, -28] [-28, -25, -6, -11] [6, 13, 16, 2] [4, 36, 52, 7] [3, -26, -41, -15] [3, -12, -14, -4]
[-35, -5, 27, -17] [39, 25, -4, 3] [-56, 20, 14, 1] [-39, 5, 18, 12] [11, 28, 14, 9] [-31, -15, 0, -16] [-25, -16, 18, -9]
[-12, 40, 33, 34] [-20, 32, -13, -26] [-20, 1, 61, 2] [-105, 24, 51, 5] [-41, -56, -13, 20] [-10, -18, -10, -8] [-2, -19, -30, 2]
[-12, 48, -10, -14] [15, 1, 20, -50] [13, 42, 10, -136] [0, 0, 0, 0] [48, -126, 19, 13] [16, -23, -6, -3] [15, 2, 33, 1]
[-1, -45, 15, 11] [12, -13, -27, -31] [-36, -21, -28, -48] [58, 8, -131, 41] [12, -16, -54, 60] [1, 24, -22, 15] [-11, -71, -25, 30]
[20, 26, 4, -7] [-35, 26, -4, 8] [35, -15, 34, -2] [-10, -3, -8, 2] [-15, -8, -36, -12] [-11, -26, -29, 16] [40, 12, 16, 0]
[-15, 15, 17, -18] [-1, -10, -46, -28] [18, 4, 22, 22] [-18, 14, -61, -26] [26, 15, -14, 36] [39, -1, -29, 27] [3, -4, 36, 4]
Food (up, right, down, left):
[12, 28, -20, 12] [-36, 28, 16, -20] [1, -10, 3, 7] [-13, 6, 56, 8] [20, -22, 56, -1] [9, -28, -8, -30] [-79, 6, 9, -38]
[-101, 19, -38, -21] [3, -34, -37, -11] [-1, 17, 41, 29] [-22, 2, -59, 51] [15, 32, 17, -66] [41, 14, -45, -2] [-6, 1, 22, 65]
[-38, -11, 40, -34] [8, 31, -5, 15] [-32, -41, -36, 42] [70, -43, 18, -3] [-4, -20, -20, -25] [-14, -1, -53, -25] [57, 35, 30, 23]
[10, 35, -4, 47] [-9, -2, -20, 19] [-24, 0, -26, -4] [0, 0, 0, 0] [-5, 50, -60, -2] [-8, -28, -51, -9] [-25, 65, -21, -4]
[17, 10, -23, 39] [19, 33, 4, 45] [31, -21, 23, 26] [7, -57, 56, -8] [-1, 22, 5, -2] [3, 41, 20, 2] [-11, -28, -15, -7]
[14, -44, -25, 10] [17, 17, 5, -11] [16, -14, 33, 38] [-32, -41, 42, -17] [-53, -20, 18, -56] [-27, 41, 50, 21] [-11, 50, 33, 32]
[37, 12, -6, -5] [-15, -3, 30, -77] [32, 22, -4, -16] [7, -7, -11, -16] [79, 36, 22, -31] [-20, 45, -2, 3] [29, -26, 33, -18]
------------------------------
ALIVE
Head: (1 39)
Body: (1 39) (25 39) (24 39) (23 39) (23 38) (23 37) (23 36) (23 35) 
Length: 8, 4
Vision: 3
Hungry, suplies: 10/10
Reproductive: 16, mutating: 0.25
Generation: 67849
####################################
Wall (up, right, down, left):
[-9, -2, -6, -10] [-3, 9, 2, -28] [-28, -25, -6, -11] [6, 13, 16, 2] [4, 36, 52, 7] [3, -26, -41, -15] [3, -12, -11, -4]
[-40, -5, 27, -17] [39, 25, -4, 3] [-53, 20, 14, 1] [-39, 5, 18, 12] [11, 28, 14, 9] [-31, -15, 0, -16] [-25, -16, 18, -9]
[-12, 40, 33, 34] [-20, 32, -13, -26] [-20, 1, 61, 2] [-105, 24, 51, 1] [-44, -56, -13, 20] [-10, -18, -10, -8] [-2, -19, -25, -3]
[-12, 48, -10, -14] [15, 1, 20, -50] [13, 42, 10, -136] [0, 0, 0, 0] [48, -126, 19, 13] [16, -23, -6, -1] [15, 2, 33, 1]
[-1, -45, 15, 11] [12, -13, -27, -31] [-36, -21, -28, -48] [58, 8, -131, 40] [12, -13, -54, 60] [1, 24, -22, 15] [-11, -71, -25, 30]
[20, 26, 4, -7] [-35, 26, -4, 12] [35, -15, 34, -2] [-10, -3, -8, 2] [-15, -8, -36, -12] [-11, -26, -29, 16] [40, 12, 16, 0]
[-15, 15, 17, -18] [-3, -10, -46, -28] [18, 4, 22, 22] [-18, 14, -61, -26] [26, 17, -14, 36] [39, -1, -29, 27] [3, -4, 36, 4]
Food (up, right, down, left):
[12, 28, -20, 12] [-36, 28, 16, -20] [1, -10, 3, 7] [-13, 6, 56, 8] [20, -22, 56, -1] [9, -28, -8, -30] [-79, 6, 9, -35]
[-101, 18, -38, -21] [3, -34, -37, -11] [-1, 17, 41, 32] [-22, 2, -59, 51] [15, 32, 17, -66] [41, 14, -45, -2] [-6, 1, 22, 65]
[-38, -11, 40, -34] [8, 31, -5, 15] [-32, -41, -36, 42] [70, -43, 16, -3] [-2, -20, -20, -25] [-14, -1, -53, -25] [57, 35, 29, 20]
[10, 35, -4, 47] [-9, -2, -20, 19] [-24, 0, -26, -4] [0, 0, 0, 0] [-5, 50, -60, -2] [-8, -28, -56, -9] [-25, 65, -21, -4]
[17, 10, -23, 39] [19, 33, 4, 45] [31, -21, 23, 26] [4, -57, 56, -8] [-1, 22, 5, -2] [3, 41, 20, 2] [-11, -28, -15, -7]
[14, -44, -25, 10] [17, 19, 5, -11] [16, -14, 33, 38] [-32, -41, 42, -17] [-53, -20, 18, -56] [-27, 41, 50, 21] [-11, 50, 33, 32]
[37, 12, -6, -5] [-15, 1, 30, -77] [32, 22, -4, -16] [7, -7, -11, -16] [79, 36, 22, -31] [-18, 45, -3, 3] [29, -26, 33, -18]
------------------------------
ALIVE
Head: (14 39)
Body: (14 39) (14 38) (14 37) (13 37) (13 36) (13 35) (14 35) (15 35) (15 36) (16 36) (16 35) (16 34) 
Length: 12, 4
Vision: 3
Hungry, suplies: 10/10
Reproductive: 16, mutating: 0.25
Generation: 67848
####################################
Wall (up, right, down, left):
[-9, -2, -6, -10] [-3, 9, 2, -28] [-28, -25, -6, -11] [6, 13, 16, 2] [4, 36, 52, 7] [3, -26, -41, -15] [3, -12, -11, -1]
[-40, -5, 27, -17] [39, 25, -4, 3] [-53, 20, 14, 1] [-39, 5, 18, 7] [11, 28, 14, 9] [-31, -15, 0, -16] [-25, -16, 18, -9]
[-12, 40, 33, 34] [-20, 32, -13, -26] [-20, 1, 61, 2] [-105, 24, 51, 5] [-41, -56, -13, 20] [-10, -18, -10, -7] [-2, -19, -30, 2]
[-12, 48, -10, -14] [15, 1, 20, -50] [13, 42, 10, -136] [0, 0, 0, 0] [48, -126, 19, 13] [16, -23, -6, -3] [15, 2, 33, 1]
[-1, -45, 15, 11] [12, -13, -31, -31] [-36, -21, -28, -48] [58, 8, -131, 40] [12, -13, -54, 60] [1, 24, -22, 15] [-11, -71, -25, 30]
[20, 26, 4, -7] [-35, 26, -4, 8] [35, -15, 34, -1] [-10, -3, -8, 2] [-15, -8, -36, -12] [-11, -26, -29, 16] [40, 12, 16, 0]
[-15, 15, 17, -18] [-3, -10, -46, -28] [18, 4, 19, 22] [-18, 14, -61, -26] [26, 17, -14, 36] [39, -1, -29, 27] [3, -4, 36, 4]
Food (up, right, down, left):
[12, 28, -20, 12] [-36, 28, 16, -20] [1, -10, 3, 7] [-13, 6, 56, 8] [20, -22, 56, -1] [9, -28, -8, -30] [-77, 6, 9, -35]
[-101, 18, -38, -21] [3, -34, -37, -11] [-1, 17, 41, 32] [-22, 2, -58, 51] [15, 32, 17, -66] [41, 14, -45, -2] [-6, 1, 22, 65]
[-38, -11, 40, -34] [8, 31, -5, 15] [-32, -41, -36, 42] [70, -43, 18, -3] [-4, -20, -20, -25] [-17, -1, -53, -25] [57, 35, 30, 23]
[10, 35, -4, 47] [-9, -2, -20, 19] [-24, 0, -26, -4] [0, 0, 0, 0] [-5, 50, -60, -2] [-8, -28, -51, -9] [-25, 65, -21, -4]
[17, 10, -23, 39] [19, 33, 0, 45] [31, -21, 23, 26] [4, -57, 56, -8] [-1, 22, 5, -2] [3, 41, 20, 2] [-11, -28, -15, -7]
[14, -44, -25, 10] [17, 17, 5, -11] [16, -14, 33, 42] [-32, -41, 42, -17] [-53, -20, 18, -56] [-27, 41, 50, 21] [-11, 50, 33, 32]
[37, 12, -6, -5] [-15, 1, 30, -77] [32, 26, -4, -16] [7, -7, -11, -16] [79, 36, 22, -31] [-18, 45, -3, 3] [29, -26, 33, -18]
------------------------------
ALIVE
Head: (8 11)
Body: (8 11) (8 12) (9 12) (9 13) (10 13) (11 13) (12 13) (12 14) (12 15) 
Length: 9, 4
Vision: 3
Hungry, suplies: 5/10
Reproductive: 16, mutating: 0.25
Generation: 67857
####################################
Wall (up, right, down, left):
[-9, -2, -6, -10] [-3, 9, 2, -28] [-28, -25, -6, -11] [3, 13, 16, 2] [4, 36, 52, 7] [3, -26, -41, -15] [3, -12, -11, -4]
[-40, -5, 27, -17] [39, 25, -4, 3] [-53, 20, 14, 1] [-39, 5, 18, 12] [11, 28, 14, 9] [-31, -15, 0, -16] [-25, -16, 18, -9]
[-12, 40, 33, 34] [-20, 32, -13, -25] [-20, 1, 61, 2] [-105, 24, 51, 1] [-41, -56, -13, 20] [-10, -21, -10, -8] [-2, -19, -25, 2]
[-12, 48, -10, -14] [18, 1, 20, -50] [13, 42, 10, -136] [0, 0, 0, 0] [48, -126, 19, 13] [16, -23, -6, -3] [15, 2, 33, 1]
[-1, -45, 15, 11] [12, -13, -27, -31] [-36, -21, -28, -48] [58, 8, -131, 40] [12, -13, -54, 60] [1, 24, -22, 15] [-11, -71, -25, 30]
[20, 25, 4, -7] [-35, 26, -4, 8] [35, -15, 34, -2] [-10, -3, -8, 2] [-15, -8, -36, -12] [-11, -26, -29, 16] [40, 12, 16, 0]
[-15, 15, 17, -18] [-3, -10, -46, -28] [18, 4, 22, 22] [-18, 14, -61, -26] [26, 17, -14, 36] [39, -1, -29, 27] [3, -4, 36, 4]
Food (up, right, down, left):
[12, 28, -20, 12] [-36, 28, 16, -20] [1, -10, 3, 7] [-13, 6, 56, 6] [20, -22, 56, -1] [9, -28, -8, -30] [-79, 6, 9, -35]
[-101, 18, -38, -21] [3, -34, -37, -11] [-1, 17, 41, 32] [-22, 2, -59, 51] [15, 32, 17, -66] [41, 14, -45, -2] [-6, 1, 22, 65]
[-38, -11, 40, -34] [8, 31, -5, 16] [-32, -41, -36, 42] [70, -43, 16, -3] [-4, -20, -20, -25] [-13, -1, -53, -25] [57, 35, 30, 20]
[10, 35, -4, 47] [-9, -2, -20, 21] [-24, 0, -26, -4] [0, 0, 0, 0] [-5, 50, -60, -2] [-8, -28, -51, -9] [-25, 67, -21, -4]
[17, 10, -23, 39] [19, 33, 4, 45] [31, -21, 23, 26] [4, -57, 56, -8] [-1, 22, 5, -2] [3, 41, 20, 2] [-11, -28, -15, -7]
[14, -44, -22, 10] [17, 17, 5, -11] [16, -14, 33, 38] [-32, -41, 42, -17] [-53, -20, 18, -56] [-27, 41, 50, 21] [-11, 50, 33, 32]
[37, 12, -6, -5] [-15, 1, 30, -77] [32, 22, -4, -16] [7, -7, -11, -16] [79, 36, 22, -31] [-18, 45, -3, 3] [29, -26, 33, -18]
------------------------------
ALIVE
Head: (12 28)
Body: (12 28) (12 27) (11 27) (10 27) (9 27) (8 27) (8 26) (8 25) (8 24) (9 24) (9 25) (9 26) 
Length: 12, 4
Vision: 3
Hungry, suplies: 10/10
Reproductive: 16, mutating: 0.25
Generation: 67849
####################################
Wall (up, right, down, left):
[-9, -2, -6, -10] [-3, 9, 2, -28] [-28, -25, -6, -11] [6, 13, 16, 2] [4, 36, 52, 7] [3, -26, -41, -15] [3, -12, -11, -4]
[-40, -5, 27, -17] [39, 25, -4, 3] [-53, 20, 14, 1] [-39, 5, 18, 12] [11, 28, 14, 9] [-31, -15, 0, -16] [-25, -16, 18, -9]
[-12, 40, 33, 34] [-20, 32, -13, -26] [-20, 1, 61, 2] [-105, 24, 51, 1] [-44, -56, -13, 20] [-10, -18, -10, -8] [-2, -19, -25, -3]
[-12, 48, -10, -14] [15, 1, 20, -50] [13, 42, 10, -136] [0, 0, 0, 0] [48, -126, 19, 13] [16, -23, -6, 4] [15, 2, 33, 1]
[-1, -45, 15, 11] [12, -13, -27, -31] [-36, -21, -28, -48] [58, 8, -131, 40] [12, -13, -54, 60] [1, 24, -22, 15] [-11, -71, -25, 30]
[20, 26, 4, -7] [-35, 26, -4, 12] [35, -15, 34, -2] [-10, -3, -8, 2] [-15, -8, -36, -12] [-11, -26, -29, 16] [40, 12, 16, 0]
[-15, 15, 17, -18] [-3, -10, -46, -28] [18, 4, 22, 22] [-18, 14, -61, -26] [26, 17, -14, 36] [39, -1, -29, 27] [3, -4, 36, 4]
Food (up, right, down, left):
[12, 28, -20, 12] [-36, 28, 16, -20] [1, -10, 3, 7] [-13, 6, 56, 8] [20, -22, 56, -1] [9, -28, -8, -30] [-79, 6, 9, -35]
[-101, 18, -38, -21] [3, -34, -37, -11] [-1, 17, 41, 32] [-22, 2, -59, 51] [15, 32, 17, -66] [41, 14, -45, -2] [-6, 1, 22, 65]
[-38, -11, 40, -34] [8, 31, -5, 15] [-32, -41, -36, 42] [70, -43, 16, -3] [-2, -20, -20, -25] [-14, -1, -53, -25] [57, 35, 29, 20]
[10, 35, -4, 47] [-9, -2, -20, 19] [-24, 0, -26, -4] [0, 0, 0, 0] [-5, 50, -60, -2] [-8, -32, -56, -9] [-25, 65, -21, -4]
[17, 10, -23, 39] [19, 33, 4, 45] [31, -21, 23, 26] [4, -57, 56, -8] [-1, 22, 5, -2] [3, 41, 20, 2] [-11, -28, -15, -7]
[14, -44, -25, 10] [17, 19, 5, -11] [16, -14, 33, 38] [-32, -41, 42, -17] [-53, -20, 18, -56] [-27, 41, 50, 21] [-11, 50, 33, 32]
[37, 12, -6, -5] [-15, 1, 30, -77] [32, 22, -4, -16] [7, -7, -11, -16] [79, 36, 22, -31] [-18, 45, -3, 3] [29, -26, 33, -18]
------------------------------
ALIVE
Head: (5 36)
Body: (5 36) (6 36) (7 36) (7 35) (7 34) (6 34) (6 33) (6 32) (6 31) 
Length: 9, 4
Vision: 3
Hungry, suplies: 4/10
Reproductive: 16, mutating: 0.25
Generation: 67847
####################################
Wall (up, right, down, left):
[-9, -2, -6, -10] [-3, 9, 2, -28] [-28, -25, -6, -11] [3, 13, 16, 2] [4, 36, 52, 7] [3, -26, -41, -15] [3, -12, -11, -4]
[-40, -5, 27, -17] [39, 25, -4, 3] [-53, 20, 14, 1] [-39, 5, 18, 12] [11, 28, 14, 9] [-31, -15, 0, -16] [-25, -16, 18, -9]
[-12, 40, 33, 34] [-20, 32, -13, -25] [-20, 1, 61, 2] [-105, 24, 51, 1] [-41, -56, -13, 20] [-10, -21, -10, -8] [-2, -19, -25, 2]
[-12, 48, -10, -14] [15, 1, 20, -50] [13, 42, 10, -136] [0, 0, 0, 0] [48, -126, 19, 13] [16, -23, -6, -3] [15, 2, 33, 1]
[-1, -45, 15, 11] [12, -13, -27, -31] [-36, -21, -28, -48] [58, 8, -131, 40] [12, -13, -54, 60] [1, 24, -22, 15] [-11, -71, -25, 30]
[20, 25, 4, -7] [-35, 26, -4, 8] [35, -15, 34, -2] [-10, -3, -8, 2] [-15, -8, -36, -17] [-11, -26, -29, 16] [40, 12, 16, 0]
[-15, 15, 17, -18] [-3, -10, -41, -28] [18, 4, 22, 22] [-18, 14, -61, -26] [26, 17, -14, 36] [39, -1, -29, 27] [3, -4, 36, 4]
Food (up, right, down, left):
[12, 28, -20, 12] [-36, 28, 16, -20] [1, -10, 3, 7] [-13, 6, 56, 6] [20, -22, 56, -1] [9, -28, -8, -30] [-79, 6, 9, -35]
[-101, 18, -38, -21] [3, -34, -37, -11] [-1, 17, 41, 32] [-22, 2, -59, 51] [15, 32, 17, -66] [41, 14, -45, -2] [-6, 1, 22, 65]
[-38, -11, 40, -34] [8, 31, -5, 16] [-32, -41, -36, 42] [70, -43, 16, -3] [-4, -20, -20, -25] [-13, -1, -53, -25] [57, 35, 30, 20]
[10, 35, -4, 47] [-9, -2, -20, 19] [-24, 0, -26, -4] [0, 0, 0, 0] [-5, 50, -60, -2] [-8, -28, -51, -9] [-25, 67, -21, -4]
[17, 10, -23, 39] [19, 33, 4, 45] [31, -21, 23, 26] [4, -57, 56, -8] [-1, 22, 5, -2] [3, 41, 20, 2] [-11, -28, -15, -7]
[14, -44, -22, 10] [17, 17, 5, -11] [16, -14, 33, 38] [-32, -41, 42, -17] [-53, -20, 18, -52] [-27, 41, 50, 21] [-11, 50, 33, 32]
[37, 12, -6, -5] [-15, -2, 30, -77] [32, 22, -4, -16] [7, -7, -11, -16] [79, 36, 22, -31] [-18, 45, -3, 3] [29, -26, 33, -18]
------------------------------
ALIVE
Head: (3 32)
Body: (3 32) (3 31) (3 30) (3 29) (3 28) (4 28) (5 28) (6 28) 
Length: 8, 4
Vision: 3
Hungry, suplies: 7/10
Reproductive: 16, mutating: 0.25
Generation: 67850
####################################
Wall (up, right, down, left):
[-9, -2, -6, -10] [-3, 9, 2, -28] [-28, -25, -6, -11] [6, 13, 16, 2] [4, 36, 52, 7] [3, -26, -41, -15] [3, -12, -11, -1]
[-40, -5, 27, -17] [39, 25, -4, 3] [-53, 20, 14, 1] [-39, 5, 18, 7] [11, 30, 14, 9] [-31, -15, 0, -16] [-25, -16, 18, -9]
[-12, 40, 33, 34] [-20, 32, -13, -26] [-20, 1, 61, 2] [-105, 24, 51, 5] [-41, -56, -13, 20] [-10, -18, -10, -7] [-2, -19, -30, 2]
[-12, 48, -10, -14] [15, 1, 20, -50] [13, 42, 10, -136] [0, 0, 0, 0] [48, -126, 19, 13] [16, -23, -6, -3] [15, 2, 33, 1]
[-1, -45, 15, 11] [12, -13, -31, -31] [-36, -21, -28, -48] [58, 8, -131, 40] [12, -13, -54, 60] [1, 24, -22, 15] [-11, -71, -25, 30]
[20, 26, 4, -7] [-35, 26, -4, 8] [35, -15, 34, -1] [-10, -3, -8, 2] [-15, -8, -36, -12] [-11, -26, -29, 16] [40, 12, 16, 0]
[-15, 15, 17, -15] [-3, -10, -46, -28] [18, 4, 19, 22] [-18, 14, -61, -26] [26, 17, -14, 36] [39, -1, -29, 27] [3, -4, 36, 4]
Food (up, right, down, left):
[12, 28, -20, 12] [-36, 28, 16, -20] [1, -10, 3, 7] [-13, 6, 56, 8] [20, -22, 56, -1] [9, -28, -8, -30] [-77, 6, 9, -35]
[-101, 18, -38, -21] [3, -34, -37, -11] [-1, 17, 41, 32] [-22, 2, -58, 51] [15, 32, 17, -61] [41, 14, -45, -2] [-6, 1, 22, 65]
[-38, -11, 40, -34] [8, 31, -5, 15] [-32, -41, -36, 42] [70, -43, 18, -3] [-4, -20, -20, -25] [-17, -1, -53, -25] [57, 35, 30, 23]
[10, 35, -4, 47] [-9, -2, -20, 19] [-24, 0, -26, -4] [0, 0, 0, 0] [-5, 50, -60, -2] [-8, -28, -51, -9] [-25, 65, -21, -4]
[17, 10, -23, 39] [19, 33, 0, 45] [31, -21, 23, 26] [4, -57, 56, -8] [-1, 22, 5, -2] [3, 41, 20, 2] [-11, -28, -15, -7]
[14, -44, -25, 10] [17, 17, 5, -11] [16, -14, 33, 42] [-32, -41, 42, -17] [-53, -20, 18, -56] [-27, 41, 50, 21] [-11, 50, 33, 32]
[37, 12, -11, -5] [-15, 1, 30, -77] [32, 26, -4, -16] [7, -7, -11, -16] [79, 36, 22, -31] [-18, 45, -3, 3] [29, -26, 33, -18]
------------------------------
ALIVE
Head: (23 42)
Body: (23 42) (22 42) (21 42) (20 42) (20 43) (19 43) (19 42) (19 41) 
Length: 8, 4
Vision: 3
Hungry, suplies: 8/10
Reproductive: 16, mutating: 0.25
Generation: 67857
####################################
Wall (up, right, down, left):
[-9, -2, -6, -10] [-3, 9, 2, -28] [-28, -25, -6, -11] [6, 13, 16, 2] [4, 36, 52, 7] [3, -26, -41, -15] [3, -12, -11, -4]
[-40, -5, 27, -17] [39, 25, -4, 3] [-53, 20, 14, 1] [-39, 5, 18, 12] [11, 28, 14, 9] [-31, -15, 0, -16] [-25, -16, 18, -9]
[-12, 40, 33, 34] [-20, 32, -13, -26] [-20, 1, 61, 2] [-105, 24, 51, 1] [-44, -56, -13, 20] [-10, -18, -10, -8] [-2, -19, -25, -3]
[-12, 48, -10, -14] [15, 1, 20, -50] [13, 42, 10, -136] [0, 0, 0, 0] [48, -126, 19, 13] [16, -23, -6, -1] [15, 2, 33, 1]
[-1, -45, 15, 11] [12, -13, -27, -31] [-36, -21, -28, -48] [58, 8, -131, 40] [12, -13, -54, 60] [1, 24, -22, 15] [-11, -71, -25, 30]
[20, 26, 4, -7] [-35, 26, -4, 12] [35, -15, 34, -2] [-10, -3, -8, 2] [-15, -8, -36, -12] [-11, -26, -29, 16] [40, 12, 16, 0]
[-15, 15, 17, -18] [-3, -10, -46, -28] [18, 4, 22, 22] [-18, 14, -61, -26] [26, 17, -14, 36] [39, -1, -29, 27] [3, -4, 36, 4]
Food (up, right, down, left):
[12, 28, -20, 12] [-36, 28, 16, -20] [1, -10, 3, 7] [-13, 6, 56, 8] [20, -22, 56, -1] [9, -28, -8, -30] [-79, 6, 9, -35]
[-101, 18, -38, -21] [3, -34, -37, -11] [-1, 17, 41, 32] [-22, 2, -59, 51] [15, 32, 17, -66] [41, 14, -45, -2] [-6, 1, 22, 65]
[-38, -11, 40, -34] [8, 31, -5, 15] [-32, -41, -36, 42] [70, -43, 16, -3] [-2, -20, -20, -25] [-14, -1, -53, -25] [57, 35, 29, 20]
[10, 35, -4, 47] [-9, -2, -20, 19] [-24, 0, -26, -4] [0, 0, 0, 0] [-5, 50, -60, -2] [-8, -28, -56, -9] [-25, 65, -21, -4]
[17, 10, -23, 39] [19, 33, 4, 45] [31, -21, 23, 26] [4, -57, 56, -8] [-1, 22, 5, -2] [3, 41, 20, 2] [-11, -28, -15, -7]
[14, -44, -25, 10] [17, 19, 5, -11] [16, -14, 33, 38] [-32, -41, 42, -17] [-53, -20, 18, -56] [-27, 41, 50, 21] [-11, 50, 33, 32]
[37, 12, -6, -5] [-15, 1, 30, -77] [32, 22, -4, -16] [7, -7, -11, -16] [79, 36, 22, -31] [-18, 45, -3, 3] [29, -26, 33, -18]
------------------------------
ALIVE
Head: (7 48)
Body: (7 48) (7 49) (7 50) (6 50) (5 50) (5 49) (4 49) (4 48) (3 48) (3 47) 
Length: 10, 4
Vision: 3
Hungry, suplies: 10/10
Reproductive: 16, mutating: 0.25
Generation: 67848
####################################
Wall (up, right, down, left):
[-9, -2, -6, -10] [-3, 9, 2, -28] [-28, -25, -6, -11] [6, 13, 16, 2] [4, 36, 52, 7] [3, -26, -41, -15] [3, -12, -11, -1]
[-40, -5, 27, -17] [39, 25, -4, 3] [-53, 20, 14, 1] [-39, 5, 18, 7] [11, 28, 14, 9] [-31, -15, 0, -16] [-25, -16, 18, -9]
[-12, 40, 33, 34] [-20, 32, -13, -26] [-20, 1, 61, 2] [-105, 24, 51, 5] [-41, -56, -13, 20] [-10, -18, -10, -7] [-2, -19, -30, 2]
[-12, 48, -10, -14] [15, 1, 20, -50] [13, 42, 10, -136] [0, 0, 0, 0] [48, -126, 19, 13] [16, -23, -6, -3] [15, 2, 33, 1]
[-1, -45, 15, 11] [12, -13, -31, -31] [-36, -21, -28, -48] [58, 8, -131, 40] [12, -13, -54, 60] [1, 24, -22, 15] [-11, -71, -25, 30]
[20, 26, 4, -7] [-35, 26, -4, 8] [35, -15, 34, -1] [-10, -3, -8, 2] [-15, -8, -36, -12] [-11, -26, -29, 16] [40, 12, 16, 0]
[-15, 15, 17, -18] [-3, -10, -46, -28] [18, 4, 19, 22] [-18, 14, -61, -26] [26, 17, -14, 36] [39, -1, -29, 27] [3, -4, 36, 4]
Food (up, right, down, left):
[12, 28, -20, 12] [-36, 28, 16, -20] [1, -10, 3, 7] [-13, 6, 56, 8] [20, -22, 56, -1] [9, -28, -8, -30] [-77, 6, 9, -35]
[-101, 18, -38, -21] [3, -34, -37, -11] [-1, 17, 41, 32] [-22, 2, -58, 51] [15, 32, 17, -66] [41, 14, -45, -2] [-6, 1, 22, 65]
[-38, -11, 40, -34] [8, 31, -5, 15] [-32, -41, -36, 42] [70, -43, 18, -3] [-4, -20, -20, -25] [-17, -1, -53, -25] [57, 35, 30, 23]
[10, 35, -4, 47] [-9, -2, -20, 19] [-24, 0, -26, -4] [0, 0, 0, 0] [-5, 50, -60, -2] [-8, -28, -51, -9] [-25, 65, -21, -4]
[17, 10, -23, 39] [19, 33, 0, 45] [31, -21, 23, 26] [4, -57, 56, -8] [-1, 22, 5, -2] [3, 41, 20, 2] [-11, -28, -15, -7]
[14, -44, -25, 10] [17, 17, 5, -11] [16, -14, 33, 42] [-32, -41, 42, -17] [-53, -20, 18, -56] [-27, 41, 50, 21] [-11, 50, 33, 32]
[37, 12, -6, -5] [-15, 1, 30, -77] [32, 26, -4, -16] [7, -7, -11, -16] [79, 36, 22, -31] [-18, 45, -3, 3] [29, -26, 33, -18]
------------------------------
ALIVE
Head: (11 49)
Body: (11 49) (10 49) (10 50) (10 51) (10 52) (11 52) (12 52) (12 53) 
Length: 8, 4
Vision: 3
Hungry, suplies: 9/10
Reproductive: 16, mutating: 0.25
Generation: 67855
####################################
Wall (up, right, down, left):
[-9, -2, -6, -10] [-3, 9, 2, -28] [-28, -25, -6, -11] [6, 13, 16, 2] [4, 36, 52, 7] [3, -26, -41, -15] [3, -12, -14, -4]
[-35, -5, 27, -17] [39, 25, -4, 3] [-56, 20, 14, 1] [-39, 5, 18, 12] [11, 28, 14, 9] [-31, -15, 0, -16] [-25, -16, 18, -9]
[-12, 40, 33, 34] [-20, 32, -13, -26] [-20, 1, 61, 2] [-105, 24, 51, 5] [-41, -56, -13, 20] [-10, -18, -10, -8] [-2, -19, -30, 2]
[-12, 48, -10, -14] [15, 1, 20, -50] [13, 42, 10, -136] [0, 0, 0, 0] [48, -126, 19, 13] [16, -23, -6, -3] [15, 2, 33, 1]
[-1, -45, 15, 11] [12, -13, -27, -31] [-36, -21, -28, -48] [58, 8, -131, 41] [12, -16, -54, 60] [1, 24, -22, 15] [-11, -71, -25, 30]
[20, 26, 4, -7] [-35, 26, -4, 8] [35, -15, 34, -2] [-10, -3, -8, 2] [-15, -8, -36, -12] [-11, -26, -29, 16] [40, 12, 16, 0]
[-15, 15, 17, -18] [-1, -10, -46, -28] [18, 4, 22, 22] [-18, 14, -61, -26] [26, 15, -14, 36] [39, -1, -29, 27] [3, -4, 36, 4]
Food (up, right, down, left):
[12, 28, -20, 12] [-36, 28, 16, -20] [1, -10, 3, 7] [-13, 6, 56, 8] [20, -22, 56, -1] [9, -28, -8, -30] [-79, 6, 9, -38]
[-101, 19, -38, -21] [3, -34, -37, -11] [-1, 17, 41, 29] [-22, 2, -59, 51] [15, 32, 17, -66] [41, 14, -45, -2] [-6, 1, 22, 65]
[-38, -11, 40, -34] [8, 31, -5, 15] [-32, -41, -36, 42] [70, -43, 18, -3] [-4, -20, -20, -25] [-14, -1, -53, -25] [57, 35, 30, 23]
[10, 35, -4, 47] [-9, -2, -20, 19] [-24, 0, -26, -4] [0, 0, 0, 0] [-5, 50, -60, -2] [-8, -28, -51, -9] [-25, 65, -21, -4]
[17, 10, -23, 39] [19, 33, 4, 45] [31, -21, 23, 26] [7, -57, 56, -8] [-1, 22, 5, -2] [3, 41, 20, 2] [-11, -28, -15, -7]
[14, -44, -25, 10] [17, 17, 5, -11] [16, -14, 33, 38] [-32, -41, 42, -17] [-53, -20, 18, -56] [-27, 41, 50, 21] [-11, 50, 33, 32]
[37, 12, -6, -5] [-15, -3, 30, -77] [32, 22, -4, -16] [7, -7, -11, -16] [79, 36, 22, -31] [-20, 45, -2, 3] [29, -26, 33, -18]
------------------------------
ALIVE
Head: (9 31)
Body: (9 31) (9 30) (9 29) (10 29) (11 29) (11 30) (12 30) (13 30) 
Length: 8, 4
Vision: 3
Hungry, suplies: 10/10
Reproductive: 16, mutating: 0.25
Generation: 67851
####################################
