Wall (up, right, down, left):
[9, -1, -7, -16] [-3, 4, 12, 2] [-30, -1, 9, -10] [3, -1, 24, 11] [-22, 5, 25, -5] [10, -5, -2, -1] [-11, -22, -9, -12]
[-41, -18, 19, -23] [5, 15, -6, -5] [-35, 5, -3, -5] [-30, 8, 14, 9] [31, 14, -1, -3] [-34, -29, 5, 2] [-13, 5, -10, 6]
[-11, -5, 32, 5] [-5, 23, -11, 0] [-19, 4, 44, -11] [-81, 27, 46, 19] [-40, -52, -15, 43] [-14, -11, -1, 9] [-25, -9, -25, -9]
[4, 45, -5, -48] [22, 1, 16, -25] [-2, 39, -5, -92] [0, 0, 0, 0] [46, -100, 34, 10] [20, -1, -1, 23] [5, -7, 8, 3]
[-14, -32, -9, 7] [18, -3, -15, -1] [5, -8, -47, -41] [54, 11, -96, 9] [15, -7, -32, 24] [0, 13, -1, 22] [-38, -71, -13, 30]
[17, 16, 5, -6] [-12, 4, -16, -3] [26, -9, 20, -10] [-5, 12, -22, 8] [20, -3, -31, -5] [7, -3, -29, 10] [34, 0, 30, 8]
[-15, -5, 3, -5] [-4, -17, -45, -8] [-10, 10, 27, -1] [-7, 3, -42, -10] [42, 25, -8, 36] [42, -27, -47, 21] [-14, 5, 11, -2]
Food (up, right, down, left):
[7, 19, 1, 13] [-9, 21, 7, -15] [26, -12, 21, 16] [-21, -24, 44, 27] [-4, 5, 38, -22] [-5, -27, -14, -28] [-37, 22, -1, -12]
[-72, -13, -22, -23] [3, 2, -24, -11] [7, 15, 27, 32] [-9, 28, -46, 20] [36, 1, -9, -39] [36, 4, -43, 18] [17, 5, 38, 18]
[-16, 0, 40, -44] [11, 2, -14, 30] [-61, -23, -24, 29] [42, -38, 36, 9] [-2, -3, -10, -27] [-1, 18, -42, -24] [42, 25, 0, 32]
[11, 30, 11, 57] [-11, -5, -19, 35] [7, 2, -42, -14] [0, 0, 0, 0] [-19, 62, -32, -9] [-9, -25, -28, -4] [-11, 41, -26, 27]
[-3, 15, -16, 16] [12, 27, 9, 33] [24, -13, 38, 17] [-5, -36, 8, -22] [9, -6, 8, -29] [15, 44, 25, 15] [-10, -17, 4, -18]
[5, -21, -11, -5] [11, 12, 13, -3] [2, 12, 13, 25] [-27, -28, 42, -40] [-42, -28, -1, -50] [-17, 45, 11, 12] [5, 39, 3, 25]
[9, 10, -23, -8] [14, 10, 8, -53] [20, 12, 7, -27] [-2, 6, 30, -45] [53, 31, -5, -13] [26, 31, 18, 2] [20, -16, 27, -29]
------------------------------
ALIVE
Head: (17 7)
Body: (17 7) (18 7) (19 7) (19 8) (20 8) (21 8) (21 7) (21 6) (21 5) (21 4) (21 3) (22 3) (23 3) (-1 3) 
Length: 14, 4
Vision: 3
Hungry, suplies: 9/10
Reproductive: 16, mutating: 0.25
Generation: 43331
####################################
Wall (up, right, down, left):
[9, -1, -7, -16] [-3, 4, 12, 2] [-30, -1, 9, -10] [3, -1, 24, 11] [-22, 5, 25, -5] [10, -5, -2, -1] [-11, -22, -9, -12]
[-41, -18, 19, -23] [5, 15, -6, -5] [-35, 5, -3, -5] [-30, 8, 14, 9] [31, 14, -1, -3] [-34, -28, 5, 2] [-13, 5, -10, 6]
[-11, -5, 32, 3] [-5, 23, -11, 0] [-19, 4, 44, -11] [-81, 27, 46, 19] [-40, -52, -15, 40] [-14, -11, -1, 9] [-25, -9, -25, -9]
[4, 45, -5, -48] [22, 1, 16, -25] [-2, 39, -5, -92] [0, 0, 0, 0] [46, -100, 34, 10] [19, -1, -1, 23] [5, -7, 8, 3]
[-14, -32, -9, 7] [18, -3, -15, -1] [5, -8, -47, -41] [54, 11, -96, 9] [15, -7, -32, 24] [0, 13, -1, 22] [-38, -71, -13, 30]
[17, 16, 5, -6] [-12, 4, -16, -3] [26, -9, 20, -10] [-5, 12, -22, 8] [20, -3, -31, -5] [7, -3, -29, 8] [34, 0, 30, 8]
[-15, -5, 3, -5] [-4, -17, -45, -8] [-10, 10, 27, -1] [-7, 3, -42, -10] [42, 25, -8, 36] [42, -27, -47, 21] [-14, 5, 11, -2]
Food (up, right, down, left):
[7, 19, 1, 13] [-9, 21, 7, -15] [26, -12, 21, 16] [-21, -24, 44, 27] [-4, 5, 38, -22] [-5, -27, -14, -28] [-37, 22, -1, -12]
[-72, -13, -22, -23] [3, 2, -24, -11] [7, 15, 27, 32] [-9, 28, -46, 15] [36, 1, -9, -39] [39, 4, -43, 18] [17, 5, 38, 18]
[-16, 0, 40, -43] [11, 2, -14, 30] [-61, -23, -24, 29] [42, -38, 36, 9] [-2, -6, -10, -27] [-1, 18, -42, -24] [42, 25, 0, 32]
[11, 30, 11, 57] [-11, -5, -19, 35] [7, 2, -42, -14] [0, 0, 0, 0] [-19, 62, -32, -9] [-9, -25, -25, -4] [-11, 41, -26, 27]
[-3, 15, -16, 16] [12, 27, 9, 33] [24, -13, 38, 17] [-5, -36, 8, -22] [9, -6, 8, -29] [15, 44, 25, 15] [-10, -17, 4, -18]
[5, -21, -11, -5] [11, 12, 13, -3] [2, 12, 13, 25] [-27, -28, 42, -40] [-42, -28, -1, -50] [-17, 45, 11, 10] [5, 39, 3, 25]
[9, 10, -23, -8] [14, 10, 8, -53] [20, 12, 7, -27] [-2, 6, 30, -45] [53, 31, -5, -13] [26, 31, 18, 2] [20, -16, 27, -29]
------------------------------
DEAD: Wall
Head: (8 2)
Body: (8 2) (7 2) (7 1) (7 0) (7 56) (6 56) (5 56) (4 56) (3 56) (3 55) (2 55) 
Length: 11, 4
Vision: 3
Hungry, suplies: 8/10
Reproductive: 16, mutating: 0.25
Generation: 43334
####################################
Wall (up, right, down, left):
[9, -1, -7, -16] [-3, 4, 12, 2] [-30, -1, 9, -10] [3, -1, 24, 11] [-22, 5, 25, -5] [10, -5, -2, -1] [-11, -22, -9, -12]
[-41, -18, 19, -23] [5, 15, -6, -5] [-35, 5, -3, -1] [-30, 8, 14, 9] [31, 14, -1, -3] [-34, -29, 5, 2] [-13, 5, -10, 6]
[-11, -5, 32, 5] [-5, 23, -11, 0] [-19, 4, 44, -11] [-81, 27, 46, 19] [-40, -52, -15, 40] [-14, -11, -1, 9] [-25, -9, -25, -9]
[4, 45, -5, -48] [22, 1, 16, -25] [-2, 39, -5, -92] [0, 0, 0, 0] [46, -100, 34, 8] [20, -1, -1, 23] [5, -7, 8, 3]
[-14, -32, -9, 7] [18, -3, -15, -1] [5, -8, -47, -41] [54, 11, -96, 9] [15, -7, -32, 24] [0, 13, -1, 22] [-38, -71, -13, 30]
[17, 16, 5, -6] [-12, 4, -16, -3] [26, -9, 20, -10] [-5, 12, -22, 11] [20, 0, -31, -5] [7, -3, -29, 10] [34, 0, 30, 8]
[-15, -5, 3, -7] [-4, -17, -45, -8] [-10, 10, 27, -1] [-7, 3, -42, -10] [42, 25, -8, 36] [42, -27, -47, 21] [-14, 5, 11, -2]
Food (up, right, down, left):
[7, 19, 1, 13] [-9, 21, 7, -15] [26, -12, 21, 16] [-21, -24, 44, 27] [-4, 5, 38, -22] [-5, -27, -14, -28] [-37, 22, -1, -12]
[-72, -13, -22, -23] [3, 2, -24, -11] [7, 11, 27, 32] [-9, 28, -46, 20] [36, 1, -9, -39] [36, 4, -43, 18] [17, 5, 38, 18]
[-16, 0, 40, -44] [11, 2, -14, 30] [-61, -23, -24, 29] [42, -38, 36, 9] [-2, -6, -10, -27] [-1, 18, -42, -24] [42, 25, 0, 32]
[11, 30, 11, 57] [-11, -5, -19, 35] [7, 2, -42, -14] [0, 0, 0, 0] [-19, 62, -32, -8] [-9, -25, -28, -4] [-11, 41, -26, 27]
[-3, 15, -16, 16] [12, 27, 9, 33] [24, -13, 38, 17] [-5, -36, 8, -22] [9, -6, 8, -29] [15, 44, 25, 15] [-10, -17, 4, -18]
[5, -21, -11, -5] [11, 12, 13, -3] [2, 12, 13, 25] [-26, -28, 42, -40] [-42, -28, 2, -50] [-17, 45, 11, 12] [5, 39, 3, 25]
[9, 10, -23, -11] [14, 10, 8, -53] [20, 12, 7, -27] [-2, 6, 30, -45] [53, 31, -5, -13] [26, 31, 18, 2] [20, -16, 27, -29]
------------------------------
ALIVE
Head: (14 10)
Body: (14 10) (15 10) (16 10) (17 10) (17 11) (17 12) (16 12) (16 13) (16 14) (16 15) (16 16) (16 17) (17 17) (17 18) (17 19) 
Length: 15, 4
Vision: 3
Hungry, suplies: 10/10
Reproductive: 16, mutating: 0.25
Generation: 43329
####################################
Wall (up, right, down, left):
[9, -1, -8, -16] [-3, 4, 12, 2] [-30, -1, 9, -10] [3, -1, 24, 11] [-22, 4, 25, -5] [10, -5, -2, -1] [-11, -22, -9, -17]
[-41, -18, 19, -23] [5, 15, -6, -5] [-35, 9, -3, -1] [-30, 8, 14, 9] [29, 14, -1, -3] [-37, -29, 5, 2] [-13, 5, -10, 6]
[-11, -5, 32, 5] [-5, 23, -13, 0] [-19, 4, 44, -11] [-81, 27, 46, 19] [-40, -52, -15, 40] [-11, -11, -1, 13] [-25, -9, -25, -9]
[4, 45, -5, -48] [22, 1, 16, -25] [-2, 39, -5, -89] [0, 0, 0, 0] [46, -100, 34, 8] [20, -1, -1, 24] [5, -7, 8, 3]
[-14, -32, -9, 7] [18, -3, -10, -1] [5, -8, -43, -41] [54, 11, -96, 8] [15, -7, -32, 24] [0, 13, -1, 22] [-38, -71, -13, 30]
[17, 21, 12, -6] [-12, 4, -16, -3] [26, -9, 20, -10] [-5, 12, -22, 8] [20, -3, -31, -9] [7, -3, -29, 10] [34, 8, 30, 8]
[-15, -6, 3, -5] [-4, -17, -45, -8] [-10, 10, 27, -1] [-7, 3, -42, -10] [42, 25, -8, 36] [42, -27, -47, 23] [-14, 5, 11, -2]
Food (up, right, down, left):
[7, 19, 1, 8] [-9, 21, 7, -11] [26, -12, 21, 16] [-21, -24, 44, 27] [-7, 5, 38, -22] [-5, -27, -14, -28] [-36, 22, -1, -12]
[-72, -13, -22, -23] [3, 2, -24, -11] [7, 16, 27, 32] [-9, 28, -46, 20] [34, 1, -9, -39] [32, 4, -43, 18] [17, 5, 38, 18]
[-16, 0, 40, -44] [14, 2, -14, 30] [-61, -20, -24, 29] [42, -38, 36, 9] [-2, -6, -10, -27] [-1, 18, -47, -24] [42, 25, 0, 32]
[11, 30, 11, 57] [-11, -5, -19, 35] [7, 0, -42, -14] [0, 0, 0, 0] [-19, 62, -32, -8] [-9, -25, -28, -4] [-11, 41, -26, 27]
[-3, 15, -16, 16] [12, 30, 9, 33] [24, -13, 36, 17] [-5, -36, 8, -22] [10, -6, 8, -31] [15, 44, 25, 15] [-10, -17, 4, -18]
[10, -16, -12, -5] [11, 12, 13, -3] [2, 12, 13, 25] [-27, -28, 42, -40] [-42, -28, -1, -51] [-17, 45, 11, 12] [5, 39, 4, 20]
[12, 10, -23, -8] [14, 10, 8, -53] [20, 12, 7, -27] [-2, 6, 30, -45] [53, 31, -5, -13] [25, 31, 18, -3] [20, -16, 27, -29]
------------------------------
ALIVE
Head: (5 41)
Body: (5 41) (5 40) (5 39) (5 38) (4 38) (3 38) (3 37) (3 36) (3 35) (4 35) (5 35) 
Length: 11, 4
Vision: 3
Hungry, suplies: 8/10
Reproductive: 16, mutating: 0.25
Generation: 43332
####################################
Wall (up, right, down, left):
[9, -1, -7, -16] [-3, 4, 12, 2] [-30, -1, 9, -10] [3, -1, 24, 11] [-22, 5, 25, -5] [10, -5, -2, -1] [-11, -22, -9, -12]
[-41, -18, 19, -23] [5, 15, -6, -5] [-35, 5, -3, -5] [-30, 8, 14, 9] [31, 14, -1, -3] [-34, -29, 5, 2] [-13, 5, -10, 6]
[-11, -5, 32, 5] [-5, 23, -11, 0] [-19, 4, 44, -11] [-81, 27, 46, 19] [-40, -52, -15, 43] [-14, -11, -1, 9] [-25, -9, -25, -9]
[4, 45, -5, -48] [22, 1, 16, -25] [-2, 39, -5, -92] [0, 0, 0, 0] [46, -100, 34, 10] [20, -1, -1, 23] [5, -7, 8, 3]
[-14, -32, -9, 7] [18, -3, -15, -1] [5, -8, -47, -41] [54, 11, -96, 9] [15, -7, -32, 24] [0, 13, -1, 22] [-38, -71, -13, 30]
[17, 16, 5, -6] [-12, 4, -16, -3] [26, -9, 20, -10] [-5, 12, -22, 8] [20, -3, -31, -5] [7, -3, -29, 10] [34, 0, 30, 8]
[-15, -5, 3, -5] [-4, -17, -45, -8] [-10, 10, 27, -1] [-7, 3, -42, -10] [42, 25, -8, 36] [42, -27, -47, 21] [-14, 5, 11, -2]
Food (up, right, down, left):
[7, 19, 1, 13] [-9, 21, 7, -15] [26, -12, 21, 16] [-21, -24, 44, 27] [-4, 5, 38, -22] [-5, -27, -14, -28] [-37, 22, -1, -12]
[-72, -13, -22, -23] [3, 2, -24, -11] [7, 15, 27, 32] [-9, 28, -46, 20] [36, 1, -9, -39] [36, 4, -43, 18] [17, 5, 38, 18]
[-16, 0, 40, -44] [11, 2, -14, 30] [-61, -23, -24, 29] [42, -38, 36, 9] [-2, -3, -10, -27] [-1, 18, -42, -24] [42, 25, 0, 32]
[11, 30, 11, 57] [-11, -5, -19, 35] [7, 2, -42, -14] [0, 0, 0, 0] [-19, 62, -32, -9] [-9, -25, -28, -4] [-11, 41, -26, 27]
[-3, 15, -16, 16] [12, 27, 9, 33] [24, -13, 38, 17] [-5, -36, 8, -22] [9, -6, 8, -29] [15, 44, 25, 15] [-10, -17, 4, -18]
[5, -21, -11, -5] [11, 12, 13, -3] [2, 12, 13, 25] [-27, -28, 42, -40] [-42, -28, -1, -50] [-17, 45, 11, 12] [5, 39, 3, 25]
[9, 10, -23, -8] [14, 10, 8, -53] [20, 12, 7, -27] [-2, 6, 30, -45] [53, 31, -5, -13] [26, 31, 18, 2] [20, -16, 27, -29]
------------------------------
ALIVE
Head: (10 34)
Body: (10 34) (10 33) (10 32) (11 32) (12 32) (12 31) (13 31) (13 32) (13 33) (12 33) (12 34) (11 34) 
Length: 12, 4
Vision: 3
Hungry, suplies: 2/10
Reproductive: 16, mutating: 0.25
Generation: 43331
####################################
Wall (up, right, down, left):
[9, -1, -7, -16] [1, 4, 12, 2] [-30, -1, 9, -10] [3, -1, 24, 11] [-22, 5, 25, -5] [10, -5, -2, -1] [-11, -22, -9, -12]
[-41, -18, 19, -23] [5, 15, -6, -5] [-35, 5, -3, -1] [-30, 8, 14, 9] [31, 14, -1, -3] [-34, -29, 5, 2] [-13, 5, -10, 6]
[-11, -5, 32, 5] [-5, 23, -11, 0] [-19, 4, 44, -11] [-81, 27, 46, 19] [-40, -52, -15, 40] [-14, -11, -1, 9] [-25, -9, -25, -9]
[4, 45, -5, -48] [22, 1, 16, -25] [-2, 39, -5, -92] [0, 0, 0, 0] [46, -100, 34, 8] [20, -1, -1, 23] [5, -7, 8, 3]
[-14, -32, -9, 7] [18, -3, -15, -1] [5, -8, -47, -41] [54, 11, -96, 9] [15, -7, -32, 24] [0, 13, -1, 22] [-38, -71, -13, 30]
[17, 16, 1, -6] [-12, 4, -16, -3] [26, -9, 20, -10] [-5, 12, -22, 11] [20, 0, -31, -5] [7, -3, -29, 10] [34, 0, 30, 8]
[-15, -5, 3, -5] [-4, -17, -45, -8] [-10, 10, 27, -1] [-7, 3, -42, -10] [42, 25, -8, 36] [42, -27, -47, 21] [-14, 5, 11, -2]
Food (up, right, down, left):
[7, 19, 1, 13] [-10, 21, 7, -15] [26, -12, 21, 16] [-21, -24, 44, 27] [-4, 5, 38, -22] [-5, -27, -14, -28] [-37, 22, -1, -12]
[-72, -13, -22, -23] [3, 2, -24, -11] [7, 11, 27, 32] [-9, 28, -46, 20] [36, 1, -9, -39] [36, 4, -43, 18] [17, 5, 38, 18]
[-16, 0, 40, -44] [11, 2, -14, 30] [-61, -23, -24, 29] [42, -38, 36, 9] [-2, -6, -10, -27] [-1, 18, -42, -24] [42, 25, 0, 32]
[11, 30, 11, 57] [-11, -5, -19, 35] [7, 2, -42, -14] [0, 0, 0, 0] [-19, 62, -32, -8] [-9, -25, -28, -4] [-11, 41, -26, 27]
[-3, 15, -16, 16] [12, 27, 9, 33] [24, -13, 38, 17] [-5, -36, 8, -22] [9, -6, 8, -29] [15, 44, 25, 15] [-10, -17, 4, -18]
[5, -21, -11, -3] [11, 12, 13, -3] [2, 12, 13, 25] [-26, -28, 42, -40] [-42, -28, 2, -50] [-17, 45, 11, 12] [5, 39, 3, 25]
[9, 10, -23, -8] [14, 10, 8, -53] [20, 12, 7, -27] [-2, 6, 30, -45] [53, 31, -5, -13] [26, 31, 18, 2] [20, -16, 27, -29]
------------------------------
ALIVE
Head: (3 30)
Body: (3 30) (3 31) (3 32) (4 32) (5 32) (5 31) (6 31) (7 31) (8 31) (8 30) (8 29) (7 29) 
Length: 12, 4
Vision: 3
Hungry, suplies: 2/10
Reproductive: 16, mutating: 0.25
Generation: 43332
####################################
Wall (up, right, down, left):
[9, -1, -8, -16] [-3, 4, 12, 2] [-30, -1, 9, -10] [3, -1, 24, 11] [-22, 4, 25, -5] [10, -5, -2, -1] [-11, -22, -9, -17]
[-41, -18, 19, -23] [5, 15, -6, -5] [-35, 9, -3, -1] [-30, 8, 14, 9] [29, 14, -1, -3] [-37, -29, 5, 2] [-13, 5, -10, 6]
[-11, -5, 32, 5] [-5, 23, -13, 0] [-19, 4, 44, -11] [-81, 27, 46, 19] [-40, -52, -15, 40] [-11, -11, -1, 13] [-25, -9, -25, -9]
[4, 45, -5, -48] [22, 1, 16, -25] [-2, 39, -5, -89] [0, 0, 0, 0] [46, -100, 34, 8] [20, -1, -1, 24] [5, -7, 8, 3]
[-14, -32, -9, 7] [18, -3, -10, -1] [5, -8, -43, -41] [54, 11, -96, 8] [15, -7, -32, 24] [0, 13, -1, 22] [-38, -71, -13, 30]
[17, 16, 12, -6] [-12, 4, -16, -3] [26, -9, 20, -10] [-5, 12, -22, 8] [20, -3, -31, -9] [7, -3, -29, 10] [34, 8, 30, 8]
[-15, -6, 3, -5] [-4, -17, -45, -8] [-10, 10, 27, -1] [-7, 3, -42, -10] [42, 25, -8, 36] [42, -27, -47, 23] [-14, 5, 11, -2]
Food (up, right, down, left):
[7, 19, 1, 8] [-9, 21, 7, -15] [26, -12, 21, 16] [-21, -24, 44, 27] [-7, 5, 38, -22] [-5, -27, -14, -28] [-36, 22, -1, -12]
[-72, -13, -22, -23] [3, 2, -24, -11] [7, 16, 27, 32] [-9, 28, -46, 20] [34, 1, -9, -39] [32, 4, -43, 18] [17, 5, 38, 18]
[-16, 0, 40, -44] [14, 2, -14, 30] [-61, -20, -24, 29] [42, -38, 36, 9] [-2, -6, -10, -27] [-1, 18, -47, -24] [42, 25, 0, 32]
[11, 30, 11, 57] [-11, -5, -19, 35] [7, 0, -42, -14] [0, 0, 0, 0] [-19, 62, -32, -8] [-9, -25, -28, -4] [-11, 41, -26, 27]
[-3, 15, -16, 16] [12, 30, 9, 33] [24, -13, 36, 17] [-5, -36, 8, -22] [10, -6, 8, -31] [15, 44, 25, 15] [-10, -17, 4, -18]
[10, -16, -11, -5] [11, 12, 13, -3] [2, 12, 13, 25] [-27, -28, 42, -40] [-42, -28, -1, -51] [-17, 45, 11, 12] [5, 39, 4, 20]
[12, 10, -23, -8] [14, 10, 8, -53] [20, 12, 7, -27] [-2, 6, 30, -45] [53, 31, -5, -13] [25, 31, 18, -3] [20, -16, 27, -29]
------------------------------
ALIVE
Head: (20 16)
Body: (20 16) (20 15) (19 15) (19 14) (20 14) (21 14) (22 14) (23 14) (23 15) (23 16) 
Length: 10, 4
Vision: 3
Hungry, suplies: 1/10
Reproductive: 16, mutating: 0.25
Generation: 43330
####################################
Wall (up, right, down, left):
[9, -1, -7, -16] [-3, 4, 12, 2] [-30, -1, 9, -10] [3, -1, 24, 11] [-22, 5, 25, -5] [10, -5, -2, -1] [-11, -22, -9, -12]
[-41, -18, 19, -23] [5, 15, -6, -5] [-35, 5, -3, -1] [-30, 8, 14, 9] [31, 14, -1, -3] [-34, -29, 5, 2] [-13, 5, -10, 6]
[-11, -5, 32, 5] [-5, 23, -11, 0] [-19, 4, 44, -11] [-81, 27, 46, 19] [-43, -52, -15, 40] [-14, -11, -1, 9] [-25, -9, -25, -9]
[4, 50, -5, -48] [22, 1, 16, -25] [-2, 39, -5, -92] [0, 0, 0, 0] [46, -100, 34, 8] [20, -1, -1, 23] [5, -7, 8, 3]
[-14, -32, -8, 7] [18, -3, -15, -1] [5, -8, -47, -41] [54, 11, -96, 9] [15, -7, -32, 24] [0, 13, -1, 22] [-38, -71, -13, 30]
[17, 16, 5, -6] [-12, 4, -16, -3] [26, -9, 20, -10] [-5, 12, -22, 8] [20, -3, -31, -5] [7, -3, -29, 10] [34, 0, 30, 8]
[-15, -5, 3, -5] [-4, -17, -45, -8] [-10, 10, 27, -1] [-7, 3, -42, -10] [42, 25, -8, 36] [42, -27, -47, 21] [-14, 5, 11, -2]
Food (up, right, down, left):
[7, 19, 1, 13] [-9, 21, 7, -15] [26, -12, 21, 16] [-21, -24, 44, 27] [-4, 5, 38, -22] [-5, -27, -14, -28] [-37, 22, -1, -12]
[-72, -13, -22, -23] [3, 2, -24, -11] [7, 11, 27, 32] [-9, 28, -46, 20] [36, 1, -9, -39] [36, 4, -43, 18] [17, 5, 38, 18]
[-16, 0, 40, -44] [11, 2, -14, 30] [-61, -23, -24, 29] [42, -38, 36, 9] [-2, -6, -10, -31] [-1, 18, -42, -24] [42, 25, 0, 32]
[11, 30, 9, 57] [-11, -5, -19, 35] [7, 2, -42, -14] [0, 0, 0, 0] [-19, 62, -32, -8] [-9, -25, -28, -4] [-11, 41, -26, 27]
[-3, 15, -16, 17] [12, 27, 9, 33] [24, -13, 38, 17] [-5, -36, 8, -22] [9, -6, 8, -29] [15, 44, 25, 15] [-10, -17, 4, -18]
[5, -21, -11, -5] [11, 12, 13, -3] [2, 12, 13, 25] [-27, -28, 42, -40] [-42, -28, -1, -50] [-17, 45, 11, 12] [5, 39, 3, 25]
[9, 10, -23, -8] [14, 10, 8, -53] [20, 12, 7, -27] [-2, 6, 30, -45] [53, 31, -5, -13] [26, 31, 18, 2] [20, -16, 27, -29]
------------------------------
ALIVE
Head: (19 28)
Body: (19 28) (19 29) (19 30) (20 30) (20 31) (20 32) (21 32) (22 32) (23 32) (24 32) (24 31) (23 31) 
Length: 12, 4
Vision: 3
Hungry, suplies: 9/10
Reproductive: 16, mutating: 0.25
Generation: 43334
####################################
Wall (up, right, down, left):
[9, -1, -7, -16] [1, 4, 12, 2] [-30, -1, 9, -10] [3, -1, 24, 11] [-22, 5, 25, -5] [10, -5, -2, -1] [-11, -22, -9, -12]
[-41, -18, 19, -23] [5, 15, -6, -5] [-35, 5, -3, -1] [-30, 8, 14, 9] [31, 14, -1, -3] [-34, -29, 5, 2] [-13, 5, -10, 6]
[-11, -5, 32, 5] [-5, 23, -11, 0] [-19, 4, 44, -11] [-81, 27, 46, 19] [-40, -52, -15, 40] [-14, -11, -1, 9] [-25, -9, -25, -9]
[4, 45, -5, -48] [22, 1, 16, -25] [-2, 39, -5, -92] [0, 0, 0, 0] [46, -100, 34, 8] [20, -1, -1, 23] [5, -7, 8, 3]
[-14, -32, -9, 7] [18, -3, -15, -1] [5, -8, -47, -41] [54, 11, -96, 9] [15, -7, -32, 24] [0, 13, -1, 22] [-38, -71, -13, 30]
[17, 16, 1, -6] [-12, 4, -16, -3] [26, -9, 20, -10] [-5, 12, -22, 11] [20, 0, -31, -5] [7, -3, -29, 10] [34, 0, 30, 8]
[-15, -5, 3, -5] [-4, -17, -45, -8] [-10, 10, 27, -1] [-7, 3, -42, -10] [42, 25, -8, 36] [42, -27, -47, 21] [-14, 5, 11, -2]
Food (up, right, down, left):
[7, 19, 1, 13] [-10, 21, 7, -15] [26, -12, 21, 16] [-21, -24, 44, 27] [-4, 5, 38, -22] [-5, -27, -14, -28] [-37, 22, -1, -12]
[-72, -13, -22, -23] [3, 2, -24, -11] [7, 11, 27, 32] [-9, 28, -46, 20] [36, 1, -9, -39] [36, 4, -43, 18] [17, 5, 38, 18]
[-16, 0, 40, -44] [11, 2, -14, 30] [-61, -23, -24, 29] [42, -38, 36, 9] [-2, -6, -10, -27] [-1, 18, -42, -24] [42, 25, 0, 32]
[11, 30, 11, 57] [-11, -5, -19, 35] [7, 2, -42, -14] [0, 0, 0, 0] [-19, 62, -32, -8] [-9, -25, -28, -4] [-11, 41, -26, 27]
[-3, 15, -16, 16] [12, 27, 9, 33] [24, -13, 38, 17] [-5, -36, 8, -22] [9, -6, 8, -29] [15, 44, 25, 15] [-10, -17, 4, -18]
[5, -21, -11, -3] [11, 12, 13, -3] [2, 12, 13, 25] [-26, -28, 42, -40] [-42, -28, 2, -50] [-17, 45, 11, 12] [5, 39, 3, 25]
[9, 10, -23, -8] [14, 10, 8, -53] [20, 12, 7, -27] [-2, 6, 30, -45] [53, 31, -5, -13] [26, 31, 18, 2] [20, -16, 27, -29]
------------------------------
ALIVE
Head: (2 52)
Body: (2 52) (2 51) (1 51) (1 50) (2 50) (3 50) (4 50) (4 51) (5 51) 
Length: 9, 4
Vision: 3
Hungry, suplies: 2/10
Reproductive: 16, mutating: 0.25
Generation: 43333
####################################
Wall (up, right, down, left):
[9, -1, -8, -16] [-3, 4, 12, 2] [-30, -1, 9, -10] [3, -1, 24, 11] [-22, 4, 25, -5] [10, -5, -2, -1] [-11, -22, -9, -17]
[-41, -18, 19, -23] [5, 15, -6, -5] [-35, 9, -3, -1] [-30, 8, 14, 9] [29, 14, -1, -3] [-37, -29, 5, 2] [-13, 5, -10, 6]
[-11, -5, 32, 5] [-5, 23, -13, 0] [-19, 4, 44, -11] [-81, 27, 46, 19] [-40, -52, -15, 40] [-11, -11, -1, 13] [-25, -9, -25, -9]
[4, 45, -5, -48] [22, 1, 16, -25] [-2, 39, -5, -89] [0, 0, 0, 0] [46, -100, 34, 8] [20, -1, -1, 24] [5, -7, 8, 3]
[-14, -32, -9, 7] [18, -3, -10, -1] [5, -8, -43, -41] [54, 11, -96, 8] [15, -7, -32, 24] [0, 13, -1, 22] [-38, -71, -13, 30]
[17, 21, 12, -6] [-12, 4, -16, -3] [26, -9, 20, -10] [-5, 12, -22, 8] [20, -3, -31, -9] [7, -3, -29, 10] [34, 8, 30, 8]
[-15, -6, 3, -5] [-4, -17, -45, -8] [-10, 10, 27, -1] [-7, 3, -42, -10] [42, 25, -8, 36] [42, -27, -47, 23] [-14, 5, 11, -2]
Food (up, right, down, left):
[7, 19, 1, 8] [-9, 21, 7, -11] [26, -12, 21, 16] [-21, -24, 44, 27] [-7, 5, 38, -22] [-5, -27, -14, -28] [-36, 22, -1, -12]
[-72, -13, -22, -23] [3, 2, -24, -11] [7, 16, 27, 32] [-9, 28, -46, 20] [34, 1, -9, -39] [32, 4, -43, 18] [17, 5, 38, 18]
[-16, 0, 40, -44] [14, 2, -14, 30] [-61, -20, -24, 29] [42, -38, 36, 9] [-2, -6, -10, -27] [-1, 18, -47, -24] [42, 25, 0, 32]
[11, 30, 11, 57] [-11, -5, -19, 35] [7, 0, -42, -14] [0, 0, 0, 0] [-19, 62, -32, -8] [-9, -25, -28, -4] [-11, 41, -26, 27]
[-3, 15, -16, 16] [12, 30, 9, 33] [24, -13, 36, 17] [-5, -36, 8, -22] [10, -6, 8, -31] [15, 44, 25, 15] [-10, -17, 4, -18]
[10, -16, -12, -5] [11, 12, 13, -3] [2, 12, 13, 25] [-27, -28, 42, -40] [-42, -28, -1, -51] [-17, 45, 11, 12] [5, 39, 4, 20]
[12, 10, -23, -8] [14, 10, 8, -53] [20, 12, 7, -27] [-2, 6, 30, -45] [53, 31, -5, -13] [25, 31, 18, -3] [20, -16, 27, -29]
------------------------------
ALIVE
Head: (21 36)
Body: (21 36) (20 36) (20 35) (20 34) (21 34) (22 34) (23 34) (-1 34) (0 34) (0 33) 
Length: 10, 4
Vision: 3
Hungry, suplies: 9/10
Reproductive: 16, mutating: 0.25
Generation: 43334
####################################
Wall (up, right, down, left):
[9, 3, -7, -16] [-3, 4, 12, 2] [-30, -1, 9, -10] [3, -1, 24, 11] [-22, 5, 25, -5] [10, -5, -2, -1] [-11, -22, -9, -12]
[-41, -18, 19, -23] [5, 15, -6, -5] [-35, 5, -3, -1] [-30, 8, 14, 9] [31, 14, -1, -3] [-34, -29, 5, 2] [-13, 5, -10, 6]
[-11, -5, 32, 5] [-5, 23, -11, 0] [-19, 4, 44, -11] [-81, 27, 46, 19] [-40, -52, -15, 40] [-14, -11, -1, 9] [-25, -9, -25, -9]
[4, 45, -5, -48] [22, 1, 16, -25] [-2, 39, -5, -92] [0, 0, 0, 0] [46, -100, 34, 8] [20, -1, -1, 23] [5, -7, 8, 3]
[-14, -32, -9, 7] [18, -3, -15, -1] [5, -8, -47, -41] [54, 11, -96, 9] [15, -7, -32, 24] [0, 13, -1, 22] [-38, -71, -13, 30]
[17, 16, 5, -6] [-12, 4, -16, -3] [26, -9, 20, -10] [-5, 12, -22, 11] [20, 0, -31, -5] [7, -3, -29, 10] [34, 0, 30, 8]
[-15, -5, 3, -7] [-4, -17, -45, -8] [-10, 10, 27, -1] [-7, 3, -42, -10] [42, 25, -8, 36] [42, -27, -47, 21] [-14, 5, 11, -2]
Food (up, right, down, left):
[7, 19, 4, 13] [-9, 21, 7, -15] [26, -12, 21, 16] [-21, -24, 44, 27] [-4, 5, 38, -22] [-5, -27, -14, -28] [-37, 22, -1, -12]
[-72, -13, -22, -23] [3, 2, -24, -11] [7, 11, 27, 32] [-9, 28, -46, 20] [36, 1, -9, -39] [36, 4, -43, 18] [17, 5, 38, 18]
[-16, 0, 40, -44] [11, 2, -14, 30] [-61, -23, -24, 29] [42, -38, 36, 9] [-2, -6, -10, -27] [-1, 18, -42, -24] [42, 25, 0, 32]
[11, 30, 11, 57] [-11, -5, -19, 35] [7, 2, -42, -14] [0, 0, 0, 0] [-19, 62, -32, -8] [-9, -25, -28, -4] [-11, 41, -26, 27]
[-3, 15, -16, 16] [12, 27, 9, 33] [24, -13, 38, 17] [-5, -36, 8, -22] [9, -6, 8, -29] [15, 44, 25, 15] [-10, -17, 4, -18]
[5, -21, -11, -5] [11, 12, 13, -3] [2, 12, 13, 25] [-26, -28, 42, -40] [-42, -28, 2, -50] [-17, 45, 11, 12] [5, 39, 3, 25]
[9, 10, -23, -11] [14, 10, 8, -53] [20, 12, 7, -27] [-2, 6, 30, -45] [53, 31, -5, -13] [26, 31, 18, 2] [20, -16, 27, -29]
------------------------------
ALIVE
Head: (23 55)
Body: (23 55) (22 55) (22 54) (23 54) (24 54) (24 53) (24 52) (24 51) 
Length: 8, 4
Vision: 3
Hungry, suplies: 7/10
Reproductive: 16, mutating: 0.25
Generation: 43330
####################################
Wall (up, right, down, left):
[9, -1, -7, -16] [-3, 4, 12, 2] [-30, -1, 9, -10] [3, -1, 24, 11] [-22, 5, 25, -5] [10, -5, -2, -1] [-11, -22, -9, -12]
[-41, -18, 19, -23] [5, 15, -6, -5] [-35, 5, -3, -1] [-30, 8, 14, 9] [31, 14, -1, -3] [-34, -29, 5, 2] [-13, 5, -10, 6]
[-11, -5, 32, 5] [-5, 23, -11, 0] [-19, 4, 44, -11] [-81, 27, 46, 19] [-43, -52, -15, 40] [-14, -11, -1, 9] [-25, -9, -25, -9]
[4, 45, -5, -48] [22, 1, 16, -25] [-2, 39, -5, -92] [0, 0, 0, 0] [46, -100, 34, 8] [20, -1, -1, 23] [5, -7, 8, 3]
[-14, -32, -9, 7] [18, -3, -15, -1] [5, -8, -47, -41] [54, 11, -96, 9] [15, -7, -32, 24] [0, 13, -1, 22] [-38, -71, -13, 30]
[17, 16, 5, -6] [-12, 4, -16, -3] [26, -9, 20, -10] [-5, 12, -22, 8] [20, -3, -31, -5] [7, -3, -29, 10] [34, 0, 30, 8]
[-15, -5, 3, -5] [-4, -17, -45, -8] [-10, 10, 27, -1] [-7, 3, -42, -10] [42, 25, -8, 36] [42, -27, -47, 21] [-14, 5, 11, -2]
Food (up, right, down, left):
[7, 19, 1, 13] [-9, 21, 7, -15] [26, -12, 21, 16] [-21, -24, 44, 27] [-4, 5, 38, -22] [-5, -27, -14, -28] [-37, 22, -1, -12]
[-72, -13, -22, -23] [3, 2, -24, -11] [7, 11, 27, 32] [-9, 28, -46, 20] [36, 1, -9, -39] [36, 4, -43, 18] [17, 5, 38, 18]
[-16, 0, 40, -44] [11, 2, -14, 30] [-61, -23, -24, 29] [42, -38, 36, 9] [-2, -6, -10, -31] [-1, 18, -42, -24] [42, 25, 0, 32]
[11, 30, 11, 57] [-11, -5, -19, 35] [7, 2, -42, -14] [0, 0, 0, 0] [-19, 62, -32, -8] [-9, -25, -28, -4] [-11, 41, -26, 27]
[-3, 15, -16, 16] [12, 27, 9, 33] [24, -13, 38, 17] [-5, -36, 8, -22] [9, -6, 8, -29] [15, 44, 25, 15] [-10, -17, 4, -18]
[5, -21, -11, -5] [11, 12, 13, -3] [2, 12, 13, 25] [-27, -28, 42, -40] [-42, -28, -1, -50] [-17, 45, 11, 12] [5, 39, 3, 25]
[9, 10, -23, -8] [14, 10, 8, -53] [20, 12, 7, -27] [-2, 6, 30, -45] [53, 31, -5, -13] [26, 31, 18, 2] [20, -16, 27, -29]
------------------------------
ALIVE
Head: (19 2)
Body: (19 2) (19 1) (18 1) (18 0) (19 0) (20 0) (21 57) (21 56) (22 56) (23 56) 
Length: 10, 4
Vision: 3
Hungry, suplies: 10/10
Reproductive: 16, mutating: 0.25
Generation: 43335
####################################
Wall (up, right, down, left):
[9, -1, -7, -16] [-3, 4, 12, 2] [-30, -1, 9, -10] [3, -1, 24, 11] [-22, 5, 25, -5] [10, -5, -2, -1] [-11, -22, -9, -12]
[-41, -18, 19, -23] [5, 15, -6, -5] [-35, 5, -3, -5] [-30, 8, 14, 9] [31, 14, -1, -3] [-34, -29, 5, 2] [-16, 5, -10, 6]
[-11, -5, 32, 5] [-5, 23, -11, 0] [-19, 4, 44, -11] [-81, 27, 46, 19] [-40, -52, -15, 43] [-14, -11, -1, 9] [-25, -9, -25, -9]
[4, 45, -5, -48] [22, 1, 16, -25] [-2, 39, -5, -92] [0, 0, 0, 0] [46, -100, 34, 10] [20, -1, -1, 23] [5, -7, 8, 3]
[-14, -32, -9, 7] [18, -3, -15, -1] [5, -8, -47, -41] [54, 11, -96, 9] [15, -7, -32, 24] [0, 13, -1, 22] [-38, -71, -13, 30]
[17, 16, 5, -6] [-12, 4, -16, -3] [26, -9, 20, -10] [-5, 12, -22, 8] [20, -3, -31, -5] [7, -3, -29, 10] [34, 0, 30, 8]
[-15, -5, 3, -5] [-4, -17, -45, -8] [-10, 10, 27, -1] [-7, 3, -42, -10] [42, 25, -8, 36] [42, -27, -47, 21] [-14, 5, 11, -2]
Food (up, right, down, left):
[7, 19, 1, 13] [-9, 21, 7, -15] [26, -12, 21, 16] [-21, -24, 44, 27] [-4, 5, 38, -22] [-5, -27, -14, -28] [-37, 22, -1, -12]
[-72, -13, -22, -23] [3, 2, -24, -11] [7, 15, 27, 32] [-9, 28, -46, 20] [36, 1, -9, -39] [37, 4, -43, 18] [19, 5, 38, 18]
[-16, 0, 40, -44] [11, 2, -14, 30] [-61, -23, -24, 29] [42, -38, 36, 9] [-2, -3, -10, -27] [-1, 18, -42, -24] [42, 25, 0, 32]
[11, 30, 11, 57] [-11, -5, -19, 35] [7, 2, -42, -14] [0, 0, 0, 0] [-19, 62, -32, -9] [-9, -25, -28, -4] [-11, 41, -26, 27]
[-3, 15, -16, 16] [12, 27, 9, 33] [24, -13, 38, 17] [-5, -36, 8, -22] [9, -6, 8, -29] [15, 44, 25, 15] [-10, -17, 4, -18]
[5, -21, -11, -5] [11, 12, 13, -3] [2, 12, 13, 25] [-27, -28, 42, -40] [-42, -28, -1, -50] [-17, 45, 11, 12] [5, 39, 3, 25]
[9, 10, -23, -8] [14, 10, 8, -53] [20, 12, 7, -27] [-2, 6, 30, -45] [53, 31, -5, -13] [26, 31, 18, 2] [20, -16, 27, -29]
------------------------------
ALIVE
Head: (9 3)
Body: (9 3) (9 2) (9 1) (10 1) (10 57) (10 56) (10 55) (9 55) (8 55) (7 55) (6 55) 
Length: 11, 4
Vision: 3
Hungry, suplies: 8/10
Reproductive: 16, mutating: 0.25
Generation: 43333
####################################
Wall (up, right, down, left):
[9, -1, -8, -16] [-3, 4, 12, 2] [-30, -1, 9, -10] [3, -1, 24, 11] [-22, 4, 25, -5] [10, -5, -2, -1] [-11, -22, -9, -17]
[-41, -18, 19, -23] [5, 15, -6, -5] [-35, 9, -3, -1] [-30, 8, 14, 9] [29, 14, -1, -3] [-37, -29, 5, 2] [-13, 5, -10, 6]
[-11, -5, 32, 5] [-5, 23, -13, 0] [-19, 4, 44, -11] [-81, 27, 46, 19] [-40, -52, -15, 40] [-11, -11, -1, 13] [-25, -9, -25, -9]
[4, 45, -5, -48] [22, 1, 16, -25] [-2, 39, -5, -89] [0, 0, 0, 0] [46, -100, 34, 8] [20, -1, -1, 24] [5, -7, 8, 3]
[-14, -32, -9, 7] [18, -3, -10, -1] [5, -8, -43, -41] [54, 11, -96, 8] [15, -7, -32, 24] [0, 13, -1, 22] [-38, -71, -13, 30]
[17, 21, 12, -6] [-12, 4, -16, -3] [26, -9, 20, -10] [-5, 12, -22, 8] [20, -3, -31, -9] [7, -3, -29, 10] [34, 8, 30, 8]
[-15, -6, 3, -5] [-4, -17, -45, -8] [-10, 10, 27, -1] [-7, 3, -42, -10] [42, 25, -8, 36] [42, -27, -47, 23] [-14, 5, 11, -2]
Food (up, right, down, left):
[7, 19, 1, 8] [-9, 21, 7, -11] [26, -12, 21, 16] [-21, -24, 44, 27] [-7, 5, 38, -22] [-5, -27, -14, -28] [-36, 22, -1, -12]
[-72, -13, -22, -23] [3, 2, -24, -11] [7, 16, 27, 32] [-9, 28, -46, 20] [34, 1, -9, -39] [32, 4, -43, 18] [17, 5, 38, 18]
[-16, 0, 40, -44] [14, 2, -14, 30] [-61, -20, -24, 29] [42, -38, 36, 9] [-2, -6, -10, -27] [-1, 18, -47, -24] [42, 25, 0, 32]
[11, 30, 11, 57] [-11, -5, -19, 35] [7, 0, -42, -14] [0, 0, 0, 0] [-19, 62, -32, -8] [-9, -25, -28, -4] [-11, 41, -26, 27]
[-3, 15, -16, 16] [12, 30, 9, 33] [24, -13, 36, 17] [-5, -36, 8, -22] [10, -6, 8, -31] [15, 44, 25, 15] [-10, -17, 4, -18]
[10, -16, -12, -5] [11, 12, 13, -3] [2, 12, 13, 25] [-27, -28, 42, -40] [-42, -28, -1, -51] [-17, 45, 11, 12] [5, 39, 4, 20]
[12, 10, -23, -8] [14, 10, 8, -53] [20, 12, 7, -27] [-2, 6, 30, -45] [53, 31, -5, -13] [25, 31, 18, -3] [20, -16, 27, -29]
------------------------------
ALIVE
Head: (0 41)
Body: (0 41) (0 40) (0 39) (0 38) (0 37) (1 37) (2 37) (2 36) (2 35) (1 35) (25 35) 
Length: 11, 4
Vision: 3
Hungry, suplies: 1/10
Reproductive: 16, mutating: 0.25
Generation: 43335
####################################
Wall (up, right, down, left):
[9, -1, -7, -16] [-3, 4, 12, 2] [-30, -1, 9, -10] [3, -1, 24, 11] [-22, 5, 25, -5] [10, -5, -2, -1] [-11, -22, -9, -12]
[-41, -18, 19, -23] [5, 15, -6, -5] [-35, 5, -3, -5] [-30, 8, 14, 9] [31, 14, -1, -3] [-34, -28, 5, 2] [-13, 5, -10, 6]
[-11, -5, 32, 3] [-5, 23, -11, 0] [-19, 4, 44, -11] [-81, 27, 46, 19] [-40, -52, -15, 40] [-14, -11, -1, 9] [-25, -9, -25, -9]
[4, 45, -5, -48] [22, 1, 16, -25] [-2, 39, -5, -92] [0, 0, 0, 0] [46, -100, 34, 10] [19, -1, -1, 23] [5, -7, 8, 3]
[-14, -32, -9, 7] [18, -3, -15, -1] [5, -8, -47, -41] [54, 11, -96, 9] [15, -7, -32, 24] [0, 13, -1, 22] [-38, -71, -13, 30]
[17, 16, 5, -6] [-12, 4, -16, -3] [26, -9, 20, -10] [-5, 12, -22, 8] [20, -3, -31, -5] [7, -3, -29, 8] [34, 0, 30, 8]
[-15, -5, 3, -5] [-4, -17, -45, -8] [-10, 10, 27, -1] [-7, 3, -42, -10] [42, 25, -8, 36] [42, -27, -47, 21] [-14, 5, 11, -2]
Food (up, right, down, left):
[7, 19, 1, 13] [-9, 21, 7, -15] [26, -12, 21, 16] [-21, -24, 44, 27] [-4, 5, 38, -22] [-5, -27, -14, -28] [-37, 22, -1, -12]
[-72, -13, -22, -23] [3, 2, -24, -11] [7, 15, 27, 32] [-9, 28, -46, 15] [36, 1, -9, -39] [39, 4, -43, 18] [17, 5, 38, 18]
[-16, 0, 40, -43] [11, 2, -14, 30] [-61, -23, -24, 29] [42, -38, 36, 9] [-2, -6, -10, -27] [-1, 18, -42, -24] [42, 25, 0, 32]
[11, 30, 11, 57] [-11, -5, -19, 35] [7, 2, -42, -14] [0, 0, 0, 0] [-19, 62, -32, -9] [-9, -25, -25, -4] [-11, 41, -26, 27]
[-3, 15, -16, 16] [12, 27, 9, 33] [24, -13, 38, 17] [-5, -36, 8, -22] [9, -6, 8, -29] [15, 44, 25, 15] [-10, -17, 4, -18]
[5, -21, -11, -5] [11, 12, 13, -3] [2, 12, 13, 25] [-27, -28, 42, -40] [-42, -28, -1, -50] [-17, 45, 11, 10] [5, 39, 3, 25]
[9, 10, -23, -8] [14, 10, 8, -53] [20, 12, 7, -27] [-2, 6, 30, -45] [53, 31, -5, -13] [26, 31, 18, 2] [20, -16, 27, -29]
------------------------------
ALIVE
Head: (2 27)
Body: (2 27) (3 27) (4 27) (4 26) (4 25) (3 25) (2 25) (2 24) (2 23) (2 22) 
Length: 10, 4
Vision: 3
Hungry, suplies: 10/10
Reproductive: 16, mutating: 0.25
Generation: 43336
####################################
Wall (up, right, down, left):
[9, -1, -7, -16] [1, 4, 12, 2] [-30, -1, 9, -10] [3, -1, 24, 11] [-22, 5, 25, -5] [10, -5, -2, -1] [-11, -22, -9, -12]
[-41, -18, 19, -23] [5, 15, -6, -5] [-35, 5, -3, -1] [-30, 8, 14, 9] [31, 14, -1, -3] [-34, -29, 5, 2] [-13, 5, -10, 6]
[-11, -5, 32, 5] [-5, 23, -11, 0] [-19, 4, 44, -11] [-81, 27, 46, 19] [-40, -52, -15, 40] [-14, -11, -1, 9] [-25, -9, -25, -9]
[4, 45, -5, -48] [22, 1, 16, -25] [-2, 39, -5, -92] [0, 0, 0, 0] [46, -100, 34, 8] [20, -1, -1, 23] [5, -7, 8, 3]
[-14, -32, -9, 7] [18, -3, -15, -1] [5, -8, -47, -41] [54, 11, -96, 9] [15, -7, -32, 24] [0, 13, -1, 22] [-38, -71, -13, 30]
[17, 16, 1, -6] [-12, 4, -16, -3] [26, -9, 20, -10] [-5, 12, -22, 11] [20, 0, -31, -5] [7, -3, -29, 10] [34, 0, 30, 8]
[-15, -5, 3, -5] [-4, -17, -45, -8] [-10, 10, 27, -1] [-7, 3, -42, -10] [42, 25, -8, 36] [42, -27, -47, 21] [-14, 5, 11, -2]
Food (up, right, down, left):
[7, 19, 1, 13] [-10, 21, 7, -15] [26, -12, 21, 16] [-21, -24, 44, 27] [-4, 5, 38, -22] [-5, -27, -14, -28] [-37, 22, -1, -12]
[-72, -13, -22, -23] [3, 2, -24, -11] [7, 11, 27, 32] [-9, 28, -46, 20] [36, 1, -9, -39] [36, 4, -43, 18] [17, 5, 38, 18]
[-16, 0, 40, -44] [11, 2, -14, 30] [-61, -23, -24, 29] [42, -38, 36, 9] [-2, -6, -10, -27] [-1, 18, -42, -24] [42, 25, 0, 32]
[11, 30, 11, 57] [-11, -5, -19, 35] [7, 2, -42, -14] [0, 0, 0, 0] [-19, 62, -32, -8] [-9, -25, -28, -4] [-11, 41, -26, 27]
[-3, 15, -16, 16] [12, 27, 9, 33] [24, -13, 38, 17] [-5, -36, 8, -22] [9, -6, 8, -29] [15, 44, 25, 15] [-10, -17, 4, -18]
[5, -21, -11, -3] [11, 12, 13, -3] [2, 12, 13, 25] [-26, -28, 42, -40] [-42, -28, 2, -50] [-17, 45, 11, 12] [5, 39, 3, 25]
[9, 10, -23, -8] [14, 10, 8, -53] [20, 12, 7, -27] [-2, 6, 30, -45] [53, 31, -5, -13] [26, 31, 18, 2] [20, -16, 27, -29]
------------------------------
ALIVE
Head: (1 32)
Body: (1 32) (2 32) (2 33) (3 33) (4 33) (5 33) (6 33) (7 33) 
Length: 8, 4
Vision: 3
Hungry, suplies: 6/10
Reproductive: 16, mutating: 0.25
Generation: 43333
####################################
Wall (up, right, down, left):
[9, -1, -7, -16] [-3, 4, 12, 2] [-30, -1, 9, -10] [3, -1, 24, 11] [-22, 5, 25, -5] [10, -5, -2, -1] [-11, -22, -9, -12]
[-41, -18, 19, -23] [5, 15, -6, -5] [-35, 5, -3, -5] [-30, 8, 14, 9] [31, 14, -1, -3] [-34, -29, 5, 2] [-13, 5, -10, 6]
[-11, -5, 32, 5] [-5, 23, -11, 0] [-19, 4, 44, -11] [-81, 27, 46, 19] [-40, -52, -15, 43] [-14, -11, -1, 9] [-25, -9, -25, -9]
[4, 45, -5, -48] [22, 1, 16, -25] [-2, 39, -5, -92] [0, 0, 0, 0] [46, -100, 34, 10] [20, -1, -1, 23] [5, -7, 8, 3]
[-14, -32, -9, 7] [18, -3, -15, -1] [5, -8, -47, -41] [54, 11, -96, 9] [15, -7, -32, 24] [0, 13, -1, 22] [-38, -71, -13, 30]
[17, 16, 5, -6] [-12, 4, -16, -3] [26, -9, 20, -10] [-5, 12, -22, 8] [20, -3, -31, -5] [7, -3, -29, 10] [34, 0, 30, 8]
[-15, -5, 3, -5] [-4, -17, -45, -8] [-10, 10, 27, -1] [-7, 3, -42, -10] [42, 25, -8, 36] [42, -27, -47, 21] [-14, 5, 11, -2]
Food (up, right, down, left):
[7, 19, 1, 13] [-9, 21, 7, -15] [26, -12, 21, 16] [-21, -24, 44, 27] [-4, 5, 38, -22] [-5, -27, -14, -28] [-37, 22, -1, -12]
[-72, -13, -22, -23] [3, 2, -24, -11] [7, 15, 27, 32] [-9, 28, -46, 20] [36, 1, -9, -39] [37, 4, -43, 18] [17, 5, 38, 18]
[-16, 0, 40, -44] [11, 2, -14, 30] [-61, -23, -24, 29] [42, -38, 36, 9] [-2, -3, -10, -27] [-1, 18, -42, -24] [42, 25, 0, 32]
[11, 30, 11, 57] [-11, -5, -19, 35] [7, 2, -42, -14] [0, 0, 0, 0] [-19, 62, -32, -9] [-9, -25, -28, -4] [-11, 41, -26, 27]
[-3, 15, -16, 16] [12, 27, 9, 33] [24, -13, 38, 17] [-5, -36, 8, -22] [9, -6, 8, -29] [15, 44, 25, 15] [-10, -17, 4, -18]
[5, -21, -11, -5] [11, 12, 13, -3] [2, 12, 13, 25] [-27, -28, 42, -40] [-42, -28, -1, -50] [-17, 45, 11, 12] [5, 39, 3, 25]
[9, 10, -23, -8] [14, 10, 8, -53] [20, 12, 7, -27] [-2, 6, 30, -45] [53, 31, -5, -13] [26, 31, 18, 2] [20, -16, 27, -29]
------------------------------
ALIVE
Head: (19 44)
Body: (19 44) (18 44) (17 44) (17 45) (16 45) (16 46) (16 47) (16 48) (16 49) (17 49) (17 50) (17 51) 
Length: 12, 4
Vision: 3
Hungry, suplies: 10/10
Reproductive: 16, mutating: 0.25
Generation: 43334
####################################
Wall (up, right, down, left):
[9, -1, -7, -16] [-3, 4, 12, 2] [-30, -1, 9, -10] [3, -1, 24, 11] [-22, 5, 25, -5] [10, -5, -2, -1] [-11, -22, -9, -12]
[-41, -18, 19, -23] [5, 15, -6, -5] [-35, 5, -3, -1] [-30, 8, 14, 9] [31, 14, -1, -3] [-34, -29, 5, 2] [-13, 5, -10, 6]
[-11, -5, 32, 5] [-5, 23, -11, 0] [-19, 4, 44, -11] [-81, 27, 46, 19] [-40, -52, -15, 40] [-14, -11, -1, 9] [-25, -9, -25, -9]
[4, 45, -9, -48] [22, 1, 16, -25] [-2, 39, -5, -92] [0, 0, 0, 0] [46, -100, 34, 8] [20, -1, -1, 23] [5, -7, 8, 3]
[-14, -32, -9, 7] [18, -3, -15, -1] [5, -8, -47, -41] [54, 11, -96, 9] [15, -7, -32, 24] [0, 13, -1, 22] [-38, -71, -13, 30]
[17, 16, 5, -6] [-12, 4, -16, -3] [26, -9, 20, -10] [-5, 12, -22, 11] [20, 0, -31, -5] [7, -3, -29, 10] [34, 0, 30, 8]
[-15, -5, 3, -8] [-4, -17, -45, -8] [-10, 10, 27, -1] [-7, 3, -42, -10] [42, 25, -8, 36] [42, -27, -47, 21] [-14, 5, 11, -2]
Food (up, right, down, left):
[7, 19, 1, 13] [-9, 21, 7, -15] [26, -12, 21, 16] [-21, -24, 44, 27] [-4, 5, 38, -22] [-5, -27, -14, -28] [-37, 22, -1, -12]
[-72, -13, -22, -23] [3, 2, -24, -11] [7, 11, 27, 32] [-9, 28, -46, 20] [36, 1, -9, -39] [36, 4, -43, 18] [17, 5, 38, 18]
[-16, 0, 40, -44] [11, 2, -14, 30] [-61, -23, -24, 29] [42, -38, 36, 9] [-2, -6, -10, -27] [-1, 18, -42, -24] [42, 25, 0, 32]
[11, 31, 11, 57] [-11, -5, -19, 35] [7, 2, -42, -14] [0, 0, 0, 0] [-19, 62, -32, -8] [-9, -25, -28, -4] [-11, 41, -26, 27]
[-3, 15, -16, 16] [12, 27, 9, 33] [24, -13, 38, 17] [-5, -36, 8, -22] [9, -6, 8, -29] [15, 44, 25, 15] [-10, -17, 4, -18]
[5, -21, -11, -5] [11, 12, 13, -3] [2, 12, 13, 25] [-26, -28, 42, -40] [-42, -28, 2, -50] [-17, 45, 11, 12] [5, 39, 3, 25]
[9, 10, -23, -12] [14, 10, 8, -53] [20, 12, 7, -27] [-2, 6, 30, -45] [53, 31, -5, -13] [26, 31, 18, 2] [20, -16, 27, -29]
------------------------------
ALIVE
Head: (18 41)
Body: (18 41) (17 41) (16 41) (16 42) (16 43) (15 43) (15 44) (15 45) (15 46) (14 46) 
Length: 10, 4
Vision: 3
Hungry, suplies: 8/10
Reproductive: 16, mutating: 0.25
Generation: 43332
####################################
Wall (up, right, down, left):
[9, 3, -7, -16] [-3, 4, 12, 2] [-30, -1, 9, -10] [3, -1, 24, 11] [-22, 5, 25, -5] [10, -5, -2, -1] [-11, -22, -9, -12]
[-41, -18, 19, -23] [5, 15, -6, -5] [-35, 5, -3, -1] [-30, 8, 14, 9] [31, 14, -1, -3] [-34, -29, 5, 2] [-13, 5, -10, 6]
[-11, -5, 32, 5] [-5, 23, -11, 0] [-19, 4, 44, -11] [-81, 27, 46, 19] [-40, -52, -15, 40] [-14, -11, -1, 9] [-25, -9, -25, -9]
[4, 45, -5, -48] [22, 1, 16, -25] [-2, 39, -5, -92] [0, 0, 0, 0] [46, -100, 34, 8] [20, -1, -1, 23] [5, -7, 8, 3]
[-14, -32, -9, 7] [18, -3, -15, -1] [5, -8, -47, -41] [54, 11, -96, 9] [15, -7, -32, 24] [0, 13, -1, 22] [-38, -71, -13, 30]
[17, 16, 5, -6] [-12, 4, -16, -3] [26, -9, 20, -10] [-5, 12, -22, 11] [20, 0, -31, -5] [7, -3, -29, 10] [34, 0, 30, 8]
[-15, -5, 3, -7] [-4, -17, -45, -8] [-10, 10, 27, -1] [-7, 3, -42, -10] [42, 25, -8, 36] [42, -27, -47, 21] [-14, 5, 11, -2]
Food (up, right, down, left):
[7, 19, 4, 13] [-9, 21, 7, -15] [26, -12, 21, 16] [-21, -24, 44, 27] [-4, 5, 38, -22] [-5, -27, -14, -28] [-37, 22, -1, -12]
[-72, -13, -22, -23] [3, 2, -24, -11] [7, 11, 27, 32] [-9, 28, -46, 20] [36, 1, -9, -39] [36, 4, -43, 18] [17, 5, 38, 18]
[-16, 0, 40, -44] [11, 2, -14, 30] [-61, -23, -24, 29] [42, -38, 36, 9] [-2, -6, -10, -27] [-1, 18, -42, -24] [42, 25, 0, 32]
[11, 30, 11, 57] [-11, -5, -19, 35] [7, 2, -42, -14] [0, 0, 0, 0] [-19, 62, -32, -8] [-9, -25, -28, -4] [-11, 41, -26, 27]
[-3, 15, -16, 16] [12, 27, 9, 33] [24, -13, 38, 17] [-5, -36, 8, -22] [9, -6, 8, -29] [15, 44, 25, 15] [-10, -17, 4, -18]
[5, -21, -11, -5] [11, 12, 13, -3] [2, 12, 13, 25] [-26, -28, 42, -40] [-42, -28, 2, -50] [-17, 45, 11, 12] [5, 39, 3, 25]
[9, 10, -23, -11] [14, 10, 8, -53] [20, 12, 7, -27] [-2, 6, 30, -45] [53, 31, -5, -13] [26, 31, 18, 2] [20, -16, 27, -29]
------------------------------
ALIVE
Head: (5 18)
Body: (5 18) (6 18) (7 18) (7 17) (8 17) (9 17) (9 18) (9 19) (10 19) (11 19) 
Length: 10, 4
Vision: 3
Hungry, suplies: 8/10
Reproductive: 16, mutating: 0.25
Generation: 43331
####################################
Wall (up, right, down, left):
[9, -1, -7, -16] [-3, 4, 12, 2] [-30, -1, 9, -10] [3, -1, 24, 11] [-22, 5, 25, -5] [10, -5, -2, -1] [-11, -22, -9, -12]
[-41, -18, 19, -23] [5, 15, -6, -5] [-35, 5, -3, -5] [-30, 8, 14, 9] [31, 14, -1, -3] [-34, -29, 5, 2] [-13, 5, -10, 6]
[-11, -5, 32, 5] [-5, 23, -11, 0] [-19, 4, 44, -11] [-81, 27, 46, 19] [-40, -52, -15, 43] [-14, -11, -1, 9] [-25, -9, -25, -9]
[4, 45, -5, -48] [22, 1, 16, -25] [-2, 39, -5, -92] [0, 0, 0, 0] [46, -100, 34, 10] [20, -1, -1, 23] [5, -7, 8, 3]
[-14, -32, -9, 7] [18, -3, -15, -1] [5, -8, -47, -41] [54, 11, -96, 9] [15, -7, -32, 24] [0, 13, -1, 22] [-38, -71, -13, 30]
[17, 16, 5, -6] [-12, 4, -16, -3] [26, -9, 20, -10] [-5, 12, -22, 8] [20, -3, -31, -5] [7, -3, -29, 10] [34, 0, 30, 8]
[-15, -5, 3, -5] [-4, -17, -45, -8] [-10, 10, 27, -1] [-7, 3, -42, -10] [42, 25, -8, 36] [42, -27, -47, 21] [-14, 5, 11, -2]
Food (up, right, down, left):
[7, 19, 1, 13] [-9, 21, 7, -15] [26, -12, 21, 16] [-21, -24, 44, 27] [-4, 5, 38, -22] [-5, -27, -14, -28] [-37, 22, -1, -12]
[-72, -13, -22, -23] [3, 2, -24, -11] [7, 15, 27, 32] [-9, 28, -46, 20] [36, 1, -9, -39] [36, 4, -43, 18] [17, 5, 38, 18]
[-16, 0, 40, -44] [11, 2, -14, 30] [-61, -23, -24, 29] [42, -38, 36, 9] [-2, -3, -10, -27] [-1, 18, -42, -24] [42, 25, 0, 32]
[11, 30, 11, 57] [-11, -5, -19, 35] [7, 2, -42, -14] [0, 0, 0, 0] [-19, 62, -32, -9] [-9, -25, -28, -4] [-11, 41, -26, 27]
[-3, 15, -16, 16] [12, 27, 9, 33] [24, -13, 38, 17] [-5, -36, 8, -22] [9, -6, 8, -29] [15, 44, 25, 15] [-10, -17, 4, -18]
[5, -21, -11, -5] [11, 12, 13, -3] [2, 12, 13, 25] [-27, -28, 42, -40] [-42, -28, -1, -50] [-17, 45, 11, 12] [5, 39, 3, 25]
[9, 10, -23, -8] [14, 10, 8, -53] [20, 12, 7, -27] [-2, 6, 30, -45] [53, 31, -5, -13] [26, 31, 18, 2] [20, -16, 27, -29]
------------------------------
ALIVE
Head: (18 54)
Body: (18 54) (18 53) (19 53) (19 52) (20 52) (21 52) (22 52) (22 51) (22 50) (21 50) (20 50) (20 49) (20 48) (20 47) 
Length: 14, 4
Vision: 3
Hungry, suplies: 8/10
Reproductive: 16, mutating: 0.25
Generation: 43332
####################################
Wall (up, right, down, left):
[9, -1, -7, -16] [-3, 4, 12, 2] [-30, -1, 9, -10] [3, -1, 24, 11] [-22, 5, 25, -5] [10, -5, -2, -1] [-11, -22, -9, -12]
[-41, -18, 19, -23] [5, 15, -6, -5] [-35, 5, -3, -5] [-30, 8, 14, 9] [31, 14, -1, -3] [-34, -28, 5, 2] [-13, 5, -10, 6]
[-11, -5, 32, 3] [-5, 23, -11, 0] [-19, 4, 44, -11] [-81, 27, 46, 19] [-40, -52, -15, 40] [-14, -11, -1, 9] [-25, -9, -25, -9]
[4, 45, -5, -48] [22, 1, 16, -25] [-2, 39, -5, -92] [0, 0, 0, 0] [46, -100, 34, 10] [19, -1, -1, 23] [5, -7, 8, 3]
[-14, -32, -9, 7] [18, -3, -15, -1] [5, -8, -47, -41] [54, 11, -96, 9] [15, -7, -32, 24] [0, 13, -1, 22] [-38, -71, -13, 30]
[17, 16, 5, -6] [-12, 4, -16, -3] [26, -9, 20, -10] [-5, 12, -22, 8] [20, -3, -31, -5] [7, -3, -29, 8] [34, 0, 30, 8]
[-15, -5, 3, -5] [-4, -17, -45, -8] [-10, 10, 27, -1] [-7, 3, -42, -10] [42, 25, -8, 36] [42, -27, -47, 21] [-14, 5, 11, -2]
Food (up, right, down, left):
[7, 19, 1, 13] [-9, 21, 7, -15] [26, -12, 21, 16] [-21, -24, 44, 27] [-4, 5, 38, -22] [-5, -27, -14, -28] [-37, 22, -1, -12]
[-72, -13, -22, -23] [3, 2, -24, -11] [7, 15, 27, 32] [-9, 28, -46, 15] [36, 1, -9, -39] [39, 4, -43, 18] [17, 5, 38, 18]
[-16, 0, 40, -43] [11, 2, -14, 30] [-61, -23, -24, 29] [42, -38, 36, 9] [-2, -6, -10, -27] [-1, 18, -42, -24] [42, 25, 0, 32]
[11, 30, 11, 57] [-11, -5, -19, 35] [7, 2, -42, -14] [0, 0, 0, 0] [-19, 62, -32, -9] [-9, -25, -25, -4] [-11, 41, -26, 27]
[-3, 15, -16, 16] [12, 27, 9, 33] [24, -13, 38, 17] [-5, -36, 8, -22] [9, -6, 8, -29] [15, 44, 25, 15] [-10, -17, 4, -18]
[5, -21, -11, -5] [11, 12, 13, -3] [2, 12, 13, 25] [-27, -28, 42, -40] [-42, -28, -1, -50] [-17, 45, 11, 10] [5, 39, 3, 25]
[9, 10, -23, -8] [14, 10, 8, -53] [20, 12, 7, -27] [-2, 6, 30, -45] [53, 31, -5, -13] [26, 31, 18, 2] [20, -16, 27, -29]
------------------------------
ALIVE
Head: (10 39)
Body: (10 39) (10 40) (10 41) (10 42) (10 43) (11 43) (11 44) (12 44) (13 44) (13 43) (13 42) (13 41) 
Length: 12, 4
Vision: 3
Hungry, suplies: 5/10
Reproductive: 16, mutating: 0.25
Generation: 43335
####################################
Wall (up, right, down, left):
[9, -1, -7, -16] [1, 4, 12, 2] [-30, -1, 9, -10] [3, -1, 24, 11] [-22, 5, 25, -5] [10, -5, -2, -1] [-11, -22, -9, -12]
[-41, -18, 19, -23] [5, 15, -6, -5] [-35, 5, -3, -1] [-30, 8, 14, 9] [31, 14, -1, -3] [-34, -29, 5, 2] [-13, 5, -10, 6]
[-11, -5, 32, 5] [-5, 23, -11, 0] [-19, 4, 44, -11] [-81, 27, 46, 19] [-40, -52, -15, 40] [-14, -11, -1, 9] [-25, -9, -25, -9]
[4, 45, -5, -48] [22, 1, 16, -25] [-2, 39, -5, -92] [0, 0, 0, 0] [46, -100, 34, 8] [20, -1, -1, 23] [5, -7, 8, 3]
[-14, -32, -9, 7] [18, -3, -15, -1] [5, -8, -47, -41] [54, 11, -96, 9] [15, -7, -32, 24] [0, 13, -1, 22] [-38, -71, -13, 30]
[17, 16, 1, -6] [-12, 4, -16, -3] [26, -9, 20, -10] [-5, 12, -22, 11] [20, 0, -31, -5] [7, -3, -29, 10] [34, 0, 30, 8]
[-15, -5, 3, -5] [-4, -17, -45, -8] [-10, 10, 27, -1] [-7, 3, -42, -10] [42, 25, -8, 36] [42, -27, -47, 21] [-14, 5, 11, -2]
Food (up, right, down, left):
[7, 19, 1, 13] [-10, 21, 7, -15] [26, -12, 21, 16] [-21, -24, 44, 27] [-4, 5, 38, -22] [-5, -27, -14, -28] [-37, 22, -1, -12]
[-72, -13, -22, -23] [3, 2, -24, -11] [7, 11, 27, 32] [-9, 28, -46, 20] [36, 1, -9, -39] [36, 4, -43, 18] [17, 5, 38, 18]
[-16, 0, 40, -44] [11, 2, -14, 30] [-61, -23, -24, 29] [42, -38, 36, 9] [-2, -6, -10, -27] [-1, 18, -42, -24] [42, 25, 0, 32]
[11, 30, 11, 57] [-11, -5, -19, 35] [7, 2, -42, -14] [0, 0, 0, 0] [-19, 62, -32, -8] [-9, -25, -28, -4] [-11, 41, -26, 27]
[-3, 15, -16, 16] [12, 27, 9, 33] [24, -13, 38, 17] [-5, -36, 8, -22] [9, -6, 8, -29] [15, 44, 25, 15] [-10, -17, 4, -18]
[5, -21, -11, -3] [11, 12, 13, -3] [2, 12, 13, 25] [-26, -28, 42, -40] [-42, -28, 2, -50] [-17, 45, 11, 12] [5, 39, 3, 25]
[9, 10, -23, -8] [14, 10, 8, -53] [20, 12, 7, -27] [-2, 6, 30, -45] [53, 31, -5, -13] [26, 31, 18, 2] [20, -16, 27, -29]
------------------------------
ALIVE
Head: (13 15)
Body: (13 15) (14 15) (14 16) (14 17) (13 17) (12 17) (12 16) (11 16) (10 16) (10 15) (9 15) (8 15) (7 15) (7 14) (6 14) 
Length: 15, 4
Vision: 3
Hungry, suplies: 10/10
Reproductive: 16, mutating: 0.25
Generation: 43334
####################################
Wall (up, right, down, left):
[9, -1, -8, -16] [-3, 4, 12, 2] [-30, -1, 9, -10] [3, -1, 24, 11] [-22, 4, 25, -5] [10, -5, -2, -1] [-11, -22, -9, -17]
[-41, -18, 19, -23] [5, 15, -6, -5] [-35, 9, -3, -1] [-30, 8, 14, 9] [29, 14, -1, -3] [-37, -29, 5, 2] [-13, 5, -10, 6]
[-11, -5, 32, 5] [-5, 23, -13, 0] [-23, 4, 44, -11] [-81, 27, 46, 19] [-40, -52, -15, 40] [-11, -11, -1, 13] [-25, -9, -25, -9]
[4, 45, -5, -48] [22, 1, 16, -25] [-2, 39, -5, -89] [0, 0, 0, 0] [46, -100, 34, 8] [20, -1, -1, 24] [5, -7, 8, 3]
[-14, -32, -9, 7] [18, -3, -10, -1] [5, -8, -43, -41] [54, 11, -96, 8] [15, -7, -32, 24] [0, 13, -1, 22] [-38, -71, -13, 30]
[17, 21, 12, -6] [-12, 4, -16, -3] [26, -9, 20, -10] [-5, 12, -22, 8] [20, -3, -31, -9] [7, -3, -29, 10] [34, 8, 30, 8]
[-15, -6, 3, -5] [-4, -17, -45, -8] [-10, 10, 27, -1] [-7, 3, -42, -10] [42, 25, -8, 36] [42, -27, -47, 23] [-14, 5, 11, -2]
Food (up, right, down, left):
[7, 19, 1, 8] [-9, 21, 7, -11] [26, -12, 21, 16] [-21, -24, 44, 27] [-7, 5, 38, -22] [-5, -27, -14, -28] [-36, 22, -1, -12]
[-72, -13, -22, -23] [3, 2, -24, -11] [7, 16, 27, 32] [-9, 28, -46, 20] [34, 1, -9, -39] [32, 4, -43, 18] [17, 5, 38, 18]
[-16, 0, 40, -44] [14, 2, -14, 30] [-61, -20, -26, 29] [42, -38, 36, 9] [-2, -6, -10, -27] [-1, 18, -47, -24] [42, 25, 0, 32]
[11, 30, 11, 57] [-11, -5, -19, 35] [7, 0, -42, -14] [0, 0, 0, 0] [-19, 62, -32, -8] [-9, -25, -28, -4] [-11, 41, -26, 27]
[-3, 15, -16, 16] [12, 30, 9, 33] [24, -13, 36, 17] [-5, -36, 8, -22] [10, -6, 8, -31] [15, 44, 25, 15] [-10, -17, 4, -18]
[10, -16, -12, -5] [11, 12, 13, -3] [2, 12, 13, 25] [-27, -28, 42, -40] [-42, -28, -1, -51] [-17, 45, 11, 12] [5, 39, 4, 20]
[12, 10, -23, -8] [14, 10, 8, -53] [20, 12, 7, -27] [-2, 6, 30, -45] [53, 31, -5, -13] [25, 31, 18, -3] [20, -16, 27, -29]
------------------------------
ALIVE
Head: (16 28)
Body: (16 28) (16 29) (16 30) (17 30) (17 31) (17 32) (16 32) (16 33) (17 33) (17 34) (17 35) (17 36) 
Length: 12, 4
Vision: 3
Hungry, suplies: 6/10
Reproductive: 16, mutating: 0.25
Generation: 43334
####################################
Wall (up, right, down, left):
[9, -1, -7, -16] [-3, 4, 12, 2] [-30, -1, 9, -10] [3, -1, 24, 11] [-22, 5, 25, -5] [10, -5, -2, -1] [-11, -22, -9, -12]
[-41, -18, 19, -23] [5, 15, -6, -5] [-35, 5, -3, -5] [-30, 8, 14, 9] [31, 14, -1, -3] [-34, -29, 5, 2] [-16, 5, -10, 6]
[-11, -5, 32, 5] [-5, 23, -11, 0] [-19, 4, 44, -11] [-81, 27, 46, 19] [-40, -52, -15, 43] [-14, -11, -1, 9] [-25, -9, -25, -9]
[4, 45, -5, -48] [22, 1, 16, -25] [-2, 39, -5, -92] [0, 0, 0, 0] [46, -100, 34, 10] [20, -1, -1, 23] [5, -7, 8, 3]
[-14, -32, -9, 7] [18, -3, -15, -1] [5, -8, -47, -41] [54, 11, -96, 9] [15, -7, -32, 24] [0, 13, -1, 22] [-38, -71, -13, 30]
[17, 16, 5, -6] [-12, 4, -16, -3] [26, -9, 20, -10] [-5, 12, -22, 8] [20, -3, -31, -5] [7, -3, -29, 10] [34, 0, 30, 8]
[-15, -5, 3, -5] [-4, -17, -45, -8] [-10, 10, 27, -1] [-7, 3, -42, -10] [42, 25, -8, 36] [42, -27, -47, 21] [-14, 5, 11, -2]
Food (up, right, down, left):
[7, 19, 1, 13] [-9, 21, 7, -15] [26, -12, 21, 16] [-21, -24, 44, 27] [-4, 5, 38, -22] [-5, -27, -14, -28] [-37, 22, -1, -12]
[-72, -13, -22, -23] [3, 2, -24, -11] [7, 15, 27, 32] [-9, 28, -46, 20] [36, 1, -9, -39] [37, 4, -43, 18] [19, 5, 38, 18]
[-16, 0, 40, -44] [11, 2, -14, 30] [-61, -23, -24, 29] [42, -38, 36, 9] [-2, -3, -10, -27] [-1, 18, -42, -24] [42, 25, 0, 32]
[11, 30, 11, 57] [-11, -5, -19, 35] [7, 2, -42, -14] [0, 0, 0, 0] [-19, 62, -32, -9] [-9, -25, -28, -4] [-11, 41, -26, 27]
[-3, 15, -16, 16] [12, 27, 9, 33] [24, -13, 38, 17] [-5, -36, 8, -22] [9, -6, 8, -29] [15, 44, 25, 15] [-10, -17, 4, -18]
[5, -21, -11, -5] [11, 12, 13, -3] [2, 12, 13, 25] [-27, -28, 42, -40] [-42, -28, -1, -50] [-17, 45, 11, 12] [5, 39, 3, 25]
[9, 10, -23, -8] [14, 10, 8, -53] [20, 12, 7, -27] [-2, 6, 30, -45] [53, 31, -5, -13] [26, 31, 18, 2] [20, -16, 27, -29]
------------------------------
ALIVE
Head: (14 26)
Body: (14 26) (13 26) (12 26) (12 25) (12 24) (12 23) (12 22) (13 22) (14 22) 
Length: 9, 4
Vision: 3
Hungry, suplies: 10/10
Reproductive: 16, mutating: 0.25
Generation: 43334
####################################
Wall (up, right, down, left):
[9, -1, -7, -16] [-3, 4, 12, 2] [-30, -1, 9, -10] [3, -1, 24, 11] [-22, 5, 25, -5] [10, -5, -2, -1] [-11, -22, -9, -12]
[-41, -18, 19, -23] [5, 15, -6, -5] [-35, 5, -3, -1] [-30, 8, 14, 9] [31, 14, -1, -3] [-34, -29, 5, 2] [-13, 5, -10, 6]
[-11, -5, 32, 5] [-5, 23, -11, 0] [-19, 4, 44, -11] [-81, 27, 46, 19] [-43, -52, -15, 40] [-14, -11, -1, 9] [-25, -9, -25, -9]
[4, 45, -5, -48] [22, 1, 16, -25] [-2, 39, -5, -92] [0, 0, 0, 0] [46, -100, 34, 8] [20, -1, -1, 23] [5, -7, 8, 3]
[-14, -32, -9, 7] [18, -3, -15, -1] [5, -8, -47, -41] [54, 11, -96, 9] [15, -7, -32, 24] [0, 13, -1, 22] [-38, -71, -13, 30]
[17, 16, 5, -6] [-12, 4, -16, -3] [26, -9, 20, -10] [-5, 12, -22, 8] [20, -3, -31, -5] [7, -3, -29, 10] [34, 0, 30, 8]
[-15, -5, 3, -5] [-4, -17, -45, -8] [-10, 10, 27, -1] [-7, 3, -42, -10] [42, 25, -8, 36] [42, -27, -47, 21] [-14, 5, 11, -2]
Food (up, right, down, left):
[7, 19, 1, 13] [-9, 21, 7, -15] [26, -12, 21, 16] [-21, -24, 44, 27] [-4, 5, 38, -22] [-5, -27, -14, -28] [-37, 22, -1, -12]
[-72, -13, -22, -23] [3, 2, -24, -11] [7, 11, 27, 32] [-9, 28, -46, 20] [36, 1, -9, -39] [36, 4, -43, 18] [17, 5, 38, 18]
[-16, 0, 40, -44] [11, 2, -14, 30] [-61, -23, -24, 29] [42, -38, 36, 9] [-2, -6, -10, -31] [-1, 18, -42, -24] [42, 25, 0, 32]
[11, 30, 11, 57] [-11, -5, -19, 35] [7, 2, -42, -14] [0, 0, 0, 0] [-19, 62, -32, -8] [-9, -25, -28, -4] [-11, 41, -26, 27]
[-3, 15, -16, 16] [12, 27, 9, 33] [24, -13, 38, 17] [-5, -36, 8, -22] [9, -6, 8, -29] [15, 44, 25, 15] [-10, -17, 4, -18]
[5, -21, -11, -5] [11, 12, 13, -3] [2, 12, 13, 25] [-27, -28, 42, -40] [-42, -28, -1, -50] [-17, 45, 11, 12] [5, 39, 3, 25]
[9, 10, -23, -8] [14, 10, 8, -53] [20, 12, 7, -27] [-2, 6, 30, -45] [53, 31, -5, -13] [26, 31, 18, 2] [20, -16, 27, -29]
------------------------------
ALIVE
Head: (4 19)
Body: (4 19) (5 19) (6 19) (7 19) (7 20) (8 20) (8 21) (8 22) (8 23) 
Length: 9, 4
Vision: 3
Hungry, suplies: 4/10
Reproductive: 16, mutating: 0.25
Generation: 43336
####################################
Wall (up, right, down, left):
[9, -1, -8, -16] [-3, 4, 12, 2] [-30, -1, 9, -10] [3, -1, 24, 11] [-22, 4, 25, -5] [10, -5, -2, -1] [-11, -22, -9, -17]
[-41, -18, 19, -23] [5, 15, -6, -5] [-35, 9, -3, -1] [-30, 8, 14, 9] [29, 14, -1, -3] [-37, -29, 5, 2] [-13, 5, -10, 6]
[-11, -5, 32, 5] [-5, 23, -13, 0] [-19, 4, 44, -11] [-81, 27, 46, 19] [-40, -52, -15, 40] [-11, -11, -1, 13] [-25, -9, -25, -9]
[4, 45, -5, -48] [22, 1, 16, -25] [-2, 39, -5, -89] [0, 0, 0, 0] [46, -100, 34, 8] [20, -1, -1, 24] [5, -7, 8, 3]
[-14, -32, -9, 7] [18, -3, -10, -1] [5, -8, -43, -41] [54, 11, -96, 8] [15, -7, -32, 24] [0, 13, -1, 22] [-38, -71, -13, 30]
[17, 16, 12, -6] [-12, 4, -16, -3] [26, -9, 20, -10] [-5, 12, -22, 8] [20, -3, -31, -9] [7, -3, -29, 10] [34, 8, 30, 8]
[-15, -6, 3, -5] [-4, -17, -45, -8] [-10, 10, 27, -1] [-7, 3, -42, -10] [42, 25, -8, 36] [42, -27, -47, 23] [-14, 5, 11, -2]
Food (up, right, down, left):
[7, 19, 1, 8] [-9, 21, 7, -15] [26, -12, 21, 16] [-21, -24, 44, 27] [-7, 5, 38, -22] [-5, -27, -14, -28] [-36, 22, -1, -12]
[-72, -13, -22, -23] [3, 2, -24, -11] [7, 16, 27, 32] [-9, 28, -46, 20] [34, 1, -9, -39] [32, 4, -43, 18] [17, 5, 38, 18]
[-16, 0, 40, -44] [14, 2, -14, 30] [-61, -20, -24, 29] [42, -38, 36, 9] [-2, -6, -10, -27] [-1, 18, -47, -24] [42, 25, 0, 32]
[11, 30, 11, 57] [-11, -5, -19, 35] [7, 0, -42, -14] [0, 0, 0, 0] [-19, 62, -32, -8] [-9, -25, -28, -4] [-11, 41, -26, 27]
[-3, 15, -16, 16] [12, 30, 9, 33] [24, -13, 36, 17] [-5, -36, 8, -22] [10, -6, 8, -31] [15, 44, 25, 15] [-10, -17, 4, -18]
[10, -16, -11, -5] [11, 12, 13, -3] [2, 12, 13, 25] [-27, -28, 42, -40] [-42, -28, -1, -51] [-17, 45, 11, 12] [5, 39, 4, 20]
[12, 10, -23, -8] [14, 10, 8, -53] [20, 12, 7, -27] [-2, 6, 30, -45] [53, 31, -5, -13] [25, 31, 18, -3] [20, -16, 27, -29]
------------------------------
ALIVE
Head: (8 27)
Body: (8 27) (8 26) (7 26) (6 26) (5 26) (5 25) (5 24) (6 24) (7 24) 
Length: 9, 4
Vision: 3
Hungry, suplies: 10/10
Reproductive: 16, mutating: 0.25
Generation: 43331
####################################
Wall (up, right, down, left):
[9, -1, -7, -16] [1, 4, 12, 2] [-30, -1, 9, -10] [3, -1, 24, 11] [-22, 5, 25, -5] [10, -5, -2, -1] [-11, -22, -9, -12]
[-41, -18, 19, -23] [5, 15, -6, -5] [-35, 5, -3, -1] [-30, 8, 14, 9] [31, 14, -1, -3] [-34, -29, 5, 2] [-13, 5, -10, 6]
[-11, -5, 32, 5] [-5, 23, -11, 0] [-19, 4, 44, -11] [-81, 27, 46, 19] [-40, -52, -15, 40] [-14, -11, -1, 9] [-25, -9, -25, -9]
[4, 45, -5, -48] [22, 1, 16, -25] [-2, 39, -5, -92] [0, 0, 0, 0] [46, -100, 34, 8] [20, -1, -1, 23] [5, -7, 8, 3]
[-14, -32, -9, 7] [18, -3, -15, -1] [5, -8, -47, -41] [54, 11, -96, 9] [15, -7, -32, 24] [0, 13, -1, 22] [-38, -71, -13, 30]
[17, 16, 1, -6] [-12, 4, -16, -3] [26, -9, 20, -10] [-5, 12, -22, 11] [20, 0, -31, -5] [7, -3, -29, 10] [34, 0, 30, 8]
[-15, -5, 3, -5] [-4, -17, -45, -8] [-10, 10, 27, -1] [-7, 3, -42, -10] [42, 25, -8, 36] [42, -27, -47, 21] [-14, 5, 11, -2]
Food (up, right, down, left):
[7, 19, 1, 13] [-10, 21, 7, -15] [26, -12, 21, 16] [-21, -24, 44, 27] [-4, 5, 38, -22] [-5, -27, -14, -28] [-37, 22, -1, -12]
[-72, -13, -22, -23] [3, 2, -24, -11] [7, 11, 27, 32] [-9, 28, -46, 20] [36, 1, -9, -39] [36, 4, -43, 18] [17, 5, 38, 18]
[-16, 0, 40, -44] [11, 2, -14, 30] [-61, -23, -24, 29] [42, -38, 36, 9] [-2, -6, -10, -27] [-1, 18, -42, -24] [42, 25, 0, 32]
[11, 30, 11, 57] [-11, -5, -19, 35] [7, 2, -42, -14] [0, 0, 0, 0] [-19, 62, -32, -8] [-9, -25, -28, -4] [-11, 41, -26, 27]
[-3, 15, -16, 16] [12, 27, 9, 33] [24, -13, 38, 17] [-5, -36, 8, -22] [9, -6, 8, -29] [15, 44, 25, 15] [-10, -17, 4, -18]
[5, -21, -11, -3] [11, 12, 13, -3] [2, 12, 13, 25] [-26, -28, 42, -40] [-42, -28, 2, -50] [-17, 45, 11, 12] [5, 39, 3, 25]
[9, 10, -23, -8] [14, 10, 8, -53] [20, 12, 7, -27] [-2, 6, 30, -45] [53, 31, -5, -13] [26, 31, 18, 2] [20, -16, 27, -29]
------------------------------
ALIVE
Head: (10 26)
Body: (10 26) (11 26) (11 27) (12 27) (12 28) (12 29) (13 29) (13 30) (12 30) (11 30) (10 30) 
Length: 11, 4
Vision: 3
Hungry, suplies: 8/10
Reproductive: 16, mutating: 0.25
Generation: 43334
####################################
Wall (up, right, down, left):
[9, -1, -7, -16] [1, 4, 12, 2] [-30, -1, 9, -10] [3, -1, 24, 11] [-22, 5, 25, -5] [10, -5, -2, -1] [-11, -22, -9, -12]
[-41, -18, 19, -23] [5, 15, -6, -5] [-35, 5, -3, -1] [-30, 8, 14, 9] [31, 14, -1, -3] [-34, -29, 5, 2] [-13, 5, -10, 6]
[-11, -5, 32, 5] [-5, 23, -11, 0] [-19, 4, 44, -11] [-81, 27, 46, 19] [-40, -52, -15, 40] [-14, -11, -1, 9] [-25, -9, -25, -9]
[4, 45, -5, -48] [22, 1, 16, -25] [-2, 39, -5, -92] [0, 0, 0, 0] [46, -100, 34, 8] [20, -1, -1, 23] [5, -7, 8, 3]
[-14, -32, -9, 7] [18, -3, -15, -1] [5, -8, -47, -41] [54, 11, -96, 9] [15, -7, -32, 24] [0, 13, -1, 22] [-38, -71, -13, 30]
[17, 16, 1, -6] [-12, 4, -16, -3] [26, -9, 20, -10] [-5, 12, -22, 11] [20, 0, -31, -5] [7, -3, -29, 10] [34, 0, 30, 8]
[-15, -5, 3, -5] [-4, -17, -45, -8] [-10, 10, 27, -1] [-7, 3, -42, -10] [42, 25, -8, 36] [42, -27, -47, 21] [-14, 5, 11, -2]
Food (up, right, down, left):
[7, 19, 1, 13] [-10, 21, 7, -15] [26, -12, 21, 16] [-21, -24, 44, 27] [-4, 5, 38, -22] [-5, -27, -14, -28] [-37, 22, -1, -12]
[-72, -13, -22, -23] [3, 2, -24, -11] [7, 11, 27, 32] [-9, 28, -46, 20] [36, 1, -9, -39] [36, 4, -43, 18] [17, 5, 38, 18]
[-16, 0, 40, -44] [11, 2, -14, 30] [-61, -23, -24, 29] [42, -38, 36, 9] [-2, -6, -10, -27] [-1, 18, -42, -24] [42, 25, 0, 32]
[11, 30, 11, 57] [-11, -5, -19, 35] [7, 2, -42, -14] [0, 0, 0, 0] [-19, 62, -32, -8] [-9, -25, -28, -4] [-11, 41, -26, 27]
[-3, 15, -16, 16] [12, 27, 9, 33] [24, -13, 38, 17] [-5, -36, 8, -22] [9, -6, 8, -29] [15, 44, 25, 15] [-10, -17, 4, -18]
[5, -21, -11, -3] [11, 12, 13, -3] [2, 12, 13, 25] [-26, -28, 42, -40] [-42, -28, 2, -50] [-17, 45, 11, 12] [5, 39, 3, 25]
[9, 10, -23, -8] [14, 10, 8, -53] [20, 12, 7, -27] [-2, 6, 30, -45] [53, 31, -5, -13] [26, 31, 18, 2] [20, -16, 27, -29]
------------------------------
ALIVE
Head: (5 47)
Body: (5 47) (5 46) (6 46) (6 45) (7 45) (8 45) (9 45) (10 45) 
Length: 8, 4
Vision: 3
Hungry, suplies: 10/10
Reproductive: 16, mutating: 0.25
Generation: 43334
####################################
Wall (up, right, down, left):
[9, -1, -7, -16] [-3, 4, 12, 2] [-30, -1, 9, -10] [3, -1, 24, 11] [-22, 5, 25, -5] [10, -5, -2, -1] [-11, -22, -9, -12]
[-41, -18, 19, -23] [5, 15, -6, -5] [-35, 5, -3, -1] [-30, 8, 14, 9] [31, 14, -1, -3] [-34, -29, 5, 2] [-13, 5, -10, 6]
[-11, -5, 32, 5] [-5, 23, -11, 0] [-19, 4, 44, -11] [-81, 27, 46, 19] [-40, -52, -15, 40] [-14, -11, -1, 9] [-25, -9, -25, -9]
[4, 45, -9, -48] [22, 1, 16, -25] [-2, 39, -5, -92] [0, 0, 0, 0] [46, -100, 34, 8] [20, -1, -1, 23] [5, -7, 8, 3]
[-14, -32, -9, 7] [18, -3, -15, -1] [5, -8, -47, -41] [54, 11, -96, 9] [15, -7, -32, 24] [0, 13, -1, 22] [-38, -71, -13, 30]
[17, 16, 5, -6] [-12, 4, -16, -3] [26, -9, 20, -10] [-5, 12, -22, 11] [20, 0, -31, -5] [7, -3, -29, 10] [34, 0, 30, 8]
[-15, -5, 3, -8] [-4, -17, -45, -8] [-10, 10, 27, -1] [-7, 3, -42, -10] [42, 25, -8, 36] [42, -27, -47, 21] [-14, 5, 11, -2]
Food (up, right, down, left):
[7, 19, 1, 13] [-9, 21, 7, -15] [26, -12, 21, 16] [-21, -24, 44, 27] [-4, 5, 38, -22] [-5, -27, -14, -28] [-37, 22, -1, -12]
[-72, -13, -22, -23] [3, 2, -24, -11] [7, 11, 27, 32] [-9, 28, -46, 20] [36, 1, -9, -39] [36, 4, -43, 18] [17, 5, 38, 18]
[-16, 0, 40, -44] [11, 2, -14, 30] [-61, -23, -24, 29] [42, -38, 36, 9] [-2, -6, -10, -27] [-1, 18, -42, -24] [42, 25, 0, 32]
[11, 31, 11, 57] [-11, -5, -19, 35] [7, 2, -42, -14] [0, 0, 0, 0] [-19, 62, -32, -8] [-9, -25, -28, -4] [-11, 41, -26, 27]
[-3, 15, -16, 16] [12, 27, 9, 33] [24, -13, 38, 17] [-5, -36, 8, -22] [9, -6, 8, -29] [15, 44, 25, 15] [-10, -17, 4, -18]
[5, -21, -11, -5] [11, 12, 13, -3] [2, 12, 13, 25] [-26, -28, 42, -40] [-42, -28, 2, -50] [-17, 45, 11, 12] [5, 39, 3, 25]
[9, 10, -23, -12] [14, 10, 8, -53] [20, 12, 7, -27] [-2, 6, 30, -45] [53, 31, -5, -13] [26, 31, 18, 2] [20, -16, 27, -29]
------------------------------
ALIVE
Head: (11 5)
Body: (11 5) (11 4) (11 3) (11 2) (11 1) (11 57) (11 56) (11 55) (12 55) (13 55) 
Length: 10, 4
Vision: 3
Hungry, suplies: 10/10
Reproductive: 16, mutating: 0.25
Generation: 43333
####################################
Wall (up, right, down, left):
[9, -1, -7, -16] [-3, 4, 12, 2] [-30, -1, 9, -10] [3, -1, 24, 11] [-22, 5, 25, -5] [10, -5, -2, -1] [-11, -22, -9, -12]
[-41, -18, 19, -23] [5, 15, -6, -5] [-35, 5, -3, -5] [-30, 8, 14, 9] [31, 14, -1, -3] [-34, -28, 5, 2] [-13, 5, -10, 6]
[-11, -5, 32, 3] [-5, 23, -11, 0] [-19, 4, 44, -11] [-81, 27, 46, 19] [-40, -52, -15, 40] [-14, -11, -1, 9] [-25, -9, -25, -9]
[4, 45, -5, -48] [22, 1, 16, -25] [-2, 39, -5, -92] [0, 0, 0, 0] [46, -100, 34, 10] [19, -1, -1, 23] [5, -7, 8, 3]
[-14, -32, -9, 7] [18, -3, -15, -1] [5, -8, -47, -41] [54, 11, -96, 9] [15, -7, -32, 24] [0, 13, -1, 22] [-38, -71, -13, 30]
[17, 16, 5, -6] [-12, 4, -16, -3] [26, -9, 20, -10] [-5, 12, -22, 8] [20, -3, -31, -5] [7, -3, -29, 8] [34, 0, 30, 8]
[-15, -5, 3, -5] [-4, -17, -45, -8] [-10, 10, 27, -1] [-7, 3, -42, -10] [42, 25, -8, 36] [42, -27, -47, 21] [-14, 5, 11, -2]
Food (up, right, down, left):
[7, 19, 1, 13] [-9, 21, 7, -15] [26, -12, 21, 16] [-21, -24, 44, 27] [-4, 5, 38, -22] [-5, -27, -14, -28] [-37, 22, -1, -12]
[-72, -13, -22, -23] [3, 2, -24, -11] [7, 15, 27, 32] [-9, 28, -46, 15] [36, 1, -9, -39] [39, 4, -43, 18] [17, 5, 38, 18]
[-16, 0, 40, -43] [11, 2, -14, 30] [-61, -23, -24, 29] [42, -38, 36, 9] [-2, -6, -10, -27] [-1, 18, -42, -24] [42, 25, 0, 32]
[11, 30, 11, 57] [-11, -5, -19, 35] [7, 2, -42, -14] [0, 0, 0, 0] [-19, 62, -32, -9] [-9, -25, -25, -4] [-11, 41, -26, 27]
[-3, 15, -16, 16] [12, 27, 9, 33] [24, -13, 38, 17] [-5, -36, 8, -22] [9, -6, 8, -29] [15, 44, 25, 15] [-10, -17, 4, -18]
[5, -21, -11, -5] [11, 12, 13, -3] [2, 12, 13, 25] [-27, -28, 42, -40] [-42, -28, -1, -50] [-17, 45, 11, 10] [5, 39, 3, 25]
[9, 10, -23, -8] [14, 10, 8, -53] [20, 12, 7, -27] [-2, 6, 30, -45] [53, 31, -5, -13] [26, 31, 18, 2] [20, -16, 27, -29]
------------------------------
ALIVE
Head: (24 28)
Body: (24 28) (24 27) (24 26) (23 26) (22 26) (21 26) (20 26) (20 25) (20 24) (20 23) (21 23) 
Length: 11, 4
Vision: 3
Hungry, suplies: 8/10
Reproductive: 16, mutating: 0.25
Generation: 43337
####################################
