Wall (up, right, down, left):
[-9, -2, -5, -12] [9, -3, 4, -13] [-19, -6, -5, -24] [1, 2, 19, 1] [-11, 16, 37, 4] [11, -14, -23, -20] [9, -26, 4, 2]
[-34, -2, 16, -8] [15, 27, -5, -2] [-45, 11, 17, -3] [-40, 5, 31, 16] [17, 31, 6, 5] [-36, -13, -2, -26] [-24, 8, 4, 9]
[-6, 26, 27, 37] [-14, 33, -28, -12] [-4, -2, 59, -4] [-105, 26, 57, 3] [-50, -60, -15, 29] [-16, -27, -16, 0] [-3, -23, -21, -1]
[-24, 59, -16, -29] [9, -7, 34, -33] [16, 39, 9, -123] [0, 0, 0, 0] [53, -108, 22, 14] [18, -14, -9, 7] [13, 18, 26, -7]
[7, -41, 11, 5] [8, -10, -11, -28] [-20, -18, -43, -46] [61, -1, -132, 34] [10, -7, -46, 67] [13, 23, -8, 8] [-4, -74, -23, 42]
[23, 36, 5, -12] [-26, 13, -8, 4] [31, -5, 23, -7] [-1, -5, -22, -3] [-4, -7, -36, -21] [-1, -22, -28, 8] [40, 8, 14, -3]
[-23, 1, 18, -17] [4, -16, -47, -17] [3, 3, 23, 14] [-28, 18, -63, -24] [42, 3, -16, 33] [36, -9, -22, 38] [8, -10, 26, 3]
Food (up, right, down, left):
[6, 23, -17, 20] [-19, 33, 7, -34] [4, -16, 2, 11] [-21, -1, 68, 8] [6, -14, 54, -8] [2, -35, -20, -26] [-63, 26, 13, -26]
[-74, 14, -44, -2] [0, -18, -32, 3] [-5, 5, 36, 34] [-23, 8, -54, 45] [11, 15, 0, -55] [37, 9, -57, 20] [14, -6, 22, 48]
[-23, 6, 38, -35] [18, 3, -2, 31] [-32, -38, -31, 35] [57, -34, 28, 6] [-3, -19, -16, -26] [-6, 25, -47, -34] [67, 32, 29, 23]
[4, 26, -9, 44] [-22, -5, -17, 36] [-5, -8, -34, -14] [0, 0, 0, 0] [-14, 52, -51, 3] [8, -30, -44, -20] [-15, 54, -23, 0]
[5, 22, -20, 23] [20, 26, 3, 41] [20, -19, 33, 29] [-1, -56, 40, -17] [0, 23, 13, -6] [13, 43, 16, 4] [-14, -30, -14, -12]
[8, -35, -18, 3] [16, 16, 4, -37] [20, -8, 20, 29] [-52, -30, 63, -19] [-54, -38, 17, -66] [-34, 62, 35, 26] [1, 56, 33, 31]
[33, 13, -25, -8] [-5, 1, 27, -77] [39, 19, 4, -21] [5, -4, -10, -23] [78, 47, 1, -23] [-11, 41, 4, -1] [21, -38, 15, -26]
------------------------------
ALIVE
Head: (7 50)
Body: (7 50) (6 50) (6 49) (5 49) (4 49) (3 49) (3 48) (3 47) 
Length: 8, 4
Vision: 3
Hungry, suplies: 8/10
Reproductive: 16, mutating: 0.25
Generation: 61031
####################################
Wall (up, right, down, left):
[-9, -7, -5, -12] [5, -3, 4, -13] [-19, -11, -5, -23] [1, 2, 19, 1] [-11, 16, 37, 4] [11, -14, -23, -20] [9, -26, 4, 2]
[-34, -1, 16, -8] [15, 27, -5, -2] [-45, 11, 17, -3] [-40, 5, 31, 16] [17, 31, 6, 5] [-36, -13, -2, -26] [-24, 8, 4, 9]
[-6, 26, 27, 37] [-14, 33, -28, -12] [-4, -2, 59, -4] [-105, 26, 57, 3] [-50, -60, -15, 29] [-16, -27, -15, 0] [-3, -23, -21, -1]
[-24, 59, -16, -29] [9, -6, 34, -33] [16, 39, 9, -123] [0, 0, 0, 0] [53, -108, 22, 14] [18, -14, -9, 7] [13, 18, 26, -7]
[7, -41, 11, 5] [8, -10, -11, -28] [-20, -18, -43, -46] [61, -1, -132, 34] [10, -7, -46, 67] [13, 23, -12, 8] [-4, -79, -23, 42]
[23, 36, 5, -12] [-26, 13, -8, 4] [29, -5, 23, -7] [-1, -5, -22, -3] [-4, -7, -36, -21] [-1, -22, -28, 8] [40, 8, 14, -1]
[-23, 1, 18, -17] [4, -16, -47, -17] [3, 3, 27, 14] [-28, 18, -63, -24] [39, 3, -16, 33] [36, -9, -22, 38] [8, -10, 26, 3]
Food (up, right, down, left):
[6, 23, -17, 21] [-19, 33, 4, -34] [-1, -16, 6, 11] [-21, -1, 68, 8] [6, -14, 54, -8] [2, -35, -20, -26] [-63, 26, 13, -26]
[-75, 14, -44, -2] [0, -18, -32, 3] [-5, 5, 36, 34] [-23, 8, -54, 45] [11, 15, 0, -55] [37, 9, -57, 20] [14, -6, 22, 48]
[-23, 6, 38, -35] [18, 3, -2, 31] [-32, -38, -31, 35] [57, -34, 28, 6] [-3, -19, -16, -26] [-6, 22, -47, -34] [67, 32, 29, 23]
[4, 26, -9, 44] [-22, -5, -17, 35] [-5, -8, -34, -14] [0, 0, 0, 0] [-14, 52, -51, 3] [8, -30, -44, -20] [-15, 54, -23, 0]
[5, 22, -20, 23] [20, 26, 3, 41] [20, -19, 33, 29] [-1, -56, 40, -17] [0, 23, 13, -6] [15, 43, 16, 4] [-10, -30, -14, -12]
[8, -35, -18, 3] [16, 16, 4, -37] [20, -11, 20, 29] [-52, -30, 63, -19] [-54, -38, 17, -66] [-34, 62, 35, 26] [-2, 56, 33, 31]
[33, 13, -25, -8] [-5, 1, 27, -77] [39, 19, 4, -21] [5, -4, -10, -23] [78, 47, 4, -23] [-11, 41, 4, -1] [21, -38, 15, -26]
------------------------------
ALIVE
Head: (8 27)
Body: (8 27) (7 27) (6 27) (5 27) (4 27) (4 26) (3 26) (2 26) (1 26) (25 26) (24 26) 
Length: 11, 4
Vision: 3
Hungry, suplies: 7/10
Reproductive: 16, mutating: 0.25
Generation: 61030
####################################
Wall (up, right, down, left):
[-9, -7, -5, -12] [9, -3, 4, -13] [-19, -6, -5, -24] [1, 2, 19, 1] [-11, 16, 37, 4] [11, -14, -23, -20] [9, -26, 4, 2]
[-34, -2, 16, -8] [15, 27, -5, -2] [-45, 11, 17, -3] [-40, 5, 31, 16] [17, 31, 6, 5] [-36, -13, -2, -26] [-24, 8, 4, 9]
[-6, 26, 27, 37] [-14, 33, -28, -12] [-4, -2, 59, -4] [-105, 26, 57, 3] [-50, -60, -15, 29] [-16, -27, -16, 0] [-3, -23, -21, -1]
[-24, 59, -16, -29] [9, -6, 34, -33] [16, 39, 9, -123] [0, 0, 0, 0] [53, -108, 22, 14] [18, -14, -9, 7] [13, 18, 26, -7]
[7, -41, 11, 5] [8, -10, -11, -28] [-20, -18, -43, -46] [61, -1, -132, 34] [10, -7, -46, 67] [13, 23, -8, 8] [-4, -74, -23, 42]
[23, 36, 5, -12] [-26, 13, -8, 4] [31, -5, 23, -7] [-1, -5, -22, -3] [-4, -7, -36, -21] [-1, -22, -28, 8] [40, 8, 14, -1]
[-23, 1, 18, -17] [4, -16, -47, -17] [3, 3, 23, 14] [-28, 18, -63, -24] [42, 3, -16, 33] [36, -9, -22, 38] [8, -10, 26, 3]
Food (up, right, down, left):
[6, 23, -17, 21] [-19, 33, 7, -34] [4, -16, 2, 11] [-21, -1, 68, 8] [6, -14, 54, -8] [2, -35, -20, -26] [-63, 26, 13, -26]
[-74, 14, -44, -2] [0, -18, -32, 3] [-5, 5, 36, 34] [-23, 8, -54, 45] [11, 15, 0, -55] [37, 9, -57, 20] [14, -6, 22, 48]
[-23, 6, 38, -35] [18, 3, -2, 31] [-32, -38, -31, 35] [57, -34, 28, 6] [-3, -19, -16, -26] [-6, 25, -47, -34] [67, 32, 29, 23]
[4, 26, -9, 44] [-22, -5, -17, 35] [-5, -8, -34, -14] [0, 0, 0, 0] [-14, 52, -51, 3] [8, -30, -44, -20] [-15, 54, -23, 0]
[5, 22, -20, 23] [20, 26, 3, 41] [20, -19, 33, 29] [-1, -56, 40, -17] [0, 23, 13, -6] [13, 43, 16, 4] [-14, -30, -14, -12]
[8, -35, -18, 3] [16, 16, 4, -37] [20, -8, 20, 29] [-52, -30, 63, -19] [-54, -38, 17, -66] [-34, 62, 35, 26] [-2, 56, 33, 31]
[34, 13, -25, -8] [-5, 1, 27, -77] [39, 19, 4, -21] [5, -4, -10, -23] [78, 47, 1, -23] [-11, 41, 4, -1] [21, -38, 15, -26]
------------------------------
ALIVE
Head: (16 48)
Body: (16 48) (16 47) (16 46) (17 46) (18 46) (19 46) (19 47) (20 47) (20 48) (20 49) (21 49) 
Length: 11, 4
Vision: 3
Hungry, suplies: 10/10
Reproductive: 16, mutating: 0.25
Generation: 61031
####################################
Wall (up, right, down, left):
[-9, -7, -5, -12] [5, -3, 4, -13] [-19, -11, -5, -24] [1, 2, 19, 1] [-11, 16, 37, 4] [11, -14, -23, -20] [9, -26, 4, 2]
[-34, -1, 16, -8] [15, 27, -5, -2] [-45, 11, 17, -3] [-40, 5, 31, 16] [17, 31, 6, 5] [-36, -13, -2, -26] [-24, 8, 4, 9]
[-6, 26, 27, 37] [-14, 33, -28, -12] [-4, -2, 59, -4] [-105, 26, 57, 3] [-50, -60, -15, 29] [-16, -27, -15, 0] [-3, -23, -21, -1]
[-24, 59, -16, -29] [9, -6, 34, -33] [16, 39, 9, -123] [0, 0, 0, 0] [53, -108, 22, 14] [18, -14, -9, 7] [13, 18, 26, -7]
[7, -41, 11, 5] [8, -10, -11, -28] [-20, -18, -43, -46] [61, -1, -132, 34] [10, -7, -46, 67] [13, 23, -12, 8] [-4, -79, -23, 42]
[23, 36, 5, -12] [-26, 13, -8, 4] [29, -5, 23, -7] [-1, -5, -22, -3] [-4, -7, -36, -21] [-1, -22, -28, 8] [40, 8, 14, -1]
[-23, 1, 18, -17] [4, -16, -47, -17] [3, 3, 27, 14] [-28, 18, -63, -24] [39, 3, -16, 33] [36, -9, -22, 38] [8, -10, 26, 3]
Food (up, right, down, left):
[6, 23, -17, 21] [-19, 33, 4, -34] [4, -16, 6, 11] [-21, -1, 68, 8] [6, -14, 54, -8] [2, -35, -20, -26] [-63, 26, 13, -26]
[-75, 14, -44, -2] [0, -18, -32, 3] [-5, 5, 36, 34] [-23, 8, -54, 45] [11, 15, 0, -55] [37, 9, -57, 20] [14, -6, 22, 48]
[-23, 6, 38, -35] [18, 3, -2, 31] [-32, -38, -31, 35] [57, -34, 28, 6] [-3, -19, -16, -26] [-6, 22, -47, -34] [67, 32, 29, 23]
[4, 26, -9, 44] [-22, -5, -17, 35] [-5, -8, -34, -14] [0, 0, 0, 0] [-14, 52, -51, 3] [8, -30, -44, -20] [-15, 54, -23, 0]
[5, 22, -20, 23] [20, 26, 3, 41] [20, -19, 33, 29] [-1, -56, 40, -17] [0, 23, 13, -6] [15, 43, 16, 4] [-10, -30, -14, -12]
[8, -35, -18, 3] [16, 16, 4, -37] [20, -11, 20, 29] [-52, -30, 63, -19] [-54, -38, 17, -66] [-34, 62, 35, 26] [-2, 56, 33, 31]
[33, 13, -25, -8] [-5, 1, 27, -77] [39, 19, 4, -21] [5, -4, -10, -23] [78, 47, 4, -23] [-11, 41, 4, -1] [21, -38, 15, -26]
------------------------------
ALIVE
Head: (11 39)
Body: (11 39) (12 39) (13 39) (13 40) (13 41) (13 42) (13 43) (13 44) (14 44) (14 43) (15 43) (15 44) 
Length: 12, 4
Vision: 3
Hungry, suplies: 9/10
Reproductive: 16, mutating: 0.25
Generation: 61029
####################################
Wall (up, right, down, left):
[-9, -7, -5, -12] [5, -3, 4, -13] [-19, -11, -5, -24] [1, 2, 19, 1] [-11, 16, 37, 4] [11, -14, -23, -20] [9, -26, 4, 2]
[-34, -1, 16, -8] [15, 27, -5, -2] [-45, 11, 17, -3] [-40, 5, 31, 16] [17, 31, 6, 5] [-36, -13, -2, -26] [-24, 8, 4, 9]
[-6, 26, 27, 37] [-14, 33, -28, -12] [-4, -2, 59, -4] [-105, 26, 57, 3] [-50, -60, -15, 29] [-16, -27, -15, 0] [-3, -23, -21, -1]
[-24, 59, -16, -29] [9, -6, 34, -33] [16, 39, 9, -123] [0, 0, 0, 0] [53, -108, 22, 14] [18, -14, -9, 7] [13, 18, 26, -7]
[7, -41, 11, 5] [8, -10, -11, -28] [-20, -18, -43, -46] [61, -1, -132, 34] [10, -7, -46, 67] [13, 23, -12, 8] [-4, -79, -23, 42]
[23, 36, 5, -12] [-26, 13, -8, 4] [29, -5, 23, -7] [-1, -5, -22, -3] [-4, -7, -36, -21] [-3, -22, -28, 8] [40, 8, 14, -1]
[-23, 1, 18, -17] [4, -16, -47, -17] [3, 3, 27, 14] [-28, 18, -63, -24] [39, 3, -16, 33] [36, -9, -22, 38] [8, -10, 26, 3]
Food (up, right, down, left):
[6, 23, -17, 21] [-19, 33, 4, -34] [4, -16, 6, 11] [-21, -1, 68, 8] [6, -14, 54, -8] [2, -35, -20, -26] [-63, 26, 13, -26]
[-75, 14, -44, -2] [0, -18, -32, 3] [-5, 5, 36, 34] [-23, 8, -54, 45] [11, 15, 0, -55] [37, 9, -57, 20] [14, -6, 22, 48]
[-23, 6, 38, -35] [18, 3, -2, 31] [-32, -38, -31, 35] [57, -34, 28, 6] [-3, -19, -16, -26] [-6, 22, -47, -34] [67, 32, 29, 23]
[4, 26, -9, 44] [-22, -5, -17, 35] [-5, -8, -34, -14] [0, 0, 0, 0] [-14, 52, -51, 3] [8, -30, -44, -20] [-15, 54, -23, 0]
[5, 22, -20, 23] [20, 26, 3, 41] [20, -19, 33, 29] [-1, -56, 40, -17] [0, 23, 13, -6] [15, 43, 16, 4] [-10, -30, -14, -12]
[8, -35, -18, 3] [16, 16, 4, -37] [20, -11, 20, 29] [-52, -30, 63, -19] [-54, -38, 17, -66] [-34, 62, 35, 22] [-2, 56, 33, 31]
[33, 13, -25, -8] [-5, 1, 27, -77] [39, 19, 4, -21] [5, -4, -10, -23] [78, 47, 4, -23] [-11, 41, 4, -1] [21, -38, 15, -26]
------------------------------
ALIVE
Head: (23 33)
Body: (23 33) (24 33) (24 34) (24 35) (24 36) (-1 37) (0 37) (1 37) (2 37) (2 38) 
Length: 10, 4
Vision: 3
Hungry, suplies: 6/10
Reproductive: 16, mutating: 0.25
Generation: 61029
####################################
Wall (up, right, down, left):
[-9, -7, -5, -12] [5, -3, 4, -13] [-19, -11, -5, -24] [1, 2, 19, 1] [-11, 16, 37, 4] [11, -14, -23, -20] [9, -26, 4, 3]
[-34, -2, 16, -8] [15, 27, -5, -2] [-45, 11, 17, -3] [-44, 5, 31, 16] [17, 31, 6, 5] [-36, -13, -2, -26] [-24, 8, 4, 9]
[-6, 22, 27, 37] [-14, 33, -28, -12] [-4, -2, 59, -4] [-105, 26, 57, 3] [-50, -60, -19, 29] [-15, -27, -15, 0] [-3, -28, -21, -1]
[-24, 59, -16, -29] [9, -6, 34, -33] [15, 39, 9, -123] [0, 0, 0, 0] [53, -108, 22, 14] [18, -14, -9, 7] [13, 18, 26, -7]
[7, -41, 11, 5] [8, -10, -11, -28] [-20, -18, -43, -46] [61, -1, -132, 34] [10, -7, -46, 67] [13, 23, -12, 5] [-4, -74, -23, 42]
[23, 36, 5, -12] [-26, 13, -8, 4] [31, -5, 23, -7] [-1, -5, -22, -3] [-4, -7, -36, -25] [-1, -22, -28, 8] [40, 8, 14, -1]
[-23, 1, 18, -17] [4, -16, -47, -17] [-1, 3, 27, 14] [-28, 18, -63, -24] [39, 3, -16, 33] [36, -9, -22, 38] [8, -10, 26, 7]
Food (up, right, down, left):
[6, 23, -17, 21] [-19, 33, 4, -34] [4, -16, 6, 11] [-21, -1, 68, 8] [6, -14, 54, -8] [2, -35, -20, -26] [-60, 26, 13, -26]
[-74, 14, -44, -2] [0, -18, -32, 3] [-5, 5, 36, 34] [-23, 8, -54, 45] [11, 15, 0, -55] [37, 9, -57, 20] [14, -6, 22, 48]
[-23, 6, 38, -35] [18, 3, -2, 31] [-32, -38, -31, 35] [57, -34, 28, 6] [-3, -19, -15, -26] [-6, 22, -45, -34] [68, 32, 29, 23]
[4, 26, -9, 44] [-22, -5, -17, 35] [-6, -8, -34, -14] [0, 0, 0, 0] [-14, 52, -51, 3] [8, -30, -44, -20] [-15, 54, -23, 0]
[5, 22, -20, 23] [20, 26, 3, 41] [20, -19, 33, 29] [-1, -56, 40, -17] [0, 23, 13, -6] [19, 43, 16, 4] [-14, -30, -14, -12]
[8, -35, -18, 3] [16, 16, 4, -37] [20, -8, 20, 29] [-52, -30, 63, -19] [-54, -38, 18, -66] [-34, 62, 35, 26] [-2, 56, 33, 31]
[33, 13, -25, -8] [-5, 1, 27, -77] [39, 19, 4, -21] [5, -4, -10, -23] [78, 47, 4, -23] [-11, 41, 4, -1] [21, -34, 15, -26]
------------------------------
ALIVE
Head: (14 4)
Body: (14 4) (14 3) (13 3) (13 2) (13 1) (13 0) (14 57) (14 56) (14 55) (14 54) (13 54) 
Length: 11, 4
Vision: 3
Hungry, suplies: 8/10
Reproductive: 16, mutating: 0.25
Generation: 61031
####################################
Wall (up, right, down, left):
[-9, -7, -5, -12] [5, -3, 4, -13] [-19, -11, -5, -24] [1, 2, 19, 1] [-11, 16, 37, 4] [11, -14, -23, -20] [9, -26, 4, 2]
[-34, -1, 16, -8] [15, 27, -5, -2] [-45, 11, 17, -3] [-40, 5, 31, 16] [17, 31, 6, 5] [-36, -13, -2, -26] [-24, 8, 4, 9]
[-6, 26, 27, 37] [-14, 33, -28, -12] [-4, -2, 59, -4] [-105, 26, 57, 3] [-50, -60, -15, 29] [-16, -27, -15, 0] [-3, -23, -21, -1]
[-24, 59, -16, -29] [9, -6, 34, -33] [16, 39, 9, -123] [0, 0, 0, 0] [53, -108, 22, 14] [18, -14, -9, 7] [13, 18, 26, -7]
[7, -41, 11, 5] [8, -10, -11, -28] [-20, -18, -43, -46] [61, -1, -132, 34] [10, -7, -46, 67] [13, 23, -12, 8] [-4, -79, -23, 42]
[23, 36, 5, -12] [-26, 13, -8, 4] [29, -5, 23, -7] [-1, -5, -22, -3] [-4, -7, -36, -21] [-1, -22, -28, 8] [40, 8, 14, -1]
[-23, 1, 18, -17] [4, -16, -47, -17] [3, 3, 27, 14] [-28, 18, -63, -24] [39, 3, -16, 33] [36, -9, -22, 38] [8, -10, 26, 3]
Food (up, right, down, left):
[6, 23, -17, 21] [-19, 33, 4, -34] [4, -16, 6, 11] [-21, -1, 68, 8] [6, -14, 54, -8] [2, -35, -20, -26] [-63, 26, 13, -26]
[-75, 14, -44, -2] [0, -18, -32, 3] [-5, 5, 36, 34] [-23, 8, -54, 45] [11, 15, 0, -55] [37, 9, -57, 20] [14, -6, 22, 48]
[-23, 6, 38, -35] [18, 3, -2, 31] [-32, -38, -31, 35] [57, -34, 28, 6] [-3, -19, -16, -26] [-6, 22, -47, -34] [67, 32, 29, 23]
[4, 26, -9, 44] [-22, -5, -17, 35] [-5, -8, -34, -14] [0, 0, 0, 0] [-14, 52, -51, 3] [8, -30, -44, -20] [-15, 54, -23, 0]
[5, 22, -20, 23] [20, 26, 3, 41] [20, -19, 33, 29] [-1, -56, 40, -17] [0, 23, 13, -6] [15, 43, 16, 4] [-10, -30, -14, -12]
[8, -35, -18, 3] [16, 16, 4, -37] [20, -11, 20, 29] [-52, -30, 63, -19] [-54, -38, 17, -66] [-34, 62, 35, 26] [-2, 56, 33, 31]
[33, 13, -25, -8] [-5, 1, 27, -77] [39, 19, 4, -21] [5, -4, -10, -23] [78, 47, 4, -23] [-11, 41, 4, -1] [21, -38, 15, -26]
------------------------------
ALIVE
Head: (8 5)
Body: (8 5) (7 5) (6 5) (6 4) (6 3) (7 3) (7 2) (8 2) (9 2) (10 2) (10 3) (11 3) (11 4) (12 4) 
Length: 14, 4
Vision: 3
Hungry, suplies: 2/10
Reproductive: 16, mutating: 0.25
Generation: 61029
####################################
Wall (up, right, down, left):
[-9, -2, -5, -12] [9, -3, 4, -13] [-19, -6, -5, -24] [1, 2, 19, 1] [-11, 16, 37, 4] [11, -14, -23, -20] [9, -26, 4, 2]
[-34, -2, 16, -8] [15, 27, -5, -2] [-45, 11, 17, -3] [-40, 5, 31, 16] [17, 31, 6, 5] [-36, -13, -2, -26] [-24, 8, 4, 9]
[-6, 26, 27, 37] [-14, 33, -28, -12] [-4, -2, 59, -4] [-105, 26, 57, 3] [-50, -60, -15, 29] [-16, -27, -16, 0] [-3, -23, -21, -1]
[-24, 59, -16, -29] [9, -7, 34, -33] [16, 39, 9, -123] [0, 0, 0, 0] [53, -108, 22, 14] [18, -14, -9, 7] [13, 18, 26, -7]
[7, -41, 11, 5] [8, -10, -11, -28] [-20, -18, -43, -46] [61, -1, -132, 34] [10, -7, -46, 67] [13, 23, -8, 8] [-4, -74, -23, 42]
[23, 36, 5, -12] [-26, 13, -8, 4] [31, -5, 23, -7] [-1, -5, -22, -3] [-4, -7, -36, -21] [-1, -22, -28, 8] [40, 8, 14, -3]
[-23, 1, 18, -17] [4, -16, -47, -17] [3, 3, 23, 14] [-28, 18, -63, -24] [42, 3, -16, 33] [36, -9, -22, 38] [8, -10, 26, 3]
Food (up, right, down, left):
[6, 23, -17, 20] [-19, 33, 7, -34] [4, -16, 2, 11] [-21, -1, 68, 8] [6, -14, 54, -8] [2, -35, -20, -26] [-63, 26, 13, -26]
[-74, 14, -44, -2] [0, -18, -32, 3] [-5, 5, 36, 34] [-23, 8, -54, 45] [11, 15, 0, -55] [37, 9, -57, 20] [14, -6, 22, 48]
[-23, 6, 38, -35] [18, 3, -2, 31] [-32, -38, -31, 35] [57, -34, 28, 6] [-3, -19, -16, -26] [-6, 25, -47, -34] [67, 32, 29, 23]
[4, 26, -9, 44] [-22, -5, -17, 36] [-5, -8, -34, -14] [0, 0, 0, 0] [-14, 52, -51, 3] [8, -30, -44, -20] [-15, 54, -23, 0]
[5, 22, -20, 23] [20, 26, 3, 41] [20, -19, 33, 29] [-1, -56, 40, -17] [0, 23, 13, -6] [13, 43, 16, 4] [-14, -30, -14, -12]
[8, -35, -18, 3] [16, 16, 4, -37] [20, -8, 20, 29] [-52, -30, 63, -19] [-54, -38, 17, -66] [-34, 62, 35, 26] [1, 56, 33, 31]
[33, 13, -25, -8] [-5, 1, 27, -77] [39, 19, 4, -21] [5, -4, -10, -23] [78, 47, 1, -23] [-11, 41, 4, -1] [21, -38, 15, -26]
------------------------------
ALIVE
Head: (6 38)
Body: (6 38) (6 39) (7 39) (7 40) (7 41) (7 42) (7 43) (7 44) (8 44) (8 43) 
Length: 10, 4
Vision: 3
Hungry, suplies: 7/10
Reproductive: 16, mutating: 0.25
Generation: 61032
####################################
Wall (up, right, down, left):
[-9, -7, -5, -12] [5, -3, 4, -13] [-19, -11, -5, -23] [1, 2, 19, 1] [-11, 16, 37, 4] [11, -14, -23, -20] [9, -26, 4, 2]
[-34, -1, 16, -8] [15, 27, -5, -2] [-45, 11, 17, -3] [-40, 5, 31, 16] [17, 31, 6, 5] [-36, -13, -2, -26] [-24, 8, 4, 9]
[-6, 26, 27, 37] [-14, 33, -28, -12] [-4, -2, 59, -4] [-105, 26, 57, 3] [-50, -60, -15, 29] [-16, -27, -15, 0] [-3, -23, -21, -1]
[-24, 59, -16, -29] [9, -6, 34, -33] [16, 39, 9, -123] [0, 0, 0, 0] [53, -108, 22, 14] [18, -14, -9, 7] [13, 18, 26, -7]
[7, -41, 11, 5] [8, -10, -11, -28] [-20, -18, -43, -46] [61, -1, -132, 34] [10, -7, -46, 67] [13, 23, -12, 8] [-4, -79, -23, 42]
[23, 36, 5, -12] [-26, 13, -8, 4] [29, -5, 23, -7] [-1, -5, -22, -3] [-4, -7, -36, -21] [-1, -22, -28, 8] [40, 8, 14, -1]
[-23, 1, 18, -17] [4, -16, -47, -17] [3, 3, 27, 14] [-28, 18, -63, -24] [39, 3, -16, 33] [36, -9, -22, 38] [8, -10, 26, 3]
Food (up, right, down, left):
[6, 23, -17, 21] [-19, 33, 4, -34] [-1, -16, 6, 11] [-21, -1, 68, 8] [6, -14, 54, -8] [2, -35, -20, -26] [-63, 26, 13, -26]
[-75, 14, -44, -2] [0, -18, -32, 3] [-5, 5, 36, 34] [-23, 8, -54, 45] [11, 15, 0, -55] [37, 9, -57, 20] [14, -6, 22, 48]
[-23, 6, 38, -35] [18, 3, -2, 31] [-32, -38, -31, 35] [57, -34, 28, 6] [-3, -19, -16, -26] [-6, 22, -47, -34] [67, 32, 29, 23]
[4, 26, -9, 44] [-22, -5, -17, 35] [-5, -8, -34, -14] [0, 0, 0, 0] [-14, 52, -51, 3] [8, -30, -44, -20] [-15, 54, -23, 0]
[5, 22, -20, 23] [20, 26, 3, 41] [20, -19, 33, 29] [-1, -56, 40, -17] [0, 23, 13, -6] [15, 43, 16, 4] [-10, -30, -14, -12]
[8, -35, -18, 3] [16, 16, 4, -37] [20, -11, 20, 29] [-52, -30, 63, -19] [-54, -38, 17, -66] [-34, 62, 35, 26] [-2, 56, 33, 31]
[33, 13, -25, -8] [-5, 1, 27, -77] [39, 19, 4, -21] [5, -4, -10, -23] [78, 47, 4, -23] [-11, 41, 4, -1] [21, -38, 15, -26]
------------------------------
ALIVE
Head: (14 15)
Body: (14 15) (15 15) (16 15) (16 16) (17 16) (18 16) (19 16) (19 17) (20 17) 
Length: 9, 4
Vision: 3
Hungry, suplies: 5/10
Reproductive: 16, mutating: 0.25
Generation: 61031
####################################
Wall (up, right, down, left):
[-9, -2, -5, -12] [9, -3, 4, -13] [-19, -6, -5, -24] [1, 2, 19, 1] [-11, 16, 37, 4] [11, -14, -23, -20] [9, -26, 4, 2]
[-34, -2, 16, -8] [15, 27, -5, -2] [-45, 11, 17, -3] [-40, 5, 31, 16] [17, 31, 6, 5] [-36, -13, -2, -26] [-24, 8, 4, 9]
[-6, 26, 27, 34] [-14, 33, -28, -12] [-4, -2, 59, -4] [-105, 26, 57, 3] [-50, -60, -15, 29] [-16, -27, -16, 0] [-3, -23, -21, -1]
[-24, 59, -16, -29] [9, -7, 34, -33] [16, 39, 9, -123] [0, 0, 0, 0] [53, -108, 22, 14] [18, -14, -9, 7] [13, 18, 26, -7]
[7, -41, 11, 5] [8, -10, -11, -28] [-20, -18, -43, -46] [61, -1, -132, 34] [10, -7, -46, 67] [13, 23, -8, 8] [-4, -74, -23, 42]
[23, 36, 5, -12] [-26, 13, -8, 4] [31, -5, 23, -7] [-1, -5, -22, -3] [-4, -7, -36, -21] [-1, -22, -28, 8] [40, 8, 14, -3]
[-23, 1, 18, -17] [4, -16, -47, -17] [3, 3, 23, 14] [-28, 18, -63, -24] [42, 3, -16, 33] [36, -9, -22, 38] [8, -10, 26, 3]
Food (up, right, down, left):
[6, 23, -17, 20] [-19, 33, 7, -34] [4, -16, 2, 11] [-21, -1, 68, 8] [6, -14, 54, -8] [2, -35, -20, -26] [-63, 26, 13, -26]
[-74, 14, -44, -2] [0, -18, -32, 3] [-5, 5, 36, 34] [-23, 8, -54, 45] [11, 15, 0, -55] [37, 9, -57, 20] [14, -6, 22, 48]
[-23, 6, 38, -40] [18, 3, -2, 31] [-32, -38, -31, 35] [57, -34, 28, 6] [-3, -19, -16, -26] [-6, 25, -47, -34] [67, 32, 29, 23]
[4, 26, -9, 44] [-22, -5, -17, 36] [-5, -8, -34, -14] [0, 0, 0, 0] [-14, 52, -51, 3] [8, -30, -44, -20] [-15, 54, -23, 0]
[5, 22, -20, 23] [20, 26, 3, 41] [20, -19, 33, 29] [-1, -56, 40, -17] [0, 23, 13, -6] [13, 43, 16, 4] [-14, -30, -14, -12]
[8, -35, -18, 3] [16, 16, 4, -37] [20, -8, 20, 29] [-52, -30, 63, -19] [-54, -38, 17, -66] [-34, 62, 35, 26] [1, 56, 33, 31]
[33, 13, -25, -8] [-5, 1, 27, -77] [39, 19, 4, -21] [5, -4, -10, -23] [78, 47, 1, -23] [-11, 41, 4, -1] [21, -38, 15, -26]
------------------------------
ALIVE
Head: (5 14)
Body: (5 14) (6 14) (6 13) (6 12) (5 12) (5 11) (4 11) (4 10) (4 9) 
Length: 9, 4
Vision: 3
Hungry, suplies: 7/10
Reproductive: 16, mutating: 0.25
Generation: 61033
####################################
Wall (up, right, down, left):
[-9, -7, -5, -12] [9, -3, 4, -13] [-19, -6, -5, -24] [1, 2, 19, 1] [-11, 16, 37, 4] [11, -14, -23, -20] [9, -26, 4, 2]
[-34, -2, 16, -8] [15, 27, -5, -2] [-45, 11, 17, -3] [-40, 5, 31, 16] [17, 31, 6, 5] [-36, -13, -2, -26] [-24, 8, 4, 9]
[-6, 26, 27, 37] [-14, 33, -28, -12] [-4, -2, 59, -4] [-105, 26, 57, 3] [-50, -60, -15, 29] [-16, -27, -16, 0] [-3, -23, -21, -1]
[-24, 59, -16, -29] [9, -6, 34, -33] [16, 39, 9, -123] [0, 0, 0, 0] [53, -108, 22, 14] [18, -14, -9, 7] [13, 18, 26, -7]
[7, -41, 11, 5] [8, -10, -11, -28] [-20, -18, -43, -46] [61, -1, -132, 34] [10, -7, -46, 67] [13, 23, -8, 8] [-4, -74, -23, 42]
[23, 36, 5, -12] [-26, 13, -8, 4] [31, -5, 23, -7] [-1, -5, -22, -3] [-4, -7, -36, -21] [-1, -22, -28, 8] [40, 8, 14, -1]
[-23, 1, 18, -17] [4, -16, -47, -17] [3, 3, 23, 14] [-28, 18, -63, -24] [42, 3, -16, 33] [36, -9, -22, 38] [8, -10, 26, 3]
Food (up, right, down, left):
[6, 23, -17, 21] [-19, 33, 7, -34] [4, -16, 2, 11] [-21, -1, 68, 8] [6, -14, 54, -8] [2, -35, -20, -26] [-63, 26, 13, -26]
[-74, 14, -44, -2] [0, -18, -32, 3] [-5, 5, 36, 34] [-23, 8, -54, 45] [11, 15, 0, -55] [37, 9, -57, 20] [14, -6, 22, 48]
[-23, 6, 38, -35] [18, 3, -2, 31] [-32, -38, -31, 35] [57, -34, 28, 6] [-3, -19, -16, -26] [-6, 25, -47, -34] [67, 32, 29, 23]
[4, 26, -9, 44] [-22, -5, -17, 35] [-5, -8, -34, -14] [0, 0, 0, 0] [-14, 52, -51, 3] [8, -30, -44, -20] [-15, 54, -23, 0]
[5, 22, -20, 23] [20, 26, 3, 41] [20, -19, 33, 29] [-1, -56, 40, -17] [0, 23, 13, -6] [13, 43, 16, 4] [-14, -30, -14, -12]
[8, -35, -18, 3] [16, 16, 4, -37] [20, -8, 20, 29] [-52, -30, 63, -19] [-54, -38, 17, -66] [-34, 62, 35, 26] [-2, 56, 33, 31]
[34, 13, -25, -8] [-5, 1, 27, -77] [39, 19, 4, -21] [5, -4, -10, -23] [78, 47, 1, -23] [-11, 41, 4, -1] [21, -38, 15, -26]
------------------------------
ALIVE
Head: (12 47)
Body: (12 47) (12 46) (11 46) (11 45) (11 44) (12 44) (12 43) (11 43) (11 42) 
Length: 9, 4
Vision: 3
Hungry, suplies: 1/10
Reproductive: 16, mutating: 0.25
Generation: 61033
####################################
Wall (up, right, down, left):
[-9, -7, -5, -12] [5, -3, 4, -13] [-19, -11, -5, -24] [1, 2, 19, 1] [-11, 16, 37, 4] [11, -14, -23, -20] [9, -26, 4, 3]
[-34, -2, 16, -8] [15, 27, -5, -2] [-45, 11, 17, -3] [-44, 5, 31, 16] [17, 31, 6, 5] [-36, -13, -2, -26] [-24, 8, 4, 9]
[-6, 22, 27, 37] [-14, 33, -28, -12] [-4, -2, 59, -4] [-105, 26, 57, 3] [-50, -60, -19, 29] [-16, -27, -15, 0] [-3, -23, -21, -1]
[-24, 59, -16, -29] [9, -6, 35, -33] [15, 39, 9, -123] [0, 0, 0, 0] [53, -108, 22, 14] [18, -14, -9, 7] [13, 18, 26, -7]
[7, -41, 11, 5] [8, -10, -11, -28] [-20, -18, -43, -46] [61, -1, -132, 34] [10, -7, -46, 67] [13, 23, -12, 5] [-4, -74, -23, 42]
[23, 36, 5, -12] [-26, 13, -8, 4] [31, -5, 23, -7] [-1, -5, -22, -3] [-4, -7, -36, -25] [-1, -22, -28, 8] [40, 8, 14, -1]
[-23, 1, 18, -17] [4, -16, -47, -17] [-1, 3, 27, 14] [-28, 18, -63, -24] [39, 3, -16, 33] [36, -9, -22, 38] [8, -10, 26, 7]
Food (up, right, down, left):
[6, 23, -17, 21] [-19, 33, 4, -34] [4, -16, 6, 11] [-21, -1, 68, 8] [6, -14, 54, -8] [2, -35, -20, -26] [-60, 26, 13, -26]
[-74, 14, -44, -2] [0, -18, -32, 3] [-5, 5, 36, 34] [-23, 8, -54, 45] [11, 15, 0, -55] [37, 9, -57, 20] [14, -6, 22, 48]
[-23, 6, 38, -35] [18, 3, -2, 31] [-32, -38, -31, 35] [57, -34, 28, 6] [-3, -19, -15, -26] [-6, 22, -47, -34] [67, 32, 29, 23]
[4, 26, -9, 44] [-22, -5, -17, 35] [-6, -8, -34, -14] [0, 0, 0, 0] [-14, 52, -51, 3] [8, -30, -44, -20] [-15, 54, -23, 0]
[5, 22, -20, 23] [20, 26, 3, 41] [20, -19, 33, 29] [-1, -56, 40, -17] [0, 23, 13, -6] [19, 43, 16, 4] [-14, -30, -14, -12]
[8, -35, -18, 3] [16, 16, 4, -37] [20, -8, 20, 29] [-52, -30, 63, -19] [-54, -38, 18, -66] [-34, 62, 35, 26] [-2, 56, 33, 31]
[33, 13, -25, -8] [-5, 1, 27, -77] [39, 19, 4, -21] [5, -4, -10, -23] [78, 47, 4, -23] [-11, 41, 4, -1] [21, -34, 15, -26]
------------------------------
ALIVE
Head: (12 23)
Body: (12 23) (12 22) (12 21) (12 20) (12 19) (12 18) (11 18) (11 17) (11 16) (11 15) (11 14) (11 13) (10 13) 
Length: 13, 4
Vision: 3
Hungry, suplies: 9/10
Reproductive: 16, mutating: 0.25
Generation: 61032
####################################
Wall (up, right, down, left):
[-9, -2, -5, -12] [9, -3, 4, -13] [-19, -6, -5, -24] [1, 2, 19, 1] [-11, 16, 37, 4] [11, -14, -23, -20] [9, -26, 4, 2]
[-34, -2, 16, -8] [15, 27, -5, -2] [-45, 11, 17, -3] [-40, 5, 31, 16] [17, 31, 6, 5] [-36, -13, -2, -26] [-24, 8, 4, 9]
[-6, 26, 27, 37] [-14, 33, -28, -12] [-4, -2, 59, -4] [-105, 26, 57, 3] [-50, -60, -15, 29] [-16, -27, -16, 0] [-3, -23, -21, -1]
[-24, 59, -16, -29] [9, -7, 34, -33] [16, 39, 9, -123] [0, 0, 0, 0] [53, -108, 22, 14] [18, -14, -9, 7] [13, 18, 26, -7]
[7, -41, 11, 5] [8, -10, -11, -28] [-20, -18, -43, -46] [61, -1, -132, 34] [10, -7, -46, 67] [13, 23, -8, 8] [-4, -74, -23, 42]
[23, 36, 5, -12] [-26, 13, -8, 4] [31, -5, 23, -7] [-1, -5, -22, -3] [-4, -7, -36, -21] [-1, -22, -28, 8] [40, 8, 14, -3]
[-23, 1, 18, -17] [4, -16, -47, -17] [3, 3, 23, 14] [-28, 18, -63, -24] [42, 3, -16, 33] [36, -9, -22, 38] [8, -10, 26, 3]
Food (up, right, down, left):
[6, 23, -17, 20] [-19, 33, 7, -34] [4, -16, 2, 11] [-21, -1, 68, 8] [6, -14, 54, -8] [2, -35, -20, -26] [-63, 26, 13, -26]
[-74, 14, -44, -2] [0, -18, -32, 3] [-5, 5, 36, 34] [-23, 8, -54, 45] [11, 15, 0, -55] [37, 9, -57, 20] [14, -6, 22, 48]
[-23, 6, 38, -35] [18, 3, -2, 31] [-32, -38, -31, 35] [57, -34, 28, 6] [-3, -19, -16, -26] [-6, 25, -47, -34] [67, 32, 29, 23]
[4, 26, -9, 44] [-22, -5, -17, 36] [-5, -8, -34, -14] [0, 0, 0, 0] [-14, 52, -51, 3] [8, -30, -44, -20] [-15, 54, -23, 0]
[5, 22, -20, 23] [20, 26, 3, 41] [20, -19, 33, 29] [-1, -56, 40, -17] [0, 23, 13, -6] [13, 43, 16, 4] [-14, -30, -14, -12]
[8, -35, -18, 3] [16, 16, 4, -37] [20, -8, 20, 29] [-52, -30, 63, -19] [-54, -38, 17, -66] [-34, 62, 35, 26] [1, 56, 33, 31]
[33, 13, -25, -8] [-5, 1, 27, -77] [39, 19, 4, -21] [5, -4, -10, -23] [78, 47, 1, -23] [-11, 41, 4, -1] [21, -38, 15, -26]
------------------------------
ALIVE
Head: (11 26)
Body: (11 26) (12 26) (12 27) (12 28) (13 28) (14 28) (14 29) (15 29) (15 30) (15 31) (15 32) 
Length: 11, 4
Vision: 3
Hungry, suplies: 4/10
Reproductive: 16, mutating: 0.25
Generation: 61033
####################################
Wall (up, right, down, left):
[-9, -7, -5, -12] [5, -3, 4, -13] [-19, -11, -5, -23] [1, 2, 19, 1] [-11, 16, 37, 4] [11, -14, -23, -20] [9, -26, 4, 2]
[-34, -1, 16, -8] [15, 27, -5, -2] [-45, 11, 17, -3] [-40, 5, 31, 16] [17, 31, 6, 5] [-36, -13, -2, -26] [-24, 8, 4, 9]
[-6, 26, 27, 37] [-14, 33, -28, -12] [-4, -2, 59, -4] [-105, 26, 57, 3] [-50, -60, -15, 29] [-16, -27, -15, 0] [-3, -23, -21, -1]
[-24, 59, -16, -29] [9, -6, 34, -33] [16, 39, 9, -123] [0, 0, 0, 0] [53, -108, 22, 14] [18, -14, -9, 7] [13, 18, 26, -7]
[7, -41, 11, 5] [8, -10, -11, -28] [-20, -18, -43, -46] [61, -1, -132, 34] [10, -7, -46, 67] [13, 23, -12, 8] [-4, -79, -23, 42]
[23, 36, 5, -12] [-26, 13, -8, 4] [29, -5, 23, -7] [-1, -5, -22, -3] [-4, -7, -36, -21] [-1, -22, -28, 8] [40, 8, 14, -1]
[-23, 1, 18, -17] [4, -16, -47, -17] [3, 3, 27, 14] [-28, 18, -63, -24] [39, 3, -16, 33] [36, -9, -22, 38] [8, -10, 26, 3]
Food (up, right, down, left):
[6, 23, -17, 21] [-19, 33, 4, -34] [-1, -16, 6, 11] [-21, -1, 68, 8] [6, -14, 54, -8] [2, -35, -20, -26] [-63, 26, 13, -26]
[-75, 14, -44, -2] [0, -18, -32, 3] [-5, 5, 36, 34] [-23, 8, -54, 45] [11, 15, 0, -55] [37, 9, -57, 20] [14, -6, 22, 48]
[-23, 6, 38, -35] [18, 3, -2, 31] [-32, -38, -31, 35] [57, -34, 28, 6] [-3, -19, -16, -26] [-6, 22, -47, -34] [67, 32, 29, 23]
[4, 26, -9, 44] [-22, -5, -17, 35] [-5, -8, -34, -14] [0, 0, 0, 0] [-14, 52, -51, 3] [8, -30, -44, -20] [-15, 54, -23, 0]
[5, 22, -20, 23] [20, 26, 3, 41] [20, -19, 33, 29] [-1, -56, 40, -17] [0, 23, 13, -6] [15, 43, 16, 4] [-10, -30, -14, -12]
[8, -35, -18, 3] [16, 16, 4, -37] [20, -11, 20, 29] [-52, -30, 63, -19] [-54, -38, 17, -66] [-34, 62, 35, 26] [-2, 56, 33, 31]
[33, 13, -25, -8] [-5, 1, 27, -77] [39, 19, 4, -21] [5, -4, -10, -23] [78, 47, 4, -23] [-11, 41, 4, -1] [21, -38, 15, -26]
------------------------------
ALIVE
Head: (2 40)
Body: (2 40) (1 40) (0 40) (0 39) (25 38) (24 38) (23 38) (23 37) (23 36) 
Length: 9, 4
Vision: 3
Hungry, suplies: 5/10
Reproductive: 16, mutating: 0.25
Generation: 61032
####################################
Wall (up, right, down, left):
[-9, -7, -5, -12] [5, -3, 4, -13] [-19, -11, -5, -24] [1, 2, 19, 1] [-11, 16, 37, 4] [11, -14, -23, -20] [9, -26, 4, 3]
[-34, -2, 16, -8] [15, 27, -5, -2] [-45, 11, 17, -3] [-44, 5, 31, 16] [17, 31, 6, 5] [-36, -13, -2, -26] [-24, 8, 4, 9]
[-6, 22, 27, 37] [-14, 33, -28, -12] [-4, -2, 59, -4] [-105, 26, 57, 3] [-50, -60, -19, 29] [-15, -27, -15, 0] [-3, -28, -21, -1]
[-24, 59, -16, -29] [9, -6, 34, -33] [15, 39, 9, -123] [0, 0, 0, 0] [53, -108, 22, 14] [18, -14, -9, 7] [13, 18, 26, -7]
[7, -41, 11, 5] [8, -10, -11, -28] [-20, -18, -43, -46] [61, -1, -132, 34] [10, -7, -46, 67] [13, 23, -12, 5] [-4, -74, -23, 42]
[23, 36, 5, -12] [-26, 13, -8, 4] [31, -5, 23, -7] [-1, -5, -22, -3] [-4, -7, -36, -25] [-1, -22, -28, 8] [40, 8, 14, -1]
[-23, 1, 18, -17] [4, -16, -47, -17] [-1, 3, 27, 14] [-28, 18, -63, -24] [39, 3, -16, 33] [36, -9, -22, 38] [8, -10, 26, 7]
Food (up, right, down, left):
[6, 23, -17, 21] [-19, 33, 4, -34] [4, -16, 6, 11] [-21, -1, 68, 8] [6, -14, 54, -8] [2, -35, -20, -26] [-60, 26, 13, -26]
[-74, 14, -44, -2] [0, -18, -32, 3] [-5, 5, 36, 34] [-23, 8, -54, 45] [11, 15, 0, -55] [37, 9, -57, 20] [14, -6, 22, 48]
[-23, 6, 38, -35] [18, 3, -2, 31] [-32, -38, -31, 35] [57, -34, 28, 6] [-3, -19, -15, -26] [-6, 22, -45, -34] [68, 32, 29, 23]
[4, 26, -9, 44] [-22, -5, -17, 35] [-6, -8, -34, -14] [0, 0, 0, 0] [-14, 52, -51, 3] [8, -30, -44, -20] [-15, 54, -23, 0]
[5, 22, -20, 23] [20, 26, 3, 41] [20, -19, 33, 29] [-1, -56, 40, -17] [0, 23, 13, -6] [19, 43, 16, 4] [-14, -30, -14, -12]
[8, -35, -18, 3] [16, 16, 4, -37] [20, -8, 20, 29] [-52, -30, 63, -19] [-54, -38, 18, -66] [-34, 62, 35, 26] [-2, 56, 33, 31]
[33, 13, -25, -8] [-5, 1, 27, -77] [39, 19, 4, -21] [5, -4, -10, -23] [78, 47, 4, -23] [-11, 41, 4, -1] [21, -34, 15, -26]
------------------------------
ALIVE
Head: (17 6)
Body: (17 6) (17 5) (17 4) (16 4) (16 3) (16 2) (16 1) (16 57) (16 56) (16 55) 
Length: 10, 4
Vision: 3
Hungry, suplies: 9/10
Reproductive: 16, mutating: 0.25
Generation: 61032
####################################
Wall (up, right, down, left):
[-9, -7, -5, -12] [9, -3, 4, -13] [-19, -6, -5, -24] [1, 2, 19, 1] [-11, 16, 37, 4] [11, -14, -23, -20] [9, -26, 4, 2]
[-34, -2, 16, -8] [15, 27, -5, -2] [-45, 11, 17, -3] [-40, 5, 31, 16] [17, 31, 6, 5] [-36, -13, -2, -26] [-24, 8, 4, 9]
[-6, 26, 27, 37] [-14, 33, -28, -12] [-4, -2, 59, -4] [-105, 26, 57, 3] [-50, -60, -15, 29] [-16, -27, -15, 0] [-3, -23, -21, -1]
[-24, 59, -16, -29] [9, -6, 34, -33] [16, 39, 9, -123] [0, 0, 0, 0] [53, -108, 22, 14] [18, -14, -9, 7] [13, 18, 26, -7]
[7, -41, 11, 5] [8, -10, -11, -28] [-20, -18, -43, -46] [61, -1, -132, 34] [10, -7, -46, 67] [13, 23, -12, 8] [-4, -74, -23, 42]
[23, 36, 5, -12] [-26, 13, -8, 4] [31, -5, 23, -7] [-1, -5, -22, -3] [-4, -7, -36, -21] [-1, -22, -28, 8] [40, 8, 14, -1]
[-23, 1, 23, -17] [4, -16, -47, -17] [3, 3, 23, 14] [-28, 18, -63, -24] [42, 3, -16, 33] [36, -9, -22, 38] [8, -10, 26, 3]
Food (up, right, down, left):
[6, 23, -17, 21] [-19, 33, 7, -34] [4, -16, 2, 11] [-21, -1, 68, 8] [6, -14, 54, -8] [2, -35, -20, -26] [-63, 26, 13, -26]
[-74, 14, -44, -2] [0, -18, -32, 3] [-5, 5, 36, 34] [-23, 8, -54, 45] [11, 15, 0, -55] [37, 9, -57, 20] [14, -6, 22, 48]
[-23, 6, 38, -35] [18, 3, -2, 31] [-32, -38, -31, 35] [57, -34, 28, 6] [-3, -19, -16, -26] [-6, 22, -47, -34] [67, 32, 29, 23]
[4, 26, -9, 44] [-22, -5, -17, 35] [-5, -8, -34, -14] [0, 0, 0, 0] [-14, 52, -51, 3] [8, -30, -44, -20] [-15, 54, -23, 0]
[5, 22, -20, 23] [20, 26, 3, 41] [20, -19, 33, 29] [-1, -56, 40, -17] [0, 23, 13, -6] [15, 43, 16, 4] [-14, -30, -14, -12]
[8, -35, -18, 3] [16, 16, 0, -37] [20, -8, 20, 29] [-52, -30, 63, -19] [-54, -38, 17, -66] [-34, 62, 35, 26] [-2, 56, 33, 31]
[33, 13, -21, -8] [-5, 1, 27, -77] [39, 19, 4, -21] [5, -4, -10, -23] [78, 47, 1, -23] [-11, 41, 4, -1] [21, -38, 15, -26]
------------------------------
ALIVE
Head: (21 2)
Body: (21 2) (22 2) (23 2) (23 3) (23 4) (-1 4) (0 4) (1 4) (2 4) (2 3) (2 2) (3 2) (3 1) 
Length: 13, 4
Vision: 3
Hungry, suplies: 7/10
Reproductive: 16, mutating: 0.25
Generation: 61031
####################################
Wall (up, right, down, left):
[-9, -7, -5, -12] [5, -3, 4, -13] [-19, -11, -5, -24] [1, 2, 19, 1] [-11, 16, 37, 4] [11, -14, -23, -20] [9, -26, 4, 2]
[-34, -1, 16, -8] [15, 27, -5, -2] [-45, 11, 17, -3] [-40, 5, 31, 16] [17, 31, 6, 5] [-36, -13, -2, -26] [-24, 8, 4, 9]
[-6, 26, 27, 37] [-14, 33, -28, -12] [-4, -2, 59, -4] [-105, 26, 57, 3] [-50, -60, -15, 29] [-16, -27, -15, 0] [-3, -23, -21, -1]
[-24, 59, -16, -29] [9, -6, 34, -33] [16, 39, 9, -123] [0, 0, 0, 0] [53, -108, 22, 14] [18, -14, -9, 7] [13, 18, 26, -7]
[7, -41, 11, 5] [8, -10, -11, -28] [-20, -18, -43, -46] [61, -1, -132, 34] [10, -7, -46, 67] [13, 23, -12, 8] [-4, -79, -23, 42]
[23, 36, 5, -12] [-26, 13, -8, 4] [29, -5, 23, -7] [-1, -5, -22, -3] [-4, -7, -36, -21] [-3, -22, -28, 8] [40, 8, 14, -1]
[-23, 1, 18, -17] [4, -16, -47, -17] [3, 3, 27, 14] [-28, 18, -63, -24] [39, 3, -16, 33] [36, -9, -22, 38] [8, -10, 26, 3]
Food (up, right, down, left):
[6, 23, -17, 21] [-19, 33, 4, -34] [4, -16, 6, 11] [-21, -1, 68, 8] [6, -14, 54, -8] [2, -35, -20, -26] [-63, 26, 13, -26]
[-75, 14, -44, -2] [0, -18, -32, 3] [-5, 5, 36, 34] [-23, 8, -54, 45] [11, 15, 0, -55] [37, 9, -57, 20] [14, -6, 22, 48]
[-23, 6, 38, -35] [18, 3, -2, 31] [-32, -38, -31, 35] [57, -34, 28, 6] [-3, -19, -16, -26] [-6, 22, -47, -34] [67, 32, 29, 23]
[4, 26, -9, 44] [-22, -5, -17, 35] [-5, -8, -34, -14] [0, 0, 0, 0] [-14, 52, -51, 3] [8, -30, -44, -20] [-15, 54, -23, 0]
[5, 22, -20, 23] [20, 26, 3, 41] [20, -19, 33, 29] [-1, -56, 40, -17] [0, 23, 13, -6] [15, 43, 16, 4] [-10, -30, -14, -12]
[8, -35, -18, 3] [16, 16, 4, -37] [20, -11, 20, 29] [-52, -30, 63, -19] [-54, -38, 17, -66] [-34, 62, 35, 22] [-2, 56, 33, 31]
[33, 13, -25, -8] [-5, 1, 27, -77] [39, 19, 4, -21] [5, -4, -10, -23] [78, 47, 4, -23] [-11, 41, 4, -1] [21, -38, 15, -26]
------------------------------
ALIVE
Head: (7 52)
Body: (7 52) (6 52) (5 52) (4 52) (3 52) (2 52) (1 52) (1 51) (1 50) (1 49) (1 48) (25 48) (24 48) 
Length: 13, 4
Vision: 3
Hungry, suplies: 9/10
Reproductive: 16, mutating: 0.25
Generation: 61030
####################################
Wall (up, right, down, left):
[-9, -7, -5, -12] [5, -3, 4, -13] [-19, -11, -5, -24] [1, 2, 19, 1] [-11, 16, 37, 4] [11, -14, -23, -20] [9, -26, 4, 2]
[-34, -1, 16, -8] [15, 27, -5, -2] [-45, 11, 17, -3] [-40, 5, 31, 16] [17, 31, 6, 5] [-36, -13, -2, -26] [-24, 8, 4, 9]
[-6, 26, 27, 37] [-14, 33, -28, -12] [-4, -2, 59, -4] [-105, 26, 57, 3] [-50, -60, -15, 29] [-16, -27, -15, 0] [-3, -23, -21, -1]
[-24, 59, -16, -29] [9, -6, 34, -33] [16, 39, 9, -123] [0, 0, 0, 0] [53, -108, 22, 14] [18, -14, -9, 7] [13, 18, 26, -7]
[7, -41, 11, 5] [8, -10, -11, -28] [-20, -18, -43, -46] [61, -1, -132, 34] [10, -7, -46, 67] [13, 23, -12, 8] [-4, -79, -23, 42]
[23, 36, 5, -12] [-26, 13, -8, 4] [29, -5, 23, -7] [-1, -5, -22, -3] [-4, -7, -36, -21] [-1, -22, -28, 8] [40, 8, 14, -1]
[-23, 1, 18, -17] [4, -16, -47, -17] [3, 3, 27, 14] [-28, 18, -63, -24] [39, 3, -16, 33] [36, -9, -22, 38] [8, -10, 26, 3]
Food (up, right, down, left):
[6, 23, -17, 21] [-19, 33, 4, -34] [4, -16, 6, 11] [-21, -1, 68, 8] [6, -14, 54, -8] [2, -35, -20, -26] [-63, 26, 13, -26]
[-75, 14, -44, -2] [0, -18, -32, 3] [-5, 5, 36, 34] [-23, 8, -54, 45] [11, 15, 0, -55] [37, 9, -57, 20] [14, -6, 22, 48]
[-23, 6, 38, -35] [18, 3, -2, 31] [-32, -38, -31, 35] [57, -34, 28, 6] [-3, -19, -16, -26] [-6, 22, -47, -34] [67, 32, 29, 23]
[4, 26, -9, 44] [-22, -5, -17, 35] [-5, -8, -34, -14] [0, 0, 0, 0] [-14, 52, -51, 3] [8, -30, -44, -20] [-15, 54, -23, 0]
[5, 22, -20, 23] [20, 26, 3, 41] [20, -19, 33, 29] [-1, -56, 40, -17] [0, 23, 13, -6] [15, 43, 16, 4] [-10, -30, -14, -12]
[8, -35, -18, 3] [16, 16, 4, -37] [20, -11, 20, 29] [-52, -30, 63, -19] [-54, -38, 17, -66] [-34, 62, 35, 26] [-2, 56, 33, 31]
[33, 13, -25, -8] [-5, 1, 27, -77] [39, 19, 4, -21] [5, -4, -10, -23] [78, 47, 4, -23] [-11, 41, 4, -1] [21, -38, 15, -26]
------------------------------
ALIVE
Head: (4 40)
Body: (4 40) (4 41) (4 42) (4 43) (4 44) (4 45) (5 45) 
Length: 7, 4
Vision: 3
Hungry, suplies: 8/10
Reproductive: 16, mutating: 0.25
Generation: 61030
####################################
Wall (up, right, down, left):
[-9, -7, -5, -12] [5, -3, 4, -13] [-19, -11, -5, -23] [1, 2, 19, 1] [-11, 16, 37, 4] [11, -14, -23, -20] [9, -26, 4, 2]
[-34, -1, 16, -8] [15, 27, -5, -2] [-45, 11, 17, -3] [-40, 5, 31, 16] [17, 31, 6, 5] [-36, -13, -2, -26] [-24, 8, 4, 9]
[-6, 26, 27, 37] [-14, 33, -28, -12] [-4, -2, 59, -4] [-105, 26, 57, 3] [-50, -60, -15, 29] [-16, -27, -15, 0] [-3, -23, -21, -1]
[-24, 59, -16, -29] [9, -6, 34, -33] [16, 39, 9, -123] [0, 0, 0, 0] [53, -108, 22, 14] [18, -14, -9, 7] [13, 18, 26, -7]
[7, -41, 11, 5] [8, -10, -11, -28] [-20, -18, -43, -46] [61, -1, -132, 34] [10, -7, -46, 67] [13, 23, -12, 8] [-4, -79, -23, 42]
[23, 36, 5, -12] [-26, 13, -8, 4] [29, -5, 23, -7] [-1, -5, -22, -3] [-4, -7, -36, -21] [-1, -22, -28, 8] [40, 8, 14, -1]
[-23, 1, 18, -17] [4, -16, -47, -17] [3, 3, 27, 14] [-28, 18, -63, -24] [39, 3, -16, 33] [36, -9, -22, 38] [8, -10, 26, 3]
Food (up, right, down, left):
[6, 23, -17, 21] [-19, 33, 4, -34] [-1, -16, 6, 11] [-21, -1, 68, 8] [6, -14, 54, -8] [2, -35, -20, -26] [-63, 26, 13, -26]
[-75, 14, -44, -2] [0, -18, -32, 3] [-5, 5, 36, 34] [-23, 8, -54, 45] [11, 15, 0, -55] [37, 9, -57, 20] [14, -6, 22, 48]
[-23, 6, 38, -35] [18, 3, -2, 31] [-32, -38, -31, 35] [57, -34, 28, 6] [-3, -19, -16, -26] [-6, 22, -47, -34] [67, 32, 29, 23]
[4, 26, -9, 44] [-22, -5, -17, 35] [-5, -8, -34, -14] [0, 0, 0, 0] [-14, 52, -51, 3] [8, -30, -44, -20] [-15, 54, -23, 0]
[5, 22, -20, 23] [20, 26, 3, 41] [20, -19, 33, 29] [-1, -56, 40, -17] [0, 23, 13, -6] [15, 43, 16, 4] [-10, -30, -14, -12]
[8, -35, -18, 3] [16, 16, 4, -37] [20, -11, 20, 29] [-52, -30, 63, -19] [-54, -38, 17, -66] [-34, 62, 35, 26] [-2, 56, 33, 31]
[33, 13, -25, -8] [-5, 1, 27, -77] [39, 19, 4, -21] [5, -4, -10, -23] [78, 47, 4, -23] [-11, 41, 4, -1] [21, -38, 15, -26]
------------------------------
ALIVE
Head: (14 37)
Body: (14 37) (13 37) (13 36) (13 35) (12 35) (12 34) (12 33) (11 33) (10 33) (10 32) (10 31) (10 30) (9 30) 
Length: 13, 4
Vision: 3
Hungry, suplies: 5/10
Reproductive: 16, mutating: 0.25
Generation: 61033
####################################
Wall (up, right, down, left):
[-9, -7, -5, -12] [5, -3, 4, -13] [-19, -11, -5, -23] [1, 2, 19, 1] [-11, 16, 37, 4] [11, -14, -23, -20] [9, -26, 4, 2]
[-34, -1, 16, -8] [15, 27, -5, -2] [-45, 11, 17, -3] [-40, 5, 31, 16] [17, 31, 6, 5] [-36, -13, -2, -26] [-24, 8, 4, 9]
[-6, 26, 27, 37] [-14, 33, -28, -12] [-4, -2, 59, -4] [-105, 26, 57, 3] [-50, -60, -15, 29] [-16, -27, -15, 0] [-3, -23, -21, -1]
[-24, 59, -16, -29] [9, -6, 34, -33] [16, 39, 9, -123] [0, 0, 0, 0] [53, -108, 22, 14] [18, -14, -9, 7] [13, 18, 26, -7]
[7, -41, 11, 5] [8, -10, -11, -28] [-20, -18, -43, -46] [61, -1, -132, 34] [10, -7, -46, 67] [13, 23, -12, 8] [-4, -79, -23, 42]
[23, 36, 5, -12] [-26, 13, -8, 4] [29, -5, 23, -7] [-1, -5, -22, -3] [-4, -7, -36, -21] [-1, -22, -28, 8] [40, 8, 14, -1]
[-23, 1, 18, -17] [4, -16, -47, -17] [3, 3, 27, 14] [-28, 18, -63, -24] [39, 3, -16, 33] [36, -9, -22, 38] [8, -10, 26, 3]
Food (up, right, down, left):
[6, 23, -17, 21] [-19, 33, 4, -34] [-1, -16, 6, 11] [-21, -1, 68, 8] [6, -14, 54, -8] [2, -35, -20, -26] [-63, 26, 13, -26]
[-75, 14, -44, -2] [0, -18, -32, 3] [-5, 5, 36, 34] [-23, 8, -54, 45] [11, 15, 0, -55] [37, 9, -57, 20] [14, -6, 22, 48]
[-23, 6, 38, -35] [18, 3, -2, 31] [-32, -38, -31, 35] [57, -34, 28, 6] [-3, -19, -16, -26] [-6, 22, -47, -34] [67, 32, 29, 23]
[4, 26, -9, 44] [-22, -5, -17, 35] [-5, -8, -34, -14] [0, 0, 0, 0] [-14, 52, -51, 3] [8, -30, -44, -20] [-15, 54, -23, 0]
[5, 22, -20, 23] [20, 26, 3, 41] [20, -19, 33, 29] [-1, -56, 40, -17] [0, 23, 13, -6] [15, 43, 16, 4] [-10, -30, -14, -12]
[8, -35, -18, 3] [16, 16, 4, -37] [20, -11, 20, 29] [-52, -30, 63, -19] [-54, -38, 17, -66] [-34, 62, 35, 26] [-2, 56, 33, 31]
[33, 13, -25, -8] [-5, 1, 27, -77] [39, 19, 4, -21] [5, -4, -10, -23] [78, 47, 4, -23] [-11, 41, 4, -1] [21, -38, 15, -26]
------------------------------
ALIVE
Head: (16 20)
Body: (16 20) (16 21) (16 22) (17 22) (18 22) (19 22) (19 23) (20 23) 
Length: 8, 4
Vision: 3
Hungry, suplies: 2/10
Reproductive: 16, mutating: 0.25
Generation: 61032
####################################
Wall (up, right, down, left):
[-9, -2, -5, -12] [9, -3, 4, -13] [-19, -6, -5, -24] [1, 2, 19, 1] [-11, 16, 37, 4] [11, -14, -23, -20] [9, -26, 4, 2]
[-34, -2, 16, -8] [15, 27, -5, -2] [-45, 11, 17, -3] [-40, 5, 31, 16] [17, 31, 6, 5] [-36, -13, -2, -26] [-24, 8, 4, 9]
[-6, 26, 27, 34] [-14, 33, -28, -12] [-4, -2, 59, -4] [-105, 26, 57, 3] [-50, -60, -15, 29] [-16, -27, -16, 0] [-3, -23, -21, -1]
[-24, 59, -16, -29] [9, -7, 34, -33] [16, 44, 9, -123] [0, 0, 0, 0] [53, -108, 22, 14] [18, -14, -9, 7] [13, 18, 26, -7]
[7, -41, 11, 5] [8, -10, -11, -28] [-20, -18, -43, -46] [61, -1, -132, 34] [10, -7, -46, 67] [13, 23, -8, 8] [-4, -74, -23, 42]
[23, 36, 5, -12] [-26, 13, -8, 4] [31, -5, 23, -7] [-1, -5, -22, -3] [-4, -7, -36, -21] [-1, -22, -28, 8] [40, 8, 14, -3]
[-23, 1, 18, -17] [4, -16, -47, -17] [3, 3, 23, 14] [-28, 18, -63, -24] [42, 3, -16, 33] [36, -9, -22, 38] [8, -10, 26, 3]
Food (up, right, down, left):
[6, 23, -17, 20] [-19, 33, 7, -34] [4, -16, 2, 11] [-21, -1, 68, 8] [6, -14, 54, -8] [2, -35, -20, -26] [-63, 26, 13, -26]
[-74, 14, -44, -2] [0, -18, -32, 3] [-5, 5, 36, 34] [-23, 8, -54, 45] [11, 15, 0, -55] [37, 9, -57, 20] [14, -6, 22, 48]
[-23, 6, 38, -40] [18, 3, -2, 31] [-32, -38, -31, 35] [57, -34, 28, 6] [-3, -19, -16, -26] [-6, 25, -47, -34] [67, 32, 29, 23]
[4, 26, -9, 44] [-22, -5, -17, 36] [-5, -7, -34, -14] [0, 0, 0, 0] [-14, 52, -51, 3] [8, -30, -44, -20] [-15, 54, -23, 0]
[5, 22, -20, 23] [20, 26, 3, 41] [20, -19, 33, 29] [-1, -56, 40, -17] [0, 23, 13, -6] [13, 43, 16, 4] [-14, -30, -14, -12]
[8, -35, -18, 3] [16, 16, 4, -37] [20, -8, 20, 29] [-52, -30, 63, -19] [-54, -38, 17, -66] [-34, 62, 35, 26] [1, 56, 33, 31]
[33, 13, -25, -8] [-5, 1, 27, -77] [39, 19, 4, -21] [5, -4, -10, -23] [78, 47, 1, -23] [-11, 41, 4, -1] [21, -38, 15, -26]
------------------------------
ALIVE
Head: (24 7)
Body: (24 7) (24 6) (24 5) (23 5) (22 5) (22 4) (21 4) (20 4) (19 4) (19 3) (19 2) 
Length: 11, 4
Vision: 3
Hungry, suplies: 9/10
Reproductive: 16, mutating: 0.25
Generation: 61034
####################################
Wall (up, right, down, left):
[-9, -7, -5, -12] [9, -3, 4, -13] [-19, -6, -5, -24] [1, 2, 19, 1] [-11, 16, 37, 4] [11, -14, -23, -20] [9, -26, 4, 2]
[-34, -2, 16, -8] [15, 27, -5, -2] [-45, 11, 17, -3] [-40, 5, 31, 16] [17, 31, 6, 5] [-36, -13, -2, -26] [-24, 8, 4, 9]
[-6, 26, 27, 37] [-14, 33, -28, -12] [-4, -2, 59, -4] [-105, 26, 57, 3] [-50, -60, -15, 29] [-16, -27, -15, 0] [-3, -23, -21, -1]
[-24, 59, -16, -29] [9, -6, 34, -33] [16, 39, 9, -123] [0, 0, 0, 0] [53, -108, 22, 14] [18, -14, -9, 7] [13, 18, 26, -7]
[7, -41, 11, 5] [8, -10, -11, -28] [-20, -18, -43, -46] [61, -1, -132, 34] [10, -7, -46, 67] [13, 23, -12, 8] [-4, -74, -23, 42]
[23, 36, 5, -12] [-26, 13, -8, 4] [31, -5, 23, -7] [-1, -5, -22, -3] [-4, -7, -36, -21] [-1, -22, -28, 8] [40, 8, 14, -1]
[-23, 1, 23, -17] [4, -16, -47, -17] [3, 3, 23, 14] [-28, 18, -63, -24] [42, 3, -16, 33] [36, -9, -22, 38] [8, -10, 26, 3]
Food (up, right, down, left):
[6, 23, -17, 21] [-19, 33, 7, -34] [4, -16, 2, 11] [-21, -1, 68, 8] [6, -14, 54, -8] [2, -35, -20, -26] [-63, 26, 13, -26]
[-74, 14, -44, -2] [0, -18, -32, 3] [-5, 5, 36, 34] [-23, 8, -54, 45] [11, 15, 0, -55] [37, 9, -57, 20] [14, -6, 22, 48]
[-23, 6, 38, -35] [18, 3, -2, 31] [-32, -38, -31, 35] [57, -34, 28, 6] [-3, -19, -16, -26] [-6, 22, -47, -34] [67, 32, 29, 23]
[4, 26, -9, 44] [-22, -5, -17, 35] [-5, -8, -34, -14] [0, 0, 0, 0] [-14, 52, -51, 3] [8, -30, -44, -20] [-15, 54, -23, 0]
[5, 22, -20, 23] [20, 26, 3, 41] [20, -19, 33, 29] [-1, -56, 40, -17] [0, 23, 13, -6] [15, 43, 16, 4] [-14, -30, -14, -12]
[8, -35, -18, 3] [16, 16, 4, -37] [20, -8, 20, 29] [-52, -30, 63, -19] [-54, -38, 17, -66] [-34, 62, 35, 26] [-2, 56, 33, 31]
[33, 13, -21, -8] [-5, 1, 27, -77] [39, 19, 4, -21] [5, -4, -10, -23] [78, 47, 1, -23] [-11, 41, 4, -1] [21, -38, 15, -26]
------------------------------
ALIVE
Head: (17 2)
Body: (17 2) (17 3) (18 3) (18 2) (18 1) (18 0) (19 57) (19 56) (18 56) (17 56) (17 55) (18 55) (19 55) (19 54) 
Length: 14, 4
Vision: 3
Hungry, suplies: 9/10
Reproductive: 16, mutating: 0.25
Generation: 61031
####################################
Wall (up, right, down, left):
[-9, -7, -5, -12] [5, -3, 4, -13] [-19, -11, -5, -24] [1, 2, 19, 1] [-11, 16, 37, 4] [11, -14, -23, -20] [9, -26, 4, 2]
[-34, -1, 16, -8] [15, 27, -5, -2] [-45, 11, 17, -3] [-40, 5, 31, 16] [17, 31, 6, 5] [-36, -13, -2, -26] [-24, 8, 4, 9]
[-6, 26, 27, 37] [-14, 33, -28, -12] [-4, -2, 59, -4] [-101, 26, 57, 3] [-50, -60, -15, 29] [-16, -27, -15, 0] [-3, -23, -21, -1]
[-24, 59, -16, -29] [9, -6, 34, -33] [16, 39, 9, -123] [0, 0, 0, 0] [53, -108, 22, 14] [18, -14, -9, 7] [13, 18, 26, -7]
[7, -41, 11, 5] [8, -10, -11, -28] [-20, -18, -43, -46] [61, -1, -132, 34] [10, -7, -46, 67] [13, 23, -12, 8] [-4, -79, -23, 42]
[23, 36, 5, -12] [-26, 13, -8, 4] [29, -5, 23, -7] [-1, -5, -22, -3] [-4, -7, -36, -21] [-1, -22, -28, 8] [40, 8, 14, -1]
[-23, 1, 18, -17] [4, -16, -47, -17] [3, 3, 27, 14] [-28, 18, -63, -24] [39, 3, -16, 33] [36, -9, -22, 34] [8, -10, 26, 3]
Food (up, right, down, left):
[6, 23, -17, 21] [-19, 33, 4, -34] [4, -16, 6, 11] [-21, -1, 68, 8] [6, -14, 54, -8] [2, -35, -20, -26] [-63, 26, 13, -26]
[-75, 14, -44, -2] [0, -18, -32, 3] [-5, 5, 36, 34] [-23, 8, -54, 45] [11, 15, 0, -55] [37, 9, -57, 20] [14, -6, 22, 48]
[-23, 6, 38, -35] [18, 3, -2, 31] [-32, -38, -31, 35] [57, -33, 28, 6] [-3, -19, -16, -26] [-6, 22, -47, -34] [67, 32, 29, 23]
[4, 26, -9, 44] [-22, -5, -17, 35] [-5, -8, -34, -14] [0, 0, 0, 0] [-14, 52, -51, 3] [8, -30, -44, -20] [-15, 54, -23, 0]
[5, 22, -20, 23] [20, 26, 3, 41] [20, -19, 33, 29] [-1, -56, 40, -17] [0, 23, 13, -6] [15, 43, 16, 4] [-10, -30, -14, -12]
[8, -35, -18, 3] [16, 16, 4, -37] [20, -11, 20, 29] [-52, -30, 63, -19] [-54, -38, 17, -66] [-34, 62, 35, 26] [-2, 56, 33, 31]
[33, 13, -25, -8] [-5, 1, 27, -77] [39, 19, 4, -21] [5, -4, -10, -23] [78, 47, 4, -23] [-11, 38, 4, -1] [21, -38, 15, -26]
------------------------------
ALIVE
Head: (9 23)
Body: (9 23) (9 24) (9 25) (8 25) (8 26) (7 26) (6 26) (6 25) (5 25) (4 25) (3 25) (2 25) (1 25) (0 25) (25 24) 
Length: 15, 4
Vision: 3
Hungry, suplies: 10/10
Reproductive: 16, mutating: 0.25
Generation: 61032
####################################
Wall (up, right, down, left):
[-9, -7, -5, -12] [9, -3, 4, -13] [-19, -6, -5, -24] [1, 2, 19, 1] [-11, 16, 37, 4] [11, -14, -23, -20] [9, -26, 4, 2]
[-34, -2, 16, -8] [15, 27, -5, -2] [-45, 11, 17, -3] [-40, 5, 31, 16] [17, 31, 6, 5] [-36, -13, -2, -26] [-24, 8, 4, 9]
[-6, 26, 27, 37] [-14, 33, -28, -12] [-4, -2, 59, -4] [-105, 26, 57, 3] [-50, -60, -15, 29] [-16, -27, -16, 0] [-3, -23, -21, -1]
[-24, 59, -16, -29] [9, -6, 34, -33] [16, 39, 9, -123] [0, 0, 0, 0] [53, -108, 22, 14] [18, -14, -9, 7] [13, 18, 26, -7]
[7, -41, 11, 5] [8, -10, -11, -28] [-20, -18, -43, -46] [61, -1, -132, 34] [10, -7, -46, 67] [13, 23, -8, 8] [-4, -74, -23, 42]
[23, 36, 5, -12] [-26, 13, -8, 4] [31, -5, 23, -7] [-1, -5, -22, -3] [-4, -7, -36, -21] [-1, -22, -28, 8] [40, 8, 14, -1]
[-23, 1, 18, -17] [4, -16, -47, -17] [3, 3, 23, 14] [-28, 18, -63, -24] [42, 3, -16, 33] [36, -9, -22, 38] [8, -10, 26, 3]
Food (up, right, down, left):
[6, 23, -17, 21] [-19, 33, 7, -34] [4, -16, 2, 11] [-21, -1, 68, 8] [6, -14, 54, -8] [2, -35, -20, -26] [-63, 26, 13, -26]
[-74, 14, -44, -2] [0, -18, -32, 3] [-5, 5, 36, 34] [-23, 8, -54, 45] [11, 15, 0, -55] [37, 9, -57, 20] [14, -6, 22, 48]
[-23, 6, 38, -35] [18, 3, -2, 31] [-32, -38, -31, 35] [57, -34, 28, 6] [-3, -19, -16, -26] [-6, 25, -47, -34] [67, 32, 29, 23]
[4, 26, -9, 44] [-22, -5, -17, 35] [-5, -8, -34, -14] [0, 0, 0, 0] [-14, 52, -51, 3] [8, -30, -44, -20] [-15, 54, -23, 0]
[5, 22, -20, 23] [20, 26, 3, 41] [20, -19, 33, 29] [-1, -56, 40, -17] [0, 23, 13, -6] [13, 43, 16, 4] [-14, -30, -14, -12]
[8, -35, -18, 3] [16, 16, 4, -37] [20, -8, 20, 29] [-52, -30, 63, -19] [-54, -38, 17, -66] [-34, 62, 35, 26] [-2, 56, 33, 31]
[34, 13, -25, -8] [-5, 1, 27, -77] [39, 19, 4, -21] [5, -4, -10, -23] [78, 47, 1, -23] [-11, 41, 4, -1] [21, -38, 15, -26]
------------------------------
ALIVE
Head: (20 33)
Body: (20 33) (20 32) (20 31) (20 30) (20 29) (20 28) (20 27) (20 26) (19 26) 
Length: 9, 4
Vision: 3
Hungry, suplies: 1/10
Reproductive: 16, mutating: 0.25
Generation: 61033
####################################
Wall (up, right, down, left):
[-9, -2, -5, -12] [9, -3, 4, -13] [-19, -6, -5, -24] [1, 2, 19, 1] [-11, 16, 37, 4] [11, -14, -23, -20] [9, -26, 4, 2]
[-34, -2, 16, -8] [15, 27, -5, -2] [-45, 11, 17, -3] [-40, 5, 31, 16] [17, 31, 6, 5] [-36, -13, -2, -26] [-24, 8, 4, 9]
[-6, 26, 27, 37] [-14, 33, -28, -12] [-4, -2, 59, -4] [-105, 26, 57, 3] [-50, -60, -15, 29] [-16, -27, -16, 0] [-3, -23, -21, -1]
[-24, 59, -16, -29] [9, -7, 34, -33] [16, 39, 9, -123] [0, 0, 0, 0] [53, -108, 22, 14] [18, -14, -9, 7] [13, 18, 26, -7]
[7, -41, 11, 5] [8, -10, -11, -28] [-20, -18, -43, -46] [61, -1, -132, 34] [10, -7, -46, 67] [13, 23, -8, 8] [-4, -74, -23, 42]
[23, 36, 5, -12] [-26, 13, -8, 4] [31, -5, 23, -7] [-1, -5, -22, -3] [-4, -7, -36, -21] [-1, -22, -28, 8] [40, 8, 14, -3]
[-23, 1, 18, -17] [4, -16, -47, -17] [3, 3, 23, 14] [-28, 18, -63, -24] [42, 3, -16, 33] [36, -9, -22, 38] [8, -10, 26, 3]
Food (up, right, down, left):
[6, 23, -17, 20] [-19, 33, 7, -34] [4, -16, 2, 11] [-21, -1, 68, 8] [6, -14, 54, -8] [2, -35, -20, -26] [-63, 26, 13, -26]
[-74, 14, -44, -2] [0, -18, -32, 3] [-5, 5, 36, 34] [-23, 8, -54, 45] [11, 15, 0, -55] [37, 9, -57, 20] [14, -6, 22, 48]
[-23, 6, 38, -35] [18, 3, -2, 31] [-32, -38, -31, 35] [57, -34, 28, 6] [-3, -19, -16, -26] [-6, 25, -47, -34] [67, 32, 29, 23]
[4, 26, -9, 44] [-22, -5, -17, 36] [-5, -8, -34, -14] [0, 0, 0, 0] [-14, 52, -51, 3] [8, -30, -44, -20] [-15, 54, -23, 0]
[5, 22, -20, 23] [20, 26, 3, 41] [20, -19, 33, 29] [-1, -56, 40, -17] [0, 23, 13, -6] [13, 43, 16, 4] [-14, -30, -14, -12]
[8, -35, -18, 3] [16, 16, 4, -37] [20, -8, 20, 29] [-52, -30, 63, -19] [-54, -38, 17, -66] [-34, 62, 35, 26] [1, 56, 33, 31]
[33, 13, -25, -8] [-5, 1, 27, -77] [39, 19, 4, -21] [5, -4, -10, -23] [78, 47, 1, -23] [-11, 41, 4, -1] [21, -38, 15, -26]
------------------------------
ALIVE
Head: (6 36)
Body: (6 36) (5 36) (4 36) (3 36) (2 36) (1 36) (0 36) (0 35) (1 35) (2 35) (3 35) 
Length: 11, 4
Vision: 3
Hungry, suplies: 4/10
Reproductive: 16, mutating: 0.25
Generation: 61033
####################################
Wall (up, right, down, left):
[-9, -2, -5, -12] [9, -3, 4, -13] [-19, -6, -5, -24] [1, 2, 19, 1] [-11, 16, 37, 4] [11, -14, -23, -20] [9, -26, 4, 2]
[-34, -2, 16, -8] [15, 27, -5, -2] [-45, 11, 17, -3] [-40, 5, 31, 16] [17, 31, 6, 5] [-36, -13, -2, -26] [-24, 8, 4, 9]
[-6, 26, 27, 37] [-14, 33, -28, -12] [-4, -2, 59, -4] [-105, 26, 57, 3] [-50, -60, -15, 29] [-16, -27, -16, 0] [-3, -23, -21, -1]
[-24, 59, -16, -29] [9, -7, 34, -33] [16, 39, 9, -123] [0, 0, 0, 0] [53, -108, 22, 14] [18, -14, -9, 7] [13, 18, 26, -7]
[7, -41, 11, 5] [8, -10, -11, -28] [-20, -18, -43, -46] [61, -1, -132, 34] [10, -7, -46, 67] [13, 23, -8, 8] [-4, -74, -23, 42]
[23, 36, 5, -12] [-26, 13, -8, 4] [31, -5, 23, -7] [-1, -5, -22, -3] [-4, -7, -36, -21] [-1, -22, -28, 8] [40, 8, 14, -3]
[-23, 1, 18, -17] [4, -16, -47, -17] [3, 3, 23, 14] [-28, 18, -63, -24] [42, 3, -16, 33] [36, -9, -22, 38] [8, -10, 26, 3]
Food (up, right, down, left):
[6, 23, -17, 20] [-19, 33, 7, -34] [4, -16, 2, 11] [-21, -1, 68, 8] [6, -14, 54, -8] [2, -35, -20, -26] [-63, 26, 13, -26]
[-74, 14, -44, -2] [0, -18, -32, 3] [-5, 5, 36, 34] [-23, 8, -54, 45] [11, 15, 0, -55] [37, 9, -57, 20] [14, -6, 22, 48]
[-23, 6, 38, -35] [18, 3, -2, 31] [-32, -38, -31, 35] [57, -34, 28, 6] [-3, -19, -16, -26] [-6, 25, -47, -34] [67, 32, 29, 23]
[4, 26, -9, 44] [-22, -5, -17, 36] [-5, -8, -34, -14] [0, 0, 0, 0] [-14, 52, -51, 3] [8, -30, -44, -20] [-15, 54, -23, 0]
[5, 22, -20, 23] [20, 26, 3, 41] [20, -19, 33, 29] [-1, -56, 40, -17] [0, 23, 13, -6] [13, 43, 16, 4] [-14, -30, -14, -12]
[8, -35, -18, 3] [16, 16, 4, -37] [20, -8, 20, 29] [-52, -30, 63, -19] [-54, -38, 17, -66] [-34, 62, 35, 26] [1, 56, 33, 31]
[33, 13, -25, -8] [-5, 1, 27, -77] [39, 19, 4, -21] [5, -4, -10, -23] [78, 47, 1, -23] [-11, 41, 4, -1] [21, -38, 15, -26]
------------------------------
ALIVE
Head: (24 43)
Body: (24 43) (24 42) (24 41) (24 40) (24 39) (23 39) 
Length: 6, 4
Vision: 3
Hungry, suplies: 7/10
Reproductive: 16, mutating: 0.25
Generation: 61033
####################################
Wall (up, right, down, left):
[-9, -7, -5, -12] [5, -3, 4, -13] [-19, -11, -5, -24] [1, 2, 19, 1] [-11, 16, 37, 4] [11, -14, -23, -20] [9, -26, 4, 2]
[-34, -1, 16, -8] [15, 27, -5, -2] [-45, 11, 17, -3] [-40, 5, 31, 16] [17, 31, 6, 5] [-36, -13, -2, -26] [-24, 8, 4, 9]
[-6, 26, 27, 37] [-14, 33, -28, -12] [-4, -2, 59, -4] [-101, 26, 57, 3] [-50, -60, -15, 29] [-16, -27, -15, 0] [-3, -23, -21, -1]
[-24, 59, -16, -29] [9, -6, 34, -33] [16, 39, 9, -123] [0, 0, 0, 0] [53, -108, 22, 14] [18, -14, -9, 7] [13, 18, 26, -7]
[7, -41, 11, 5] [8, -10, -11, -28] [-20, -18, -43, -46] [61, -1, -132, 34] [10, -7, -46, 67] [13, 23, -12, 8] [-4, -79, -23, 42]
[23, 36, 5, -12] [-26, 13, -8, 4] [29, -5, 23, -7] [-1, -5, -22, -3] [-4, -7, -36, -21] [-1, -22, -28, 8] [40, 8, 14, -1]
[-23, 1, 18, -17] [4, -16, -47, -17] [3, 3, 27, 14] [-28, 18, -63, -24] [39, 3, -16, 33] [36, -9, -22, 34] [8, -10, 26, 3]
Food (up, right, down, left):
[6, 23, -17, 21] [-19, 33, 4, -34] [4, -16, 6, 11] [-21, -1, 68, 8] [6, -14, 54, -8] [2, -35, -20, -26] [-63, 26, 13, -26]
[-75, 14, -44, -2] [0, -18, -32, 3] [-5, 5, 36, 34] [-23, 8, -54, 45] [11, 15, 0, -55] [37, 9, -57, 20] [14, -6, 22, 48]
[-23, 6, 38, -35] [18, 3, -2, 31] [-32, -38, -31, 35] [57, -33, 28, 6] [-3, -19, -16, -26] [-6, 22, -47, -34] [67, 32, 29, 23]
[4, 26, -9, 44] [-22, -5, -17, 35] [-5, -8, -34, -14] [0, 0, 0, 0] [-14, 52, -51, 3] [8, -30, -44, -20] [-15, 54, -23, 0]
[5, 22, -20, 23] [20, 26, 3, 41] [20, -19, 33, 29] [-1, -56, 40, -17] [0, 23, 13, -6] [15, 43, 16, 4] [-10, -30, -14, -12]
[8, -35, -18, 3] [16, 16, 4, -37] [20, -11, 20, 29] [-52, -30, 63, -19] [-54, -38, 17, -66] [-34, 62, 35, 26] [-2, 56, 33, 31]
[33, 13, -25, -8] [-5, 1, 27, -77] [39, 19, 4, -21] [5, -4, -10, -23] [78, 47, 4, -23] [-11, 38, 4, -1] [21, -38, 15, -26]
------------------------------
ALIVE
Head: (0 19)
Body: (25 19) (24 19) (23 19) (22 19) (21 19) (20 19) (20 18) (19 18) (18 18) (17 18) (16 18) 
Length: 11, 4
Vision: 3
Hungry, suplies: 6/10
Reproductive: 16, mutating: 0.25
Generation: 61033
####################################
Wall (up, right, down, left):
[-9, -7, -5, -12] [5, -3, 4, -13] [-19, -11, -5, -24] [1, 2, 19, 1] [-11, 16, 37, 4] [11, -14, -23, -20] [9, -26, 4, 3]
[-34, -2, 16, -8] [15, 27, -5, -2] [-45, 11, 17, -3] [-44, 5, 31, 16] [17, 31, 6, 5] [-36, -13, -2, -26] [-24, 8, 4, 9]
[-6, 22, 27, 37] [-14, 33, -28, -12] [-4, -2, 59, -4] [-105, 26, 57, 3] [-50, -60, -19, 29] [-15, -27, -15, 0] [-3, -28, -21, -1]
[-24, 59, -16, -29] [9, -6, 34, -33] [15, 39, 12, -123] [0, 0, 0, 0] [53, -108, 22, 14] [18, -14, -9, 7] [13, 18, 26, -7]
[7, -41, 11, 5] [8, -10, -11, -28] [-20, -18, -43, -46] [61, -1, -132, 34] [10, -7, -46, 67] [13, 23, -12, 5] [-4, -74, -23, 42]
[23, 36, 5, -12] [-26, 13, -8, 4] [31, -5, 23, -7] [-1, -5, -22, -3] [-4, -7, -36, -25] [-1, -22, -28, 8] [40, 8, 14, -1]
[-23, 1, 18, -17] [4, -16, -47, -17] [-1, 3, 27, 14] [-28, 18, -63, -24] [39, 3, -16, 33] [36, -9, -22, 38] [8, -10, 26, 7]
Food (up, right, down, left):
[6, 23, -17, 21] [-19, 33, 4, -34] [4, -16, 6, 11] [-21, -1, 68, 8] [6, -14, 54, -8] [2, -35, -20, -26] [-60, 26, 13, -26]
[-74, 14, -44, -2] [0, -18, -32, 3] [-5, 5, 36, 34] [-23, 8, -54, 45] [11, 15, 0, -55] [37, 9, -57, 20] [14, -6, 22, 48]
[-23, 6, 38, -35] [18, 3, -2, 31] [-32, -38, -31, 35] [57, -34, 28, 6] [-3, -19, -15, -26] [-6, 22, -45, -34] [68, 32, 29, 23]
[4, 26, -9, 44] [-22, -5, -17, 35] [-6, -9, -34, -14] [0, 0, 0, 0] [-14, 52, -51, 3] [8, -30, -44, -20] [-15, 54, -23, 0]
[5, 22, -20, 23] [20, 26, 3, 41] [20, -19, 33, 29] [-1, -56, 40, -17] [0, 23, 13, -6] [19, 43, 16, 4] [-14, -30, -14, -12]
[8, -35, -18, 3] [16, 16, 4, -37] [20, -8, 20, 29] [-52, -30, 63, -19] [-54, -38, 18, -66] [-34, 62, 35, 26] [-2, 56, 33, 31]
[33, 13, -25, -8] [-5, 1, 27, -77] [39, 19, 4, -21] [5, -4, -10, -23] [78, 47, 4, -23] [-11, 41, 4, -1] [21, -34, 15, -26]
------------------------------
ALIVE
Head: (12 49)
Body: (12 49) (11 49) (10 49) (9 49) (8 49) (7 49) (7 48) (6 48) (5 48) 
Length: 9, 4
Vision: 3
Hungry, suplies: 8/10
Reproductive: 16, mutating: 0.25
Generation: 61032
####################################
Wall (up, right, down, left):
[-9, -7, -5, -12] [9, -3, 4, -13] [-19, -6, -5, -24] [1, 2, 19, 1] [-11, 16, 37, 4] [11, -14, -23, -20] [9, -26, 4, 2]
[-34, -2, 16, -8] [15, 27, -5, -2] [-45, 11, 17, -3] [-40, 5, 31, 16] [17, 31, 6, 5] [-36, -13, -2, -26] [-24, 8, 4, 9]
[-6, 26, 27, 37] [-14, 33, -28, -12] [-4, -2, 59, -4] [-105, 26, 57, 3] [-50, -60, -15, 29] [-16, -27, -16, 0] [-3, -23, -21, -1]
[-24, 59, -16, -29] [9, -6, 34, -33] [16, 39, 9, -123] [0, 0, 0, 0] [53, -108, 22, 14] [18, -14, -9, 7] [13, 18, 26, -7]
[7, -41, 11, 5] [8, -10, -11, -28] [-20, -18, -43, -46] [61, -1, -132, 34] [10, -7, -46, 67] [13, 23, -8, 8] [-4, -74, -23, 42]
[23, 36, 5, -12] [-26, 13, -8, 4] [31, -5, 23, -7] [-1, -5, -22, -3] [-4, -7, -36, -21] [-1, -22, -28, 8] [40, 8, 14, -1]
[-23, 1, 18, -17] [4, -16, -47, -17] [3, 3, 23, 14] [-28, 18, -63, -24] [42, 3, -16, 33] [36, -9, -22, 38] [8, -10, 26, 3]
Food (up, right, down, left):
[6, 23, -17, 21] [-19, 33, 7, -34] [4, -16, 2, 11] [-21, -1, 68, 8] [6, -14, 54, -8] [2, -35, -20, -26] [-63, 26, 13, -26]
[-74, 14, -44, -2] [0, -18, -32, 3] [-5, 5, 36, 34] [-23, 8, -54, 45] [11, 15, 0, -55] [37, 9, -57, 20] [14, -6, 22, 48]
[-23, 6, 38, -35] [18, 3, -2, 31] [-32, -38, -31, 35] [57, -34, 28, 6] [-3, -19, -16, -26] [-6, 25, -47, -34] [67, 32, 29, 23]
[4, 26, -9, 44] [-22, -5, -17, 35] [-5, -8, -34, -14] [0, 0, 0, 0] [-14, 52, -51, 3] [8, -30, -44, -20] [-15, 54, -23, 0]
[5, 22, -20, 23] [20, 26, 3, 41] [20, -19, 33, 29] [-1, -56, 40, -17] [0, 23, 13, -6] [13, 43, 16, 4] [-14, -30, -14, -12]
[8, -35, -18, 3] [16, 16, 4, -37] [20, -8, 20, 29] [-52, -30, 63, -19] [-54, -38, 17, -66] [-34, 62, 35, 26] [-2, 56, 33, 31]
[34, 13, -25, -8] [-5, 1, 27, -77] [39, 19, 4, -21] [5, -4, -10, -23] [78, 47, 1, -23] [-11, 41, 4, -1] [21, -38, 15, -26]
------------------------------
DEAD: Wall
Head: (12 3)
Body: (12 3) (12 2) (12 1) (12 0) (12 56) (11 56) (11 55) (10 55) 
Length: 8, 4
Vision: 3
Hungry, suplies: 3/10
Reproductive: 16, mutating: 0.25
Generation: 61033
####################################
Wall (up, right, down, left):
[-9, -7, -5, -12] [5, -3, 4, -13] [-19, -11, -5, -23] [1, 2, 19, 1] [-11, 16, 37, 4] [11, -14, -23, -20] [9, -26, 4, 2]
[-34, -1, 16, -8] [15, 27, -5, -2] [-45, 11, 17, -3] [-40, 5, 31, 16] [17, 31, 6, 5] [-36, -13, -2, -26] [-24, 8, 4, 9]
[-6, 26, 27, 37] [-14, 33, -28, -12] [-4, -2, 59, -4] [-105, 26, 57, 3] [-50, -60, -15, 29] [-16, -27, -15, 0] [-3, -23, -21, -1]
[-24, 59, -16, -29] [9, -6, 34, -33] [16, 39, 9, -123] [0, 0, 0, 0] [53, -108, 22, 14] [18, -14, -9, 7] [13, 18, 26, -7]
[7, -41, 11, 5] [8, -10, -11, -28] [-20, -18, -43, -46] [61, -1, -132, 34] [10, -7, -46, 67] [13, 18, -12, 8] [-4, -79, -23, 42]
[23, 36, 5, -12] [-26, 13, -8, 4] [29, -5, 23, -7] [-1, -5, -22, -3] [-4, -7, -36, -21] [-1, -22, -28, 8] [40, 8, 14, -1]
[-23, 1, 18, -17] [4, -16, -47, -17] [3, 3, 27, 14] [-28, 18, -63, -24] [39, 3, -16, 33] [36, -9, -22, 38] [8, -10, 26, 3]
Food (up, right, down, left):
[6, 23, -17, 21] [-19, 33, 4, -34] [-1, -16, 6, 11] [-21, -1, 68, 8] [6, -14, 54, -8] [2, -35, -20, -26] [-63, 26, 13, -26]
[-75, 14, -44, -2] [0, -18, -32, 3] [-5, 5, 36, 34] [-23, 8, -54, 45] [11, 15, 0, -55] [37, 9, -57, 20] [14, -6, 22, 48]
[-23, 6, 38, -35] [18, 3, -2, 31] [-32, -38, -31, 35] [57, -34, 28, 6] [-3, -19, -16, -26] [-6, 22, -47, -34] [67, 32, 29, 23]
[4, 26, -9, 44] [-22, -5, -17, 35] [-5, -8, -34, -14] [0, 0, 0, 0] [-14, 52, -51, 3] [8, -30, -44, -20] [-15, 54, -23, 0]
[5, 22, -20, 23] [20, 26, 3, 41] [20, -19, 33, 29] [-1, -56, 40, -17] [0, 23, 13, -6] [15, 43, 20, 4] [-10, -30, -14, -12]
[8, -35, -18, 3] [16, 16, 4, -37] [20, -11, 20, 29] [-52, -30, 63, -19] [-54, -38, 17, -66] [-34, 62, 35, 26] [-2, 56, 33, 31]
[33, 13, -25, -8] [-5, 1, 27, -77] [39, 19, 4, -21] [5, -4, -10, -23] [78, 47, 4, -23] [-11, 41, 4, -1] [21, -38, 15, -26]
------------------------------
ALIVE
Head: (7 21)
Body: (7 21) (7 20) (7 19) (8 19) (9 19) (9 18) (9 17) (8 17) (7 17) (6 17) (5 17) 
Length: 11, 4
Vision: 3
Hungry, suplies: 10/10
Reproductive: 16, mutating: 0.25
Generation: 61032
####################################
Wall (up, right, down, left):
[-9, -2, -5, -12] [9, -3, 4, -13] [-19, -6, -5, -24] [1, 2, 19, 1] [-11, 16, 37, 4] [11, -14, -23, -20] [9, -26, 4, 2]
[-34, -2, 16, -8] [15, 27, -5, -2] [-45, 11, 17, -3] [-40, 5, 31, 16] [17, 31, 6, 5] [-36, -13, -2, -26] [-24, 8, 4, 9]
[-6, 26, 27, 34] [-14, 33, -28, -12] [-4, -2, 59, -4] [-105, 26, 57, 3] [-50, -60, -15, 29] [-16, -27, -16, 0] [-3, -23, -21, -1]
[-24, 59, -16, -29] [9, -7, 34, -33] [16, 39, 9, -123] [0, 0, 0, 0] [53, -108, 22, 14] [18, -14, -9, 7] [13, 18, 26, -7]
[7, -41, 11, 5] [8, -10, -11, -28] [-20, -18, -43, -46] [61, -1, -132, 34] [10, -7, -46, 67] [13, 23, -8, 8] [-4, -74, -23, 42]
[23, 36, 5, -12] [-26, 13, -8, 4] [31, -5, 23, -7] [-1, -5, -22, -3] [-4, -7, -36, -21] [-1, -22, -28, 8] [40, 8, 14, -3]
[-23, 1, 18, -17] [4, -16, -47, -17] [3, 3, 23, 14] [-28, 18, -63, -24] [42, 3, -16, 33] [36, -9, -22, 38] [8, -10, 26, 3]
Food (up, right, down, left):
[6, 23, -17, 20] [-19, 33, 7, -34] [4, -16, 2, 11] [-21, -1, 68, 8] [6, -14, 54, -8] [2, -35, -20, -26] [-63, 26, 13, -26]
[-74, 14, -44, -2] [0, -18, -32, 3] [-5, 5, 36, 34] [-23, 8, -54, 45] [11, 15, 0, -55] [37, 9, -57, 20] [14, -6, 22, 48]
[-23, 6, 38, -40] [18, 3, -2, 31] [-32, -38, -31, 35] [57, -34, 28, 6] [-3, -19, -16, -26] [-6, 25, -47, -34] [67, 32, 29, 23]
[4, 26, -9, 44] [-22, -5, -17, 36] [-5, -8, -34, -14] [0, 0, 0, 0] [-14, 52, -51, 3] [8, -30, -44, -20] [-15, 54, -23, 0]
[5, 22, -20, 23] [20, 26, 3, 41] [20, -19, 33, 29] [-1, -56, 40, -17] [0, 23, 13, -6] [13, 43, 16, 4] [-14, -30, -14, -12]
[8, -35, -18, 3] [16, 16, 4, -37] [20, -8, 20, 29] [-52, -30, 63, -19] [-54, -38, 17, -66] [-34, 62, 35, 26] [1, 56, 33, 31]
[33, 13, -25, -8] [-5, 1, 27, -77] [39, 19, 4, -21] [5, -4, -10, -23] [78, 47, 1, -23] [-11, 41, 4, -1] [21, -38, 15, -26]
------------------------------
ALIVE
Head: (24 18)
Body: (24 18) (24 17) (24 16) (24 15) (24 14) (23 14) (23 13) (23 12) (23 11) 
Length: 9, 4
Vision: 3
Hungry, suplies: 10/10
Reproductive: 16, mutating: 0.25
Generation: 61034
####################################
