Wall (up, right, down, left):
[-3, -9, -16, 1] [11, 11, 7, -4] [-8, -7, 14, -9] [7, 26, -1, 7] [2, 2, 4, -7] [-12, -14, -6, -8] [0, 0, 5, 2]
[2, 8, -5, 0] [8, 16, 9, 2] [-10, 2, -2, 12] [-21, 1, 11, 11] [14, 0, 11, 2] [-9, 14, 15, 9] [-13, -16, 11, 2]
[-14, 11, 7, -14] [-4, 13, -3, 16] [5, 6, 10, -16] [-31, 6, 27, 17] [-25, -10, -21, 15] [10, -22, 9, 16] [-13, -7, -8, 6]
[-1, -8, 6, -20] [16, 5, 6, -4] [0, 17, 8, -72] [0, 0, 0, 0] [5, -54, 5, 8] [7, -18, -1, 23] [5, -6, -4, -4]
[-5, -10, -15, -12] [3, 19, -3, 15] [-6, 8, -14, -7] [12, 8, -46, -5] [6, -8, -6, 21] [14, 10, -10, 17] [-9, -16, -1, 2]
[-2, 23, -9, 1] [-10, -2, 0, -23] [6, 0, 6, -3] [2, -1, -5, -7] [17, 9, -6, -2] [14, 3, -2, -10] [17, -6, -6, 4]
[-2, -17, -19, -4] [2, -12, -3, -12] [-13, -3, -8, 7] [0, 21, -2, 4] [18, 7, 3, 11] [4, 4, -16, 1] [0, 2, 14, 1]
Food (up, right, down, left):
[19, 2, -15, 7] [-2, 8, -6, -15] [4, -4, -13, 12] [2, -6, 17, -5] [-6, 12, 1, 21] [13, -20, 9, -12] [-16, 6, 17, -20]
[-22, -10, -10, -1] [-15, 7, 1, -13] [10, 21, 10, 9] [-13, 23, -12, 24] [16, -11, 9, -22] [14, -13, -4, 18] [-12, -9, -8, 4]
[-14, 17, 3, 2] [0, 1, 8, -11] [-2, -31, -11, 0] [20, -18, 16, -17] [-18, -4, -2, -3] [3, -9, -6, -6] [24, -1, 15, 19]
[-6, -8, 12, 20] [-19, -11, -23, 5] [-11, 14, -30, -9] [0, 0, 0, 0] [-22, 23, 0, -7] [-10, -4, -15, -9] [-4, 0, -11, -1]
[0, 10, -10, 11] [-11, -5, 13, 10] [17, -4, 12, -3] [-13, -10, 19, -6] [-7, -17, -2, -18] [-24, 19, 19, 9] [5, -2, -10, -30]
[2, -3, 13, -1] [26, -15, 25, 15] [9, 12, 5, 5] [-4, -12, 1, -11] [-14, -10, -1, -12] [-5, 5, 0, 15] [0, 21, -14, 7]
[-1, -14, -17, -7] [13, 8, 0, -12] [-5, 0, 13, 9] [2, -8, 26, -36] [22, 18, -19, -7] [12, 19, 24, 9] [-6, -9, 15, -10]
------------------------------
ALIVE
Head: (13 35)
Body: (13 35) (13 36) (13 37) (12 37) (11 37) (11 36) (11 35) (11 34) (11 33) (11 32) (11 31) (11 30) (12 30) 
Length: 13, 4
Vision: 3
Hungry, suplies: 9/10
Reproductive: 16, mutating: 0.25
Generation: 13892
####################################
Wall (up, right, down, left):
[-3, -9, -16, 1] [11, 11, 7, -4] [-8, -7, 14, -9] [7, 26, -1, 7] [2, 2, 4, -7] [-12, -14, -6, -8] [0, 0, 5, 2]
[2, 8, -5, 0] [8, 16, 9, 2] [-10, 2, -2, 12] [-21, 1, 11, 11] [14, 0, 11, 2] [-9, 14, 15, 9] [-13, -16, 11, 2]
[-14, 11, 7, -14] [-4, 13, -3, 16] [5, 6, 10, -16] [-31, 6, 27, 17] [-25, -10, -21, 15] [10, -22, 9, 16] [-13, -7, -8, 6]
[-1, -8, 6, -20] [16, 5, 6, -4] [0, 17, 8, -72] [0, 0, 0, 0] [5, -54, 5, 8] [7, -18, -1, 23] [5, -6, -4, -4]
[-5, -10, -15, -12] [3, 19, -3, 15] [-6, 8, -14, -7] [12, 8, -46, -5] [6, -8, -6, 21] [14, 10, -10, 17] [-9, -16, -1, 2]
[-2, 23, -9, 1] [-10, -2, 0, -23] [6, 0, 6, -3] [2, -1, -5, -7] [17, 9, -6, -2] [14, 3, -2, -10] [17, -6, -6, 4]
[-2, -17, -19, -4] [2, -12, -3, -12] [-13, -3, -8, 7] [0, 21, -2, 4] [18, 7, 3, 11] [4, 4, -16, 1] [0, 2, 14, 1]
Food (up, right, down, left):
[19, 2, -15, 7] [-2, 8, -6, -15] [4, -4, -13, 12] [2, -6, 17, -5] [-6, 12, 1, 21] [13, -20, 9, -12] [-16, 6, 17, -20]
[-22, -10, -10, -1] [-15, 7, 1, -13] [10, 21, 10, 9] [-13, 23, -12, 24] [16, -11, 9, -22] [14, -13, -4, 18] [-12, -9, -8, 4]
[-14, 17, 3, 2] [0, 1, 8, -11] [-2, -31, -11, 0] [20, -18, 16, -17] [-18, -4, -2, -3] [3, -9, -6, -6] [24, -1, 15, 19]
[-6, -8, 12, 20] [-19, -11, -23, 5] [-11, 14, -30, -9] [0, 0, 0, 0] [-22, 23, 0, -7] [-10, -4, -15, -9] [-4, 0, -11, -1]
[0, 10, -10, 11] [-11, -5, 13, 10] [17, -4, 12, -3] [-13, -10, 19, -6] [-7, -17, -2, -18] [-24, 19, 19, 9] [5, -2, -10, -30]
[2, -3, 13, -1] [26, -15, 25, 15] [9, 12, 5, 5] [-4, -12, 1, -11] [-14, -10, -1, -12] [-5, 5, 0, 15] [0, 21, -14, 7]
[-1, -14, -17, -7] [13, 8, 0, -12] [-5, 0, 13, 9] [2, -8, 26, -36] [22, 18, -19, -7] [12, 19, 24, 9] [-6, -9, 15, -10]
------------------------------
ALIVE
Head: (14 52)
Body: (14 52) (15 52) (15 51) (15 50) (14 50) (14 49) (14 48) (14 47) (14 46) (15 46) 
Length: 10, 4
Vision: 3
Hungry, suplies: 8/10
Reproductive: 16, mutating: 0.25
Generation: 13893
####################################
Wall (up, right, down, left):
[-3, -9, -16, 1] [11, 11, 7, -4] [-8, -7, 14, -9] [7, 26, -1, 7] [2, 2, 4, -7] [-12, -14, -6, -8] [0, 0, 5, 2]
[2, 8, -5, 0] [8, 16, 9, 2] [-10, 2, -2, 12] [-21, 1, 11, 11] [14, -3, 11, 2] [-9, 14, 15, 9] [-13, -16, 11, 2]
[-14, 11, 7, -14] [-4, 13, -3, 16] [5, 6, 10, -16] [-31, 6, 27, 17] [-25, -10, -21, 15] [10, -22, 9, 16] [-13, -7, -8, 6]
[-1, -8, 6, -20] [16, 5, 6, -4] [0, 15, 8, -72] [0, 0, 0, 0] [5, -54, 5, 8] [7, -18, -1, 23] [5, -6, -4, -4]
[-5, -10, -15, -12] [3, 19, -3, 15] [-6, 8, -14, -7] [12, 8, -46, -5] [6, -8, -6, 21] [14, 10, -10, 18] [-9, -16, -1, 2]
[-2, 23, -9, 1] [-10, -2, 0, -23] [6, 0, 6, -3] [2, -1, -5, -7] [17, 9, -6, -2] [14, 3, -2, -10] [17, -6, -6, 4]
[-2, -17, -19, -4] [2, -12, -3, -12] [-13, -3, -8, 7] [0, 21, -2, 4] [18, 7, 3, 11] [4, 4, -16, 1] [0, 2, 14, 1]
Food (up, right, down, left):
[19, 2, -15, 7] [-2, 8, -6, -15] [4, -4, -13, 12] [2, -6, 17, -5] [-6, 12, 1, 21] [13, -20, 9, -12] [-16, 6, 17, -20]
[-22, -10, -10, -1] [-15, 7, 1, -13] [10, 21, 10, 9] [-13, 23, -12, 24] [11, -11, 9, -22] [14, -13, -4, 18] [-12, -9, -8, 4]
[-14, 17, 3, 2] [0, 1, 8, -11] [-2, -31, -11, 0] [20, -18, 16, -17] [-18, -4, -2, -3] [3, -9, -6, -6] [24, -1, 15, 19]
[-6, -8, 12, 20] [-19, -11, -23, 5] [-11, 14, -30, -10] [0, 0, 0, 0] [-22, 23, 0, -7] [-10, -4, -15, -9] [-4, 0, -11, -1]
[0, 10, -10, 11] [-11, -5, 13, 10] [17, -4, 12, -3] [-13, -10, 19, -6] [-7, -17, -2, -18] [-24, 19, 19, 7] [5, -2, -10, -30]
[2, -3, 13, -1] [26, -15, 25, 15] [9, 12, 5, 5] [-4, -12, 1, -11] [-14, -10, -1, -12] [-5, 5, 0, 15] [0, 21, -14, 7]
[-1, -14, -17, -7] [13, 8, 0, -12] [-5, 0, 13, 9] [2, -8, 26, -36] [22, 18, -19, -7] [12, 19, 24, 9] [-6, -9, 15, -10]
------------------------------
ALIVE
Head: (20 37)
Body: (20 37) (19 37) (19 36) (19 35) (19 34) (19 33) (19 32) (18 32) (17 32) (17 33) (17 34) (17 35) (16 35) (16 36) (17 36) 
Length: 15, 4
Vision: 3
Hungry, suplies: 7/10
Reproductive: 16, mutating: 0.25
Generation: 13892
####################################
Wall (up, right, down, left):
[-3, -9, -16, 1] [11, 11, 7, -4] [-6, -7, 14, -9] [7, 26, -1, 7] [2, 2, 4, -7] [-12, -13, -6, -8] [0, 0, 5, 2]
[2, 8, -5, 0] [8, 16, 9, 2] [-10, 2, -2, 12] [-21, 1, 11, 11] [14, -3, 11, 2] [-9, 14, 15, 9] [-13, -16, 11, 2]
[-14, 11, 7, -14] [-4, 13, -3, 16] [5, 6, 10, -16] [-31, 6, 27, 17] [-25, -10, -21, 15] [10, -22, 9, 16] [-13, -7, -8, 6]
[-1, -8, 6, -20] [16, 5, 6, -4] [0, 17, 8, -72] [0, 0, 0, 0] [5, -54, 5, 8] [7, -18, -1, 19] [5, -6, -4, -4]
[-5, -10, -15, -12] [3, 17, -3, 15] [-6, 8, -14, -7] [12, 8, -46, -5] [6, -8, -6, 21] [14, 10, -10, 18] [-9, -16, -1, 2]
[-2, 23, -9, 1] [-10, -2, 0, -23] [6, 0, 6, -3] [2, -1, -5, -7] [17, 9, -6, -2] [14, 3, -2, -10] [17, -6, -6, 4]
[-2, -17, -19, -4] [2, -12, -3, -12] [-13, -3, -8, 7] [0, 21, -2, 4] [18, 7, 3, 11] [4, 4, -16, 1] [0, 2, 14, 1]
Food (up, right, down, left):
[19, 2, -15, 7] [-2, 8, -6, -15] [4, -4, -11, 12] [2, -6, 17, -5] [-6, 12, 1, 21] [12, -20, 9, -12] [-16, 6, 17, -20]
[-22, -10, -10, -1] [-15, 7, 1, -13] [10, 21, 10, 9] [-13, 23, -12, 24] [11, -11, 9, -22] [14, -13, -4, 18] [-12, -9, -8, 4]
[-14, 17, 3, 2] [0, 1, 8, -11] [-2, -31, -11, 0] [20, -18, 16, -17] [-18, -4, -2, -3] [3, -9, -6, -6] [24, -1, 15, 19]
[-6, -8, 12, 20] [-19, -11, -23, 5] [-11, 14, -30, -9] [0, 0, 0, 0] [-22, 23, 0, -7] [-7, -4, -15, -9] [-4, 0, -11, -1]
[0, 10, -10, 11] [-11, -5, 15, 10] [17, -4, 12, -3] [-13, -10, 19, -6] [-7, -17, -2, -18] [-24, 19, 19, 7] [5, -2, -10, -30]
[2, -3, 13, -1] [26, -15, 25, 15] [9, 12, 5, 5] [-4, -12, 1, -11] [-14, -10, -1, -12] [-5, 5, 0, 15] [0, 21, -14, 7]
[-1, -14, -17, -7] [13, 8, 0, -12] [-5, 0, 13, 9] [2, -8, 26, -36] [22, 18, -19, -7] [12, 19, 24, 9] [-6, -9, 15, -10]
------------------------------
ALIVE
Head: (15 21)
Body: (15 21) (14 21) (14 20) (15 20) (16 20) (16 21) (17 21) (17 20) (17 19) (17 18) (18 18) (18 17) (18 16) (19 16) 
Length: 14, 4
Vision: 3
Hungry, suplies: 7/10
Reproductive: 16, mutating: 0.25
Generation: 13891
####################################
Wall (up, right, down, left):
[-3, -9, -16, 1] [11, 11, 7, -4] [-8, -7, 14, -9] [12, 26, -1, 7] [2, 2, 4, -7] [-12, -14, -6, -8] [0, 0, 5, 2]
[2, 8, -5, 0] [8, 16, 9, 2] [-10, 2, -2, 12] [-21, 1, 11, 11] [14, 0, 11, 2] [-9, 14, 15, 9] [-13, -16, 11, 2]
[-14, 11, 7, -14] [-4, 13, -3, 16] [5, 6, 10, -16] [-31, 6, 27, 17] [-25, -10, -21, 15] [10, -22, 9, 16] [-13, -7, -8, 6]
[-1, -8, 6, -20] [16, 5, 6, -4] [0, 17, 8, -72] [0, 0, 0, 0] [5, -54, 5, 3] [7, -18, -1, 23] [5, -6, -4, -4]
[-5, -10, -15, -12] [3, 19, -3, 15] [-6, 8, -14, -7] [12, 8, -46, -5] [6, -8, -6, 21] [18, 10, -10, 17] [-9, -16, -1, 2]
[-2, 23, -9, 1] [-10, -2, 0, -23] [6, 0, 6, -3] [2, -1, -5, -7] [17, 9, -6, -2] [14, 3, -2, -10] [17, -6, -6, 4]
[-2, -17, -19, -4] [2, -12, -3, -12] [-13, -3, -8, 7] [0, 21, -2, 4] [18, 7, 3, 11] [4, 4, -16, 1] [0, 2, 14, 1]
Food (up, right, down, left):
[19, 2, -15, 7] [-2, 8, -6, -15] [4, -4, -13, 12] [2, -6, 17, 0] [-6, 12, 1, 21] [13, -20, 9, -12] [-16, 6, 17, -20]
[-22, -10, -10, -1] [-15, 7, 1, -13] [10, 21, 10, 9] [-13, 23, -12, 24] [16, -11, 9, -22] [14, -13, -4, 18] [-12, -9, -8, 4]
[-14, 17, 3, 2] [0, 1, 8, -11] [-2, -31, -11, 0] [20, -18, 16, -17] [-18, -4, -2, -3] [3, -9, -6, -6] [24, -1, 15, 19]
[-6, -8, 12, 20] [-19, -11, -23, 5] [-11, 14, -30, -9] [0, 0, 0, 0] [-22, 23, 0, -6] [-10, -4, -15, -9] [-4, 0, -11, -1]
[0, 10, -10, 11] [-11, -5, 13, 10] [17, -4, 12, -3] [-13, -10, 19, -6] [-7, -17, -2, -18] [-24, 22, 19, 9] [5, -2, -10, -30]
[2, -3, 13, -1] [26, -15, 25, 15] [9, 12, 5, 5] [-4, -12, 1, -11] [-14, -10, -1, -12] [-5, 5, 0, 15] [0, 21, -14, 7]
[-1, -14, -17, -7] [13, 8, 0, -12] [-5, 0, 13, 9] [2, -8, 26, -36] [22, 18, -19, -7] [12, 19, 24, 9] [-6, -9, 15, -10]
------------------------------
ALIVE
Head: (4 5)
Body: (4 5) (4 6) (4 7) (4 8) (4 9) (3 9) (3 10) (3 11) (3 12) (4 12) (4 11) (5 11) 
Length: 12, 4
Vision: 3
Hungry, suplies: 2/10
Reproductive: 16, mutating: 0.25
Generation: 13895
####################################
Wall (up, right, down, left):
[-3, -9, -16, 1] [11, 11, 7, -4] [-6, -7, 14, -9] [7, 26, -1, 7] [2, 2, 4, -7] [-12, -13, -6, -8] [0, 0, 5, 2]
[2, 8, -5, 0] [8, 16, 9, 2] [-10, 2, -2, 12] [-21, 1, 11, 11] [14, -3, 11, 2] [-9, 14, 15, 9] [-13, -16, 11, 2]
[-14, 11, 7, -14] [-4, 13, -3, 16] [5, 6, 10, -16] [-31, 6, 27, 17] [-25, -10, -21, 15] [10, -22, 9, 16] [-13, -7, -8, 6]
[-1, -8, 6, -20] [16, 5, 6, -4] [0, 17, 8, -72] [0, 0, 0, 0] [5, -54, 5, 8] [7, -18, -1, 19] [5, -6, -4, -4]
[-5, -10, -15, -12] [3, 17, -3, 15] [-6, 8, -14, -7] [12, 8, -46, -5] [6, -8, -6, 21] [14, 10, -10, 18] [-9, -16, -1, 2]
[-2, 23, -9, 1] [-10, -2, 0, -23] [6, 0, 6, -3] [2, -1, -5, -7] [17, 9, -6, -2] [14, 3, -2, -10] [17, -6, -6, 4]
[-2, -17, -19, -4] [2, -12, -3, -12] [-13, -3, -8, 7] [0, 21, -2, 4] [18, 7, 3, 11] [4, 4, -16, 1] [0, 2, 14, 1]
Food (up, right, down, left):
[19, 2, -15, 7] [-2, 8, -6, -15] [4, -4, -11, 12] [2, -6, 17, -5] [-6, 12, 1, 21] [12, -20, 9, -12] [-16, 6, 17, -20]
[-22, -10, -10, -1] [-15, 7, 1, -13] [10, 21, 10, 9] [-13, 23, -12, 24] [11, -11, 9, -22] [14, -13, -4, 18] [-12, -9, -8, 4]
[-14, 17, 3, 2] [0, 1, 8, -11] [-2, -31, -11, 0] [20, -18, 16, -17] [-18, -4, -2, -3] [3, -9, -6, -6] [24, -1, 15, 19]
[-6, -8, 12, 20] [-19, -11, -23, 5] [-11, 14, -30, -9] [0, 0, 0, 0] [-22, 23, 0, -7] [-7, -4, -15, -9] [-4, 0, -11, -1]
[0, 10, -10, 11] [-11, -5, 15, 10] [17, -4, 12, -3] [-13, -10, 19, -6] [-7, -17, -2, -18] [-24, 19, 19, 7] [5, -2, -10, -30]
[2, -3, 13, -1] [26, -15, 25, 15] [9, 12, 5, 5] [-4, -12, 1, -11] [-14, -10, -1, -12] [-5, 5, 0, 15] [0, 21, -14, 7]
[-1, -14, -17, -7] [13, 8, 0, -12] [-5, 0, 13, 9] [2, -8, 26, -36] [22, 18, -19, -7] [12, 19, 24, 9] [-6, -9, 15, -10]
------------------------------
ALIVE
Head: (8 37)
Body: (8 37) (9 37) (9 36) (9 35) (10 35) (10 34) (10 33) 
Length: 7, 4
Vision: 3
Hungry, suplies: 4/10
Reproductive: 16, mutating: 0.25
Generation: 13892
####################################
Wall (up, right, down, left):
[-3, -9, -16, 1] [11, 11, 7, -4] [-8, -7, 14, -9] [7, 26, -1, 7] [2, 2, 4, -7] [-12, -14, -6, -8] [0, 0, 5, 2]
[2, 8, -5, 0] [8, 16, 9, 2] [-10, 2, -2, 12] [-21, 1, 11, 11] [14, 0, 11, 2] [-9, 14, 15, 9] [-13, -16, 11, 2]
[-14, 11, 7, -14] [-4, 13, -3, 16] [5, 6, 10, -16] [-31, 6, 27, 17] [-25, -10, -21, 15] [10, -22, 9, 16] [-13, -7, -8, 6]
[-1, -8, 6, -20] [16, 5, 6, -4] [0, 17, 8, -72] [0, 0, 0, 0] [5, -54, 5, 8] [7, -18, -1, 23] [5, -6, -4, -4]
[-5, -10, -15, -12] [3, 19, -3, 15] [-6, 8, -14, -7] [12, 8, -46, -5] [6, -8, -6, 21] [14, 10, -10, 17] [-9, -16, -1, -3]
[-2, 23, -9, 1] [-10, -2, 0, -23] [6, 0, 6, -3] [2, -1, -5, -7] [17, 9, -6, -2] [14, 3, -2, -10] [17, -6, -6, 4]
[-2, -17, -19, -4] [2, -12, -3, -12] [-13, -3, -8, 7] [0, 21, -2, 4] [18, 7, 3, 11] [4, 4, -16, 1] [0, 2, 14, 1]
Food (up, right, down, left):
[19, 2, -15, 7] [-2, 8, -6, -15] [4, -4, -13, 12] [2, -6, 17, -5] [-6, 12, 1, 21] [13, -20, 9, -12] [-16, 6, 17, -20]
[-22, -10, -10, -1] [-15, 7, 1, -13] [10, 21, 10, 9] [-13, 23, -12, 24] [16, -11, 9, -22] [14, -13, -4, 18] [-12, -9, -8, 4]
[-14, 17, 3, 2] [0, 1, 8, -11] [-2, -31, -11, 0] [20, -18, 16, -17] [-18, -4, -2, -3] [3, -9, -6, -6] [24, -1, 15, 19]
[-6, -8, 12, 20] [-19, -11, -23, 5] [-11, 14, -30, -9] [0, 0, 0, 0] [-22, 23, 0, -7] [-10, -4, -15, -9] [-4, 0, -11, -1]
[0, 10, -10, 11] [-11, -5, 13, 10] [17, -4, 12, -3] [-13, -10, 19, -6] [-7, -17, -2, -18] [-24, 19, 19, 9] [5, -2, -10, -33]
[2, -3, 13, -1] [26, -15, 25, 15] [9, 12, 5, 5] [-4, -12, 1, -11] [-14, -10, -1, -12] [-5, 5, 0, 15] [0, 21, -14, 7]
[-1, -14, -17, -7] [13, 8, 0, -12] [-5, 0, 13, 9] [2, -8, 26, -36] [22, 18, -19, -7] [12, 19, 24, 9] [-6, -9, 15, -10]
------------------------------
ALIVE
Head: (21 54)
Body: (21 54) (22 54) (22 55) (23 55) (23 -1) (23 0) (23 1) (23 2) (22 2) (22 3) (22 4) (22 5) (22 6) (23 6) 
Length: 14, 4
Vision: 3
Hungry, suplies: 2/10
Reproductive: 16, mutating: 0.25
Generation: 13894
####################################
Wall (up, right, down, left):
[-3, -9, -16, 1] [11, 11, 7, -4] [-6, -7, 14, -9] [7, 26, -1, 7] [2, 2, 4, -7] [-12, -14, -6, -7] [0, 0, 5, 2]
[2, 8, -5, 0] [8, 16, 9, 2] [-10, 2, -2, 12] [-21, 1, 11, 11] [14, -3, 11, 2] [-9, 14, 15, 9] [-13, -16, 11, 2]
[-14, 11, 7, -14] [-4, 13, -3, 16] [5, 6, 10, -16] [-34, 6, 27, 17] [-25, -10, -21, 15] [10, -22, 9, 16] [-13, -7, -8, 6]
[-1, -8, 6, -20] [16, 5, 6, -4] [0, 17, 8, -72] [0, 0, 0, 0] [5, -54, 5, 8] [7, -18, -1, 23] [5, -6, -4, -4]
[-5, -10, -15, -12] [3, 19, -3, 15] [-6, 8, -14, -7] [12, 8, -46, -5] [6, -8, -6, 21] [14, 10, -10, 18] [-9, -16, -1, 2]
[-2, 23, -9, 1] [-10, -2, 0, -23] [6, 0, 6, -3] [2, -1, -5, -7] [17, 9, -6, -2] [14, 3, 2, -10] [17, -6, -6, 4]
[-2, -17, -19, -4] [2, -12, -3, -12] [-13, -3, -8, 7] [0, 21, -2, 4] [18, 7, 3, 11] [4, 4, -16, 3] [0, 2, 14, 1]
Food (up, right, down, left):
[19, 2, -15, 7] [-2, 8, -6, -15] [4, -4, -11, 12] [2, -6, 17, -5] [-6, 12, 1, 21] [14, -20, 9, -12] [-16, 6, 17, -20]
[-22, -10, -10, -1] [-15, 7, 1, -13] [10, 21, 10, 9] [-13, 23, -12, 24] [11, -11, 9, -22] [14, -13, -4, 18] [-12, -9, -8, 4]
[-14, 17, 3, 2] [0, 1, 8, -11] [-2, -31, -11, 0] [20, -15, 11, -17] [-18, -4, -2, -3] [3, -9, -6, -6] [24, -1, 15, 19]
[-6, -8, 12, 20] [-19, -11, -23, 5] [-11, 14, -30, -9] [0, 0, 0, 0] [-22, 23, 0, -7] [-10, -4, -15, -9] [-4, 0, -11, -1]
[0, 10, -10, 11] [-11, -5, 13, 10] [17, -4, 12, -3] [-13, -10, 19, -6] [-7, -17, -2, -18] [-24, 19, 19, 7] [5, -2, -10, -30]
[2, -3, 13, -1] [26, -15, 25, 15] [9, 12, 5, 5] [-4, -12, 1, -11] [-14, -10, -1, -12] [-5, 5, -4, 15] [0, 21, -14, 7]
[-1, -14, -17, -7] [13, 8, 0, -12] [-5, 0, 13, 9] [2, -8, 26, -36] [22, 18, -19, -7] [12, 19, 24, 9] [-6, -9, 15, -10]
------------------------------
ALIVE
Head: (20 56)
Body: (20 56) (20 55) (20 54) (20 53) (21 53) (22 53) (23 53) (24 53) (24 54) 
Length: 9, 4
Vision: 3
Hungry, suplies: 9/10
Reproductive: 16, mutating: 0.25
Generation: 13897
####################################
Wall (up, right, down, left):
[-3, -9, -16, 1] [11, 11, 7, -4] [-6, -7, 14, -9] [7, 26, -1, 7] [2, 2, 4, -7] [-12, -13, -6, -8] [0, 0, 5, 2]
[2, 8, -5, 0] [8, 16, 9, 2] [-10, 2, -2, 12] [-21, 1, 11, 11] [14, -3, 11, 2] [-9, 14, 15, 9] [-13, -16, 11, 2]
[-14, 11, 7, -14] [-4, 13, -3, 16] [5, 6, 10, -16] [-31, 6, 27, 17] [-25, -10, -21, 15] [10, -22, 9, 16] [-13, -7, -8, 6]
[-1, -8, 6, -20] [16, 5, 6, -4] [0, 17, 8, -72] [0, 0, 0, 0] [5, -54, 5, 8] [7, -18, -1, 19] [5, -6, -4, -4]
[-5, -10, -15, -12] [3, 17, -3, 15] [-6, 8, -14, -7] [12, 8, -46, -5] [6, -8, -6, 21] [14, 10, -10, 18] [-9, -16, -1, 2]
[-2, 23, -9, 1] [-10, -2, 0, -23] [6, 0, 6, -3] [2, -1, -5, -7] [17, 9, -6, -2] [14, 3, -2, -10] [17, -6, -6, 4]
[-2, -17, -19, -4] [2, -12, -3, -12] [-13, -3, -8, 7] [0, 21, -2, 4] [18, 7, 3, 11] [4, 1, -16, 1] [0, 2, 14, 1]
Food (up, right, down, left):
[19, 2, -15, 7] [-2, 8, -6, -15] [4, -4, -11, 12] [2, -6, 17, -5] [-6, 12, 1, 21] [12, -20, 9, -12] [-16, 6, 17, -20]
[-22, -10, -10, -1] [-15, 7, 1, -13] [10, 21, 10, 9] [-13, 23, -12, 24] [11, -11, 9, -22] [14, -13, -4, 18] [-12, -9, -8, 4]
[-14, 17, 3, 2] [0, 1, 8, -11] [-2, -31, -11, 0] [20, -18, 16, -17] [-18, -4, -2, -3] [3, -9, -6, -6] [24, -1, 15, 19]
[-6, -8, 12, 20] [-19, -11, -23, 5] [-11, 14, -30, -9] [0, 0, 0, 0] [-22, 23, 0, -7] [-7, -4, -15, -9] [-4, 0, -11, -1]
[0, 10, -10, 11] [-11, -5, 15, 10] [17, -4, 12, -3] [-13, -10, 19, -6] [-7, -17, -2, -18] [-24, 19, 19, 7] [5, -2, -10, -30]
[2, -3, 13, -1] [26, -15, 25, 15] [9, 12, 5, 5] [-4, -12, 1, -11] [-14, -10, -1, -12] [-5, 5, 0, 15] [0, 21, -14, 7]
[-1, -14, -17, -7] [13, 8, 0, -12] [-5, 0, 13, 9] [2, -8, 26, -36] [22, 18, -19, -7] [12, 19, 24, 13] [-6, -9, 15, -10]
------------------------------
ALIVE
Head: (2 36)
Body: (2 36) (2 35) (2 34) (3 34) (4 34) (4 35) (5 35) (5 34) (5 33) (5 32) (5 31) (4 31) (4 30) (4 29) 
Length: 14, 4
Vision: 3
Hungry, suplies: 7/10
Reproductive: 16, mutating: 0.25
Generation: 13892
####################################
Wall (up, right, down, left):
[-3, -12, -16, 1] [11, 11, 7, -4] [-6, -7, 14, -9] [7, 26, -1, 7] [2, 2, 4, -7] [-12, -14, -6, -8] [0, 0, 5, 2]
[2, 8, -8, 0] [8, 17, 9, 2] [-10, 2, -2, 12] [-21, 1, 11, 11] [14, -3, 11, 2] [-9, 14, 15, 9] [-13, -16, 11, 2]
[-14, 11, 9, -14] [-4, 13, -3, 12] [10, 6, 10, -16] [-31, 6, 27, 17] [-25, -10, -21, 15] [8, -22, 9, 16] [-13, -7, -8, 6]
[-1, -8, 6, -20] [16, 5, 6, -4] [0, 17, 8, -72] [0, 0, 0, 0] [5, -54, 5, 8] [7, -18, -1, 19] [5, -6, -9, -4]
[-5, -10, -15, -12] [3, 19, -3, 15] [-6, 8, -14, -7] [12, 8, -46, -5] [6, -8, -6, 21] [14, 10, -10, 18] [-9, -16, -1, 2]
[-2, 23, -9, -3] [-10, -2, 0, -23] [6, 0, 6, -3] [2, -1, -5, -7] [17, 9, -6, -2] [14, 3, -2, -10] [17, -6, -6, 4]
[-2, -17, -19, -4] [2, -12, -3, -12] [-13, -3, -8, 7] [0, 21, -2, 4] [18, 7, 3, 11] [4, 4, -16, 1] [0, 2, 14, 1]
Food (up, right, down, left):
[19, 2, -15, 7] [-2, 8, -6, -15] [4, -4, -11, 12] [2, -6, 17, -5] [-6, 12, 1, 21] [13, -20, 9, -12] [-16, 6, 17, -20]
[-22, -6, -10, -1] [-15, 7, 3, -13] [10, 21, 10, 9] [-13, 23, -12, 24] [11, -11, 9, -22] [14, -13, -4, 18] [-12, -9, -8, 4]
[-14, 17, 3, 2] [0, 1, 8, -9] [-2, -36, -11, 0] [20, -18, 16, -17] [-18, -4, -2, -3] [3, -9, -2, -6] [24, -1, 15, 19]
[-6, -8, 12, 20] [-19, -11, -23, 5] [-11, 14, -30, -9] [0, 0, 0, 0] [-22, 23, 0, -7] [-7, -4, -15, -9] [-4, 0, -15, -1]
[0, 10, -10, 11] [-11, -5, 13, 10] [17, -4, 12, -3] [-13, -10, 19, -6] [-7, -17, -2, -18] [-24, 19, 19, 7] [5, -2, -10, -30]
[7, -3, 13, -1] [31, -15, 25, 15] [9, 12, 5, 5] [-4, -12, 1, -11] [-14, -10, -1, -12] [-5, 5, 0, 15] [0, 21, -14, 7]
[-1, -14, -17, -7] [13, 8, 0, -12] [-5, 0, 13, 9] [2, -8, 26, -36] [22, 18, -19, -7] [12, 19, 24, 9] [-6, -9, 15, -10]
------------------------------
ALIVE
Head: (0 34)
Body: (0 34) (24 34) (24 35) (24 36) (24 37) (24 38) (23 38) (22 38) (22 37) (22 36) (22 35) 
Length: 11, 4
Vision: 3
Hungry, suplies: 10/10
Reproductive: 16, mutating: 0.25
Generation: 13904
####################################
Wall (up, right, down, left):
[-3, -9, -16, 1] [11, 11, 7, -4] [-8, -7, 14, -9] [12, 26, -1, 7] [2, 2, 4, -7] [-12, -14, -6, -8] [0, 0, 5, 2]
[2, 8, -5, 0] [8, 16, 9, 2] [-10, 2, -2, 12] [-21, 1, 11, 11] [14, 0, 11, 2] [-9, 14, 15, 9] [-13, -16, 11, 2]
[-14, 11, 7, -14] [-4, 13, -3, 16] [5, 6, 10, -16] [-31, 6, 27, 17] [-25, -10, -21, 15] [10, -22, 9, 16] [-13, -7, -8, 6]
[-1, -8, 6, -20] [16, 5, 6, -4] [0, 17, 8, -72] [0, 0, 0, 0] [5, -54, 5, 3] [7, -18, -1, 23] [5, -6, -4, -4]
[-5, -10, -15, -12] [3, 19, -3, 15] [-6, 8, -14, -7] [12, 8, -46, -5] [6, -8, -6, 21] [18, 10, -10, 17] [-9, -16, -1, 2]
[-2, 23, -9, 1] [-10, -2, 0, -23] [6, 0, 6, -3] [2, -1, -5, -7] [17, 9, -6, -2] [14, 3, -2, -10] [17, -6, -6, 4]
[-2, -17, -19, -4] [2, -12, -3, -12] [-13, -3, -8, 7] [0, 21, -2, 4] [18, 7, 3, 11] [4, 4, -16, 1] [0, 2, 14, 1]
Food (up, right, down, left):
[19, 2, -15, 7] [-2, 8, -6, -15] [4, -4, -13, 12] [2, -6, 17, 0] [-6, 12, 1, 21] [13, -20, 9, -12] [-16, 6, 17, -20]
[-22, -10, -10, -1] [-15, 7, 1, -13] [10, 21, 10, 9] [-13, 23, -12, 24] [16, -11, 9, -22] [14, -13, -4, 18] [-12, -9, -8, 4]
[-14, 17, 3, 2] [0, 1, 8, -11] [-2, -31, -11, 0] [20, -18, 16, -17] [-18, -4, -2, -3] [3, -9, -6, -6] [24, -1, 15, 19]
[-6, -8, 12, 20] [-19, -11, -23, 5] [-11, 14, -30, -9] [0, 0, 0, 0] [-22, 23, 0, -6] [-10, -4, -15, -9] [-4, 0, -11, -1]
[0, 10, -10, 11] [-11, -5, 13, 10] [17, -4, 12, -3] [-13, -10, 19, -6] [-7, -17, -2, -18] [-24, 22, 19, 9] [5, -2, -10, -30]
[2, -3, 13, -1] [26, -15, 25, 15] [9, 12, 5, 5] [-4, -12, 1, -11] [-14, -10, -1, -12] [-5, 5, 0, 15] [0, 21, -14, 7]
[-1, -14, -17, -7] [13, 8, 0, -12] [-5, 0, 13, 9] [2, -8, 26, -36] [22, 18, -19, -7] [12, 19, 24, 9] [-6, -9, 15, -10]
------------------------------
ALIVE
Head: (16 1)
Body: (16 1) (16 0) (17 0) (17 56) (17 55) (18 55) (18 54) (18 53) (17 53) (16 53) 
Length: 10, 4
Vision: 3
Hungry, suplies: 9/10
Reproductive: 16, mutating: 0.25
Generation: 13896
####################################
Wall (up, right, down, left):
[-3, -9, -16, 1] [11, 11, 7, -4] [-6, -7, 14, -9] [7, 26, -1, 7] [2, 2, 4, -7] [-12, -13, -6, -8] [0, 0, 5, 2]
[2, 8, -5, 0] [8, 16, 9, 2] [-10, 2, -2, 12] [-21, 1, 11, 11] [14, -3, 11, 2] [-9, 14, 15, 9] [-13, -16, 11, 2]
[-14, 11, 7, -14] [-4, 13, -3, 16] [5, 6, 10, -16] [-31, 6, 27, 17] [-25, -10, -21, 15] [10, -22, 9, 16] [-13, -7, -8, 6]
[-1, -8, 6, -20] [16, 5, 6, -4] [0, 17, 8, -72] [0, 0, 0, 0] [5, -54, 5, 8] [7, -18, -1, 19] [5, -6, -4, -4]
[-5, -10, -15, -12] [3, 17, -3, 15] [-6, 8, -14, -7] [12, 8, -46, -5] [6, -8, -6, 21] [14, 10, -10, 18] [-9, -16, -1, 2]
[-2, 23, -9, 1] [-10, -2, 0, -23] [6, 0, 6, -3] [2, -1, -5, -7] [17, 9, -6, -2] [14, 3, -2, -10] [17, -6, -6, 4]
[-2, -17, -19, -4] [2, -12, -3, -12] [-13, -3, -8, 7] [0, 21, -2, 4] [18, 7, 3, 11] [4, 4, -16, 1] [0, 2, 14, 1]
Food (up, right, down, left):
[19, 2, -15, 7] [-2, 8, -6, -15] [4, -4, -11, 12] [2, -6, 17, -5] [-6, 12, 1, 21] [12, -20, 9, -12] [-16, 6, 17, -20]
[-22, -10, -10, -1] [-15, 7, 1, -13] [10, 21, 10, 9] [-13, 23, -12, 24] [11, -11, 9, -22] [14, -13, -4, 18] [-12, -9, -8, 4]
[-14, 17, 3, 2] [0, 1, 8, -11] [-2, -31, -11, 0] [20, -18, 16, -17] [-18, -4, -2, -3] [3, -9, -6, -6] [24, -1, 15, 19]
[-6, -8, 12, 20] [-19, -11, -23, 5] [-11, 14, -30, -9] [0, 0, 0, 0] [-22, 23, 0, -7] [-7, -4, -15, -9] [-4, 0, -11, -1]
[0, 10, -10, 11] [-11, -5, 15, 10] [17, -4, 12, -3] [-13, -10, 19, -6] [-7, -17, -2, -18] [-24, 19, 19, 7] [5, -2, -10, -30]
[2, -3, 13, -1] [26, -15, 25, 15] [9, 12, 5, 5] [-4, -12, 1, -11] [-14, -10, -1, -12] [-5, 5, 0, 15] [0, 21, -14, 7]
[-1, -14, -17, -7] [13, 8, 0, -12] [-5, 0, 13, 9] [2, -8, 26, -36] [22, 18, -19, -7] [12, 19, 24, 9] [-6, -9, 15, -10]
------------------------------
ALIVE
Head: (21 30)
Body: (21 30) (21 29) (22 29) (22 28) (22 27) (23 27) (23 26) (23 25) (23 24) (22 24) (22 23) (22 22) (22 21) 
Length: 13, 4
Vision: 3
Hungry, suplies: 6/10
Reproductive: 16, mutating: 0.25
Generation: 13892
####################################
Wall (up, right, down, left):
[-3, -12, -16, 1] [11, 11, 7, -4] [-6, -7, 14, -9] [7, 26, -1, 7] [2, 2, 4, -7] [-12, -14, -6, -8] [0, 0, 5, 2]
[2, 8, -5, 0] [8, 17, 9, 2] [-10, 2, -2, 12] [-21, 1, 11, 11] [14, -3, 11, 2] [-9, 14, 15, 9] [-13, -16, 11, 2]
[-14, 11, 9, -14] [-4, 13, -3, 12] [10, 6, 10, -16] [-31, 6, 27, 17] [-25, -10, -21, 15] [8, -22, 9, 16] [-13, -7, -8, 6]
[-1, -8, 6, -20] [16, 5, 6, -4] [0, 17, 8, -72] [0, 0, 0, 0] [5, -54, 5, 8] [7, -18, -1, 19] [5, -6, -9, -4]
[-5, -10, -15, -12] [3, 19, -3, 15] [-6, 8, -14, -7] [12, 8, -46, -5] [6, -8, -6, 21] [14, 10, -10, 18] [-9, -16, -1, 2]
[-2, 23, -9, -3] [-10, -2, 0, -23] [6, 0, 6, -3] [2, -1, -5, -7] [17, 9, -6, -2] [14, 3, -2, -10] [17, -6, -6, 4]
[-2, -17, -19, -4] [2, -12, -3, -12] [-13, -3, -8, 7] [0, 21, -2, 4] [18, 7, 3, 11] [4, 4, -16, 1] [0, 2, 14, 1]
Food (up, right, down, left):
[19, 2, -15, 7] [-2, 8, -6, -15] [4, -4, -11, 12] [2, -6, 17, -5] [-6, 12, 1, 21] [13, -20, 9, -12] [-16, 6, 17, -20]
[-22, -10, -10, -1] [-15, 7, 3, -13] [10, 21, 10, 9] [-13, 23, -12, 24] [11, -11, 9, -22] [14, -13, -4, 18] [-12, -9, -8, 4]
[-14, 17, 3, 2] [0, 1, 8, -9] [-2, -36, -11, 0] [20, -18, 16, -17] [-18, -4, -2, -3] [3, -9, -2, -6] [24, -1, 15, 19]
[-6, -8, 12, 20] [-19, -11, -23, 5] [-11, 14, -30, -9] [0, 0, 0, 0] [-22, 23, 0, -7] [-7, -4, -15, -6] [-4, 0, -15, -1]
[0, 10, -10, 11] [-11, -5, 13, 10] [17, -4, 12, -3] [-13, -10, 19, -6] [-7, -17, -2, -18] [-24, 19, 19, 7] [5, -2, -10, -30]
[7, -3, 13, -1] [31, -15, 25, 15] [9, 12, 5, 5] [-4, -12, 1, -11] [-14, -10, -1, -12] [-5, 5, 0, 15] [0, 21, -14, 7]
[-1, -14, -17, -7] [13, 8, 0, -12] [-5, 0, 13, 9] [2, -8, 26, -36] [22, 18, -19, -7] [12, 19, 24, 9] [-6, -9, 15, -10]
------------------------------
ALIVE
Head: (23 33)
Body: (23 33) (24 33) (24 32) (24 31) (-1 30) (0 30) (0 29) 
Length: 7, 4
Vision: 3
Hungry, suplies: 2/10
Reproductive: 16, mutating: 0.25
Generation: 13904
####################################
Wall (up, right, down, left):
[-3, -9, -16, 1] [11, 11, 7, -4] [-6, -7, 14, -9] [7, 26, -1, 7] [2, 2, 4, -7] [-12, -13, -6, -8] [0, 0, 5, 2]
[2, 8, -5, 0] [8, 16, 9, 2] [-10, 2, -2, 12] [-21, 1, 11, 11] [14, -3, 11, 2] [-9, 14, 15, 9] [-13, -16, 11, 2]
[-14, 11, 7, -14] [-4, 13, -3, 16] [5, 6, 10, -16] [-31, 6, 27, 17] [-25, -10, -21, 15] [10, -22, 9, 16] [-13, -7, -8, 6]
[-1, -8, 6, -20] [16, 5, 6, -4] [0, 17, 8, -72] [0, 0, 0, 0] [5, -54, 5, 8] [7, -18, -1, 19] [5, -6, -4, -4]
[-5, -10, -15, -12] [3, 17, -3, 15] [-6, 8, -14, -7] [12, 8, -46, -5] [6, -4, -6, 21] [14, 10, -10, 18] [-9, -16, -1, 2]
[-2, 23, -9, 1] [-10, -2, 0, -23] [6, 0, 6, -3] [2, -1, -5, -7] [17, 9, -6, -2] [14, 3, -2, -10] [17, -6, -6, 4]
[-2, -17, -19, -4] [2, -12, -3, -12] [-13, -3, -8, 7] [0, 21, -2, 4] [18, 7, 3, 11] [4, 4, -16, 1] [0, 2, 14, 1]
Food (up, right, down, left):
[19, 2, -15, 7] [-2, 8, -6, -15] [4, -4, -11, 12] [2, -6, 17, -5] [-6, 12, 1, 21] [12, -20, 9, -12] [-16, 6, 17, -20]
[-22, -10, -10, -1] [-15, 7, 1, -13] [10, 21, 10, 9] [-13, 23, -12, 24] [11, -11, 9, -22] [14, -13, -4, 18] [-12, -9, -8, 4]
[-14, 17, 3, 2] [0, 1, 8, -11] [-2, -31, -11, 0] [20, -18, 16, -17] [-18, -4, -2, -3] [3, -9, -6, -6] [24, -1, 15, 19]
[-6, -8, 12, 20] [-19, -11, -23, 5] [-11, 14, -30, -9] [0, 0, 0, 0] [-22, 23, 0, -7] [-7, -4, -15, -9] [-4, 0, -11, -1]
[0, 10, -10, 11] [-11, -5, 15, 10] [17, -4, 12, -3] [-13, -10, 19, -6] [-7, -21, -2, -18] [-24, 19, 19, 7] [5, -2, -10, -30]
[2, -3, 13, -1] [26, -15, 25, 15] [9, 12, 5, 5] [-4, -12, 1, -11] [-14, -10, -1, -12] [-5, 5, 0, 15] [0, 21, -14, 7]
[-1, -14, -17, -7] [13, 8, 0, -12] [-5, 0, 13, 9] [2, -8, 26, -36] [22, 18, -19, -7] [12, 19, 24, 9] [-6, -9, 15, -10]
------------------------------
ALIVE
Head: (11 0)
Body: (11 57) (11 56) (11 55) (12 55) (12 56) (13 56) (13 0) (13 1) (12 1) (12 2) (12 3) 
Length: 11, 4
Vision: 3
Hungry, suplies: 7/10
Reproductive: 16, mutating: 0.25
Generation: 13893
####################################
Wall (up, right, down, left):
[-3, -9, -16, 1] [11, 11, 7, -4] [-8, -7, 14, -9] [7, 26, -1, 7] [2, 2, 4, -7] [-12, -14, -6, -8] [0, 0, 5, 2]
[2, 8, -5, 0] [8, 16, 9, 2] [-10, 2, -2, 12] [-21, 1, 11, 11] [14, 0, 11, 2] [-9, 14, 15, 9] [-13, -16, 11, 2]
[-14, 11, 7, -14] [-4, 13, -3, 16] [5, 6, 10, -16] [-31, 6, 27, 17] [-25, -10, -21, 15] [10, -22, 9, 16] [-13, -7, -8, 6]
[-1, -8, 6, -20] [16, 5, 6, -4] [0, 17, 8, -72] [0, 0, 0, 0] [5, -54, 5, 8] [7, -18, -1, 23] [5, -6, -4, -4]
[-5, -10, -15, -12] [3, 19, -3, 15] [-6, 8, -14, -7] [12, 8, -46, -5] [6, -8, -6, 21] [14, 10, -10, 17] [-9, -16, -1, 2]
[-2, 23, -9, 1] [-10, -2, 0, -23] [6, 0, 6, -3] [2, -1, -5, -7] [17, 9, -6, -2] [14, 3, -2, -10] [17, -6, -6, 4]
[-2, -17, -19, -4] [2, -12, -3, -12] [-13, -3, -8, 7] [0, 21, -2, 4] [18, 7, 3, 11] [4, 4, -16, 1] [0, 2, 14, 1]
Food (up, right, down, left):
[19, 2, -15, 7] [-2, 8, -6, -15] [4, -4, -13, 12] [2, -6, 17, -5] [-6, 12, 1, 21] [13, -20, 9, -12] [-16, 6, 17, -20]
[-22, -10, -10, -1] [-15, 7, 1, -13] [10, 21, 10, 9] [-13, 23, -12, 24] [16, -11, 9, -22] [14, -13, -4, 18] [-12, -9, -8, 4]
[-14, 17, 3, 2] [0, 1, 8, -11] [-2, -31, -11, 0] [20, -18, 16, -17] [-18, -4, -2, -3] [3, -9, -6, -6] [24, -1, 15, 19]
[-6, -8, 12, 20] [-19, -11, -23, 5] [-11, 14, -30, -9] [0, 0, 0, 0] [-22, 23, 0, -7] [-10, -4, -15, -9] [-4, 0, -11, -1]
[0, 10, -10, 11] [-11, -5, 13, 10] [17, -4, 12, -3] [-13, -10, 19, -6] [-7, -17, -2, -18] [-24, 19, 19, 9] [5, -2, -10, -30]
[2, -3, 13, -1] [26, -15, 25, 15] [9, 12, 5, 5] [-4, -12, 1, -11] [-14, -10, -1, -12] [-5, 5, 0, 15] [0, 21, -14, 7]
[-1, -14, -17, -7] [13, 8, 0, -12] [-5, 0, 13, 9] [2, -8, 26, -36] [22, 18, -19, -7] [12, 19, 24, 9] [-6, -9, 15, -10]
------------------------------
ALIVE
Head: (2 17)
Body: (2 17) (2 16) (3 16) (3 15) (2 15) (2 14) (2 13) (2 12) (2 11) (1 11) 
Length: 10, 4
Vision: 3
Hungry, suplies: 7/10
Reproductive: 16, mutating: 0.25
Generation: 13894
####################################
Wall (up, right, down, left):
[-3, -9, -16, 1] [11, 11, 7, -4] [-8, -7, 14, -9] [12, 26, -1, 7] [2, 2, 4, -7] [-12, -14, -6, -8] [0, 0, 5, 2]
[2, 8, -5, 0] [8, 16, 9, 2] [-10, 2, -2, 12] [-21, 1, 11, 11] [14, 0, 11, 2] [-9, 14, 15, 9] [-13, -16, 11, 2]
[-14, 11, 7, -14] [-4, 13, -3, 16] [5, 6, 10, -16] [-31, 6, 27, 17] [-25, -10, -21, 15] [10, -22, 9, 16] [-13, -7, -8, 6]
[-1, -8, 6, -20] [16, 5, 6, -4] [0, 17, 8, -72] [0, 0, 0, 0] [5, -54, 5, 8] [7, -18, -1, 23] [5, -6, -4, -4]
[-5, -10, -15, -12] [3, 19, -3, 15] [-6, 8, -14, -7] [12, 8, -46, -5] [6, -8, -6, 21] [18, 10, -10, 17] [-9, -16, -1, 2]
[-2, 23, -9, 1] [-10, -2, 0, -23] [6, 0, 6, -3] [2, -1, -5, -7] [17, 9, -6, -2] [14, 3, -2, -10] [17, -6, -6, 4]
[-2, -17, -19, -4] [2, -12, -3, -12] [-13, -3, -8, 7] [0, 21, -2, 4] [18, 7, 3, 11] [4, 4, -16, 1] [0, 2, 14, 1]
Food (up, right, down, left):
[19, 2, -15, 7] [-2, 8, -6, -15] [4, -4, -13, 12] [2, -6, 17, 0] [-6, 12, 1, 21] [13, -20, 9, -12] [-16, 6, 17, -20]
[-22, -10, -10, -1] [-15, 7, 1, -13] [10, 21, 10, 9] [-13, 23, -12, 24] [16, -11, 9, -22] [14, -13, -4, 18] [-12, -9, -8, 4]
[-14, 17, 3, 2] [0, 1, 8, -11] [-2, -31, -11, 0] [20, -18, 16, -17] [-18, -4, -2, -3] [3, -9, -6, -6] [24, -1, 15, 19]
[-6, -8, 12, 20] [-19, -11, -23, 5] [-11, 14, -30, -9] [0, 0, 0, 0] [-22, 23, 0, -7] [-10, -4, -15, -9] [-4, 0, -11, -1]
[0, 10, -10, 11] [-11, -5, 13, 10] [17, -4, 12, -3] [-13, -10, 19, -6] [-7, -17, -2, -18] [-24, 22, 19, 9] [5, -2, -10, -30]
[2, -3, 13, -1] [26, -15, 25, 15] [9, 12, 5, 5] [-4, -12, 1, -11] [-14, -10, -1, -12] [-5, 5, 0, 15] [0, 21, -14, 7]
[-1, -14, -17, -7] [13, 8, 0, -12] [-5, 0, 13, 9] [2, -8, 26, -36] [22, 18, -19, -7] [12, 19, 24, 9] [-6, -9, 15, -10]
------------------------------
ALIVE
Head: (20 10)
Body: (20 10) (21 10) (21 9) (21 8) (20 8) (19 8) (18 8) (18 7) (18 6) (18 5) (19 5) (19 4) (19 3) (20 3) 
Length: 14, 4
Vision: 3
Hungry, suplies: 7/10
Reproductive: 16, mutating: 0.25
Generation: 13896
####################################
Wall (up, right, down, left):
[-3, -9, -16, 1] [11, 11, 7, -4] [-6, -7, 14, -9] [7, 26, -1, 7] [2, 2, 4, -7] [-12, -14, -6, -8] [0, 0, 5, 2]
[2, 8, -5, 0] [8, 16, 9, 2] [-10, 2, -2, 12] [-21, -1, 11, 11] [14, -3, 11, 2] [-9, 14, 15, 9] [-13, -16, 11, 2]
[-14, 11, 7, -14] [-4, 13, -3, 16] [5, 6, 10, -16] [-30, 6, 27, 17] [-25, -10, -21, 15] [10, -22, 9, 16] [-13, -7, -8, 6]
[-1, -8, 6, -20] [16, 5, 6, -4] [0, 17, 8, -72] [0, 0, 0, 0] [5, -54, 5, 8] [7, -18, -1, 23] [5, -6, -4, -4]
[-5, -10, -15, -12] [3, 19, -3, 15] [-6, 8, -14, -7] [12, 8, -46, -5] [6, -8, -6, 21] [14, 10, -10, 18] [-9, -16, -1, 2]
[-2, 23, -9, 1] [-10, -2, 0, -23] [6, 0, 6, -3] [2, -1, -5, -7] [17, 9, -6, -2] [14, 3, -2, -10] [17, -6, -6, 4]
[-2, -17, -19, -4] [2, -12, -3, -12] [-13, -3, -8, 7] [0, 21, -2, 4] [18, 7, 8, 11] [4, 4, -16, 3] [0, 2, 14, 1]
Food (up, right, down, left):
[19, 2, -15, 7] [-2, 8, -6, -15] [4, -4, -11, 12] [2, -6, 17, -5] [-6, 12, 1, 21] [13, -20, 9, -12] [-16, 6, 17, -20]
[-22, -10, -10, -1] [-15, 7, 1, -13] [10, 21, 10, 9] [-13, 23, -12, 22] [11, -11, 9, -22] [14, -13, -4, 18] [-12, -9, -8, 4]
[-14, 17, 3, 2] [0, 1, 8, -11] [-2, -31, -11, 0] [20, -18, 11, -17] [-18, -4, -2, -3] [3, -9, -6, -6] [24, -1, 15, 19]
[-6, -8, 12, 20] [-19, -11, -23, 5] [-11, 14, -30, -9] [0, 0, 0, 0] [-22, 23, 0, -7] [-10, -4, -15, -9] [-4, 0, -11, -1]
[0, 10, -10, 11] [-11, -5, 13, 10] [17, -4, 12, -3] [-13, -10, 19, -6] [-7, -17, -2, -18] [-24, 19, 19, 7] [5, -2, -10, -30]
[2, -3, 13, -1] [26, -15, 25, 15] [9, 12, 5, 5] [-4, -12, 1, -11] [-14, -10, -1, -12] [-5, 5, 0, 15] [0, 21, -14, 7]
[-1, -14, -17, -7] [13, 8, 0, -12] [-5, 0, 13, 9] [2, -8, 26, -36] [22, 22, -19, -7] [12, 19, 24, 9] [-6, -9, 15, -10]
------------------------------
ALIVE
Head: (5 23)
Body: (5 23) (4 23) (4 22) (4 21) (5 21) (5 20) (5 19) (5 18) (6 18) 
Length: 9, 4
Vision: 3
Hungry, suplies: 8/10
Reproductive: 16, mutating: 0.25
Generation: 13893
####################################
Wall (up, right, down, left):
[-3, -9, -16, 1] [11, 11, 7, -4] [-6, -7, 14, -9] [7, 26, -1, 7] [2, 2, 4, -7] [-12, -13, -6, -8] [0, 0, 5, 2]
[2, 8, -5, 0] [8, 16, 9, 2] [-10, 2, -2, 12] [-21, 1, 11, 11] [14, -3, 11, 2] [-9, 14, 15, 9] [-13, -16, 11, 2]
[-14, 11, 7, -14] [-4, 13, -3, 16] [5, 6, 10, -16] [-31, 6, 27, 17] [-25, -10, -21, 15] [10, -22, 9, 16] [-13, -7, -8, 6]
[-1, -8, 6, -20] [16, 5, 6, -4] [0, 17, 8, -72] [0, 0, 0, 0] [5, -54, 5, 8] [7, -18, -1, 19] [5, -6, -4, -4]
[-5, -10, -15, -12] [3, 17, -3, 15] [-6, 8, -14, -7] [12, 8, -46, -5] [6, -8, -6, 21] [14, 10, -10, 18] [-9, -16, -1, 2]
[-2, 23, -9, 1] [-10, -2, 0, -23] [6, 0, 6, -3] [2, -1, -5, -7] [17, 9, -6, -2] [14, 3, -2, -10] [17, -6, -6, 4]
[-2, -17, -19, -4] [2, -12, -3, -12] [-13, -3, -8, 7] [0, 21, -2, 4] [18, 7, 3, 11] [4, 4, -16, 1] [0, 2, 14, 1]
Food (up, right, down, left):
[19, 2, -15, 7] [-2, 8, -6, -15] [4, -4, -11, 12] [2, -6, 17, -5] [-6, 12, 1, 21] [12, -20, 9, -12] [-16, 6, 17, -20]
[-22, -10, -10, -1] [-15, 7, 1, -13] [10, 21, 10, 9] [-13, 23, -12, 24] [11, -11, 9, -22] [14, -13, -4, 18] [-12, -9, -8, 4]
[-14, 17, 3, 2] [0, 1, 8, -11] [-2, -31, -11, 0] [20, -18, 16, -17] [-18, -4, -2, -3] [3, -9, -6, -6] [24, -1, 15, 19]
[-6, -8, 12, 20] [-19, -11, -23, 5] [-11, 14, -30, -9] [0, 0, 0, 0] [-22, 23, 0, -7] [-7, -4, -15, -9] [-4, 0, -11, -1]
[0, 10, -10, 11] [-11, -5, 15, 10] [17, -4, 12, -3] [-13, -10, 19, -6] [-7, -17, -2, -18] [-24, 19, 19, 7] [5, -2, -10, -30]
[2, -3, 13, -1] [26, -15, 25, 15] [9, 12, 5, 5] [-4, -12, 1, -11] [-14, -10, -1, -12] [-5, 5, 0, 15] [0, 21, -14, 7]
[-1, -14, -17, -7] [13, 8, 0, -12] [-5, 0, 13, 9] [2, -8, 26, -36] [22, 18, -19, -7] [12, 19, 24, 9] [-6, -9, 15, -10]
------------------------------
ALIVE
Head: (17 8)
Body: (17 8) (17 9) (17 10) (18 10) (18 11) (19 11) (19 12) (20 12) (20 13) (20 14) (21 14) (21 13) (21 12) (21 11) 
Length: 14, 4
Vision: 3
Hungry, suplies: 3/10
Reproductive: 16, mutating: 0.25
Generation: 13892
####################################
Wall (up, right, down, left):
[-3, -9, -16, 1] [11, 11, 7, -4] [-8, -7, 14, -9] [12, 26, -1, 7] [2, 2, 4, -7] [-12, -14, -6, -8] [0, 0, 5, 2]
[2, 8, -5, 0] [8, 16, 9, 2] [-10, 2, -2, 12] [-21, 1, 11, 11] [14, 0, 11, 2] [-9, 14, 15, 9] [-13, -16, 11, 2]
[-14, 11, 7, -14] [-4, 13, -3, 16] [5, 6, 10, -16] [-31, 6, 27, 17] [-25, -10, -21, 15] [10, -22, 9, 16] [-13, -7, -8, 6]
[-1, -8, 6, -20] [16, 5, 6, -4] [0, 17, 8, -72] [0, 0, 0, 0] [5, -54, 5, 3] [7, -18, -1, 23] [5, -6, -4, -4]
[-5, -10, -15, -12] [3, 19, -3, 15] [-6, 8, -14, -7] [12, 8, -46, -5] [6, -8, -6, 21] [18, 10, -10, 17] [-9, -16, -1, 2]
[-2, 23, -9, 1] [-10, -2, 0, -23] [6, 0, 6, -3] [2, -1, -5, -7] [17, 9, -6, -2] [14, 3, -2, -10] [17, -6, -6, 4]
[-2, -17, -19, -4] [2, -12, -3, -12] [-13, -3, -8, 7] [0, 21, -2, 4] [18, 7, 3, 11] [4, 4, -16, 1] [0, 2, 14, 1]
Food (up, right, down, left):
[19, 2, -15, 7] [-2, 8, -6, -15] [4, -4, -13, 12] [2, -6, 17, 0] [-6, 12, 1, 21] [13, -20, 9, -12] [-16, 6, 17, -20]
[-22, -10, -10, -1] [-15, 7, 1, -13] [10, 21, 10, 9] [-13, 23, -12, 24] [16, -11, 9, -22] [14, -13, -4, 18] [-12, -9, -8, 4]
[-14, 17, 3, 2] [0, 1, 8, -11] [-2, -31, -11, 0] [20, -18, 16, -17] [-18, -4, -2, -3] [3, -9, -6, -6] [24, -1, 15, 19]
[-6, -8, 12, 20] [-19, -11, -23, 5] [-11, 14, -30, -9] [0, 0, 0, 0] [-22, 23, 0, -6] [-10, -4, -15, -9] [-4, 0, -11, -1]
[0, 10, -10, 11] [-11, -5, 13, 10] [17, -4, 12, -3] [-13, -10, 19, -6] [-7, -17, -2, -18] [-24, 22, 19, 9] [5, -2, -10, -30]
[2, -3, 13, -1] [26, -15, 25, 15] [9, 12, 5, 5] [-4, -12, 1, -11] [-14, -10, -1, -12] [-5, 5, 0, 15] [0, 21, -14, 7]
[-1, -14, -17, -7] [13, 8, 0, -12] [-5, 0, 13, 9] [2, -8, 26, -36] [22, 18, -19, -7] [12, 19, 24, 9] [-6, -9, 15, -10]
------------------------------
ALIVE
Head: (10 37)
Body: (10 37) (10 38) (9 38) (9 39) (9 40) (9 41) (8 41) (8 42) (8 43) (9 43) (9 44) 
Length: 11, 4
Vision: 3
Hungry, suplies: 10/10
Reproductive: 16, mutating: 0.25
Generation: 13896
####################################
Wall (up, right, down, left):
[-3, -9, -16, 1] [11, 11, 7, -4] [-6, -7, 14, -9] [7, 26, -1, 7] [2, 2, 4, -7] [-12, -13, -6, -8] [0, 0, 5, 2]
[2, 8, -5, 0] [8, 16, 9, 2] [-10, 2, -2, 12] [-21, 1, 11, 11] [14, -3, 11, 2] [-9, 14, 15, 9] [-13, -16, 11, 2]
[-14, 11, 7, -14] [-4, 13, -3, 16] [5, 6, 10, -16] [-31, 6, 27, 17] [-25, -10, -21, 15] [10, -22, 9, 16] [-13, -7, -8, 6]
[-1, -8, 6, -20] [16, 5, 6, -4] [0, 17, 8, -72] [0, 0, 0, 0] [5, -54, 5, 8] [7, -18, -1, 19] [5, -6, -4, -4]
[-5, -10, -15, -12] [3, 17, -3, 15] [-6, 8, -14, -7] [12, 8, -46, -5] [6, -8, -6, 21] [14, 10, -10, 18] [-9, -16, -1, 2]
[-2, 23, -9, 1] [-10, -2, 0, -23] [6, 0, 6, -3] [2, -1, -5, -7] [17, 9, -6, -2] [14, 3, -2, -10] [17, -6, -6, 4]
[-2, -17, -19, -4] [2, -12, -3, -12] [-13, -3, -8, 7] [0, 21, -2, 4] [18, 7, 3, 11] [4, 4, -16, 1] [0, 2, 14, 1]
Food (up, right, down, left):
[19, 2, -15, 7] [-2, 8, -6, -15] [4, -4, -11, 12] [2, -6, 17, -5] [-6, 12, 1, 21] [12, -20, 9, -12] [-16, 6, 17, -20]
[-22, -10, -10, -1] [-15, 7, 1, -13] [10, 21, 10, 9] [-13, 23, -12, 24] [11, -11, 9, -22] [14, -13, -4, 18] [-12, -9, -8, 4]
[-14, 17, 3, 2] [0, 1, 8, -11] [-2, -31, -11, 0] [20, -18, 16, -17] [-18, -4, -2, -3] [3, -9, -6, -6] [24, -1, 15, 19]
[-6, -8, 12, 20] [-19, -11, -23, 5] [-11, 14, -30, -9] [0, 0, 0, 0] [-22, 23, 0, -7] [-7, -4, -15, -9] [-4, 0, -11, -1]
[0, 10, -10, 11] [-11, -5, 15, 10] [17, -4, 12, -3] [-13, -10, 19, -6] [-7, -17, -2, -18] [-24, 19, 19, 7] [5, -2, -10, -30]
[2, -3, 13, -1] [26, -15, 25, 15] [9, 12, 5, 5] [-4, -12, 1, -11] [-14, -10, -1, -12] [-5, 5, 0, 15] [0, 21, -14, 7]
[-1, -14, -17, -7] [13, 8, 0, -12] [-5, 0, 13, 9] [2, -8, 26, -36] [22, 18, -19, -7] [12, 19, 24, 9] [-6, -9, 15, -10]
------------------------------
ALIVE
Head: (10 23)
Body: (10 23) (10 22) (10 21) (10 20) (9 20) (8 20) (8 19) (8 18) 
Length: 8, 4
Vision: 3
Hungry, suplies: 1/10
Reproductive: 16, mutating: 0.25
Generation: 13892
####################################
Wall (up, right, down, left):
[-3, -9, -16, 1] [11, 11, 7, -4] [-6, -7, 14, -9] [7, 26, -1, 7] [2, 2, 4, -7] [-12, -13, -6, -8] [0, 0, 5, 2]
[2, 8, -5, 0] [8, 16, 9, 2] [-10, 2, -2, 12] [-21, 1, 11, 11] [14, -3, 11, 2] [-9, 14, 15, 9] [-13, -16, 11, 2]
[-14, 11, 7, -14] [-4, 13, -3, 16] [5, 6, 10, -16] [-31, 6, 27, 17] [-25, -10, -21, 15] [10, -22, 9, 16] [-13, -7, -8, 6]
[-1, -8, 6, -20] [16, 5, 6, -4] [0, 17, 8, -72] [0, 0, 0, 0] [5, -54, 5, 8] [7, -18, -1, 19] [5, -6, -4, -4]
[-5, -10, -15, -12] [3, 17, -3, 15] [-6, 8, -14, -7] [12, 8, -46, -5] [6, -4, -6, 21] [14, 10, -10, 18] [-9, -16, -1, 2]
[-2, 23, -9, 1] [-10, -2, 0, -23] [6, 0, 6, -3] [2, -1, -5, -7] [17, 9, -6, -2] [14, 3, -2, -10] [17, -6, -6, 4]
[-2, -17, -19, -4] [2, -12, -3, -12] [-13, -3, -8, 7] [0, 21, -2, 4] [18, 7, 3, 11] [4, 4, -16, 1] [0, 2, 14, 1]
Food (up, right, down, left):
[19, 2, -15, 7] [-2, 8, -6, -15] [4, -4, -11, 12] [2, -6, 17, -5] [-6, 12, 1, 21] [12, -20, 9, -12] [-16, 6, 17, -20]
[-22, -10, -10, -1] [-15, 7, 1, -13] [10, 21, 10, 9] [-13, 23, -12, 24] [11, -11, 9, -22] [14, -13, -4, 18] [-12, -9, -8, 4]
[-14, 17, 3, 2] [0, 1, 8, -11] [-2, -31, -11, 0] [20, -18, 16, -17] [-18, -4, -2, -3] [3, -9, -6, -6] [24, -1, 15, 19]
[-6, -8, 12, 20] [-19, -11, -23, 5] [-11, 14, -30, -9] [0, 0, 0, 0] [-22, 23, 0, -7] [-7, -4, -15, -9] [-4, 0, -11, -1]
[0, 10, -10, 11] [-11, -5, 15, 10] [17, -4, 12, -3] [-13, -10, 19, -6] [-7, -21, -2, -18] [-24, 19, 19, 7] [5, -2, -10, -30]
[2, -3, 13, -1] [26, -15, 25, 15] [9, 12, 5, 5] [-4, -12, 1, -11] [-14, -10, -1, -12] [-5, 5, 0, 15] [0, 21, -14, 7]
[-1, -14, -17, -7] [13, 8, 0, -12] [-5, 0, 13, 9] [2, -8, 26, -36] [22, 18, -19, -7] [12, 19, 24, 9] [-6, -9, 15, -10]
------------------------------
ALIVE
Head: (13 13)
Body: (13 13) (14 13) (14 14) (14 15) (15 15) (16 15) (17 15) (17 14) (17 13) (17 12) (17 11) (16 11) (16 10) (16 9) (16 8) 
Length: 15, 4
Vision: 3
Hungry, suplies: 6/10
Reproductive: 16, mutating: 0.25
Generation: 13894
####################################
Wall (up, right, down, left):
[-3, -12, -16, 1] [11, 11, 7, -4] [-6, -7, 14, -9] [7, 26, -1, 7] [2, 2, 4, -7] [-12, -14, -6, -8] [0, 0, 5, 2]
[2, 8, -5, 0] [8, 17, 9, 2] [-10, 2, -2, 12] [-21, 1, 11, 11] [14, -3, 11, 2] [-9, 14, 15, 9] [-13, -16, 11, 2]
[-14, 11, 9, -14] [-4, 13, -3, 12] [10, 6, 10, -16] [-31, 6, 27, 17] [-25, -10, -21, 15] [8, -22, 9, 16] [-13, -7, -8, 6]
[-1, -8, 6, -20] [16, 5, 6, -4] [0, 17, 8, -72] [0, 0, 0, 0] [5, -54, 5, 8] [7, -18, -1, 19] [5, -6, -9, -4]
[-5, -10, -15, -12] [3, 19, -3, 15] [-6, 8, -14, -7] [12, 8, -46, -5] [6, -8, -6, 21] [14, 10, -10, 18] [-9, -16, -1, 2]
[-2, 23, -9, -3] [-10, -2, 0, -23] [6, 0, 6, -3] [2, -1, -5, -7] [17, 9, -6, -2] [14, 3, -2, -10] [17, -6, -6, 4]
[-2, -17, -19, -4] [2, -12, -3, -12] [-13, -3, -8, 7] [0, 21, -2, 4] [18, 7, 3, 11] [4, 4, -16, 1] [0, 2, 14, 1]
Food (up, right, down, left):
[19, 2, -15, 7] [-2, 8, -6, -15] [4, -4, -11, 12] [2, -6, 17, -5] [-6, 12, 1, 21] [13, -20, 9, -12] [-16, 6, 17, -20]
[-22, -10, -10, -1] [-15, 7, 3, -13] [10, 21, 10, 9] [-13, 23, -12, 24] [11, -11, 9, -22] [14, -13, -4, 18] [-12, -9, -8, 4]
[-14, 17, 3, 2] [0, 1, 8, -9] [-2, -36, -11, 0] [20, -18, 16, -17] [-18, -4, -2, -3] [3, -9, -2, -6] [24, -1, 15, 19]
[-6, -8, 12, 20] [-19, -11, -23, 5] [-11, 14, -30, -9] [0, 0, 0, 0] [-22, 23, 0, -7] [-7, -4, -15, -6] [-4, 0, -15, -1]
[0, 10, -10, 11] [-11, -5, 13, 10] [17, -4, 12, -3] [-13, -10, 19, -6] [-7, -17, -2, -18] [-24, 19, 19, 7] [5, -2, -10, -30]
[7, -3, 13, -1] [31, -15, 25, 15] [9, 12, 5, 5] [-4, -12, 1, -11] [-14, -10, -1, -12] [-5, 5, 0, 15] [0, 21, -14, 7]
[-1, -14, -17, -7] [13, 8, 0, -12] [-5, 0, 13, 9] [2, -8, 26, -36] [22, 18, -19, -7] [12, 19, 24, 9] [-6, -9, 15, -10]
------------------------------
ALIVE
Head: (13 22)
Body: (13 22) (13 21) (12 21) (11 21) (11 20) (11 19) (11 18) 
Length: 7, 4
Vision: 3
Hungry, suplies: 2/10
Reproductive: 16, mutating: 0.25
Generation: 13905
####################################
Wall (up, right, down, left):
[-3, -9, -16, 1] [11, 11, 7, -4] [-8, -7, 14, -9] [7, 26, -1, 7] [2, 2, 4, -7] [-12, -14, -6, -8] [0, 0, 5, 2]
[2, 8, -5, 0] [8, 16, 9, 2] [-10, 2, -2, 12] [-21, 1, 11, 11] [14, 0, 11, 2] [-9, 14, 15, 9] [-13, -16, 11, 2]
[-14, 11, 7, -14] [-4, 13, -3, 16] [5, 6, 10, -16] [-31, 6, 27, 17] [-25, -10, -21, 15] [10, -22, 9, 16] [-13, -7, -8, 6]
[-1, -8, 6, -20] [16, 5, 6, -4] [0, 17, 8, -72] [0, 0, 0, 0] [5, -54, 5, 8] [7, -18, -1, 23] [5, -6, -4, -4]
[-5, -10, -15, -12] [3, 19, -3, 15] [-6, 8, -14, -7] [12, 8, -46, -5] [6, -8, -6, 21] [14, 10, -10, 17] [-9, -16, -1, 2]
[-2, 23, -9, 1] [-10, -2, 0, -23] [6, 0, 6, -3] [2, -1, -5, -7] [17, 9, -6, -2] [14, 3, -2, -10] [17, -6, -6, 4]
[-2, -17, -19, -4] [2, -12, -3, -12] [-13, -3, -8, 7] [0, 21, -2, 4] [18, 7, 3, 11] [4, 4, -16, 1] [0, 2, 14, 1]
Food (up, right, down, left):
[19, 2, -15, 7] [-2, 8, -6, -15] [4, -4, -13, 12] [2, -6, 17, -5] [-6, 12, 1, 21] [13, -20, 9, -12] [-16, 6, 17, -20]
[-22, -10, -10, -1] [-15, 7, 1, -13] [10, 21, 10, 9] [-13, 23, -12, 24] [16, -11, 9, -22] [14, -13, -4, 18] [-12, -9, -8, 4]
[-14, 17, 3, 2] [0, 1, 8, -11] [-2, -31, -11, 0] [20, -18, 16, -17] [-18, -4, -2, -3] [3, -9, -6, -6] [24, -1, 15, 19]
[-6, -8, 12, 20] [-19, -11, -23, 5] [-11, 14, -30, -9] [0, 0, 0, 0] [-22, 23, 0, -7] [-10, -4, -15, -9] [-4, 0, -11, -1]
[0, 10, -10, 11] [-11, -5, 13, 10] [17, -4, 12, -3] [-13, -10, 19, -6] [-7, -17, -2, -18] [-24, 19, 19, 9] [5, -2, -10, -30]
[2, -3, 13, -1] [26, -15, 25, 15] [9, 12, 5, 5] [-4, -12, 1, -11] [-14, -10, -1, -12] [-5, 5, 0, 15] [0, 21, -14, 7]
[-1, -14, -17, -7] [13, 8, 0, -12] [-5, 0, 13, 9] [2, -8, 26, -36] [22, 18, -19, -7] [12, 19, 24, 9] [-6, -9, 15, -10]
------------------------------
ALIVE
Head: (8 48)
Body: (8 48) (8 47) (7 47) (7 46) (6 46) (6 45) (6 44) (6 43) (6 42) 
Length: 9, 4
Vision: 3
Hungry, suplies: 10/10
Reproductive: 16, mutating: 0.25
Generation: 13895
####################################
Wall (up, right, down, left):
[-3, -9, -16, 1] [11, 11, 7, -4] [-8, -7, 14, -9] [12, 26, -1, 7] [2, 2, 4, -7] [-12, -14, -6, -8] [0, 0, 5, 2]
[2, 8, -5, 0] [8, 16, 9, 2] [-10, 2, -2, 12] [-21, 1, 11, 11] [14, 0, 11, 2] [-9, 14, 15, 9] [-13, -16, 11, 2]
[-14, 11, 7, -14] [-4, 13, -3, 16] [5, 6, 10, -16] [-31, 6, 27, 17] [-25, -10, -21, 15] [10, -22, 9, 16] [-13, -7, -8, 6]
[-1, -8, 6, -20] [16, 5, 6, -4] [0, 17, 8, -72] [0, 0, 0, 0] [5, -54, 5, 3] [7, -18, -1, 23] [5, -6, -4, -4]
[-5, -10, -15, -12] [3, 19, -3, 15] [-6, 8, -14, -7] [12, 8, -46, -5] [6, -8, -6, 21] [18, 10, -10, 17] [-9, -16, -1, 2]
[-2, 23, -9, 1] [-10, -2, 0, -23] [6, 0, 6, -3] [2, -1, -5, -7] [17, 9, -6, -2] [14, 3, -2, -10] [17, -6, -6, 4]
[-2, -17, -19, -4] [2, -12, -3, -12] [-13, -3, -10, 7] [0, 21, -2, 4] [18, 7, 3, 11] [4, 4, -16, 1] [0, 2, 14, 1]
Food (up, right, down, left):
[19, 2, -15, 7] [-2, 8, -6, -15] [4, -4, -13, 12] [2, -6, 17, 0] [-6, 12, 1, 21] [13, -20, 9, -12] [-16, 6, 17, -20]
[-22, -10, -10, -1] [-15, 7, 1, -13] [10, 21, 10, 9] [-13, 23, -12, 24] [16, -11, 9, -22] [14, -13, -4, 18] [-12, -9, -8, 4]
[-14, 17, 3, 2] [0, 1, 8, -11] [-2, -31, -11, 0] [20, -18, 16, -17] [-18, -4, -2, -3] [3, -9, -6, -6] [24, -1, 15, 19]
[-6, -8, 12, 20] [-19, -11, -23, 5] [-11, 14, -30, -9] [0, 0, 0, 0] [-22, 23, 0, -6] [-10, -4, -15, -9] [-4, 0, -11, -1]
[0, 10, -10, 11] [-11, -5, 13, 10] [17, -4, 12, -3] [-13, -10, 19, -6] [-7, -17, -2, -18] [-24, 22, 19, 9] [5, -2, -10, -30]
[2, -3, 13, -1] [26, -15, 25, 15] [9, 12, 5, 5] [-4, -12, 1, -11] [-14, -10, -1, -12] [-5, 5, 0, 15] [0, 21, -14, 7]
[-1, -14, -17, -7] [13, 8, 0, -12] [-5, 0, 13, 9] [2, -8, 26, -36] [22, 18, -19, -7] [12, 19, 24, 9] [-6, -9, 15, -10]
------------------------------
ALIVE
Head: (6 3)
Body: (6 3) (7 3) (7 2) (7 1) (7 57) (7 56) (8 56) (8 55) (8 54) (7 54) (6 54) (5 54) 
Length: 12, 4
Vision: 3
Hungry, suplies: 9/10
Reproductive: 16, mutating: 0.25
Generation: 13896
####################################
Wall (up, right, down, left):
[-3, -9, -16, 1] [11, 11, 7, -4] [-6, -7, 14, -9] [7, 26, -1, 7] [2, 2, 4, -7] [-12, -13, -6, -8] [0, 0, 5, 2]
[2, 8, -5, 0] [8, 16, 9, 2] [-10, 2, -2, 12] [-21, 1, 11, 11] [14, -3, 11, 2] [-9, 14, 15, 9] [-13, -16, 11, 2]
[-14, 11, 7, -14] [-4, 13, -3, 16] [5, 6, 10, -16] [-31, 6, 27, 17] [-25, -10, -21, 15] [10, -22, 9, 16] [-13, -7, -8, 6]
[-1, -8, 6, -20] [16, 5, 6, -4] [0, 17, 8, -72] [0, 0, 0, 0] [5, -54, 5, 8] [7, -18, -1, 19] [5, -6, -4, -4]
[-5, -10, -15, -12] [3, 17, -3, 15] [-6, 8, -14, -7] [12, 8, -46, -5] [6, -8, -6, 21] [14, 10, -10, 18] [-9, -16, -1, 2]
[-2, 23, -9, 1] [-10, -2, 0, -23] [6, 0, 6, -3] [2, -1, -5, -7] [17, 9, -6, -2] [14, 3, -2, -10] [17, -6, -6, 4]
[-2, -17, -19, -4] [2, -12, -3, -12] [-13, -3, -8, 7] [0, 21, -2, 4] [18, 7, 3, 11] [4, 4, -16, 1] [0, 2, 14, 1]
Food (up, right, down, left):
[19, 2, -15, 7] [-2, 8, -6, -15] [4, -4, -11, 12] [2, -6, 17, -5] [-6, 12, 1, 21] [12, -20, 9, -12] [-16, 6, 17, -20]
[-22, -10, -10, -1] [-15, 7, 1, -13] [10, 21, 10, 9] [-13, 23, -12, 24] [11, -11, 9, -22] [14, -13, -4, 18] [-12, -9, -8, 4]
[-14, 17, 3, 2] [0, 1, 8, -11] [-2, -31, -11, 0] [20, -18, 16, -17] [-18, -4, -2, -3] [3, -9, -6, -6] [24, -1, 15, 19]
[-6, -8, 12, 20] [-19, -11, -23, 5] [-11, 14, -30, -9] [0, 0, 0, 0] [-22, 23, 0, -7] [-7, -4, -15, -9] [-4, 0, -11, -1]
[0, 10, -10, 11] [-11, -5, 15, 10] [17, -4, 12, -3] [-13, -10, 19, -6] [-7, -17, -2, -18] [-24, 19, 19, 7] [5, -2, -10, -30]
[2, -3, 13, -1] [26, -15, 25, 15] [9, 12, 5, 5] [-4, -12, 1, -11] [-14, -10, -1, -12] [-5, 5, 0, 15] [0, 21, -14, 7]
[-1, -14, -17, -7] [13, 8, 0, -12] [-5, 0, 13, 9] [2, -8, 26, -36] [22, 18, -19, -7] [12, 19, 24, 9] [-6, -9, 15, -10]
------------------------------
ALIVE
Head: (8 28)
Body: (8 28) (7 28) (7 27) (8 27) (9 27) (10 27) (11 27) (11 26) (11 25) (11 24) 
Length: 10, 4
Vision: 3
Hungry, suplies: 3/10
Reproductive: 16, mutating: 0.25
Generation: 13893
####################################
Wall (up, right, down, left):
[-3, -12, -16, 1] [11, 11, 7, -4] [-6, -7, 14, -9] [7, 26, -1, 7] [2, 2, 4, -7] [-12, -14, -6, -8] [0, 0, 5, 2]
[2, 8, -8, 0] [8, 17, 9, 2] [-10, 2, -2, 12] [-21, 1, 11, 11] [14, -3, 11, 2] [-9, 14, 15, 9] [-13, -16, 11, 2]
[-14, 11, 9, -14] [-4, 13, -3, 12] [10, 6, 10, -16] [-31, 6, 27, 17] [-25, -10, -21, 15] [8, -22, 9, 16] [-13, -7, -8, 6]
[-1, -8, 6, -20] [16, 5, 6, -4] [0, 17, 8, -72] [0, 0, 0, 0] [5, -54, 5, 8] [7, -18, -1, 19] [5, -6, -9, -4]
[-5, -10, -15, -12] [3, 19, -3, 15] [-6, 8, -14, -7] [12, 8, -46, -5] [6, -8, -6, 21] [14, 10, -10, 18] [-9, -16, -1, 2]
[-2, 23, -9, -3] [-10, -2, 0, -23] [6, 0, 6, -3] [2, -1, -5, -7] [17, 9, -6, -2] [14, 3, -2, -10] [17, -6, -6, 4]
[-2, -17, -19, -4] [2, -12, -3, -12] [-13, -3, -8, 7] [0, 21, -2, 4] [18, 7, 3, 11] [4, 4, -16, 1] [0, 2, 14, 1]
Food (up, right, down, left):
[19, 2, -15, 7] [-2, 8, -6, -15] [4, -4, -11, 12] [2, -6, 17, -5] [-6, 12, 1, 21] [13, -20, 9, -12] [-16, 6, 17, -20]
[-22, -6, -10, -1] [-15, 7, 3, -13] [10, 21, 10, 9] [-13, 23, -12, 24] [11, -11, 9, -22] [14, -13, -4, 18] [-12, -9, -8, 4]
[-14, 17, 3, 2] [0, 1, 8, -9] [-2, -36, -11, 0] [20, -18, 16, -17] [-18, -4, -2, -3] [3, -9, -2, -6] [24, -1, 15, 19]
[-6, -8, 12, 20] [-19, -11, -23, 5] [-11, 14, -30, -9] [0, 0, 0, 0] [-22, 23, 0, -7] [-7, -4, -15, -9] [-4, 0, -15, -1]
[0, 10, -10, 11] [-11, -5, 13, 10] [17, -4, 12, -3] [-13, -10, 19, -6] [-7, -17, -2, -18] [-24, 19, 19, 7] [5, -2, -10, -30]
[7, -3, 13, -1] [31, -15, 25, 15] [9, 12, 5, 5] [-4, -12, 1, -11] [-14, -10, -1, -12] [-5, 5, 0, 15] [0, 21, -14, 7]
[-1, -14, -17, -7] [13, 8, 0, -12] [-5, 0, 13, 9] [2, -8, 26, -36] [22, 18, -19, -7] [12, 19, 24, 9] [-6, -9, 15, -10]
------------------------------
ALIVE
Head: (13 26)
Body: (13 26) (13 27) (13 28) (13 29) (14 29) (15 29) (16 29) (16 30) (17 30) (17 31) (18 31) 
Length: 11, 4
Vision: 3
Hungry, suplies: 3/10
Reproductive: 16, mutating: 0.25
Generation: 13905
####################################
Wall (up, right, down, left):
[-3, -9, -16, 1] [11, 11, 7, -4] [-6, -7, 14, -9] [7, 26, -1, 7] [2, 2, 4, -7] [-12, -13, -6, -8] [0, 0, 5, 2]
[2, 8, -5, 0] [8, 16, 9, 2] [-10, 2, -2, 12] [-21, 1, 11, 11] [14, -3, 11, 2] [-9, 14, 15, 9] [-13, -16, 11, 2]
[-14, 11, 7, -14] [-4, 13, -3, 16] [5, 6, 10, -16] [-31, 6, 27, 17] [-25, -10, -21, 15] [10, -22, 9, 16] [-13, -7, -8, 6]
[-1, -8, 6, -20] [16, 5, 6, -4] [0, 17, 8, -72] [0, 0, 0, 0] [5, -54, 5, 8] [7, -18, -1, 19] [5, -6, -4, -4]
[-5, -10, -15, -12] [3, 17, -3, 15] [-6, 8, -14, -7] [12, 8, -46, -5] [6, -8, -6, 21] [14, 10, -10, 18] [-9, -16, -1, 2]
[-2, 23, -9, 1] [-10, -2, 0, -23] [6, 0, 6, -3] [2, -1, -5, -7] [17, 9, -6, -2] [14, 3, -2, -10] [17, -6, -6, 4]
[-2, -17, -19, -4] [2, -12, -3, -12] [-13, -3, -5, 7] [0, 21, -2, 4] [18, 7, 3, 11] [4, 4, -16, 1] [0, 2, 14, 1]
Food (up, right, down, left):
[19, 2, -15, 7] [-2, 8, -6, -15] [4, -4, -11, 12] [2, -6, 17, -5] [-6, 12, 1, 21] [12, -20, 9, -12] [-16, 6, 17, -20]
[-22, -10, -10, -1] [-15, 7, 1, -13] [10, 21, 10, 9] [-13, 23, -12, 24] [11, -11, 9, -22] [14, -13, -4, 18] [-12, -9, -8, 4]
[-14, 17, 3, 2] [0, 1, 8, -11] [-2, -31, -11, 0] [20, -18, 16, -17] [-18, -4, -2, -3] [3, -9, -6, -6] [24, -1, 15, 19]
[-6, -8, 12, 20] [-19, -11, -23, 5] [-11, 14, -30, -9] [0, 0, 0, 0] [-22, 23, 0, -7] [-7, -4, -15, -9] [-4, 0, -11, -1]
[0, 10, -10, 11] [-11, -5, 15, 10] [17, -4, 12, -3] [-13, -10, 19, -6] [-7, -17, -2, -18] [-24, 19, 19, 7] [5, -2, -10, -30]
[2, -3, 13, -1] [26, -15, 25, 15] [9, 12, 5, 5] [-4, -12, 1, -11] [-14, -10, -1, -12] [-5, 5, 0, 15] [0, 21, -14, 7]
[-1, -14, -17, -7] [13, 8, 0, -12] [-5, 0, 14, 9] [2, -8, 26, -36] [22, 18, -19, -7] [12, 19, 24, 9] [-6, -9, 15, -10]
------------------------------
ALIVE
Head: (7 10)
Body: (7 10) (7 9) (7 8) (8 8) (8 7) (8 6) (7 6) (7 5) (8 5) (9 5) 
Length: 10, 4
Vision: 3
Hungry, suplies: 6/10
Reproductive: 16, mutating: 0.25
Generation: 13893
####################################
Wall (up, right, down, left):
[-3, -9, -16, 1] [11, 11, 7, -4] [-8, -7, 14, -9] [12, 26, -1, 7] [2, 2, 4, -7] [-12, -14, -6, -8] [0, 0, 5, 2]
[2, 8, -5, 0] [8, 16, 9, 2] [-10, 2, -2, 12] [-21, 1, 11, 11] [14, 0, 11, 2] [-9, 14, 15, 9] [-13, -16, 11, 2]
[-14, 11, 7, -14] [-4, 13, -3, 16] [5, 6, 10, -16] [-31, 6, 27, 17] [-25, -10, -21, 15] [10, -22, 9, 16] [-13, -7, -8, 6]
[-1, -8, 6, -20] [16, 5, 6, -4] [0, 17, 8, -72] [0, 0, 0, 0] [5, -54, 5, 3] [7, -18, -1, 23] [5, -6, -4, -4]
[-5, -10, -15, -12] [3, 19, -3, 15] [-6, 8, -14, -7] [12, 8, -46, -5] [6, -8, -6, 21] [18, 10, -10, 17] [-9, -16, -1, 2]
[-2, 23, -9, 1] [-10, -2, 0, -23] [6, 0, 6, -3] [2, -1, -5, -7] [17, 9, -6, -2] [14, 3, -2, -10] [17, -6, -6, 4]
[-2, -17, -19, -4] [2, -12, -3, -12] [-13, -3, -8, 7] [0, 21, -2, 4] [18, 7, 3, 11] [4, 4, -16, 1] [0, 2, 14, 1]
Food (up, right, down, left):
[19, 2, -15, 7] [-2, 8, -6, -15] [4, -4, -13, 12] [2, -6, 17, 0] [-6, 12, 1, 21] [13, -20, 9, -12] [-16, 6, 17, -20]
[-22, -10, -10, -1] [-15, 7, 1, -13] [10, 21, 10, 9] [-13, 23, -12, 24] [16, -11, 9, -22] [14, -13, -4, 18] [-12, -9, -8, 4]
[-14, 17, 3, 2] [0, 1, 8, -11] [-2, -31, -11, 0] [20, -18, 16, -17] [-18, -4, -2, -3] [3, -9, -6, -6] [24, -1, 15, 19]
[-6, -8, 12, 20] [-19, -11, -23, 5] [-11, 14, -30, -9] [0, 0, 0, 0] [-22, 23, 0, -6] [-10, -4, -15, -9] [-4, 0, -11, -1]
[0, 10, -10, 11] [-11, -5, 13, 10] [17, -4, 12, -3] [-13, -10, 19, -6] [-7, -17, -2, -18] [-24, 22, 19, 9] [5, -2, -10, -30]
[2, -3, 13, -1] [26, -15, 25, 15] [9, 12, 5, 5] [-4, -12, 1, -11] [-14, -10, -1, -12] [-5, 5, 0, 15] [0, 21, -14, 7]
[-1, -14, -17, -7] [13, 8, 0, -12] [-5, 0, 13, 9] [2, -8, 26, -36] [22, 18, -19, -7] [12, 19, 24, 9] [-6, -9, 15, -10]
------------------------------
ALIVE
Head: (1 48)
Body: (1 48) (0 48) (0 47) (0 46) (0 45) (0 44) (1 44) (2 44) (2 45) (3 45) 
Length: 10, 4
Vision: 3
Hungry, suplies: 6/10
Reproductive: 16, mutating: 0.25
Generation: 13897
####################################
Wall (up, right, down, left):
[-3, -9, -16, 1] [11, 11, 7, -4] [-6, -7, 14, -9] [7, 26, -1, 7] [2, 2, 4, -7] [-12, -13, -6, -8] [0, 0, 5, 2]
[2, 8, -5, 0] [8, 16, 9, 2] [-10, 2, -2, 12] [-21, 1, 11, 11] [14, -3, 11, 2] [-9, 14, 15, 9] [-13, -16, 11, 2]
[-14, 11, 7, -14] [-4, 13, -3, 16] [5, 6, 10, -16] [-31, 6, 27, 17] [-25, -10, -21, 15] [10, -22, 9, 16] [-13, -7, -8, 6]
[-1, -8, 6, -20] [16, 5, 6, -4] [0, 17, 8, -72] [0, 0, 0, 0] [5, -54, 5, 8] [7, -18, -1, 19] [5, -6, -4, -4]
[-5, -10, -15, -12] [3, 17, -3, 15] [-6, 8, -14, -7] [12, 8, -46, -5] [6, -4, -6, 21] [14, 10, -10, 18] [-9, -16, -1, 2]
[-2, 23, -9, 1] [-10, -2, 0, -23] [6, 0, 6, -3] [2, -1, -5, -7] [17, 9, -6, -2] [14, 3, -2, -10] [17, -6, -6, 4]
[-2, -17, -19, -4] [2, -12, -3, -12] [-13, -3, -8, 7] [0, 21, -2, 4] [18, 7, 3, 11] [4, 4, -16, 1] [0, 2, 14, 1]
Food (up, right, down, left):
[19, 2, -15, 7] [-2, 8, -6, -15] [4, -4, -11, 12] [2, -6, 17, -5] [-6, 12, 1, 21] [12, -20, 9, -12] [-16, 6, 17, -20]
[-22, -10, -10, -1] [-15, 7, 1, -13] [10, 21, 10, 9] [-13, 23, -12, 24] [11, -11, 9, -22] [14, -13, -4, 18] [-12, -9, -8, 4]
[-14, 17, 3, 2] [0, 1, 8, -11] [-2, -31, -11, 0] [20, -18, 16, -17] [-18, -4, -2, -3] [3, -9, -6, -6] [24, -1, 15, 19]
[-6, -8, 12, 20] [-19, -11, -23, 5] [-11, 14, -30, -9] [0, 0, 0, 0] [-22, 23, 0, -7] [-7, -4, -15, -9] [-4, 0, -11, -1]
[0, 10, -10, 11] [-11, -5, 15, 10] [17, -4, 12, -3] [-13, -10, 19, -6] [-7, -21, -2, -18] [-24, 19, 19, 7] [5, -2, -10, -30]
[2, -3, 13, -1] [26, -15, 25, 15] [9, 12, 5, 5] [-4, -12, 1, -11] [-14, -10, -1, -12] [-5, 5, 0, 15] [0, 21, -14, 7]
[-1, -14, -17, -7] [13, 8, 0, -12] [-5, 0, 13, 9] [2, -8, 26, -36] [22, 18, -19, -7] [12, 19, 24, 9] [-6, -9, 15, -10]
------------------------------
ALIVE
Head: (8 15)
Body: (8 15) (9 15) (9 14) (9 13) (10 13) (10 12) (10 11) (10 10) (10 9) 
Length: 9, 4
Vision: 3
Hungry, suplies: 6/10
Reproductive: 16, mutating: 0.25
Generation: 13894
####################################
Wall (up, right, down, left):
[-3, -9, -16, 1] [11, 11, 7, -4] [-8, -7, 14, -9] [12, 26, -1, 7] [2, 2, 4, -7] [-12, -14, -6, -8] [0, 0, 5, 2]
[2, 8, -5, 0] [8, 16, 9, 2] [-10, 2, -2, 12] [-21, 1, 11, 11] [14, 0, 11, 2] [-9, 14, 15, 9] [-13, -16, 11, 2]
[-14, 11, 7, -14] [-4, 13, -3, 16] [5, 6, 10, -16] [-31, 6, 27, 17] [-25, -10, -21, 15] [10, -22, 9, 16] [-13, -7, -8, 6]
[-1, -8, 6, -20] [16, 5, 6, -4] [0, 17, 8, -72] [0, 0, 0, 0] [5, -54, 5, 3] [7, -18, -1, 23] [5, -6, -4, -4]
[-5, -10, -15, -12] [3, 19, -3, 15] [-6, 8, -14, -7] [12, 8, -46, -5] [6, -8, -6, 21] [18, 10, -10, 17] [-9, -16, -1, 2]
[-2, 23, -9, 1] [-10, -2, 0, -23] [6, 0, 6, -3] [2, -1, -5, -7] [17, 9, -6, -2] [14, 3, -2, -10] [17, -6, -6, 4]
[-2, -17, -19, -4] [2, -12, -3, -12] [-13, -3, -8, 7] [0, 21, -2, 4] [18, 7, 3, 11] [4, 4, -16, 1] [0, 2, 14, 1]
Food (up, right, down, left):
[19, 2, -15, 7] [-2, 8, -6, -15] [4, -4, -13, 12] [2, -6, 17, 0] [-6, 12, 1, 21] [13, -20, 9, -12] [-16, 6, 17, -20]
[-22, -10, -10, -1] [-15, 7, 1, -13] [10, 21, 10, 9] [-13, 23, -12, 24] [16, -11, 9, -22] [14, -13, -4, 18] [-12, -9, -8, 4]
[-14, 17, 3, 2] [0, 1, 8, -11] [-2, -31, -11, 0] [20, -18, 16, -17] [-18, -4, -2, -3] [3, -9, -6, -6] [24, -1, 15, 19]
[-6, -8, 12, 20] [-19, -11, -23, 5] [-11, 14, -30, -9] [0, 0, 0, 0] [-22, 23, 0, -6] [-10, -4, -15, -9] [-4, 0, -11, -1]
[0, 10, -10, 11] [-11, -5, 13, 10] [17, -4, 12, -3] [-13, -10, 19, -6] [-7, -17, -2, -18] [-24, 22, 19, 9] [5, -2, -10, -30]
[2, -3, 13, -1] [26, -15, 25, 15] [9, 12, 5, 5] [-4, -12, 1, -11] [-14, -10, -1, -12] [-5, 5, 0, 15] [0, 21, -14, 7]
[-1, -14, -17, -7] [13, 8, 0, -12] [-5, 0, 13, 9] [2, -8, 26, -36] [22, 18, -19, -7] [12, 19, 24, 9] [-6, -9, 15, -10]
------------------------------
ALIVE
Head: (11 45)
Body: (11 45) (11 46) (11 47) (11 48) (10 48) (10 49) (10 50) (10 51) (10 52) (10 53) (10 54) 
Length: 11, 4
Vision: 3
Hungry, suplies: 9/10
Reproductive: 16, mutating: 0.25
Generation: 13897
####################################
