Wall (up, right, down, left):
[-4, -3, -19, -1] [4, -3, -4, 18] [-2, 6, 18, 3] [7, 4, 14, 2] [12, 2, 11, 1] [4, 1, 1, -2] [-4, -1, 9, -10]
[-4, 7, -12, 3] [7, 2, -4, 6] [0, -5, -7, 14] [-12, -4, 10, 20] [9, -10, 11, 12] [-3, 4, 12, 0] [-5, -4, 7, 5]
[8, 8, 2, -12] [-10, 3, -9, 15] [5, 1, -1, -14] [-26, 0, 18, 11] [-15, 2, -8, 1] [0, -8, -12, 13] [-1, -3, 9, 8]
[-2, -1, 5, -12] [8, 17, -4, -3] [3, 4, -1, -39] [0, 0, 0, 0] [3, -32, 13, 4] [5, -8, 16, 10] [0, -5, -1, -14]
[8, 5, -16, -10] [2, 6, 1, 5] [9, 6, -12, -1] [8, -1, -33, -10] [3, -10, -5, 9] [-1, 16, -6, 9] [-9, -5, 3, -8]
[0, 5, 4, 5] [-4, -5, -15, -14] [3, -12, 1, -13] [0, 2, 1, -5] [7, -5, -17, -1] [2, 7, 4, -6] [-2, 2, 0, 13]
[-2, -3, -14, -1] [-1, 0, 5, -1] [-2, -1, -2, -5] [2, 7, -4, -4] [16, -3, 0, 4] [0, 8, -12, 2] [-5, -8, 1, 8]
Food (up, right, down, left):
[13, 14, -5, 8] [-5, 6, -1, -5] [0, -5, -4, 2] [5, -7, -11, 3] [0, 7, -4, 12] [4, -3, 3, 7] [-6, 8, 2, -8]
[-7, -7, -5, 0] [-2, -5, -5, 0] [19, 13, 0, -1] [-11, 7, -6, 11] [8, -9, 0, -12] [2, 0, 10, 13] [-3, -11, -4, -5]
[-3, -2, -9, 1] [-1, 6, 15, -6] [1, -16, -10, 6] [18, -16, 7, -3] [-6, -2, 0, 6] [-2, -3, -6, -19] [-2, -1, -3, 3]
[-4, -9, -1, 18] [-7, -14, -13, 12] [0, 17, -19, 5] [0, 0, 0, 0] [-5, 14, 4, -8] [-8, -2, -1, 8] [-2, -4, -3, -5]
[15, 0, -5, -6] [-4, -11, -5, 0] [2, 3, -6, -2] [-3, -2, 20, -6] [-7, -13, 5, -6] [-2, 10, 21, -2] [3, 4, -8, -16]
[-6, -8, 3, -3] [8, -7, -3, 9] [5, 0, 5, 7] [2, -11, 2, -2] [5, -10, -4, -6] [-14, 7, -3, 9] [2, 16, -22, 12]
[-3, -5, -7, -5] [8, 2, -1, -9] [-7, -7, -6, -6] [-9, 5, -5, -18] [5, 12, -4, -12] [11, 9, 15, 0] [-8, 4, 3, -9]
------------------------------
ALIVE
Head: (5 1)
Body: (5 1) (6 1) (6 0) (7 57) (7 56) (7 55) (7 54) (8 54) (8 53) (7 53) (6 53) (6 54) 
Length: 12, 4
Vision: 3
Hungry, suplies: 5/10
Reproductive: 16, mutating: 0.25
Generation: 6374
####################################
Wall (up, right, down, left):
[-4, -3, -19, -1] [7, -3, -4, 18] [-2, 6, 18, 3] [7, 4, 14, 2] [12, 2, 11, 1] [4, 1, 1, -2] [-4, -1, 9, -10]
[-4, 7, -12, 3] [2, 2, -4, 6] [0, -5, -7, 14] [-12, -4, 10, 20] [9, -10, 11, 12] [-3, -1, 12, 0] [-5, -4, 3, 5]
[8, 8, 2, -12] [-5, 3, -9, 15] [5, 1, -1, -14] [-26, 0, 15, 11] [-15, 2, -8, 1] [5, -8, -12, 13] [-1, -3, 9, 15]
[-2, -1, 5, -12] [8, 17, -4, -3] [3, 6, -1, -39] [0, 0, 0, 0] [3, -32, 12, 4] [5, -8, 16, 10] [0, -5, -1, -14]
[8, 5, -16, -10] [2, 6, 1, 2] [13, 6, -12, -1] [8, -1, -33, -10] [3, -10, -5, 9] [-1, 16, -6, 9] [-9, -5, 3, -8]
[0, 5, 4, 6] [-4, -5, -11, -15] [3, -7, 1, -8] [0, 2, 1, -5] [7, -5, -17, -1] [2, 7, 4, -8] [-2, 2, 0, 13]
[-2, -3, -14, -1] [-1, 0, 5, -1] [0, -1, -2, -5] [2, 7, -4, -4] [16, -3, 0, 4] [0, 8, -12, 2] [-5, -8, 1, 8]
Food (up, right, down, left):
[13, 14, -5, 8] [-5, 6, -1, -3] [0, -5, -4, 2] [5, -7, -11, 3] [0, 7, -4, 12] [4, -3, 3, 7] [-6, 8, 2, -8]
[-7, -7, -5, 0] [-2, -3, -5, 0] [19, 13, 0, -1] [-11, 7, -6, 11] [8, -9, 0, -12] [1, 0, 10, 13] [-3, -12, -4, -5]
[-3, -2, -9, 1] [-1, 6, 15, -6] [1, -16, -10, 6] [18, -16, 9, -3] [-6, -2, 0, 6] [-4, -3, -6, -19] [-2, -1, 3, 3]
[-4, -9, -1, 18] [-7, -14, -13, 12] [10, 17, -19, 0] [0, 0, 0, 0] [-5, 12, 4, -8] [-8, -2, -1, 8] [-2, -4, -3, -5]
[15, 0, -5, -6] [-4, -7, -5, 0] [2, 3, -6, -2] [-3, -2, 20, -6] [-7, -13, 5, -6] [-2, 10, 21, -2] [3, 4, -8, -16]
[-6, -8, 6, -3] [8, -4, -3, 8] [5, 2, 5, 4] [2, -11, 2, -2] [5, -10, -4, -6] [-14, 7, -3, 10] [2, 16, -22, 12]
[-3, -5, -7, -5] [8, 2, -1, -9] [-11, -7, -6, -6] [-9, 5, -5, -18] [5, 12, -4, -12] [11, 9, 15, 0] [-8, 4, 3, -9]
------------------------------
ALIVE
Head: (21 32)
Body: (21 32) (22 32) (23 32) (24 32) (-1 31) (0 31) (1 31) (2 31) (2 30) (3 30) (4 30) (5 30) (5 29) 
Length: 13, 4
Vision: 3
Hungry, suplies: 2/10
Reproductive: 16, mutating: 0.25
Generation: 6381
####################################
Wall (up, right, down, left):
[-4, -3, -19, -1] [7, -3, -4, 18] [-2, 6, 18, 3] [7, 4, 14, 2] [12, 2, 11, 1] [4, 1, 1, -2] [-4, -1, 9, -10]
[-4, 7, -12, 3] [4, 2, -4, 6] [0, -5, -7, 14] [-12, -4, 10, 20] [9, -10, 11, 12] [-3, -1, 12, 0] [-5, -4, 3, 5]
[8, 8, 2, -12] [-5, 3, -9, 19] [5, 1, -1, -14] [-26, 0, 15, 11] [-15, 2, -8, 1] [5, -8, -12, 13] [-1, -3, 9, 10]
[-2, -1, 5, -12] [8, 17, -4, -3] [3, 4, -1, -39] [0, 0, 0, 0] [3, -32, 12, 4] [5, -8, 16, 10] [0, -5, -1, -14]
[8, 5, -16, -10] [2, 6, 1, 2] [13, 6, -12, -1] [8, -1, -33, -10] [3, -10, -5, 9] [-1, 16, -6, 9] [-9, -5, 3, -8]
[0, 5, 4, 6] [-4, -5, -11, -15] [3, -7, 1, -8] [0, 2, 1, -5] [7, -5, -17, -1] [2, 7, 4, -8] [-2, 2, 0, 13]
[-2, -3, -14, -1] [-1, 0, 5, -1] [-2, -1, -2, -5] [2, 7, -4, -4] [16, -3, 0, 4] [0, 8, -12, 2] [-5, -8, 1, 8]
Food (up, right, down, left):
[13, 14, -5, 8] [-5, 6, -1, -3] [0, -5, -4, 2] [5, -7, -11, 3] [0, 7, -4, 12] [4, -3, 3, 7] [-6, 8, 2, -8]
[-7, -7, -5, 0] [-3, -3, -5, 0] [19, 13, 0, -1] [-11, 7, -6, 11] [8, -9, 0, -12] [1, 0, 10, 13] [-3, -12, -4, -5]
[-3, -2, -9, 1] [0, 6, 15, -6] [1, -16, -10, 6] [18, -16, 9, -3] [-6, -2, 0, 6] [-4, -3, -6, -19] [-2, -1, 2, 3]
[-4, -9, -1, 18] [-7, -14, -13, 12] [5, 17, -19, 0] [0, 0, 0, 0] [-5, 12, 4, -8] [-8, -2, -1, 8] [-2, -4, -3, -5]
[15, 0, -5, -6] [-4, -7, -5, 0] [2, 3, -6, -2] [-3, -2, 20, -6] [-7, -15, 5, -6] [-2, 10, 21, -2] [3, 4, -8, -16]
[-6, -8, 6, -3] [8, -4, -3, 8] [5, 2, 5, 4] [2, -11, 2, -2] [5, -10, -4, -6] [-14, 7, -3, 10] [2, 16, -22, 12]
[-3, -5, -7, -5] [8, 2, -1, -9] [-7, -7, -6, -6] [-9, 5, -5, -18] [5, 12, -4, -12] [11, 9, 15, 0] [-8, 4, 3, -9]
------------------------------
ALIVE
Head: (23 13)
Body: (23 13) (-1 13) (0 13) (0 14) (25 15) (24 15) (24 16) (24 17) 
Length: 8, 4
Vision: 3
Hungry, suplies: 5/10
Reproductive: 16, mutating: 0.25
Generation: 6382
####################################
Wall (up, right, down, left):
[-4, -3, -19, -1] [7, -3, -4, 18] [-2, 6, 18, 3] [7, 4, 14, 2] [12, 2, 11, 1] [4, 1, 1, -2] [-4, -1, 9, -10]
[-4, 7, -12, 3] [4, 2, -4, 6] [0, -5, -7, 14] [-12, -4, 10, 20] [9, -10, 11, 12] [-3, -1, 12, 0] [-5, -4, 3, 5]
[8, 8, 2, -12] [-5, 3, -9, 19] [5, 1, -1, -14] [-26, 0, 15, 11] [-15, 2, -8, 1] [5, -8, -12, 13] [-1, -3, 9, 10]
[-2, -1, 5, -12] [8, 17, -4, -3] [3, 4, -1, -39] [0, 0, 0, 0] [3, -32, 12, 4] [5, -8, 16, 10] [0, -5, -1, -14]
[8, 5, -16, -10] [2, 6, 1, 2] [13, 6, -12, -1] [8, -1, -33, -10] [3, -10, -5, 9] [-1, 16, -6, 9] [-9, -5, 3, -8]
[0, 5, 4, 6] [-4, -5, -11, -15] [3, -7, 1, -8] [0, 2, 1, -5] [7, -5, -17, -1] [2, 7, 4, -8] [-2, 2, 0, 13]
[-2, -3, -14, -1] [-1, 0, 5, -1] [-2, -1, -2, -5] [2, 7, -4, -4] [16, -3, 0, 4] [0, 8, -12, 2] [-5, -8, 1, 8]
Food (up, right, down, left):
[13, 14, -5, 8] [-5, 6, -1, -3] [0, -5, -4, 2] [5, -7, -11, 3] [0, 7, -4, 12] [4, -3, 3, 7] [-6, 8, 2, -8]
[-7, -7, -5, 0] [-3, -3, -5, 0] [19, 13, 0, -1] [-11, 7, -6, 11] [8, -9, 0, -12] [1, 0, 10, 13] [-3, -12, -4, -5]
[-3, -2, -9, 1] [0, 6, 15, -6] [1, -16, -10, 6] [18, -16, 9, -3] [-6, -2, 0, 6] [-4, -3, -6, -19] [-2, -1, 2, 3]
[-4, -9, -1, 18] [-7, -14, -13, 12] [5, 17, -19, 0] [0, 0, 0, 0] [-5, 12, 4, -8] [-8, -2, -1, 8] [-2, -4, -3, -5]
[15, 0, -5, -6] [-4, -7, -5, 0] [2, 3, -6, -2] [-3, -2, 20, -6] [-7, -15, 5, -6] [-2, 10, 21, -2] [3, 4, -8, -16]
[-6, -8, 6, -3] [8, -4, -3, 8] [5, 2, 5, 4] [2, -11, 2, -2] [5, -10, -4, -6] [-14, 7, -3, 10] [2, 16, -22, 12]
[-3, -5, -7, -5] [8, 2, -1, -9] [-7, -7, -6, -6] [-9, 5, -5, -18] [5, 12, -4, -12] [11, 9, 15, 0] [-8, 4, 3, -9]
------------------------------
ALIVE
Head: (5 19)
Body: (5 19) (6 19) (6 18) (6 17) (6 16) (7 16) (8 16) (9 16) (9 15) (9 14) 
Length: 10, 4
Vision: 3
Hungry, suplies: 7/10
Reproductive: 16, mutating: 0.25
Generation: 6383
####################################
Wall (up, right, down, left):
[-4, -3, -19, -1] [4, -3, -4, 18] [-2, 6, 18, 3] [7, 4, 14, 2] [12, 2, 11, 1] [4, 1, 1, -2] [-4, -1, 9, -10]
[-4, 7, -12, 3] [7, 2, -4, 6] [0, -5, -7, 14] [-12, -4, 10, 20] [9, -10, 11, 12] [-3, 4, 12, 0] [-5, -4, 7, 5]
[8, 8, 2, -12] [-10, 3, -9, 15] [5, 1, -1, -14] [-26, 0, 18, 11] [-15, 2, -8, 1] [0, -8, -12, 13] [-1, -3, 9, 10]
[-2, -1, 5, -12] [8, 17, -4, -3] [3, 4, -1, -39] [0, 0, 0, 0] [3, -32, 13, 4] [5, -8, 16, 10] [0, -5, -6, -14]
[8, 5, -16, -10] [2, 6, 1, 5] [9, 6, -12, -1] [8, -1, -33, -10] [3, -10, -5, 9] [-1, 16, -6, 9] [-9, -5, 3, -8]
[0, 5, 4, 5] [-4, -5, -15, -14] [3, -12, 1, -13] [0, 2, 1, -5] [7, -5, -17, -1] [2, 7, 4, -6] [-2, 2, 0, 13]
[-2, -3, -14, -1] [-1, 5, 5, -1] [-2, -1, 0, -5] [2, 7, -4, -4] [16, -5, 0, 4] [0, 8, -12, 2] [-5, -8, 1, 8]
Food (up, right, down, left):
[13, 14, -5, 8] [-5, 6, -1, -5] [0, -5, -4, 2] [5, -7, -11, 3] [0, 7, -4, 12] [4, -3, 3, 7] [-6, 8, 2, -8]
[-7, -7, -5, 0] [-2, -5, -5, 0] [19, 13, 0, -1] [-11, 7, -6, 11] [8, -9, 0, -12] [2, 0, 10, 13] [-3, -11, -4, -5]
[-3, -2, -9, 1] [-1, 6, 15, -6] [1, -16, -10, 6] [18, -16, 7, -3] [-6, -2, 0, 6] [-2, -3, -6, -19] [-2, -1, 2, 3]
[-4, -9, -1, 18] [-7, -14, -13, 12] [0, 17, -19, 5] [0, 0, 0, 0] [-5, 14, 4, -8] [-8, -2, -1, 8] [-2, -4, -3, -9]
[15, 0, -5, -6] [-4, -11, -5, 0] [2, 3, -6, -2] [-3, -2, 20, -6] [-7, -13, 5, -6] [-2, 10, 21, -2] [3, 4, -8, -16]
[-6, -8, 3, -3] [8, -7, -3, 9] [5, 0, 5, 7] [2, -11, 2, -2] [5, -10, -4, -6] [-14, 7, -3, 9] [2, 16, -22, 12]
[-3, -5, -7, -5] [8, 2, -6, -9] [-4, -7, -6, -6] [-9, 5, -5, -18] [5, 12, -4, -11] [11, 9, 15, 0] [-8, 4, 3, -9]
------------------------------
ALIVE
Head: (14 49)
Body: (14 49) (15 49) (16 49) (17 49) (17 48) (18 48) (19 48) (20 48) (20 49) (19 49) (19 50) 
Length: 11, 4
Vision: 3
Hungry, suplies: 6/10
Reproductive: 16, mutating: 0.25
Generation: 6379
####################################
Wall (up, right, down, left):
[-4, -3, -19, -1] [7, -3, -4, 18] [-2, 6, 18, 3] [7, 4, 14, 2] [12, 2, 11, 1] [4, 1, 1, -2] [-4, -1, 9, -10]
[-4, 7, -12, 3] [2, 2, -4, 6] [0, -5, -7, 14] [-12, -4, 10, 20] [9, -10, 11, 12] [-3, -1, 12, 0] [-5, -4, 3, 5]
[8, 8, 2, -12] [-5, 3, -9, 15] [5, 1, -1, -14] [-26, 0, 15, 11] [-15, 2, -8, 1] [5, -8, -12, 13] [-1, -3, 9, 15]
[-2, -1, 5, -12] [8, 17, -4, -3] [3, 6, -1, -39] [0, 0, 0, 0] [3, -32, 12, 4] [5, -8, 16, 10] [0, -5, -1, -14]
[8, 5, -16, -10] [2, 6, 1, 2] [13, 6, -12, -1] [8, -1, -33, -10] [3, -10, -5, 9] [-1, 16, -6, 9] [-9, -5, 3, -8]
[0, 5, 4, 6] [-4, -5, -11, -15] [3, -7, 1, -8] [0, 2, 1, -5] [7, -5, -17, -1] [2, 7, 4, -8] [-2, 2, 0, 13]
[-2, -3, -14, -1] [-1, 0, 5, -1] [0, -1, -2, -5] [2, 7, -4, -4] [16, -3, 0, 4] [0, 8, -12, 2] [-5, -8, 1, 8]
Food (up, right, down, left):
[13, 14, -5, 8] [-5, 6, -1, -3] [0, -5, -4, 2] [5, -7, -11, 3] [0, 7, -4, 12] [4, -3, 3, 7] [-6, 8, 2, -8]
[-7, -7, -5, 0] [-2, -3, -5, 0] [19, 13, 0, -1] [-11, 7, -6, 11] [8, -9, 0, -12] [1, 0, 10, 13] [-3, -12, -4, -5]
[-3, -2, -9, 1] [-1, 6, 15, -6] [1, -16, -10, 6] [18, -16, 9, -3] [-6, -2, 0, 6] [-4, -3, -6, -19] [-2, -1, 3, 3]
[-4, -9, -1, 18] [-7, -14, -13, 12] [10, 17, -19, 0] [0, 0, 0, 0] [-5, 12, 4, -8] [-8, -2, -1, 8] [-2, -4, -3, -5]
[15, 0, -5, -6] [-4, -7, -5, 0] [2, 3, -6, -2] [-3, -2, 20, -6] [-7, -13, 5, -6] [-2, 10, 21, -2] [3, 4, -8, -16]
[-6, -8, 6, -3] [8, -4, -3, 8] [5, 2, 5, 4] [2, -11, 2, -2] [5, -10, -4, -6] [-14, 7, -3, 10] [2, 16, -22, 12]
[-3, -5, -7, -5] [8, 2, -1, -9] [-11, -7, -6, -6] [-9, 5, -5, -18] [5, 12, -4, -12] [11, 9, 15, 0] [-8, 4, 3, -9]
------------------------------
ALIVE
Head: (8 2)
Body: (8 2) (8 1) (8 57) (8 56) (8 55) (9 55) (9 54) (10 54) (11 54) (12 54) (13 54) (13 53) 
Length: 12, 4
Vision: 3
Hungry, suplies: 4/10
Reproductive: 16, mutating: 0.25
Generation: 6382
####################################
Wall (up, right, down, left):
[-4, -3, -19, -1] [7, -3, -4, 18] [-2, 6, 18, 3] [7, 4, 14, 2] [12, 2, 11, 1] [4, 1, 1, -2] [-4, -1, 9, -10]
[-4, 7, -12, 3] [2, 2, -4, 6] [0, -5, -7, 14] [-12, -4, 10, 20] [9, -10, 11, 12] [-3, -1, 12, 0] [-5, -4, 3, 5]
[8, 8, 2, -12] [-5, 3, -9, 15] [5, 1, -1, -14] [-26, 0, 15, 11] [-15, 2, -8, 1] [5, -8, -12, 13] [-1, -3, 9, 15]
[-2, -1, 5, -12] [8, 17, -4, -3] [3, 6, -1, -39] [0, 0, 0, 0] [3, -32, 12, 4] [5, -8, 16, 10] [0, -5, -1, -14]
[8, 5, -16, -10] [2, 6, 1, 2] [13, 6, -12, -1] [8, -1, -33, -10] [3, -10, -5, 9] [-1, 16, -6, 9] [-9, -5, 3, -8]
[0, 5, 4, 6] [-4, -5, -11, -15] [3, -7, 1, -8] [0, 2, 1, -5] [7, -5, -17, -1] [2, 7, 4, -8] [-2, 2, 0, 13]
[-2, -3, -14, -1] [-1, 0, 5, -1] [0, -1, -2, -5] [2, 7, -4, -4] [16, -3, 0, 4] [0, 8, -12, 2] [-5, -8, 1, 8]
Food (up, right, down, left):
[13, 14, -5, 8] [-5, 6, -1, -3] [0, -5, -4, 2] [5, -7, -11, 3] [0, 7, -4, 12] [4, -3, 3, 7] [-6, 8, 2, -8]
[-7, -7, -5, 0] [-2, -3, -5, 0] [19, 13, 0, -1] [-11, 7, -6, 11] [8, -9, 0, -12] [1, 0, 10, 13] [-3, -12, -4, -5]
[-3, -2, -9, 1] [-1, 6, 15, -6] [1, -16, -10, 6] [18, -16, 9, -3] [-6, -2, 0, 6] [-4, -3, -6, -19] [-2, -1, 3, 3]
[-4, -9, -1, 18] [-7, -14, -13, 12] [10, 17, -19, 0] [0, 0, 0, 0] [-5, 12, 4, -8] [-8, -2, -1, 8] [-2, -4, -3, -5]
[15, 0, -5, -6] [-4, -7, -5, 0] [2, 3, -6, -2] [-3, -2, 20, -6] [-7, -13, 5, -6] [-2, 10, 21, -2] [3, 4, -8, -16]
[-6, -8, 6, -3] [8, -4, -3, 8] [5, 2, 5, 4] [2, -11, 2, -2] [5, -10, -4, -6] [-14, 7, -3, 10] [2, 16, -22, 12]
[-3, -5, -7, -5] [8, 2, -1, -9] [-11, -7, -6, -6] [-9, 5, -5, -18] [5, 12, -4, -12] [11, 9, 15, 0] [-8, 4, 3, -9]
------------------------------
ALIVE
Head: (4 41)
Body: (4 41) (3 41) (2 41) (2 42) (2 43) (1 43) (1 44) (0 44) (0 45) (0 46) (0 47) (1 47) (2 47) (3 47) 
Length: 14, 4
Vision: 3
Hungry, suplies: 9/10
Reproductive: 16, mutating: 0.25
Generation: 6382
####################################
Wall (up, right, down, left):
[-4, -3, -19, -1] [7, -3, -4, 18] [-2, 6, 18, 3] [7, 4, 14, 2] [12, 2, 11, 1] [4, 1, 1, -2] [-4, -1, 9, -10]
[-4, 7, -12, 3] [4, 2, -4, 6] [0, -5, -7, 14] [-12, -4, 10, 20] [9, -10, 11, 12] [-3, -1, 12, 0] [-5, -4, 3, 5]
[8, 8, 2, -12] [-5, 3, -9, 19] [5, 1, -1, -14] [-26, 0, 15, 16] [-15, 2, -8, 1] [5, -8, -12, 13] [-1, -3, 9, 10]
[-2, -1, 5, -12] [8, 17, -4, -3] [3, 4, -1, -39] [0, 0, 0, 0] [3, -32, 12, 4] [5, -8, 16, 10] [0, -5, -1, -14]
[8, 5, -16, -10] [2, 6, 1, 2] [13, 6, -12, -1] [8, -1, -33, -10] [3, -10, -5, 9] [-1, 16, -6, 9] [-9, -5, 3, -8]
[0, 5, 4, 6] [-4, -5, -11, -15] [3, -7, 1, -8] [0, 2, 1, -5] [7, -5, -17, -1] [2, 7, 4, -8] [-2, 2, 0, 13]
[-2, -3, -14, -1] [-1, 0, 5, -1] [-2, -1, -2, -5] [2, 7, -4, -4] [16, -3, 0, 4] [0, 8, -12, 2] [-5, -8, 1, 8]
Food (up, right, down, left):
[13, 14, -5, 8] [-5, 6, -1, -3] [0, -5, -4, 2] [5, -7, -11, 3] [0, 7, -4, 12] [4, -3, 3, 7] [-6, 8, 2, -8]
[-7, -7, -5, 0] [-3, -3, -5, 0] [19, 13, 0, -1] [-11, 7, -6, 11] [8, -9, 0, -12] [1, 0, 10, 13] [-3, -12, -4, -5]
[-3, -2, -9, 1] [0, 6, 15, -6] [1, -16, -10, 6] [18, -16, 12, -3] [-6, -2, 0, 6] [-4, -3, -6, -19] [-2, -1, 2, 3]
[-4, -9, -1, 18] [-7, -14, -13, 12] [5, 17, -19, 0] [0, 0, 0, 0] [-5, 12, 4, -8] [-8, -2, -1, 8] [-2, -4, -3, -5]
[15, 0, -5, -6] [-4, -7, -5, 0] [2, 3, -6, -2] [-3, -2, 20, -6] [-7, -15, 5, -6] [-2, 10, 21, -2] [3, 4, -8, -16]
[-6, -8, 6, -3] [8, -4, -3, 8] [5, 2, 5, 4] [2, -11, 2, -2] [5, -10, -4, -6] [-14, 7, -3, 10] [2, 16, -22, 12]
[-3, -5, -7, -5] [8, 2, -1, -9] [-7, -7, -6, -6] [-9, 5, -5, -18] [5, 12, -4, -12] [11, 9, 15, 0] [-8, 4, 3, -9]
------------------------------
ALIVE
Head: (12 16)
Body: (12 16) (13 16) (13 17) (14 17) (14 18) (15 18) (16 18) (17 18) 
Length: 8, 4
Vision: 3
Hungry, suplies: 2/10
Reproductive: 16, mutating: 0.25
Generation: 6385
####################################
Wall (up, right, down, left):
[-4, -3, -19, -1] [7, -3, -4, 18] [-2, 6, 18, 3] [7, 4, 14, 2] [12, 2, 11, 1] [4, 1, 1, -2] [-4, -1, 9, -10]
[-4, 7, -12, 3] [4, 2, -4, 6] [0, -5, -7, 14] [-12, -4, 10, 20] [9, -10, 11, 12] [-3, -1, 12, 0] [-5, -4, 3, 5]
[8, 8, 2, -12] [-5, 3, -9, 19] [5, 1, -1, -14] [-26, 0, 15, 11] [-15, 2, -8, 1] [5, -8, -12, 13] [-1, -3, 9, 10]
[-2, -1, 5, -7] [8, 17, -4, -3] [3, 4, -1, -39] [0, 0, 0, 0] [3, -32, 12, 4] [5, -8, 16, 10] [0, -5, -1, -14]
[8, 5, -16, -10] [2, 6, 1, 2] [13, 6, -12, -1] [8, -1, -33, -10] [3, -10, -5, 9] [-1, 16, -6, 9] [-9, -5, 3, -8]
[0, 5, 4, 6] [-4, -5, -11, -15] [3, -7, 1, -8] [0, 2, 1, -5] [7, -5, -17, -1] [2, 7, 4, -8] [-2, 2, 0, 13]
[-2, -3, -14, -1] [-1, 0, 5, -1] [-2, -1, -2, -5] [2, 7, -4, -4] [16, -3, 0, 4] [0, 8, -12, 2] [-5, -8, 1, 8]
Food (up, right, down, left):
[13, 14, -5, 8] [-5, 6, -1, -3] [0, -5, -4, 2] [5, -7, -11, 3] [0, 7, -4, 12] [4, -3, 3, 7] [-6, 8, 2, -8]
[-7, -7, -5, 0] [-3, -3, -5, 0] [19, 13, 0, -1] [-11, 7, -6, 11] [8, -9, 0, -12] [1, 0, 10, 13] [-3, -12, -4, -5]
[-3, -2, -9, 1] [0, 6, 15, -6] [1, -16, -10, 6] [18, -16, 9, -3] [-6, -2, 0, 6] [-4, -3, -6, -19] [-2, -1, 2, 3]
[-4, -9, -1, 22] [-7, -14, -13, 12] [5, 17, -19, 0] [0, 0, 0, 0] [-5, 12, 4, -8] [-8, -2, -1, 8] [-2, -4, -3, -5]
[15, 0, -5, -6] [-4, -7, -5, 0] [2, 3, -6, -2] [-3, -2, 20, -6] [-7, -15, 5, -6] [-2, 10, 21, -2] [3, 4, -8, -16]
[-6, -8, 6, -3] [8, -4, -3, 8] [5, 2, 5, 4] [2, -11, 2, -2] [5, -10, -4, -6] [-14, 7, -3, 10] [2, 16, -22, 12]
[-3, -5, -7, -5] [8, 2, -1, -9] [-7, -7, -6, -6] [-9, 5, -5, -18] [5, 12, -4, -12] [11, 9, 15, 0] [-8, 4, 3, -9]
------------------------------
ALIVE
Head: (7 46)
Body: (7 46) (8 46) (8 45) (8 44) (8 43) (9 43) (10 43) (10 42) (11 42) (12 42) (13 42) (14 42) (15 42) (16 42) (16 41) 
Length: 15, 4
Vision: 3
Hungry, suplies: 3/10
Reproductive: 16, mutating: 0.25
Generation: 6382
####################################
Wall (up, right, down, left):
[-4, -3, -19, -1] [7, -3, -4, 18] [-2, 6, 18, 3] [7, 4, 14, 2] [12, 2, 11, 1] [4, 1, 1, -2] [-4, -3, 9, -10]
[-4, 7, -12, 3] [2, 2, -4, 6] [0, -4, -7, 14] [-12, -4, 10, 20] [9, -10, 11, 12] [-3, -1, 12, 0] [-5, -4, 3, 5]
[8, 8, 2, -12] [-5, 3, -9, 15] [5, 1, -1, -14] [-26, 0, 15, 11] [-15, 2, -8, 1] [5, -8, -12, 13] [-1, -3, 9, 10]
[-2, -1, 5, -12] [8, 17, -4, -3] [3, 6, -1, -39] [0, 0, 0, 0] [3, -32, 12, 4] [5, -8, 16, 10] [0, -5, -1, -14]
[8, 5, -16, -10] [2, 6, 1, 2] [13, 6, -12, -1] [8, -1, -33, -10] [3, -10, -5, 9] [-1, 16, -6, 9] [-9, -5, 3, -8]
[0, 5, 4, 6] [-4, -5, -11, -15] [3, -7, 1, -8] [5, 2, 1, -5] [7, -5, -17, -1] [2, 7, 4, -8] [-2, 2, 0, 13]
[-2, -3, -14, -1] [-1, 0, 5, -1] [-2, -1, -2, -5] [2, 7, -4, -4] [16, -3, 0, 4] [0, 8, -12, 2] [-5, -8, 1, 8]
Food (up, right, down, left):
[13, 14, -5, 8] [-5, 6, -1, -3] [0, -5, -4, 2] [5, -7, -11, 3] [0, 7, -4, 12] [4, -3, 3, 7] [-6, 8, 5, -8]
[-7, -7, -5, 0] [-2, -3, -5, 0] [19, 16, 0, -1] [-11, 7, -6, 11] [8, -9, 0, -12] [1, 0, 10, 13] [-3, -12, -4, -5]
[-3, -2, -9, 1] [-1, 6, 15, -6] [1, -16, -10, 6] [18, -16, 9, -3] [-6, -2, 0, 6] [-4, -3, -6, -19] [-2, -1, 2, 3]
[-4, -9, -1, 18] [-7, -14, -13, 12] [10, 17, -19, 0] [0, 0, 0, 0] [-5, 12, 4, -8] [-8, -2, -1, 8] [-2, -4, -3, -5]
[15, 0, -5, -6] [-4, -7, -5, 0] [2, 3, -6, -2] [-3, -2, 20, -6] [-7, -13, 5, -6] [-2, 10, 21, -2] [3, 4, -8, -16]
[-6, -8, 6, -3] [8, -4, -3, 8] [5, 2, 5, 4] [2, -11, 0, -2] [5, -10, -4, -6] [-14, 7, -3, 10] [2, 16, -22, 12]
[-3, -5, -7, -5] [8, 2, -1, -9] [-7, -7, -6, -6] [-9, 5, -5, -18] [5, 12, -4, -12] [11, 9, 15, 0] [-8, 4, 3, -9]
------------------------------
ALIVE
Head: (1 40)
Body: (1 40) (1 39) (1 38) (1 37) (2 37) (3 37) (4 37) (5 37) (5 36) (6 36) (7 36) (8 36) 
Length: 12, 4
Vision: 3
Hungry, suplies: 4/10
Reproductive: 16, mutating: 0.25
Generation: 6382
####################################
Wall (up, right, down, left):
[-4, -3, -19, -1] [4, -3, -4, 18] [-2, 6, 18, 3] [7, 4, 14, 2] [12, 2, 11, 1] [4, 1, 1, -2] [-4, -1, 9, -10]
[-4, 7, -12, 3] [7, 2, -4, 6] [0, -5, -7, 14] [-12, -4, 10, 20] [9, -10, 11, 12] [-3, 4, 12, 0] [-5, -4, 7, 5]
[8, 8, 2, -12] [-10, 3, -9, 15] [5, 1, -1, -14] [-26, 0, 18, 11] [-15, 2, -8, 1] [0, -8, -12, 13] [-1, -3, 9, 10]
[-2, -1, 5, -9] [8, 17, -4, -3] [3, 4, -1, -39] [0, 0, 0, 0] [3, -32, 13, 3] [5, -8, 16, 10] [0, -5, -1, -14]
[8, 5, -16, -10] [2, 6, 1, 5] [9, 6, -12, -1] [8, -1, -33, -10] [3, -10, -5, 9] [-1, 16, -6, 9] [-9, -5, 3, -8]
[0, 5, 4, 5] [-4, -5, -15, -14] [3, -12, 1, -13] [0, 2, 1, -5] [7, -5, -17, -1] [2, 7, 4, -6] [-2, 2, 0, 13]
[-2, -3, -14, -1] [-1, 5, 5, -1] [-2, -1, -2, -5] [2, 7, -4, -4] [16, -3, 0, 4] [0, 8, -12, 2] [-5, -8, 1, 8]
Food (up, right, down, left):
[13, 14, -5, 8] [-5, 6, -1, -5] [0, -5, -4, 2] [5, -7, -11, 3] [0, 7, -4, 12] [4, -3, 3, 7] [-6, 8, 2, -8]
[-7, -7, -5, 0] [-2, -5, -5, 0] [19, 13, 0, -1] [-11, 7, -6, 11] [8, -9, 0, -12] [2, 0, 10, 13] [-3, -11, -4, -5]
[-3, -2, -9, 1] [-1, 6, 15, -6] [1, -16, -10, 6] [18, -16, 7, -3] [-6, -2, 0, 6] [-2, -3, -6, -19] [-2, -1, 2, 3]
[-4, -13, -1, 18] [-7, -14, -13, 12] [0, 17, -19, 5] [0, 0, 0, 0] [-5, 13, 4, -8] [-8, -2, -1, 8] [-2, -4, -3, -5]
[15, 0, -5, -6] [-4, -11, -5, 0] [2, 3, -6, -2] [-3, -2, 20, -6] [-7, -13, 5, -6] [-2, 10, 21, -2] [3, 4, -8, -16]
[-6, -8, 3, -3] [8, -7, -3, 9] [5, 0, 5, 7] [2, -11, 2, -2] [5, -10, -4, -6] [-14, 7, -3, 9] [2, 16, -22, 12]
[-3, -5, -7, -5] [8, 2, -6, -9] [-7, -7, -6, -6] [-9, 5, -5, -18] [5, 12, -4, -12] [11, 9, 15, 0] [-8, 4, 3, -9]
------------------------------
ALIVE
Head: (18 10)
Body: (18 10) (18 11) (18 12) (18 13) (17 13) (16 13) (16 12) (16 11) (16 10) (16 9) (17 9) (17 8) (17 7) 
Length: 13, 4
Vision: 3
Hungry, suplies: 8/10
Reproductive: 16, mutating: 0.25
Generation: 6380
####################################
Wall (up, right, down, left):
[-4, -3, -19, -1] [7, -3, -4, 18] [-2, 6, 18, 3] [7, 4, 14, 2] [12, 2, 11, 1] [4, 1, 1, -2] [-4, -1, 9, -10]
[-4, 7, -12, 3] [4, 2, -4, 6] [0, -5, -7, 14] [-12, -4, 10, 20] [9, -10, 11, 12] [-3, -1, 12, 0] [-5, -4, 3, 5]
[8, 8, 2, -12] [-5, 3, -9, 19] [5, 1, -1, -14] [-26, 0, 15, 11] [-15, 2, -8, 1] [5, -8, -12, 13] [-1, -3, 9, 10]
[-2, -1, 5, -12] [8, 17, -4, -3] [3, 4, -1, -39] [0, 0, 0, 0] [3, -32, 12, 4] [5, -8, 16, 10] [0, -5, -1, -14]
[8, 5, -16, -10] [2, 6, 1, 2] [13, 6, -12, -1] [8, -1, -33, -10] [3, -10, -5, 9] [-1, 16, -6, 9] [-9, -5, 3, -8]
[0, 5, 4, 6] [-4, -7, -11, -15] [3, -7, 1, -8] [0, 2, 1, -5] [7, -5, -17, -1] [2, 7, 4, -8] [-2, 2, 0, 13]
[-2, -3, -14, -1] [-1, 0, 5, -1] [-2, -1, -2, -5] [2, 7, -4, -4] [16, -3, 0, 4] [0, 8, -12, 2] [-5, -8, 1, 8]
Food (up, right, down, left):
[13, 14, -5, 8] [-5, 6, -1, -3] [0, -5, -4, 2] [5, -7, -11, 3] [0, 7, -4, 12] [4, -3, 3, 7] [-6, 8, 2, -8]
[-7, -7, -5, 0] [-3, -3, -5, 0] [19, 13, 0, -1] [-11, 7, -6, 11] [8, -9, 0, -12] [1, 0, 10, 13] [-3, -12, -4, -5]
[-3, -2, -9, 1] [0, 6, 15, -6] [1, -16, -10, 6] [18, -16, 9, -3] [-6, -2, 0, 6] [-4, -3, -6, -19] [-2, -1, 2, 3]
[-4, -9, -1, 18] [-7, -14, -13, 12] [5, 17, -19, 0] [0, 0, 0, 0] [-5, 12, 4, -8] [-8, -2, -1, 8] [-2, -4, -3, -5]
[15, 0, -5, -6] [-4, -7, -5, 0] [2, 3, -6, -2] [-3, -2, 20, -6] [-7, -15, 5, -6] [-2, 10, 21, -2] [3, 4, -8, -16]
[-6, -8, 6, -3] [13, -4, -3, 8] [5, 2, 5, 4] [2, -11, 2, -2] [5, -10, -4, -6] [-14, 7, -3, 10] [2, 16, -22, 12]
[-3, -5, -7, -5] [8, 2, -1, -9] [-7, -7, -6, -6] [-9, 5, -5, -18] [5, 12, -4, -12] [11, 9, 15, 0] [-8, 4, 3, -9]
------------------------------
ALIVE
Head: (11 23)
Body: (11 23) (11 24) (10 24) (9 24) (8 24) (7 24) (6 24) (5 24) (4 24) (4 23) (5 23) 
Length: 11, 4
Vision: 3
Hungry, suplies: 5/10
Reproductive: 16, mutating: 0.25
Generation: 6383
####################################
Wall (up, right, down, left):
[-4, -3, -19, -1] [4, -3, -4, 18] [-2, 6, 18, 3] [7, 4, 14, 2] [12, 2, 11, 1] [4, 1, 1, -2] [-4, -1, 9, -10]
[-4, 7, -12, 3] [7, 2, -4, 6] [0, -5, -7, 14] [-12, -4, 10, 20] [9, -10, 11, 12] [-3, 4, 12, 0] [-5, -4, 7, 5]
[8, 8, 2, -12] [-10, 3, -9, 15] [5, 1, -1, -14] [-26, 0, 18, 11] [-15, 2, -8, 1] [0, -8, -12, 13] [-1, -3, 9, 10]
[-2, -1, 5, -9] [8, 17, -4, -3] [3, 4, -1, -39] [0, 0, 0, 0] [3, -32, 13, 3] [5, -8, 16, 10] [0, -5, -1, -14]
[8, 5, -16, -10] [2, 6, 1, 5] [9, 6, -12, -1] [8, -1, -33, -10] [3, -10, -5, 9] [-1, 16, -6, 9] [-9, -5, 3, -8]
[0, 5, 4, 5] [-4, -5, -15, -14] [3, -12, 1, -13] [0, 2, 1, -5] [7, -5, -17, -1] [2, 7, 4, -6] [-2, 2, 0, 13]
[-2, -3, -14, -1] [-1, 5, 5, -1] [-2, -1, -2, -5] [2, 7, -4, -4] [16, -3, 0, 4] [0, 8, -12, 2] [-5, -8, 1, 8]
Food (up, right, down, left):
[13, 14, -5, 8] [-5, 6, -1, -5] [0, -5, -4, 2] [5, -7, -11, 3] [0, 7, -4, 12] [4, -3, 3, 7] [-6, 8, 2, -8]
[-7, -7, -5, 0] [-2, -5, -5, 0] [19, 13, 0, -1] [-11, 7, -6, 11] [8, -9, 0, -12] [2, 0, 10, 13] [-3, -11, -4, -5]
[-3, -2, -9, 1] [-1, 6, 15, -6] [1, -16, -10, 6] [18, -16, 7, -3] [-6, -2, 0, 6] [-2, -3, -6, -19] [-2, -1, 2, 3]
[-4, -13, -1, 18] [-7, -14, -13, 12] [0, 17, -19, 5] [0, 0, 0, 0] [-5, 13, 4, -8] [-8, -2, -1, 8] [-2, -4, -3, -5]
[15, 0, -5, -6] [-4, -11, -5, 0] [2, 3, -6, -2] [-3, -2, 20, -6] [-7, -13, 5, -6] [-2, 10, 21, -2] [3, 4, -8, -16]
[-6, -8, 3, -3] [8, -7, -3, 9] [5, 0, 5, 7] [2, -11, 2, -2] [5, -10, -4, -6] [-14, 7, -3, 9] [2, 16, -22, 12]
[-3, -5, -7, -5] [8, 2, -6, -9] [-7, -7, -6, -6] [-9, 5, -5, -18] [5, 12, -4, -12] [11, 9, 15, 0] [-8, 4, 3, -9]
------------------------------
ALIVE
Head: (10 5)
Body: (10 5) (11 5) (12 5) (13 5) (13 4) (14 4) (14 5) (14 6) (15 6) (16 6) (17 6) (17 5) (18 5) (18 4) (19 4) 
Length: 15, 4
Vision: 3
Hungry, suplies: 8/10
Reproductive: 16, mutating: 0.25
Generation: 6381
####################################
Wall (up, right, down, left):
[-4, -3, -19, -1] [7, -3, -4, 18] [-2, 6, 18, 3] [7, 4, 14, 2] [12, 2, 11, 1] [4, 1, 1, -2] [-4, -1, 9, -10]
[-4, 7, -12, 3] [4, 2, -4, 6] [0, -5, -7, 14] [-12, -4, 10, 20] [9, -10, 11, 12] [-3, -1, 12, 0] [-5, -4, 3, 5]
[8, 8, 2, -12] [-5, 3, -9, 19] [5, 1, -1, -14] [-26, 0, 15, 16] [-15, 2, -8, 1] [5, -8, -12, 13] [-1, -3, 9, 10]
[-2, -1, 5, -12] [8, 17, -4, -3] [3, 4, -1, -39] [0, 0, 0, 0] [3, -32, 12, 4] [5, -8, 16, 10] [0, -5, -1, -14]
[8, 5, -16, -10] [2, 6, 1, 2] [13, 6, -12, -1] [8, -1, -33, -10] [3, -10, -5, 9] [-1, 16, -6, 9] [-9, -5, 3, -8]
[0, 5, 4, 6] [-4, -5, -11, -15] [3, -7, 1, -8] [0, 2, 1, -5] [7, -5, -17, -1] [2, 7, 4, -8] [-2, 2, 0, 13]
[-2, -3, -14, -1] [-1, 0, 5, -1] [-2, -1, -2, -5] [2, 7, -4, -4] [16, -3, 0, 4] [0, 8, -12, 2] [-5, -8, 1, 8]
Food (up, right, down, left):
[13, 14, -5, 8] [-5, 6, -1, -3] [0, -5, -4, 2] [5, -7, -11, 3] [0, 7, -4, 12] [4, -3, 3, 7] [-6, 8, 2, -8]
[-7, -7, -5, 0] [-3, -3, -5, 0] [19, 13, 0, -1] [-11, 7, -6, 11] [8, -9, 0, -12] [1, 0, 10, 13] [-3, -12, -4, -5]
[-3, -2, -9, 1] [0, 6, 15, -6] [1, -16, -10, 6] [18, -16, 12, -3] [-6, -2, 0, 6] [-4, -3, -6, -19] [-2, -1, 2, 3]
[-4, -9, -1, 18] [-7, -14, -13, 12] [5, 17, -19, 0] [0, 0, 0, 0] [-5, 12, 4, -8] [-8, -2, -1, 8] [-2, -4, -3, -5]
[15, 0, -5, -6] [-4, -7, -5, 0] [2, 3, -6, -2] [-3, -2, 20, -6] [-7, -15, 5, -6] [-2, 10, 21, -2] [3, 4, -8, -16]
[-6, -8, 6, -3] [8, -4, -3, 8] [5, 2, 5, 4] [2, -11, 2, -2] [5, -10, -4, -6] [-14, 7, -3, 10] [2, 16, -22, 12]
[-3, -5, -7, -5] [8, 2, -1, -9] [-7, -7, -6, -6] [-9, 5, -5, -18] [5, 12, -4, -12] [11, 9, 15, 0] [-8, 4, 3, -9]
------------------------------
ALIVE
Head: (23 9)
Body: (23 9) (23 10) (24 10) (24 9) (24 8) (24 7) (0 7) (1 7) (2 7) (2 8) (2 9) 
Length: 11, 4
Vision: 3
Hungry, suplies: 7/10
Reproductive: 16, mutating: 0.25
Generation: 6386
####################################
Wall (up, right, down, left):
[-4, -3, -19, -1] [7, -3, -4, 18] [-2, 6, 18, 3] [7, 4, 14, 2] [12, 2, 11, 1] [4, 1, 1, -2] [-4, -1, 9, -10]
[-4, 7, -12, 3] [2, 2, -4, 6] [0, -5, -7, 14] [-12, -4, 10, 20] [9, -10, 11, 12] [-3, -1, 12, 0] [-5, -4, 3, 5]
[8, 8, 2, -12] [-5, 3, -9, 15] [5, 1, -1, -14] [-26, 0, 15, 11] [-15, 2, -8, 1] [5, -8, -12, 13] [-1, -3, 9, 15]
[-2, -1, 5, -12] [8, 17, -4, -3] [3, 6, -1, -39] [0, 0, 0, 0] [3, -32, 12, 4] [5, -8, 16, 10] [0, -5, -1, -14]
[8, 5, -16, -10] [2, 6, 1, 2] [13, 6, -12, -1] [8, -1, -33, -10] [3, -10, -5, 9] [-1, 16, -6, 9] [-9, -5, 3, -8]
[0, 5, 4, 6] [-4, -5, -11, -15] [3, -7, 1, -8] [0, 2, 1, -5] [7, -5, -17, -1] [2, 7, 4, -8] [-2, 2, 0, 13]
[-2, -3, -14, -1] [-1, 0, 5, -1] [0, -1, -2, -5] [2, 7, -4, -4] [16, -3, 0, 4] [0, 8, -12, 2] [-5, -8, 1, 8]
Food (up, right, down, left):
[13, 14, -5, 8] [-5, 6, -1, -3] [0, -5, -4, 2] [5, -7, -11, 3] [0, 7, -4, 12] [4, -3, 3, 7] [-6, 8, 2, -8]
[-7, -7, -5, 0] [-2, -3, -5, 0] [19, 13, 0, -1] [-11, 7, -6, 11] [8, -9, 0, -12] [1, 0, 10, 13] [-3, -12, -4, -5]
[-3, -2, -9, 1] [-1, 6, 15, -6] [1, -16, -10, 6] [18, -16, 9, -3] [-6, -2, 0, 6] [-4, -3, -6, -19] [-2, -1, 3, 3]
[-4, -9, -1, 18] [-7, -14, -13, 12] [10, 17, -19, 0] [0, 0, 0, 0] [-5, 12, 4, -8] [-8, -2, -1, 8] [-2, -4, -3, -5]
[15, 0, -5, -6] [-4, -7, -5, 0] [2, 3, -6, -2] [-3, -2, 20, -6] [-7, -13, 5, -6] [-2, 10, 21, -2] [3, 4, -8, -16]
[-6, -8, 6, -3] [8, -4, -3, 8] [5, 2, 5, 4] [2, -11, 2, -2] [5, -10, -4, -6] [-14, 7, -3, 10] [2, 16, -22, 12]
[-3, -5, -7, -5] [8, 2, -1, -9] [-11, -7, -6, -6] [-9, 5, -5, -18] [5, 12, -4, -12] [11, 9, 15, 0] [-8, 4, 3, -9]
------------------------------
ALIVE
Head: (22 52)
Body: (22 52) (22 51) (22 50) (22 49) (22 48) (21 48) (21 47) (20 47) (20 46) (21 46) (22 46) (23 46) (23 45) (23 44) (22 44) 
Length: 15, 4
Vision: 3
Hungry, suplies: 7/10
Reproductive: 16, mutating: 0.25
Generation: 6383
####################################
Wall (up, right, down, left):
[-4, -3, -19, -1] [7, -3, -4, 18] [-2, 6, 18, 3] [7, 4, 14, 2] [12, 2, 11, 1] [4, 1, 1, -2] [-4, -3, 9, -10]
[-4, 7, -12, 3] [2, 2, -4, 6] [0, -4, -7, 14] [-12, -4, 10, 20] [9, -10, 11, 12] [-3, -1, 12, 0] [-5, -4, 3, 5]
[8, 8, 2, -12] [-5, 3, -9, 15] [5, 1, -1, -14] [-26, 0, 15, 11] [-15, 2, -8, 1] [5, -8, -12, 13] [-1, -3, 9, 10]
[-2, -1, 5, -12] [8, 17, -4, -3] [3, 6, -1, -39] [0, 0, 0, 0] [3, -32, 12, 4] [5, -8, 16, 10] [0, -5, -1, -14]
[8, 5, -16, -10] [2, 6, 1, 2] [13, 6, -12, -1] [8, -1, -33, -10] [3, -10, -5, 9] [-1, 16, -6, 9] [-9, -5, 3, -8]
[0, 5, 4, 6] [-4, -5, -11, -15] [3, -7, 1, -8] [5, 2, 1, -5] [7, -5, -17, -1] [2, 7, 4, -8] [-2, 2, 0, 13]
[-2, -3, -14, -1] [-1, 0, 5, -1] [-2, -1, -2, -5] [2, 7, -4, -4] [16, -3, 0, 4] [0, 8, -12, 2] [-5, -8, 1, 8]
Food (up, right, down, left):
[13, 14, -5, 8] [-5, 6, -1, -3] [0, -5, -4, 2] [5, -7, -11, 3] [0, 7, -4, 12] [4, -3, 3, 7] [-6, 8, 5, -8]
[-7, -7, -5, 0] [-2, -3, -5, 0] [19, 16, 0, -1] [-11, 7, -6, 11] [8, -9, 0, -12] [1, 0, 10, 13] [-3, -12, -4, -5]
[-3, -2, -9, 1] [-1, 6, 15, -6] [1, -16, -10, 6] [18, -16, 9, -3] [-6, -2, 0, 6] [-4, -3, -6, -19] [-2, -1, 2, 3]
[-4, -9, -1, 18] [-7, -14, -13, 12] [10, 17, -19, 0] [0, 0, 0, 0] [-5, 12, 4, -8] [-8, -2, -1, 8] [-2, -4, -3, -5]
[15, 0, -5, -6] [-4, -7, -5, 0] [2, 3, -6, -2] [-3, -2, 20, -6] [-7, -13, 5, -6] [-2, 10, 21, -2] [3, 4, -8, -16]
[-6, -8, 6, -3] [8, -4, -3, 8] [5, 2, 5, 4] [2, -11, 0, -2] [5, -10, -4, -6] [-14, 7, -3, 10] [2, 16, -22, 12]
[-3, -5, -7, -5] [8, 2, -1, -9] [-7, -7, -6, -6] [-9, 5, -5, -18] [5, 12, -4, -12] [11, 9, 15, 0] [-8, 4, 3, -9]
------------------------------
ALIVE
Head: (15 26)
Body: (15 26) (16 26) (17 26) (18 26) (19 26) (19 27) (20 27) (21 27) (22 27) 
Length: 9, 4
Vision: 3
Hungry, suplies: 7/10
Reproductive: 16, mutating: 0.25
Generation: 6383
####################################
Wall (up, right, down, left):
[-4, -3, -19, -1] [4, -3, -4, 18] [-2, 6, 18, 3] [7, 4, 14, 2] [12, 2, 11, 1] [4, 1, 1, -2] [-4, -1, 9, -10]
[-4, 7, -12, 3] [7, 2, -4, 6] [0, -5, -7, 14] [-12, -4, 10, 20] [9, -10, 11, 12] [-3, 4, 12, 0] [-5, -4, 7, 5]
[8, 8, 2, -12] [-10, 3, -9, 15] [5, 1, -1, -14] [-26, 0, 18, 11] [-15, 2, -8, 1] [0, -8, -12, 13] [-1, -3, 9, 8]
[-2, -1, 5, -12] [8, 17, -4, -3] [3, 4, -1, -39] [0, 0, 0, 0] [3, -32, 13, 4] [5, -8, 16, 10] [0, -5, -1, -14]
[8, 5, -16, -10] [2, 6, 1, 5] [9, 6, -12, -1] [8, -1, -33, -10] [3, -10, -5, 9] [-1, 16, -6, 9] [-9, -5, 3, -8]
[0, 5, 4, 5] [-4, -5, -15, -14] [3, -12, 1, -13] [0, 2, 1, -5] [7, -5, -17, -1] [2, 7, 4, -6] [-2, 2, 0, 13]
[-2, -3, -14, -1] [-1, 0, 5, -1] [-2, -1, -2, -5] [2, 7, -4, -4] [16, -3, 0, 4] [0, 8, -12, 2] [-5, -8, 1, 8]
Food (up, right, down, left):
[13, 14, -5, 8] [-5, 6, -1, -5] [0, -5, -4, 2] [5, -7, -11, 3] [0, 7, -4, 12] [4, -3, 3, 7] [-6, 8, 2, -8]
[-7, -7, -5, 0] [-2, -5, -5, 0] [19, 13, 0, -1] [-11, 7, -6, 11] [8, -9, 0, -12] [2, 0, 10, 13] [-3, -11, -4, -5]
[-3, -2, -9, 1] [-1, 6, 15, -6] [1, -16, -10, 6] [18, -16, 7, -3] [-6, -2, 0, 6] [-2, -3, -6, -19] [-2, -1, -3, 3]
[-4, -9, -1, 18] [-7, -14, -13, 12] [0, 17, -19, 5] [0, 0, 0, 0] [-5, 14, 4, -8] [-8, -2, -1, 8] [-2, -4, -3, -5]
[15, 0, -5, -6] [-4, -11, -5, 0] [2, 3, -6, -2] [-3, -2, 20, -6] [-7, -13, 5, -6] [-2, 10, 21, -2] [3, 4, -8, -16]
[-6, -8, 3, -3] [8, -7, -3, 9] [5, 0, 5, 7] [2, -11, 2, -2] [5, -10, -4, -6] [-14, 7, -3, 9] [2, 16, -22, 12]
[-3, -5, -7, -5] [8, 2, -1, -9] [-7, -7, -6, -6] [-9, 5, -5, -18] [5, 12, -4, -12] [11, 9, 15, 0] [-8, 4, 3, -9]
------------------------------
ALIVE
Head: (11 1)
Body: (11 1) (12 1) (13 1) (13 0) (14 0) (14 1) (14 2) (14 3) (15 3) (16 3) 
Length: 10, 4
Vision: 3
Hungry, suplies: 3/10
Reproductive: 16, mutating: 0.25
Generation: 6375
####################################
Wall (up, right, down, left):
[-4, -3, -19, -1] [7, -3, -4, 18] [-2, 6, 18, 3] [7, 4, 14, 2] [12, 2, 11, 1] [4, 1, 1, -2] [-4, -1, 9, -10]
[-4, 7, -12, 3] [2, 2, -4, 6] [0, -4, -7, 14] [-12, -4, 10, 20] [9, -10, 11, 12] [-3, -1, 12, 0] [-5, -4, 3, 5]
[8, 8, 2, -12] [-5, 3, -9, 15] [5, 1, -1, -14] [-26, 0, 15, 11] [-15, 2, -8, 1] [5, -8, -12, 13] [-1, -3, 9, 10]
[-2, -1, 5, -12] [8, 17, -4, -3] [3, 6, -1, -39] [0, 0, 0, 0] [3, -32, 12, 4] [5, -8, 16, 10] [0, -5, -1, -14]
[8, 5, -16, -10] [2, 6, 1, 2] [13, 6, -12, -1] [8, -1, -33, -10] [3, -10, -5, 9] [-1, 16, -6, 9] [-9, -5, 3, -8]
[0, 5, 4, 6] [-4, -5, -11, -15] [3, -7, 1, -8] [5, 2, 1, -5] [7, -5, -17, -1] [2, 7, 4, -8] [-2, 2, 0, 13]
[-2, -3, -14, -1] [-1, 0, 5, -1] [-2, -1, -2, -5] [2, 7, -4, -4] [16, -3, 0, 4] [0, 8, -12, 2] [-5, -8, 1, 8]
Food (up, right, down, left):
[13, 14, -5, 8] [-5, 6, -1, -3] [0, -5, -4, 2] [5, -7, -11, 3] [0, 7, -4, 12] [4, -3, 3, 7] [-6, 8, 2, -8]
[-7, -7, -5, 0] [-2, -3, -5, 0] [19, 16, 0, -1] [-11, 7, -6, 11] [8, -9, 0, -12] [1, 0, 10, 13] [-3, -12, -4, -5]
[-3, -2, -9, 1] [-1, 6, 15, -6] [1, -16, -10, 6] [18, -16, 9, -3] [-6, -2, 0, 6] [-4, -3, -6, -19] [-2, -1, 2, 3]
[-4, -9, -1, 18] [-7, -14, -13, 12] [10, 17, -19, 0] [0, 0, 0, 0] [-5, 12, 4, -8] [-8, -2, -1, 8] [-2, -4, -3, -5]
[15, 0, -5, -6] [-4, -7, -5, 0] [2, 3, -6, -2] [-3, -2, 20, -6] [-7, -13, 5, -6] [-2, 10, 21, -2] [3, 4, -8, -16]
[-6, -8, 6, -3] [8, -4, -3, 8] [5, 2, 5, 4] [2, -11, 0, -2] [5, -10, -4, -6] [-14, 7, -3, 10] [2, 16, -22, 12]
[-3, -5, -7, -5] [8, 2, -1, -9] [-7, -7, -6, -6] [-9, 5, -5, -18] [5, 12, -4, -12] [11, 9, 15, 0] [-8, 4, 3, -9]
------------------------------
ALIVE
Head: (17 24)
Body: (17 24) (18 24) (19 24) (20 24) (21 24) (22 24) (22 23) (23 23) (23 24) (23 25) (-1 25) (0 25) 
Length: 12, 4
Vision: 3
Hungry, suplies: 5/10
Reproductive: 16, mutating: 0.25
Generation: 6383
####################################
Wall (up, right, down, left):
[-4, -3, -19, -1] [7, -3, -4, 18] [-2, 6, 18, 3] [7, 4, 14, 2] [12, 2, 11, 1] [4, 1, 1, -2] [-4, -1, 9, -10]
[-4, 7, -12, 3] [4, 2, -4, 6] [0, -5, -7, 14] [-12, -4, 10, 20] [9, -10, 11, 12] [-3, -1, 12, 0] [-5, -4, 3, 5]
[8, 8, 2, -12] [-5, 3, -9, 19] [5, 1, -1, -14] [-26, 0, 15, 11] [-15, 2, -8, 1] [5, -8, -12, 13] [-1, -3, 9, 10]
[-2, -1, 5, -12] [8, 17, -4, -3] [3, 4, -1, -39] [0, 0, 0, 0] [3, -32, 12, 4] [5, -8, 16, 10] [0, -5, -1, -14]
[8, 5, -16, -10] [2, 6, 1, 2] [13, 6, -12, -1] [8, -1, -33, -10] [3, -10, -5, 9] [-1, 16, -6, 9] [-9, -5, 3, -8]
[0, 5, 4, 6] [-4, -5, -11, -15] [3, -7, 1, -8] [0, 2, 1, -5] [7, -5, -17, -1] [2, 7, 4, -8] [-2, 2, 0, 13]
[-2, -3, -14, -1] [-1, 0, 5, -1] [-2, -1, -2, -5] [2, 7, -4, -4] [16, -3, 0, 4] [0, 8, -12, 2] [-5, -8, 1, 8]
Food (up, right, down, left):
[13, 14, -5, 8] [-5, 6, -1, -3] [0, -5, -4, 2] [5, -7, -11, 3] [0, 7, -4, 12] [4, -3, 3, 7] [-6, 8, 2, -8]
[-7, -7, -5, 0] [-3, -3, -5, 0] [19, 13, 0, -1] [-11, 7, -6, 11] [8, -9, 0, -12] [1, 0, 10, 13] [-3, -12, -4, -5]
[-3, -2, -9, 1] [0, 6, 15, -6] [1, -16, -10, 6] [18, -16, 9, -3] [-6, -2, 0, 6] [-4, -3, -6, -19] [-2, -1, 2, 3]
[-4, -9, -1, 18] [-7, -14, -13, 12] [5, 17, -19, 0] [0, 0, 0, 0] [-5, 12, 4, -8] [-8, -2, -1, 8] [-2, -4, -3, -5]
[15, 0, -5, -6] [-4, -7, -5, 0] [2, 3, -6, -2] [-3, -2, 20, -6] [-7, -15, 5, -6] [-2, 10, 21, -2] [3, 4, -8, -16]
[-6, -8, 6, -3] [8, -4, -3, 8] [5, 2, 5, 4] [2, -11, 2, -2] [5, -10, -4, -6] [-14, 7, -3, 10] [2, 16, -22, 12]
[-3, -5, -7, -5] [8, 2, -1, -9] [-7, -7, -6, -6] [-9, 5, -5, -18] [5, 12, -4, -12] [11, 9, 15, 0] [-8, 4, 3, -9]
------------------------------
ALIVE
Head: (18 7)
Body: (18 7) (18 8) (18 9) (19 9) (20 9) (20 8) (21 8) 
Length: 7, 4
Vision: 3
Hungry, suplies: 10/10
Reproductive: 16, mutating: 0.25
Generation: 6384
####################################
Wall (up, right, down, left):
[-4, -3, -19, -1] [4, -3, -4, 18] [-2, 6, 18, 3] [7, 4, 14, 2] [12, 2, 11, 1] [4, 1, 1, -2] [-4, -1, 9, -10]
[-4, 7, -12, 3] [7, 2, -4, 6] [0, -5, -7, 14] [-12, -4, 10, 20] [9, -10, 11, 12] [-3, 4, 12, 0] [-5, -4, 7, 5]
[8, 8, 2, -12] [-10, 3, -9, 15] [5, 1, -1, -14] [-26, 0, 18, 11] [-15, 2, -8, 1] [0, -8, -12, 13] [-1, -3, 9, 10]
[-2, -1, 5, -12] [8, 17, -4, -3] [3, 4, -1, -39] [0, 0, 0, 0] [3, -32, 13, 4] [5, -8, 16, 10] [0, -5, -6, -14]
[8, 5, -16, -10] [2, 6, 1, 5] [9, 6, -12, -1] [8, -1, -33, -10] [3, -10, -5, 9] [-1, 16, -6, 9] [-9, -5, 3, -8]
[0, 5, 4, 5] [-4, -5, -15, -14] [3, -12, 1, -13] [0, 2, 1, -5] [7, -5, -17, -1] [2, 7, 4, -6] [-2, 2, 0, 13]
[-2, -3, -14, -1] [-1, 5, 5, -1] [-2, -1, 0, -5] [2, 7, -4, -4] [16, -5, 0, 4] [0, 8, -12, 2] [-5, -8, 1, 8]
Food (up, right, down, left):
[13, 14, -5, 8] [-5, 6, -1, -5] [0, -5, -4, 2] [5, -7, -11, 3] [0, 7, -4, 12] [4, -3, 3, 7] [-6, 8, 2, -8]
[-7, -7, -5, 0] [-2, -5, -5, 0] [19, 13, 0, -1] [-11, 7, -6, 11] [8, -9, 0, -12] [2, 0, 10, 13] [-3, -11, -4, -5]
[-3, -2, -9, 1] [-1, 6, 15, -6] [1, -16, -10, 6] [18, -16, 7, -3] [-6, -2, 0, 6] [-2, -3, -6, -19] [-2, -1, 2, 3]
[-4, -9, -1, 18] [-7, -14, -13, 12] [0, 17, -19, 5] [0, 0, 0, 0] [-5, 14, 4, -8] [-8, -2, -1, 8] [-2, -4, -3, -9]
[15, 0, -5, -6] [-4, -11, -5, 0] [2, 3, -6, -2] [-3, -2, 20, -6] [-7, -13, 5, -6] [-2, 10, 21, -2] [3, 4, -8, -16]
[-6, -8, 3, -3] [8, -7, -3, 9] [5, 0, 5, 7] [2, -11, 2, -2] [5, -10, -4, -6] [-14, 7, -3, 9] [2, 16, -22, 12]
[-3, -5, -7, -5] [8, 2, -6, -9] [-4, -7, -6, -6] [-9, 5, -5, -18] [5, 12, -4, -11] [11, 9, 15, 0] [-8, 4, 3, -9]
------------------------------
ALIVE
Head: (0 52)
Body: (0 52) (1 52) (2 52) (3 52) (3 51) (4 51) (5 51) 
Length: 7, 4
Vision: 3
Hungry, suplies: 10/10
Reproductive: 16, mutating: 0.25
Generation: 6380
####################################
Wall (up, right, down, left):
[-4, -3, -19, -1] [7, -3, -4, 18] [-2, 6, 18, 3] [7, 4, 14, 2] [12, 2, 11, 1] [4, 1, 1, -2] [-4, -1, 9, -10]
[-4, 7, -12, 3] [4, 2, -4, 6] [0, -5, -7, 14] [-12, -4, 10, 20] [9, -10, 11, 12] [-3, -1, 12, 0] [-5, -4, 3, 5]
[8, 8, 2, -12] [-5, 3, -9, 19] [5, 1, -1, -14] [-26, 0, 15, 11] [-15, 2, -8, 1] [5, -8, -12, 13] [-1, -3, 9, 10]
[-2, -1, 5, -12] [8, 17, -4, -3] [3, 4, -1, -39] [0, 0, 0, 0] [3, -32, 12, 4] [5, -8, 16, 10] [0, -5, -1, -14]
[8, 5, -16, -10] [2, 6, 1, 2] [13, 6, -12, -1] [8, -1, -33, -10] [3, -10, -5, 9] [-1, 16, -6, 9] [-9, -5, 3, -8]
[0, 5, 4, 6] [-4, -5, -11, -15] [3, -7, 1, -8] [0, 2, 1, -5] [7, -5, -17, -1] [2, 7, 4, -8] [-2, 2, 0, 13]
[-2, -3, -14, -1] [-1, 0, 5, -1] [-2, -1, -2, -5] [2, 7, -4, -4] [16, -3, 0, 4] [0, 8, -12, 2] [-5, -8, 1, 8]
Food (up, right, down, left):
[13, 14, -5, 8] [-5, 6, -1, -3] [0, -5, -4, 2] [5, -7, -11, 3] [0, 7, -4, 12] [4, -3, 3, 7] [-6, 8, 2, -8]
[-7, -7, -5, 0] [-3, -3, -5, 0] [19, 13, 0, -1] [-11, 7, -6, 11] [8, -9, 0, -12] [1, 0, 10, 13] [-3, -12, -4, -5]
[-3, -2, -9, 1] [0, 6, 15, -6] [1, -16, -10, 6] [18, -16, 9, -3] [-6, -2, 0, 6] [-4, -3, -6, -19] [-2, -1, 2, 3]
[-4, -9, -1, 18] [-7, -14, -13, 12] [5, 17, -19, 0] [0, 0, 0, 0] [-5, 12, 4, -8] [-8, -2, -1, 8] [-2, -4, -3, -5]
[15, 0, -5, -6] [-4, -7, -5, 0] [2, 3, -6, -2] [-3, -2, 20, -6] [-7, -15, 5, -6] [-2, 10, 21, -2] [3, 4, -8, -16]
[-6, -8, 6, -3] [8, -4, -3, 8] [5, 2, 5, 4] [2, -11, 2, -2] [5, -10, -4, -6] [-14, 7, -3, 10] [2, 16, -22, 12]
[-3, -5, -7, -5] [8, 2, -1, -9] [-7, -7, -6, -6] [-9, 5, -5, -18] [5, 12, -4, -12] [11, 9, 15, 0] [-8, 4, 3, -9]
------------------------------
ALIVE
Head: (20 12)
Body: (20 12) (21 12) (21 13) (21 14) (21 15) (21 16) (21 17) (20 17) 
Length: 8, 4
Vision: 3
Hungry, suplies: 5/10
Reproductive: 16, mutating: 0.25
Generation: 6383
####################################
