Wall (up, right, down, left):
[-3, -11, -19, 6] [12, -12, -16, -4] [-2, 5, 0, -13] [8, 3, 13, 7] [-20, 3, 26, -26] [2, 5, 9, -18] [-34, -15, -8, -12]
[4, 4, 17, -6] [9, 20, 6, 7] [-6, 17, 4, -10] [-23, 18, 3, 4] [28, 10, -5, -5] [-12, -9, 8, 9] [-13, -9, 16, -8]
[1, 7, 38, 1] [-11, 5, -10, 19] [-24, -7, 22, -5] [-59, 21, 35, 32] [-41, -30, -33, 14] [-3, -26, 12, 25] [-16, -15, -6, -19]
[5, 8, 6, -30] [8, 3, 8, -25] [1, 13, -6, -97] [0, 0, 0, 0] [27, -82, 17, 10] [21, -7, -12, 17] [3, -5, 13, -2]
[-25, -23, -12, -17] [20, 16, -9, 3] [-3, 15, -15, -2] [14, 8, -58, 18] [-3, -8, -17, 39] [11, 14, -12, 4] [-24, -28, 12, 4]
[13, 17, 4, 15] [6, 10, -7, -18] [14, 4, 21, -1] [-4, 0, -19, 9] [9, 22, 0, 15] [35, -2, -8, 5] [31, 5, 5, 5]
[-9, -11, -12, -6] [4, -1, -3, -3] [4, -5, 11, -7] [-7, 16, -19, -4] [22, 13, -7, 3] [23, -4, -19, 13] [4, -6, 3, 7]
Food (up, right, down, left):
[30, 7, -1, 14] [-9, 7, -9, -27] [19, -5, -18, 11] [-9, -3, 27, 1] [-1, 9, -4, 6] [-2, -12, 13, -8] [-25, 24, 4, -19]
[-42, -10, -11, -27] [3, -6, -10, -10] [-2, 17, 0, 13] [-12, 14, -26, 22] [12, 9, 7, -41] [25, -10, -21, 13] [6, -8, 2, 7]
[-18, 18, -3, -35] [-13, -6, -2, 20] [-29, -22, -15, 10] [32, -17, 9, -5] [-14, -7, -1, -9] [-5, 3, -36, -31] [12, 21, 6, 24]
[11, 2, 15, 31] [-19, -14, -31, 19] [1, 3, -25, -18] [0, 0, 0, 0] [-29, 42, -19, 6] [-24, 11, -19, 1] [-8, 13, -5, 7]
[-3, 16, 0, 24] [7, 5, 14, 16] [21, -11, 31, -1] [-5, -10, 13, -11] [-5, -7, 21, -31] [-7, 45, 9, 20] [18, 11, 1, -48]
[12, -17, -1, -13] [-5, 6, 26, 22] [10, 14, 3, 19] [-15, -20, 7, -29] [-13, -29, -11, -23] [-2, 28, -15, 23] [8, 36, -11, 11]
[-2, 1, -20, -10] [11, 1, 3, -21] [11, 15, 5, -6] [0, 17, 30, -31] [26, 31, -8, -2] [11, 31, 7, 1] [18, -19, 18, -15]
------------------------------
ALIVE
Head: (9 43)
Body: (9 43) (9 42) (10 42) (10 41) (10 40) (11 40) (12 40) (13 40) (14 40) (15 40) (15 39) (15 38) 
Length: 12, 4
Vision: 3
Hungry, suplies: 8/10
Reproductive: 16, mutating: 0.25
Generation: 27100
####################################
Wall (up, right, down, left):
[-3, -11, -19, 6] [12, -12, -16, -4] [-2, 5, 0, -13] [8, 3, 13, 7] [-20, 3, 26, -26] [2, 5, 9, -18] [-34, -15, -8, -12]
[4, 4, 17, -6] [9, 20, 6, 7] [-6, 17, 4, -10] [-23, 18, 3, 1] [28, 10, -5, -5] [-12, -9, 8, 9] [-13, -9, 16, -8]
[1, 7, 38, 1] [-11, 5, -10, 19] [-22, -7, 22, -5] [-59, 21, 35, 32] [-41, -30, -33, 14] [-3, -26, 12, 25] [-16, -15, -6, -19]
[5, 8, 4, -30] [8, 3, 8, -25] [1, 13, -6, -97] [0, 0, 0, 0] [27, -82, 14, 10] [21, -7, -12, 17] [3, -5, 13, -2]
[-25, -23, -12, -17] [20, 16, -9, 3] [-3, 15, -15, -2] [13, 8, -58, 18] [-3, -8, -17, 39] [11, 14, -12, 4] [-24, -28, 14, 4]
[13, 17, 4, 15] [6, 10, -7, -18] [14, 4, 21, -1] [-4, 0, -19, 9] [9, 22, 0, 15] [35, -2, -8, 5] [31, 5, 5, 5]
[-9, -11, -12, -6] [4, -1, -3, -3] [4, -5, 11, -7] [-7, 16, -19, -4] [22, 13, -7, 3] [23, -4, -19, 13] [4, -6, 3, 7]
Food (up, right, down, left):
[30, 7, -1, 14] [-9, 7, -9, -27] [19, -5, -18, 11] [-6, -3, 27, 1] [-1, 9, -4, 6] [-2, -12, 13, -8] [-25, 24, 4, -19]
[-42, -10, -11, -27] [3, -6, -10, -10] [-2, 17, 0, 13] [-12, 12, -26, 22] [12, 9, 7, -41] [25, -10, -21, 13] [6, -8, 2, 7]
[-18, 18, -3, -35] [-13, -6, -2, 20] [-29, -22, -15, 10] [32, -17, 9, -5] [-14, -7, -1, -9] [-5, 3, -36, -31] [12, 21, 6, 24]
[11, 2, 15, 33] [-19, -14, -31, 19] [1, 3, -25, -18] [0, 0, 0, 0] [-29, 39, -19, 6] [-24, 11, -19, 1] [-8, 13, -5, 7]
[-3, 16, 0, 24] [7, 5, 14, 16] [21, -11, 31, -1] [-5, -10, 13, -15] [-5, -7, 21, -31] [-7, 45, 9, 20] [18, 11, -2, -48]
[12, -17, -1, -13] [-5, 6, 26, 22] [10, 14, 3, 19] [-15, -20, 7, -29] [-13, -29, -11, -23] [-2, 28, -15, 23] [8, 36, -11, 11]
[-2, 1, -20, -10] [11, 1, 3, -21] [11, 15, 5, -6] [0, 17, 30, -31] [26, 31, -8, -2] [11, 31, 7, 1] [18, -19, 18, -15]
------------------------------
ALIVE
Head: (21 1)
Body: (21 1) (20 1) (19 1) (19 57) (19 56) (19 55) (19 54) (19 53) (19 52) (20 52) (20 51) (21 51) (21 52) 
Length: 13, 4
Vision: 3
Hungry, suplies: 4/10
Reproductive: 16, mutating: 0.25
Generation: 27105
####################################
Wall (up, right, down, left):
[-3, -11, -19, 6] [12, -12, -16, -4] [-2, 5, 0, -13] [8, 3, 13, 7] [-20, 3, 26, -26] [2, 5, 9, -18] [-34, -15, -8, -12]
[4, 4, 17, -6] [9, 20, 6, 7] [-6, 17, 4, -10] [-23, 18, 3, 1] [28, 10, -5, -5] [-12, -9, 8, 9] [-13, -9, 16, -8]
[1, 7, 38, 1] [-11, 5, -10, 19] [-22, -7, 22, -5] [-59, 21, 35, 32] [-41, -30, -33, 14] [-3, -26, 12, 25] [-16, -15, -6, -19]
[5, 8, 6, -30] [8, 3, 8, -25] [1, 13, -6, -97] [0, 0, 0, 0] [27, -82, 14, 10] [21, -7, -12, 17] [3, -5, 13, -2]
[-25, -23, -12, -17] [20, 16, -9, 3] [-3, 15, -15, -2] [13, 8, -58, 18] [-3, -8, -17, 39] [11, 14, -12, 4] [-24, -28, 14, 4]
[13, 17, 4, 15] [6, 10, -7, -18] [14, 4, 21, -1] [-4, 0, -19, 9] [9, 22, 0, 15] [35, -2, -8, 5] [31, 5, 5, 5]
[-9, -11, -12, -6] [4, -1, -3, -3] [4, -5, 11, -7] [-7, 16, -19, -4] [22, 13, -7, 3] [23, -4, -19, 13] [4, -6, 3, 7]
Food (up, right, down, left):
[30, 7, -1, 14] [-9, 7, -9, -27] [19, -5, -18, 11] [-6, -3, 27, 1] [-1, 9, -4, 6] [-2, -12, 13, -8] [-25, 24, 4, -19]
[-42, -10, -11, -27] [3, -6, -10, -10] [-2, 17, 0, 13] [-12, 12, -26, 22] [12, 9, 7, -41] [25, -10, -21, 13] [6, -8, 2, 7]
[-18, 18, -3, -35] [-13, -6, -2, 20] [-29, -22, -15, 10] [32, -17, 9, -5] [-14, -7, -1, -9] [-5, 3, -36, -31] [12, 21, 6, 24]
[11, 2, 15, 31] [-19, -14, -31, 19] [1, 3, -25, -18] [0, 0, 0, 0] [-29, 39, -19, 6] [-24, 11, -19, 1] [-8, 13, -5, 7]
[-3, 16, 0, 24] [7, 5, 14, 16] [21, -11, 31, -1] [-5, -10, 13, -15] [-5, -7, 21, -31] [-7, 45, 9, 20] [18, 11, -2, -48]
[12, -17, -1, -13] [-5, 6, 26, 22] [10, 14, 3, 19] [-15, -20, 7, -29] [-13, -29, -11, -23] [-2, 28, -15, 23] [8, 36, -11, 11]
[-2, 1, -20, -10] [11, 1, 3, -21] [11, 15, 5, -6] [0, 17, 30, -31] [26, 31, -8, -2] [11, 31, 7, 1] [18, -19, 18, -15]
------------------------------
ALIVE
Head: (10 55)
Body: (10 55) (10 54) (9 54) (8 54) (8 55) (7 55) (6 55) (5 55) (5 54) (5 53) (4 53) (4 52) (4 51) (4 50) (4 49) 
Length: 15, 4
Vision: 3
Hungry, suplies: 9/10
Reproductive: 16, mutating: 0.25
Generation: 27099
####################################
Wall (up, right, down, left):
[-3, -11, -19, 6] [12, -12, -16, -4] [-2, 9, 0, -13] [8, 3, 13, 7] [-20, 3, 26, -26] [2, 5, 9, -18] [-34, -15, -8, -12]
[4, 7, 17, -6] [9, 20, 6, 7] [-6, 17, 4, -10] [-23, 18, 3, 4] [28, 10, -5, -5] [-12, -9, 8, 9] [-13, -9, 16, -8]
[2, 7, 38, 1] [-11, 5, -10, 19] [-22, -7, 22, -5] [-59, 21, 35, 32] [-41, -30, -33, 14] [-3, -26, 12, 25] [-16, -15, -6, -19]
[5, 8, 6, -30] [8, 3, 8, -25] [1, 13, -6, -97] [0, 0, 0, 0] [28, -82, 14, 10] [21, -7, -12, 17] [3, -5, 13, -2]
[-25, -23, -12, -17] [20, 16, -9, 3] [-3, 15, -15, -2] [13, 8, -58, 18] [-1, -8, -14, 39] [11, 14, -12, 4] [-24, -28, 14, 4]
[13, 17, 4, 15] [6, 10, -7, -18] [14, 4, 21, -1] [-4, 0, -19, 9] [9, 22, 0, 15] [35, -2, -8, 5] [31, 5, 5, 5]
[-12, -11, -12, -6] [4, -1, -3, -3] [4, -5, 11, -7] [-7, 16, -19, -4] [22, 13, -7, 3] [23, -4, -19, 13] [4, -6, 3, 7]
Food (up, right, down, left):
[30, 7, -1, 14] [-9, 7, -9, -27] [20, -5, -18, 11] [-6, -3, 27, 1] [-1, 9, -4, 6] [-2, -12, 13, -8] [-25, 24, 4, -19]
[-42, -10, -11, -27] [3, -6, -10, -10] [-2, 17, 0, 13] [-12, 14, -26, 22] [12, 9, 7, -41] [25, -10, -21, 13] [6, -8, 2, 7]
[-18, 16, -3, -35] [-13, -6, -2, 20] [-29, -22, -15, 10] [32, -17, 9, -5] [-14, -7, -1, -9] [-5, 3, -36, -31] [12, 21, 6, 24]
[11, 2, 15, 31] [-19, -14, -31, 19] [1, 3, -25, -18] [0, 0, 0, 0] [-29, 39, -19, 10] [-24, 11, -19, 1] [-8, 13, -5, 7]
[-3, 16, 0, 24] [7, 5, 14, 16] [21, -11, 31, -1] [-5, -10, 13, -15] [-4, -7, 21, -34] [-7, 45, 9, 20] [18, 11, -2, -48]
[12, -17, -1, -13] [-5, 6, 26, 22] [10, 14, 3, 19] [-15, -20, 7, -29] [-13, -29, -11, -23] [-2, 28, -15, 23] [8, 36, -11, 11]
[-3, 1, -20, -10] [11, 1, 3, -21] [11, 15, 5, -6] [0, 17, 30, -31] [26, 31, -8, -2] [11, 31, 7, 1] [18, -19, 18, -15]
------------------------------
ALIVE
Head: (12 50)
Body: (12 50) (12 49) (11 49) (10 49) (10 48) (10 47) (10 46) (11 46) (12 46) (13 46) (14 46) (14 47) (14 48) (15 48) (16 48) 
Length: 15, 4
Vision: 3
Hungry, suplies: 10/10
Reproductive: 16, mutating: 0.25
Generation: 27113
####################################
Wall (up, right, down, left):
[-3, -11, -19, 6] [12, -12, -16, -4] [-2, 5, 0, -13] [8, 3, 13, 7] [-20, 3, 26, -26] [2, 5, 9, -18] [-34, -15, -8, -12]
[4, 4, 17, -6] [9, 20, 6, 7] [-6, 17, 4, -10] [-23, 18, 3, 1] [28, 10, -5, -5] [-12, -9, 8, 9] [-13, -9, 16, -8]
[1, 7, 38, 1] [-11, 5, -10, 19] [-22, -7, 22, -5] [-59, 21, 35, 32] [-41, -30, -33, 14] [-3, -26, 12, 25] [-16, -15, -6, -19]
[5, 8, 6, -30] [8, 3, 8, -25] [1, 13, -6, -97] [0, 0, 0, 0] [27, -82, 14, 10] [21, -7, -12, 17] [3, -5, 13, -2]
[-25, -23, -12, -17] [20, 16, -9, 3] [-3, 15, -15, -2] [13, 8, -58, 18] [-3, -8, -17, 39] [11, 14, -12, 4] [-24, -28, 14, 4]
[13, 17, 4, 15] [6, 10, -7, -18] [14, 4, 21, -1] [-4, 0, -19, 9] [9, 22, 0, 15] [35, -2, -8, 5] [31, 5, 5, 5]
[-9, -11, -12, -6] [4, -1, -3, -3] [4, -5, 11, -7] [-7, 16, -19, -4] [22, 13, -7, 3] [23, -4, -19, 13] [4, -6, 3, 7]
Food (up, right, down, left):
[30, 7, -1, 14] [-9, 7, -9, -27] [19, -5, -18, 11] [-6, -3, 27, 1] [-1, 9, -4, 6] [-2, -12, 13, -8] [-25, 24, 4, -19]
[-42, -10, -11, -27] [3, -6, -10, -10] [-2, 17, 0, 13] [-12, 12, -26, 22] [12, 9, 7, -41] [25, -10, -21, 13] [6, -8, 2, 7]
[-18, 18, -3, -35] [-13, -6, -2, 20] [-29, -22, -15, 10] [32, -17, 9, -5] [-14, -7, -1, -9] [-5, 3, -36, -31] [12, 21, 6, 24]
[11, 2, 15, 31] [-19, -14, -31, 19] [1, 3, -25, -18] [0, 0, 0, 0] [-29, 39, -19, 6] [-24, 11, -19, 1] [-8, 13, -5, 7]
[-3, 16, 0, 24] [7, 5, 14, 16] [21, -11, 31, -1] [-5, -10, 13, -15] [-5, -7, 21, -31] [-7, 45, 9, 20] [18, 11, -2, -48]
[12, -17, -1, -13] [-5, 6, 26, 22] [10, 14, 3, 19] [-15, -20, 7, -29] [-13, -29, -11, -23] [-2, 28, -15, 23] [8, 36, -11, 11]
[-2, 1, -20, -10] [11, 1, 3, -21] [11, 15, 5, -6] [0, 17, 30, -31] [26, 31, -8, -2] [11, 31, 7, 1] [18, -19, 18, -15]
------------------------------
ALIVE
Head: (4 27)
Body: (4 27) (3 27) (2 27) (2 26) (1 26) (1 25) (0 25) 
Length: 7, 4
Vision: 3
Hungry, suplies: 6/10
Reproductive: 16, mutating: 0.25
Generation: 27100
####################################
Wall (up, right, down, left):
[-3, -11, -19, 6] [12, -12, -16, -4] [-2, 5, 0, -13] [8, 3, 13, 7] [-20, 3, 26, -26] [2, 5, 9, -18] [-34, -15, -8, -12]
[4, 4, 17, -6] [9, 20, 6, 7] [-6, 17, 4, -10] [-23, 18, 3, 4] [28, 10, -5, -5] [-12, -9, 8, 9] [-13, -9, 16, -8]
[1, 7, 38, 1] [-11, 5, -10, 19] [-24, -7, 22, -5] [-59, 21, 35, 32] [-41, -30, -33, 14] [-3, -26, 12, 25] [-16, -15, -6, -19]
[5, 8, 6, -30] [8, 3, 8, -25] [1, 13, -6, -97] [0, 0, 0, 0] [27, -82, 17, 10] [21, -7, -12, 17] [3, -5, 13, -2]
[-25, -23, -12, -17] [20, 16, -9, 3] [-3, 15, -15, -2] [14, 8, -58, 18] [-3, -8, -17, 39] [11, 14, -12, 4] [-24, -28, 12, 4]
[13, 17, 4, 15] [6, 10, -7, -18] [14, 4, 21, -1] [-4, 0, -19, 9] [9, 22, 0, 15] [35, -2, -8, 5] [31, 5, 5, 5]
[-9, -11, -12, -6] [4, -1, -3, -3] [4, -5, 11, -7] [-7, 16, -19, -4] [22, 13, -7, 3] [23, -4, -19, 13] [4, -6, 3, 7]
Food (up, right, down, left):
[30, 7, -1, 14] [-9, 7, -9, -27] [19, -5, -18, 11] [-9, -3, 27, 1] [-1, 9, -4, 6] [-2, -12, 13, -8] [-25, 24, 4, -19]
[-42, -10, -11, -27] [3, -6, -10, -10] [-2, 17, 0, 13] [-12, 14, -26, 22] [12, 9, 7, -41] [25, -10, -21, 13] [6, -8, 2, 7]
[-18, 18, -3, -35] [-13, -6, -2, 20] [-29, -22, -15, 10] [32, -17, 9, -5] [-14, -7, -1, -9] [-5, 3, -36, -31] [12, 21, 6, 24]
[11, 2, 15, 31] [-19, -14, -31, 19] [1, 3, -25, -18] [0, 0, 0, 0] [-29, 42, -19, 6] [-24, 11, -19, 1] [-8, 13, -5, 7]
[-3, 16, 0, 24] [7, 5, 14, 16] [21, -11, 31, -1] [-5, -10, 13, -11] [-5, -7, 21, -31] [-7, 45, 9, 20] [18, 11, 1, -48]
[12, -17, -1, -13] [-5, 6, 26, 22] [10, 14, 3, 19] [-15, -20, 7, -29] [-13, -29, -11, -23] [-2, 28, -15, 23] [8, 36, -11, 11]
[-2, 1, -20, -10] [11, 1, 3, -21] [11, 15, 5, -6] [0, 17, 30, -31] [26, 31, -8, -2] [11, 31, 7, 1] [18, -19, 18, -15]
------------------------------
ALIVE
Head: (22 20)
Body: (22 20) (22 19) (21 19) (20 19) (20 18) (19 18) (19 17) (19 16) (20 16) (20 17) (21 17) (22 17) (22 16) (22 15) (22 14) 
Length: 15, 4
Vision: 3
Hungry, suplies: 7/10
Reproductive: 16, mutating: 0.25
Generation: 27102
####################################
Wall (up, right, down, left):
[-3, -11, -19, 6] [12, -12, -16, -4] [-2, 9, 0, -13] [8, 3, 13, 7] [-20, 3, 26, -26] [2, 5, 9, -18] [-34, -15, -8, -12]
[4, 7, 17, -6] [9, 20, 6, 7] [-6, 17, 4, -10] [-23, 18, 3, 4] [28, 10, -5, -5] [-12, -9, 8, 9] [-13, -9, 16, -8]
[2, 7, 38, 1] [-11, 5, -10, 19] [-22, -7, 22, -5] [-59, 21, 35, 32] [-41, -30, -33, 14] [-3, -26, 12, 25] [-16, -15, -6, -19]
[5, 8, 6, -30] [8, 3, 8, -25] [1, 13, -6, -97] [0, 0, 0, 0] [28, -82, 14, 10] [21, -7, -12, 17] [3, -5, 13, -2]
[-25, -23, -12, -17] [20, 16, -9, 3] [-3, 15, -15, -2] [13, 8, -58, 18] [-1, -8, -14, 39] [11, 14, -12, 4] [-24, -28, 14, 4]
[13, 17, 4, 15] [6, 10, -7, -18] [14, 4, 21, -1] [-4, 0, -19, 9] [9, 22, 0, 15] [35, -2, -8, 5] [31, 5, 5, 5]
[-12, -11, -12, -6] [4, -1, -3, -3] [4, -5, 11, -7] [-7, 16, -19, -4] [22, 13, -7, 7] [23, -4, -19, 13] [4, -6, 3, 7]
Food (up, right, down, left):
[30, 7, -1, 14] [-9, 7, -9, -27] [20, -5, -18, 11] [-6, -3, 27, 1] [-1, 9, -4, 6] [-2, -12, 13, -8] [-25, 24, 4, -19]
[-42, -10, -11, -27] [3, -6, -10, -10] [-2, 17, 0, 13] [-12, 14, -26, 22] [12, 9, 7, -41] [25, -10, -21, 13] [6, -8, 2, 7]
[-18, 16, -3, -35] [-13, -6, -2, 20] [-29, -22, -15, 10] [32, -17, 9, -5] [-14, -7, -1, -9] [-5, 3, -36, -31] [12, 21, 6, 24]
[11, 2, 15, 31] [-19, -14, -31, 19] [1, 3, -25, -18] [0, 0, 0, 0] [-29, 39, -19, 10] [-24, 11, -19, 1] [-8, 13, -5, 7]
[-3, 16, 0, 24] [7, 5, 14, 16] [21, -11, 31, -1] [-5, -10, 13, -15] [-4, -7, 21, -34] [-7, 45, 9, 20] [18, 11, -2, -48]
[12, -17, -1, -13] [-5, 6, 26, 22] [10, 14, 3, 19] [-15, -20, 7, -29] [-13, -29, -11, -23] [-2, 28, -15, 23] [8, 36, -11, 11]
[-3, 1, -20, -10] [11, 1, 3, -21] [11, 15, 5, -6] [0, 17, 30, -31] [23, 31, -8, -2] [11, 31, 7, 1] [18, -19, 18, -15]
------------------------------
ALIVE
Head: (23 30)
Body: (23 30) (-1 30) (0 30) (0 29) (25 28) (24 28) (23 28) (23 27) (22 27) (22 26) 
Length: 10, 4
Vision: 3
Hungry, suplies: 10/10
Reproductive: 16, mutating: 0.25
Generation: 27115
####################################
Wall (up, right, down, left):
[-3, -11, -19, 6] [12, -12, -16, -4] [-2, 5, 0, -13] [8, 3, 13, 7] [-18, 3, 26, -26] [3, 5, 9, -18] [-34, -15, -8, -12]
[4, 4, 17, -6] [9, 20, 6, 7] [-6, 17, 4, -10] [-23, 18, 3, 1] [28, 10, -5, -5] [-12, -9, 8, 9] [-13, -9, 16, -8]
[1, 7, 38, 1] [-11, 5, -10, 19] [-22, -7, 22, -5] [-59, 21, 35, 32] [-41, -30, -33, 14] [-3, -26, 12, 25] [-16, -15, -6, -19]
[5, 4, 6, -30] [8, 3, 8, -25] [1, 13, -6, -97] [0, 0, 0, 0] [27, -82, 14, 10] [21, -7, -12, 17] [3, -5, 13, -2]
[-25, -23, -12, -17] [20, 16, -9, 3] [-3, 15, -15, -2] [13, 8, -58, 18] [-3, -8, -17, 39] [11, 14, -12, 4] [-24, -28, 14, 4]
[13, 17, 4, 15] [6, 10, -7, -18] [14, 4, 21, 0] [-4, 0, -19, 9] [9, 22, 0, 15] [35, -2, -8, 5] [31, 5, 5, 5]
[-9, -11, -12, -6] [4, -1, -3, -3] [4, -5, 11, -7] [-7, 16, -19, -4] [22, 13, -7, 3] [23, -4, -19, 13] [4, -6, 3, 7]
Food (up, right, down, left):
[30, 7, -1, 14] [-9, 7, -9, -27] [19, -5, -18, 11] [-6, -3, 27, 1] [-1, 9, -7, 6] [-2, -12, 13, -5] [-25, 24, 4, -19]
[-42, -10, -11, -27] [3, -6, -10, -10] [-2, 17, 0, 13] [-12, 12, -26, 22] [12, 9, 7, -41] [25, -10, -21, 13] [6, -8, 2, 7]
[-18, 18, -3, -35] [-13, -6, -2, 20] [-29, -22, -15, 10] [32, -17, 9, -5] [-14, -7, -1, -9] [-5, 3, -36, -31] [12, 21, 6, 24]
[11, 2, 15, 32] [-19, -14, -31, 19] [1, 3, -25, -18] [0, 0, 0, 0] [-29, 39, -19, 6] [-24, 11, -19, 1] [-8, 13, -5, 7]
[-3, 16, 0, 24] [7, 5, 14, 16] [21, -11, 31, -1] [-5, -10, 13, -15] [-5, -7, 21, -31] [-7, 45, 9, 20] [18, 11, -2, -48]
[12, -17, -1, -13] [-5, 6, 26, 22] [11, 14, 3, 19] [-15, -20, 7, -29] [-13, -29, -11, -23] [-2, 28, -15, 23] [8, 36, -11, 11]
[-2, 1, -20, -10] [11, 1, 3, -21] [11, 15, 5, -6] [0, 17, 30, -31] [26, 31, -8, -2] [11, 31, 7, 1] [18, -19, 18, -15]
------------------------------
ALIVE
Head: (2 19)
Body: (2 19) (3 19) (3 20) (4 20) (5 20) (5 19) (6 19) (6 18) (5 18) (5 17) (5 16) (6 16) (6 17) (7 17) 
Length: 14, 4
Vision: 3
Hungry, suplies: 8/10
Reproductive: 16, mutating: 0.25
Generation: 27103
####################################
Wall (up, right, down, left):
[-3, -11, -19, 6] [12, -12, -16, -4] [-2, 5, 0, -13] [8, 3, 13, 7] [-20, 3, 26, -26] [2, 5, 9, -18] [-34, -15, -8, -12]
[4, 4, 17, -6] [9, 20, 6, 7] [-6, 17, 4, -10] [-23, 18, 3, 1] [28, 10, -5, -5] [-12, -9, 8, 9] [-13, -9, 16, -8]
[1, 7, 38, 1] [-11, 5, -10, 19] [-22, -7, 22, -5] [-59, 21, 35, 32] [-41, -30, -33, 14] [-3, -26, 12, 25] [-16, -15, -6, -19]
[5, 8, 6, -30] [8, 3, 8, -25] [1, 13, -6, -97] [0, 0, 0, 0] [27, -82, 14, 10] [21, -7, -12, 17] [3, -5, 13, -2]
[-25, -23, -12, -17] [20, 16, -9, 3] [-3, 15, -15, -2] [13, 8, -58, 18] [-3, -8, -17, 39] [11, 14, -12, 4] [-24, -28, 14, 4]
[13, 17, 4, 15] [6, 10, -7, -18] [14, 4, 21, -1] [-4, 0, -19, 9] [9, 22, 0, 15] [35, -2, -8, 5] [31, 5, 5, 5]
[-9, -11, -12, -6] [4, -1, -3, -3] [4, -5, 11, -7] [-7, 16, -19, -4] [22, 13, -7, 3] [23, -4, -19, 13] [4, -6, 3, 7]
Food (up, right, down, left):
[30, 7, -1, 14] [-9, 7, -9, -27] [19, -5, -18, 11] [-6, -3, 27, 1] [-1, 9, -4, 6] [-2, -12, 13, -8] [-25, 24, 4, -19]
[-42, -10, -11, -27] [3, -6, -10, -10] [-2, 17, 0, 13] [-12, 12, -26, 22] [12, 9, 7, -41] [25, -10, -21, 13] [6, -8, 2, 7]
[-18, 18, -3, -35] [-13, -6, -2, 20] [-29, -22, -15, 10] [32, -17, 9, -5] [-14, -7, -1, -9] [-5, 3, -36, -31] [12, 21, 6, 24]
[11, 2, 15, 31] [-19, -14, -31, 19] [1, 3, -25, -18] [0, 0, 0, 0] [-29, 39, -19, 6] [-24, 11, -19, 1] [-8, 13, -5, 7]
[-3, 16, 0, 24] [7, 5, 14, 16] [21, -11, 31, -1] [-5, -10, 13, -15] [-5, -7, 21, -31] [-7, 45, 9, 20] [18, 11, -2, -48]
[12, -17, -1, -13] [-5, 6, 26, 22] [10, 14, 3, 19] [-15, -20, 7, -29] [-13, -29, -11, -23] [-2, 28, -15, 23] [8, 36, -11, 11]
[-2, 1, -20, -10] [11, 1, 3, -21] [11, 15, 5, -6] [0, 17, 30, -31] [26, 31, -8, -2] [11, 31, 7, 1] [18, -19, 18, -15]
------------------------------
ALIVE
Head: (18 8)
Body: (18 8) (18 7) (18 6) (19 6) (20 6) (21 6) (21 7) (21 8) (22 8) 
Length: 9, 4
Vision: 3
Hungry, suplies: 7/10
Reproductive: 16, mutating: 0.25
Generation: 27101
####################################
Wall (up, right, down, left):
[-3, -11, -19, 6] [12, -12, -16, -4] [-2, 5, 0, -13] [8, 3, 13, 7] [-20, 3, 26, -26] [2, 5, 9, -18] [-34, -15, -8, -12]
[4, 4, 17, -6] [9, 20, 6, 7] [-6, 17, 4, -10] [-23, 18, 3, 1] [28, 10, -5, -5] [-12, -9, 8, 9] [-13, -9, 16, -8]
[1, 7, 38, 1] [-11, 5, -10, 19] [-22, -7, 22, -5] [-59, 21, 35, 32] [-41, -30, -33, 14] [-3, -26, 12, 25] [-16, -15, -6, -19]
[5, 8, 4, -30] [8, 3, 8, -25] [1, 13, -6, -97] [0, 0, 0, 0] [27, -82, 14, 10] [21, -7, -12, 17] [3, -5, 13, -2]
[-25, -23, -12, -17] [20, 16, -9, 3] [-3, 15, -15, -2] [13, 8, -58, 18] [-3, -8, -17, 39] [11, 14, -12, 4] [-24, -28, 14, 4]
[13, 17, 4, 15] [6, 10, -7, -18] [14, 4, 21, -1] [-4, 0, -19, 9] [9, 22, 0, 15] [35, -2, -8, 5] [31, 5, 5, 5]
[-9, -11, -12, -6] [4, -1, -3, -3] [4, -5, 11, -7] [-7, 16, -19, -4] [22, 13, -7, 3] [23, -4, -19, 13] [4, -6, 3, 7]
Food (up, right, down, left):
[30, 7, -1, 14] [-9, 7, -9, -27] [19, -5, -18, 11] [-6, -3, 27, 1] [-1, 9, -4, 6] [-2, -12, 13, -8] [-25, 24, 4, -19]
[-42, -10, -11, -27] [3, -6, -10, -10] [-2, 17, 0, 13] [-12, 12, -26, 22] [12, 9, 7, -41] [25, -10, -21, 13] [6, -8, 2, 7]
[-18, 18, -3, -35] [-13, -6, -2, 20] [-29, -22, -15, 10] [32, -17, 9, -5] [-14, -7, -1, -9] [-5, 3, -36, -31] [12, 21, 6, 24]
[11, 2, 15, 33] [-19, -14, -31, 19] [1, 3, -25, -18] [0, 0, 0, 0] [-29, 39, -19, 6] [-24, 11, -19, 1] [-8, 13, -5, 7]
[-3, 16, 0, 24] [7, 5, 14, 16] [21, -11, 31, -1] [-5, -10, 13, -15] [-5, -7, 21, -31] [-7, 45, 9, 20] [18, 11, -2, -48]
[12, -17, -1, -13] [-5, 6, 26, 22] [10, 14, 3, 19] [-15, -20, 7, -29] [-13, -29, -11, -23] [-2, 28, -15, 23] [8, 36, -11, 11]
[-2, 1, -20, -10] [11, 1, 3, -21] [11, 15, 5, -6] [0, 17, 30, -31] [26, 31, -8, -2] [11, 31, 7, 1] [18, -19, 18, -15]
------------------------------
ALIVE
Head: (24 14)
Body: (24 14) (24 15) (23 15) (23 14) (23 13) (23 12) (22 12) (21 12) (21 11) 
Length: 9, 4
Vision: 3
Hungry, suplies: 2/10
Reproductive: 16, mutating: 0.25
Generation: 27106
####################################
Wall (up, right, down, left):
[-3, -11, -19, 6] [12, -12, -16, -4] [-2, 5, 0, -13] [8, 3, 13, 7] [-20, 3, 26, -26] [2, 5, 9, -18] [-34, -15, -8, -12]
[4, 4, 17, -6] [9, 20, 6, 7] [-6, 17, 4, -10] [-23, 18, 3, 4] [28, 10, -5, -5] [-12, -9, 8, 9] [-13, -9, 16, -8]
[1, 7, 38, 1] [-11, 5, -10, 19] [-24, -7, 22, -5] [-59, 21, 35, 32] [-41, -30, -33, 14] [-3, -26, 12, 25] [-16, -15, -6, -19]
[5, 8, 6, -30] [8, 3, 8, -25] [1, 13, -6, -97] [0, 0, 0, 0] [27, -82, 17, 10] [21, -7, -12, 17] [3, -5, 13, -2]
[-25, -23, -12, -17] [20, 16, -9, 3] [-3, 15, -15, -2] [14, 8, -58, 18] [-3, -8, -17, 39] [11, 14, -12, 4] [-24, -28, 12, 4]
[13, 17, 4, 15] [6, 10, -7, -18] [14, 4, 21, -1] [-4, 0, -19, 9] [9, 22, 0, 15] [35, -2, -8, 5] [31, 5, 5, 5]
[-9, -11, -12, -6] [4, -1, -3, -3] [4, -5, 11, -7] [-7, 16, -19, -4] [22, 13, -7, 3] [23, -4, -19, 13] [4, -6, 3, 7]
Food (up, right, down, left):
[30, 7, -1, 14] [-9, 7, -9, -27] [19, -5, -18, 11] [-9, -3, 27, 1] [-1, 9, -4, 6] [-2, -12, 13, -8] [-25, 24, 4, -19]
[-42, -10, -11, -27] [3, -6, -10, -10] [-2, 17, 0, 13] [-12, 14, -26, 22] [12, 9, 7, -41] [25, -10, -21, 13] [6, -8, 2, 7]
[-18, 18, -3, -35] [-13, -6, -2, 20] [-29, -22, -15, 10] [32, -17, 9, -5] [-14, -7, -1, -9] [-5, 3, -36, -31] [12, 21, 6, 24]
[11, 2, 15, 31] [-19, -14, -31, 19] [1, 3, -25, -18] [0, 0, 0, 0] [-29, 42, -19, 6] [-24, 11, -19, 1] [-8, 13, -5, 7]
[-3, 16, 0, 24] [7, 5, 14, 16] [21, -11, 31, -1] [-5, -10, 13, -11] [-5, -7, 21, -31] [-7, 45, 9, 20] [18, 11, 1, -48]
[12, -17, -1, -13] [-5, 6, 26, 22] [10, 14, 3, 19] [-15, -20, 7, -29] [-13, -29, -11, -23] [-2, 28, -15, 23] [8, 36, -11, 11]
[-2, 1, -20, -10] [11, 1, 3, -21] [11, 15, 5, -6] [0, 17, 30, -31] [26, 31, -8, -2] [11, 31, 7, 1] [18, -19, 18, -15]
------------------------------
ALIVE
Head: (1 23)
Body: (1 23) (2 23) (2 24) (3 24) (4 24) (4 23) (4 22) (3 22) (2 22) (1 22) (1 21) (25 21) 
Length: 12, 4
Vision: 3
Hungry, suplies: 10/10
Reproductive: 16, mutating: 0.25
Generation: 27104
####################################
Wall (up, right, down, left):
[-3, -11, -19, 6] [12, -12, -16, -4] [-2, 5, 0, -13] [8, 3, 13, 7] [-18, 3, 26, -26] [3, 5, 9, -18] [-34, -15, -8, -12]
[4, 4, 17, -6] [9, 20, 6, 7] [-6, 17, 4, -10] [-23, 18, 3, 1] [28, 10, -5, -5] [-12, -9, 8, 9] [-13, -9, 16, -8]
[1, 7, 38, 1] [-11, 5, -10, 19] [-22, -7, 22, -5] [-59, 21, 35, 32] [-41, -30, -33, 14] [-3, -26, 12, 25] [-16, -15, -6, -19]
[5, 4, 6, -30] [8, 3, 8, -25] [1, 13, -6, -97] [0, 0, 0, 0] [27, -82, 14, 10] [21, -7, -12, 17] [3, -5, 13, -2]
[-25, -23, -12, -17] [20, 16, -9, 3] [-3, 15, -15, -2] [13, 8, -58, 18] [-3, -8, -17, 39] [11, 14, -12, 4] [-24, -28, 14, 4]
[13, 17, 4, 15] [6, 10, -7, -18] [14, 4, 21, 0] [-4, 0, -19, 9] [9, 22, 0, 15] [35, -2, -8, 5] [31, 5, 5, 5]
[-9, -11, -12, -6] [4, -1, -3, -3] [4, -5, 11, -7] [-7, 16, -19, -4] [22, 13, -7, 3] [23, -4, -19, 13] [4, -6, 3, 7]
Food (up, right, down, left):
[30, 7, -1, 14] [-9, 7, -9, -27] [19, -5, -18, 11] [-6, -3, 27, 1] [-1, 9, -7, 6] [-2, -12, 13, -5] [-25, 24, 4, -19]
[-42, -10, -11, -27] [3, -6, -10, -10] [-2, 17, 0, 13] [-12, 12, -26, 22] [12, 9, 7, -41] [25, -10, -21, 13] [6, -8, 2, 7]
[-18, 18, -3, -35] [-13, -6, -2, 20] [-29, -22, -15, 10] [32, -17, 9, -5] [-14, -7, -1, -9] [-5, 3, -36, -31] [12, 21, 6, 24]
[11, 2, 15, 32] [-19, -14, -31, 19] [1, 3, -25, -18] [0, 0, 0, 0] [-29, 39, -19, 6] [-24, 11, -19, 1] [-8, 13, -5, 7]
[-3, 16, 0, 24] [7, 5, 14, 16] [21, -11, 31, -1] [-5, -10, 13, -15] [-5, -7, 21, -31] [-7, 45, 9, 20] [18, 11, -2, -48]
[12, -17, -1, -13] [-5, 6, 26, 22] [11, 14, 3, 19] [-15, -20, 7, -29] [-13, -29, -11, -23] [-2, 28, -15, 23] [8, 36, -11, 11]
[-2, 1, -20, -10] [11, 1, 3, -21] [11, 15, 5, -6] [0, 17, 30, -31] [26, 31, -8, -2] [11, 31, 7, 1] [18, -19, 18, -15]
------------------------------
ALIVE
Head: (4 43)
Body: (4 43) (4 42) (4 41) (4 40) (4 39) (3 39) (2 39) (1 39) (1 38) (1 37) 
Length: 10, 4
Vision: 3
Hungry, suplies: 4/10
Reproductive: 16, mutating: 0.25
Generation: 27104
####################################
Wall (up, right, down, left):
[-3, -11, -19, 6] [12, -12, -16, -4] [-2, 9, 0, -13] [8, 3, 13, 7] [-20, 3, 26, -26] [2, 5, 9, -18] [-34, -15, -8, -12]
[4, 7, 17, -6] [9, 20, 6, 7] [-6, 17, 4, -10] [-23, 18, 3, 4] [28, 10, -5, -5] [-12, -9, 8, 9] [-13, -9, 16, -8]
[2, 7, 38, 1] [-11, 5, -10, 19] [-22, -7, 22, -5] [-59, 21, 35, 32] [-41, -30, -33, 14] [-3, -26, 12, 25] [-16, -15, -6, -19]
[5, 8, 6, -30] [8, 3, 8, -25] [1, 13, -6, -97] [0, 0, 0, 0] [28, -82, 14, 10] [21, -7, -12, 17] [3, -5, 13, -2]
[-25, -23, -12, -17] [20, 16, -9, 3] [-3, 15, -15, -2] [13, 8, -58, 18] [-1, -8, -14, 39] [11, 14, -12, 4] [-24, -28, 14, 4]
[13, 17, 4, 15] [6, 10, -7, -18] [14, 4, 21, -1] [-4, 0, -19, 9] [9, 22, 0, 15] [35, -2, -8, 5] [31, 5, 5, 5]
[-12, -11, -12, -6] [4, -1, -3, -3] [4, -5, 11, -7] [-7, 16, -19, -4] [22, 13, -7, 7] [23, -4, -19, 13] [4, -6, 3, 7]
Food (up, right, down, left):
[30, 7, -1, 14] [-9, 7, -9, -27] [20, -5, -18, 11] [-6, -3, 27, 1] [-1, 9, -4, 6] [-2, -12, 13, -8] [-25, 24, 4, -19]
[-42, -10, -11, -27] [3, -6, -10, -10] [-2, 17, 0, 13] [-12, 14, -26, 22] [12, 9, 7, -41] [25, -10, -21, 13] [6, -8, 2, 7]
[-18, 16, -3, -35] [-13, -6, -2, 20] [-29, -22, -15, 10] [32, -17, 9, -5] [-14, -7, -1, -9] [-5, 3, -36, -31] [12, 21, 6, 24]
[11, 2, 15, 31] [-19, -14, -31, 19] [1, 3, -25, -18] [0, 0, 0, 0] [-29, 39, -19, 10] [-24, 11, -19, 1] [-8, 13, -5, 7]
[-3, 16, 0, 24] [7, 5, 14, 16] [21, -11, 31, -1] [-5, -10, 13, -15] [-4, -7, 21, -34] [-7, 45, 9, 20] [18, 11, -2, -48]
[12, -17, -1, -13] [-5, 6, 26, 22] [10, 14, 3, 19] [-15, -20, 7, -29] [-13, -29, -11, -23] [-2, 28, -15, 23] [8, 36, -11, 11]
[-3, 1, -20, -10] [11, 1, 3, -21] [11, 15, 5, -6] [0, 17, 30, -31] [23, 31, -8, -2] [11, 31, 7, 1] [18, -19, 18, -15]
------------------------------
ALIVE
Head: (11 25)
Body: (11 25) (11 24) (10 24) (9 24) (8 24) (8 23) (7 23) (6 23) (5 23) (5 22) (5 21) (4 21) (3 21) 
Length: 13, 4
Vision: 3
Hungry, suplies: 5/10
Reproductive: 16, mutating: 0.25
Generation: 27116
####################################
Wall (up, right, down, left):
[-3, -11, -19, 6] [12, -12, -16, -4] [-2, 5, 0, -13] [8, 3, 13, 7] [-20, 3, 26, -26] [2, 5, 9, -18] [-34, -15, -8, -12]
[4, 4, 17, -6] [9, 20, 6, 7] [-6, 17, 4, -10] [-23, 18, 3, 4] [28, 10, -5, -5] [-12, -9, 8, 9] [-13, -9, 16, -8]
[1, 7, 38, 1] [-11, 5, -10, 19] [-24, -7, 22, -5] [-59, 21, 35, 32] [-41, -30, -33, 14] [-3, -26, 8, 25] [-16, -15, -6, -19]
[5, 8, 2, -30] [8, 3, 8, -25] [1, 13, -6, -97] [0, 0, 0, 0] [27, -82, 17, 10] [21, -7, -12, 17] [3, -5, 13, -2]
[-25, -23, -12, -17] [20, 16, -9, 3] [-3, 15, -15, -2] [14, 8, -58, 18] [-3, -8, -17, 39] [11, 14, -12, 4] [-24, -28, 12, 4]
[13, 17, 4, 15] [6, 10, -7, -18] [14, 4, 21, -1] [-4, 0, -19, 9] [9, 22, 0, 15] [35, -2, -8, 5] [31, 5, 5, 5]
[-9, -11, -12, -6] [4, -1, -3, -3] [4, -5, 11, -2] [-7, 16, -19, -4] [22, 13, -7, 3] [23, -4, -19, 13] [4, -6, 3, 7]
Food (up, right, down, left):
[30, 7, -1, 14] [-9, 7, -9, -27] [19, -5, -18, 11] [-9, -3, 27, 1] [-1, 9, -4, 6] [-2, -12, 13, -8] [-25, 24, 4, -19]
[-42, -10, -11, -27] [3, -6, -10, -10] [-2, 17, 0, 13] [-12, 14, -26, 22] [12, 9, 7, -41] [25, -10, -21, 13] [6, -8, 2, 7]
[-18, 18, -3, -35] [-13, -6, -2, 20] [-29, -22, -15, 10] [32, -17, 9, -5] [-14, -7, -1, -9] [-5, 1, -36, -31] [12, 21, 6, 24]
[11, 2, 11, 31] [-19, -14, -31, 19] [1, 3, -25, -18] [0, 0, 0, 0] [-29, 42, -19, 6] [-24, 11, -19, 1] [-8, 13, -5, 7]
[-3, 16, 0, 24] [7, 5, 14, 16] [21, -11, 31, -1] [-5, -10, 13, -11] [-5, -7, 21, -31] [-7, 45, 9, 20] [18, 11, 1, -48]
[12, -17, -1, -13] [-5, 6, 26, 22] [10, 14, 3, 19] [-15, -20, 7, -29] [-13, -29, -11, -23] [-2, 28, -15, 23] [8, 36, -11, 11]
[-2, 1, -20, -10] [11, 1, 3, -21] [16, 15, 5, -6] [0, 17, 30, -31] [26, 31, -8, -2] [11, 31, 7, 1] [18, -19, 18, -15]
------------------------------
ALIVE
Head: (8 35)
Body: (8 35) (8 34) (8 33) (7 33) (6 33) (6 32) (6 31) (6 30) (6 29) (6 28) (6 27) (6 26) (6 25) 
Length: 13, 4
Vision: 3
Hungry, suplies: 6/10
Reproductive: 16, mutating: 0.25
Generation: 27104
####################################
Wall (up, right, down, left):
[-3, -11, -19, 6] [12, -12, -16, -4] [-2, 5, 0, -13] [8, 3, 13, 7] [-20, 3, 26, -26] [2, 5, 9, -18] [-34, -15, -8, -12]
[4, 4, 17, -6] [9, 20, 6, 7] [-6, 17, 4, -10] [-23, 18, 3, 1] [28, 10, -5, -5] [-12, -9, 8, 9] [-13, -9, 16, -8]
[1, 7, 38, 1] [-11, 5, -10, 19] [-22, -7, 22, -5] [-59, 21, 35, 32] [-41, -30, -33, 14] [-3, -26, 12, 25] [-16, -15, -6, -19]
[5, 8, 4, -30] [8, 3, 8, -25] [1, 13, -6, -97] [0, 0, 0, 0] [27, -82, 14, 10] [21, -7, -12, 17] [3, -5, 13, -2]
[-25, -23, -12, -17] [20, 16, -9, 3] [-3, 15, -15, -2] [13, 8, -58, 18] [-3, -8, -17, 39] [11, 14, -12, 4] [-24, -28, 14, 4]
[13, 17, 4, 15] [6, 10, -7, -18] [14, 4, 21, -1] [-4, 0, -19, 9] [9, 22, 0, 15] [35, -2, -8, 5] [31, 5, 5, 5]
[-9, -11, -12, -6] [4, -1, -3, -3] [4, -5, 11, -7] [-7, 16, -19, -4] [22, 13, -7, 3] [23, -4, -19, 13] [4, -6, 3, 8]
Food (up, right, down, left):
[30, 7, -1, 14] [-9, 7, -9, -27] [19, -5, -18, 11] [-6, -3, 27, 1] [-1, 9, -4, 6] [-2, -12, 13, -8] [-25, 24, 4, -19]
[-42, -10, -11, -27] [3, -6, -10, -10] [-2, 17, 0, 13] [-12, 12, -26, 22] [12, 9, 7, -41] [25, -10, -21, 13] [6, -8, 2, 7]
[-18, 18, -3, -35] [-13, -6, -2, 20] [-29, -22, -15, 10] [32, -17, 9, -5] [-14, -7, -1, -9] [-5, 3, -36, -31] [12, 21, 6, 24]
[11, 2, 15, 33] [-19, -14, -31, 19] [1, 3, -25, -18] [0, 0, 0, 0] [-29, 39, -19, 6] [-24, 11, -19, 1] [-8, 13, -5, 7]
[-3, 16, 0, 24] [7, 5, 14, 16] [21, -11, 31, -1] [-5, -10, 13, -15] [-5, -7, 21, -31] [-7, 45, 9, 20] [18, 11, -2, -48]
[12, -17, -1, -13] [-5, 6, 26, 22] [10, 14, 3, 19] [-15, -20, 7, -29] [-13, -29, -11, -23] [-2, 28, -15, 23] [8, 36, -11, 11]
[-2, 1, -20, -10] [11, 1, 3, -21] [11, 15, 5, -6] [0, 17, 30, -31] [26, 31, -8, -2] [11, 31, 7, 1] [23, -19, 18, -15]
------------------------------
ALIVE
Head: (11 22)
Body: (11 22) (11 21) (11 20) (10 20) (9 20) (8 20) (7 20) (7 21) (8 21) (9 21) (9 22) 
Length: 11, 4
Vision: 3
Hungry, suplies: 9/10
Reproductive: 16, mutating: 0.25
Generation: 27109
####################################
Wall (up, right, down, left):
[-3, -11, -19, 6] [12, -12, -16, -4] [-2, 5, 0, -13] [8, 3, 13, 7] [-20, 3, 26, -26] [2, 5, 9, -18] [-34, -15, -8, -12]
[4, 4, 17, -6] [9, 20, 6, 7] [-6, 17, 4, -10] [-23, 18, 3, 4] [28, 10, -5, -5] [-12, -9, 8, 9] [-13, -9, 16, -8]
[1, 7, 38, 1] [-11, 5, -10, 19] [-24, -7, 22, -5] [-59, 21, 35, 32] [-41, -30, -33, 14] [-3, -26, 12, 25] [-16, -15, -6, -19]
[5, 8, 6, -30] [8, 3, 8, -25] [1, 13, -6, -97] [0, 0, 0, 0] [27, -82, 17, 10] [21, -7, -12, 17] [3, -5, 13, -2]
[-25, -23, -12, -17] [20, 16, -9, 3] [-3, 15, -15, -2] [14, 8, -58, 18] [-3, -8, -17, 39] [11, 14, -12, 4] [-24, -28, 11, 4]
[13, 17, 4, 15] [6, 10, -7, -18] [14, 4, 21, -1] [-4, 0, -19, 9] [9, 22, 0, 15] [35, -2, -8, 5] [31, 5, 5, 5]
[-9, -11, -12, -6] [4, -1, -3, -3] [4, -5, 11, -7] [-7, 16, -19, -4] [22, 13, -7, 3] [23, -4, -19, 13] [4, -6, 3, 7]
Food (up, right, down, left):
[30, 7, -1, 14] [-9, 7, -9, -27] [19, -5, -18, 11] [-9, -3, 27, 1] [-1, 9, -4, 6] [-2, -12, 13, -8] [-25, 24, 4, -19]
[-42, -10, -11, -27] [3, -6, -10, -10] [-2, 17, 0, 13] [-12, 14, -26, 22] [12, 9, 7, -41] [25, -10, -21, 13] [6, -8, 2, 7]
[-18, 18, -3, -35] [-13, -6, -2, 20] [-29, -22, -15, 10] [32, -17, 9, -5] [-14, -7, -1, -9] [-5, 3, -36, -31] [12, 21, 6, 24]
[11, 2, 15, 31] [-19, -14, -31, 19] [1, 3, -25, -18] [0, 0, 0, 0] [-29, 42, -19, 6] [-24, 11, -19, 1] [-8, 13, -5, 7]
[-3, 16, 0, 24] [7, 5, 14, 16] [21, -11, 31, -1] [-5, -10, 13, -11] [-5, -7, 21, -31] [-7, 45, 9, 20] [20, 11, 1, -48]
[12, -17, -1, -13] [-5, 6, 26, 22] [10, 14, 3, 19] [-15, -20, 7, -29] [-13, -29, -11, -23] [-2, 28, -15, 23] [8, 36, -11, 11]
[-2, 1, -20, -10] [11, 1, 3, -21] [11, 15, 5, -6] [0, 17, 30, -31] [26, 31, -8, -2] [11, 31, 7, 1] [18, -19, 18, -15]
------------------------------
ALIVE
Head: (24 18)
Body: (24 18) (24 17) (24 16) (0 16) (0 15) (0 14) (1 14) (1 13) (1 12) 
Length: 9, 4
Vision: 3
Hungry, suplies: 10/10
Reproductive: 16, mutating: 0.25
Generation: 27103
####################################
Wall (up, right, down, left):
[-3, -11, -19, 6] [12, -12, -16, -4] [-2, 5, 0, -13] [8, 3, 13, 7] [-20, 3, 26, -26] [2, 5, 9, -18] [-34, -15, -8, -12]
[4, 4, 17, -6] [9, 20, 6, 7] [-6, 17, 4, -10] [-23, 18, 3, 4] [28, 10, -5, -5] [-12, -9, 8, 9] [-13, -9, 16, -8]
[1, 7, 38, 1] [-11, 5, -10, 19] [-24, -7, 22, -5] [-59, 21, 35, 32] [-41, -30, -33, 14] [-3, -26, 12, 25] [-16, -15, -6, -19]
[5, 8, 6, -30] [8, 3, 8, -25] [1, 13, -6, -97] [0, 0, 0, 0] [27, -82, 17, 10] [21, -7, -12, 17] [3, -5, 13, -2]
[-25, -23, -12, -17] [20, 16, -9, 3] [-3, 15, -15, -2] [14, 8, -58, 18] [-3, -8, -17, 39] [11, 14, -12, 4] [-24, -28, 12, 4]
[13, 17, 4, 15] [6, 10, -7, -18] [14, 4, 21, -1] [-4, 0, -19, 9] [9, 22, 0, 15] [35, -2, -8, 5] [31, 5, 5, 5]
[-9, -11, -12, -6] [4, -1, -3, -3] [4, -5, 11, -7] [-7, 16, -19, -4] [22, 13, -7, 3] [23, -4, -19, 13] [4, -6, 3, 7]
Food (up, right, down, left):
[30, 7, -1, 14] [-9, 7, -9, -27] [19, -5, -18, 11] [-9, -3, 27, 1] [-1, 9, -4, 6] [-2, -12, 13, -8] [-25, 24, 4, -19]
[-42, -10, -11, -27] [3, -6, -10, -10] [-2, 17, 0, 13] [-12, 14, -26, 22] [12, 9, 7, -41] [25, -10, -21, 13] [6, -8, 2, 7]
[-18, 18, -3, -35] [-13, -6, -2, 20] [-29, -22, -15, 10] [32, -17, 9, -5] [-14, -7, -1, -9] [-5, 3, -36, -31] [12, 21, 6, 24]
[11, 2, 15, 31] [-19, -14, -31, 19] [1, 3, -25, -18] [0, 0, 0, 0] [-29, 42, -19, 6] [-24, 11, -19, 1] [-8, 13, -5, 7]
[-3, 16, 0, 24] [7, 5, 14, 16] [21, -11, 31, -1] [-5, -10, 13, -11] [-5, -7, 21, -31] [-7, 45, 9, 20] [18, 11, 1, -48]
[12, -17, -1, -13] [-5, 6, 26, 22] [10, 14, 3, 19] [-15, -20, 7, -29] [-13, -29, -11, -23] [-2, 28, -15, 23] [8, 36, -11, 11]
[-2, 1, -20, -10] [11, 1, 3, -21] [11, 15, 5, -6] [0, 17, 30, -31] [26, 31, -8, -2] [11, 31, 7, 1] [18, -19, 18, -15]
------------------------------
ALIVE
Head: (19 38)
Body: (19 38) (19 37) (19 36) (19 35) (20 35) (20 34) (20 33) (21 33) (21 32) (20 32) (19 32) (18 32) 
Length: 12, 4
Vision: 3
Hungry, suplies: 10/10
Reproductive: 16, mutating: 0.25
Generation: 27101
####################################
Wall (up, right, down, left):
[-3, -11, -19, 6] [12, -12, -16, -4] [-2, 5, 0, -13] [8, 3, 13, 7] [-20, 3, 26, -26] [2, 5, 9, -18] [-34, -15, -8, -12]
[4, 4, 17, -6] [9, 20, 6, 7] [-6, 17, 4, -10] [-23, 18, 3, 4] [28, 10, -5, -5] [-12, -9, 8, 9] [-13, -9, 16, -8]
[1, 7, 38, 1] [-11, 5, -10, 19] [-24, -7, 22, -5] [-59, 21, 35, 32] [-41, -30, -33, 14] [-3, -26, 12, 25] [-16, -15, -6, -19]
[5, 8, 6, -30] [8, 3, 8, -25] [1, 13, -6, -97] [0, 0, 0, 0] [27, -82, 17, 10] [21, -7, -12, 17] [3, -5, 13, -2]
[-25, -23, -12, -17] [20, 16, -9, 0] [-3, 15, -15, -2] [14, 8, -58, 18] [-3, -8, -17, 39] [11, 14, -12, 4] [-24, -28, 12, 4]
[13, 17, 4, 15] [6, 10, -7, -18] [14, 4, 21, -1] [-4, 0, -19, 9] [9, 22, 0, 15] [35, -2, -8, 5] [31, 5, 5, 5]
[-9, -11, -12, -6] [4, -1, -3, -3] [4, -5, 11, -7] [-7, 16, -19, -4] [22, 13, -7, 3] [23, -4, -19, 13] [4, -6, 3, 7]
Food (up, right, down, left):
[30, 7, -1, 14] [-9, 7, -9, -27] [19, -5, -18, 11] [-9, -3, 27, 1] [-1, 9, -4, 6] [-2, -12, 13, -8] [-25, 24, 4, -19]
[-42, -10, -11, -27] [3, -6, -10, -10] [-2, 17, 0, 13] [-12, 14, -26, 22] [12, 9, 7, -41] [25, -10, -21, 13] [6, -8, 2, 7]
[-18, 18, -3, -35] [-13, -6, -2, 20] [-29, -22, -15, 10] [32, -17, 9, -5] [-14, -7, -1, -9] [-5, 3, -36, -31] [12, 21, 6, 24]
[11, 2, 15, 31] [-19, -14, -31, 19] [1, 3, -25, -18] [0, 0, 0, 0] [-29, 42, -19, 6] [-24, 11, -19, 1] [-8, 13, -5, 7]
[-3, 16, 0, 24] [5, 5, 14, 16] [21, -11, 31, -1] [-5, -10, 13, -11] [-5, -7, 21, -31] [-7, 45, 9, 20] [18, 11, 1, -48]
[12, -17, -1, -13] [-5, 6, 26, 22] [10, 14, 3, 19] [-15, -20, 7, -29] [-13, -29, -11, -23] [-2, 28, -15, 23] [8, 36, -11, 11]
[-2, 1, -20, -10] [11, 1, 3, -21] [11, 15, 5, -6] [0, 17, 30, -31] [26, 31, -8, -2] [11, 31, 7, 1] [18, -19, 18, -15]
------------------------------
ALIVE
Head: (19 45)
Body: (19 45) (19 44) (19 43) (19 42) (19 41) (19 40) (18 40) (18 41) (17 41) (16 41) (15 41) 
Length: 11, 4
Vision: 3
Hungry, suplies: 10/10
Reproductive: 16, mutating: 0.25
Generation: 27102
####################################
Wall (up, right, down, left):
[-3, -11, -19, 6] [12, -12, -16, -4] [-2, 5, 0, -13] [8, 3, 13, 7] [-20, 3, 26, -26] [2, 5, 9, -18] [-34, -15, -8, -12]
[4, 4, 17, -6] [9, 20, 6, 7] [-6, 17, 4, -10] [-23, 18, 3, 4] [28, 10, -5, -5] [-12, -9, 8, 9] [-13, -9, 16, -8]
[1, 7, 38, 1] [-11, 5, -10, 19] [-24, -7, 22, -5] [-59, 21, 35, 32] [-41, -30, -33, 14] [-3, -26, 8, 25] [-16, -15, -6, -19]
[5, 8, 2, -30] [8, 3, 8, -25] [1, 13, -6, -97] [0, 0, 0, 0] [27, -82, 17, 10] [21, -7, -12, 17] [3, -5, 13, -2]
[-25, -23, -12, -17] [20, 16, -9, 3] [-3, 15, -15, -2] [14, 8, -58, 18] [-3, -8, -17, 39] [11, 14, -12, 4] [-24, -28, 12, 4]
[13, 17, 4, 15] [6, 10, -7, -18] [14, 4, 21, -1] [-4, 0, -19, 9] [9, 22, 0, 15] [35, -2, -8, 5] [31, 5, 5, 5]
[-9, -11, -12, -6] [4, -1, -3, -3] [4, -5, 11, -7] [-7, 16, -19, -4] [22, 13, -7, 3] [23, -4, -19, 13] [4, -6, 3, 7]
Food (up, right, down, left):
[30, 7, -1, 14] [-9, 7, -9, -27] [19, -5, -18, 11] [-9, -3, 27, 1] [-1, 9, -4, 6] [-2, -12, 13, -8] [-25, 24, 4, -19]
[-42, -10, -11, -27] [3, -6, -10, -10] [-2, 17, 0, 13] [-12, 14, -26, 22] [12, 9, 7, -41] [25, -10, -21, 13] [6, -8, 2, 7]
[-18, 18, -3, -35] [-13, -6, -2, 20] [-29, -22, -15, 10] [32, -17, 9, -5] [-14, -7, -1, -9] [-5, 1, -36, -31] [12, 21, 6, 24]
[11, 2, 11, 31] [-19, -14, -31, 19] [1, 3, -25, -18] [0, 0, 0, 0] [-29, 42, -19, 6] [-24, 11, -19, 1] [-8, 13, -5, 7]
[-3, 16, 0, 24] [7, 5, 14, 16] [21, -11, 31, -1] [-5, -10, 13, -11] [-5, -7, 21, -31] [-7, 45, 9, 20] [18, 11, 1, -48]
[12, -17, -1, -13] [-5, 6, 26, 22] [10, 14, 3, 19] [-15, -20, 7, -29] [-13, -29, -11, -23] [-2, 28, -15, 23] [8, 36, -11, 11]
[-2, 1, -20, -10] [11, 1, 3, -21] [11, 15, 5, -6] [0, 17, 30, -31] [26, 31, -8, -2] [11, 31, 7, 1] [18, -19, 18, -15]
------------------------------
ALIVE
Head: (8 16)
Body: (8 16) (9 16) (10 16) (11 16) (11 17) (11 18) (12 18) (13 18) (14 18) (14 17) (14 16) (15 16) 
Length: 12, 4
Vision: 3
Hungry, suplies: 8/10
Reproductive: 16, mutating: 0.25
Generation: 27104
####################################
Wall (up, right, down, left):
[-3, -11, -19, 6] [12, -12, -16, -4] [-2, 5, 0, -13] [8, 3, 13, 7] [-20, 3, 26, -26] [2, 5, 9, -18] [-34, -15, -8, -12]
[4, 4, 17, -6] [9, 20, 6, 7] [-6, 17, 4, -10] [-23, 18, 3, 1] [28, 10, -5, -5] [-12, -9, 8, 9] [-13, -9, 16, -8]
[1, 7, 38, 1] [-11, 5, -10, 19] [-22, -7, 22, -5] [-59, 21, 35, 32] [-41, -30, -33, 14] [-3, -26, 12, 25] [-16, -15, -6, -19]
[5, 8, 6, -30] [8, 3, 8, -25] [1, 13, -6, -97] [0, 0, 0, 0] [27, -82, 14, 10] [21, -7, -12, 17] [3, -5, 13, -2]
[-25, -23, -12, -17] [20, 16, -9, 3] [-3, 15, -15, -2] [13, 8, -58, 18] [-3, -8, -17, 39] [11, 14, -12, 4] [-24, -28, 14, 4]
[13, 17, 4, 15] [6, 10, -7, -18] [14, 4, 21, -1] [-4, 0, -19, 9] [9, 22, 0, 15] [35, -2, -8, 5] [31, 5, 5, 5]
[-9, -11, -12, -6] [4, -1, -3, -3] [4, -5, 11, -7] [-7, 16, -19, -4] [22, 13, -7, 3] [23, -4, -19, 13] [4, -6, 3, 7]
Food (up, right, down, left):
[30, 7, -1, 14] [-9, 7, -9, -27] [19, -5, -18, 11] [-6, -3, 27, 1] [-1, 9, -4, 6] [-2, -12, 13, -8] [-25, 24, 4, -19]
[-42, -10, -11, -27] [3, -6, -10, -10] [-2, 17, 0, 13] [-12, 12, -26, 22] [12, 9, 7, -41] [25, -10, -21, 13] [6, -8, 2, 7]
[-18, 18, -3, -35] [-13, -6, -2, 20] [-29, -22, -15, 10] [32, -17, 9, -5] [-14, -7, -1, -9] [-5, 3, -36, -31] [12, 21, 6, 24]
[11, 2, 15, 31] [-19, -14, -31, 19] [1, 3, -25, -18] [0, 0, 0, 0] [-29, 39, -19, 6] [-24, 11, -19, 1] [-8, 13, -5, 7]
[-3, 16, 0, 24] [7, 5, 14, 16] [21, -11, 31, -1] [-5, -10, 13, -15] [-5, -7, 21, -31] [-7, 45, 9, 20] [18, 11, -2, -48]
[12, -17, -1, -13] [-5, 6, 26, 22] [10, 14, 3, 19] [-15, -20, 7, -29] [-13, -29, -11, -23] [-2, 28, -15, 23] [8, 36, -11, 11]
[-2, 1, -20, -10] [11, 1, 3, -21] [11, 15, 5, -6] [0, 17, 30, -31] [26, 31, -8, -2] [11, 31, 7, 1] [18, -19, 18, -15]
------------------------------
ALIVE
Head: (9 36)
Body: (9 36) (9 35) (10 35) (10 36) (11 36) (11 37) (12 37) (13 37) (14 37) (15 37) (15 36) 
Length: 11, 4
Vision: 3
Hungry, suplies: 10/10
Reproductive: 16, mutating: 0.25
Generation: 27101
####################################
Wall (up, right, down, left):
[-3, -11, -19, 6] [12, -12, -16, -4] [-2, 5, 0, -13] [8, 3, 13, 7] [-20, 3, 26, -26] [2, 5, 9, -18] [-34, -15, -8, -12]
[4, 4, 17, -6] [9, 20, 6, 7] [-6, 17, 4, -10] [-23, 18, 3, 1] [28, 10, -5, -5] [-12, -9, 8, 9] [-13, -9, 16, -8]
[1, 7, 38, 1] [-11, 5, -10, 19] [-22, -7, 22, -5] [-59, 21, 35, 32] [-41, -30, -33, 14] [-3, -26, 12, 25] [-16, -15, -6, -19]
[5, 8, 6, -31] [8, 3, 8, -25] [1, 13, -6, -97] [0, 0, 0, 0] [27, -82, 14, 10] [21, -7, -12, 17] [3, -5, 13, -2]
[-25, -23, -12, -17] [20, 16, -9, 3] [-3, 15, -15, -2] [13, 8, -58, 18] [-3, -8, -17, 39] [11, 14, -12, 4] [-24, -28, 14, 4]
[13, 17, 4, 15] [6, 10, -7, -18] [14, 4, 21, -1] [-4, 0, -19, 9] [9, 22, 0, 15] [35, -2, -8, 5] [31, 5, 5, 5]
[-9, -11, -12, -6] [4, -1, -3, -3] [4, -5, 11, -7] [-7, 16, -19, -4] [22, 13, -7, 3] [23, -4, -19, 13] [4, -6, 3, 7]
Food (up, right, down, left):
[30, 7, -1, 14] [-9, 7, -9, -27] [19, -5, -18, 11] [-6, -3, 27, 1] [-1, 9, -4, 6] [-2, -12, 13, -8] [-25, 24, 4, -19]
[-42, -10, -11, -27] [3, -6, -10, -10] [-2, 17, 0, 13] [-12, 12, -26, 22] [12, 9, 7, -41] [25, -10, -21, 13] [6, -8, 2, 7]
[-18, 18, -3, -35] [-13, -6, -2, 20] [-29, -22, -15, 10] [32, -17, 9, -5] [-14, -7, -1, -9] [-5, 3, -36, -31] [12, 21, 6, 24]
[11, 2, 15, 29] [-19, -14, -31, 19] [1, 3, -25, -18] [0, 0, 0, 0] [-29, 39, -19, 6] [-24, 11, -19, 1] [-8, 13, -5, 7]
[-3, 16, 0, 24] [7, 5, 14, 16] [21, -11, 31, -1] [-5, -10, 13, -15] [-5, -7, 21, -31] [-7, 45, 9, 20] [18, 11, -2, -48]
[12, -17, -1, -13] [-5, 6, 26, 22] [10, 14, 3, 19] [-15, -20, 7, -29] [-13, -29, -11, -23] [-2, 28, -15, 23] [8, 36, -11, 11]
[-2, 1, -20, -10] [11, 1, 3, -21] [11, 15, 5, -6] [0, 17, 30, -31] [26, 31, -8, -2] [11, 31, 7, 1] [18, -19, 18, -15]
------------------------------
ALIVE
Head: (5 45)
Body: (5 45) (4 45) (3 45) (2 45) (1 45) (1 46) (1 47) (0 47) (25 48) (24 48) (24 47) (24 46) 
Length: 12, 4
Vision: 3
Hungry, suplies: 5/10
Reproductive: 16, mutating: 0.25
Generation: 27102
####################################
Wall (up, right, down, left):
[-3, -11, -19, 6] [12, -12, -16, -4] [-2, 5, 0, -13] [8, 3, 13, 7] [-20, 3, 26, -26] [2, 5, 9, -18] [-34, -15, -8, -12]
[4, 4, 17, -6] [9, 20, 6, 7] [-6, 17, 4, -10] [-23, 18, 3, 1] [28, 10, -5, -5] [-12, -9, 8, 9] [-13, -9, 16, -8]
[1, 7, 38, 1] [-11, 5, -10, 19] [-22, -7, 22, -5] [-59, 21, 35, 32] [-41, -30, -33, 14] [-3, -26, 12, 25] [-16, -15, -6, -19]
[5, 8, 4, -30] [8, 3, 8, -25] [1, 13, -6, -97] [0, 0, 0, 0] [27, -82, 14, 10] [21, -7, -12, 17] [3, -5, 13, -2]
[-25, -23, -12, -17] [20, 16, -9, 3] [-3, 15, -15, -2] [13, 8, -58, 18] [-3, -8, -17, 39] [11, 14, -12, 4] [-24, -28, 14, 4]
[13, 17, 4, 15] [6, 10, -7, -18] [14, 4, 21, -1] [-4, 0, -19, 9] [9, 22, 0, 15] [35, -2, -8, 5] [31, 5, 5, 5]
[-9, -11, -12, -6] [4, -1, -3, -3] [4, -5, 11, -7] [-7, 16, -19, -4] [22, 13, -7, 3] [23, -4, -19, 13] [4, -6, 3, 8]
Food (up, right, down, left):
[30, 7, -1, 14] [-9, 7, -9, -27] [19, -5, -18, 11] [-6, -3, 27, 1] [-1, 9, -4, 6] [-2, -12, 13, -8] [-25, 24, 4, -19]
[-42, -10, -11, -27] [3, -6, -10, -10] [-2, 17, 0, 13] [-12, 12, -26, 22] [12, 9, 7, -41] [25, -10, -21, 13] [6, -8, 2, 7]
[-18, 18, -3, -35] [-13, -6, -2, 20] [-29, -22, -15, 10] [32, -17, 9, -5] [-14, -7, -1, -9] [-5, 3, -36, -31] [12, 21, 6, 24]
[11, 2, 15, 33] [-19, -14, -31, 19] [1, 3, -25, -18] [0, 0, 0, 0] [-29, 39, -19, 6] [-24, 11, -19, 1] [-8, 13, -5, 7]
[-3, 16, 0, 24] [7, 5, 14, 16] [21, -11, 31, -1] [-5, -10, 13, -15] [-5, -7, 21, -31] [-7, 45, 9, 20] [18, 11, -2, -48]
[12, -17, -1, -13] [-5, 6, 26, 22] [10, 14, 3, 19] [-15, -20, 7, -29] [-13, -29, -11, -23] [-2, 28, -15, 23] [8, 36, -11, 11]
[-2, 1, -20, -10] [11, 1, 3, -21] [11, 15, 5, -6] [0, 17, 30, -31] [26, 31, -8, -2] [11, 31, 7, 1] [23, -19, 18, -15]
------------------------------
ALIVE
Head: (3 29)
Body: (3 29) (2 29) (1 29) (1 30) (2 30) (2 31) (2 32) (3 32) (3 33) (3 34) (3 35) 
Length: 11, 4
Vision: 3
Hungry, suplies: 5/10
Reproductive: 16, mutating: 0.25
Generation: 27110
####################################
Wall (up, right, down, left):
[-3, -11, -19, 6] [12, -12, -16, -4] [-2, 9, 0, -13] [8, 3, 13, 7] [-20, 3, 26, -26] [2, 5, 9, -18] [-34, -15, -8, -12]
[4, 7, 17, -6] [9, 20, 6, 7] [-6, 17, 4, -10] [-23, 18, 3, 4] [28, 10, -5, -5] [-12, -9, 8, 9] [-13, -9, 16, -8]
[2, 7, 38, 1] [-11, 5, -10, 19] [-22, -7, 22, -5] [-59, 21, 35, 32] [-41, -30, -33, 14] [-3, -26, 12, 25] [-16, -15, -6, -19]
[5, 8, 6, -30] [8, 3, 8, -25] [1, 13, -6, -97] [0, 0, 0, 0] [28, -82, 14, 10] [21, -7, -12, 17] [3, -5, 13, -2]
[-25, -23, -12, -17] [20, 16, -9, 3] [-3, 15, -15, -2] [13, 8, -58, 18] [-1, -8, -14, 39] [11, 14, -12, 4] [-24, -28, 14, 4]
[13, 17, 4, 15] [6, 10, -7, -18] [14, 4, 21, -1] [-4, 0, -19, 9] [9, 22, 0, 15] [35, -2, -8, 5] [31, 5, 5, 5]
[-12, -11, -12, -6] [4, -1, -3, -3] [4, -5, 11, -7] [-7, 16, -19, -4] [22, 13, -7, 7] [23, -4, -19, 13] [4, -6, 3, 7]
Food (up, right, down, left):
[30, 7, -1, 14] [-9, 7, -9, -27] [20, -5, -18, 11] [-6, -3, 27, 1] [-1, 9, -4, 6] [-2, -12, 13, -8] [-25, 24, 4, -19]
[-42, -10, -11, -27] [3, -6, -10, -10] [-2, 17, 0, 13] [-12, 14, -26, 22] [12, 9, 7, -41] [25, -10, -21, 13] [6, -8, 2, 7]
[-18, 16, -3, -35] [-13, -6, -2, 20] [-29, -22, -15, 10] [32, -17, 9, -5] [-14, -7, -1, -9] [-5, 3, -36, -31] [12, 21, 6, 24]
[11, 2, 15, 31] [-19, -14, -31, 19] [1, 3, -25, -18] [0, 0, 0, 0] [-29, 39, -19, 10] [-24, 11, -19, 1] [-8, 13, -5, 7]
[-3, 16, 0, 24] [7, 5, 14, 16] [21, -11, 31, -1] [-5, -10, 13, -15] [-4, -7, 21, -34] [-7, 45, 9, 20] [18, 11, -2, -48]
[12, -17, -1, -13] [-5, 6, 26, 22] [10, 14, 3, 19] [-15, -20, 7, -29] [-13, -29, -11, -23] [-2, 28, -15, 23] [8, 36, -11, 11]
[-3, 1, -20, -10] [11, 1, 3, -21] [11, 15, 5, -6] [0, 17, 30, -31] [23, 31, -8, -2] [11, 31, 7, 1] [18, -19, 18, -15]
------------------------------
ALIVE
Head: (7 30)
Body: (7 30) (7 31) (7 32) (8 32) (9 32) (10 32) (11 32) (11 31) (11 30) 
Length: 9, 4
Vision: 3
Hungry, suplies: 1/10
Reproductive: 16, mutating: 0.25
Generation: 27116
####################################
Wall (up, right, down, left):
[-3, -11, -19, 6] [12, -12, -16, -4] [-2, 9, 0, -13] [8, 3, 13, 7] [-20, 3, 26, -26] [2, 5, 9, -18] [-34, -15, -8, -12]
[4, 7, 17, -6] [9, 20, 6, 7] [-6, 17, 4, -10] [-23, 18, 3, 4] [28, 10, -5, -5] [-12, -9, 8, 9] [-13, -9, 16, -8]
[2, 7, 38, 1] [-11, 5, -10, 19] [-22, -7, 22, -5] [-59, 21, 35, 32] [-41, -30, -33, 14] [-3, -26, 12, 25] [-16, -15, -6, -19]
[5, 8, 6, -30] [8, 3, 8, -25] [1, 13, -6, -97] [0, 0, 0, 0] [28, -82, 14, 10] [21, -7, -12, 17] [3, -5, 13, -2]
[-25, -23, -12, -17] [20, 16, -9, 3] [-3, 15, -15, -2] [13, 8, -58, 18] [-1, -8, -14, 39] [11, 14, -12, 4] [-24, -28, 14, 4]
[13, 17, 4, 15] [6, 10, -7, -18] [14, 4, 21, -1] [-4, 0, -19, 9] [9, 22, 0, 15] [35, -2, -8, 5] [31, 5, 5, 5]
[-12, -11, -12, -6] [4, -1, -3, -3] [4, -5, 11, -7] [-7, 16, -19, -4] [22, 13, -7, 7] [23, -4, -19, 13] [4, -6, 3, 7]
Food (up, right, down, left):
[30, 7, -1, 14] [-9, 7, -9, -27] [20, -5, -18, 11] [-6, -3, 27, 1] [-1, 9, -4, 6] [-2, -12, 13, -8] [-25, 24, 4, -19]
[-42, -10, -11, -27] [3, -6, -10, -10] [-2, 17, 0, 13] [-12, 14, -26, 22] [12, 9, 7, -41] [25, -10, -21, 13] [6, -8, 2, 7]
[-18, 16, -3, -35] [-13, -6, -2, 20] [-29, -22, -15, 10] [32, -17, 9, -5] [-14, -7, -1, -9] [-5, 3, -36, -31] [12, 21, 6, 24]
[11, 2, 15, 31] [-19, -14, -31, 19] [1, 3, -25, -18] [0, 0, 0, 0] [-29, 39, -19, 10] [-24, 11, -19, 1] [-8, 13, -5, 7]
[-3, 16, 0, 24] [7, 5, 14, 16] [21, -11, 31, -1] [-5, -10, 13, -15] [-4, -7, 21, -34] [-7, 45, 9, 20] [18, 11, -2, -48]
[12, -17, -1, -13] [-5, 6, 26, 22] [10, 14, 3, 19] [-15, -20, 7, -29] [-13, -29, -11, -23] [-2, 28, -15, 23] [8, 36, -11, 11]
[-3, 1, -20, -10] [11, 1, 3, -21] [11, 15, 5, -6] [0, 17, 30, -31] [23, 31, -8, -2] [11, 31, 7, 1] [18, -19, 18, -15]
------------------------------
ALIVE
Head: (2 5)
Body: (2 5) (1 5) (1 4) (1 3) (1 2) (2 2) (3 2) (4 2) (4 1) (4 0) (5 0) (5 1) (6 1) (7 1) 
Length: 14, 4
Vision: 3
Hungry, suplies: 3/10
Reproductive: 16, mutating: 0.25
Generation: 27117
####################################
Wall (up, right, down, left):
[-3, -11, -19, 6] [12, -12, -16, -4] [-2, 5, 0, -13] [8, 3, 13, 7] [-20, 3, 26, -26] [2, 5, 9, -18] [-34, -15, -8, -12]
[4, 4, 17, -6] [9, 20, 6, 7] [-6, 17, 4, -10] [-23, 18, 3, 1] [28, 10, -5, -5] [-12, -9, 8, 9] [-13, -9, 16, -8]
[1, 7, 38, 1] [-11, 5, -10, 19] [-22, -7, 22, -5] [-59, 21, 35, 32] [-41, -30, -33, 14] [-3, -26, 12, 25] [-16, -15, -6, -19]
[5, 8, 6, -30] [8, 3, 8, -25] [1, 13, -6, -97] [0, 0, 0, 0] [27, -82, 14, 10] [21, -7, -12, 17] [3, -5, 13, -2]
[-25, -23, -12, -17] [20, 16, -9, 3] [-3, 15, -15, -2] [13, 8, -58, 18] [-3, -8, -17, 39] [11, 14, -12, 4] [-24, -28, 14, 4]
[13, 17, 4, 15] [6, 10, -7, -18] [14, 4, 21, -1] [-4, 0, -19, 9] [9, 22, 0, 15] [35, -2, -8, 5] [31, 5, 5, 5]
[-9, -11, -12, -6] [4, -1, -3, -3] [4, -5, 11, -7] [-7, 16, -19, -4] [22, 13, -7, 3] [23, -4, -19, 13] [4, -6, 3, 7]
Food (up, right, down, left):
[30, 7, -1, 14] [-9, 7, -9, -27] [19, -5, -18, 11] [-6, -3, 27, 1] [-1, 9, -4, 6] [-2, -12, 13, -8] [-25, 24, 4, -19]
[-42, -10, -11, -27] [3, -6, -10, -10] [-2, 17, 0, 13] [-12, 12, -26, 22] [12, 9, 7, -41] [25, -10, -21, 13] [6, -8, 2, 7]
[-18, 18, -3, -35] [-13, -6, -2, 20] [-29, -22, -15, 10] [32, -17, 9, -5] [-14, -7, -1, -9] [-5, 3, -36, -31] [12, 21, 6, 24]
[11, 2, 15, 31] [-19, -14, -31, 19] [1, 3, -25, -18] [0, 0, 0, 0] [-29, 39, -19, 6] [-24, 11, -19, 1] [-8, 13, -5, 7]
[-3, 16, 0, 24] [7, 5, 14, 16] [21, -11, 31, -1] [-5, -10, 13, -15] [-5, -7, 21, -31] [-7, 45, 9, 20] [18, 11, -2, -48]
[12, -17, -1, -13] [-5, 6, 26, 22] [10, 14, 3, 19] [-15, -20, 7, -29] [-13, -29, -11, -23] [-2, 28, -15, 23] [8, 36, -11, 11]
[-2, 1, -20, -10] [11, 1, 3, -21] [11, 15, 5, -6] [0, 17, 30, -31] [26, 31, -8, -2] [11, 31, 7, 1] [18, -19, 18, -15]
------------------------------
ALIVE
Head: (17 3)
Body: (17 3) (18 3) (18 2) (18 1) (18 57) (18 56) (18 55) (17 55) (16 55) (16 54) 
Length: 10, 4
Vision: 3
Hungry, suplies: 8/10
Reproductive: 16, mutating: 0.25
Generation: 27102
####################################
Wall (up, right, down, left):
[-3, -11, -19, 6] [12, -12, -16, -4] [-2, 5, 0, -13] [8, 3, 13, 7] [-20, 3, 26, -26] [2, 5, 9, -18] [-34, -15, -8, -12]
[4, 4, 17, -6] [9, 20, 6, 7] [-6, 17, 4, -10] [-23, 18, 3, 4] [28, 10, -5, -5] [-12, -9, 8, 9] [-13, -9, 16, -8]
[1, 7, 38, 1] [-11, 5, -10, 19] [-24, -7, 22, -5] [-59, 21, 35, 32] [-41, -30, -33, 14] [-3, -26, 12, 25] [-16, -15, -6, -19]
[5, 8, 6, -30] [8, 3, 8, -25] [1, 13, -6, -97] [0, 0, 0, 0] [27, -82, 17, 10] [21, -7, -12, 17] [3, -5, 13, -2]
[-25, -23, -12, -17] [20, 16, -9, 3] [-3, 15, -15, -2] [14, 8, -58, 18] [-3, -8, -17, 39] [11, 14, -12, 4] [-24, -28, 12, 4]
[13, 17, 4, 15] [6, 10, -7, -18] [14, 4, 21, -1] [-4, 0, -19, 9] [9, 22, 0, 15] [35, -2, -8, 5] [31, 5, 5, 5]
[-9, -11, -12, -6] [4, -1, -3, -3] [4, -5, 11, -7] [-7, 16, -19, -4] [22, 13, -7, 3] [23, -4, -19, 13] [4, -6, 3, 7]
Food (up, right, down, left):
[30, 7, -1, 14] [-9, 7, -9, -27] [19, -5, -18, 11] [-9, -3, 27, 1] [-1, 9, -4, 6] [-2, -12, 13, -8] [-25, 24, 4, -19]
[-42, -10, -11, -27] [3, -6, -10, -10] [-2, 17, 0, 13] [-12, 14, -26, 22] [12, 9, 7, -41] [25, -10, -21, 13] [6, -8, 2, 7]
[-18, 18, -3, -35] [-13, -6, -2, 20] [-29, -22, -15, 10] [32, -17, 9, -5] [-14, -7, -1, -9] [-5, 3, -36, -31] [12, 21, 6, 24]
[11, 2, 15, 31] [-19, -14, -31, 19] [1, 3, -25, -18] [0, 0, 0, 0] [-29, 42, -19, 6] [-24, 11, -19, 1] [-8, 13, -5, 7]
[-3, 16, 0, 24] [7, 5, 14, 16] [21, -11, 31, -1] [-5, -10, 13, -11] [-5, -7, 21, -31] [-7, 45, 9, 20] [18, 11, 1, -48]
[12, -17, -1, -13] [-5, 6, 26, 22] [10, 14, 3, 19] [-15, -20, 7, -29] [-13, -29, -11, -23] [-2, 28, -15, 23] [8, 36, -11, 11]
[-2, 1, -20, -10] [11, 1, 3, -21] [11, 15, 5, -6] [0, 17, 30, -31] [26, 31, -8, -2] [11, 31, 7, 1] [18, -19, 18, -15]
------------------------------
ALIVE
Head: (15 27)
Body: (15 27) (16 27) (17 27) (17 26) (17 25) (17 24) (16 24) (15 24) (15 23) 
Length: 9, 4
Vision: 3
Hungry, suplies: 7/10
Reproductive: 16, mutating: 0.25
Generation: 27103
####################################
Wall (up, right, down, left):
[-3, -11, -19, 6] [12, -12, -16, -4] [-2, 5, 0, -13] [8, 3, 13, 7] [-20, 3, 26, -26] [2, 5, 9, -18] [-34, -15, -8, -12]
[4, 4, 17, -6] [9, 20, 6, 7] [-6, 16, 4, -10] [-23, 18, 3, 1] [28, 10, -5, -5] [-12, -9, 8, 9] [-13, -9, 16, -8]
[1, 7, 38, 1] [-11, 5, -10, 19] [-22, -7, 22, -5] [-59, 21, 35, 32] [-41, -30, -33, 14] [-3, -26, 12, 25] [-16, -15, -6, -19]
[5, 8, 6, -30] [8, 3, 8, -25] [1, 13, -6, -97] [0, 0, 0, 0] [27, -82, 14, 10] [21, -7, -12, 17] [3, -5, 13, -2]
[-25, -23, -12, -17] [20, 16, -9, 3] [-3, 15, -15, -2] [13, 8, -58, 18] [-3, -8, -17, 39] [11, 14, -12, 4] [-24, -28, 14, 4]
[13, 17, 4, 15] [6, 10, -7, -18] [14, 4, 21, -1] [-4, 0, -19, 9] [9, 22, 0, 15] [35, -2, -8, 5] [31, 5, 5, 5]
[-9, -11, -12, -6] [4, -1, -3, -3] [4, -5, 11, -7] [-7, 16, -19, -4] [22, 13, -7, 3] [23, -4, -19, 13] [4, -6, 3, 7]
Food (up, right, down, left):
[30, 7, -1, 14] [-9, 7, -9, -27] [19, -5, -18, 11] [-6, -3, 27, 1] [-1, 9, -4, 6] [-2, -12, 13, -8] [-25, 24, 4, -19]
[-42, -10, -11, -27] [3, -6, -10, -10] [-2, 17, 0, 13] [-12, 12, -26, 22] [12, 9, 7, -41] [25, -10, -21, 13] [6, -8, 2, 7]
[-18, 18, -3, -35] [-13, -6, -2, 20] [-29, -22, -15, 10] [32, -17, 9, -5] [-14, -7, -1, -9] [-5, 3, -36, -31] [12, 21, 6, 24]
[11, 2, 15, 31] [-19, -14, -31, 19] [1, 3, -25, -18] [0, 0, 0, 0] [-29, 39, -19, 6] [-24, 11, -19, 1] [-8, 13, -5, 7]
[-3, 16, 0, 24] [7, 5, 14, 16] [21, -11, 31, -1] [-5, -10, 13, -15] [-5, -7, 21, -31] [-7, 45, 9, 20] [18, 11, -2, -48]
[12, -17, -1, -13] [-5, 6, 26, 22] [10, 14, 3, 19] [-15, -20, 7, -29] [-13, -29, -11, -23] [-2, 28, -15, 23] [8, 36, -11, 11]
[-2, 1, -20, -10] [11, 1, 3, -21] [11, 15, 5, -6] [0, 17, 30, -31] [26, 31, -8, -2] [11, 31, 7, 1] [18, -19, 18, -15]
------------------------------
ALIVE
Head: (22 54)
Body: (22 54) (23 54) (23 53) (-1 53) (0 53) (1 53) (1 52) (1 51) (1 50) 
Length: 9, 4
Vision: 3
Hungry, suplies: 10/10
Reproductive: 16, mutating: 0.25
Generation: 27100
####################################
Wall (up, right, down, left):
[-3, -11, -19, 6] [12, -12, -16, -4] [-2, 5, 0, -13] [8, 3, 13, 7] [-20, 3, 26, -26] [2, 5, 9, -18] [-34, -15, -8, -12]
[4, 4, 17, -6] [9, 20, 6, 7] [-6, 17, 4, -10] [-23, 18, 3, 4] [28, 10, -5, -5] [-12, -9, 8, 9] [-13, -9, 16, -8]
[1, 7, 38, 1] [-11, 5, -10, 19] [-24, -7, 22, -5] [-59, 21, 35, 32] [-41, -30, -33, 14] [-3, -26, 12, 25] [-16, -15, -6, -19]
[5, 8, 6, -30] [8, 3, 8, -25] [1, 13, -6, -97] [0, 0, 0, 0] [27, -82, 17, 10] [21, -7, -12, 17] [3, -5, 13, -2]
[-25, -23, -12, -17] [20, 16, -9, 0] [-3, 15, -15, -2] [14, 8, -58, 18] [-3, -8, -17, 39] [11, 14, -12, 4] [-24, -28, 12, 4]
[13, 17, 4, 15] [6, 10, -7, -18] [14, 4, 21, -1] [-4, 0, -19, 9] [9, 22, 0, 15] [35, -2, -8, 5] [31, 5, 5, 5]
[-9, -11, -12, -6] [4, -1, -3, -3] [4, -5, 11, -7] [-7, 16, -19, -4] [22, 13, -7, 3] [23, -4, -19, 13] [4, -6, 3, 7]
Food (up, right, down, left):
[30, 7, -1, 14] [-9, 7, -9, -27] [19, -5, -18, 11] [-9, -3, 27, 1] [-1, 9, -4, 6] [-2, -12, 13, -8] [-25, 24, 4, -19]
[-42, -10, -11, -27] [3, -6, -10, -10] [-2, 17, 0, 13] [-12, 14, -26, 22] [12, 9, 7, -41] [25, -10, -21, 13] [6, -8, 2, 7]
[-18, 18, -3, -35] [-13, -6, -2, 20] [-29, -22, -15, 10] [32, -17, 9, -5] [-14, -7, -1, -9] [-5, 3, -36, -31] [12, 21, 6, 24]
[11, 2, 15, 31] [-19, -14, -31, 19] [1, 3, -25, -18] [0, 0, 0, 0] [-29, 42, -19, 6] [-24, 11, -19, 1] [-8, 13, -5, 7]
[-3, 16, 0, 24] [5, 5, 14, 16] [21, -11, 31, -1] [-5, -10, 13, -11] [-5, -7, 21, -31] [-7, 45, 9, 20] [18, 11, 1, -48]
[12, -17, -1, -13] [-5, 6, 26, 22] [10, 14, 3, 19] [-15, -20, 7, -29] [-13, -29, -11, -23] [-2, 28, -15, 23] [8, 36, -11, 11]
[-2, 1, -20, -10] [11, 1, 3, -21] [11, 15, 5, -6] [0, 17, 30, -31] [26, 31, -8, -2] [11, 31, 7, 1] [18, -19, 18, -15]
------------------------------
ALIVE
Head: (21 0)
Body: (21 0) (22 0) (23 0) (24 57) (-1 56) (0 56) (1 56) (1 55) (1 54) (2 54) (2 53) (2 52) (3 52) 
Length: 13, 4
Vision: 3
Hungry, suplies: 5/10
Reproductive: 16, mutating: 0.25
Generation: 27103
####################################
Wall (up, right, down, left):
[-3, -11, -19, 6] [12, -12, -16, -4] [-2, 5, 0, -13] [8, 3, 13, 7] [-20, 3, 26, -26] [2, 5, 9, -18] [-34, -15, -8, -12]
[4, 4, 17, -6] [9, 20, 6, 7] [-6, 17, 4, -10] [-23, 18, 3, 1] [28, 10, -5, -5] [-12, -9, 8, 9] [-13, -9, 16, -8]
[1, 7, 38, 1] [-11, 5, -10, 19] [-22, -7, 22, -5] [-59, 21, 35, 32] [-41, -30, -33, 14] [-3, -26, 12, 25] [-16, -15, -6, -19]
[5, 8, 4, -30] [8, 3, 8, -25] [1, 13, -6, -97] [0, 0, 0, 0] [27, -82, 14, 10] [21, -7, -12, 17] [3, -5, 13, -2]
[-25, -23, -12, -17] [20, 16, -9, 3] [-3, 15, -15, -2] [13, 8, -58, 18] [-3, -8, -17, 39] [11, 14, -12, 4] [-24, -28, 14, 4]
[13, 17, 4, 15] [6, 10, -7, -18] [14, 4, 21, -1] [-4, 0, -19, 9] [9, 22, 0, 15] [35, -2, -8, 5] [31, 5, 5, 5]
[-9, -11, -12, -6] [4, -1, -3, -3] [4, -5, 11, -7] [-7, 16, -19, -4] [22, 13, -7, 3] [23, -4, -19, 13] [4, -6, 3, 7]
Food (up, right, down, left):
[30, 7, -1, 14] [-9, 7, -9, -27] [19, -5, -18, 11] [-6, -3, 27, 1] [-1, 9, -4, 6] [-2, -12, 13, -8] [-25, 24, 4, -19]
[-42, -10, -11, -27] [3, -6, -10, -10] [-2, 17, 0, 13] [-12, 12, -26, 22] [12, 9, 7, -41] [25, -10, -21, 13] [6, -8, 2, 7]
[-18, 18, -3, -35] [-13, -6, -2, 20] [-29, -22, -15, 10] [32, -17, 9, -5] [-14, -7, -1, -9] [-5, 3, -36, -31] [12, 21, 6, 24]
[11, 2, 15, 33] [-19, -14, -31, 19] [1, 3, -25, -18] [0, 0, 0, 0] [-29, 39, -19, 6] [-24, 11, -19, 1] [-8, 13, -5, 7]
[-3, 16, 0, 24] [7, 5, 14, 16] [21, -11, 31, -1] [-5, -10, 13, -15] [-5, -7, 21, -31] [-7, 45, 9, 20] [18, 11, -2, -48]
[12, -17, -1, -13] [-5, 6, 26, 22] [10, 14, 3, 19] [-15, -20, 7, -29] [-13, -29, -11, -23] [-2, 28, -15, 23] [8, 36, -11, 11]
[-2, 1, -20, -10] [11, 1, 3, -21] [11, 15, 5, -6] [0, 17, 30, -31] [26, 31, -8, -2] [11, 31, 7, 1] [18, -19, 18, -15]
------------------------------
ALIVE
Head: (9 9)
Body: (9 9) (9 8) (9 7) (10 7) (10 6) (10 5) (10 4) (10 3) (10 2) (10 1) 
Length: 10, 4
Vision: 3
Hungry, suplies: 1/10
Reproductive: 16, mutating: 0.25
Generation: 27107
####################################
Wall (up, right, down, left):
[-3, -11, -19, 6] [12, -12, -16, -4] [-2, 5, 0, -13] [8, 3, 13, 7] [-18, 3, 26, -26] [3, 5, 9, -18] [-34, -15, -8, -12]
[4, 4, 17, -6] [9, 20, 6, 7] [-6, 17, 4, -10] [-23, 18, 3, 1] [28, 10, -5, -5] [-12, -9, 8, 9] [-13, -9, 16, -8]
[1, 7, 38, 1] [-11, 5, -10, 19] [-22, -7, 22, -5] [-59, 21, 35, 32] [-41, -30, -33, 14] [-3, -26, 12, 25] [-16, -15, -6, -19]
[5, 4, 6, -30] [8, 3, 8, -25] [1, 13, -6, -97] [0, 0, 0, 0] [27, -82, 14, 10] [21, -7, -12, 17] [3, -5, 13, -2]
[-25, -23, -12, -17] [20, 16, -9, 3] [-3, 15, -15, -2] [13, 8, -58, 18] [-3, -8, -17, 39] [11, 14, -12, 4] [-24, -28, 14, 4]
[13, 17, 4, 15] [6, 10, -7, -18] [14, 4, 21, 0] [-4, 0, -19, 9] [9, 22, 0, 15] [35, -2, -8, 5] [31, 5, 5, 5]
[-9, -11, -12, -6] [4, -1, -3, -3] [4, -5, 11, -7] [-7, 16, -19, -4] [22, 13, -7, 3] [23, -4, -19, 13] [4, -6, 3, 7]
Food (up, right, down, left):
[30, 7, -1, 14] [-9, 7, -9, -27] [19, -5, -18, 11] [-6, -3, 27, 1] [-1, 9, -7, 6] [-2, -12, 13, -5] [-25, 24, 4, -19]
[-42, -10, -11, -27] [3, -6, -10, -10] [-2, 17, 0, 13] [-12, 12, -26, 22] [12, 9, 7, -41] [25, -10, -21, 13] [6, -8, 2, 7]
[-18, 18, -3, -35] [-13, -6, -2, 20] [-29, -22, -15, 10] [32, -17, 9, -5] [-14, -7, -1, -9] [-5, 3, -36, -31] [12, 21, 6, 24]
[11, 2, 15, 32] [-19, -14, -31, 19] [1, 3, -25, -18] [0, 0, 0, 0] [-29, 39, -19, 6] [-24, 11, -19, 1] [-8, 13, -5, 7]
[-3, 16, 0, 24] [7, 5, 14, 16] [21, -11, 31, -1] [-5, -10, 13, -15] [-5, -7, 21, -31] [-7, 45, 9, 20] [18, 11, -2, -48]
[12, -17, -1, -13] [-5, 6, 26, 22] [11, 14, 3, 19] [-15, -20, 7, -29] [-13, -29, -11, -23] [-2, 28, -15, 23] [8, 36, -11, 11]
[-2, 1, -20, -10] [11, 1, 3, -21] [11, 15, 5, -6] [0, 17, 30, -31] [26, 31, -8, -2] [11, 31, 7, 1] [18, -19, 18, -15]
------------------------------
ALIVE
Head: (18 28)
Body: (18 28) (18 29) (19 29) (19 30) (19 31) (20 31) (20 30) (20 29) 
Length: 8, 4
Vision: 3
Hungry, suplies: 1/10
Reproductive: 16, mutating: 0.25
Generation: 27105
####################################
Wall (up, right, down, left):
[-3, -11, -19, 6] [12, -12, -16, -4] [-2, 5, 0, -13] [8, 3, 13, 7] [-20, 3, 26, -26] [2, 5, 9, -18] [-34, -15, -8, -12]
[4, 4, 17, -6] [9, 20, 6, 7] [-6, 17, 4, -10] [-23, 18, 3, 4] [28, 10, -5, -5] [-12, -9, 8, 9] [-13, -9, 16, -8]
[1, 7, 38, 1] [-11, 5, -10, 19] [-24, -7, 22, -5] [-59, 21, 35, 32] [-41, -30, -33, 14] [-3, -26, 12, 25] [-16, -15, -6, -19]
[5, 8, 6, -30] [8, 3, 8, -25] [1, 13, -6, -97] [0, 0, 0, 0] [27, -82, 17, 10] [21, -7, -12, 17] [3, -5, 13, -2]
[-25, -23, -12, -17] [20, 16, -9, 3] [-3, 15, -15, -2] [14, 8, -58, 18] [-3, -8, -17, 39] [11, 14, -12, 4] [-24, -28, 11, 4]
[13, 17, 4, 15] [6, 10, -7, -18] [14, 4, 21, -1] [-4, 0, -19, 9] [9, 22, 0, 15] [35, -2, -8, 5] [31, 5, 5, 5]
[-9, -11, -12, -6] [4, -1, -3, -3] [4, -5, 11, -7] [-7, 16, -19, -4] [22, 13, -7, 3] [23, -4, -19, 13] [4, -6, 3, 7]
Food (up, right, down, left):
[30, 7, -1, 14] [-9, 7, -9, -27] [19, -5, -18, 11] [-9, -3, 27, 1] [-1, 9, -4, 6] [-2, -12, 13, -8] [-25, 24, 4, -19]
[-42, -10, -11, -27] [3, -6, -10, -10] [-2, 17, 0, 13] [-12, 14, -26, 22] [12, 9, 7, -41] [25, -10, -21, 13] [6, -8, 2, 7]
[-18, 18, -3, -35] [-13, -6, -2, 20] [-29, -22, -15, 10] [32, -17, 9, -5] [-14, -7, -1, -9] [-5, 3, -36, -31] [12, 21, 6, 24]
[11, 2, 15, 31] [-19, -14, -31, 19] [1, 3, -25, -18] [0, 0, 0, 0] [-29, 42, -19, 6] [-24, 11, -19, 1] [-8, 13, -5, 7]
[-3, 16, 0, 24] [4, 5, 14, 16] [21, -11, 31, -1] [-5, -10, 13, -11] [-5, -7, 21, -31] [-7, 45, 9, 20] [20, 11, 1, -48]
[12, -17, -1, -13] [-5, 6, 26, 22] [10, 14, 3, 19] [-15, -20, 7, -29] [-13, -29, -11, -23] [-2, 28, -15, 23] [8, 36, -11, 11]
[-2, 1, -20, -10] [11, 1, 3, -21] [11, 15, 5, -6] [0, 17, 30, -31] [26, 31, -8, -2] [11, 31, 7, 1] [18, -19, 18, -15]
------------------------------
ALIVE
Head: (0 9)
Body: (25 9) (24 9) (24 8) (24 7) (23 7) (23 8) (23 9) (23 10) (24 10) 
Length: 9, 4
Vision: 3
Hungry, suplies: 9/10
Reproductive: 16, mutating: 0.25
Generation: 27104
####################################
