Wall (up, right, down, left):
[14, 0, -15, 11] [0, -13, -17, -6] [-13, 3, 3, -3] [18, 9, 20, 4] [-13, 5, 30, -15] [-3, 1, -4, -14] [-25, -15, -19, -15]
[-10, -3, 15, -6] [7, 25, 5, 8] [-18, 8, 6, -8] [-23, 13, 7, 8] [26, 4, -5, 3] [-14, -16, 5, 3] [-18, -4, 15, 0]
[-5, -1, 43, -5] [-7, 24, -2, 7] [-12, 2, 23, -6] [-69, 18, 36, 28] [-42, -34, -34, 19] [-12, -29, 4, 18] [-24, -15, -2, -15]
[5, 18, -2, -47] [12, -2, 8, -29] [0, 17, 2, -94] [0, 0, 0, 0] [29, -85, 18, 9] [15, -9, 3, 18] [6, 7, 8, -8]
[-14, -15, -11, -5] [20, 12, -12, 0] [-6, 10, -16, -7] [31, 21, -77, 21] [3, -12, -17, 34] [-2, 11, -16, 4] [-25, -53, 5, 16]
[13, 13, 9, 12] [12, 8, -11, -20] [8, -3, 16, -1] [-13, -1, -18, 1] [2, 7, -9, 17] [20, -4, -14, 3] [21, 5, 6, 22]
[2, -3, -4, -19] [-5, 1, -8, -5] [4, 3, 19, -5] [-9, 16, -24, -17] [32, 8, -10, 16] [18, -18, -30, 16] [-4, -2, 9, 6]
Food (up, right, down, left):
[15, 19, -3, 18] [-2, 8, -8, -28] [25, -15, -3, 9] [-7, 0, 22, 22] [-6, 15, 11, 0] [-2, -11, -7, -12] [-29, 24, -5, -15]
[-59, -4, -14, -21] [-3, -7, -13, -20] [-7, 17, 5, 18] [-4, 14, -24, 22] [21, 9, 1, -46] [31, -13, -21, 12] [7, -12, 12, 19]
[-18, 21, 4, -29] [-10, -2, 4, 32] [-36, -26, -27, 24] [25, -28, 18, -3] [-11, -9, -5, -8] [-3, 0, -36, -35] [25, 30, 2, 30]
[16, 3, 13, 40] [-15, -9, -38, 26] [-2, -4, -25, -11] [0, 0, 0, 0] [-25, 55, -22, -5] [-36, -2, -20, 5] [-5, 25, -14, 13]
[-10, 21, -11, 13] [6, 10, 7, 19] [20, -8, 34, -5] [-19, -11, 9, -8] [2, -3, 23, -38] [-10, 43, 19, 26] [9, -6, -8, -34]
[22, -8, -2, -2] [3, 19, 28, 18] [5, 12, 5, 19] [-7, -15, 16, -28] [-24, -19, -14, -29] [-12, 19, -5, 16] [15, 47, -1, 21]
[-8, 5, -20, -16] [8, -7, 10, -34] [12, 16, 6, -12] [5, 14, 35, -41] [28, 39, -6, -4] [6, 26, 7, -9] [24, -27, 13, -29]
------------------------------
ALIVE
Head: (1 2)
Body: (1 2) (2 2) (2 1) (2 0) (2 56) (1 56) (1 55) (1 54) (25 54) (24 54) (-1 53) 
Length: 11, 4
Vision: 3
Hungry, suplies: 7/10
Reproductive: 16, mutating: 0.25
Generation: 31681
####################################
Wall (up, right, down, left):
[14, 0, -15, 11] [0, -13, -17, -6] [-13, 3, 3, -3] [18, 9, 20, 4] [-13, 5, 30, -15] [-3, 1, -4, -14] [-25, -15, -19, -15]
[-10, -3, 15, -6] [7, 25, 5, 8] [-18, 8, 6, -8] [-23, 13, 7, 8] [26, 4, -5, 3] [-14, -16, 5, 3] [-18, -4, 15, 0]
[-5, -1, 43, -5] [-7, 24, -2, 7] [-12, 2, 23, -6] [-69, 18, 36, 28] [-42, -34, -34, 19] [-12, -29, 4, 18] [-24, -15, -2, -15]
[5, 18, -2, -47] [12, -2, 8, -29] [0, 17, 2, -94] [0, 0, 0, 0] [29, -85, 18, 9] [15, -9, 3, 18] [6, 7, 8, -8]
[-14, -15, -11, -5] [20, 12, -12, 0] [-6, 10, -16, -7] [31, 21, -77, 21] [3, -12, -17, 34] [-2, 11, -16, 4] [-25, -53, 5, 16]
[13, 13, 9, 12] [12, 8, -11, -20] [8, -3, 16, -1] [-13, -1, -18, 1] [2, 7, -9, 17] [20, -4, -14, 3] [21, 5, 6, 22]
[2, -3, -4, -19] [-5, 1, -8, -5] [4, 3, 19, -5] [-9, 16, -24, -17] [32, 8, -10, 16] [18, -18, -30, 16] [-4, -2, 9, 6]
Food (up, right, down, left):
[15, 19, -3, 18] [-2, 8, -8, -28] [25, -15, -3, 9] [-7, 0, 22, 22] [-6, 15, 11, 0] [-2, -11, -7, -12] [-29, 24, -5, -15]
[-59, -4, -14, -21] [-3, -7, -13, -20] [-7, 17, 5, 18] [-4, 14, -24, 22] [21, 9, 1, -46] [31, -13, -21, 12] [7, -12, 12, 19]
[-18, 21, 4, -29] [-10, -2, 4, 32] [-36, -26, -27, 24] [25, -28, 18, -3] [-11, -9, -5, -8] [-3, 0, -36, -35] [25, 30, 2, 30]
[16, 3, 13, 40] [-15, -9, -38, 26] [-2, -4, -25, -11] [0, 0, 0, 0] [-25, 55, -22, -5] [-36, -2, -20, 5] [-5, 25, -14, 13]
[-10, 21, -11, 13] [6, 10, 7, 19] [20, -8, 34, -5] [-19, -11, 9, -8] [2, -3, 23, -38] [-10, 43, 19, 26] [9, -6, -8, -34]
[22, -8, -2, -2] [3, 19, 28, 18] [5, 12, 5, 19] [-7, -15, 16, -28] [-24, -19, -14, -29] [-12, 19, -5, 16] [15, 47, -1, 21]
[-8, 5, -20, -16] [8, -7, 10, -34] [12, 16, 6, -12] [5, 14, 35, -41] [28, 39, -6, -4] [6, 26, 7, -9] [24, -27, 13, -29]
------------------------------
ALIVE
Head: (21 45)
Body: (21 45) (21 44) (20 44) (19 44) (18 44) (17 44) (16 44) (16 43) (15 43) (15 44) (14 44) (14 45) (13 45) 
Length: 13, 4
Vision: 3
Hungry, suplies: 9/10
Reproductive: 16, mutating: 0.25
Generation: 31682
####################################
Wall (up, right, down, left):
[14, 0, -15, 11] [0, -13, -17, -6] [-13, 3, 3, -3] [18, 9, 20, 4] [-13, 5, 30, -15] [-3, 1, -4, -14] [-25, -15, -19, -15]
[-10, -3, 15, -6] [7, 25, 5, 8] [-18, 8, 6, -8] [-23, 13, 7, 8] [26, 4, -5, 3] [-14, -16, 5, 3] [-18, -4, 15, 0]
[-5, -1, 43, -5] [-7, 24, -2, 8] [-12, 2, 23, -6] [-69, 18, 36, 28] [-42, -34, -34, 19] [-12, -29, 4, 18] [-24, -15, -2, -15]
[5, 18, -2, -47] [12, -2, 8, -29] [0, 17, 2, -94] [0, 0, 0, 0] [29, -85, 18, 9] [15, -9, 3, 18] [6, 7, 8, -8]
[-14, -15, -11, -5] [20, 12, -12, 0] [-6, 10, -16, -7] [31, 21, -77, 21] [3, -12, -17, 34] [-2, 11, -16, 4] [-25, -53, 5, 16]
[13, 13, 9, 12] [12, 8, -11, -20] [8, -3, 16, -1] [-13, -1, -18, 1] [2, 7, -9, 17] [20, -4, -14, 3] [21, 5, 6, 22]
[2, -3, -4, -19] [-5, 1, -8, -5] [4, 3, 19, -5] [-9, 16, -24, -17] [32, 8, -10, 16] [18, -18, -30, 16] [-4, -2, 9, 6]
Food (up, right, down, left):
[15, 19, -3, 18] [-2, 8, -8, -28] [25, -15, -3, 9] [-7, 0, 22, 22] [-6, 15, 11, 0] [-2, -11, -7, -12] [-29, 24, -5, -15]
[-59, -4, -14, -21] [-3, -7, -13, -20] [-7, 17, 5, 18] [-4, 14, -24, 22] [21, 9, 1, -46] [31, -13, -21, 12] [7, -12, 12, 19]
[-18, 21, 4, -29] [-10, 0, 4, 32] [-36, -26, -27, 24] [25, -28, 18, -3] [-11, -9, -5, -8] [-3, 0, -36, -35] [25, 30, 2, 30]
[16, 3, 13, 40] [-15, -9, -38, 26] [-2, -4, -25, -11] [0, 0, 0, 0] [-25, 55, -22, -5] [-36, -2, -20, 5] [-5, 25, -14, 13]
[-10, 21, -11, 13] [6, 10, 7, 19] [20, -8, 34, -5] [-19, -11, 9, -8] [2, -3, 23, -38] [-10, 43, 19, 26] [9, -6, -8, -34]
[22, -8, -2, -2] [3, 19, 28, 18] [5, 12, 5, 19] [-7, -15, 16, -28] [-24, -19, -14, -29] [-12, 19, -5, 16] [15, 47, -1, 21]
[-8, 5, -20, -16] [8, -7, 10, -34] [12, 16, 6, -12] [5, 14, 35, -41] [28, 39, -6, -4] [6, 26, 7, -9] [24, -27, 13, -29]
------------------------------
ALIVE
Head: (23 26)
Body: (23 26) (-1 26) (0 26) (0 27) (0 28) (0 29) (0 30) (24 30) 
Length: 8, 4
Vision: 3
Hungry, suplies: 10/10
Reproductive: 16, mutating: 0.25
Generation: 31683
####################################
Wall (up, right, down, left):
[14, 0, -15, 11] [0, -13, -17, -6] [-13, 6, 3, -3] [18, 9, 20, 4] [-13, 5, 30, -15] [-3, 1, -4, -14] [-25, -15, -19, -15]
[-10, -3, 16, -6] [7, 25, 5, 8] [-18, 8, 6, -8] [-23, 13, 7, 8] [26, 4, -5, 3] [-14, -16, 5, 3] [-18, -4, 15, 0]
[-5, -1, 43, -5] [-7, 24, -2, 7] [-12, 2, 23, -6] [-69, 18, 36, 28] [-42, -34, -34, 19] [-12, -29, 4, 18] [-24, -15, -2, -15]
[5, 18, -2, -47] [12, -2, 8, -29] [0, 17, 2, -94] [0, 0, 0, 0] [29, -85, 18, 9] [15, -9, 3, 15] [3, 7, 8, -8]
[-14, -15, -11, -5] [20, 12, -12, 0] [-6, 10, -16, -7] [31, 21, -77, 21] [3, -12, -17, 34] [-2, 11, -16, 4] [-25, -53, 5, 16]
[13, 13, 9, 12] [12, 8, -11, -20] [8, -8, 16, -1] [-13, -1, -16, 1] [2, 7, -9, 17] [20, -4, -14, 3] [21, 5, 6, 22]
[2, -3, -4, -19] [-5, 1, -8, -5] [4, 3, 19, -5] [-9, 16, -24, -17] [32, 8, -10, 16] [18, -18, -30, 16] [-4, -2, 9, 6]
Food (up, right, down, left):
[15, 19, -3, 18] [-2, 8, -8, -28] [25, -15, -7, 9] [-7, 0, 22, 22] [-6, 15, 11, 0] [-2, -11, -7, -12] [-29, 24, -5, -15]
[-60, -4, -14, -21] [-3, -7, -13, -20] [-7, 17, 5, 18] [-4, 14, -24, 22] [21, 9, 1, -46] [31, -13, -21, 12] [7, -12, 12, 19]
[-18, 21, 4, -29] [-10, -2, 4, 32] [-36, -26, -27, 24] [25, -28, 18, -3] [-11, -9, -5, -8] [-3, 0, -36, -35] [25, 30, 2, 30]
[16, 3, 13, 40] [-15, -9, -38, 26] [-2, -4, -25, -11] [0, 0, 0, 0] [-25, 55, -22, -5] [-32, -2, -20, 5] [-5, 25, -14, 12]
[-10, 21, -11, 13] [6, 10, 7, 19] [20, -8, 34, -5] [-19, -11, 9, -8] [2, -3, 23, -38] [-10, 43, 19, 26] [9, -6, -8, -34]
[22, -8, -2, -2] [3, 19, 28, 18] [5, 11, 5, 19] [-7, -15, 15, -28] [-24, -19, -14, -29] [-12, 19, -5, 16] [15, 47, -1, 21]
[-8, 5, -20, -16] [8, -7, 10, -34] [12, 16, 6, -12] [5, 14, 35, -41] [28, 39, -6, -4] [6, 26, 7, -9] [24, -27, 13, -29]
------------------------------
ALIVE
Head: (10 7)
Body: (10 7) (9 7) (9 6) (8 6) (7 6) (7 5) (7 4) (6 4) (6 3) (5 3) (4 3) (4 2) (4 1) (4 0) (3 57) 
Length: 15, 4
Vision: 3
Hungry, suplies: 6/10
Reproductive: 16, mutating: 0.25
Generation: 31683
####################################
Wall (up, right, down, left):
[14, 0, -15, 11] [0, -13, -17, -6] [-13, 6, 3, -3] [18, 9, 20, 4] [-13, 5, 30, -15] [-3, 1, -4, -14] [-25, -15, -19, -15]
[-10, -3, 15, -6] [7, 25, 5, 8] [-18, 8, 6, -8] [-23, 13, 7, 8] [26, 4, -5, 3] [-14, -16, 5, 3] [-18, -4, 15, 0]
[-5, -1, 43, -5] [-7, 24, -2, 7] [-12, 2, 23, -6] [-69, 18, 36, 28] [-42, -34, -34, 19] [-12, -29, 4, 18] [-24, -15, -2, -15]
[5, 18, -2, -47] [12, -2, 8, -29] [0, 17, 2, -94] [0, 0, 0, 0] [29, -85, 18, 9] [15, -9, 3, 18] [6, 7, 8, -7]
[-14, -15, -11, -5] [20, 12, -12, 0] [-6, 10, -16, -7] [31, 21, -77, 21] [3, -12, -17, 34] [-2, 11, -16, 4] [-25, -53, 5, 16]
[13, 13, 9, 12] [12, 8, -11, -20] [8, -3, 16, -1] [-13, -1, -18, 1] [2, 7, -9, 17] [20, -4, -14, 3] [21, 5, 6, 22]
[2, -3, -4, -19] [-5, 1, -8, -5] [4, 3, 19, -5] [-9, 16, -24, -17] [32, 8, -10, 16] [18, -18, -30, 16] [-4, -2, 9, 6]
Food (up, right, down, left):
[15, 19, -3, 18] [-2, 8, -8, -28] [25, -15, -7, 9] [-7, 0, 22, 22] [-6, 15, 11, 0] [-2, -11, -7, -12] [-29, 24, -5, -15]
[-59, -4, -14, -21] [-3, -7, -13, -20] [-7, 17, 5, 18] [-4, 14, -24, 22] [21, 9, 1, -46] [31, -13, -21, 12] [7, -12, 12, 19]
[-18, 21, 4, -29] [-10, -2, 4, 32] [-36, -26, -27, 24] [25, -28, 18, -3] [-11, -9, -5, -8] [-3, 0, -36, -35] [25, 30, 2, 30]
[16, 3, 13, 40] [-15, -9, -38, 26] [-2, -4, -25, -11] [0, 0, 0, 0] [-25, 55, -22, -5] [-36, -2, -20, 5] [-5, 25, -13, 13]
[-10, 21, -11, 13] [6, 10, 7, 19] [20, -8, 34, -5] [-19, -11, 9, -8] [2, -3, 23, -38] [-10, 43, 19, 26] [9, -6, -8, -34]
[22, -8, -2, -2] [3, 19, 28, 18] [5, 12, 5, 19] [-7, -15, 16, -28] [-24, -19, -14, -29] [-12, 19, -5, 16] [15, 47, -1, 21]
[-8, 5, -20, -16] [8, -7, 10, -34] [12, 16, 6, -12] [5, 14, 35, -41] [28, 39, -6, -4] [6, 26, 7, -9] [24, -27, 13, -29]
------------------------------
ALIVE
Head: (3 25)
Body: (3 25) (2 25) (2 24) (1 24) (1 23) (1 22) (1 21) (0 21) (0 20) (1 20) (1 19) (1 18) (2 18) 
Length: 13, 4
Vision: 3
Hungry, suplies: 7/10
Reproductive: 16, mutating: 0.25
Generation: 31676
####################################
Wall (up, right, down, left):
[14, 0, -15, 11] [0, -13, -17, -6] [-13, 6, 3, -3] [18, 9, 20, 4] [-13, 5, 30, -15] [-3, 1, -4, -11] [-25, -15, -19, -15]
[-10, -3, 16, -6] [7, 25, 5, 8] [-18, 8, 6, -8] [-23, 13, 7, 8] [26, 4, -5, 3] [-14, -16, 5, 3] [-18, -4, 20, 0]
[-5, -1, 43, -5] [-7, 24, -2, 7] [-12, 2, 23, -6] [-69, 18, 36, 28] [-42, -34, -34, 19] [-12, -29, 4, 18] [-24, -15, -2, -15]
[5, 18, -2, -47] [12, -2, 8, -29] [0, 17, 2, -94] [0, 0, 0, 0] [29, -85, 18, 9] [15, -6, 3, 15] [6, 7, 8, -8]
[-14, -15, -11, -5] [20, 12, -12, 0] [-6, 10, -16, -7] [31, 21, -77, 21] [3, -14, -17, 34] [-2, 11, -16, 4] [-25, -53, 5, 16]
[13, 13, 9, 12] [12, 8, -11, -20] [8, -8, 16, -1] [-13, -1, -16, 1] [2, 7, -9, 17] [20, -4, -14, 3] [21, 5, 6, 22]
[2, -3, -4, -19] [-5, 1, -8, -5] [4, 3, 19, -5] [-9, 16, -24, -17] [32, 8, -10, 16] [18, -18, -30, 16] [-4, -2, 9, 6]
Food (up, right, down, left):
[15, 19, -3, 18] [-2, 8, -8, -28] [25, -15, -7, 9] [-7, 0, 22, 22] [-6, 15, 11, 0] [-2, -11, -8, -12] [-29, 24, -5, -15]
[-60, -4, -14, -21] [-3, -7, -13, -20] [-7, 17, 5, 18] [-4, 14, -24, 22] [21, 9, 1, -46] [31, -13, -21, 12] [7, -12, 12, 17]
[-18, 21, 4, -29] [-10, -2, 4, 32] [-36, -26, -27, 24] [25, -28, 18, -3] [-11, -9, -5, -8] [-3, 0, -36, -35] [25, 30, 2, 30]
[16, 3, 13, 40] [-15, -9, -38, 26] [-2, -4, -25, -11] [0, 0, 0, 0] [-25, 55, -22, -5] [-37, -2, -20, 5] [-5, 25, -14, 13]
[-10, 21, -11, 13] [6, 10, 7, 19] [20, -8, 34, -5] [-19, -11, 9, -8] [2, 1, 23, -38] [-10, 43, 19, 26] [9, -6, -8, -34]
[22, -8, -2, -2] [3, 19, 28, 18] [5, 11, 5, 19] [-7, -15, 15, -28] [-24, -19, -14, -29] [-12, 19, -5, 16] [15, 47, -1, 21]
[-8, 5, -20, -16] [8, -7, 10, -34] [12, 16, 6, -12] [5, 14, 35, -41] [28, 39, -6, -4] [6, 26, 7, -9] [24, -27, 13, -29]
------------------------------
ALIVE
Head: (4 15)
Body: (4 15) (4 14) (4 13) (3 13) (3 12) (3 11) (4 11) (4 10) (4 9) (4 8) (4 7) (5 7) (5 8) (5 9) (6 9) 
Length: 15, 4
Vision: 3
Hungry, suplies: 7/10
Reproductive: 16, mutating: 0.25
Generation: 31683
####################################
Wall (up, right, down, left):
[14, 0, -15, 11] [0, -13, -17, -6] [-13, 3, 3, -3] [18, 9, 20, 4] [-13, 5, 30, -15] [-3, 1, -4, -14] [-25, -15, -19, -15]
[-10, -3, 15, -6] [7, 25, 5, 8] [-18, 8, 6, -8] [-23, 13, 7, 8] [26, 4, -5, 3] [-14, -16, 5, 3] [-18, -4, 15, 0]
[-5, -1, 43, -5] [-7, 24, -2, 7] [-12, 2, 23, -6] [-69, 18, 36, 28] [-42, -34, -34, 19] [-12, -29, 4, 18] [-24, -15, -2, -15]
[5, 18, -2, -47] [12, -2, 8, -29] [0, 17, 2, -94] [0, 0, 0, 0] [29, -85, 18, 9] [15, -9, 3, 18] [6, 7, 8, -8]
[-14, -15, -11, -5] [20, 12, -12, 0] [-6, 10, -16, -7] [31, 21, -77, 21] [3, -12, -17, 34] [-2, 11, -16, 4] [-25, -53, 5, 16]
[13, 13, 9, 12] [12, 8, -11, -20] [8, -3, 16, -1] [-13, -1, -18, 1] [2, 7, -9, 17] [20, -4, -14, 3] [21, 5, 6, 22]
[2, -3, -4, -19] [-5, 1, -8, -5] [4, 3, 19, -5] [-9, 16, -24, -17] [32, 8, -10, 16] [18, -18, -30, 16] [-4, -2, 9, 6]
Food (up, right, down, left):
[15, 19, -3, 18] [-2, 8, -8, -28] [25, -15, -3, 9] [-7, 0, 22, 22] [-6, 15, 11, 0] [-2, -11, -7, -12] [-29, 24, -5, -15]
[-59, -4, -14, -21] [-3, -7, -13, -20] [-7, 17, 5, 18] [-4, 14, -24, 22] [21, 9, 1, -46] [31, -13, -21, 12] [7, -12, 12, 19]
[-18, 21, 4, -29] [-10, -2, 4, 32] [-36, -26, -27, 24] [25, -28, 18, -3] [-11, -9, -5, -8] [-3, 0, -36, -35] [25, 30, 2, 30]
[16, 3, 13, 40] [-15, -9, -38, 26] [-2, -4, -25, -11] [0, 0, 0, 0] [-25, 55, -22, -5] [-36, -2, -20, 5] [-5, 25, -14, 13]
[-10, 21, -11, 13] [6, 10, 7, 19] [20, -8, 34, -5] [-19, -11, 9, -8] [2, -3, 23, -38] [-10, 43, 19, 26] [9, -6, -8, -34]
[22, -8, -2, -2] [3, 19, 28, 18] [5, 12, 5, 19] [-7, -15, 16, -28] [-24, -19, -14, -29] [-12, 19, -5, 16] [15, 47, -1, 21]
[-8, 5, -20, -16] [8, -7, 10, -34] [12, 16, 6, -12] [5, 14, 35, -41] [28, 39, -6, -4] [6, 26, 7, -9] [24, -27, 13, -29]
------------------------------
ALIVE
Head: (22 27)
Body: (22 27) (21 27) (21 26) (21 25) (21 24) (21 23) (21 22) (21 21) (22 21) (22 20) (22 19) (23 19) (24 19) (24 20) (24 21) 
Length: 15, 4
Vision: 3
Hungry, suplies: 8/10
Reproductive: 16, mutating: 0.25
Generation: 31682
####################################
Wall (up, right, down, left):
[14, 0, -15, 11] [0, -13, -17, -6] [-13, 6, 3, -3] [18, 9, 20, 4] [-13, 5, 30, -15] [-3, 1, -4, -14] [-25, -15, -19, -15]
[-10, -3, 16, -6] [7, 25, 5, 8] [-18, 8, 6, -8] [-23, 13, 7, 8] [26, 4, -5, 3] [-14, -16, 5, 3] [-18, -4, 15, 0]
[-5, -1, 43, -5] [-7, 24, -2, 7] [-12, 2, 23, -6] [-69, 18, 36, 28] [-42, -34, -34, 19] [-12, -29, 4, 18] [-24, -15, -2, -15]
[5, 18, -2, -47] [12, -2, 8, -29] [0, 17, 2, -94] [0, 0, 0, 0] [29, -85, 18, 9] [15, -6, 3, 15] [6, 7, 8, -8]
[-14, -15, -11, -5] [20, 12, -12, 0] [-6, 10, -16, -7] [31, 21, -77, 21] [3, -14, -17, 34] [-2, 11, -16, 4] [-25, -53, 5, 16]
[13, 13, 9, 12] [12, 8, -11, -20] [8, -8, 16, -1] [-13, -1, -16, 1] [2, 7, -9, 17] [20, -4, -14, 3] [21, 5, 6, 22]
[2, -3, -4, -19] [-5, 1, -8, -5] [4, 3, 19, -5] [-9, 16, -24, -17] [32, 8, -10, 16] [18, -18, -30, 16] [-4, -2, 9, 6]
Food (up, right, down, left):
[15, 19, -3, 18] [-2, 8, -8, -28] [25, -15, -7, 9] [-7, 0, 22, 22] [-6, 15, 11, 0] [-2, -11, -7, -12] [-29, 19, -5, -15]
[-60, -4, -14, -21] [-3, -7, -13, -20] [-7, 17, 5, 18] [-4, 14, -24, 22] [21, 9, 1, -46] [31, -13, -21, 12] [7, -12, 12, 19]
[-18, 21, 4, -29] [-10, -2, 4, 32] [-36, -26, -27, 24] [25, -28, 18, -3] [-11, -9, -5, -8] [-3, 0, -36, -35] [25, 30, 2, 30]
[16, 3, 13, 40] [-20, -9, -38, 26] [-2, -4, -25, -11] [0, 0, 0, 0] [-25, 55, -22, -5] [-37, -2, -20, 5] [-5, 25, -14, 13]
[-10, 21, -11, 13] [6, 10, 7, 19] [20, -8, 34, -5] [-19, -11, 9, -8] [2, 1, 23, -38] [-10, 43, 19, 26] [9, -6, -8, -34]
[22, -8, -2, -2] [3, 19, 28, 18] [5, 11, 5, 19] [-7, -15, 15, -28] [-24, -19, -14, -29] [-12, 19, -5, 16] [15, 47, -1, 21]
[-8, 5, -20, -16] [8, -7, 10, -34] [12, 16, 6, -12] [5, 14, 35, -41] [28, 39, -6, -4] [6, 26, 7, -9] [24, -27, 13, -29]
------------------------------
ALIVE
Head: (10 29)
Body: (10 29) (10 28) (10 27) (9 27) (8 27) (7 27) (6 27) (6 26) (6 25) (6 24) (6 23) 
Length: 11, 4
Vision: 3
Hungry, suplies: 9/10
Reproductive: 16, mutating: 0.25
Generation: 31687
####################################
Wall (up, right, down, left):
[14, 0, -15, 11] [0, -13, -17, -6] [-13, 6, 3, -3] [18, 9, 20, 4] [-13, 5, 30, -15] [-3, 1, -4, -14] [-25, -15, -19, -15]
[-10, -3, 16, -6] [7, 25, 5, 8] [-18, 8, 6, -8] [-23, 13, 7, 8] [26, 4, -5, 3] [-14, -16, 5, 3] [-18, -4, 15, 0]
[-5, -1, 43, -5] [-7, 24, -2, 7] [-12, 2, 23, -6] [-69, 18, 36, 28] [-42, -34, -34, 19] [-12, -29, 5, 18] [-24, -15, -2, -15]
[5, 18, -2, -44] [12, -2, 8, -29] [-3, 17, 2, -94] [0, 0, 0, 0] [29, -85, 18, 9] [15, -9, 3, 15] [6, 7, 8, -8]
[-14, -15, -11, -5] [20, 12, -12, 0] [-6, 10, -16, -7] [31, 21, -77, 21] [3, -12, -17, 34] [-2, 11, -16, 4] [-25, -53, 5, 16]
[13, 13, 9, 12] [12, 8, -11, -20] [8, -8, 16, -1] [-13, -1, -16, 1] [2, 7, -9, 17] [20, -4, -14, 3] [21, 5, 6, 22]
[2, -3, -4, -19] [-5, 1, -8, -5] [4, 3, 19, -5] [-9, 16, -24, -17] [32, 8, -10, 16] [18, -19, -30, 16] [-4, -2, 9, 6]
Food (up, right, down, left):
[15, 19, -3, 18] [-2, 8, -8, -28] [25, -15, -7, 9] [-7, 0, 22, 22] [-6, 15, 11, 0] [-2, -11, -7, -12] [-29, 24, -5, -15]
[-60, -4, -14, -21] [-3, -7, -13, -20] [-7, 17, 5, 18] [-4, 14, -24, 22] [21, 9, 1, -46] [31, -13, -21, 12] [7, -12, 12, 19]
[-18, 21, 4, -29] [-10, -2, 4, 32] [-36, -26, -27, 24] [25, -28, 18, -3] [-11, -9, -5, -8] [-1, 0, -36, -35] [25, 30, 2, 30]
[16, 3, 13, 45] [-15, -9, -38, 26] [-2, -6, -25, -11] [0, 0, 0, 0] [-25, 55, -22, -5] [-32, -2, -20, 5] [-5, 25, -14, 13]
[-10, 21, -11, 13] [6, 10, 7, 19] [20, -8, 34, -5] [-19, -11, 9, -8] [2, -3, 23, -38] [-10, 43, 19, 26] [9, -6, -8, -34]
[22, -8, -2, -2] [3, 19, 28, 18] [5, 11, 5, 19] [-7, -15, 15, -28] [-24, -19, -14, -29] [-12, 19, -5, 16] [15, 47, -1, 21]
[-8, 5, -20, -16] [8, -7, 10, -34] [12, 16, 6, -12] [5, 14, 34, -41] [28, 39, -6, -4] [4, 26, 7, -9] [24, -27, 13, -29]
------------------------------
ALIVE
Head: (17 29)
Body: (17 29) (17 28) (17 27) (18 27) (19 27) (19 26) (19 25) (19 24) (19 23) (19 22) (19 21) (18 21) (17 21) (16 21) 
Length: 14, 4
Vision: 3
Hungry, suplies: 5/10
Reproductive: 16, mutating: 0.25
Generation: 31689
####################################
Wall (up, right, down, left):
[14, 0, -15, 11] [0, -13, -17, -6] [-13, 3, 3, -3] [18, 9, 20, 4] [-13, 5, 30, -15] [-3, 1, -4, -14] [-25, -15, -19, -15]
[-10, -3, 15, -6] [7, 25, 5, 8] [-18, 8, 6, -8] [-23, 13, 7, 8] [26, 4, -5, 3] [-14, -16, 5, 3] [-18, -4, 15, 0]
[-5, -1, 43, -5] [-7, 24, -2, 7] [-12, 2, 23, -6] [-69, 18, 36, 28] [-42, -34, -34, 19] [-12, -29, 4, 18] [-24, -15, -2, -15]
[5, 18, -2, -47] [12, -2, 8, -29] [0, 17, 2, -94] [0, 0, 0, 0] [29, -85, 18, 9] [15, -9, 3, 18] [6, 7, 8, -8]
[-14, -15, -11, -5] [20, 12, -12, 0] [-6, 10, -16, -7] [31, 21, -77, 21] [3, -12, -17, 34] [-2, 11, -16, 4] [-25, -53, 5, 16]
[13, 13, 9, 12] [12, 8, -11, -20] [8, -3, 16, -1] [-13, -1, -18, 1] [2, 7, -9, 17] [20, -4, -14, 3] [21, 5, 6, 22]
[2, -3, -4, -19] [-5, 1, -8, -5] [4, 3, 19, -5] [-9, 16, -24, -17] [32, 8, -10, 16] [18, -18, -30, 16] [-4, -2, 9, 6]
Food (up, right, down, left):
[15, 19, -3, 18] [-2, 8, -8, -28] [25, -15, -3, 9] [-7, 0, 22, 22] [-6, 15, 11, 0] [-2, -11, -7, -12] [-29, 24, -5, -15]
[-59, -4, -14, -21] [-3, -7, -13, -20] [-7, 17, 5, 18] [-4, 14, -24, 22] [21, 9, 1, -46] [31, -13, -21, 12] [7, -12, 12, 19]
[-18, 21, 4, -29] [-10, -2, 4, 32] [-36, -26, -27, 24] [25, -28, 18, -3] [-11, -9, -5, -8] [-3, 0, -36, -35] [25, 30, 2, 30]
[16, 3, 13, 40] [-15, -9, -38, 26] [-2, -4, -25, -11] [0, 0, 0, 0] [-25, 55, -22, -5] [-36, -2, -20, 5] [-5, 25, -14, 13]
[-10, 21, -11, 13] [6, 10, 7, 19] [20, -8, 34, -5] [-19, -11, 9, -8] [2, -3, 23, -38] [-10, 43, 19, 26] [9, -6, -8, -34]
[22, -8, -2, -2] [3, 19, 28, 18] [5, 12, 5, 19] [-7, -15, 16, -28] [-24, -19, -14, -29] [-12, 19, -5, 16] [15, 47, -1, 21]
[-8, 5, -20, -16] [8, -7, 10, -34] [12, 16, 6, -12] [5, 14, 35, -41] [28, 39, -6, -4] [6, 26, 7, -9] [24, -27, 13, -29]
------------------------------
ALIVE
Head: (12 22)
Body: (12 22) (12 23) (12 24) (12 25) (12 26) (11 26) (11 25) (11 24) 
Length: 8, 4
Vision: 3
Hungry, suplies: 1/10
Reproductive: 16, mutating: 0.25
Generation: 31683
####################################
Wall (up, right, down, left):
[14, 0, -15, 11] [0, -13, -17, -6] [-13, 3, 3, -3] [18, 9, 20, 4] [-13, 5, 30, -15] [-3, 1, -4, -14] [-25, -15, -19, -15]
[-10, -3, 15, -6] [7, 25, 5, 8] [-18, 8, 6, -8] [-23, 13, 7, 8] [26, 4, -5, 3] [-14, -16, 5, 3] [-18, -4, 15, 0]
[-5, -1, 43, -5] [-7, 24, -2, 8] [-12, 2, 23, -6] [-69, 18, 36, 28] [-42, -34, -34, 19] [-12, -29, 4, 18] [-24, -15, -2, -15]
[5, 18, -2, -47] [12, -2, 8, -29] [0, 17, 2, -94] [0, 0, 0, 0] [29, -85, 18, 9] [15, -9, 3, 18] [6, 7, 8, -8]
[-14, -18, -11, -5] [20, 12, -12, 0] [-6, 10, -16, -7] [31, 21, -77, 21] [3, -12, -17, 34] [-2, 11, -16, 4] [-25, -53, 5, 16]
[13, 13, 9, 12] [12, 8, -11, -20] [8, -3, 16, -1] [-13, -1, -18, 1] [2, 7, -9, 17] [20, -4, -14, 3] [21, 5, 6, 22]
[2, -3, -4, -19] [-5, 1, -8, -5] [4, 3, 19, -5] [-9, 16, -24, -17] [32, 8, -10, 16] [18, -18, -30, 16] [-4, -2, 9, 6]
Food (up, right, down, left):
[15, 19, -3, 18] [-2, 8, -8, -28] [25, -15, -3, 9] [-7, 0, 22, 22] [-6, 15, 11, 0] [-2, -11, -7, -12] [-29, 24, -5, -15]
[-59, -4, -14, -21] [-3, -7, -13, -20] [-7, 17, 5, 18] [-4, 14, -24, 22] [21, 9, 1, -46] [31, -13, -21, 12] [7, -12, 12, 19]
[-18, 21, 4, -29] [-10, 0, 4, 32] [-36, -26, -27, 24] [25, -28, 18, -3] [-11, -9, -5, -8] [-3, 0, -36, -35] [25, 30, 2, 30]
[16, 3, 13, 40] [-15, -9, -38, 26] [-2, -4, -25, -11] [0, 0, 0, 0] [-25, 55, -22, -5] [-36, -2, -20, 5] [-5, 25, -14, 13]
[-10, 21, -11, 17] [6, 10, 7, 19] [20, -8, 34, -5] [-19, -11, 9, -8] [2, -3, 23, -38] [-10, 43, 19, 26] [9, -6, -8, -34]
[22, -8, -2, -2] [3, 19, 28, 18] [5, 12, 5, 19] [-7, -15, 16, -28] [-24, -19, -14, -29] [-12, 19, -5, 16] [15, 47, -1, 21]
[-8, 5, -20, -16] [8, -7, 10, -34] [12, 16, 6, -12] [5, 14, 35, -41] [28, 39, -6, -4] [6, 26, 7, -9] [24, -27, 13, -29]
------------------------------
ALIVE
Head: (17 33)
Body: (17 33) (16 33) (15 33) (15 32) (15 31) (15 30) (15 29) (15 28) (15 27) (15 26) (15 25) 
Length: 11, 4
Vision: 3
Hungry, suplies: 10/10
Reproductive: 16, mutating: 0.25
Generation: 31687
####################################
Wall (up, right, down, left):
[14, 0, -15, 11] [0, -13, -17, -6] [-13, 6, 3, -3] [18, 9, 20, 4] [-13, 5, 30, -15] [-3, 1, -4, -11] [-25, -15, -19, -15]
[-10, -3, 16, -6] [7, 25, 5, 8] [-18, 8, 6, -8] [-23, 13, 7, 8] [26, 4, -5, 3] [-14, -16, 5, 3] [-18, -4, 20, 0]
[-5, -1, 43, -5] [-7, 24, -2, 7] [-12, 2, 23, -6] [-69, 18, 36, 28] [-42, -34, -34, 19] [-12, -29, 4, 18] [-24, -15, -2, -15]
[3, 18, -2, -47] [12, -2, 8, -29] [0, 17, 2, -94] [0, 0, 0, 0] [29, -85, 18, 9] [15, -6, 3, 15] [6, 7, 8, -8]
[-14, -15, -11, -5] [20, 12, -12, 0] [-6, 10, -16, -7] [31, 21, -77, 21] [3, -14, -17, 34] [-2, 11, -16, 4] [-25, -53, 5, 16]
[13, 13, 9, 12] [12, 8, -11, -20] [8, -8, 16, -1] [-13, -1, -16, 1] [2, 7, -9, 17] [20, -4, -14, 3] [21, 5, 6, 22]
[2, -3, -4, -19] [-5, 1, -8, -5] [4, 3, 19, -5] [-9, 16, -24, -17] [32, 8, -10, 16] [18, -18, -30, 16] [-4, -2, 9, 6]
Food (up, right, down, left):
[15, 19, -3, 18] [-2, 8, -8, -28] [25, -15, -7, 9] [-7, 0, 22, 22] [-6, 15, 11, 0] [-2, -11, -8, -12] [-29, 24, -5, -15]
[-60, -4, -14, -21] [-3, -7, -13, -20] [-7, 17, 5, 18] [-4, 14, -24, 22] [21, 9, 1, -46] [31, -13, -21, 12] [7, -12, 12, 17]
[-18, 21, 4, -29] [-10, -2, 4, 32] [-36, -26, -27, 24] [25, -28, 18, -3] [-11, -9, -5, -8] [-3, 0, -36, -35] [25, 30, 2, 30]
[16, 6, 13, 40] [-15, -9, -38, 26] [-2, -4, -25, -11] [0, 0, 0, 0] [-25, 55, -22, -5] [-37, -2, -20, 5] [-5, 25, -14, 13]
[-10, 21, -11, 13] [6, 10, 7, 19] [20, -8, 34, -5] [-19, -11, 9, -8] [2, 1, 23, -38] [-10, 43, 19, 26] [9, -6, -8, -34]
[22, -8, -2, -2] [3, 19, 28, 18] [5, 11, 5, 19] [-7, -15, 15, -28] [-24, -19, -14, -29] [-12, 19, -5, 16] [15, 47, -1, 21]
[-8, 5, -20, -16] [8, -7, 10, -34] [12, 16, 6, -12] [5, 14, 35, -41] [28, 39, -6, -4] [6, 26, 7, -9] [24, -27, 13, -29]
------------------------------
ALIVE
Head: (24 10)
Body: (24 10) (23 10) (23 9) (24 9) (24 8) (24 7) (-1 6) (0 6) (1 6) (2 6) (2 5) 
Length: 11, 4
Vision: 3
Hungry, suplies: 6/10
Reproductive: 16, mutating: 0.25
Generation: 31684
####################################
Wall (up, right, down, left):
[14, 0, -15, 11] [0, -13, -17, -6] [-13, 6, 3, -3] [18, 9, 20, 4] [-13, 5, 30, -15] [-3, 1, -4, -14] [-25, -15, -19, -15]
[-10, -3, 16, -6] [7, 25, 5, 8] [-18, 8, 6, -8] [-23, 13, 7, 8] [26, 4, -5, 3] [-14, -16, 5, 3] [-18, -4, 15, 0]
[-5, -1, 43, -5] [-7, 24, -2, 7] [-12, 2, 23, -6] [-69, 18, 36, 28] [-42, -34, -34, 19] [-12, -29, 5, 18] [-24, -15, -2, -15]
[5, 18, -2, -44] [12, -2, 8, -29] [-3, 17, 2, -94] [0, 0, 0, 0] [29, -85, 18, 9] [15, -9, 3, 15] [6, 7, 8, -8]
[-14, -15, -11, -5] [20, 12, -12, 0] [-6, 10, -16, -7] [31, 21, -77, 21] [3, -12, -17, 34] [-2, 11, -16, 4] [-25, -53, 5, 16]
[13, 13, 9, 12] [12, 8, -11, -20] [8, -8, 16, -1] [-13, -1, -16, 1] [2, 7, -9, 17] [20, -4, -14, 3] [21, 5, 6, 22]
[2, -3, -4, -19] [-5, 1, -8, -5] [4, 3, 19, -5] [-9, 16, -24, -17] [32, 8, -10, 16] [18, -19, -30, 16] [-4, -2, 9, 6]
Food (up, right, down, left):
[15, 19, -3, 18] [-2, 8, -8, -28] [25, -15, -7, 9] [-7, 0, 22, 22] [-6, 15, 11, 0] [-2, -11, -7, -12] [-29, 24, -5, -15]
[-60, -4, -14, -21] [-3, -7, -13, -20] [-7, 17, 5, 18] [-4, 14, -24, 22] [21, 9, 1, -46] [31, -13, -21, 12] [7, -12, 12, 19]
[-18, 21, 4, -29] [-10, -2, 4, 32] [-36, -26, -27, 24] [25, -28, 18, -3] [-11, -9, -5, -8] [-1, 0, -36, -35] [25, 30, 2, 30]
[16, 3, 13, 45] [-15, -9, -38, 26] [-2, -6, -25, -11] [0, 0, 0, 0] [-25, 55, -22, -5] [-32, -2, -20, 5] [-5, 25, -14, 13]
[-10, 21, -11, 13] [6, 10, 7, 19] [20, -8, 34, -5] [-19, -11, 9, -8] [2, -3, 23, -38] [-10, 43, 19, 26] [9, -6, -8, -34]
[22, -8, -2, -2] [3, 19, 28, 18] [5, 11, 5, 19] [-7, -15, 15, -28] [-24, -19, -14, -29] [-12, 19, -5, 16] [15, 47, -1, 21]
[-8, 5, -20, -16] [8, -7, 10, -34] [12, 16, 6, -12] [5, 14, 34, -41] [28, 39, -6, -4] [4, 26, 7, -9] [24, -27, 13, -29]
------------------------------
ALIVE
Head: (9 32)
Body: (9 32) (10 32) (11 32) (12 32) (12 31) (12 30) (12 29) (13 29) (13 28) (13 27) (13 26) 
Length: 11, 4
Vision: 3
Hungry, suplies: 5/10
Reproductive: 16, mutating: 0.25
Generation: 31690
####################################
Wall (up, right, down, left):
[14, 0, -15, 11] [0, -13, -17, -6] [-13, 3, 3, -3] [18, 9, 20, 4] [-13, 5, 30, -15] [-3, 1, -4, -14] [-25, -15, -19, -15]
[-10, -3, 15, -6] [7, 25, 5, 8] [-18, 8, 6, -8] [-23, 13, 7, 8] [26, 4, -5, 3] [-14, -16, 5, 3] [-18, -4, 15, 0]
[-5, -1, 43, -5] [-7, 24, -2, 7] [-12, 2, 23, -6] [-69, 18, 36, 28] [-42, -34, -34, 19] [-12, -29, 4, 18] [-24, -15, -2, -15]
[5, 18, -2, -47] [12, -2, 8, -29] [0, 17, 2, -94] [0, 0, 0, 0] [29, -85, 18, 9] [15, -9, 3, 18] [6, 7, 8, -8]
[-14, -15, -11, -5] [20, 12, -12, 0] [-6, 10, -16, -7] [31, 21, -77, 21] [3, -12, -17, 34] [-2, 11, -16, 4] [-25, -53, 5, 16]
[13, 13, 9, 12] [12, 8, -11, -20] [8, -3, 16, -1] [-13, -5, -18, 1] [2, 7, -9, 17] [20, -4, -14, 3] [21, 5, 6, 22]
[2, -3, -4, -19] [-5, 1, -8, -5] [4, 3, 19, -5] [-9, 16, -24, -17] [32, 8, -10, 16] [18, -18, -30, 16] [-4, -2, 9, 6]
Food (up, right, down, left):
[15, 19, -3, 18] [-2, 8, -8, -28] [25, -15, -3, 9] [-7, 0, 22, 22] [-6, 15, 11, 0] [-2, -11, -7, -12] [-29, 24, -5, -15]
[-59, -4, -14, -21] [-3, -7, -13, -20] [-7, 17, 5, 18] [-4, 14, -24, 22] [21, 9, 1, -46] [31, -13, -21, 12] [7, -12, 12, 19]
[-18, 21, 4, -29] [-10, -2, 4, 32] [-36, -26, -27, 24] [25, -28, 18, -3] [-11, -9, -5, -8] [-3, 0, -36, -35] [25, 30, 2, 30]
[16, 3, 13, 40] [-15, -9, -38, 26] [-2, -4, -25, -11] [0, 0, 0, 0] [-25, 55, -22, -5] [-36, -2, -20, 5] [-5, 25, -14, 13]
[-10, 21, -11, 13] [6, 10, 7, 19] [20, -8, 34, -5] [-19, -11, 9, -8] [2, -3, 23, -38] [-10, 43, 19, 26] [9, -6, -8, -34]
[22, -8, -2, -2] [3, 19, 28, 18] [5, 12, 5, 19] [-10, -15, 16, -28] [-24, -19, -14, -29] [-12, 19, -5, 16] [15, 47, -1, 21]
[-8, 5, -20, -16] [8, -7, 10, -34] [12, 16, 6, -12] [5, 14, 35, -41] [28, 39, -6, -4] [6, 26, 7, -9] [24, -27, 13, -29]
------------------------------
ALIVE
Head: (21 42)
Body: (21 42) (20 42) (19 42) (19 41) (18 41) (17 41) (17 40) (16 40) (15 40) (14 40) 
Length: 10, 4
Vision: 3
Hungry, suplies: 8/10
Reproductive: 16, mutating: 0.25
Generation: 31686
####################################
Wall (up, right, down, left):
[14, 0, -15, 11] [0, -13, -17, -6] [-13, 3, 3, -3] [18, 9, 20, 4] [-13, 5, 30, -15] [-3, 1, -4, -14] [-25, -15, -19, -15]
[-10, -3, 15, -6] [7, 25, 5, 8] [-18, 8, 6, -8] [-23, 13, 7, 8] [26, 4, -5, 3] [-14, -16, 5, 3] [-18, -4, 15, 0]
[-5, -1, 43, -5] [-7, 24, -2, 7] [-12, 2, 23, -6] [-69, 18, 36, 28] [-42, -34, -34, 19] [-12, -29, 4, 18] [-24, -15, -2, -15]
[5, 18, -2, -47] [12, -2, 8, -29] [0, 17, 2, -94] [0, 0, 0, 0] [29, -85, 18, 9] [15, -9, 3, 18] [6, 7, 8, -8]
[-14, -15, -11, -5] [20, 12, -12, 0] [-6, 10, -16, -7] [31, 21, -77, 21] [3, -12, -17, 34] [-2, 11, -16, 4] [-25, -53, 5, 16]
[13, 13, 9, 12] [12, 8, -11, -20] [8, -3, 16, -1] [-13, -1, -18, 1] [2, 7, -9, 17] [20, -4, -14, 3] [21, 5, 6, 22]
[2, -3, -4, -19] [-5, 1, -8, -5] [4, 3, 19, -5] [-9, 16, -24, -17] [32, 8, -10, 16] [18, -18, -30, 16] [-4, -2, 9, 6]
Food (up, right, down, left):
[15, 19, -3, 18] [-2, 8, -8, -28] [25, -15, -3, 9] [-7, 0, 22, 22] [-6, 15, 11, 0] [-2, -11, -7, -12] [-29, 24, -5, -15]
[-59, -4, -14, -21] [-3, -7, -13, -20] [-7, 17, 5, 18] [-4, 14, -24, 22] [21, 9, 1, -46] [31, -13, -21, 12] [7, -12, 12, 19]
[-18, 21, 4, -29] [-10, -2, 4, 32] [-36, -26, -27, 24] [25, -28, 18, -3] [-11, -9, -5, -8] [-3, 0, -36, -35] [25, 30, 2, 30]
[16, 3, 13, 40] [-15, -9, -38, 26] [-2, -4, -25, -11] [0, 0, 0, 0] [-25, 55, -22, -5] [-36, -2, -20, 5] [-5, 25, -14, 13]
[-10, 21, -11, 13] [6, 10, 7, 19] [20, -8, 34, -5] [-19, -11, 9, -8] [2, -3, 23, -38] [-10, 43, 19, 26] [9, -6, -8, -34]
[22, -8, -2, -2] [3, 19, 28, 18] [5, 12, 5, 19] [-7, -15, 16, -28] [-24, -19, -14, -29] [-12, 19, -5, 16] [15, 47, -1, 21]
[-8, 5, -20, -16] [8, -7, 10, -34] [12, 16, 6, -12] [5, 14, 35, -41] [28, 39, -6, -4] [6, 26, 7, -9] [24, -27, 13, -29]
------------------------------
ALIVE
Head: (12 49)
Body: (12 49) (12 48) (11 48) (11 47) (11 46) (10 46) (10 45) (9 45) (9 46) (9 47) (8 47) (8 48) (8 49) (7 49) (6 49) 
Length: 15, 4
Vision: 3
Hungry, suplies: 5/10
Reproductive: 16, mutating: 0.25
Generation: 31683
####################################
Wall (up, right, down, left):
[14, 0, -15, 11] [0, -13, -17, -6] [-13, 3, 3, -3] [18, 9, 20, 4] [-13, 5, 30, -15] [-3, 1, -4, -14] [-25, -15, -19, -15]
[-10, -3, 15, -6] [7, 25, 5, 8] [-18, 8, 6, -8] [-23, 13, 7, 8] [26, 4, -5, 3] [-14, -16, 5, 3] [-18, -4, 15, 0]
[-5, -1, 43, -5] [-7, 24, -2, 7] [-12, 2, 23, -6] [-69, 18, 36, 28] [-42, -34, -34, 19] [-12, -29, 4, 18] [-24, -15, -2, -15]
[5, 18, -2, -47] [12, -2, 8, -29] [0, 17, 2, -94] [0, 0, 0, 0] [29, -85, 18, 9] [15, -9, 3, 18] [6, 7, 8, -8]
[-14, -15, -11, -5] [20, 12, -12, 0] [-6, 10, -16, -7] [31, 21, -77, 21] [3, -12, -17, 34] [-2, 11, -16, 4] [-25, -53, 5, 16]
[13, 13, 9, 12] [12, 8, -11, -20] [8, -3, 16, -1] [-13, -1, -18, 1] [2, 7, -9, 17] [20, -4, -14, 3] [21, 5, 6, 22]
[2, -3, -4, -19] [-5, 1, -8, -5] [4, 3, 19, -5] [-9, 16, -24, -17] [32, 8, -10, 16] [18, -18, -30, 16] [-4, -2, 9, 6]
Food (up, right, down, left):
[15, 19, -3, 18] [-2, 8, -8, -28] [25, -15, -3, 9] [-7, 0, 22, 22] [-6, 15, 11, 0] [-2, -11, -7, -12] [-29, 24, -5, -15]
[-59, -4, -14, -21] [-3, -7, -13, -20] [-7, 17, 5, 18] [-4, 14, -24, 22] [21, 9, 1, -46] [31, -13, -21, 12] [7, -12, 12, 19]
[-18, 21, 4, -29] [-10, -2, 4, 32] [-36, -26, -27, 24] [25, -28, 18, -3] [-11, -9, -5, -8] [-3, 0, -36, -35] [25, 30, 2, 30]
[16, 3, 13, 40] [-15, -9, -38, 26] [-2, -4, -25, -11] [0, 0, 0, 0] [-25, 55, -22, -5] [-36, -2, -20, 5] [-5, 25, -14, 13]
[-10, 21, -11, 13] [6, 10, 7, 19] [20, -8, 34, -5] [-19, -11, 9, -8] [2, -3, 23, -38] [-10, 43, 19, 26] [9, -6, -8, -34]
[22, -8, -2, -2] [3, 19, 28, 18] [5, 12, 5, 19] [-7, -15, 16, -28] [-24, -19, -14, -29] [-12, 19, -5, 16] [15, 47, -1, 21]
[-8, 5, -20, -16] [8, -7, 10, -34] [12, 16, 6, -12] [5, 14, 35, -41] [28, 39, -6, -4] [6, 26, 7, -9] [24, -27, 13, -29]
------------------------------
ALIVE
Head: (4 42)
Body: (4 42) (4 43) (4 44) (4 45) (3 45) (3 44) (3 43) (2 43) (1 43) (1 42) (1 41) (1 40) (0 40) (24 40) 
Length: 14, 4
Vision: 3
Hungry, suplies: 6/10
Reproductive: 16, mutating: 0.25
Generation: 31683
####################################
Wall (up, right, down, left):
[14, 0, -15, 11] [0, -13, -17, -6] [-13, 3, 3, -3] [18, 9, 20, 4] [-13, 5, 30, -15] [-3, 1, -4, -14] [-25, -15, -19, -15]
[-10, -3, 15, -6] [7, 25, 5, 8] [-18, 8, 6, -8] [-23, 13, 7, 8] [26, 4, -5, 3] [-14, -16, 5, 3] [-18, -4, 15, 0]
[-5, -1, 43, -5] [-7, 24, -2, 7] [-12, 2, 23, -6] [-69, 18, 36, 28] [-42, -34, -34, 19] [-12, -29, 4, 18] [-24, -15, -2, -15]
[5, 18, -2, -47] [12, -2, 8, -29] [0, 17, 2, -94] [0, 0, 0, 0] [29, -85, 18, 9] [15, -9, 3, 18] [6, 7, 8, -8]
[-14, -15, -11, -5] [20, 12, -12, 0] [-6, 10, -16, -7] [31, 21, -77, 21] [3, -12, -17, 34] [-2, 11, -16, 4] [-25, -53, 5, 16]
[13, 13, 9, 12] [12, 8, -11, -20] [8, -3, 16, -1] [-13, -1, -18, 1] [2, 7, -9, 17] [20, -4, -14, 3] [21, 5, 6, 22]
[2, -3, -4, -19] [-5, 1, -8, -5] [4, 0, 19, -5] [-9, 16, -24, -17] [32, 8, -10, 16] [18, -18, -30, 16] [-4, -2, 9, 6]
Food (up, right, down, left):
[15, 19, -3, 18] [-2, 8, -8, -28] [25, -15, -3, 9] [-7, 0, 22, 22] [-6, 15, 11, 0] [-2, -11, -7, -12] [-29, 24, -5, -15]
[-59, -4, -14, -21] [-3, -7, -13, -20] [-7, 17, 5, 18] [-4, 14, -24, 22] [21, 9, 1, -46] [31, -13, -21, 12] [7, -12, 12, 19]
[-18, 21, 4, -29] [-10, -2, 4, 32] [-36, -26, -27, 24] [25, -28, 18, -3] [-11, -9, -5, -8] [-3, 0, -36, -35] [25, 30, 2, 30]
[16, 3, 13, 40] [-15, -9, -38, 26] [-2, -4, -25, -11] [0, 0, 0, 0] [-25, 55, -22, -5] [-36, -2, -20, 5] [-5, 25, -14, 13]
[-10, 21, -11, 13] [6, 10, 7, 19] [20, -8, 34, -5] [-19, -11, 9, -8] [2, -3, 23, -38] [-10, 43, 19, 26] [9, -6, -8, -34]
[22, -8, -2, -2] [3, 19, 28, 18] [5, 12, 5, 19] [-7, -15, 16, -28] [-24, -19, -14, -29] [-12, 19, -5, 16] [15, 47, -1, 21]
[-8, 5, -20, -16] [8, -7, 10, -34] [13, 16, 6, -12] [5, 14, 35, -41] [28, 39, -6, -4] [6, 26, 7, -9] [24, -27, 13, -29]
------------------------------
ALIVE
Head: (21 48)
Body: (21 48) (20 48) (19 48) (19 47) (19 46) (19 45) (18 45) (17 45) (17 46) (17 47) (16 47) (16 48) 
Length: 12, 4
Vision: 3
Hungry, suplies: 10/10
Reproductive: 16, mutating: 0.25
Generation: 31684
####################################
Wall (up, right, down, left):
[14, 0, -15, 11] [0, -13, -17, -6] [-13, 6, 3, -3] [18, 9, 20, 4] [-13, 5, 30, -15] [-3, 1, -4, -14] [-25, -15, -19, -15]
[-10, -3, 15, -6] [7, 25, 5, 8] [-18, 8, 6, -8] [-23, 13, 7, 8] [26, 4, -5, 3] [-14, -16, 5, 3] [-18, -4, 15, 0]
[-5, -1, 43, -5] [-7, 24, -2, 7] [-12, 2, 23, -6] [-69, 18, 36, 28] [-42, -34, -34, 19] [-12, -29, 4, 18] [-24, -15, -2, -15]
[5, 18, -2, -47] [12, -2, 8, -29] [0, 17, 2, -94] [0, 0, 0, 0] [29, -85, 18, 9] [15, -9, 3, 18] [6, 7, 8, -7]
[-14, -15, -11, -5] [20, 12, -12, 0] [-6, 10, -16, -7] [31, 21, -77, 21] [3, -12, -17, 34] [-2, 11, -16, 4] [-25, -53, 5, 16]
[13, 13, 9, 12] [12, 8, -11, -20] [8, -3, 16, -1] [-13, -1, -18, 1] [2, 7, -9, 17] [20, -4, -14, 3] [21, 5, 6, 22]
[2, -3, -4, -19] [-5, 1, -8, -5] [4, 3, 19, -5] [-9, 16, -24, -17] [32, 8, -10, 16] [18, -18, -30, 16] [-4, -2, 9, 6]
Food (up, right, down, left):
[15, 19, -3, 18] [-2, 8, -8, -28] [25, -15, -7, 9] [-7, 0, 22, 22] [-6, 15, 11, 0] [-2, -11, -7, -12] [-29, 24, -5, -15]
[-59, -4, -14, -21] [-3, -7, -13, -20] [-7, 17, 5, 18] [-4, 14, -24, 22] [21, 9, 1, -46] [31, -13, -21, 12] [7, -12, 12, 19]
[-18, 21, 4, -29] [-10, -2, 4, 32] [-36, -26, -27, 24] [25, -28, 18, -3] [-11, -9, -5, -8] [-3, 0, -36, -35] [25, 30, 2, 30]
[16, 3, 13, 40] [-15, -9, -38, 26] [-2, -4, -25, -11] [0, 0, 0, 0] [-25, 55, -22, -5] [-36, -2, -20, 5] [-5, 25, -13, 13]
[-10, 21, -11, 13] [6, 10, 7, 19] [20, -8, 34, -5] [-19, -11, 9, -8] [2, -3, 23, -38] [-10, 43, 19, 26] [9, -6, -8, -34]
[22, -8, -2, -2] [3, 19, 28, 18] [5, 12, 5, 19] [-7, -15, 16, -28] [-24, -19, -14, -29] [-12, 19, -5, 16] [15, 47, -1, 21]
[-8, 5, -20, -16] [8, -7, 10, -34] [12, 16, 6, -12] [5, 14, 35, -41] [28, 39, -6, -4] [6, 26, 7, -9] [24, -27, 13, -29]
------------------------------
ALIVE
Head: (9 52)
Body: (9 52) (9 53) (10 53) (11 53) (11 54) (12 54) (12 55) (12 -1) (12 0) (12 1) 
Length: 10, 4
Vision: 3
Hungry, suplies: 9/10
Reproductive: 16, mutating: 0.25
Generation: 31677
####################################
Wall (up, right, down, left):
[14, 0, -15, 11] [0, -13, -17, -6] [-13, 3, 3, -3] [18, 9, 20, 4] [-13, 5, 30, -15] [-3, 1, -4, -14] [-25, -15, -19, -15]
[-10, -3, 15, -6] [7, 25, 5, 8] [-18, 8, 6, -8] [-23, 13, 7, 8] [26, 4, -5, 3] [-14, -16, 5, 3] [-18, -4, 15, 0]
[-5, -1, 43, -5] [-7, 24, -2, 7] [-12, 2, 23, -6] [-69, 18, 36, 28] [-42, -34, -34, 19] [-12, -29, 4, 18] [-24, -15, -2, -15]
[5, 18, -2, -47] [12, -2, 8, -29] [0, 17, 2, -94] [0, 0, 0, 0] [29, -85, 18, 9] [15, -9, 3, 18] [6, 7, 8, -8]
[-14, -15, -11, -5] [20, 12, -12, 0] [-6, 10, -16, -7] [31, 21, -77, 21] [3, -12, -17, 34] [-2, 11, -16, 4] [-25, -53, 5, 16]
[13, 13, 9, 12] [12, 8, -11, -20] [8, -3, 16, -1] [-13, -1, -18, 1] [2, 7, -9, 17] [20, -4, -14, 3] [21, 5, 6, 22]
[2, -3, -4, -19] [-5, 1, -8, -5] [4, 3, 19, -5] [-9, 16, -24, -17] [32, 8, -10, 16] [18, -18, -30, 16] [-4, -2, 9, 6]
Food (up, right, down, left):
[15, 19, -3, 18] [-2, 8, -8, -28] [25, -15, -3, 9] [-7, 0, 22, 22] [-6, 15, 11, 0] [-2, -11, -7, -12] [-29, 24, -5, -15]
[-59, -4, -14, -21] [-3, -7, -13, -20] [-7, 17, 5, 18] [-4, 14, -24, 22] [21, 9, 1, -46] [31, -13, -21, 12] [7, -12, 12, 19]
[-18, 21, 4, -29] [-10, -2, 4, 32] [-36, -26, -27, 24] [25, -28, 18, -3] [-11, -9, -5, -8] [-3, 0, -36, -35] [25, 30, 2, 30]
[16, 3, 13, 40] [-15, -9, -38, 26] [-2, -4, -25, -11] [0, 0, 0, 0] [-25, 55, -22, -5] [-36, -2, -20, 5] [-5, 25, -14, 13]
[-10, 21, -11, 13] [6, 10, 7, 19] [20, -8, 34, -5] [-19, -11, 9, -8] [2, -3, 23, -38] [-10, 43, 19, 26] [9, -6, -8, -34]
[22, -8, -2, -2] [3, 19, 28, 18] [5, 12, 5, 19] [-7, -15, 16, -28] [-24, -19, -14, -29] [-12, 19, -5, 16] [15, 47, -1, 21]
[-8, 5, -20, -16] [8, -7, 10, -34] [12, 16, 6, -12] [5, 14, 35, -41] [28, 39, -6, -4] [6, 26, 7, -9] [24, -27, 13, -29]
------------------------------
ALIVE
Head: (3 47)
Body: (3 47) (2 47) (1 47) (1 48) (1 49) (0 49) (25 48) (24 48) (24 49) (-1 50) (0 50) (1 50) (2 50) 
Length: 13, 4
Vision: 3
Hungry, suplies: 6/10
Reproductive: 16, mutating: 0.25
Generation: 31682
####################################
Wall (up, right, down, left):
[14, 0, -15, 11] [0, -13, -17, -6] [-13, 3, 3, -3] [18, 9, 20, 4] [-13, 5, 30, -15] [-3, 1, -4, -14] [-25, -15, -19, -15]
[-10, -3, 15, -6] [7, 25, 5, 8] [-18, 8, 6, -8] [-23, 13, 7, 8] [26, 4, -5, 3] [-14, -16, 5, 3] [-18, -4, 15, 0]
[-5, -1, 43, -5] [-7, 24, -2, 8] [-12, 2, 23, -6] [-69, 18, 36, 28] [-42, -34, -34, 19] [-12, -29, 4, 18] [-24, -15, -2, -15]
[5, 18, -2, -47] [12, -2, 8, -29] [0, 17, 2, -94] [0, 0, 0, 0] [29, -85, 18, 9] [15, -9, 3, 18] [6, 7, 8, -8]
[-14, -15, -11, -5] [20, 12, -12, 0] [-6, 10, -16, -7] [31, 21, -77, 21] [3, -12, -17, 34] [-2, 11, -16, 4] [-25, -53, 5, 16]
[13, 13, 9, 12] [12, 8, -11, -20] [8, -3, 16, -1] [-13, -1, -18, 1] [2, 7, -9, 17] [20, -4, -14, 3] [21, 5, 6, 22]
[2, -3, -3, -19] [-5, 1, -8, -5] [4, 3, 19, -5] [-9, 16, -24, -17] [32, 8, -10, 16] [18, -18, -30, 16] [-4, -2, 9, 6]
Food (up, right, down, left):
[15, 19, -3, 18] [-2, 8, -8, -28] [25, -15, -3, 9] [-7, 0, 22, 22] [-6, 15, 11, 0] [-2, -11, -7, -12] [-29, 24, -5, -15]
[-59, -4, -14, -21] [-3, -7, -13, -20] [-7, 17, 5, 18] [-4, 14, -24, 22] [21, 9, 1, -46] [31, -13, -21, 12] [7, -12, 12, 19]
[-18, 21, 4, -29] [-10, 0, 4, 32] [-36, -26, -27, 24] [25, -28, 18, -3] [-11, -9, -5, -8] [-3, 0, -36, -35] [25, 30, 2, 30]
[16, 3, 13, 40] [-15, -9, -38, 26] [-2, -4, -25, -11] [0, 0, 0, 0] [-25, 55, -22, -5] [-36, -2, -20, 5] [-5, 25, -14, 13]
[-10, 21, -11, 13] [6, 10, 7, 19] [20, -8, 34, -5] [-19, -11, 9, -8] [2, -3, 23, -38] [-10, 43, 19, 26] [9, -6, -8, -34]
[22, -8, -2, -2] [3, 19, 28, 18] [5, 12, 5, 19] [-7, -15, 16, -28] [-24, -19, -14, -29] [-12, 19, -5, 16] [15, 47, -1, 21]
[-8, 5, -15, -16] [8, -7, 10, -34] [12, 16, 6, -12] [5, 14, 35, -41] [28, 39, -6, -4] [6, 26, 7, -9] [24, -27, 13, -29]
------------------------------
ALIVE
Head: (16 36)
Body: (16 36) (15 36) (15 35) (14 35) (13 35) (12 35) (12 34) (11 34) (10 34) (9 34) (8 34) (7 34) (7 33) 
Length: 13, 4
Vision: 3
Hungry, suplies: 8/10
Reproductive: 16, mutating: 0.25
Generation: 31684
####################################
Wall (up, right, down, left):
[14, 0, -15, 11] [0, -13, -17, -6] [-13, 3, 3, -3] [18, 9, 20, 4] [-13, 5, 30, -15] [-3, 1, -4, -14] [-25, -15, -19, -15]
[-10, -3, 15, -6] [7, 25, 5, 8] [-18, 8, 6, -8] [-23, 13, 7, 8] [26, 4, -5, 3] [-14, -16, 5, 3] [-18, -4, 15, 0]
[-5, -1, 43, -5] [-7, 24, -2, 7] [-12, 2, 23, -6] [-69, 18, 36, 28] [-42, -34, -34, 19] [-12, -29, 4, 18] [-24, -15, -2, -15]
[5, 18, -2, -47] [12, -2, 8, -29] [0, 17, 2, -94] [0, 0, 0, 0] [29, -85, 18, 9] [15, -9, 3, 18] [6, 7, 8, -8]
[-14, -15, -11, -5] [20, 12, -12, 0] [-6, 10, -16, -7] [31, 21, -77, 21] [3, -12, -17, 34] [-2, 11, -16, 4] [-25, -53, 5, 16]
[13, 13, 9, 12] [12, 8, -11, -20] [8, -3, 16, -1] [-13, -1, -18, 1] [2, 7, -9, 17] [20, -4, -14, 3] [21, 5, 6, 22]
[2, -3, -4, -19] [-5, 1, -8, -5] [4, 3, 19, -5] [-9, 16, -24, -17] [32, 8, -10, 16] [18, -18, -30, 16] [-4, -2, 9, 6]
Food (up, right, down, left):
[15, 19, -3, 18] [-2, 8, -8, -28] [25, -15, -3, 9] [-7, 0, 22, 22] [-6, 15, 11, 0] [-2, -11, -7, -12] [-29, 24, -5, -15]
[-59, -4, -14, -21] [-3, -7, -13, -20] [-7, 17, 5, 18] [-4, 14, -24, 22] [21, 9, 1, -46] [31, -13, -21, 12] [7, -12, 12, 19]
[-18, 21, 4, -29] [-10, -2, 4, 32] [-36, -26, -27, 24] [25, -28, 18, -3] [-11, -9, -5, -8] [-3, 0, -36, -35] [25, 30, 2, 30]
[16, 3, 13, 40] [-15, -9, -38, 26] [-2, -4, -25, -11] [0, 0, 0, 0] [-25, 55, -22, -5] [-36, -2, -20, 5] [-5, 25, -14, 13]
[-10, 21, -11, 13] [6, 10, 7, 19] [20, -8, 34, -5] [-19, -11, 9, -8] [2, -3, 23, -38] [-10, 43, 19, 26] [9, -6, -8, -34]
[22, -8, -2, -2] [3, 19, 28, 18] [5, 12, 5, 19] [-7, -15, 16, -28] [-24, -19, -14, -29] [-12, 19, -5, 16] [15, 47, -1, 21]
[-8, 5, -20, -16] [8, -7, 10, -34] [12, 16, 6, -12] [5, 14, 35, -41] [28, 39, -6, -4] [6, 26, 7, -9] [24, -27, 13, -29]
------------------------------
ALIVE
Head: (11 41)
Body: (11 41) (11 40) (11 39) (12 39) (12 38) (13 38) (13 39) (13 40) (13 41) (13 42) (13 43) (12 43) 
Length: 12, 4
Vision: 3
Hungry, suplies: 6/10
Reproductive: 16, mutating: 0.25
Generation: 31683
####################################
Wall (up, right, down, left):
[14, 0, -15, 11] [0, -13, -17, -6] [-13, 6, 3, -3] [18, 9, 20, 4] [-13, 5, 30, -15] [-3, 1, -4, -14] [-25, -15, -19, -15]
[-10, -3, 16, -6] [7, 25, 5, 8] [-18, 8, 6, -8] [-23, 13, 7, 8] [26, 4, -5, 3] [-14, -16, 5, 3] [-18, -4, 15, 0]
[-5, -1, 43, -5] [-7, 24, -2, 7] [-12, 2, 23, -6] [-69, 18, 36, 28] [-42, -34, -34, 19] [-12, -29, 4, 18] [-24, -15, -2, -15]
[5, 18, -2, -47] [12, -2, 8, -29] [0, 17, 2, -94] [0, 0, 0, 0] [29, -85, 18, 9] [15, -9, 3, 15] [3, 7, 8, -8]
[-14, -15, -11, -5] [20, 12, -12, 0] [-6, 10, -16, -7] [31, 21, -77, 21] [3, -12, -17, 34] [-2, 11, -16, 4] [-25, -53, 5, 16]
[13, 13, 9, 12] [12, 8, -11, -20] [8, -8, 16, -1] [-13, -1, -16, 1] [2, 7, -9, 17] [20, -4, -14, 3] [21, 5, 6, 22]
[2, -3, -4, -19] [-5, 1, -8, -5] [4, 3, 19, -5] [-9, 16, -24, -17] [32, 8, -10, 16] [18, -18, -30, 16] [-4, -2, 9, 6]
Food (up, right, down, left):
[15, 19, -3, 18] [-2, 8, -8, -28] [25, -15, -7, 9] [-7, 0, 22, 22] [-6, 15, 11, 0] [-2, -11, -7, -12] [-29, 24, -5, -15]
[-60, -4, -14, -21] [-3, -7, -13, -20] [-7, 17, 5, 18] [-4, 14, -24, 22] [21, 9, 1, -46] [31, -13, -21, 12] [7, -12, 12, 19]
[-18, 21, 4, -29] [-10, -2, 4, 32] [-36, -26, -27, 24] [25, -28, 18, -3] [-11, -9, -5, -8] [-3, 0, -36, -35] [25, 30, 2, 30]
[16, 3, 13, 40] [-15, -9, -38, 26] [-2, -4, -25, -11] [0, 0, 0, 0] [-25, 55, -22, -5] [-32, -2, -20, 5] [-5, 25, -14, 12]
[-10, 21, -11, 13] [6, 10, 7, 19] [20, -8, 34, -5] [-19, -11, 9, -8] [2, -3, 23, -38] [-10, 43, 19, 26] [9, -6, -8, -34]
[22, -8, -2, -2] [3, 19, 28, 18] [5, 11, 5, 19] [-7, -15, 15, -28] [-24, -19, -14, -29] [-12, 19, -5, 16] [15, 47, -1, 21]
[-8, 5, -20, -16] [8, -7, 10, -34] [12, 16, 6, -12] [5, 14, 35, -41] [28, 39, -6, -4] [6, 26, 7, -9] [24, -27, 13, -29]
------------------------------
ALIVE
Head: (14 4)
Body: (14 4) (15 4) (15 5) (15 6) (16 6) (17 6) (17 5) (18 5) (18 4) (19 4) (19 3) (19 2) (19 1) (19 0) 
Length: 14, 4
Vision: 3
Hungry, suplies: 7/10
Reproductive: 16, mutating: 0.25
Generation: 31684
####################################
Wall (up, right, down, left):
[14, 0, -15, 11] [0, -13, -17, -6] [-13, 6, 3, -3] [18, 9, 20, 4] [-13, 5, 30, -15] [-3, 1, -4, -14] [-25, -15, -19, -15]
[-10, -3, 16, -6] [7, 25, 5, 8] [-18, 8, 6, -8] [-23, 13, 7, 8] [26, 4, -5, 3] [-14, -16, 5, 3] [-18, -4, 15, 0]
[-5, -1, 43, -5] [-7, 24, -2, 7] [-12, 2, 23, -6] [-69, 18, 36, 28] [-42, -34, -34, 19] [-12, -29, 4, 18] [-24, -15, -2, -15]
[5, 18, -2, -47] [12, -2, 8, -29] [0, 17, 2, -94] [0, 0, 0, 0] [29, -85, 18, 9] [15, -6, 3, 15] [6, 7, 8, -8]
[-14, -15, -11, -5] [20, 12, -12, 0] [-6, 10, -16, -7] [31, 21, -77, 21] [3, -14, -17, 34] [-2, 11, -16, 4] [-25, -53, 5, 16]
[13, 13, 9, 12] [12, 8, -11, -20] [8, -8, 16, -1] [-13, -1, -16, 1] [2, 7, -9, 17] [20, -4, -14, 3] [21, 5, 6, 22]
[2, -3, -4, -19] [-5, 1, -8, -5] [4, 3, 19, -5] [-9, 16, -24, -17] [32, 8, -10, 16] [18, -18, -30, 16] [-4, -2, 9, 6]
Food (up, right, down, left):
[15, 19, -3, 18] [-2, 8, -8, -28] [25, -15, -7, 9] [-7, 0, 22, 22] [-6, 15, 11, 0] [-2, -11, -7, -12] [-29, 19, -5, -15]
[-60, -4, -14, -21] [-3, -7, -13, -20] [-7, 17, 5, 18] [-4, 14, -24, 22] [21, 9, 1, -46] [31, -13, -21, 12] [7, -12, 12, 19]
[-18, 21, 4, -29] [-10, -2, 4, 32] [-36, -26, -27, 24] [25, -28, 18, -3] [-11, -9, -5, -8] [-3, 0, -36, -35] [25, 30, 2, 30]
[16, 3, 13, 40] [-20, -9, -38, 26] [-2, -4, -25, -11] [0, 0, 0, 0] [-25, 55, -22, -5] [-37, -2, -20, 5] [-5, 25, -14, 13]
[-10, 21, -11, 13] [6, 10, 7, 19] [20, -8, 34, -5] [-19, -11, 9, -8] [2, 1, 23, -38] [-10, 43, 19, 26] [9, -6, -8, -34]
[22, -8, -2, -2] [3, 19, 28, 18] [5, 11, 5, 19] [-7, -15, 15, -28] [-24, -19, -14, -29] [-12, 19, -5, 16] [15, 47, -1, 21]
[-8, 5, -20, -16] [8, -7, 10, -34] [12, 16, 6, -12] [5, 14, 35, -41] [28, 39, -6, -4] [6, 26, 7, -9] [24, -27, 13, -29]
------------------------------
ALIVE
Head: (4 30)
Body: (4 30) (4 31) (5 31) (5 32) (6 32) (6 33) (5 33) (4 33) (4 32) (3 32) (3 33) 
Length: 11, 4
Vision: 3
Hungry, suplies: 2/10
Reproductive: 16, mutating: 0.25
Generation: 31689
####################################
Wall (up, right, down, left):
[14, 0, -15, 11] [0, -13, -17, -6] [-13, 6, 3, -3] [18, 9, 20, 4] [-13, 5, 30, -15] [-3, 1, -4, -11] [-25, -15, -19, -15]
[-10, -3, 16, -6] [7, 25, 5, 8] [-18, 8, 6, -8] [-23, 13, 7, 8] [26, 4, -5, 3] [-14, -16, 5, 3] [-18, -4, 15, 0]
[-5, -1, 43, -5] [-7, 24, -2, 7] [-12, 2, 23, -6] [-69, 18, 36, 28] [-42, -34, -34, 19] [-12, -29, 4, 18] [-24, -15, -2, -15]
[5, 18, -2, -47] [12, -2, 8, -29] [0, 17, 2, -94] [0, 0, 0, 0] [29, -85, 18, 9] [15, -6, 3, 15] [6, 7, 8, -8]
[-14, -15, -11, -5] [20, 12, -12, 0] [-6, 10, -16, -7] [31, 21, -77, 21] [3, -14, -17, 34] [-2, 11, -16, 4] [-25, -53, 5, 19]
[13, 13, 9, 12] [12, 8, -11, -20] [8, -8, 16, -1] [-13, -1, -16, 1] [2, 7, -9, 17] [20, -4, -14, 3] [21, 5, 6, 22]
[2, -3, -4, -19] [-5, 1, -8, -5] [4, 3, 19, -5] [-9, 16, -24, -17] [32, 8, -10, 16] [18, -18, -30, 16] [-4, -2, 9, 6]
Food (up, right, down, left):
[15, 19, -3, 18] [-2, 8, -8, -28] [25, -15, -7, 9] [-7, 0, 22, 22] [-6, 15, 11, 0] [-2, -11, -8, -12] [-29, 24, -5, -15]
[-60, -4, -14, -21] [-3, -7, -13, -20] [-7, 17, 5, 18] [-4, 14, -24, 22] [21, 9, 1, -46] [31, -13, -21, 12] [7, -12, 12, 19]
[-18, 21, 4, -29] [-10, -2, 4, 32] [-36, -26, -27, 24] [25, -28, 18, -3] [-11, -9, -5, -8] [-3, 0, -36, -35] [25, 30, 2, 30]
[16, 3, 13, 40] [-15, -9, -38, 26] [-2, -4, -25, -11] [0, 0, 0, 0] [-25, 55, -22, -5] [-37, -2, -20, 5] [-5, 25, -14, 13]
[-10, 21, -11, 13] [6, 10, 7, 19] [20, -8, 34, -5] [-19, -11, 9, -8] [2, 1, 23, -38] [-10, 43, 19, 26] [10, -6, -8, -34]
[22, -8, -2, -2] [3, 19, 28, 18] [5, 11, 5, 19] [-7, -15, 15, -28] [-24, -19, -14, -29] [-12, 19, -5, 16] [15, 47, -1, 21]
[-8, 5, -20, -16] [8, -7, 10, -34] [12, 16, 6, -12] [5, 14, 35, -41] [28, 39, -6, -4] [6, 26, 7, -9] [24, -27, 13, -29]
------------------------------
ALIVE
Head: (19 55)
Body: (19 55) (19 54) (18 54) (17 54) (16 54) (15 54) (15 53) (14 53) (14 52) (14 51) 
Length: 10, 4
Vision: 3
Hungry, suplies: 8/10
Reproductive: 16, mutating: 0.25
Generation: 31685
####################################
Wall (up, right, down, left):
[14, 0, -15, 11] [0, -13, -17, -5] [-13, 3, 3, -3] [18, 9, 20, 4] [-13, 5, 30, -15] [-3, 1, -4, -14] [-25, -15, -19, -15]
[-10, -3, 15, -6] [7, 25, 5, 8] [-18, 8, 6, -8] [-23, 13, 7, 8] [26, 4, -5, 3] [-14, -16, 5, 3] [-18, -4, 15, 0]
[-5, -1, 43, -5] [-7, 24, -2, 7] [-12, 2, 23, -6] [-69, 18, 36, 28] [-42, -34, -34, 19] [-12, -29, 4, 18] [-24, -15, -2, -15]
[5, 18, -2, -47] [12, -2, 8, -29] [0, 17, 2, -94] [0, 0, 0, 0] [29, -85, 18, 9] [15, -9, 3, 18] [6, 7, 8, -8]
[-14, -15, -11, -5] [20, 12, -12, 0] [-6, 10, -16, -7] [31, 21, -77, 21] [3, -12, -17, 34] [-2, 11, -16, 4] [-25, -53, 5, 16]
[13, 13, 9, 12] [12, 8, -11, -20] [8, -3, 16, -1] [-13, -1, -18, 1] [2, 7, -9, 17] [20, -4, -14, 3] [21, 5, 6, 22]
[2, -3, -4, -19] [-5, 1, -8, -5] [4, 3, 19, -5] [-9, 16, -24, -17] [32, 8, -10, 16] [18, -18, -30, 16] [-4, -2, 9, 6]
Food (up, right, down, left):
[15, 19, -3, 18] [-2, 8, -7, -28] [25, -15, -3, 9] [-7, 0, 22, 22] [-6, 15, 11, 0] [-2, -11, -7, -12] [-29, 24, -5, -15]
[-59, -4, -14, -21] [-3, -7, -13, -20] [-7, 17, 5, 18] [-4, 14, -24, 22] [21, 9, 1, -46] [31, -13, -21, 12] [7, -12, 12, 19]
[-18, 21, 4, -29] [-10, -2, 4, 32] [-36, -26, -27, 24] [25, -28, 18, -3] [-11, -9, -5, -8] [-3, 0, -36, -35] [25, 30, 2, 30]
[16, 3, 13, 40] [-15, -9, -38, 26] [-2, -4, -25, -11] [0, 0, 0, 0] [-25, 55, -22, -5] [-36, -2, -20, 5] [-5, 25, -14, 13]
[-10, 21, -11, 13] [6, 10, 7, 19] [20, -8, 34, -5] [-19, -11, 9, -8] [2, -3, 23, -38] [-10, 43, 19, 26] [9, -6, -8, -34]
[22, -8, -2, -2] [3, 19, 28, 18] [5, 12, 5, 19] [-7, -15, 16, -28] [-24, -19, -14, -29] [-12, 19, -5, 16] [15, 47, -1, 21]
[-8, 5, -20, -16] [8, -7, 10, -34] [12, 16, 6, -12] [5, 14, 35, -41] [28, 39, -6, -4] [6, 26, 7, -9] [24, -27, 13, -29]
------------------------------
ALIVE
Head: (15 37)
Body: (15 37) (14 37) (14 36) (13 36) (13 37) (12 37) (11 37) (10 37) (9 37) (8 37) (7 37) (7 36) 
Length: 12, 4
Vision: 3
Hungry, suplies: 5/10
Reproductive: 16, mutating: 0.25
Generation: 31684
####################################
Wall (up, right, down, left):
[14, 0, -15, 11] [0, -13, -17, -6] [-13, 6, 3, -3] [18, 9, 20, 4] [-13, 5, 30, -15] [-3, 1, -4, -11] [-25, -15, -19, -15]
[-10, -3, 16, -6] [7, 25, 5, 8] [-18, 8, 6, -8] [-23, 13, 7, 8] [26, 4, -5, 3] [-14, -16, 5, 3] [-18, -4, 20, 0]
[-5, -1, 43, -5] [-7, 24, -2, 7] [-12, 2, 23, -6] [-69, 18, 36, 28] [-42, -34, -34, 19] [-12, -29, 4, 18] [-24, -15, -2, -15]
[5, 21, -2, -47] [12, -2, 8, -29] [0, 17, 2, -94] [0, 0, 0, 0] [29, -85, 18, 9] [15, -6, 3, 15] [6, 7, 8, -8]
[-14, -15, -11, -5] [20, 12, -12, 0] [-6, 10, -16, -7] [31, 21, -77, 21] [3, -14, -17, 34] [-2, 11, -16, 4] [-25, -53, 5, 16]
[13, 13, 9, 12] [12, 8, -11, -20] [8, -8, 16, -1] [-13, -1, -16, 1] [2, 7, -9, 17] [20, -4, -14, 3] [21, 5, 6, 22]
[2, -3, -4, -19] [-5, 1, -8, -5] [4, 3, 19, -5] [-9, 16, -24, -17] [32, 8, -10, 16] [18, -18, -30, 16] [-4, -2, 9, 6]
Food (up, right, down, left):
[15, 19, -3, 18] [-2, 8, -8, -28] [25, -15, -7, 9] [-7, 0, 22, 22] [-6, 15, 11, 0] [-2, -11, -8, -12] [-29, 24, -5, -15]
[-60, -4, -14, -21] [-3, -7, -13, -20] [-7, 17, 5, 18] [-4, 14, -24, 22] [21, 9, 1, -46] [31, -13, -21, 12] [7, -12, 12, 17]
[-18, 21, 4, -29] [-10, -2, 4, 32] [-36, -26, -27, 24] [25, -28, 18, -3] [-11, -9, -5, -8] [-3, 0, -36, -35] [25, 30, 2, 30]
[16, 3, 13, 38] [-15, -9, -38, 26] [-2, -4, -25, -11] [0, 0, 0, 0] [-25, 55, -22, -5] [-37, -2, -20, 5] [-5, 25, -14, 13]
[-10, 21, -11, 13] [6, 10, 7, 19] [20, -8, 34, -5] [-19, -11, 9, -8] [2, 1, 23, -38] [-10, 43, 19, 26] [9, -6, -8, -34]
[22, -8, -2, -2] [3, 19, 28, 18] [5, 11, 5, 19] [-7, -15, 15, -28] [-24, -19, -14, -29] [-12, 19, -5, 16] [15, 47, -1, 21]
[-8, 5, -20, -16] [8, -7, 10, -34] [12, 16, 6, -12] [5, 14, 35, -41] [28, 39, -6, -4] [6, 26, 7, -9] [24, -27, 13, -29]
------------------------------
ALIVE
Head: (0 13)
Body: (0 13) (1 13) (2 13) (2 14) (2 15) (1 15) (1 14) (25 14) 
Length: 8, 4
Vision: 3
Hungry, suplies: 5/10
Reproductive: 16, mutating: 0.25
Generation: 31684
####################################
Wall (up, right, down, left):
[14, 0, -15, 11] [0, -13, -17, -6] [-13, 3, 3, -3] [18, 9, 20, 4] [-13, 5, 30, -15] [-3, 1, -4, -14] [-25, -15, -19, -15]
[-10, -3, 15, -6] [7, 25, 5, 8] [-18, 8, 6, -8] [-23, 13, 7, 8] [26, 4, -5, 3] [-14, -16, 5, 3] [-18, -4, 15, 0]
[-5, -1, 43, -5] [-7, 24, -2, 8] [-12, 2, 23, -6] [-69, 18, 36, 28] [-42, -34, -34, 19] [-12, -29, 4, 18] [-24, -15, -2, -15]
[5, 18, -2, -47] [12, -2, 8, -29] [0, 17, 2, -94] [0, 0, 0, 0] [29, -85, 18, 9] [15, -9, 3, 18] [6, 7, 8, -8]
[-14, -18, -12, -5] [20, 12, -12, 0] [-6, 10, -16, -7] [31, 21, -77, 21] [3, -12, -17, 34] [-2, 11, -16, 4] [-25, -53, 5, 16]
[13, 13, 9, 12] [12, 8, -11, -20] [8, -3, 16, -1] [-13, -1, -18, 1] [2, 7, -9, 17] [20, -4, -14, 3] [21, 5, 6, 22]
[2, -3, -4, -19] [-5, 1, -8, -5] [4, 3, 19, -5] [-9, 16, -24, -17] [32, 8, -10, 16] [18, -18, -30, 16] [-4, -2, 9, 6]
Food (up, right, down, left):
[15, 19, -3, 18] [-2, 8, -8, -28] [25, -15, -3, 9] [-7, 0, 22, 22] [-6, 15, 11, 0] [-2, -11, -7, -12] [-29, 24, -5, -15]
[-59, -4, -14, -21] [-3, -7, -13, -20] [-7, 17, 5, 18] [-4, 14, -24, 22] [21, 9, 1, -46] [31, -13, -21, 12] [7, -12, 12, 19]
[-18, 21, 4, -29] [-10, 0, 4, 32] [-36, -26, -27, 24] [25, -28, 18, -3] [-11, -9, -5, -8] [-3, 0, -36, -35] [25, 30, 2, 30]
[16, 3, 13, 40] [-15, -9, -38, 26] [-2, -4, -25, -11] [0, 0, 0, 0] [-25, 55, -22, -5] [-36, -2, -20, 5] [-5, 25, -14, 13]
[-10, 21, -11, 18] [6, 10, 7, 19] [20, -8, 34, -5] [-19, -11, 9, -8] [2, -3, 23, -38] [-10, 43, 19, 26] [9, -6, -8, -34]
[22, -8, -2, -2] [3, 19, 28, 18] [5, 12, 5, 19] [-7, -15, 16, -28] [-24, -19, -14, -29] [-12, 19, -5, 16] [15, 47, -1, 21]
[-8, 5, -20, -16] [8, -7, 10, -34] [12, 16, 6, -12] [5, 14, 35, -41] [28, 39, -6, -4] [6, 26, 7, -9] [24, -27, 13, -29]
------------------------------
ALIVE
Head: (12 9)
Body: (12 9) (13 9) (13 8) (14 8) (15 8) (16 8) (16 9) (16 10) (15 10) (15 11) 
Length: 10, 4
Vision: 3
Hungry, suplies: 4/10
Reproductive: 16, mutating: 0.25
Generation: 31688
####################################
Wall (up, right, down, left):
[14, 0, -15, 11] [0, -13, -17, -6] [-13, 6, 3, -3] [18, 9, 20, 4] [-13, 5, 30, -15] [-3, 1, -4, -11] [-25, -15, -19, -15]
[-10, -3, 16, -6] [7, 25, 5, 8] [-18, 8, 6, -8] [-23, 13, 7, 8] [26, 4, -5, 3] [-14, -16, 5, 3] [-18, -4, 20, 0]
[-5, -1, 43, -5] [-7, 24, -2, 7] [-12, 2, 23, -6] [-69, 18, 36, 28] [-42, -34, -34, 19] [-12, -29, 4, 18] [-24, -15, -2, -15]
[3, 18, -2, -47] [12, -2, 8, -29] [0, 17, 2, -94] [0, 0, 0, 0] [29, -85, 18, 9] [15, -6, 3, 15] [6, 7, 8, -8]
[-14, -15, -11, -5] [20, 12, -12, 0] [-6, 10, -16, -7] [31, 21, -77, 21] [3, -14, -17, 34] [-2, 11, -16, 4] [-25, -53, 5, 16]
[13, 13, 9, 12] [12, 8, -11, -20] [8, -8, 16, -1] [-13, -1, -16, 1] [2, 7, -9, 17] [20, -4, -14, 3] [21, 5, 6, 22]
[2, -3, -4, -19] [-5, 1, -8, -5] [4, 3, 19, -5] [-9, 16, -24, -17] [32, 8, -10, 16] [18, -18, -30, 16] [-4, -2, 9, 6]
Food (up, right, down, left):
[15, 19, -3, 18] [-2, 8, -8, -28] [25, -15, -7, 9] [-7, 0, 22, 22] [-6, 15, 11, 0] [-2, -11, -8, -12] [-29, 24, -5, -15]
[-60, -4, -14, -21] [-3, -7, -13, -20] [-7, 17, 5, 18] [-4, 14, -24, 22] [21, 9, 1, -46] [31, -13, -21, 12] [7, -12, 12, 17]
[-18, 21, 4, -29] [-10, -2, 4, 32] [-36, -26, -27, 24] [25, -28, 18, -3] [-11, -9, -5, -8] [-3, 0, -36, -35] [25, 30, 2, 30]
[16, 6, 13, 40] [-15, -9, -38, 26] [-2, -4, -25, -11] [0, 0, 0, 0] [-25, 55, -22, -5] [-37, -2, -20, 5] [-5, 25, -14, 13]
[-10, 21, -11, 13] [6, 10, 7, 19] [20, -8, 34, -5] [-19, -11, 9, -8] [2, 1, 23, -38] [-10, 43, 19, 26] [9, -6, -8, -34]
[22, -8, -2, -2] [3, 19, 28, 18] [5, 11, 5, 19] [-7, -15, 15, -28] [-24, -19, -14, -29] [-12, 19, -5, 16] [15, 47, -1, 21]
[-8, 5, -20, -16] [8, -7, 10, -34] [12, 16, 6, -12] [5, 14, 35, -41] [28, 39, -6, -4] [6, 26, 7, -9] [24, -27, 13, -29]
------------------------------
ALIVE
Head: (24 2)
Body: (24 2) (24 1) (24 0) (23 57) (23 56) (23 55) (22 55) (22 54) (22 53) (22 52) 
Length: 10, 4
Vision: 3
Hungry, suplies: 6/10
Reproductive: 16, mutating: 0.25
Generation: 31685
####################################
Wall (up, right, down, left):
[14, 0, -15, 11] [0, -13, -17, -6] [-13, 6, 3, -3] [18, 9, 20, 4] [-13, 5, 30, -15] [-3, 1, -4, -14] [-25, -15, -19, -15]
[-10, -3, 16, -6] [7, 25, 5, 8] [-18, 8, 6, -8] [-23, 13, 7, 8] [26, 4, -5, 3] [-14, -16, 5, 3] [-18, -4, 15, 0]
[-5, -1, 43, -5] [-7, 24, -2, 7] [-12, 2, 23, -6] [-69, 18, 36, 28] [-42, -34, -34, 19] [-12, -29, 5, 18] [-24, -15, -2, -15]
[5, 18, -2, -44] [12, -2, 8, -29] [-3, 17, 2, -94] [0, 0, 0, 0] [29, -85, 18, 9] [15, -9, 3, 15] [6, 7, 8, -8]
[-14, -15, -11, -5] [20, 12, -12, 0] [-6, 10, -16, -7] [31, 21, -77, 21] [3, -12, -17, 34] [-2, 11, -16, 4] [-25, -53, 5, 16]
[13, 13, 9, 12] [12, 8, -11, -20] [8, -8, 16, -1] [-13, -1, -16, 1] [2, 7, -9, 17] [20, -4, -14, 3] [21, 5, 6, 22]
[2, -3, -4, -19] [-5, 1, -8, -5] [4, 3, 19, -5] [-9, 16, -24, -17] [32, 8, -10, 16] [18, -19, -30, 16] [-4, -2, 9, 6]
Food (up, right, down, left):
[15, 19, -3, 18] [-2, 8, -8, -28] [25, -15, -7, 9] [-7, 0, 22, 22] [-6, 15, 11, 0] [-2, -11, -7, -12] [-29, 24, -5, -15]
[-60, -4, -14, -21] [-3, -7, -13, -20] [-7, 17, 5, 18] [-4, 14, -24, 22] [21, 9, 1, -46] [31, -13, -21, 12] [7, -12, 12, 19]
[-18, 21, 4, -29] [-10, -2, 4, 32] [-36, -26, -27, 24] [25, -28, 18, -3] [-11, -9, -5, -8] [-1, 0, -36, -35] [25, 30, 2, 30]
[16, 3, 13, 45] [-15, -9, -38, 26] [-2, -6, -25, -11] [0, 0, 0, 0] [-25, 55, -22, -5] [-32, -2, -20, 5] [-5, 25, -14, 13]
[-10, 21, -11, 13] [6, 10, 7, 19] [20, -8, 34, -5] [-19, -11, 9, -8] [2, -3, 23, -38] [-10, 43, 19, 26] [9, -6, -8, -34]
[22, -8, -2, -2] [3, 19, 28, 18] [5, 11, 5, 19] [-7, -15, 15, -28] [-24, -19, -14, -29] [-12, 19, -5, 16] [15, 47, -1, 21]
[-8, 5, -20, -16] [8, -7, 10, -34] [12, 16, 6, -12] [5, 14, 34, -41] [28, 39, -6, -4] [4, 26, 7, -9] [24, -27, 13, -29]
------------------------------
ALIVE
Head: (15 18)
Body: (15 18) (15 19) (15 20) (14 20) (13 20) (13 19) (12 19) (11 19) (10 19) (10 18) 
Length: 10, 4
Vision: 3
Hungry, suplies: 7/10
Reproductive: 16, mutating: 0.25
Generation: 31691
####################################
Wall (up, right, down, left):
[14, 0, -15, 11] [0, -13, -17, -6] [-13, 3, 3, -3] [18, 9, 20, 4] [-13, 5, 30, -15] [-3, 1, -4, -14] [-25, -15, -19, -15]
[-10, -3, 15, -6] [7, 25, 5, 8] [-18, 8, 6, -8] [-23, 13, 7, 8] [26, 4, -5, 3] [-14, -16, 5, 3] [-18, -4, 15, 0]
[-5, -1, 43, -5] [-7, 24, -2, 7] [-12, 2, 23, -6] [-69, 18, 36, 28] [-42, -34, -34, 19] [-12, -29, 4, 18] [-24, -15, -2, -15]
[5, 18, -2, -47] [12, -2, 8, -29] [0, 17, 2, -94] [0, 0, 0, 0] [29, -85, 18, 9] [15, -9, 3, 18] [6, 7, 8, -8]
[-14, -15, -11, -5] [20, 12, -12, 0] [-6, 10, -16, -7] [31, 21, -77, 21] [3, -12, -17, 34] [-2, 11, -16, 4] [-25, -53, 5, 16]
[13, 13, 9, 12] [12, 8, -11, -20] [8, -3, 16, -1] [-13, -5, -18, 1] [2, 7, -9, 17] [20, -4, -14, 3] [21, 5, 6, 22]
[2, -3, -4, -19] [-5, 1, -8, -5] [4, 3, 19, -5] [-9, 16, -24, -17] [32, 8, -10, 16] [18, -18, -30, 16] [-4, -2, 9, 6]
Food (up, right, down, left):
[15, 19, -3, 18] [-2, 8, -8, -28] [25, -15, -3, 9] [-7, 0, 22, 22] [-6, 15, 11, 0] [-2, -11, -7, -12] [-29, 24, -5, -15]
[-59, -4, -14, -21] [-3, -7, -13, -20] [-7, 17, 5, 18] [-4, 14, -24, 22] [21, 9, 1, -46] [31, -13, -21, 12] [7, -12, 12, 19]
[-18, 21, 4, -29] [-10, -2, 4, 32] [-36, -26, -27, 24] [25, -28, 18, -3] [-11, -9, -5, -8] [-3, 0, -36, -35] [25, 30, 2, 30]
[16, 3, 13, 40] [-15, -9, -38, 26] [-2, -4, -25, -11] [0, 0, 0, 0] [-25, 55, -22, -5] [-36, -2, -20, 5] [-5, 25, -14, 13]
[-10, 21, -11, 13] [6, 10, 7, 19] [20, -8, 34, -5] [-19, -11, 9, -8] [2, -3, 23, -38] [-10, 43, 19, 26] [9, -6, -8, -34]
[22, -8, -2, -2] [3, 19, 28, 18] [5, 12, 5, 19] [-10, -15, 16, -28] [-24, -19, -14, -29] [-12, 19, -5, 16] [15, 47, -1, 21]
[-8, 5, -20, -16] [8, -7, 10, -34] [12, 16, 6, -12] [5, 14, 35, -41] [28, 39, -6, -4] [6, 26, 7, -9] [24, -27, 13, -29]
------------------------------
ALIVE
Head: (0 34)
Body: (25 34) (24 34) (24 35) (23 35) (22 35) (21 35) (20 35) (20 36) (20 37) (20 38) 
Length: 10, 4
Vision: 3
Hungry, suplies: 8/10
Reproductive: 16, mutating: 0.25
Generation: 31687
####################################
Wall (up, right, down, left):
[14, 0, -15, 11] [0, -13, -17, -6] [-13, 3, 3, -3] [18, 9, 20, 4] [-13, 5, 30, -15] [-3, 1, -4, -14] [-25, -15, -19, -15]
[-10, -3, 15, -6] [7, 25, 5, 8] [-18, 8, 6, -8] [-23, 13, 7, 8] [26, 4, -5, 3] [-14, -16, 5, 3] [-18, -4, 15, 0]
[-5, -1, 43, -5] [-7, 24, -2, 7] [-12, 2, 23, -6] [-69, 18, 36, 28] [-42, -34, -34, 17] [-12, -29, 4, 18] [-24, -15, -2, -15]
[5, 18, -2, -47] [12, -2, 8, -29] [0, 17, 2, -94] [0, 0, 0, 0] [29, -85, 18, 9] [15, -9, 3, 18] [6, 7, 8, -8]
[-14, -15, -11, -5] [20, 12, -12, 0] [-6, 10, -16, -7] [31, 21, -77, 21] [3, -12, -17, 34] [-2, 11, -16, 4] [-25, -53, 5, 16]
[13, 13, 9, 12] [12, 8, -11, -20] [8, -3, 16, -1] [-13, -1, -18, 1] [2, 7, -9, 17] [20, -4, -14, 3] [21, 5, 6, 22]
[2, -3, -4, -19] [-5, 1, -8, -5] [4, 3, 19, -5] [-9, 16, -24, -17] [32, 8, -10, 16] [18, -18, -30, 16] [-4, -2, 9, 6]
Food (up, right, down, left):
[15, 19, -3, 18] [-2, 8, -8, -28] [25, -15, -3, 9] [-7, 0, 22, 22] [-6, 15, 11, 0] [-2, -11, -7, -12] [-29, 24, -5, -15]
[-59, -4, -14, -21] [-3, -7, -13, -20] [-7, 17, 5, 18] [-4, 14, -24, 22] [21, 9, 1, -46] [31, -13, -21, 12] [7, -12, 12, 19]
[-18, 21, 4, -29] [-10, -2, 4, 32] [-36, -26, -27, 24] [25, -28, 18, -3] [-11, -9, -5, -5] [-3, 0, -36, -35] [25, 30, 2, 30]
[16, 3, 13, 40] [-15, -9, -38, 26] [-2, -4, -25, -11] [0, 0, 0, 0] [-25, 55, -22, -5] [-36, -2, -20, 5] [-5, 25, -14, 13]
[-10, 21, -11, 13] [6, 10, 7, 19] [20, -8, 34, -5] [-19, -11, 9, -8] [2, -3, 23, -38] [-10, 43, 19, 26] [9, -6, -8, -34]
[22, -8, -2, -2] [3, 19, 28, 18] [5, 12, 5, 19] [-7, -15, 16, -28] [-24, -19, -14, -29] [-12, 19, -5, 16] [15, 47, -1, 21]
[-8, 5, -20, -16] [8, -7, 10, -34] [12, 16, 6, -12] [5, 14, 35, -41] [28, 39, -6, -4] [6, 26, 7, -9] [24, -27, 13, -29]
------------------------------
ALIVE
Head: (5 47)
Body: (5 47) (5 46) (4 46) (3 46) (2 46) (1 46) (0 46) (25 45) (24 45) (23 45) (23 44) 
Length: 11, 4
Vision: 3
Hungry, suplies: 10/10
Reproductive: 16, mutating: 0.25
Generation: 31682
####################################
Wall (up, right, down, left):
[14, 0, -15, 11] [0, -13, -17, -6] [-13, 3, 3, -3] [18, 9, 20, 4] [-13, 5, 30, -15] [-3, 1, -4, -14] [-25, -15, -19, -15]
[-10, -3, 15, -6] [7, 25, 5, 8] [-18, 8, 6, -8] [-23, 13, 7, 8] [26, 4, -5, 3] [-14, -16, 5, 3] [-18, -4, 15, 0]
[-5, -1, 43, -5] [-7, 24, -2, 7] [-12, 2, 23, -6] [-69, 18, 36, 28] [-42, -34, -34, 19] [-12, -29, 4, 18] [-24, -15, -2, -15]
[5, 18, -2, -47] [12, -2, 8, -29] [0, 17, 2, -94] [0, 0, 0, 0] [29, -85, 18, 9] [15, -9, 3, 18] [6, 7, 8, -8]
[-14, -15, -11, -5] [20, 12, -12, 0] [-6, 10, -16, -7] [31, 21, -77, 21] [3, -12, -17, 34] [-2, 11, -16, 4] [-25, -53, 5, 16]
[13, 13, 9, 12] [12, 8, -11, -20] [8, -3, 16, -1] [-13, -1, -18, 1] [2, 7, -9, 17] [20, -4, -14, 3] [21, 5, 6, 22]
[2, -3, -4, -19] [-5, 1, -8, -5] [4, 3, 19, -5] [-9, 16, -24, -17] [32, 8, -10, 16] [18, -18, -30, 16] [-4, -2, 9, 6]
Food (up, right, down, left):
[15, 19, -3, 18] [-2, 8, -8, -28] [25, -15, -3, 9] [-7, 0, 22, 22] [-6, 15, 11, 0] [-2, -11, -7, -12] [-29, 24, -5, -15]
[-59, -4, -14, -21] [-3, -7, -13, -20] [-7, 17, 5, 18] [-4, 14, -24, 22] [21, 9, 1, -46] [31, -13, -21, 12] [7, -12, 12, 19]
[-18, 21, 4, -29] [-10, -2, 4, 32] [-36, -26, -27, 24] [25, -28, 18, -3] [-11, -9, -5, -8] [-3, 0, -36, -35] [25, 30, 2, 30]
[16, 3, 13, 40] [-15, -9, -38, 26] [-2, -4, -25, -11] [0, 0, 0, 0] [-25, 55, -22, -5] [-36, -2, -20, 5] [-5, 25, -14, 13]
[-10, 21, -11, 13] [6, 10, 7, 19] [20, -8, 34, -5] [-19, -11, 9, -8] [2, -3, 23, -38] [-10, 43, 19, 26] [9, -6, -8, -34]
[22, -8, -2, -2] [3, 19, 28, 18] [5, 12, 5, 19] [-7, -15, 16, -28] [-24, -19, -14, -29] [-12, 19, -5, 16] [15, 47, -1, 21]
[-8, 5, -20, -16] [8, -7, 10, -34] [12, 16, 6, -12] [5, 14, 35, -41] [28, 39, -6, -4] [6, 26, 7, -9] [24, -27, 13, -29]
------------------------------
ALIVE
Head: (9 38)
Body: (9 38) (9 39) (9 40) (8 40) (8 41) (8 42) (9 42) (9 43) (9 44) (8 44) (7 44) 
Length: 11, 4
Vision: 3
Hungry, suplies: 10/10
Reproductive: 16, mutating: 0.25
Generation: 31684
####################################
Wall (up, right, down, left):
[14, 0, -15, 11] [0, -13, -17, -6] [-13, 3, 3, -3] [18, 9, 20, 4] [-13, 5, 30, -15] [-3, 1, -4, -14] [-25, -15, -19, -15]
[-10, -3, 15, -6] [7, 25, 5, 8] [-18, 8, 6, -8] [-23, 13, 7, 8] [26, 4, -5, 3] [-14, -16, 5, 3] [-18, -4, 15, 0]
[-5, -1, 43, -5] [-7, 24, -2, 7] [-12, 2, 23, -6] [-69, 18, 36, 28] [-42, -34, -34, 19] [-12, -29, 4, 18] [-24, -15, -2, -15]
[5, 18, -2, -47] [12, -2, 8, -29] [0, 17, 2, -94] [0, 0, 0, 0] [29, -85, 18, 9] [15, -9, 3, 18] [6, 7, 8, -8]
[-14, -15, -11, -5] [20, 12, -12, 0] [-6, 10, -16, -7] [31, 21, -77, 21] [3, -12, -17, 34] [-2, 11, -16, 4] [-25, -53, 5, 16]
[13, 13, 9, 12] [12, 8, -11, -20] [8, -3, 16, -1] [-13, -1, -18, 1] [2, 7, -9, 17] [20, -4, -14, 3] [21, 5, 6, 22]
[2, -3, -4, -19] [-5, 1, -8, -5] [4, 3, 19, -5] [-9, 16, -24, -17] [32, 8, -10, 16] [18, -18, -30, 16] [-4, -2, 9, 6]
Food (up, right, down, left):
[15, 19, -3, 18] [-2, 8, -8, -28] [25, -15, -3, 9] [-7, 0, 22, 22] [-6, 15, 11, 0] [-2, -11, -7, -12] [-29, 24, -5, -15]
[-59, -4, -14, -21] [-3, -7, -13, -20] [-7, 17, 5, 18] [-4, 14, -24, 22] [21, 9, 1, -46] [31, -13, -21, 12] [7, -12, 12, 19]
[-18, 21, 4, -29] [-10, -2, 4, 32] [-36, -26, -27, 24] [25, -28, 18, -3] [-11, -9, -5, -8] [-3, 0, -36, -35] [25, 30, 2, 30]
[16, 3, 13, 40] [-15, -9, -38, 26] [-2, -4, -25, -11] [0, 0, 0, 0] [-25, 55, -22, -5] [-36, -2, -20, 5] [-5, 25, -14, 13]
[-10, 21, -11, 13] [6, 10, 7, 19] [20, -8, 34, -5] [-19, -11, 9, -8] [2, -3, 23, -38] [-10, 43, 19, 26] [9, -6, -8, -34]
[22, -8, -2, -2] [3, 19, 28, 18] [5, 12, 5, 19] [-7, -15, 16, -28] [-24, -19, -14, -29] [-12, 19, -5, 16] [15, 47, -1, 21]
[-8, 5, -20, -16] [8, -7, 10, -34] [12, 16, 6, -12] [5, 14, 35, -41] [28, 39, -6, -4] [6, 26, 7, -9] [24, -27, 13, -29]
------------------------------
ALIVE
Head: (8 28)
Body: (8 28) (7 28) (7 29) (8 29) (9 29) (9 30) (8 30) (7 30) (6 30) 
Length: 9, 4
Vision: 3
Hungry, suplies: 4/10
Reproductive: 16, mutating: 0.25
Generation: 31684
####################################
Wall (up, right, down, left):
[14, 0, -15, 11] [0, -13, -17, -6] [-13, 6, 3, -3] [18, 9, 20, 4] [-13, 5, 30, -15] [-3, 1, -4, -11] [-25, -15, -19, -15]
[-10, -3, 16, -6] [7, 25, 5, 8] [-18, 8, 6, -8] [-23, 13, 7, 8] [26, 4, -5, 3] [-14, -16, 5, 3] [-18, -4, 20, 0]
[-5, -1, 43, -5] [-7, 24, -2, 7] [-12, 2, 23, -6] [-69, 18, 36, 28] [-42, -34, -34, 19] [-12, -29, 4, 18] [-24, -15, -2, -15]
[5, 21, -2, -47] [12, -2, 8, -29] [0, 17, 2, -94] [0, 0, 0, 0] [29, -85, 18, 9] [15, -6, 3, 15] [6, 7, 8, -8]
[-14, -15, -11, -5] [20, 12, -12, 0] [-6, 10, -16, -7] [31, 21, -77, 21] [3, -14, -17, 34] [-2, 11, -16, 4] [-25, -53, 5, 16]
[13, 13, 9, 12] [12, 8, -11, -20] [8, -8, 16, -1] [-13, -1, -16, 1] [2, 7, -9, 17] [20, -4, -14, 3] [21, 5, 6, 22]
[2, -3, -4, -19] [-5, 1, -8, -5] [4, 3, 19, -5] [-9, 16, -24, -17] [32, 8, -10, 16] [18, -18, -30, 16] [-4, -2, 9, 6]
Food (up, right, down, left):
[15, 19, -3, 18] [-2, 8, -8, -28] [25, -15, -7, 9] [-7, 0, 22, 22] [-6, 15, 11, 0] [-2, -11, -8, -12] [-29, 24, -5, -15]
[-60, -4, -14, -21] [-3, -7, -13, -20] [-7, 17, 5, 18] [-4, 14, -24, 22] [21, 9, 1, -46] [31, -13, -21, 12] [7, -12, 12, 17]
[-18, 21, 4, -29] [-10, -2, 4, 32] [-36, -26, -27, 24] [25, -28, 18, -3] [-11, -9, -5, -8] [-3, 0, -36, -35] [25, 30, 2, 30]
[16, 3, 13, 38] [-15, -9, -38, 26] [-2, -4, -25, -11] [0, 0, 0, 0] [-25, 55, -22, -5] [-37, -2, -20, 5] [-5, 25, -14, 13]
[-10, 21, -11, 13] [6, 10, 7, 19] [20, -8, 34, -5] [-19, -11, 9, -8] [2, 1, 23, -38] [-10, 43, 19, 26] [9, -6, -8, -34]
[22, -8, -2, -2] [3, 19, 28, 18] [5, 11, 5, 19] [-7, -15, 15, -28] [-24, -19, -14, -29] [-12, 19, -5, 16] [15, 47, -1, 21]
[-8, 5, -20, -16] [8, -7, 10, -34] [12, 16, 6, -12] [5, 14, 35, -41] [28, 39, -6, -4] [6, 26, 7, -9] [24, -27, 13, -29]
------------------------------
ALIVE
Head: (20 2)
Body: (20 2) (20 3) (20 4) (21 4) (22 4) (22 5) (22 6) (21 6) (21 7) 
Length: 9, 4
Vision: 3
Hungry, suplies: 8/10
Reproductive: 16, mutating: 0.25
Generation: 31685
####################################
Wall (up, right, down, left):
[14, 0, -15, 11] [0, -13, -17, -6] [-13, 3, 3, -3] [18, 9, 20, 4] [-13, 5, 30, -15] [-3, 1, -4, -14] [-25, -15, -19, -15]
[-10, -3, 15, -6] [7, 25, 5, 8] [-18, 8, 6, -8] [-23, 13, 7, 8] [26, 4, -5, 3] [-14, -16, 5, 3] [-18, -4, 15, 0]
[-5, -1, 43, -5] [-7, 24, -2, 8] [-12, 2, 23, -6] [-69, 18, 36, 28] [-42, -34, -34, 19] [-12, -29, 4, 18] [-24, -15, -2, -15]
[5, 18, -2, -47] [12, -2, 8, -29] [0, 17, 2, -94] [0, 0, 0, 0] [29, -85, 18, 9] [15, -9, 3, 18] [6, 7, 8, -8]
[-14, -15, -11, -5] [20, 12, -12, 0] [-6, 10, -16, -7] [31, 21, -77, 21] [3, -12, -17, 34] [-2, 11, -16, 4] [-25, -53, 5, 16]
[13, 13, 9, 12] [12, 8, -11, -20] [8, -3, 16, -1] [-13, -1, -18, 1] [2, 7, -9, 17] [20, -4, -14, 3] [21, 5, 6, 22]
[2, -3, -4, -19] [-5, 1, -8, -5] [4, 3, 19, -5] [-9, 16, -24, -17] [32, 8, -10, 16] [18, -18, -30, 16] [-4, -2, 9, 6]
Food (up, right, down, left):
[15, 19, -3, 18] [-2, 8, -8, -28] [25, -15, -3, 9] [-7, 0, 22, 22] [-6, 15, 11, 0] [-2, -11, -7, -12] [-29, 24, -5, -15]
[-59, -4, -14, -21] [-3, -7, -13, -20] [-7, 17, 5, 18] [-4, 14, -24, 22] [21, 9, 1, -46] [31, -13, -21, 12] [7, -12, 12, 19]
[-18, 21, 4, -29] [-10, 0, 4, 32] [-36, -26, -27, 24] [25, -28, 18, -3] [-11, -9, -5, -8] [-3, 0, -36, -35] [25, 30, 2, 30]
[16, 3, 13, 40] [-15, -9, -38, 26] [-2, -4, -25, -11] [0, 0, 0, 0] [-25, 55, -22, -5] [-36, -2, -20, 5] [-5, 25, -14, 13]
[-10, 21, -11, 13] [6, 10, 7, 19] [20, -8, 34, -5] [-19, -11, 9, -8] [2, -3, 23, -38] [-10, 43, 19, 26] [9, -6, -8, -34]
[22, -8, -2, -2] [3, 19, 28, 18] [5, 12, 5, 19] [-7, -15, 16, -28] [-24, -19, -14, -29] [-12, 19, -5, 16] [15, 47, -1, 21]
[-8, 5, -20, -16] [8, -7, 10, -34] [12, 16, 6, -12] [5, 14, 35, -41] [28, 39, -6, -4] [6, 26, 7, -9] [24, -27, 13, -29]
------------------------------
ALIVE
Head: (19 34)
Body: (19 34) (19 33) (19 32) (20 32) (20 31) (20 30) (21 30) (22 30) 
Length: 8, 4
Vision: 3
Hungry, suplies: 10/10
Reproductive: 16, mutating: 0.25
Generation: 31684
####################################
