Wall (up, right, down, left):
[1, 3, 3, -16] [0, 5, 12, 2] [-37, 7, 13, -19] [3, 0, 25, 3] [-14, 7, 26, 1] [18, 1, -7, 3] [8, -18, -12, -18]
[-38, -25, 16, -23] [6, 13, -10, -6] [-37, -4, 10, -7] [-29, 9, 16, 9] [35, 21, -1, -11] [-32, -26, 5, 3] [-16, 1, -2, 4]
[-16, 7, 20, 9] [5, 23, -5, -3] [-2, 0, 45, -12] [-81, 20, 48, 15] [-44, -47, -17, 40] [-17, -16, 7, 2] [-33, -18, -19, 4]
[2, 43, -5, -44] [11, 1, 27, -18] [-11, 47, 2, -100] [0, 0, 0, 0] [46, -107, 30, 5] [26, -2, -1, 13] [4, -3, 15, 3]
[-14, -32, -5, -3] [13, -3, -15, -7] [-4, -11, -50, -46] [52, 23, -110, 19] [10, -9, -24, 30] [-6, 24, 3, 25] [-40, -66, -14, 21]
[25, 31, 5, 2] [-16, 0, -11, -3] [29, -12, 21, -11] [-6, 13, -27, 10] [12, 0, -25, -5] [4, -4, -19, 0] [42, -5, 10, 7]
[-24, -12, 1, 9] [-5, -12, -49, -2] [-12, 4, 23, -6] [-2, 17, -42, -7] [47, 14, -6, 31] [49, -21, -46, 21] [-9, 19, 22, -2]
Food (up, right, down, left):
[10, 12, 5, 23] [-9, 21, 11, -17] [24, -21, 16, 13] [-14, -8, 53, 13] [-8, 5, 38, -16] [-7, -26, -19, -23] [-45, 19, 6, -11]
[-65, 2, -32, -27] [-6, 2, -27, -1] [8, 19, 21, 32] [-12, 26, -44, 20] [33, 4, -1, -39] [43, 7, -50, 19] [11, 2, 30, 22]
[-25, 2, 29, -48] [10, 5, -17, 26] [-57, -19, -24, 28] [40, -36, 36, 14] [-13, -6, -23, -23] [2, 11, -46, -26] [43, 25, 7, 22]
[11, 33, 11, 47] [-8, -6, -30, 39] [3, 3, -40, -21] [0, 0, 0, 0] [-15, 67, -33, -2] [-2, -21, -31, -10] [-11, 49, -22, 22]
[-1, 15, -13, 13] [10, 27, 10, 34] [21, -14, 40, 14] [-5, -43, 14, -22] [9, -3, 10, -26] [10, 47, 26, 22] [-12, -11, 9, -15]
[5, -29, -6, 3] [8, 6, 10, -1] [5, 14, 5, 34] [-33, -24, 44, -37] [-42, -35, 4, -57] [-17, 55, 18, 16] [-3, 40, 1, 31]
[5, 11, -28, -8] [6, 11, 12, -48] [20, 16, 15, -20] [-4, 10, 30, -53] [55, 28, -4, -15] [24, 33, 17, 0] [15, -14, 29, -29]
------------------------------
ALIVE
Head: (14 29)
Body: (14 29) (14 30) (15 30) (15 31) (14 31) (13 31) (12 31) (11 31) (10 31) (9 31) 
Length: 10, 4
Vision: 3
Hungry, suplies: 8/10
Reproductive: 16, mutating: 0.25
Generation: 46104
####################################
Wall (up, right, down, left):
[1, 3, 3, -16] [0, 5, 12, 2] [-37, 7, 13, -19] [3, 0, 25, 3] [-14, 7, 26, 1] [18, 1, -7, 3] [8, -18, -12, -18]
[-38, -25, 16, -23] [6, 13, -10, -6] [-37, -4, 10, -7] [-29, 9, 16, 9] [35, 21, -1, -11] [-32, -26, 5, 3] [-16, 1, -2, 4]
[-16, 7, 20, 9] [5, 23, -5, -3] [-2, 0, 45, -12] [-81, 20, 48, 15] [-44, -47, -17, 40] [-17, -16, 7, 2] [-33, -18, -19, 4]
[2, 43, -5, -44] [11, 1, 27, -18] [-11, 47, 2, -100] [0, 0, 0, 0] [46, -107, 31, 5] [26, -2, -1, 13] [4, -3, 15, 3]
[-14, -32, -5, -3] [13, -3, -15, -7] [-4, -11, -50, -46] [52, 23, -110, 19] [10, -9, -24, 30] [-6, 24, 3, 25] [-40, -66, -14, 21]
[25, 31, 5, 2] [-16, 0, -11, -3] [29, -12, 21, -11] [-6, 13, -27, 10] [12, 0, -25, -5] [4, -4, -19, 0] [42, -5, 10, 7]
[-24, -12, 1, 9] [-5, -12, -49, -2] [-12, 4, 23, -6] [-2, 17, -42, -7] [47, 14, -6, 31] [49, -21, -46, 21] [-9, 19, 22, -2]
Food (up, right, down, left):
[10, 12, 5, 23] [-9, 21, 11, -17] [24, -21, 16, 13] [-14, -8, 53, 13] [-8, 5, 38, -16] [-7, -26, -19, -23] [-45, 19, 6, -11]
[-65, 2, -32, -27] [-6, 2, -27, -1] [8, 19, 21, 32] [-12, 26, -44, 20] [33, 4, -1, -39] [43, 7, -50, 19] [11, 2, 30, 22]
[-25, 2, 29, -48] [10, 5, -17, 26] [-57, -19, -24, 28] [40, -36, 36, 14] [-13, -6, -23, -23] [2, 11, -46, -26] [43, 25, 7, 22]
[11, 33, 11, 47] [-8, -6, -30, 39] [3, 3, -40, -21] [0, 0, 0, 0] [-15, 67, -33, -7] [-2, -21, -31, -10] [-11, 49, -22, 22]
[-1, 15, -13, 13] [10, 27, 10, 34] [21, -14, 40, 14] [-5, -43, 14, -22] [9, -3, 10, -26] [10, 47, 26, 22] [-12, -11, 9, -15]
[5, -29, -6, 3] [8, 6, 10, -1] [5, 14, 5, 34] [-33, -24, 44, -37] [-42, -35, 4, -57] [-17, 55, 18, 16] [-3, 40, 1, 31]
[5, 11, -28, -8] [6, 11, 12, -48] [20, 16, 15, -20] [-4, 10, 30, -53] [55, 28, -4, -15] [24, 33, 17, 0] [15, -14, 29, -29]
------------------------------
ALIVE
Head: (1 15)
Body: (1 15) (1 14) (2 14) (2 13) (3 13) (4 13) (5 13) (5 12) (6 12) (7 12) 
Length: 10, 4
Vision: 3
Hungry, suplies: 4/10
Reproductive: 16, mutating: 0.25
Generation: 46105
####################################
Wall (up, right, down, left):
[0, 3, 3, -16] [0, 5, 12, 2] [-37, 7, 13, -19] [3, 0, 25, 3] [-14, 7, 26, 1] [20, 1, -7, 3] [8, -18, -12, -18]
[-38, -25, 16, -23] [6, 13, -10, -6] [-37, -4, 10, -7] [-29, 9, 16, 9] [35, 21, -6, -11] [-32, -26, 5, 3] [-16, 1, -2, 4]
[-16, 7, 20, 9] [5, 23, -5, -3] [-2, 0, 45, -12] [-81, 15, 46, 15] [-41, -47, -17, 40] [-17, -16, 7, 2] [-33, -18, -19, 4]
[2, 43, -5, -44] [11, 1, 24, -18] [-11, 47, 2, -100] [0, 0, 0, 0] [46, -107, 31, 5] [26, -2, -1, 13] [4, -3, 15, 3]
[-14, -32, -5, -3] [13, -3, -15, -7] [-4, -11, -50, -46] [52, 23, -110, 19] [10, -9, -28, 30] [-6, 24, 3, 25] [-39, -66, -14, 21]
[25, 31, 5, 2] [-16, 0, -11, -3] [29, -12, 21, -11] [-6, 13, -27, 10] [12, 0, -25, -5] [4, -4, -19, 0] [42, -5, 10, 7]
[-24, -12, 1, 9] [-5, -12, -49, -2] [-12, 4, 23, -6] [-2, 17, -42, -7] [47, 14, -6, 31] [49, -24, -46, 21] [-9, 19, 22, -2]
Food (up, right, down, left):
[5, 12, 5, 23] [-9, 21, 11, -17] [24, -21, 16, 13] [-14, -8, 53, 13] [-8, 5, 38, -16] [-7, -26, -19, -20] [-45, 19, 6, -11]
[-65, 2, -32, -27] [-6, 2, -27, -1] [8, 19, 21, 32] [-12, 26, -44, 20] [33, 4, -1, -42] [43, 7, -50, 19] [11, 2, 30, 22]
[-25, 2, 29, -48] [10, 5, -17, 26] [-57, -19, -24, 28] [40, -39, 36, 11] [-13, -6, -23, -23] [2, 11, -46, -26] [43, 25, 7, 22]
[11, 33, 11, 47] [-8, -6, -35, 39] [3, 3, -40, -21] [0, 0, 0, 0] [-15, 67, -33, -7] [-2, -21, -31, -10] [-11, 49, -22, 22]
[-1, 15, -13, 13] [10, 27, 10, 34] [21, -14, 40, 14] [-5, -43, 14, -22] [10, -3, 10, -26] [10, 47, 26, 22] [-12, -11, 13, -15]
[5, -29, -6, 3] [8, 6, 10, -1] [5, 14, 5, 34] [-33, -24, 44, -37] [-42, -35, 4, -57] [-17, 55, 18, 16] [-3, 40, 1, 31]
[5, 11, -28, -8] [6, 11, 12, -48] [20, 16, 15, -20] [-4, 10, 30, -53] [55, 28, -4, -15] [20, 33, 19, 0] [15, -14, 29, -29]
------------------------------
ALIVE
Head: (2 28)
Body: (2 28) (1 28) (25 28) (24 28) (23 28) (22 28) (21 28) (20 28) (20 27) (20 26) (21 26) (21 27) (22 27) (23 27) (23 26) 
Length: 15, 4
Vision: 3
Hungry, suplies: 7/10
Reproductive: 16, mutating: 0.25
Generation: 46104
####################################
Wall (up, right, down, left):
[1, 3, 3, -16] [0, 5, 12, 2] [-37, 7, 13, -19] [3, 0, 25, 3] [-14, 7, 26, 1] [20, 1, -7, 3] [8, -18, -12, -18]
[-38, -25, 16, -23] [6, 13, -10, -6] [-37, -4, 10, -7] [-29, 9, 16, 9] [35, 21, -1, -11] [-32, -26, 5, 3] [-16, 1, -2, 4]
[-16, 7, 20, 9] [5, 23, -5, -3] [-2, 0, 45, -12] [-81, 20, 48, 15] [-41, -47, -17, 40] [-17, -16, 7, 2] [-33, -18, -19, 4]
[2, 43, -5, -44] [11, 1, 27, -18] [-11, 47, 2, -100] [0, 0, 0, 0] [46, -107, 31, 5] [26, -2, -1, 13] [4, -3, 15, 3]
[-14, -32, -5, -3] [13, -3, -15, -7] [-4, -11, -50, -46] [52, 23, -110, 19] [10, -9, -24, 30] [-3, 24, 3, 25] [-39, -66, -14, 21]
[25, 31, 5, 2] [-16, 0, -11, -3] [29, -12, 21, -11] [-6, 13, -27, 10] [12, 0, -25, -5] [4, -5, -19, 3] [42, -5, 10, 7]
[-24, -12, 1, 9] [-5, -12, -49, -2] [-12, 4, 23, -6] [-2, 17, -42, -7] [47, 14, -6, 31] [49, -21, -46, 21] [-9, 19, 22, -2]
Food (up, right, down, left):
[10, 12, 5, 23] [-9, 21, 11, -17] [24, -21, 16, 13] [-14, -8, 53, 13] [-8, 5, 38, -16] [-7, -26, -19, -20] [-45, 19, 6, -11]
[-65, 2, -32, -25] [-6, 2, -27, -1] [8, 19, 21, 32] [-12, 26, -44, 20] [33, 4, -1, -39] [43, 7, -50, 19] [11, 2, 30, 22]
[-25, 2, 29, -48] [10, 5, -17, 26] [-57, -19, -24, 28] [40, -36, 36, 14] [-13, -6, -23, -23] [2, 11, -46, -26] [43, 25, 7, 22]
[11, 33, 11, 47] [-8, -6, -30, 39] [3, 3, -40, -21] [0, 0, 0, 0] [-15, 67, -33, -7] [-2, -21, -31, -10] [-11, 49, -22, 22]
[-1, 15, -13, 13] [10, 27, 10, 34] [21, -14, 40, 14] [-5, -43, 14, -22] [9, -3, 10, -26] [9, 47, 26, 22] [-12, -11, 13, -15]
[5, -29, -6, 3] [8, 6, 10, -1] [5, 14, 5, 34] [-33, -24, 44, -37] [-42, -35, 4, -57] [-17, 55, 18, 18] [-3, 40, 1, 31]
[5, 11, -28, -8] [6, 11, 12, -48] [20, 16, 15, -20] [-4, 10, 30, -53] [55, 28, -4, -15] [24, 33, 17, 0] [15, -14, 29, -29]
------------------------------
ALIVE
Head: (17 29)
Body: (17 29) (17 28) (17 27) (17 26) (17 25) (17 24) (17 23) (17 22) (16 22) (15 22) (15 21) (15 20) (16 20) (17 20) 
Length: 14, 4
Vision: 3
Hungry, suplies: 10/10
Reproductive: 16, mutating: 0.25
Generation: 46104
####################################
Wall (up, right, down, left):
[1, 3, 3, -16] [0, 5, 12, 2] [-37, 7, 13, -19] [3, 0, 25, 3] [-14, 7, 26, 1] [20, 1, -7, 3] [8, -18, -15, -18]
[-38, -25, 16, -23] [6, 13, -10, -6] [-37, -4, 10, -7] [-29, 9, 16, 9] [35, 21, -1, -11] [-32, -26, 5, 3] [-16, 1, -2, 4]
[-16, 7, 20, 9] [5, 23, -4, -3] [-2, 0, 45, -12] [-81, 20, 48, 15] [-44, -47, -17, 40] [-17, -16, 7, 2] [-33, -18, -19, 4]
[2, 43, -5, -44] [11, 1, 27, -18] [-11, 47, 2, -100] [0, 0, 0, 0] [46, -107, 31, 5] [26, -2, -1, 13] [4, -8, 15, 3]
[-14, -32, -5, -3] [13, -3, -15, -7] [-4, -11, -50, -46] [52, 23, -110, 19] [10, -9, -24, 30] [-6, 24, 3, 25] [-40, -66, -14, 21]
[25, 31, 5, 2] [-16, 0, -11, -3] [29, -12, 21, -11] [-6, 13, -27, 10] [12, 0, -25, -5] [4, -4, -19, 0] [42, -10, 10, 7]
[-24, -12, 1, 9] [-5, -12, -49, -2] [-12, 4, 23, -6] [-2, 17, -42, -7] [47, 14, -6, 31] [49, -21, -46, 21] [-9, 19, 22, -2]
Food (up, right, down, left):
[10, 12, 5, 23] [-9, 21, 11, -17] [24, -21, 16, 13] [-14, -8, 53, 13] [-8, 5, 38, -16] [-7, -26, -19, -20] [-44, 19, 6, -11]
[-65, 2, -32, -27] [-6, 2, -27, -1] [8, 19, 21, 32] [-12, 26, -44, 20] [33, 4, -1, -39] [43, 7, -50, 19] [11, 2, 30, 22]
[-25, 2, 29, -48] [10, 8, -17, 26] [-57, -19, -24, 28] [40, -36, 36, 14] [-13, -6, -23, -23] [2, 11, -46, -26] [43, 25, 7, 22]
[11, 33, 11, 47] [-8, -6, -30, 39] [3, 3, -40, -21] [0, 0, 0, 0] [-15, 67, -33, -7] [-2, -21, -31, -10] [-9, 49, -22, 22]
[-1, 15, -13, 13] [10, 27, 10, 34] [21, -14, 40, 14] [-5, -43, 14, -22] [9, -3, 10, -26] [10, 47, 26, 22] [-12, -11, 9, -15]
[5, -29, -6, 3] [8, 6, 10, -1] [5, 14, 5, 34] [-33, -24, 44, -37] [-42, -35, 4, -57] [-17, 55, 18, 16] [-8, 40, 1, 31]
[5, 11, -28, -8] [6, 11, 12, -48] [20, 16, 15, -20] [-4, 10, 30, -53] [55, 28, -4, -15] [24, 33, 17, 0] [15, -14, 29, -29]
------------------------------
ALIVE
Head: (1 21)
Body: (1 21) (1 20) (1 19) (1 18) (0 18) (24 18) (24 17) (-1 16) (0 16) (1 16) (2 16) (2 15) 
Length: 12, 4
Vision: 3
Hungry, suplies: 7/10
Reproductive: 16, mutating: 0.25
Generation: 46107
####################################
Wall (up, right, down, left):
[1, 3, 3, -19] [0, 5, 12, 2] [-37, 7, 13, -19] [3, 3, 25, 3] [-14, 7, 26, 1] [20, 1, -7, 3] [8, -18, -12, -18]
[-38, -25, 16, -23] [6, 13, -10, -6] [-37, -4, 10, -7] [-29, 9, 16, 9] [35, 21, -1, -11] [-32, -26, 5, 3] [-16, 1, -2, 4]
[-16, 7, 20, 9] [5, 23, -5, -3] [-2, 0, 45, -12] [-81, 20, 48, 15] [-41, -47, -17, 40] [-17, -16, 7, 2] [-33, -18, -19, 4]
[2, 43, -5, -44] [11, 1, 27, -18] [-11, 47, 2, -100] [0, 0, 0, 0] [46, -107, 31, 5] [26, -2, -1, 13] [4, -3, 15, 3]
[-14, -32, -5, -3] [13, -3, -15, -7] [-4, -11, -50, -46] [52, 23, -110, 19] [10, -9, -24, 30] [-6, 29, 3, 25] [-39, -66, -14, 21]
[25, 31, 5, 2] [-16, 0, -11, -3] [29, -12, 21, -15] [-6, 13, -27, 15] [12, 0, -25, -5] [4, -4, -19, 0] [42, -5, 10, 7]
[-24, -12, 1, 9] [-5, -12, -49, -2] [-12, 4, 23, -4] [-2, 17, -42, -7] [47, 14, -6, 31] [49, -21, -46, 21] [-9, 19, 22, -2]
Food (up, right, down, left):
[10, 17, 5, 23] [-9, 21, 11, -17] [24, -21, 16, 13] [-14, -9, 53, 13] [-8, 5, 38, -16] [-7, -26, -19, -20] [-45, 19, 6, -11]
[-65, 2, -32, -27] [-6, 2, -27, -1] [8, 19, 21, 32] [-12, 26, -44, 20] [33, 4, -1, -39] [43, 7, -50, 19] [11, 2, 30, 22]
[-25, 2, 29, -48] [10, 5, -17, 26] [-57, -19, -24, 28] [40, -36, 36, 14] [-13, -6, -23, -23] [2, 11, -46, -26] [43, 25, 7, 22]
[11, 33, 11, 47] [-8, -6, -30, 39] [3, 3, -40, -21] [0, 0, 0, 0] [-15, 67, -33, -7] [-2, -21, -31, -10] [-11, 49, -22, 22]
[-1, 15, -13, 13] [10, 27, 10, 34] [21, -14, 40, 14] [-5, -43, 14, -22] [9, -3, 10, -26] [10, 47, 27, 22] [-12, -11, 13, -15]
[5, -29, -6, 3] [8, 6, 10, -1] [5, 14, 0, 34] [-33, -24, 44, -32] [-42, -35, 4, -57] [-17, 55, 18, 16] [-3, 40, 1, 31]
[5, 11, -28, -8] [6, 11, 12, -48] [20, 18, 15, -20] [-4, 10, 30, -53] [55, 28, -4, -15] [24, 33, 17, 0] [15, -14, 29, -29]
------------------------------
ALIVE
Head: (22 17)
Body: (22 17) (22 16) (21 16) (21 15) (20 15) (19 15) (18 15) (17 15) 
Length: 8, 4
Vision: 3
Hungry, suplies: 9/10
Reproductive: 16, mutating: 0.25
Generation: 46100
####################################
Wall (up, right, down, left):
[1, 3, 3, -16] [0, 5, 12, 2] [-37, 7, 13, -19] [3, 0, 25, 3] [-14, 7, 26, 1] [20, 1, -7, 3] [8, -18, -12, -18]
[-38, -25, 16, -23] [6, 13, -10, -6] [-37, -4, 10, -7] [-29, 9, 16, 9] [35, 21, -1, -11] [-32, -26, 5, 3] [-16, 1, -2, 4]
[-16, 7, 20, 9] [5, 23, -5, -3] [-2, 0, 45, -12] [-81, 20, 48, 15] [-41, -47, -17, 40] [-17, -16, 7, 2] [-33, -18, -19, 4]
[2, 43, -5, -44] [11, 1, 27, -18] [-11, 47, 2, -100] [0, 0, 0, 0] [46, -107, 31, 5] [26, -2, -1, 13] [4, -3, 15, 3]
[-14, -32, -5, -3] [13, -3, -15, -7] [-4, -11, -50, -46] [52, 23, -110, 19] [10, -9, -24, 30] [-3, 24, 3, 25] [-39, -66, -14, 21]
[25, 31, 5, 2] [-16, 0, -11, -3] [29, -12, 21, -11] [-6, 13, -27, 10] [12, 0, -25, -5] [4, -5, -19, 3] [42, -5, 10, 7]
[-24, -12, 1, 9] [-5, -12, -49, -2] [-12, 4, 23, -6] [-2, 17, -42, -7] [47, 14, -6, 31] [54, -21, -46, 21] [-9, 19, 22, -2]
Food (up, right, down, left):
[10, 12, 5, 23] [-9, 21, 11, -17] [24, -21, 16, 13] [-14, -8, 53, 13] [-8, 5, 38, -16] [-7, -26, -19, -20] [-45, 19, 6, -11]
[-65, 2, -32, -25] [-6, 2, -27, -1] [8, 19, 21, 32] [-12, 26, -44, 20] [33, 4, -1, -39] [43, 7, -50, 19] [11, 2, 30, 22]
[-25, 2, 29, -48] [10, 5, -17, 26] [-57, -19, -24, 28] [40, -36, 36, 14] [-13, -6, -23, -23] [2, 11, -46, -26] [43, 25, 7, 22]
[11, 33, 11, 47] [-8, -6, -30, 39] [3, 3, -40, -21] [0, 0, 0, 0] [-15, 67, -33, -7] [-2, -21, -31, -10] [-11, 49, -22, 22]
[-1, 15, -13, 13] [10, 27, 10, 34] [21, -14, 40, 14] [-5, -43, 14, -22] [9, -3, 10, -26] [9, 47, 26, 22] [-12, -11, 13, -15]
[5, -29, -6, 3] [8, 6, 10, -1] [5, 14, 5, 34] [-33, -24, 44, -37] [-42, -35, 4, -57] [-17, 55, 18, 18] [-3, 40, 1, 31]
[5, 11, -28, -8] [6, 11, 12, -48] [20, 16, 15, -20] [-4, 10, 30, -53] [55, 28, -4, -15] [24, 38, 17, 0] [15, -14, 29, -29]
------------------------------
ALIVE
Head: (1 52)
Body: (1 52) (1 51) (1 50) (1 49) (1 48) (25 48) (24 48) (23 48) (23 47) (23 46) (22 46) (21 46) (21 45) (21 44) 
Length: 14, 4
Vision: 3
Hungry, suplies: 7/10
Reproductive: 16, mutating: 0.25
Generation: 46104
####################################
Wall (up, right, down, left):
[1, 3, 3, -16] [0, 5, 12, 2] [-37, 7, 13, -19] [3, 0, 25, 3] [-14, 7, 26, 1] [20, 1, -7, 3] [8, -18, -12, -18]
[-38, -25, 16, -23] [6, 13, -10, -6] [-37, -4, 10, -7] [-29, 9, 16, 9] [35, 21, -1, -11] [-32, -26, 5, 3] [-16, 1, -2, 4]
[-16, 7, 20, 9] [5, 23, -5, -3] [-2, 0, 45, -12] [-81, 20, 48, 15] [-44, -47, -17, 40] [-17, -16, 7, 2] [-33, -18, -19, 4]
[2, 43, -5, -44] [11, 1, 27, -18] [-11, 47, 2, -100] [0, 0, 0, 0] [46, -107, 31, 5] [26, -2, -1, 13] [4, -3, 15, 3]
[-14, -32, -5, -3] [13, -3, -15, -7] [-4, -11, -50, -46] [52, 23, -110, 19] [10, -9, -24, 30] [-6, 24, 3, 25] [-40, -66, -14, 21]
[25, 31, 5, 2] [-16, 0, -11, -3] [29, -12, 21, -11] [-6, 13, -27, 10] [12, 0, -25, -5] [4, -4, -19, 0] [42, -5, 10, 7]
[-24, -12, 1, 9] [-5, -12, -49, -2] [-12, 4, 23, -6] [-2, 17, -42, -7] [47, 14, -6, 31] [49, -21, -46, 21] [-9, 19, 22, -2]
Food (up, right, down, left):
[10, 12, 5, 23] [-9, 21, 11, -17] [24, -21, 16, 13] [-14, -8, 53, 13] [-8, 5, 38, -16] [-7, -26, -19, -20] [-45, 19, 6, -11]
[-65, 2, -32, -27] [-6, 2, -27, -1] [8, 19, 21, 32] [-12, 26, -44, 20] [33, 4, -1, -39] [43, 7, -50, 19] [11, 2, 30, 22]
[-25, 2, 29, -48] [10, 5, -17, 26] [-57, -19, -24, 28] [40, -36, 36, 14] [-13, -6, -23, -23] [2, 11, -46, -26] [43, 25, 7, 22]
[11, 33, 11, 47] [-8, -6, -30, 39] [3, 3, -40, -21] [0, 0, 0, 0] [-15, 67, -33, -7] [-2, -21, -31, -10] [-11, 49, -22, 22]
[-1, 15, -13, 13] [10, 27, 10, 34] [21, -14, 40, 14] [-5, -43, 14, -22] [9, -3, 10, -26] [10, 47, 26, 22] [-12, -11, 9, -15]
[5, -29, -6, 3] [8, 6, 10, -1] [5, 14, 5, 34] [-33, -24, 44, -37] [-42, -35, 4, -57] [-17, 55, 18, 16] [-3, 40, 1, 31]
[5, 11, -28, -8] [6, 11, 12, -48] [20, 16, 15, -20] [-4, 10, 30, -53] [55, 28, -4, -15] [24, 33, 17, 0] [15, -14, 29, -29]
------------------------------
ALIVE
Head: (17 48)
Body: (17 48) (16 48) (16 49) (16 50) (15 50) (15 51) (16 51) (16 52) (16 53) (17 53) (17 54) (18 54) (19 54) (19 55) 
Length: 14, 4
Vision: 3
Hungry, suplies: 7/10
Reproductive: 16, mutating: 0.25
Generation: 46106
####################################
Wall (up, right, down, left):
[1, 3, 3, -16] [0, 5, 12, 2] [-37, 7, 13, -19] [3, 3, 25, 3] [-14, 7, 26, 1] [20, 1, -7, 3] [8, -18, -12, -18]
[-38, -25, 16, -23] [6, 13, -10, -6] [-37, -4, 10, -7] [-29, 9, 16, 9] [35, 21, -1, -11] [-32, -23, 5, 3] [-16, 1, -2, 4]
[-16, 7, 20, 9] [5, 23, -5, -3] [-2, 0, 45, -12] [-81, 20, 48, 15] [-41, -47, -17, 40] [-17, -16, 7, 2] [-33, -18, -19, 4]
[2, 43, -5, -44] [11, 1, 27, -18] [-11, 47, 2, -100] [0, 0, 0, 0] [46, -107, 31, 5] [26, -2, -1, 13] [4, -3, 15, 3]
[-14, -32, -5, -3] [13, -3, -15, -7] [-4, -11, -50, -49] [52, 23, -110, 19] [10, -9, -24, 30] [-6, 24, 3, 25] [-39, -66, -14, 21]
[25, 31, 5, 2] [-16, 0, -11, -3] [29, -12, 21, -15] [-6, 13, -27, 15] [12, 0, -25, -5] [4, -4, -19, 0] [42, -10, 10, 7]
[-24, -12, 1, 9] [-5, -12, -49, -2] [-12, 4, 23, -4] [-2, 17, -42, -7] [47, 14, -6, 31] [49, -21, -46, 21] [-9, 19, 22, -2]
Food (up, right, down, left):
[10, 12, 5, 23] [-9, 21, 11, -17] [24, -21, 16, 13] [-14, -9, 53, 13] [-8, 5, 38, -16] [-7, -26, -19, -20] [-45, 19, 6, -11]
[-65, 2, -32, -27] [-6, 2, -27, -1] [8, 19, 21, 32] [-12, 26, -44, 20] [33, 4, -1, -39] [43, 7, -49, 19] [11, 2, 30, 22]
[-25, 2, 29, -48] [10, 5, -17, 26] [-57, -19, -24, 28] [40, -36, 36, 14] [-13, -6, -23, -23] [2, 11, -46, -26] [43, 25, 7, 22]
[11, 33, 11, 47] [-8, -6, -30, 39] [3, 3, -40, -21] [0, 0, 0, 0] [-15, 67, -33, -7] [-2, -21, -31, -10] [-11, 49, -22, 22]
[-1, 15, -13, 13] [10, 27, 10, 34] [18, -14, 40, 14] [-5, -43, 14, -22] [9, -3, 10, -26] [10, 47, 26, 22] [-12, -11, 13, -15]
[5, -29, -6, 3] [8, 6, 10, -1] [5, 14, 0, 34] [-33, -24, 44, -32] [-42, -35, 4, -57] [-17, 55, 18, 16] [1, 40, 1, 31]
[5, 11, -28, -8] [6, 11, 12, -48] [20, 18, 15, -20] [-4, 10, 30, -53] [55, 28, -4, -15] [24, 33, 17, 0] [15, -14, 29, -29]
------------------------------
ALIVE
Head: (15 43)
Body: (15 43) (14 43) (13 43) (12 43) (11 43) (11 42) (11 41) (11 40) (11 39) (11 38) (10 38) (10 37) (10 36) 
Length: 13, 4
Vision: 3
Hungry, suplies: 8/10
Reproductive: 16, mutating: 0.25
Generation: 46102
####################################
Wall (up, right, down, left):
[1, 3, 3, -16] [0, 5, 12, 2] [-37, 7, 13, -19] [3, 3, 25, 3] [-14, 7, 26, 1] [20, 1, -7, 3] [8, -18, -12, -18]
[-38, -25, 16, -23] [6, 13, -10, -6] [-37, -4, 10, -7] [-29, 9, 16, 9] [35, 21, -1, -11] [-32, -23, 5, 3] [-16, 1, -2, 4]
[-16, 7, 20, 9] [5, 23, -5, -3] [-2, 0, 45, -12] [-81, 20, 48, 15] [-41, -47, -17, 40] [-17, -16, 7, 2] [-33, -18, -19, 4]
[2, 43, -5, -44] [11, 1, 27, -18] [-11, 47, 2, -100] [0, 0, 0, 0] [46, -107, 31, 5] [26, -2, -1, 13] [4, -3, 15, 3]
[-14, -32, -5, -3] [13, -3, -15, -7] [-4, -11, -50, -49] [52, 23, -110, 19] [10, -9, -24, 30] [-6, 24, 3, 25] [-39, -66, -14, 21]
[25, 31, 5, 2] [-16, 0, -11, -3] [29, -12, 21, -15] [-6, 13, -27, 15] [12, 0, -25, -5] [4, -4, -19, 0] [42, -5, 10, 7]
[-24, -12, 1, 9] [-9, -12, -49, -2] [-12, 4, 23, -4] [-2, 17, -42, -7] [47, 14, -6, 31] [49, -21, -46, 21] [-9, 19, 22, -2]
Food (up, right, down, left):
[10, 12, 5, 23] [-9, 21, 11, -17] [24, -21, 16, 13] [-14, -9, 53, 13] [-8, 5, 38, -16] [-7, -26, -19, -20] [-45, 19, 6, -11]
[-65, 2, -32, -27] [-6, 2, -27, -1] [8, 19, 21, 32] [-12, 26, -44, 20] [33, 4, -1, -39] [43, 7, -49, 19] [11, 2, 30, 22]
[-25, 2, 29, -48] [10, 5, -17, 26] [-57, -19, -24, 28] [40, -36, 36, 14] [-13, -6, -23, -23] [2, 11, -46, -26] [43, 25, 7, 22]
[11, 33, 11, 47] [-8, -6, -30, 39] [3, 3, -40, -21] [0, 0, 0, 0] [-15, 67, -33, -7] [-2, -21, -31, -10] [-11, 49, -22, 22]
[-1, 15, -13, 13] [10, 27, 10, 34] [18, -14, 40, 14] [-5, -43, 14, -22] [9, -3, 10, -26] [10, 47, 26, 22] [-12, -11, 13, -15]
[5, -29, -6, 3] [8, 6, 10, -1] [5, 14, 0, 34] [-33, -24, 44, -32] [-42, -35, 4, -57] [-17, 55, 18, 16] [-3, 40, 1, 31]
[5, 11, -28, -8] [6, 11, 12, -43] [20, 18, 15, -20] [-4, 10, 30, -53] [55, 28, -4, -15] [24, 33, 17, 0] [15, -14, 29, -29]
------------------------------
ALIVE
Head: (24 53)
Body: (24 53) (23 53) (22 53) (22 52) (21 52) (21 51) (21 50) (20 50) (20 49) (20 48) (20 47) (20 46) (20 45) (19 45) (19 44) 
Length: 15, 4
Vision: 3
Hungry, suplies: 9/10
Reproductive: 16, mutating: 0.25
Generation: 46102
####################################
Wall (up, right, down, left):
[1, 3, 3, -16] [0, 5, 12, 2] [-37, 7, 13, -19] [3, 3, 25, 3] [-14, 7, 26, 1] [20, 1, -7, 3] [8, -18, -12, -18]
[-38, -25, 16, -23] [6, 13, -10, -6] [-37, -4, 10, -7] [-29, 9, 16, 9] [35, 21, -1, -11] [-32, -23, 5, 3] [-16, 1, -2, 4]
[-16, 7, 20, 9] [5, 23, -5, -3] [-2, 0, 45, -12] [-81, 20, 48, 15] [-41, -47, -17, 40] [-17, -16, 7, 2] [-33, -18, -19, 4]
[2, 43, -5, -44] [11, 1, 27, -18] [-11, 47, 2, -100] [0, 0, 0, 0] [46, -107, 31, 5] [26, -2, -1, 13] [4, -3, 15, 3]
[-14, -32, -5, -3] [13, -3, -15, -7] [-4, -11, -50, -49] [52, 23, -110, 19] [10, -9, -24, 30] [-6, 24, 3, 25] [-39, -66, -14, 21]
[25, 31, 5, 2] [-16, 0, -11, -3] [29, -12, 21, -15] [-6, 13, -27, 15] [12, 0, -25, -5] [4, -4, -19, 0] [42, -10, 10, 7]
[-24, -12, 1, 9] [-5, -12, -49, -2] [-12, 4, 23, -4] [-2, 17, -42, -7] [47, 14, -6, 31] [49, -26, -46, 21] [-9, 19, 22, -2]
Food (up, right, down, left):
[10, 12, 5, 23] [-9, 21, 11, -17] [24, -21, 16, 13] [-14, -9, 53, 13] [-8, 5, 38, -16] [-7, -26, -19, -20] [-45, 19, 6, -11]
[-65, 2, -32, -27] [-6, 2, -27, -1] [8, 19, 21, 32] [-12, 26, -44, 20] [33, 4, -1, -39] [43, 7, -49, 19] [11, 2, 30, 22]
[-25, 2, 29, -48] [10, 5, -17, 26] [-57, -19, -24, 28] [40, -36, 36, 14] [-13, -6, -23, -23] [2, 11, -46, -26] [43, 25, 7, 22]
[11, 33, 11, 47] [-8, -6, -30, 39] [3, 3, -40, -21] [0, 0, 0, 0] [-15, 67, -33, -7] [-2, -21, -31, -10] [-11, 49, -22, 22]
[-1, 15, -13, 13] [10, 27, 10, 34] [18, -14, 40, 14] [-5, -43, 14, -22] [9, -3, 10, -26] [10, 47, 26, 22] [-12, -11, 13, -15]
[5, -29, -6, 3] [8, 6, 10, -1] [5, 14, 0, 34] [-33, -24, 44, -32] [-42, -35, 4, -57] [-17, 55, 18, 16] [1, 40, 1, 31]
[5, 11, -28, -8] [6, 11, 12, -48] [20, 18, 15, -20] [-4, 10, 30, -53] [55, 28, -4, -15] [24, 29, 17, 0] [15, -14, 29, -29]
------------------------------
ALIVE
Head: (21 41)
Body: (21 41) (20 41) (20 40) (20 39) (19 39) (19 38) (19 37) (19 36) (19 35) (19 34) 
Length: 10, 4
Vision: 3
Hungry, suplies: 8/10
Reproductive: 16, mutating: 0.25
Generation: 46103
####################################
Wall (up, right, down, left):
[1, 3, 3, -16] [0, 5, 12, 2] [-37, 7, 13, -19] [3, 0, 25, 3] [-14, 7, 26, 1] [20, 1, -7, 3] [8, -18, -12, -13]
[-38, -25, 16, -23] [6, 13, -10, -6] [-37, -4, 10, -7] [-29, 9, 16, 9] [35, 21, -1, -11] [-32, -26, 5, 3] [-16, 1, -2, 4]
[-16, 7, 20, 9] [5, 23, -5, -3] [-2, 0, 45, -12] [-81, 20, 48, 19] [-44, -47, -17, 40] [-17, -16, 7, 2] [-33, -18, -19, 4]
[2, 43, -5, -44] [11, 1, 27, -18] [-11, 47, 2, -100] [0, 0, 0, 0] [46, -107, 31, 5] [26, -2, -1, 13] [4, -3, 15, 3]
[-14, -32, -5, -3] [13, -3, -15, -7] [-4, -11, -50, -46] [52, 23, -110, 19] [10, -9, -24, 30] [-6, 24, 3, 25] [-40, -66, -14, 21]
[25, 31, 5, 2] [-16, 0, -11, -3] [29, -12, 21, -11] [-6, 13, -27, 10] [12, 0, -25, -5] [4, -4, -19, 0] [42, -5, 10, 7]
[-24, -12, 1, 9] [-5, -12, -49, -2] [-12, 4, 23, -6] [-2, 17, -42, -7] [47, 14, -6, 31] [49, -21, -46, 21] [-9, 19, 22, -2]
Food (up, right, down, left):
[10, 12, 5, 23] [-9, 21, 11, -17] [24, -21, 16, 13] [-14, -8, 53, 13] [-8, 5, 38, -16] [-7, -26, -19, -20] [-45, 19, 6, -11]
[-65, 2, -32, -27] [-6, 2, -27, -1] [8, 19, 21, 32] [-12, 26, -44, 20] [33, 4, -1, -39] [43, 7, -50, 19] [11, 2, 30, 22]
[-25, 2, 29, -48] [10, 5, -17, 26] [-57, -19, -24, 28] [40, -36, 36, 16] [-13, -6, -23, -23] [2, 11, -46, -26] [43, 25, 7, 22]
[11, 33, 11, 47] [-8, -6, -30, 39] [3, 3, -40, -21] [0, 0, 0, 0] [-15, 67, -33, -7] [-2, -21, -31, -10] [-11, 49, -22, 22]
[-1, 15, -13, 13] [10, 27, 10, 34] [21, -14, 40, 14] [-5, -43, 14, -22] [9, -3, 10, -26] [10, 47, 26, 22] [-12, -11, 9, -15]
[5, -29, -6, 3] [8, 6, 10, -1] [5, 14, 5, 34] [-33, -24, 44, -37] [-42, -35, 4, -57] [-17, 55, 18, 16] [-3, 40, 1, 31]
[5, 11, -28, -8] [6, 11, 12, -48] [20, 16, 15, -20] [-4, 10, 30, -53] [55, 28, -4, -15] [24, 33, 17, 0] [15, -14, 29, -29]
------------------------------
ALIVE
Head: (3 52)
Body: (3 52) (3 51) (3 50) (3 49) (2 49) (2 48) (2 47) (3 47) 
Length: 8, 4
Vision: 3
Hungry, suplies: 1/10
Reproductive: 16, mutating: 0.25
Generation: 46108
####################################
Wall (up, right, down, left):
[1, 3, 3, -16] [0, 5, 12, 2] [-37, 7, 13, -19] [3, 0, 25, 3] [-14, 7, 26, 1] [20, 1, -7, 3] [8, -18, -12, -18]
[-38, -25, 17, -23] [6, 13, -10, -6] [-37, -4, 10, -7] [-29, 9, 16, 9] [35, 21, -1, -11] [-32, -26, 5, 3] [-16, 1, -2, 4]
[-16, 7, 15, 9] [5, 23, -5, -3] [-2, 0, 45, -12] [-81, 20, 48, 15] [-41, -47, -17, 40] [-17, -16, 7, 2] [-33, -18, -19, 4]
[2, 43, -5, -44] [11, 1, 27, -18] [-11, 47, 2, -100] [0, 0, 0, 0] [46, -107, 31, 5] [26, -2, -1, 13] [4, -3, 15, 3]
[-14, -32, -5, -3] [13, -3, -15, -7] [-4, -11, -50, -46] [52, 23, -110, 19] [10, -9, -24, 30] [-6, 24, 3, 25] [-39, -66, -14, 21]
[25, 31, 5, 2] [-16, 0, -11, -3] [29, -12, 21, -15] [-6, 13, -27, 15] [12, 0, -25, -5] [4, -4, -19, 0] [42, -5, 10, 7]
[-24, -12, 1, 9] [-5, -12, -49, -2] [-12, 4, 23, -4] [-2, 17, -42, -7] [47, 14, -6, 31] [49, -21, -46, 21] [-9, 19, 22, -2]
Food (up, right, down, left):
[10, 12, 5, 23] [-9, 21, 11, -17] [24, -21, 16, 13] [-14, -8, 53, 13] [-8, 5, 38, -16] [-7, -26, -19, -20] [-45, 19, 6, -11]
[-65, 2, -29, -27] [-6, 2, -27, -1] [8, 19, 21, 32] [-12, 26, -44, 20] [33, 4, -1, -39] [43, 7, -50, 19] [11, 2, 30, 22]
[-25, 6, 29, -48] [10, 5, -17, 26] [-57, -19, -24, 28] [40, -36, 36, 14] [-13, -6, -23, -23] [2, 11, -46, -26] [43, 25, 7, 22]
[11, 33, 11, 47] [-8, -6, -30, 39] [3, 3, -40, -21] [0, 0, 0, 0] [-15, 67, -33, -7] [-2, -21, -31, -10] [-11, 49, -22, 22]
[-1, 15, -13, 13] [10, 27, 10, 34] [21, -14, 40, 14] [-5, -43, 14, -22] [9, -3, 10, -26] [10, 47, 26, 22] [-12, -11, 13, -15]
[5, -29, -6, 3] [8, 6, 10, -1] [5, 14, 0, 34] [-33, -24, 44, -32] [-42, -35, 4, -57] [-17, 55, 18, 16] [-3, 40, 1, 31]
[5, 11, -28, -8] [6, 11, 12, -48] [20, 18, 15, -20] [-4, 10, 30, -53] [55, 28, -4, -15] [24, 33, 17, 0] [15, -14, 29, -29]
------------------------------
ALIVE
Head: (11 34)
Body: (11 34) (10 34) (9 34) (9 35) (8 35) (7 35) (7 34) (6 34) (5 34) (5 33) 
Length: 10, 4
Vision: 3
Hungry, suplies: 10/10
Reproductive: 16, mutating: 0.25
Generation: 46101
####################################
Wall (up, right, down, left):
[0, 3, 3, -16] [0, 5, 12, 2] [-37, 7, 13, -19] [3, 0, 25, 3] [-14, 7, 26, 1] [20, 1, -7, 3] [8, -18, -12, -18]
[-38, -25, 16, -23] [6, 13, -10, -6] [-37, -4, 10, -7] [-29, 9, 16, 9] [35, 21, -6, -11] [-32, -26, 5, 3] [-16, 1, -2, 4]
[-16, 7, 20, 9] [5, 23, -5, -3] [-2, 0, 45, -12] [-81, 15, 46, 15] [-41, -47, -17, 40] [-17, -16, 7, 2] [-33, -18, -19, 4]
[2, 43, -5, -44] [11, 1, 24, -18] [-11, 47, 2, -100] [0, 0, 0, 0] [46, -107, 31, 5] [26, -2, -1, 13] [4, -3, 15, 3]
[-14, -32, -5, -3] [13, -3, -15, -7] [-4, -11, -50, -46] [52, 23, -110, 19] [10, -9, -28, 30] [-6, 24, 3, 25] [-39, -66, -14, 21]
[25, 31, 5, 2] [-16, 0, -11, -3] [29, -12, 21, -11] [-6, 13, -27, 10] [12, 0, -25, -5] [4, -4, -19, 0] [42, -5, 10, 7]
[-24, -12, 1, 9] [-5, -12, -49, -2] [-12, 4, 23, -6] [-2, 17, -42, -7] [47, 14, -6, 31] [49, -24, -46, 21] [-9, 19, 22, -2]
Food (up, right, down, left):
[5, 12, 5, 23] [-9, 21, 11, -17] [24, -21, 16, 13] [-14, -8, 53, 13] [-8, 5, 38, -16] [-7, -26, -19, -20] [-45, 19, 6, -11]
[-65, 2, -32, -27] [-6, 2, -27, -1] [8, 19, 21, 32] [-12, 26, -44, 20] [33, 4, -1, -42] [43, 7, -50, 19] [11, 2, 30, 22]
[-25, 2, 29, -48] [10, 5, -17, 26] [-57, -19, -24, 28] [40, -39, 36, 11] [-13, -6, -23, -23] [2, 11, -46, -26] [43, 25, 7, 22]
[11, 33, 11, 47] [-8, -6, -35, 39] [3, 3, -40, -21] [0, 0, 0, 0] [-15, 67, -33, -7] [-2, -21, -31, -10] [-11, 49, -22, 22]
[-1, 15, -13, 13] [10, 27, 10, 34] [21, -14, 40, 14] [-5, -43, 14, -22] [10, -3, 10, -26] [10, 47, 26, 22] [-12, -11, 13, -15]
[5, -29, -6, 3] [8, 6, 10, -1] [5, 14, 5, 34] [-33, -24, 44, -37] [-42, -35, 4, -57] [-17, 55, 18, 16] [-3, 40, 1, 31]
[5, 11, -28, -8] [6, 11, 12, -48] [20, 16, 15, -20] [-4, 10, 30, -53] [55, 28, -4, -15] [20, 33, 19, 0] [15, -14, 29, -29]
------------------------------
ALIVE
Head: (11 17)
Body: (11 17) (10 17) (9 17) (8 17) (7 17) (7 16) (6 16) (5 16) (5 17) (4 17) (4 18) (4 19) (5 19) 
Length: 13, 4
Vision: 3
Hungry, suplies: 9/10
Reproductive: 16, mutating: 0.25
Generation: 46106
####################################
Wall (up, right, down, left):
[1, 3, 3, -19] [0, 5, 12, 2] [-37, 7, 13, -19] [3, 3, 25, 3] [-14, 7, 26, 1] [20, 1, -7, 3] [8, -18, -12, -18]
[-38, -25, 16, -23] [6, 13, -10, -6] [-37, -4, 10, -7] [-29, 9, 16, 9] [35, 21, -1, -11] [-32, -26, 5, 3] [-16, 1, -2, 4]
[-16, 7, 20, 9] [5, 23, -5, -3] [-2, 0, 45, -12] [-81, 20, 48, 15] [-41, -47, -17, 40] [-17, -16, 7, 2] [-33, -18, -19, 4]
[2, 43, -5, -44] [11, 1, 27, -18] [-11, 47, 2, -100] [0, 0, 0, 0] [46, -107, 31, 5] [26, -2, -1, 13] [4, -3, 15, 3]
[-13, -32, -5, -3] [13, -3, -15, -7] [-4, -11, -50, -46] [52, 23, -110, 19] [10, -9, -24, 30] [-6, 29, 3, 25] [-39, -66, -14, 21]
[25, 31, 5, 2] [-16, 0, -11, -3] [29, -12, 21, -15] [-6, 13, -27, 15] [12, 0, -25, -5] [4, -4, -19, 0] [42, -5, 10, 7]
[-24, -12, 1, 9] [-5, -12, -49, -2] [-12, 4, 23, -4] [-2, 17, -42, -7] [47, 14, -6, 31] [49, -21, -46, 21] [-9, 19, 22, -2]
Food (up, right, down, left):
[10, 17, 5, 23] [-9, 21, 11, -17] [24, -21, 16, 13] [-14, -9, 53, 13] [-8, 5, 38, -16] [-7, -26, -19, -20] [-45, 19, 6, -11]
[-65, 2, -32, -27] [-6, 2, -27, -1] [8, 19, 21, 32] [-12, 26, -44, 20] [33, 4, -1, -39] [43, 7, -50, 19] [11, 2, 30, 22]
[-25, 2, 29, -48] [10, 5, -17, 26] [-57, -19, -24, 28] [40, -36, 36, 14] [-13, -6, -23, -23] [2, 11, -46, -26] [43, 25, 7, 22]
[11, 33, 11, 47] [-8, -6, -30, 39] [3, 3, -40, -21] [0, 0, 0, 0] [-15, 67, -33, -7] [-2, -21, -31, -10] [-11, 49, -22, 22]
[-1, 15, -18, 13] [10, 27, 10, 34] [21, -14, 40, 14] [-5, -43, 14, -22] [9, -3, 10, -26] [10, 47, 27, 22] [-12, -11, 13, -15]
[5, -29, -6, 3] [8, 6, 10, -1] [5, 14, 0, 34] [-33, -24, 44, -32] [-42, -35, 4, -57] [-17, 55, 18, 16] [-3, 40, 1, 31]
[5, 11, -28, -8] [6, 11, 12, -48] [20, 18, 15, -20] [-4, 10, 30, -53] [55, 28, -4, -15] [24, 33, 17, 0] [15, -14, 29, -29]
------------------------------
ALIVE
Head: (5 37)
Body: (5 37) (5 38) (5 39) (4 39) (3 39) (3 38) (2 38) (2 37) 
Length: 8, 4
Vision: 3
Hungry, suplies: 9/10
Reproductive: 16, mutating: 0.25
Generation: 46101
####################################
Wall (up, right, down, left):
[1, 3, 3, -16] [0, 5, 12, 2] [-37, 7, 13, -22] [3, 3, 25, 3] [-14, 7, 26, 1] [20, 1, -7, 3] [8, -18, -12, -18]
[-38, -25, 16, -23] [6, 13, -10, -6] [-37, -4, 10, -7] [-29, 9, 16, 9] [35, 21, -1, -11] [-32, -23, 5, 3] [-16, 1, -2, 4]
[-16, 7, 20, 9] [5, 23, -5, -3] [-2, 0, 45, -12] [-81, 20, 48, 15] [-41, -47, -17, 40] [-17, -16, 7, 2] [-33, -18, -19, 4]
[2, 43, -5, -44] [11, 1, 27, -18] [-11, 47, 2, -100] [0, 0, 0, 0] [46, -107, 31, 5] [26, -2, -1, 13] [4, -3, 15, 3]
[-14, -32, -5, -3] [13, -3, -15, -7] [-4, -11, -50, -49] [52, 23, -110, 19] [10, -9, -24, 30] [-6, 24, 3, 25] [-39, -66, -14, 21]
[25, 31, 5, 2] [-16, 0, -11, -3] [29, -12, 21, -15] [-6, 13, -27, 15] [12, 0, -25, -5] [4, -4, -19, 0] [42, -5, 10, 7]
[-24, -12, 1, 9] [-5, -12, -49, -2] [-12, 4, 23, -4] [-2, 17, -42, -7] [47, 14, -6, 31] [49, -21, -46, 21] [-9, 19, 22, -2]
Food (up, right, down, left):
[10, 12, 5, 23] [-9, 21, 11, -17] [24, -20, 16, 13] [-14, -9, 53, 13] [-8, 5, 38, -16] [-7, -26, -19, -20] [-45, 19, 6, -11]
[-65, 2, -32, -27] [-6, 2, -27, -1] [8, 19, 21, 32] [-12, 26, -44, 20] [33, 4, -1, -39] [43, 7, -49, 19] [11, 2, 30, 22]
[-25, 2, 29, -48] [10, 5, -17, 26] [-57, -19, -24, 28] [40, -36, 36, 14] [-13, -6, -23, -23] [2, 11, -46, -26] [43, 25, 7, 22]
[11, 33, 11, 47] [-8, -6, -30, 39] [3, 3, -40, -21] [0, 0, 0, 0] [-15, 67, -33, -7] [-2, -21, -31, -10] [-11, 49, -22, 22]
[-1, 15, -13, 13] [10, 27, 10, 34] [18, -14, 40, 14] [-5, -43, 14, -22] [9, -3, 10, -26] [10, 47, 26, 22] [-12, -11, 13, -15]
[5, -29, -6, 3] [8, 6, 10, -1] [5, 14, 0, 34] [-33, -24, 44, -32] [-42, -35, 4, -57] [-17, 55, 18, 16] [-3, 40, 1, 31]
[5, 11, -28, -8] [6, 11, 12, -48] [20, 18, 15, -20] [-4, 10, 30, -53] [55, 28, -4, -15] [24, 33, 17, 0] [15, -14, 29, -29]
------------------------------
ALIVE
Head: (1 1)
Body: (1 1) (1 0) (0 0) (24 0) (23 0) (22 0) (21 0) (20 57) (20 56) (19 56) (18 56) (17 -1) (17 0) (18 0) (18 1) 
Length: 15, 4
Vision: 3
Hungry, suplies: 10/10
Reproductive: 16, mutating: 0.25
Generation: 46102
####################################
Wall (up, right, down, left):
[0, 3, 3, -16] [0, 5, 12, 2] [-37, 7, 13, -19] [3, 0, 25, 3] [-14, 7, 26, 1] [20, 1, -7, 3] [8, -18, -12, -18]
[-38, -25, 16, -23] [6, 13, -10, -6] [-37, -4, 10, -7] [-29, 9, 16, 9] [35, 21, -6, -11] [-32, -26, 5, 3] [-16, 1, -2, 4]
[-16, 7, 20, 9] [5, 23, -5, -3] [-2, 0, 45, -12] [-81, 15, 46, 15] [-41, -47, -17, 40] [-17, -16, 7, 2] [-33, -18, -19, 4]
[2, 43, -5, -44] [11, 1, 24, -18] [-11, 47, 2, -100] [0, 0, 0, 0] [46, -107, 31, 5] [26, -2, -1, 13] [4, -3, 15, 3]
[-14, -32, -5, -3] [13, -3, -15, -7] [-4, -11, -50, -46] [52, 23, -110, 19] [10, -9, -28, 30] [-6, 24, 3, 25] [-39, -66, -14, 21]
[25, 31, 5, 2] [-16, 0, -11, -3] [29, -12, 21, -11] [-6, 13, -27, 10] [12, 0, -25, -5] [4, -4, -19, 0] [42, -5, 10, 7]
[-24, -12, 1, 9] [-5, -12, -49, -2] [-12, 4, 23, -6] [-2, 17, -42, -7] [47, 14, -6, 31] [49, -24, -46, 21] [-9, 19, 22, -2]
Food (up, right, down, left):
[5, 12, 5, 23] [-9, 21, 11, -17] [24, -21, 16, 13] [-14, -8, 53, 13] [-8, 5, 38, -16] [-7, -26, -19, -20] [-45, 19, 6, -11]
[-65, 2, -32, -27] [-6, 2, -27, -1] [8, 19, 21, 32] [-12, 26, -44, 20] [33, 4, -1, -42] [43, 7, -50, 19] [11, 2, 30, 22]
[-25, 2, 29, -48] [10, 5, -17, 26] [-57, -19, -24, 28] [40, -39, 36, 11] [-13, -6, -23, -23] [2, 11, -46, -26] [43, 25, 7, 22]
[11, 33, 11, 47] [-8, -6, -35, 39] [3, 3, -40, -21] [0, 0, 0, 0] [-15, 67, -33, -7] [-2, -21, -31, -10] [-11, 49, -22, 22]
[-1, 15, -13, 13] [10, 27, 10, 34] [21, -14, 40, 14] [-5, -43, 14, -22] [10, -3, 10, -26] [10, 47, 26, 22] [-12, -11, 13, -15]
[5, -29, -6, 3] [8, 6, 10, -1] [5, 14, 5, 34] [-33, -24, 44, -37] [-42, -35, 4, -57] [-17, 55, 18, 16] [-3, 40, 1, 31]
[5, 11, -28, -8] [6, 11, 12, -48] [20, 16, 15, -20] [-4, 10, 30, -53] [55, 28, -4, -15] [20, 33, 19, 0] [15, -14, 29, -29]
------------------------------
ALIVE
Head: (15 11)
Body: (15 11) (14 11) (14 10) (14 9) (14 8) (14 7) (14 6) (14 5) (14 4) (14 3) (15 3) (15 2) 
Length: 12, 4
Vision: 3
Hungry, suplies: 9/10
Reproductive: 16, mutating: 0.25
Generation: 46105
####################################
Wall (up, right, down, left):
[1, 3, 3, -16] [0, 5, 12, 2] [-37, 7, 13, -19] [3, 3, 25, 3] [-14, 7, 26, 1] [20, 1, -7, 3] [8, -18, -12, -18]
[-38, -25, 16, -23] [6, 13, -10, -6] [-37, -4, 10, -7] [-29, 9, 16, 9] [35, 21, -1, -11] [-32, -23, 5, 3] [-16, 1, -2, 4]
[-16, 7, 20, 9] [5, 23, -5, -3] [-2, 0, 45, -12] [-81, 20, 48, 15] [-41, -47, -17, 40] [-17, -16, 7, 2] [-33, -18, -19, 4]
[2, 43, -5, -44] [11, 1, 27, -18] [-11, 47, 2, -100] [0, 0, 0, 0] [46, -107, 31, 5] [26, -2, -1, 13] [4, -3, 15, 3]
[-14, -32, -5, -3] [13, -3, -15, -7] [-4, -11, -50, -49] [52, 23, -110, 19] [10, -9, -24, 30] [-6, 24, 3, 25] [-39, -66, -14, 21]
[25, 31, 5, 2] [-16, 0, -11, -3] [29, -12, 21, -15] [-6, 13, -27, 15] [12, 0, -25, -5] [4, -4, -19, 0] [42, -10, 10, 7]
[-24, -12, 1, 9] [-5, -12, -49, -2] [-12, 4, 23, -4] [-2, 17, -42, -7] [47, 14, -6, 31] [49, -26, -46, 21] [-9, 19, 22, -2]
Food (up, right, down, left):
[10, 12, 5, 23] [-9, 21, 11, -17] [24, -21, 16, 13] [-14, -9, 53, 13] [-8, 5, 38, -16] [-7, -26, -19, -20] [-45, 19, 6, -11]
[-65, 2, -32, -27] [-6, 2, -27, -1] [8, 19, 21, 32] [-12, 26, -44, 20] [33, 4, -1, -39] [43, 7, -49, 19] [11, 2, 30, 22]
[-25, 2, 29, -48] [10, 5, -17, 26] [-57, -19, -24, 28] [40, -36, 36, 14] [-13, -6, -23, -23] [2, 11, -46, -26] [43, 25, 7, 22]
[11, 33, 11, 47] [-8, -6, -30, 39] [3, 3, -40, -21] [0, 0, 0, 0] [-15, 67, -33, -7] [-2, -21, -31, -10] [-11, 49, -22, 22]
[-1, 15, -13, 13] [10, 27, 10, 34] [18, -14, 40, 14] [-5, -43, 14, -22] [9, -3, 10, -26] [10, 47, 26, 22] [-12, -11, 13, -15]
[5, -29, -6, 3] [8, 6, 10, -1] [5, 14, 0, 34] [-33, -24, 44, -32] [-42, -35, 4, -57] [-17, 55, 18, 16] [1, 40, 1, 31]
[5, 11, -28, -8] [6, 11, 12, -48] [20, 18, 15, -20] [-4, 10, 30, -53] [55, 28, -4, -15] [24, 29, 17, 0] [15, -14, 29, -29]
------------------------------
ALIVE
Head: (6 42)
Body: (6 42) (5 42) (5 41) (5 40) (4 40) (3 40) (3 41) 
Length: 7, 4
Vision: 3
Hungry, suplies: 9/10
Reproductive: 16, mutating: 0.25
Generation: 46104
####################################
Wall (up, right, down, left):
[0, 3, 3, -16] [0, 5, 12, 2] [-37, 7, 13, -19] [3, 0, 25, 3] [-14, 7, 26, 1] [20, 1, -7, 3] [8, -18, -12, -18]
[-38, -25, 16, -23] [6, 13, -10, -6] [-37, -4, 10, -7] [-29, 9, 16, 9] [35, 21, -6, -11] [-32, -26, 5, 3] [-16, 1, -2, 4]
[-16, 7, 20, 9] [5, 23, -5, -3] [-2, 0, 45, -12] [-81, 15, 46, 15] [-41, -47, -17, 40] [-17, -16, 7, 2] [-33, -18, -19, 4]
[2, 43, -5, -44] [11, 1, 24, -18] [-11, 47, 2, -100] [0, 0, 0, 0] [46, -107, 31, 5] [26, -2, -1, 13] [4, -3, 15, 3]
[-14, -32, -5, -3] [13, -3, -15, -7] [-4, -11, -50, -46] [52, 23, -110, 19] [10, -9, -28, 30] [-6, 24, 3, 25] [-39, -66, -14, 21]
[25, 31, 5, 2] [-16, 0, -11, -3] [29, -12, 21, -11] [-6, 13, -27, 10] [12, 0, -25, -5] [4, -4, -19, 0] [42, -5, 10, 7]
[-24, -12, 1, 9] [-5, -12, -49, -2] [-12, 4, 23, -6] [-2, 17, -42, -7] [47, 14, -6, 31] [49, -24, -46, 21] [-9, 19, 22, -2]
Food (up, right, down, left):
[5, 12, 5, 23] [-9, 21, 11, -17] [24, -21, 16, 13] [-14, -8, 53, 13] [-8, 5, 38, -16] [-7, -26, -19, -20] [-45, 19, 6, -11]
[-65, 2, -32, -27] [-6, 2, -27, -1] [8, 19, 21, 32] [-12, 26, -44, 20] [33, 4, -1, -42] [43, 7, -50, 19] [11, 2, 30, 22]
[-25, 2, 29, -48] [10, 5, -17, 26] [-57, -19, -24, 28] [40, -39, 36, 11] [-13, -6, -23, -23] [2, 11, -46, -26] [43, 25, 7, 22]
[11, 33, 11, 47] [-8, -6, -35, 39] [3, 3, -40, -21] [0, 0, 0, 0] [-15, 67, -33, -7] [-2, -21, -31, -10] [-11, 49, -22, 22]
[-1, 15, -13, 13] [10, 27, 10, 34] [21, -14, 40, 14] [-5, -43, 14, -22] [10, -3, 10, -26] [10, 47, 26, 22] [-12, -11, 13, -15]
[5, -29, -6, 3] [8, 6, 10, -1] [5, 14, 5, 34] [-33, -24, 44, -37] [-42, -35, 4, -57] [-17, 55, 18, 16] [-3, 40, 1, 31]
[5, 11, -28, -8] [6, 11, 12, -48] [20, 16, 15, -20] [-4, 10, 30, -53] [55, 28, -4, -15] [20, 33, 19, 0] [15, -14, 29, -29]
------------------------------
ALIVE
Head: (15 29)
Body: (15 29) (15 28) (15 27) (15 26) (14 26) (13 26) (13 25) (13 24) (12 24) (12 23) (11 23) (10 23) (10 22) 
Length: 13, 4
Vision: 3
Hungry, suplies: 10/10
Reproductive: 16, mutating: 0.25
Generation: 46107
####################################
Wall (up, right, down, left):
[1, 3, 3, -16] [0, 5, 12, 2] [-37, 7, 13, -22] [3, 3, 25, 3] [-14, 7, 26, 1] [20, 1, -7, 3] [8, -18, -12, -18]
[-38, -25, 16, -23] [6, 13, -10, -6] [-37, -4, 10, -7] [-29, 9, 16, 9] [35, 21, -1, -11] [-32, -23, 5, 3] [-16, 1, -2, 4]
[-16, 7, 20, 9] [5, 23, -5, -3] [-2, 0, 45, -12] [-81, 20, 48, 15] [-41, -47, -17, 40] [-17, -16, 7, 2] [-33, -18, -19, 4]
[2, 43, -5, -44] [11, 1, 27, -18] [-11, 47, 2, -100] [0, 0, 0, 0] [46, -107, 31, 5] [26, -2, -1, 13] [4, -3, 15, 3]
[-14, -32, -5, -3] [13, -3, -15, -7] [-4, -11, -50, -49] [52, 23, -110, 19] [10, -9, -24, 30] [-6, 24, 3, 25] [-39, -66, -14, 21]
[25, 31, 5, 2] [-16, 0, -11, -3] [29, -12, 21, -15] [-6, 13, -27, 15] [12, 0, -25, -5] [4, -4, -19, 0] [42, -5, 10, 7]
[-24, -12, 1, 9] [-5, -12, -49, -2] [-12, 4, 23, -4] [-2, 17, -42, -7] [47, 14, -6, 31] [49, -21, -46, 21] [-9, 19, 22, -2]
Food (up, right, down, left):
[10, 12, 5, 23] [-9, 21, 11, -17] [24, -20, 16, 13] [-14, -9, 53, 13] [-8, 5, 38, -16] [-7, -26, -19, -20] [-45, 19, 6, -11]
[-65, 2, -32, -27] [-6, 2, -27, -1] [8, 19, 21, 32] [-12, 26, -44, 20] [33, 4, -1, -39] [43, 7, -49, 19] [11, 2, 30, 22]
[-25, 2, 29, -48] [10, 5, -17, 26] [-57, -19, -24, 28] [40, -36, 36, 14] [-13, -6, -23, -23] [2, 11, -46, -26] [43, 25, 7, 22]
[11, 33, 11, 47] [-8, -6, -30, 39] [3, 3, -40, -21] [0, 0, 0, 0] [-15, 67, -33, -7] [-2, -21, -31, -10] [-11, 49, -22, 22]
[-1, 15, -13, 13] [10, 27, 10, 34] [18, -14, 40, 14] [-5, -43, 14, -22] [9, -3, 10, -26] [10, 47, 26, 22] [-12, -11, 13, -15]
[5, -29, -6, 3] [8, 6, 10, -1] [5, 14, 0, 34] [-33, -24, 44, -32] [-42, -35, 4, -57] [-17, 55, 18, 16] [-3, 40, 1, 31]
[5, 11, -28, -8] [6, 11, 12, -48] [20, 18, 15, -20] [-4, 10, 30, -53] [55, 28, -4, -15] [24, 33, 17, 0] [15, -14, 29, -29]
------------------------------
ALIVE
Head: (15 44)
Body: (15 44) (15 45) (15 46) (15 47) (14 47) (14 48) (13 48) (13 49) (12 49) (12 50) (12 51) (12 52) (11 52) (10 52) (9 52) 
Length: 15, 4
Vision: 3
Hungry, suplies: 10/10
Reproductive: 16, mutating: 0.25
Generation: 46103
####################################
Wall (up, right, down, left):
[1, 3, 3, -19] [0, 5, 12, 2] [-37, 7, 13, -19] [3, 3, 25, 3] [-14, 7, 26, 1] [20, 1, -7, 3] [8, -18, -12, -18]
[-38, -25, 16, -23] [6, 13, -10, -6] [-37, -4, 10, -7] [-29, 9, 16, 9] [35, 21, -1, -11] [-32, -26, 5, 3] [-16, 1, -2, 4]
[-16, 7, 20, 9] [5, 23, -5, -3] [-2, 0, 45, -12] [-81, 20, 48, 15] [-41, -47, -17, 40] [-17, -16, 7, 2] [-33, -18, -19, 4]
[2, 43, -5, -44] [11, 1, 27, -18] [-11, 47, 2, -100] [0, 0, 0, 0] [46, -107, 31, 5] [26, -2, -1, 13] [4, -3, 15, 3]
[-14, -32, -5, -3] [13, -3, -15, -7] [-4, -11, -50, -46] [52, 23, -110, 19] [10, -9, -24, 30] [-6, 29, 3, 25] [-39, -66, -14, 21]
[25, 31, 5, 2] [-16, 0, -11, -3] [29, -12, 21, -15] [-6, 13, -27, 15] [12, 0, -25, -5] [4, -4, -19, 0] [42, -5, 10, 7]
[-24, -12, 1, 9] [-5, -12, -49, -2] [-12, 4, 23, -4] [-2, 17, -42, -7] [47, 14, -6, 31] [49, -21, -46, 21] [-9, 19, 22, -2]
Food (up, right, down, left):
[10, 17, 5, 23] [-9, 21, 11, -17] [24, -21, 16, 13] [-14, -9, 53, 13] [-8, 5, 38, -16] [-7, -26, -19, -20] [-45, 19, 6, -11]
[-65, 2, -32, -27] [-6, 2, -27, -1] [8, 19, 21, 32] [-12, 26, -44, 20] [33, 4, -1, -39] [43, 7, -50, 19] [11, 2, 30, 22]
[-25, 2, 29, -48] [10, 5, -17, 26] [-57, -19, -24, 28] [40, -36, 36, 14] [-13, -6, -23, -23] [2, 11, -46, -26] [43, 25, 7, 22]
[11, 33, 11, 47] [-8, -6, -30, 39] [3, 3, -40, -21] [0, 0, 0, 0] [-15, 67, -33, -7] [-2, -21, -31, -10] [-11, 49, -22, 22]
[-1, 15, -13, 13] [10, 27, 10, 34] [21, -14, 40, 14] [-5, -43, 14, -22] [9, -3, 10, -26] [10, 47, 27, 22] [-12, -11, 13, -15]
[5, -29, -6, 3] [8, 6, 10, -1] [5, 14, 0, 34] [-33, -24, 44, -32] [-42, -35, 4, -57] [-17, 55, 18, 16] [-3, 40, 1, 31]
[5, 11, -28, -8] [6, 11, 12, -48] [20, 18, 15, -20] [-4, 10, 30, -53] [55, 28, -4, -15] [24, 33, 17, 0] [15, -14, 29, -29]
------------------------------
ALIVE
Head: (5 9)
Body: (5 9) (4 9) (3 9) (3 8) (4 8) (5 8) (6 8) (7 8) (7 9) (7 10) (8 10) (9 10) 
Length: 12, 4
Vision: 3
Hungry, suplies: 10/10
Reproductive: 16, mutating: 0.25
Generation: 46101
####################################
Wall (up, right, down, left):
[1, 3, 3, -16] [0, 5, 12, 2] [-37, 7, 13, -19] [3, 3, 25, 3] [-14, 7, 26, 1] [20, 1, -7, 3] [8, -18, -12, -18]
[-38, -25, 16, -23] [6, 13, -10, -6] [-37, -4, 10, -7] [-29, 9, 16, 9] [35, 21, -1, -11] [-32, -23, 5, 3] [-16, 1, -2, 4]
[-16, 7, 20, 9] [5, 23, -5, -3] [-2, 0, 45, -12] [-81, 20, 48, 15] [-41, -47, -17, 40] [-17, -16, 7, 2] [-33, -18, -19, 4]
[2, 43, -5, -44] [11, 1, 27, -18] [-11, 47, 2, -100] [0, 0, 0, 0] [46, -107, 31, 5] [26, -2, -1, 13] [4, -3, 15, 3]
[-14, -32, -5, -3] [13, -3, -15, -7] [-4, -11, -50, -49] [52, 23, -110, 19] [10, -9, -24, 30] [-6, 24, 3, 25] [-39, -66, -14, 21]
[25, 31, 5, 2] [-16, 0, -11, -3] [29, -12, 21, -15] [-6, 13, -27, 15] [12, 0, -25, -5] [4, -4, -19, 0] [42, -10, 10, 7]
[-24, -12, 1, 9] [-5, -12, -49, -2] [-12, 4, 23, -4] [-2, 17, -42, -7] [47, 14, -6, 31] [49, -26, -46, 21] [-9, 19, 22, -2]
Food (up, right, down, left):
[10, 12, 5, 23] [-9, 21, 11, -17] [24, -21, 16, 13] [-14, -9, 53, 13] [-8, 5, 38, -16] [-7, -26, -19, -20] [-45, 19, 6, -11]
[-65, 2, -32, -27] [-6, 2, -27, -1] [8, 19, 21, 32] [-12, 26, -44, 20] [33, 4, -1, -39] [43, 7, -49, 19] [11, 2, 30, 22]
[-25, 2, 29, -48] [10, 5, -17, 26] [-57, -19, -24, 28] [40, -36, 36, 14] [-13, -6, -23, -23] [2, 11, -46, -26] [43, 25, 7, 22]
[11, 33, 11, 47] [-8, -6, -30, 39] [3, 3, -40, -21] [0, 0, 0, 0] [-15, 67, -33, -7] [-2, -21, -31, -10] [-11, 49, -22, 22]
[-1, 15, -13, 13] [10, 27, 10, 34] [18, -14, 40, 14] [-5, -43, 14, -22] [9, -3, 10, -26] [10, 47, 26, 22] [-12, -11, 13, -15]
[5, -29, -6, 3] [8, 6, 10, -1] [5, 14, 0, 34] [-33, -24, 44, -32] [-42, -35, 4, -57] [-17, 55, 18, 16] [1, 40, 1, 31]
[5, 11, -28, -8] [6, 11, 12, -48] [20, 18, 15, -20] [-4, 10, 30, -53] [55, 28, -4, -15] [24, 29, 17, 0] [15, -14, 29, -29]
------------------------------
ALIVE
Head: (2 43)
Body: (2 43) (1 43) (0 43) (0 42) (0 41) (0 40) (0 39) (0 38) (24 38) 
Length: 9, 4
Vision: 3
Hungry, suplies: 10/10
Reproductive: 16, mutating: 0.25
Generation: 46104
####################################
Wall (up, right, down, left):
[1, 3, 3, -16] [0, 5, 12, 2] [-37, 7, 13, -19] [3, 0, 25, 3] [-14, 7, 26, 1] [18, 1, -7, 3] [8, -18, -12, -18]
[-38, -25, 16, -23] [6, 13, -10, -6] [-37, -4, 10, -7] [-29, 9, 16, 9] [35, 21, -1, -11] [-32, -26, 5, 3] [-16, 1, -2, 4]
[-16, 7, 20, 9] [5, 23, -5, -3] [-2, 0, 45, -12] [-81, 20, 48, 15] [-44, -47, -17, 40] [-17, -16, 7, 2] [-33, -18, -19, 4]
[2, 43, -5, -44] [11, 1, 27, -18] [-11, 47, 2, -100] [0, 0, 0, 0] [46, -107, 30, 5] [26, -2, -1, 13] [4, -3, 15, 3]
[-14, -32, -5, -3] [13, -3, -15, -7] [-4, -11, -50, -46] [52, 23, -110, 19] [10, -9, -24, 30] [-6, 24, 3, 25] [-40, -66, -14, 21]
[22, 31, 5, 2] [-16, 0, -11, -3] [29, -12, 21, -11] [-6, 13, -27, 10] [12, 0, -25, -5] [4, -4, -19, 0] [42, -5, 10, 7]
[-24, -12, 1, 9] [-5, -12, -49, -2] [-12, 4, 23, -6] [-2, 17, -42, -7] [47, 14, -6, 31] [49, -21, -46, 21] [-9, 19, 22, -2]
Food (up, right, down, left):
[10, 12, 5, 23] [-9, 21, 11, -17] [24, -21, 16, 13] [-14, -8, 53, 13] [-8, 5, 38, -16] [-7, -26, -19, -23] [-45, 19, 6, -11]
[-65, 2, -32, -27] [-6, 2, -27, -1] [8, 19, 21, 32] [-12, 26, -44, 20] [33, 4, -1, -39] [43, 7, -50, 19] [11, 2, 30, 22]
[-25, 2, 29, -48] [10, 5, -17, 26] [-57, -19, -24, 28] [40, -36, 36, 14] [-13, -6, -23, -23] [2, 11, -46, -26] [43, 25, 7, 22]
[11, 33, 11, 47] [-8, -6, -30, 39] [3, 3, -40, -21] [0, 0, 0, 0] [-15, 67, -33, -2] [-2, -21, -31, -10] [-11, 49, -22, 22]
[-1, 15, -13, 13] [10, 27, 10, 34] [21, -14, 40, 14] [-5, -43, 14, -22] [9, -3, 10, -26] [10, 47, 26, 22] [-12, -11, 9, -15]
[0, -29, -6, 3] [8, 6, 10, -1] [5, 14, 5, 34] [-33, -24, 44, -37] [-42, -35, 4, -57] [-17, 55, 18, 16] [-3, 40, 1, 31]
[5, 11, -28, -8] [6, 11, 12, -48] [20, 16, 15, -20] [-4, 10, 30, -53] [55, 28, -4, -15] [24, 33, 17, 0] [15, -14, 29, -29]
------------------------------
ALIVE
Head: (21 19)
Body: (21 19) (21 18) (20 18) (19 18) (18 18) (18 17) (17 17) (16 17) (16 16) (15 16) (14 16) (13 16) 
Length: 12, 4
Vision: 3
Hungry, suplies: 3/10
Reproductive: 16, mutating: 0.25
Generation: 46105
####################################
Wall (up, right, down, left):
[1, 3, 3, -16] [0, 5, 12, 2] [-37, 7, 13, -19] [3, 3, 25, 3] [-14, 7, 26, 1] [20, 1, -7, 3] [8, -18, -17, -18]
[-38, -25, 16, -23] [6, 13, -10, -6] [-37, -4, 10, -7] [-29, 9, 16, 9] [35, 21, -1, -11] [-32, -23, 5, 3] [-16, 1, -2, 4]
[-16, 7, 20, 9] [5, 23, -5, -3] [-2, 0, 45, -12] [-81, 20, 48, 15] [-41, -47, -17, 40] [-17, -16, 7, 2] [-33, -18, -19, 4]
[2, 43, -5, -44] [11, 1, 27, -18] [-11, 47, 2, -100] [0, 0, 0, 0] [46, -107, 31, 5] [26, -2, -1, 13] [4, -3, 15, 3]
[-14, -32, -5, -3] [13, -3, -15, -7] [-4, -11, -50, -49] [52, 23, -110, 19] [10, -9, -24, 30] [-6, 24, 3, 25] [-39, -66, -14, 21]
[25, 31, 5, 2] [-16, 0, -11, -3] [29, -12, 21, -15] [-6, 13, -27, 15] [12, 0, -25, -5] [4, -4, -19, 0] [42, -5, 10, 7]
[-24, -12, 1, 9] [-9, -12, -49, -2] [-12, 4, 23, -4] [-2, 17, -42, -7] [47, 14, -6, 31] [49, -21, -46, 21] [-9, 19, 22, -2]
Food (up, right, down, left):
[10, 12, 5, 23] [-9, 21, 11, -17] [24, -21, 16, 13] [-14, -9, 53, 13] [-8, 5, 38, -16] [-7, -26, -19, -20] [-50, 19, 6, -11]
[-65, 2, -32, -27] [-6, 2, -27, -1] [8, 19, 21, 32] [-12, 26, -44, 20] [33, 4, -1, -39] [43, 7, -49, 19] [11, 2, 30, 22]
[-25, 2, 29, -48] [10, 5, -17, 26] [-57, -19, -24, 28] [40, -36, 36, 14] [-13, -6, -23, -23] [2, 11, -46, -26] [43, 25, 7, 22]
[11, 33, 11, 47] [-8, -6, -30, 39] [3, 3, -40, -21] [0, 0, 0, 0] [-15, 67, -33, -7] [-2, -21, -31, -10] [-11, 49, -22, 22]
[-1, 15, -13, 13] [10, 27, 10, 34] [18, -14, 40, 14] [-5, -43, 14, -22] [9, -3, 10, -26] [10, 47, 26, 22] [-12, -11, 13, -15]
[5, -29, -6, 3] [8, 6, 10, -1] [5, 14, 0, 34] [-33, -24, 44, -32] [-42, -35, 4, -57] [-17, 55, 18, 16] [-3, 40, 1, 31]
[5, 11, -28, -8] [6, 11, 12, -43] [20, 18, 15, -20] [-4, 10, 30, -53] [55, 28, -4, -15] [24, 33, 17, 0] [15, -14, 29, -29]
------------------------------
ALIVE
Head: (10 8)
Body: (10 8) (10 7) (11 7) (12 7) (13 7) (13 6) (13 5) (13 4) (13 3) (13 2) (14 2) (14 1) (13 1) (12 1) 
Length: 14, 4
Vision: 3
Hungry, suplies: 7/10
Reproductive: 16, mutating: 0.25
Generation: 46104
####################################
Wall (up, right, down, left):
[1, 3, 3, -16] [0, 5, 12, 2] [-37, 7, 13, -19] [3, 0, 25, 3] [-14, 7, 26, 1] [20, 1, -7, 3] [8, -18, -15, -18]
[-38, -25, 16, -23] [6, 13, -10, -6] [-37, -4, 10, -7] [-29, 9, 16, 9] [35, 21, -1, -6] [-32, -26, 5, 3] [-16, 1, -2, 4]
[-16, 7, 20, 9] [5, 23, -4, -3] [-2, 0, 45, -12] [-81, 20, 48, 15] [-44, -47, -17, 40] [-17, -16, 7, 2] [-33, -18, -19, 4]
[2, 43, -5, -44] [11, 1, 27, -18] [-11, 47, 2, -100] [0, 0, 0, 0] [46, -107, 31, 5] [26, -2, -1, 13] [4, -8, 15, 3]
[-14, -32, -5, -3] [13, -3, -15, -7] [-4, -11, -50, -46] [52, 23, -110, 19] [10, -9, -24, 30] [-6, 24, 3, 25] [-40, -66, -14, 21]
[25, 31, 5, 2] [-16, 0, -11, -3] [29, -12, 21, -11] [-6, 13, -27, 10] [12, 0, -25, -5] [4, -4, -19, 0] [42, -10, 10, 7]
[-24, -12, 1, 9] [-5, -12, -49, -2] [-12, 4, 23, -6] [-2, 17, -42, -7] [47, 14, -6, 31] [49, -21, -46, 21] [-9, 19, 22, -2]
Food (up, right, down, left):
[10, 12, 5, 23] [-9, 21, 11, -17] [24, -21, 16, 13] [-14, -8, 53, 13] [-8, 5, 38, -16] [-7, -26, -19, -20] [-44, 19, 6, -11]
[-65, 2, -32, -27] [-6, 2, -27, -1] [8, 19, 21, 32] [-12, 26, -44, 20] [33, 4, 2, -39] [43, 7, -50, 19] [11, 2, 30, 22]
[-25, 2, 29, -48] [10, 8, -17, 26] [-57, -19, -24, 28] [40, -36, 36, 14] [-13, -6, -23, -23] [2, 11, -46, -26] [43, 25, 7, 22]
[11, 33, 11, 47] [-8, -6, -30, 39] [3, 3, -40, -21] [0, 0, 0, 0] [-15, 67, -33, -7] [-2, -21, -31, -10] [-9, 49, -22, 22]
[-1, 15, -13, 13] [10, 27, 10, 34] [21, -14, 40, 14] [-5, -43, 14, -22] [9, -3, 10, -26] [10, 47, 26, 22] [-12, -11, 9, -15]
[5, -29, -6, 3] [8, 6, 10, -1] [5, 14, 5, 34] [-33, -24, 44, -37] [-42, -35, 4, -57] [-17, 55, 18, 16] [-8, 40, 1, 31]
[5, 11, -28, -8] [6, 11, 12, -48] [20, 16, 15, -20] [-4, 10, 30, -53] [55, 28, -4, -15] [24, 33, 17, 0] [15, -14, 29, -29]
------------------------------
ALIVE
Head: (6 6)
Body: (6 6) (6 7) (7 7) (7 6) (7 5) (7 4) (6 4) (6 3) (6 2) (6 1) (5 1) (4 1) 
Length: 12, 4
Vision: 3
Hungry, suplies: 8/10
Reproductive: 16, mutating: 0.25
Generation: 46108
####################################
Wall (up, right, down, left):
[0, 3, 3, -16] [0, 5, 12, 2] [-37, 7, 13, -19] [3, 0, 25, 3] [-14, 7, 26, 1] [20, 1, -7, 3] [8, -18, -12, -18]
[-38, -25, 16, -23] [6, 13, -10, -6] [-37, -4, 10, -7] [-29, 9, 16, 9] [35, 21, -6, -11] [-32, -26, 5, 3] [-16, 1, -2, 4]
[-16, 7, 20, 9] [5, 23, -5, -3] [-2, 0, 45, -12] [-81, 15, 46, 15] [-41, -47, -17, 40] [-17, -16, 7, 2] [-33, -18, -19, 4]
[2, 43, -5, -44] [11, 1, 24, -18] [-11, 47, 2, -100] [0, 0, 0, 0] [46, -107, 31, 5] [26, -2, -1, 13] [4, -3, 15, 3]
[-14, -32, -5, -3] [13, -3, -15, -7] [-4, -11, -50, -46] [52, 23, -110, 19] [10, -9, -28, 30] [-6, 24, 3, 25] [-39, -66, -14, 21]
[25, 31, 5, 2] [-16, 0, -11, -3] [29, -12, 21, -11] [-6, 13, -27, 10] [12, 0, -25, -5] [4, -4, -19, 0] [42, -5, 10, 7]
[-24, -12, 1, 9] [-5, -12, -49, -2] [-12, 4, 23, -6] [-2, 17, -42, -7] [47, 14, -6, 31] [49, -24, -46, 21] [-9, 19, 22, -2]
Food (up, right, down, left):
[5, 12, 5, 23] [-9, 21, 11, -17] [24, -21, 16, 13] [-14, -8, 53, 13] [-8, 5, 38, -16] [-7, -26, -19, -20] [-45, 19, 6, -11]
[-65, 2, -32, -27] [-6, 2, -27, -1] [8, 19, 21, 32] [-12, 26, -44, 20] [33, 4, -1, -42] [43, 7, -50, 19] [11, 2, 30, 22]
[-25, 2, 29, -48] [10, 5, -17, 26] [-57, -19, -24, 28] [40, -39, 36, 11] [-13, -6, -23, -23] [2, 11, -46, -26] [43, 25, 7, 22]
[11, 33, 11, 47] [-8, -6, -35, 39] [3, 3, -40, -21] [0, 0, 0, 0] [-15, 67, -33, -7] [-2, -21, -31, -10] [-11, 49, -22, 22]
[-1, 15, -13, 13] [10, 27, 10, 34] [21, -14, 40, 14] [-5, -43, 14, -22] [10, -3, 10, -26] [10, 47, 26, 22] [-12, -11, 13, -15]
[5, -29, -6, 3] [8, 6, 10, -1] [5, 14, 5, 34] [-33, -24, 44, -37] [-42, -35, 4, -57] [-17, 55, 18, 16] [-3, 40, 1, 31]
[5, 11, -28, -8] [6, 11, 12, -48] [20, 16, 15, -20] [-4, 10, 30, -53] [55, 28, -4, -15] [20, 33, 19, 0] [15, -14, 29, -29]
------------------------------
ALIVE
Head: (3 55)
Body: (3 55) (4 55) (4 54) (4 53) (4 52) (4 51) (4 50) (4 49) (4 48) 
Length: 9, 4
Vision: 3
Hungry, suplies: 8/10
Reproductive: 16, mutating: 0.25
Generation: 46106
####################################
Wall (up, right, down, left):
[1, 3, 3, -16] [0, 5, 12, 2] [-37, 7, 13, -19] [3, 0, 25, 3] [-14, 7, 26, 1] [18, 1, -7, 3] [8, -18, -12, -18]
[-38, -25, 16, -23] [6, 13, -10, -6] [-37, -4, 10, -7] [-29, 9, 16, 9] [35, 21, -1, -11] [-32, -26, 5, 3] [-16, 1, -2, 4]
[-16, 7, 20, 9] [5, 23, -5, -3] [-2, 0, 45, -12] [-81, 20, 48, 15] [-44, -47, -17, 40] [-17, -16, 7, 2] [-33, -18, -19, 4]
[2, 43, -5, -44] [11, 1, 27, -18] [-11, 47, 2, -100] [0, 0, 0, 0] [46, -107, 31, 5] [26, -2, -1, 13] [4, -3, 15, 3]
[-14, -32, -5, -3] [13, -3, -15, -7] [-4, -11, -50, -46] [52, 23, -110, 19] [10, -9, -24, 30] [-6, 24, 3, 25] [-40, -66, -14, 21]
[25, 31, 5, 2] [-16, 0, -11, -3] [29, -12, 21, -11] [-6, 13, -27, 10] [12, 0, -25, -5] [4, -4, -19, 0] [42, -5, 10, 6]
[-24, -12, 1, 9] [-5, -12, -49, -2] [-12, 4, 23, -6] [-2, 17, -42, -7] [47, 14, -6, 31] [49, -21, -46, 21] [-9, 19, 22, -2]
Food (up, right, down, left):
[10, 12, 5, 23] [-9, 21, 11, -17] [24, -21, 16, 13] [-14, -8, 53, 13] [-8, 5, 38, -16] [-7, -26, -19, -23] [-45, 19, 6, -11]
[-65, 2, -32, -27] [-6, 2, -27, -1] [8, 19, 21, 32] [-12, 26, -44, 20] [33, 4, -1, -39] [43, 7, -50, 19] [11, 2, 30, 22]
[-25, 2, 29, -48] [10, 5, -17, 26] [-57, -19, -24, 28] [40, -36, 36, 14] [-13, -6, -23, -23] [2, 11, -46, -26] [43, 25, 7, 22]
[11, 33, 11, 47] [-8, -6, -30, 39] [3, 3, -40, -21] [0, 0, 0, 0] [-15, 67, -33, -7] [-2, -21, -31, -10] [-11, 49, -22, 22]
[-1, 15, -13, 13] [10, 27, 10, 34] [21, -14, 40, 14] [-5, -43, 14, -22] [9, -3, 10, -26] [10, 47, 26, 22] [-12, -11, 9, -15]
[5, -29, -6, 3] [8, 6, 10, -1] [5, 14, 5, 34] [-33, -24, 44, -37] [-42, -35, 4, -57] [-17, 55, 18, 16] [-3, 40, -4, 31]
[5, 11, -28, -8] [6, 11, 12, -48] [20, 16, 15, -20] [-4, 10, 30, -53] [55, 28, -4, -15] [24, 33, 17, 0] [15, -14, 29, -29]
------------------------------
ALIVE
Head: (21 12)
Body: (21 12) (21 11) (21 10) (21 9) (21 8) (21 7) (21 6) (21 5) (21 4) (22 4) (23 4) 
Length: 11, 4
Vision: 3
Hungry, suplies: 10/10
Reproductive: 16, mutating: 0.25
Generation: 46107
####################################
Wall (up, right, down, left):
[1, 3, 3, -16] [0, 5, 12, 2] [-37, 7, 13, -19] [3, 3, 25, 3] [-14, 7, 26, 1] [20, 1, -7, 3] [8, -18, -12, -18]
[-38, -25, 16, -23] [6, 13, -10, -6] [-37, -4, 10, -7] [-29, 9, 16, 9] [35, 21, -1, -11] [-32, -23, 5, 3] [-16, 1, -2, 4]
[-16, 7, 20, 9] [5, 23, -5, -3] [-2, 0, 45, -12] [-81, 20, 48, 15] [-41, -47, -17, 40] [-17, -16, 7, 2] [-33, -18, -19, 4]
[2, 43, -5, -44] [11, 1, 27, -18] [-11, 47, 2, -100] [0, 0, 0, 0] [46, -107, 31, 5] [26, -2, -1, 13] [4, -3, 15, 3]
[-14, -32, -5, -3] [13, -3, -15, -7] [-4, -11, -50, -49] [52, 23, -110, 19] [10, -9, -24, 30] [-6, 24, 3, 25] [-39, -66, -14, 21]
[25, 31, 5, 2] [-16, 0, -11, -3] [29, -12, 21, -15] [-6, 13, -27, 15] [12, 0, -25, -5] [4, -4, -19, 0] [42, -10, 10, 7]
[-24, -12, 1, 9] [-5, -12, -49, -2] [-12, 4, 23, -4] [-2, 17, -42, -7] [47, 14, -6, 31] [49, -26, -46, 21] [-9, 19, 22, -2]
Food (up, right, down, left):
[10, 12, 5, 23] [-9, 21, 11, -17] [24, -21, 16, 13] [-14, -9, 53, 13] [-8, 5, 38, -16] [-7, -26, -18, -20] [-45, 19, 6, -11]
[-65, 2, -32, -27] [-6, 2, -27, -1] [8, 19, 21, 32] [-12, 26, -44, 20] [33, 4, -1, -39] [43, 7, -49, 19] [11, 2, 30, 22]
[-25, 2, 29, -48] [10, 5, -17, 26] [-57, -19, -24, 28] [40, -36, 36, 14] [-13, -6, -23, -23] [2, 11, -46, -26] [43, 25, 7, 22]
[11, 33, 11, 47] [-8, -6, -30, 39] [3, 3, -40, -21] [0, 0, 0, 0] [-15, 67, -33, -7] [-2, -21, -31, -10] [-11, 49, -22, 22]
[-1, 15, -13, 13] [10, 27, 10, 34] [18, -14, 40, 14] [-5, -43, 14, -22] [9, -3, 10, -26] [10, 47, 26, 22] [-12, -11, 13, -15]
[5, -29, -6, 3] [8, 6, 10, -1] [5, 14, 0, 34] [-33, -24, 44, -32] [-42, -35, 4, -57] [-17, 55, 18, 16] [1, 40, 1, 31]
[5, 11, -28, -8] [6, 11, 12, -48] [20, 18, 15, -20] [-4, 10, 30, -53] [55, 28, -4, -15] [24, 29, 17, 0] [15, -14, 29, -29]
------------------------------
ALIVE
Head: (20 32)
Body: (20 32) (20 31) (21 31) (21 32) (21 33) (22 33) (23 33) (24 33) 
Length: 8, 4
Vision: 3
Hungry, suplies: 8/10
Reproductive: 16, mutating: 0.25
Generation: 46105
####################################
Wall (up, right, down, left):
[1, 3, 3, -19] [0, 5, 12, 2] [-37, 7, 13, -19] [3, 3, 25, 3] [-14, 7, 26, 1] [20, 1, -7, 3] [8, -18, -12, -18]
[-38, -25, 16, -23] [6, 13, -10, -6] [-37, -4, 10, -7] [-29, 9, 16, 9] [35, 21, -1, -11] [-32, -26, 5, 3] [-16, 1, -2, 4]
[-16, 7, 20, 9] [5, 23, -5, -3] [-2, 0, 45, -12] [-81, 20, 48, 15] [-41, -47, -17, 40] [-17, -16, 7, 2] [-33, -18, -19, 4]
[2, 43, -5, -44] [11, 1, 27, -18] [-11, 47, 2, -100] [0, 0, 0, 0] [46, -107, 31, 5] [26, -2, -1, 13] [4, -3, 15, 3]
[-14, -32, -5, -3] [13, -3, -15, -7] [-4, -11, -50, -46] [52, 23, -110, 19] [10, -9, -24, 30] [-6, 29, 3, 25] [-39, -66, -14, 21]
[25, 31, 5, 2] [-16, 0, -11, -3] [29, -12, 21, -15] [-6, 13, -27, 15] [12, 0, -25, -5] [4, -4, -19, 0] [42, -5, 10, 7]
[-24, -12, 1, 9] [-5, -12, -49, -2] [-12, 4, 23, -4] [-2, 17, -42, -7] [47, 14, -6, 31] [49, -21, -46, 21] [-9, 19, 22, -2]
Food (up, right, down, left):
[10, 17, 5, 23] [-9, 21, 11, -17] [24, -21, 16, 13] [-14, -9, 53, 13] [-8, 5, 38, -16] [-7, -26, -19, -20] [-45, 19, 6, -11]
[-65, 2, -32, -27] [-6, 2, -27, -1] [8, 19, 21, 32] [-12, 26, -44, 20] [33, 4, -1, -39] [43, 7, -50, 19] [11, 2, 30, 22]
[-25, 2, 29, -48] [10, 5, -17, 26] [-57, -19, -24, 28] [40, -36, 36, 14] [-13, -6, -23, -23] [2, 11, -46, -26] [43, 25, 7, 22]
[11, 33, 11, 47] [-8, -6, -30, 39] [3, 3, -40, -21] [0, 0, 0, 0] [-15, 67, -33, -7] [-2, -21, -31, -10] [-11, 49, -22, 22]
[-1, 15, -13, 13] [10, 27, 10, 34] [21, -14, 40, 14] [-5, -43, 14, -22] [9, -3, 10, -26] [10, 47, 27, 22] [-12, -11, 13, -15]
[5, -29, -6, 3] [8, 6, 10, -1] [5, 14, 0, 34] [-33, -24, 44, -32] [-42, -35, 4, -57] [-17, 55, 18, 16] [-3, 40, 1, 31]
[5, 11, -28, -8] [6, 11, 12, -48] [20, 18, 15, -20] [-4, 10, 30, -53] [55, 28, -4, -15] [24, 33, 17, 0] [15, -14, 29, -29]
------------------------------
ALIVE
Head: (11 10)
Body: (11 10) (11 11) (11 12) (12 12) (13 12) (14 12) (14 13) (14 14) 
Length: 8, 4
Vision: 3
Hungry, suplies: 9/10
Reproductive: 16, mutating: 0.25
Generation: 46101
####################################
Wall (up, right, down, left):
[1, 3, 3, -19] [0, 5, 12, 2] [-37, 7, 13, -19] [3, 3, 25, 3] [-14, 7, 26, 1] [20, 1, -7, 3] [8, -18, -12, -18]
[-38, -25, 16, -23] [6, 13, -10, -6] [-37, -4, 10, -7] [-29, 9, 16, 9] [35, 21, -1, -11] [-32, -26, 5, 3] [-16, 1, -2, 4]
[-16, 7, 20, 9] [5, 23, -5, -3] [-2, 0, 45, -12] [-81, 20, 48, 15] [-41, -47, -17, 40] [-17, -16, 7, 2] [-33, -18, -19, 4]
[2, 43, -5, -44] [11, 1, 27, -18] [-11, 47, 2, -100] [0, 0, 0, 0] [46, -107, 31, 5] [26, -2, -1, 13] [4, -3, 15, 3]
[-13, -32, -5, -3] [13, -3, -15, -7] [-4, -11, -50, -46] [52, 23, -110, 19] [10, -9, -24, 30] [-6, 29, 3, 25] [-39, -66, -14, 21]
[25, 31, 5, 2] [-16, 0, -11, -3] [29, -12, 21, -15] [-6, 13, -27, 15] [12, 0, -25, -5] [4, -4, -19, 0] [42, -5, 10, 7]
[-24, -12, 1, 9] [-5, -12, -49, -2] [-12, 4, 23, -4] [-2, 17, -42, -7] [47, 14, -6, 31] [49, -21, -46, 21] [-9, 19, 22, -2]
Food (up, right, down, left):
[10, 17, 5, 23] [-9, 21, 11, -17] [24, -21, 16, 13] [-14, -9, 53, 13] [-8, 5, 38, -16] [-7, -26, -19, -20] [-45, 19, 6, -11]
[-65, 2, -32, -27] [-6, 2, -27, -1] [8, 19, 21, 32] [-12, 26, -44, 20] [33, 4, -1, -39] [43, 7, -50, 19] [11, 2, 30, 22]
[-25, 2, 29, -48] [10, 5, -17, 26] [-57, -19, -24, 28] [40, -36, 36, 14] [-13, -6, -23, -23] [2, 11, -46, -26] [43, 25, 7, 22]
[11, 33, 11, 47] [-8, -6, -30, 39] [3, 3, -40, -21] [0, 0, 0, 0] [-15, 67, -33, -7] [-2, -21, -31, -10] [-11, 49, -22, 22]
[-1, 15, -18, 13] [10, 27, 10, 34] [21, -14, 40, 14] [-5, -43, 14, -22] [9, -3, 10, -26] [10, 47, 27, 22] [-12, -11, 13, -15]
[5, -29, -6, 3] [8, 6, 10, -1] [5, 14, 0, 34] [-33, -24, 44, -32] [-42, -35, 4, -57] [-17, 55, 18, 16] [-3, 40, 1, 31]
[5, 11, -28, -8] [6, 11, 12, -48] [20, 18, 15, -20] [-4, 10, 30, -53] [55, 28, -4, -15] [24, 33, 17, 0] [15, -14, 29, -29]
------------------------------
ALIVE
Head: (5 31)
Body: (5 31) (4 31) (3 31) (2 31) (1 31) (1 32) (1 33) (1 34) 
Length: 8, 4
Vision: 3
Hungry, suplies: 9/10
Reproductive: 16, mutating: 0.25
Generation: 46102
####################################
