Wall (up, right, down, left):
[-3, -4, 4, -8] [-4, 2, 13, -14] [-23, -1, -12, -25] [8, 0, 15, -1] [-9, 7, 29, -2] [17, 1, -19, -24] [3, -25, 2, -6]
[-33, 1, 9, -19] [2, 19, -8, 0] [-31, 0, 15, -4] [-39, 18, 34, 14] [30, 28, 3, 4] [-35, -20, 9, -19] [-30, 9, -4, 10]
[-11, 12, 34, 28] [-5, 18, -17, -9] [-1, -4, 46, -18] [-98, 20, 69, 6] [-49, -48, -16, 35] [-24, -27, -12, 11] [-15, -18, -19, -4]
[-2, 50, -13, -38] [10, -6, 45, -35] [8, 35, 7, -112] [0, 0, 0, 0] [48, -111, 19, 22] [21, -4, -8, 12] [10, 10, 25, -5]
[-6, -37, 15, 1] [16, -10, -19, -29] [-14, -15, -42, -43] [52, 13, -135, 20] [12, 0, -40, 56] [10, 16, -1, 12] [-26, -72, -19, 36]
[27, 22, 5, 6] [-32, 12, -12, 5] [39, -4, 22, -5] [-3, 2, -24, -3] [-3, -7, -38, -22] [3, -10, -17, 10] [37, 11, 22, -7]
[-15, -1, 20, -9] [7, -13, -56, -17] [-10, 6, 24, 12] [-28, 21, -53, -16] [35, 9, -14, 31] [34, -6, -42, 34] [2, -8, 25, -7]
Food (up, right, down, left):
[9, 15, 0, 28] [-15, 30, 4, -27] [14, -20, 4, 7] [-22, 1, 54, 5] [4, -15, 47, -11] [-2, -31, -18, -32] [-55, 21, 9, -14]
[-77, 9, -45, 3] [2, -6, -29, -1] [-1, 8, 21, 29] [-31, 13, -66, 33] [11, 16, -2, -52] [39, -3, -55, 29] [10, -3, 26, 32]
[-35, 3, 35, -39] [14, -2, -24, 35] [-36, -35, -30, 25] [50, -30, 32, 27] [-15, -12, -11, -26] [-1, 25, -38, -31] [63, 35, 25, 16]
[3, 26, -15, 43] [-26, -9, -28, 37] [-6, 1, -39, -12] [0, 0, 0, 0] [-13, 58, -46, -6] [18, -21, -39, -24] [-25, 56, -22, 5]
[9, 21, -14, 16] [11, 13, 5, 33] [21, -12, 38, 30] [-10, -49, 32, -4] [9, 17, 22, -9] [10, 56, 18, 13] [-7, -30, -2, -9]
[12, -30, -24, 7] [6, 12, 15, -32] [23, 2, 21, 31] [-36, -32, 61, -16] [-50, -42, 12, -65] [-30, 75, 24, 28] [1, 45, 22, 32]
[20, 0, -33, -20] [-9, -6, 24, -70] [40, 22, -7, -6] [-10, 2, -5, -34] [64, 41, 6, -25] [4, 38, 4, 6] [9, -22, 16, -14]
------------------------------
ALIVE
Head: (17 16)
Body: (17 16) (17 15) (16 15) (15 15) (14 15) (14 14) (13 14) (13 13) (13 12) (14 12) (15 12) (15 13) 
Length: 12, 4
Vision: 3
Hungry, suplies: 9/10
Reproductive: 16, mutating: 0.25
Generation: 56468
####################################
Wall (up, right, down, left):
[-3, -4, 4, -8] [-4, 2, 13, -14] [-23, -1, -12, -26] [8, 0, 15, -1] [-9, 7, 29, -2] [17, 1, -19, -24] [3, -25, 2, -6]
[-33, 1, 9, -19] [2, 19, -8, 0] [-31, 0, 15, -4] [-39, 18, 34, 14] [30, 28, 3, 4] [-35, -20, 9, -19] [-30, 9, -4, 10]
[-11, 12, 34, 28] [-5, 18, -17, -9] [-1, -4, 46, -18] [-98, 20, 69, 6] [-49, -48, -16, 35] [-24, -27, -12, 11] [-15, -18, -19, -4]
[-2, 50, -13, -38] [10, -6, 45, -35] [8, 35, 7, -112] [0, 0, 0, 0] [48, -111, 19, 22] [21, -4, -8, 12] [10, 10, 25, -5]
[-6, -37, 15, 1] [16, -10, -19, -29] [-14, -15, -42, -43] [52, 13, -135, 20] [12, 0, -40, 56] [10, 16, -1, 12] [-26, -72, -19, 36]
[27, 22, 5, 10] [-32, 12, -12, 5] [39, -4, 22, -5] [-3, 2, -24, -3] [-3, -7, -38, -23] [3, -10, -17, 10] [37, 11, 22, -7]
[-15, -1, 20, -9] [7, -13, -56, -17] [-10, 6, 24, 12] [-28, 21, -53, -16] [35, 9, -14, 31] [34, -6, -42, 34] [2, -8, 25, -7]
Food (up, right, down, left):
[9, 15, 0, 28] [-15, 30, 4, -27] [14, -20, 4, 8] [-22, 1, 54, 5] [4, -15, 47, -11] [-2, -31, -18, -32] [-55, 21, 9, -14]
[-77, 9, -45, 3] [2, -6, -29, -1] [-1, 8, 21, 29] [-31, 13, -66, 33] [11, 16, -2, -52] [39, -3, -55, 29] [10, -3, 26, 32]
[-35, 3, 35, -39] [14, -2, -24, 35] [-36, -35, -30, 25] [50, -30, 32, 27] [-15, -12, -11, -26] [-1, 25, -38, -31] [63, 35, 25, 16]
[3, 26, -15, 43] [-26, -9, -28, 37] [-6, 1, -39, -12] [0, 0, 0, 0] [-13, 58, -46, -6] [18, -21, -39, -24] [-25, 56, -22, 5]
[9, 21, -14, 16] [11, 13, 5, 33] [21, -12, 38, 30] [-10, -49, 32, -4] [9, 17, 22, -9] [10, 56, 18, 13] [-7, -30, -2, -9]
[12, -30, -24, 3] [6, 12, 15, -32] [23, 2, 21, 31] [-36, -32, 61, -16] [-50, -42, 8, -65] [-30, 75, 24, 28] [1, 45, 22, 32]
[20, 0, -33, -20] [-9, -6, 24, -70] [40, 22, -7, -6] [-10, 2, -5, -34] [64, 41, 6, -25] [4, 38, 4, 6] [9, -22, 16, -14]
------------------------------
ALIVE
Head: (22 45)
Body: (22 45) (22 44) (21 44) (20 44) (19 44) (18 44) (17 44) (17 43) 
Length: 8, 4
Vision: 3
Hungry, suplies: 10/10
Reproductive: 16, mutating: 0.25
Generation: 56464
####################################
Wall (up, right, down, left):
[-3, -4, 4, -8] [-4, 2, 13, -14] [-23, -1, -12, -25] [8, 0, 15, -1] [-9, 7, 29, -2] [17, 1, -19, -24] [3, -25, 2, -6]
[-33, 1, 9, -19] [6, 19, -8, 0] [-31, 0, 15, -4] [-39, 18, 34, 14] [30, 28, 3, 4] [-35, -20, 9, -19] [-30, 9, -4, 10]
[-11, 12, 34, 28] [-5, 18, -17, -9] [-1, -4, 46, -18] [-98, 20, 69, 6] [-49, -48, -16, 35] [-24, -27, -12, 11] [-15, -18, -19, -4]
[-2, 50, -13, -38] [10, -6, 45, -35] [8, 35, 7, -111] [0, 0, 0, 0] [48, -111, 19, 22] [21, -4, -8, 16] [10, 10, 25, -5]
[-2, -37, 15, 1] [16, -10, -19, -29] [-14, -15, -42, -43] [52, 13, -135, 20] [12, 0, -40, 56] [10, 16, -1, 12] [-26, -72, -19, 36]
[26, 22, 5, 6] [-32, 12, -12, 1] [39, -6, 22, -5] [-3, 2, -24, -3] [-3, -7, -38, -22] [3, -10, -14, 10] [37, 14, 22, -7]
[-15, -1, 20, -9] [7, -13, -56, -17] [-10, 6, 24, 12] [-28, 21, -53, -16] [35, 9, -14, 32] [34, -6, -42, 34] [2, -8, 25, -11]
Food (up, right, down, left):
[9, 15, 0, 28] [-15, 30, 4, -27] [14, -20, 4, 7] [-22, 1, 54, 5] [4, -15, 47, -11] [-2, -31, -18, -32] [-55, 21, 9, -14]
[-77, 9, -45, 3] [2, -6, -34, -1] [-1, 8, 21, 29] [-31, 13, -66, 33] [11, 16, -2, -52] [40, -3, -55, 29] [10, -3, 26, 32]
[-35, 3, 35, -39] [14, -2, -24, 35] [-36, -35, -30, 25] [50, -30, 32, 27] [-15, -12, -11, -26] [-1, 25, -38, -31] [63, 35, 25, 16]
[3, 26, -15, 43] [-26, -9, -28, 37] [-6, 1, -39, -7] [0, 0, 0, 0] [-13, 58, -46, -6] [18, -17, -39, -24] [-25, 56, -22, 5]
[8, 21, -14, 16] [11, 13, 5, 33] [21, -12, 38, 30] [-10, -49, 32, -4] [9, 17, 22, -9] [10, 56, 18, 13] [-7, -30, -2, -9]
[9, -30, -24, 7] [6, 12, 15, -35] [23, 4, 21, 31] [-36, -32, 61, -16] [-50, -42, 12, -65] [-35, 75, 24, 28] [1, 45, 22, 32]
[20, 0, -33, -20] [-9, -6, 24, -70] [40, 22, -7, -6] [-10, 2, -5, -34] [63, 41, 6, -25] [4, 38, 4, 6] [9, -22, 16, -15]
------------------------------
ALIVE
Head: (14 23)
Body: (14 23) (13 23) (12 23) (12 22) (11 22) (10 22) (9 22) (8 22) 
Length: 8, 4
Vision: 3
Hungry, suplies: 8/10
Reproductive: 16, mutating: 0.25
Generation: 56467
####################################
Wall (up, right, down, left):
[-3, -4, 4, -8] [-4, 2, 13, -14] [-23, -1, -12, -25] [8, 0, 15, -1] [-9, 7, 29, -2] [17, 1, -19, -24] [3, -25, 2, -6]
[-33, 1, 9, -19] [2, 19, -8, 0] [-31, 0, 15, -4] [-39, 18, 34, 14] [30, 28, 3, 4] [-35, -20, 9, -19] [-30, 9, -4, 10]
[-11, 12, 34, 28] [-5, 18, -17, -9] [-1, -4, 46, -18] [-98, 20, 69, 6] [-49, -48, -16, 35] [-24, -27, -12, 11] [-15, -18, -19, -4]
[-2, 50, -13, -38] [10, -6, 45, -35] [8, 35, 7, -112] [0, 0, 0, 0] [48, -111, 19, 22] [21, -4, -8, 12] [10, 10, 25, -5]
[-6, -37, 15, 1] [16, -10, -19, -29] [-14, -15, -42, -43] [52, 13, -135, 20] [12, 0, -40, 56] [10, 16, -1, 12] [-26, -72, -19, 36]
[27, 22, 5, 6] [-32, 12, -12, 5] [39, -4, 22, -5] [-3, -1, -24, -3] [-3, -7, -38, -22] [3, -10, -17, 10] [37, 11, 22, -7]
[-15, -1, 20, -9] [7, -13, -56, -17] [-10, 6, 24, 12] [-28, 21, -53, -16] [35, 9, -14, 31] [34, -6, -42, 34] [2, -8, 25, -7]
Food (up, right, down, left):
[9, 15, 0, 28] [-15, 30, 4, -27] [14, -20, 4, 7] [-22, 1, 54, 5] [4, -15, 47, -11] [-2, -31, -18, -32] [-55, 21, 9, -14]
[-77, 9, -45, 3] [2, -6, -29, -1] [-1, 8, 21, 29] [-31, 13, -66, 33] [11, 16, -2, -52] [39, -3, -55, 29] [10, -3, 26, 32]
[-35, 3, 35, -39] [14, -2, -24, 35] [-36, -35, -30, 25] [50, -30, 32, 27] [-15, -12, -11, -26] [-1, 25, -38, -31] [63, 35, 25, 16]
[3, 26, -15, 43] [-26, -9, -28, 37] [-6, 1, -39, -12] [0, 0, 0, 0] [-13, 58, -46, -6] [18, -21, -39, -24] [-25, 56, -22, 5]
[9, 21, -14, 16] [11, 13, 5, 33] [21, -12, 38, 30] [-10, -49, 32, -4] [9, 17, 22, -9] [10, 56, 18, 13] [-7, -30, -2, -9]
[12, -30, -24, 7] [6, 12, 15, -32] [23, 2, 21, 31] [-36, -33, 61, -16] [-50, -42, 12, -65] [-30, 75, 24, 28] [1, 45, 22, 32]
[20, 0, -33, -20] [-9, -6, 24, -70] [40, 22, -7, -6] [-10, 2, -5, -34] [64, 41, 6, -25] [4, 38, 4, 6] [9, -22, 16, -14]
------------------------------
ALIVE
Head: (3 37)
Body: (3 37) (3 36) (2 36) (2 35) (2 34) (1 34) (25 34) (24 34) 
Length: 8, 4
Vision: 3
Hungry, suplies: 1/10
Reproductive: 16, mutating: 0.25
Generation: 56461
####################################
Wall (up, right, down, left):
[-3, -4, 4, -8] [-4, 2, 13, -14] [-23, -1, -12, -25] [8, 0, 15, -1] [-9, 7, 29, -2] [17, 1, -19, -24] [3, -25, 2, -6]
[-33, 1, 7, -19] [2, 19, -8, 0] [-31, 0, 15, -4] [-39, 18, 34, 14] [30, 28, 3, 4] [-35, -20, 9, -19] [-30, 9, -4, 10]
[-11, 12, 34, 28] [-5, 18, -17, -9] [-1, -4, 46, -18] [-98, 20, 69, 6] [-49, -48, -16, 35] [-24, -27, -12, 11] [-15, -18, -19, -7]
[-2, 50, -13, -38] [10, -6, 45, -35] [8, 35, 7, -112] [0, 0, 0, 0] [48, -111, 19, 22] [21, -4, -8, 12] [10, 10, 25, -5]
[-6, -37, 15, 1] [16, -10, -19, -26] [-14, -15, -42, -43] [52, 13, -135, 20] [12, 0, -40, 56] [10, 16, -1, 12] [-26, -72, -19, 36]
[27, 22, 5, 6] [-32, 12, -12, 5] [39, -4, 22, -5] [-3, 2, -24, -3] [-3, -7, -38, -22] [3, -10, -17, 10] [37, 11, 22, -7]
[-15, -1, 20, -9] [7, -13, -56, -17] [-10, 6, 24, 12] [-28, 21, -53, -16] [35, 9, -14, 31] [34, -6, -42, 34] [2, -8, 25, -7]
Food (up, right, down, left):
[9, 15, 0, 28] [-15, 30, 4, -27] [14, -20, 4, 7] [-22, 1, 54, 5] [4, -15, 47, -11] [-2, -31, -18, -32] [-55, 21, 9, -14]
[-77, 10, -45, 3] [2, -6, -29, -1] [-1, 8, 21, 29] [-31, 13, -66, 33] [11, 16, -2, -52] [39, -3, -55, 29] [10, -3, 26, 32]
[-35, 3, 35, -39] [14, -2, -24, 35] [-36, -35, -30, 25] [50, -30, 32, 27] [-15, -12, -11, -26] [-1, 25, -38, -31] [63, 35, 25, 16]
[3, 26, -15, 43] [-26, -9, -28, 37] [-6, 1, -39, -12] [0, 0, 0, 0] [-13, 58, -46, -6] [18, -21, -39, -24] [-25, 56, -22, 5]
[9, 21, -14, 16] [11, 10, 5, 33] [21, -12, 38, 30] [-10, -49, 32, -4] [9, 17, 22, -9] [10, 56, 18, 13] [-7, -30, -2, -9]
[12, -30, -24, 7] [6, 12, 15, -32] [23, 2, 21, 31] [-36, -32, 61, -16] [-50, -42, 12, -65] [-30, 75, 24, 28] [1, 45, 22, 32]
[20, 0, -33, -20] [-9, -6, 24, -70] [40, 22, -7, -6] [-10, 2, -5, -34] [64, 41, 6, -25] [4, 38, 4, 6] [9, -22, 16, -14]
------------------------------
ALIVE
Head: (18 25)
Body: (18 25) (17 25) (16 25) (16 24) (15 24) (15 23) (15 22) (14 22) (13 22) (13 21) (12 21) (11 21) (10 21) (10 20) (10 19) 
Length: 15, 4
Vision: 3
Hungry, suplies: 7/10
Reproductive: 16, mutating: 0.25
Generation: 56463
####################################
Wall (up, right, down, left):
[-3, -4, 4, -8] [-4, 2, 13, -14] [-23, -1, -12, -25] [8, 0, 15, -1] [-9, 7, 31, -2] [17, 1, -19, -24] [3, -25, 2, -6]
[-33, 1, 9, -19] [2, 19, -8, 0] [-31, 0, 15, -4] [-39, 18, 34, 14] [30, 28, 3, 4] [-35, -20, 9, -19] [-30, 9, -4, 10]
[-11, 12, 34, 28] [-5, 18, -17, -9] [-1, -4, 46, -18] [-98, 20, 69, 6] [-49, -48, -16, 35] [-24, -27, -12, 11] [-15, -18, -19, -4]
[-2, 50, -13, -38] [10, -6, 45, -35] [8, 35, 7, -111] [0, 0, 0, 0] [48, -111, 19, 22] [21, -4, -8, 16] [10, 10, 25, -5]
[-2, -37, 15, 1] [16, -10, -19, -29] [-14, -15, -42, -43] [52, 13, -135, 20] [12, 0, -40, 56] [10, 16, -1, 12] [-26, -72, -19, 36]
[26, 22, 5, 6] [-32, 12, -12, 1] [39, -4, 22, -5] [-3, 2, -24, -3] [-3, -7, -38, -22] [3, -10, -14, 10] [37, 14, 22, -7]
[-15, -1, 20, -9] [7, -13, -56, -17] [-10, 6, 24, 12] [-28, 21, -53, -16] [35, 9, -14, 31] [34, -6, -42, 34] [2, -8, 25, -11]
Food (up, right, down, left):
[9, 15, 0, 28] [-15, 30, 4, -27] [14, -20, 4, 7] [-22, 1, 54, 5] [4, -10, 47, -11] [-2, -31, -18, -32] [-55, 21, 9, -14]
[-77, 9, -45, 3] [2, -6, -29, -1] [-1, 8, 21, 29] [-31, 13, -66, 33] [11, 16, -2, -52] [40, -3, -55, 29] [10, -3, 26, 32]
[-35, 3, 35, -39] [14, -2, -24, 35] [-36, -35, -30, 25] [50, -30, 32, 27] [-15, -12, -11, -26] [-1, 25, -38, -31] [63, 35, 25, 16]
[3, 26, -15, 43] [-26, -9, -28, 37] [-6, 1, -39, -7] [0, 0, 0, 0] [-13, 58, -46, -6] [18, -17, -39, -24] [-25, 56, -22, 5]
[8, 21, -14, 16] [11, 13, 5, 33] [21, -12, 38, 30] [-10, -49, 32, -4] [9, 17, 22, -9] [10, 56, 18, 13] [-7, -30, -2, -9]
[9, -30, -24, 7] [6, 12, 15, -35] [23, 2, 21, 31] [-36, -32, 61, -16] [-50, -42, 12, -65] [-35, 75, 24, 28] [1, 45, 22, 32]
[20, 0, -33, -20] [-9, -6, 24, -70] [40, 22, -7, -6] [-10, 2, -5, -34] [64, 41, 6, -25] [4, 38, 4, 6] [9, -22, 16, -15]
------------------------------
DEAD: Wall
Head: (6 44)
Body: (6 44) (5 44) (4 44) (4 45) (4 46) (3 46) (2 46) (1 46) (0 46) (0 45) (0 44) (0 43) 
Length: 12, 4
Vision: 3
Hungry, suplies: 10/10
Reproductive: 16, mutating: 0.25
Generation: 56467
####################################
Wall (up, right, down, left):
[-3, -4, 4, -8] [-4, 2, 13, -14] [-23, -1, -12, -25] [8, 0, 15, -1] [-9, 7, 29, -2] [17, 1, -19, -24] [3, -25, 2, -6]
[-33, 1, 9, -19] [2, 19, -8, 0] [-31, 0, 15, -4] [-39, 18, 34, 14] [30, 28, 3, 4] [-35, -20, 9, -19] [-30, 9, -4, 10]
[-11, 12, 34, 28] [-5, 18, -17, -9] [-1, -4, 46, -18] [-98, 20, 69, 6] [-49, -48, -16, 35] [-24, -27, -12, 11] [-15, -18, -19, -5]
[-2, 50, -13, -38] [10, -6, 45, -35] [8, 35, 7, -111] [0, 0, 0, 0] [48, -111, 19, 22] [21, -4, -8, 16] [10, 10, 25, -5]
[-2, -37, 15, 1] [16, -10, -19, -29] [-14, -15, -42, -43] [52, 13, -135, 20] [12, 0, -40, 56] [10, 16, -1, 12] [-26, -72, -19, 36]
[26, 22, 5, 6] [-32, 12, -12, 1] [39, -4, 22, -5] [-3, 2, -24, -3] [-3, -7, -38, -22] [3, -10, -17, 10] [37, 14, 22, -7]
[-15, 0, 20, -9] [7, -13, -56, -17] [-10, 6, 24, 12] [-28, 21, -53, -16] [35, 9, -14, 31] [34, -6, -42, 34] [2, -8, 25, -11]
Food (up, right, down, left):
[9, 15, 0, 28] [-15, 30, 4, -27] [14, -20, 4, 7] [-22, 1, 54, 5] [4, -15, 47, -11] [-2, -31, -18, -32] [-55, 21, 9, -14]
[-77, 9, -45, 3] [2, -6, -29, -1] [-1, 8, 21, 29] [-31, 13, -66, 33] [11, 16, -2, -52] [40, -3, -55, 29] [10, -3, 26, 32]
[-35, 3, 35, -39] [14, -2, -24, 35] [-36, -35, -30, 25] [50, -30, 32, 27] [-15, -12, -11, -26] [-1, 25, -38, -31] [63, 35, 25, 20]
[3, 26, -15, 43] [-26, -9, -28, 37] [-6, 1, -39, -7] [0, 0, 0, 0] [-13, 58, -46, -6] [18, -17, -39, -24] [-25, 56, -22, 5]
[8, 21, -14, 16] [11, 13, 5, 33] [21, -12, 38, 30] [-10, -49, 32, -4] [9, 17, 22, -9] [10, 56, 18, 13] [-7, -30, -2, -9]
[9, -30, -24, 7] [6, 12, 15, -35] [23, 2, 21, 31] [-36, -32, 61, -16] [-50, -42, 12, -65] [-30, 75, 24, 28] [1, 45, 22, 32]
[16, 0, -33, -20] [-9, -6, 24, -70] [40, 22, -7, -6] [-10, 2, -5, -34] [64, 41, 6, -25] [4, 38, 4, 6] [9, -22, 16, -15]
------------------------------
ALIVE
Head: (11 9)
Body: (11 9) (10 9) (10 10) (10 11) (10 12) (10 13) (11 13) (11 14) (11 15) (10 15) 
Length: 10, 4
Vision: 3
Hungry, suplies: 6/10
Reproductive: 16, mutating: 0.25
Generation: 56469
####################################
Wall (up, right, down, left):
[-3, -4, 4, -8] [-4, 2, 13, -14] [-23, -1, -12, -25] [8, 0, 15, -1] [-9, 7, 29, -2] [17, 1, -19, -24] [3, -25, 2, -6]
[-33, 1, 9, -19] [2, 19, -8, 0] [-31, 0, 15, -4] [-39, 18, 34, 14] [30, 28, 3, 4] [-35, -20, 9, -19] [-30, 9, -4, 10]
[-11, 12, 34, 28] [-5, 18, -17, -9] [-1, -4, 46, -18] [-98, 20, 69, 6] [-49, -48, -16, 35] [-24, -27, -12, 11] [-15, -18, -19, -4]
[-2, 50, -13, -38] [10, -6, 45, -35] [8, 35, 7, -112] [0, 0, 0, 0] [48, -111, 19, 22] [21, -4, -8, 12] [10, 10, 25, -5]
[-6, -37, 15, 1] [16, -10, -19, -29] [-14, -15, -42, -43] [52, 13, -135, 20] [12, 0, -40, 56] [10, 16, -1, 12] [-26, -72, -19, 36]
[27, 22, 5, 6] [-32, 12, -12, 5] [39, -4, 22, -5] [-3, -1, -24, -3] [-3, -8, -38, -22] [3, -10, -17, 10] [37, 11, 22, -7]
[-15, -1, 20, -9] [7, -13, -56, -17] [-10, 6, 24, 12] [-28, 21, -53, -16] [35, 9, -14, 31] [34, -6, -42, 34] [2, -8, 25, -7]
Food (up, right, down, left):
[9, 15, 0, 28] [-15, 30, 4, -27] [14, -20, 4, 7] [-22, 1, 54, 5] [4, -15, 47, -11] [-2, -31, -18, -32] [-55, 21, 9, -14]
[-77, 9, -45, 3] [2, -6, -29, -1] [-1, 8, 21, 29] [-31, 13, -66, 33] [11, 16, -2, -52] [39, -3, -55, 29] [10, -3, 26, 32]
[-35, 3, 35, -39] [14, -2, -24, 35] [-36, -35, -30, 25] [50, -30, 32, 27] [-15, -12, -11, -26] [-1, 25, -38, -31] [63, 35, 25, 16]
[3, 26, -15, 43] [-26, -9, -28, 37] [-6, 1, -39, -12] [0, 0, 0, 0] [-13, 58, -46, -6] [18, -21, -39, -24] [-25, 56, -22, 5]
[9, 21, -14, 16] [11, 13, 5, 33] [21, -12, 38, 30] [-10, -49, 32, -4] [9, 17, 22, -9] [10, 56, 18, 13] [-7, -30, -2, -9]
[12, -30, -24, 7] [6, 12, 15, -32] [23, 2, 21, 31] [-36, -33, 61, -16] [-50, -42, 14, -65] [-30, 75, 24, 28] [1, 45, 22, 32]
[20, 0, -33, -20] [-9, -6, 24, -70] [40, 22, -7, -6] [-10, 2, -5, -34] [64, 41, 6, -25] [4, 38, 4, 6] [9, -22, 16, -14]
------------------------------
ALIVE
Head: (17 38)
Body: (17 38) (16 38) (15 38) (14 38) (13 38) (12 38) (12 37) (11 37) 
Length: 8, 4
Vision: 3
Hungry, suplies: 10/10
Reproductive: 16, mutating: 0.25
Generation: 56463
####################################
Wall (up, right, down, left):
[-3, -4, 4, -8] [-4, 2, 13, -14] [-23, -1, -12, -25] [8, 0, 15, -1] [-9, 7, 29, -2] [17, 1, -19, -24] [3, -25, 2, -6]
[-33, 1, 9, -19] [2, 19, -8, 0] [-31, 0, 15, -4] [-39, 18, 34, 14] [30, 28, 3, 4] [-35, -20, 9, -19] [-30, 9, -4, 10]
[-11, 12, 34, 28] [-5, 18, -17, -9] [-1, -4, 46, -18] [-98, 20, 69, 6] [-49, -48, -16, 35] [-24, -27, -12, 11] [-15, -18, -19, -4]
[-2, 50, -13, -38] [10, -6, 45, -35] [8, 35, 7, -111] [0, 0, 0, 0] [48, -111, 19, 22] [21, -4, -8, 16] [10, 10, 25, -5]
[-2, -37, 15, 1] [16, -10, -19, -31] [-14, -15, -42, -43] [52, 13, -135, 20] [12, 0, -40, 56] [10, 16, -1, 12] [-26, -72, -19, 36]
[26, 22, 5, 6] [-32, 12, -12, 1] [39, -4, 22, -5] [-6, 2, -24, -3] [-3, -7, -38, -22] [3, -10, -17, 10] [37, 14, 22, -7]
[-15, -1, 20, -9] [7, -13, -56, -17] [-10, 6, 24, 12] [-28, 21, -53, -16] [35, 9, -14, 31] [34, -6, -42, 34] [2, -8, 25, -11]
Food (up, right, down, left):
[9, 15, 0, 28] [-15, 30, 4, -27] [14, -20, 4, 7] [-22, 1, 54, 5] [4, -15, 47, -11] [-2, -31, -18, -32] [-55, 21, 9, -14]
[-77, 9, -45, 3] [2, -6, -29, -1] [-1, 8, 21, 29] [-31, 13, -66, 33] [11, 16, -2, -52] [40, -3, -55, 29] [10, -3, 26, 32]
[-35, 3, 35, -39] [14, -2, -24, 35] [-36, -35, -30, 25] [50, -30, 32, 27] [-15, -12, -11, -26] [-1, 25, -38, -31] [63, 35, 25, 16]
[3, 26, -15, 43] [-26, -9, -28, 37] [-6, 1, -39, -7] [0, 0, 0, 0] [-13, 58, -46, -6] [18, -17, -39, -24] [-25, 56, -22, 5]
[8, 21, -14, 16] [11, 13, 10, 33] [21, -12, 38, 30] [-10, -49, 32, -4] [9, 17, 22, -9] [10, 56, 18, 13] [-7, -30, -2, -9]
[9, -30, -24, 7] [6, 12, 15, -35] [23, 2, 21, 31] [-35, -32, 61, -16] [-50, -42, 12, -65] [-30, 75, 24, 28] [1, 45, 22, 32]
[20, 0, -33, -20] [-9, -6, 24, -70] [40, 22, -7, -6] [-10, 2, -5, -34] [64, 41, 6, -25] [4, 38, 4, 6] [9, -22, 16, -15]
------------------------------
ALIVE
Head: (4 46)
Body: (4 46) (5 46) (5 45) (6 45) (6 46) (6 47) (5 47) (5 48) (5 49) (5 50) (5 51) 
Length: 11, 4
Vision: 3
Hungry, suplies: 9/10
Reproductive: 16, mutating: 0.25
Generation: 56466
####################################
Wall (up, right, down, left):
[-3, -4, 4, -8] [-4, 2, 13, -14] [-23, -1, -12, -25] [8, 0, 15, -1] [-9, 7, 29, -2] [17, 1, -19, -24] [3, -25, 2, -6]
[-33, 1, 9, -19] [6, 19, -8, 0] [-31, 0, 15, -4] [-39, 18, 34, 14] [30, 28, 3, 4] [-35, -20, 9, -19] [-30, 9, -4, 10]
[-11, 12, 34, 28] [-5, 18, -17, -9] [-1, -4, 46, -18] [-98, 20, 69, 6] [-49, -48, -16, 35] [-24, -27, -12, 11] [-15, -18, -19, -4]
[-2, 50, -13, -38] [10, -6, 45, -35] [8, 35, 7, -111] [0, 0, 0, 0] [48, -111, 19, 22] [21, -4, -8, 16] [10, 10, 25, -5]
[-2, -37, 15, 1] [16, -10, -19, -29] [-14, -15, -42, -43] [52, 13, -135, 20] [12, 0, -40, 56] [10, 16, -1, 12] [-26, -72, -19, 36]
[26, 22, 5, 6] [-32, 12, -12, 1] [39, -6, 22, -5] [-3, 2, -24, -3] [-3, -7, -38, -22] [3, -10, -14, 10] [37, 14, 22, -7]
[-15, -1, 20, -9] [7, -13, -56, -17] [-10, 6, 24, 12] [-28, 21, -53, -16] [35, 9, -14, 32] [34, -6, -42, 34] [2, -8, 25, -11]
Food (up, right, down, left):
[9, 15, 0, 28] [-15, 30, 4, -27] [14, -20, 4, 7] [-22, 1, 54, 5] [4, -15, 47, -11] [-2, -31, -18, -32] [-55, 21, 9, -14]
[-77, 9, -45, 3] [2, -6, -34, -1] [-1, 8, 21, 29] [-31, 13, -66, 33] [11, 16, -2, -52] [40, -3, -55, 29] [10, -3, 26, 32]
[-35, 3, 35, -39] [14, -2, -24, 35] [-36, -35, -30, 25] [50, -30, 32, 27] [-15, -12, -11, -26] [-1, 25, -38, -31] [63, 35, 25, 16]
[3, 26, -15, 43] [-26, -9, -28, 37] [-6, 1, -39, -7] [0, 0, 0, 0] [-13, 58, -46, -6] [18, -17, -39, -24] [-25, 56, -22, 5]
[8, 21, -14, 16] [11, 13, 5, 33] [21, -12, 38, 30] [-10, -49, 32, -4] [9, 17, 22, -9] [10, 56, 18, 13] [-7, -30, -2, -9]
[9, -30, -24, 7] [6, 12, 15, -35] [23, 4, 21, 31] [-36, -32, 61, -16] [-50, -42, 12, -65] [-35, 75, 24, 28] [1, 45, 22, 32]
[20, 0, -33, -20] [-9, -6, 24, -70] [40, 22, -7, -6] [-10, 2, -5, -34] [63, 41, 6, -25] [4, 38, 4, 6] [9, -22, 16, -15]
------------------------------
ALIVE
Head: (14 9)
Body: (14 9) (15 9) (16 9) (17 9) (17 8) (16 8) (15 8) (14 8) (13 8) (12 8) (11 8) (11 7) (10 7) (9 7) (9 8) 
Length: 15, 4
Vision: 3
Hungry, suplies: 3/10
Reproductive: 16, mutating: 0.25
Generation: 56468
####################################
Wall (up, right, down, left):
[-3, -4, 4, -8] [-4, 2, 13, -14] [-23, -1, -12, -25] [8, 0, 15, -1] [-9, 7, 29, -2] [17, 1, -19, -24] [3, -25, 2, -6]
[-33, 1, 9, -19] [2, 19, -8, 0] [-31, 0, 15, -4] [-39, 18, 34, 14] [30, 28, 3, 4] [-35, -20, 9, -19] [-30, 9, -4, 10]
[-11, 12, 34, 28] [-5, 18, -17, -9] [-1, -4, 46, -18] [-98, 20, 69, 6] [-49, -48, -16, 35] [-24, -27, -12, 11] [-15, -18, -19, -5]
[-2, 50, -13, -38] [10, -6, 45, -35] [8, 35, 7, -111] [0, 0, 0, 0] [48, -111, 19, 22] [21, -4, -8, 16] [10, 10, 25, -5]
[-2, -37, 15, 1] [16, -10, -19, -29] [-14, -15, -42, -43] [52, 13, -135, 20] [12, 0, -40, 56] [10, 16, -1, 12] [-26, -72, -19, 36]
[26, 22, 5, 6] [-32, 12, -12, 1] [39, -4, 22, -5] [-3, 2, -24, -3] [-3, -7, -38, -22] [3, -10, -17, 10] [37, 14, 22, -7]
[-15, 0, 20, -9] [7, -13, -56, -17] [-10, 6, 24, 12] [-28, 21, -53, -16] [35, 9, -14, 31] [34, -6, -42, 34] [2, -8, 25, -11]
Food (up, right, down, left):
[9, 15, 0, 28] [-15, 30, 4, -27] [14, -20, 4, 7] [-22, 1, 54, 5] [4, -15, 47, -11] [-2, -31, -18, -32] [-55, 21, 9, -14]
[-77, 9, -45, 3] [2, -6, -29, -1] [-1, 8, 21, 29] [-31, 13, -66, 33] [11, 16, -2, -52] [40, -3, -55, 29] [10, -3, 26, 32]
[-35, 3, 35, -39] [14, -2, -24, 35] [-36, -35, -30, 25] [50, -30, 32, 27] [-15, -12, -11, -26] [-1, 25, -38, -31] [63, 35, 25, 20]
[3, 26, -15, 43] [-26, -9, -28, 37] [-6, 1, -39, -7] [0, 0, 0, 0] [-13, 58, -46, -6] [18, -17, -39, -24] [-25, 56, -22, 5]
[8, 21, -14, 16] [11, 13, 5, 33] [21, -12, 38, 30] [-10, -49, 32, -4] [9, 17, 22, -9] [10, 56, 18, 13] [-7, -30, -2, -9]
[9, -30, -24, 7] [6, 12, 15, -35] [23, 2, 21, 31] [-36, -32, 61, -16] [-50, -42, 12, -65] [-30, 75, 24, 28] [1, 45, 22, 32]
[16, 0, -33, -20] [-9, -6, 24, -70] [40, 22, -7, -6] [-10, 2, -5, -34] [64, 41, 6, -25] [4, 38, 4, 6] [9, -22, 16, -15]
------------------------------
ALIVE
Head: (2 4)
Body: (2 4) (2 3) (2 2) (2 1) (2 57) (2 56) (2 55) (2 54) (3 54) 
Length: 9, 4
Vision: 3
Hungry, suplies: 10/10
Reproductive: 16, mutating: 0.25
Generation: 56470
####################################
Wall (up, right, down, left):
[-3, -4, 4, -8] [-4, 2, 13, -14] [-23, -1, -12, -25] [8, 0, 15, -1] [-9, 7, 29, -2] [17, 1, -19, -24] [3, -25, 2, -6]
[-33, 1, 9, -19] [2, 19, -8, 0] [-31, 0, 15, -4] [-39, 18, 34, 14] [30, 28, 3, 4] [-35, -20, 9, -19] [-30, 9, -4, 10]
[-11, 12, 34, 28] [-5, 18, -17, -9] [-1, -4, 46, -18] [-98, 20, 69, 6] [-49, -48, -16, 35] [-24, -27, -12, 11] [-15, -18, -19, -4]
[-2, 50, -13, -38] [10, -6, 45, -35] [8, 35, 7, -112] [0, 0, 0, 0] [48, -111, 19, 22] [21, -4, -8, 12] [10, 10, 25, -5]
[-6, -37, 15, 1] [16, -10, -19, -29] [-14, -15, -42, -43] [47, 13, -135, 20] [12, 0, -40, 56] [10, 16, -1, 12] [-26, -72, -19, 36]
[27, 22, 5, 6] [-32, 12, -12, 5] [39, -4, 22, -5] [-3, -1, -24, -3] [-3, -8, -38, -22] [3, -10, -17, 10] [37, 11, 22, -7]
[-15, -1, 20, -9] [7, -13, -56, -17] [-10, 6, 24, 12] [-28, 21, -53, -16] [35, 9, -14, 31] [34, -6, -42, 34] [2, -8, 25, -7]
Food (up, right, down, left):
[9, 15, 0, 28] [-15, 30, 4, -27] [14, -20, 4, 7] [-22, 1, 54, 5] [4, -15, 47, -11] [-2, -31, -18, -32] [-55, 21, 9, -14]
[-77, 9, -45, 3] [2, -6, -29, -1] [-1, 8, 21, 29] [-31, 13, -66, 33] [11, 16, -2, -52] [39, -3, -55, 29] [10, -3, 26, 32]
[-35, 3, 35, -39] [14, -2, -24, 35] [-36, -35, -30, 25] [50, -30, 32, 27] [-15, -12, -11, -26] [-1, 25, -38, -31] [63, 35, 25, 16]
[3, 26, -15, 43] [-26, -9, -28, 37] [-6, 1, -39, -12] [0, 0, 0, 0] [-13, 58, -46, -6] [18, -21, -39, -24] [-25, 56, -22, 5]
[9, 21, -14, 16] [11, 13, 5, 33] [21, -12, 38, 30] [-15, -49, 32, -4] [9, 17, 22, -9] [10, 56, 18, 13] [-7, -30, -2, -9]
[12, -30, -24, 7] [6, 12, 15, -32] [23, 2, 21, 31] [-36, -33, 61, -16] [-50, -42, 14, -65] [-30, 75, 24, 28] [1, 45, 22, 32]
[20, 0, -33, -20] [-9, -6, 24, -70] [40, 22, -7, -6] [-10, 2, -5, -34] [64, 41, 6, -25] [4, 38, 4, 6] [9, -22, 16, -14]
------------------------------
DEAD: Wall
Head: (9 23)
Body: (9 23) (10 23) (11 23) (11 24) (10 24) (9 24) (8 24) (8 23) (7 23) (6 23) 
Length: 10, 4
Vision: 3
Hungry, suplies: 6/10
Reproductive: 16, mutating: 0.25
Generation: 56464
####################################
Wall (up, right, down, left):
[-3, -4, 4, -8] [-4, 2, 13, -14] [-23, -1, -12, -26] [8, 0, 15, -1] [-9, 7, 29, -2] [17, 1, -19, -24] [3, -25, 2, -6]
[-33, 1, 9, -19] [2, 19, -8, 0] [-31, 0, 15, -4] [-39, 18, 34, 14] [30, 28, 3, 4] [-35, -20, 9, -19] [-30, 9, -4, 10]
[-11, 12, 34, 28] [-5, 18, -17, -9] [-1, -4, 46, -18] [-98, 20, 69, 6] [-49, -48, -16, 35] [-24, -27, -12, 11] [-15, -18, -19, -4]
[-2, 50, -13, -38] [10, -6, 45, -35] [8, 35, 7, -112] [0, 0, 0, 0] [48, -111, 19, 22] [21, -4, -8, 12] [10, 10, 25, -5]
[-6, -37, 15, 1] [16, -10, -19, -29] [-14, -15, -42, -43] [52, 13, -135, 20] [12, 0, -40, 56] [10, 16, -1, 12] [-26, -72, -19, 36]
[27, 22, 5, 10] [-32, 12, -12, 5] [39, -4, 22, -5] [-3, 2, -24, -3] [-3, -7, -38, -23] [3, -10, -17, 10] [37, 11, 22, -7]
[-15, -1, 20, -9] [7, -13, -56, -17] [-10, 6, 24, 12] [-28, 21, -53, -16] [35, 9, -14, 31] [34, -6, -42, 34] [2, -8, 25, -7]
Food (up, right, down, left):
[9, 15, 0, 28] [-15, 30, 4, -27] [14, -20, 4, 8] [-22, 1, 54, 5] [4, -15, 47, -11] [-2, -31, -18, -32] [-55, 21, 9, -14]
[-77, 9, -45, 3] [2, -6, -29, -1] [-1, 8, 21, 29] [-31, 13, -66, 33] [11, 16, -2, -52] [39, -3, -55, 29] [10, -3, 26, 32]
[-35, 3, 35, -39] [14, -2, -24, 35] [-36, -35, -30, 25] [50, -30, 32, 27] [-15, -12, -11, -26] [-1, 25, -38, -31] [63, 35, 25, 16]
[3, 26, -15, 43] [-26, -9, -28, 37] [-6, 1, -39, -12] [0, 0, 0, 0] [-13, 58, -46, -6] [18, -21, -39, -24] [-25, 56, -22, 5]
[9, 21, -14, 16] [11, 13, 5, 33] [21, -12, 38, 30] [-10, -49, 32, -4] [9, 17, 22, -9] [10, 56, 18, 13] [-7, -30, -2, -9]
[12, -30, -24, 3] [6, 12, 15, -32] [23, 2, 21, 31] [-36, -32, 61, -16] [-50, -42, 8, -65] [-30, 75, 24, 28] [1, 45, 22, 32]
[20, 0, -33, -20] [-9, -6, 24, -70] [40, 22, -7, -6] [-10, 2, -5, -34] [64, 41, 6, -25] [4, 38, 4, 6] [9, -22, 16, -14]
------------------------------
ALIVE
Head: (9 18)
Body: (9 18) (9 19) (9 20) (8 20) (7 20) (7 19) (6 19) 
Length: 7, 4
Vision: 3
Hungry, suplies: 10/10
Reproductive: 16, mutating: 0.25
Generation: 56466
####################################
Wall (up, right, down, left):
[-3, -4, 4, -8] [-4, 2, 13, -14] [-23, -1, -12, -25] [8, 0, 15, -1] [-9, 7, 29, -2] [17, 1, -19, -24] [3, -25, 2, -6]
[-33, 1, 9, -19] [2, 19, -8, 0] [-31, 0, 15, -4] [-39, 18, 34, 14] [30, 28, 3, 4] [-35, -20, 9, -19] [-30, 9, -4, 10]
[-11, 12, 34, 28] [-5, 18, -15, -9] [-1, -4, 46, -18] [-98, 20, 69, 6] [-49, -48, -16, 35] [-24, -27, -12, 11] [-15, -18, -19, -4]
[-2, 50, -13, -38] [10, -6, 45, -35] [8, 35, 7, -112] [0, 0, 0, 0] [48, -111, 19, 22] [21, -4, -8, 12] [10, 10, 25, -5]
[-6, -37, 15, 1] [16, -10, -19, -29] [-14, -15, -42, -43] [52, 13, -135, 20] [12, 0, -40, 56] [10, 16, -1, 12] [-26, -72, -19, 36]
[27, 22, 5, 6] [-32, 12, -12, 5] [39, -4, 22, -5] [-3, 2, -24, -3] [-3, -7, -38, -22] [3, -10, -17, 10] [37, 11, 22, -7]
[-15, -1, 20, -9] [7, -13, -56, -17] [-10, 6, 24, 12] [-28, 21, -53, -16] [35, 9, -14, 35] [34, -6, -42, 34] [2, -8, 25, -7]
Food (up, right, down, left):
[9, 15, 0, 28] [-15, 30, 4, -27] [14, -20, 4, 7] [-22, 1, 54, 5] [4, -15, 47, -11] [-2, -31, -18, -32] [-55, 21, 9, -14]
[-77, 9, -45, 3] [2, -6, -29, -1] [-1, 8, 21, 29] [-31, 13, -66, 33] [11, 16, -2, -52] [39, -3, -55, 29] [10, -3, 26, 32]
[-35, 3, 35, -39] [14, -2, -26, 35] [-36, -35, -30, 25] [50, -30, 32, 27] [-15, -12, -11, -26] [-1, 25, -38, -31] [63, 35, 25, 18]
[3, 26, -15, 43] [-26, -9, -28, 37] [-6, 1, -39, -12] [0, 0, 0, 0] [-13, 58, -46, -6] [18, -21, -39, -24] [-25, 56, -22, 5]
[9, 21, -14, 16] [11, 13, 5, 33] [21, -12, 38, 30] [-10, -49, 32, -4] [9, 17, 22, -9] [10, 56, 18, 13] [-7, -30, -2, -9]
[12, -30, -24, 7] [6, 12, 15, -32] [23, 2, 21, 31] [-36, -32, 61, -16] [-50, -42, 12, -65] [-30, 75, 24, 28] [1, 45, 22, 32]
[20, 0, -33, -20] [-9, -6, 24, -70] [40, 22, -7, -6] [-10, 2, -5, -34] [64, 41, 9, -25] [4, 38, 4, 6] [9, -22, 16, -14]
------------------------------
ALIVE
Head: (5 4)
Body: (5 4) (4 4) (4 3) (4 2) (4 1) (3 1) (3 0) (4 0) (5 0) (6 57) 
Length: 10, 4
Vision: 3
Hungry, suplies: 10/10
Reproductive: 16, mutating: 0.25
Generation: 56468
####################################
Wall (up, right, down, left):
[-3, -4, 4, -8] [-4, 2, 13, -14] [-23, -1, -12, -26] [8, 0, 15, -1] [-9, 7, 29, -2] [17, 1, -19, -24] [3, -25, 2, -6]
[-33, 1, 9, -19] [2, 19, -8, 0] [-31, 0, 15, -4] [-39, 18, 34, 14] [30, 28, 3, 4] [-35, -20, 9, -19] [-30, 9, -4, 10]
[-11, 12, 34, 28] [-5, 18, -17, -9] [-1, -4, 46, -18] [-98, 20, 69, 6] [-49, -48, -16, 35] [-24, -27, -12, 11] [-15, -18, -19, -4]
[-2, 50, -13, -38] [10, -6, 45, -35] [8, 35, 7, -112] [0, 0, 0, 0] [48, -111, 19, 22] [21, -4, -8, 12] [10, 10, 25, -5]
[-6, -37, 15, 1] [16, -10, -19, -29] [-14, -15, -42, -43] [52, 13, -135, 20] [12, 0, -40, 56] [10, 16, -1, 12] [-26, -72, -19, 36]
[27, 22, 5, 10] [-32, 12, -12, 5] [39, -4, 22, -5] [-3, 2, -24, -3] [-3, -7, -38, -23] [3, -10, -17, 10] [37, 11, 22, -7]
[-15, -1, 20, -9] [7, -13, -56, -17] [-10, 6, 24, 12] [-28, 21, -53, -16] [35, 9, -14, 31] [34, -6, -42, 34] [2, -8, 25, -7]
Food (up, right, down, left):
[9, 15, 0, 28] [-15, 30, 4, -27] [14, -20, 4, 8] [-22, 1, 54, 5] [4, -15, 47, -11] [-2, -31, -18, -32] [-55, 21, 9, -14]
[-77, 9, -45, 3] [2, -6, -29, -1] [-1, 8, 21, 29] [-31, 13, -66, 33] [11, 16, -2, -52] [39, -3, -55, 29] [10, -3, 26, 32]
[-35, 3, 35, -39] [14, -2, -24, 35] [-36, -35, -30, 25] [50, -30, 32, 27] [-15, -12, -11, -26] [-1, 25, -38, -31] [63, 35, 25, 16]
[3, 26, -15, 43] [-26, -9, -28, 37] [-6, 1, -39, -12] [0, 0, 0, 0] [-13, 58, -46, -6] [18, -21, -39, -24] [-25, 56, -22, 5]
[9, 21, -14, 16] [11, 13, 5, 33] [21, -12, 38, 30] [-10, -49, 32, -4] [9, 17, 22, -9] [10, 56, 18, 13] [-7, -30, -2, -9]
[12, -30, -24, 3] [6, 12, 15, -32] [23, 2, 21, 31] [-36, -32, 61, -16] [-50, -42, 8, -65] [-30, 75, 24, 28] [1, 45, 22, 32]
[20, 0, -33, -20] [-9, -6, 24, -70] [40, 22, -7, -6] [-10, 2, -5, -34] [64, 41, 6, -25] [4, 38, 4, 6] [9, -22, 16, -14]
------------------------------
ALIVE
Head: (0 38)
Body: (25 38) (24 38) (23 38) (22 38) (21 38) (21 37) (21 36) (21 35) (21 34) (21 33) (20 33) (19 33) 
Length: 12, 4
Vision: 3
Hungry, suplies: 10/10
Reproductive: 16, mutating: 0.25
Generation: 56465
####################################
Wall (up, right, down, left):
[-3, -4, 4, -8] [-4, 2, 13, -14] [-23, -1, -12, -25] [8, 0, 15, -1] [-9, 7, 29, -2] [17, 1, -19, -24] [3, -25, 2, -6]
[-33, 1, 7, -19] [2, 19, -8, 0] [-31, 0, 15, -4] [-39, 18, 34, 14] [30, 28, 3, 4] [-35, -20, 9, -19] [-30, 9, -4, 10]
[-11, 12, 34, 28] [-5, 18, -17, -9] [-1, -4, 46, -18] [-98, 20, 69, 6] [-49, -48, -16, 35] [-24, -27, -12, 11] [-15, -18, -19, -7]
[-2, 50, -13, -38] [10, -6, 45, -35] [8, 35, 7, -112] [0, 0, 0, 0] [48, -111, 19, 22] [21, -4, -8, 12] [10, 10, 25, -5]
[-6, -37, 15, 1] [16, -10, -19, -26] [-14, -15, -42, -43] [52, 13, -135, 20] [12, 0, -40, 56] [10, 16, -1, 12] [-26, -72, -19, 36]
[27, 22, 5, 6] [-32, 12, -12, 5] [39, -4, 22, -5] [-3, 2, -24, -3] [-3, -7, -38, -22] [3, -10, -17, 10] [37, 11, 22, -7]
[-15, -1, 20, -9] [7, -13, -56, -17] [-10, 6, 24, 12] [-28, 21, -53, -16] [35, 9, -14, 31] [34, -6, -42, 34] [2, -8, 25, -7]
Food (up, right, down, left):
[9, 15, 0, 28] [-15, 30, 4, -27] [14, -20, 4, 7] [-22, 1, 54, 5] [4, -15, 47, -11] [-2, -31, -18, -32] [-55, 21, 9, -14]
[-77, 10, -45, 3] [2, -6, -29, -1] [-1, 8, 21, 29] [-31, 13, -66, 33] [11, 16, -2, -52] [39, -3, -55, 29] [10, -3, 26, 32]
[-35, 3, 35, -39] [14, -2, -24, 35] [-36, -35, -30, 25] [50, -30, 32, 27] [-15, -12, -11, -26] [-1, 25, -38, -31] [63, 35, 25, 16]
[3, 26, -15, 43] [-26, -9, -28, 37] [-6, 1, -39, -12] [0, 0, 0, 0] [-13, 58, -46, -6] [18, -21, -39, -24] [-25, 56, -22, 5]
[9, 21, -14, 16] [11, 10, 5, 33] [21, -12, 38, 30] [-10, -49, 32, -4] [9, 17, 22, -9] [10, 56, 18, 13] [-7, -30, -2, -9]
[12, -30, -24, 7] [6, 12, 15, -32] [23, 2, 21, 31] [-36, -32, 61, -16] [-50, -42, 12, -65] [-30, 75, 24, 28] [1, 45, 22, 32]
[20, 0, -33, -20] [-9, -6, 24, -70] [40, 22, -7, -6] [-10, 2, -5, -34] [64, 41, 6, -25] [4, 38, 4, 6] [9, -22, 16, -14]
------------------------------
ALIVE
Head: (23 41)
Body: (23 41) (22 41) (22 40) (22 39) (21 39) (20 39) (19 39) (19 38) (19 37) (18 37) (17 37) (16 37) (16 36) 
Length: 13, 4
Vision: 3
Hungry, suplies: 6/10
Reproductive: 16, mutating: 0.25
Generation: 56463
####################################
Wall (up, right, down, left):
[-3, -4, 4, -8] [-4, 2, 13, -14] [-23, -1, -12, -25] [8, 0, 15, -1] [-9, 7, 29, -2] [17, 1, -19, -24] [3, -25, 2, -6]
[-33, 1, 9, -19] [2, 19, -8, 0] [-31, 0, 15, -4] [-39, 18, 34, 14] [30, 28, 3, 4] [-35, -20, 9, -19] [-30, 9, -4, 10]
[-11, 11, 34, 28] [-5, 18, -17, -9] [-1, -4, 46, -18] [-98, 20, 69, 6] [-49, -48, -16, 35] [-24, -27, -12, 11] [-15, -18, -19, -4]
[-2, 50, -13, -38] [10, -6, 45, -35] [8, 35, 7, -112] [0, 0, 0, 0] [48, -111, 19, 22] [21, -4, -8, 12] [10, 10, 25, -5]
[-6, -37, 15, 1] [16, -10, -19, -29] [-14, -15, -42, -43] [52, 13, -135, 20] [12, 0, -40, 56] [10, 16, -1, 12] [-26, -72, -19, 36]
[27, 22, 5, 6] [-32, 12, -12, 5] [39, -4, 22, -5] [-3, -1, -24, -3] [-3, -7, -38, -22] [3, -10, -17, 10] [37, 11, 22, -7]
[-15, -1, 20, -9] [7, -13, -56, -17] [-10, 6, 24, 12] [-28, 21, -53, -16] [35, 9, -14, 31] [34, -6, -42, 34] [2, -8, 25, -7]
Food (up, right, down, left):
[9, 15, 0, 28] [-15, 30, 4, -27] [14, -20, 4, 7] [-22, 1, 54, 5] [4, -15, 47, -11] [-2, -31, -18, -32] [-55, 21, 9, -14]
[-77, 9, -45, 3] [2, -6, -29, -1] [-1, 8, 21, 29] [-31, 13, -66, 33] [11, 16, -2, -52] [39, -3, -55, 29] [10, -3, 26, 32]
[-35, -1, 35, -39] [14, -2, -24, 35] [-36, -35, -30, 25] [50, -30, 32, 27] [-15, -12, -11, -26] [-1, 25, -38, -31] [63, 35, 25, 16]
[3, 26, -15, 43] [-26, -9, -28, 37] [-6, 1, -39, -12] [0, 0, 0, 0] [-13, 58, -46, -6] [18, -21, -39, -24] [-25, 56, -22, 5]
[9, 21, -14, 16] [11, 13, 5, 33] [21, -12, 38, 30] [-10, -49, 32, -4] [9, 17, 22, -9] [10, 56, 18, 13] [-7, -30, -2, -9]
[12, -30, -24, 7] [6, 12, 15, -32] [23, 2, 21, 31] [-36, -33, 61, -16] [-50, -42, 12, -65] [-30, 75, 24, 28] [1, 45, 22, 32]
[20, 0, -33, -20] [-9, -6, 24, -70] [40, 22, -7, -6] [-10, 2, -5, -34] [64, 41, 6, -25] [4, 38, 4, 6] [9, -22, 16, -14]
------------------------------
ALIVE
Head: (15 31)
Body: (15 31) (15 30) (15 29) (15 28) (15 27) (14 27) (14 26) (13 26) (13 25) (12 25) (11 25) (10 25) (9 25) (8 25) (8 26) 
Length: 15, 4
Vision: 3
Hungry, suplies: 9/10
Reproductive: 16, mutating: 0.25
Generation: 56462
####################################
Wall (up, right, down, left):
[-3, -4, 4, -8] [-4, 2, 13, -14] [-23, -1, -12, -25] [8, 0, 15, -1] [-9, 7, 29, -2] [17, 1, -19, -24] [3, -25, 2, -6]
[-33, 1, 9, -19] [6, 19, -8, 0] [-31, 0, 15, -4] [-39, 18, 34, 14] [30, 28, 3, 4] [-35, -20, 9, -19] [-30, 9, -4, 10]
[-11, 12, 34, 28] [-5, 18, -17, -9] [-1, -4, 46, -18] [-98, 20, 69, 6] [-49, -48, -16, 35] [-24, -27, -12, 11] [-15, -18, -19, -4]
[-2, 50, -13, -38] [10, -6, 45, -35] [8, 35, 7, -111] [0, 0, 0, 0] [48, -111, 19, 22] [21, -4, -8, 16] [10, 10, 25, -5]
[-2, -37, 15, 1] [16, -10, -19, -29] [-14, -15, -42, -43] [52, 13, -135, 20] [12, 0, -40, 56] [10, 16, -1, 12] [-26, -72, -19, 36]
[26, 22, 5, 6] [-32, 12, -12, 1] [39, -6, 22, -5] [-3, 2, -24, -3] [-3, -7, -38, -22] [3, -10, -14, 10] [37, 14, 22, -7]
[-15, -1, 20, -9] [7, -13, -56, -17] [-10, 6, 24, 12] [-28, 21, -53, -16] [35, 9, -14, 32] [34, -6, -42, 34] [2, -8, 25, -11]
Food (up, right, down, left):
[9, 15, 0, 28] [-15, 30, 4, -27] [14, -20, 4, 7] [-22, 1, 54, 5] [4, -15, 47, -11] [-2, -31, -18, -32] [-55, 21, 9, -14]
[-77, 9, -45, 3] [2, -6, -34, -1] [-1, 8, 21, 29] [-31, 13, -66, 33] [11, 16, -2, -52] [40, -3, -55, 29] [10, -3, 26, 32]
[-35, 3, 35, -39] [14, -2, -24, 35] [-36, -35, -30, 25] [50, -30, 32, 27] [-15, -12, -11, -26] [-1, 25, -38, -31] [63, 35, 25, 16]
[3, 26, -15, 43] [-26, -9, -28, 37] [-6, 1, -39, -7] [0, 0, 0, 0] [-13, 58, -46, -6] [18, -17, -39, -24] [-25, 56, -22, 5]
[8, 21, -14, 16] [11, 13, 5, 33] [21, -12, 38, 30] [-10, -49, 32, -4] [9, 17, 22, -9] [10, 56, 18, 13] [-7, -30, -2, -9]
[9, -30, -24, 7] [6, 12, 15, -35] [23, 4, 21, 31] [-36, -32, 61, -16] [-50, -42, 12, -65] [-35, 75, 24, 28] [1, 45, 22, 32]
[20, 0, -33, -20] [-9, -6, 24, -70] [40, 22, -7, -6] [-10, 2, -5, -34] [63, 41, 6, -25] [4, 38, 4, 6] [9, -22, 16, -15]
------------------------------
ALIVE
Head: (1 10)
Body: (1 10) (1 11) (0 11) (0 12) (0 13) (0 14) (1 14) (2 14) (3 14) (3 15) 
Length: 10, 4
Vision: 3
Hungry, suplies: 10/10
Reproductive: 16, mutating: 0.25
Generation: 56468
####################################
Wall (up, right, down, left):
[-3, -4, 4, -8] [-4, 2, 13, -14] [-23, -1, -12, -25] [8, 0, 15, -1] [-9, 7, 29, -2] [17, 1, -19, -24] [3, -25, 2, -6]
[-33, 1, 9, -19] [6, 19, -8, 0] [-31, 0, 15, -4] [-39, 18, 34, 14] [30, 28, 3, 4] [-35, -20, 9, -19] [-30, 9, -4, 10]
[-11, 12, 34, 28] [-5, 18, -17, -9] [-1, -4, 46, -18] [-98, 20, 69, 6] [-49, -48, -16, 35] [-24, -27, -12, 11] [-15, -18, -19, -4]
[-2, 50, -13, -38] [10, -6, 45, -35] [8, 35, 7, -111] [0, 0, 0, 0] [48, -111, 19, 22] [21, -4, -8, 16] [10, 10, 25, -5]
[-2, -37, 15, 1] [16, -10, -19, -29] [-14, -15, -42, -43] [52, 13, -135, 20] [12, 0, -40, 56] [10, 16, -1, 12] [-26, -72, -19, 36]
[26, 22, 5, 6] [-32, 12, -12, 1] [39, -6, 22, -5] [-3, 2, -24, -3] [-3, -7, -38, -22] [3, -10, -14, 10] [37, 14, 22, -7]
[-15, -1, 20, -9] [7, -13, -56, -17] [-10, 6, 24, 12] [-28, 21, -53, -16] [35, 9, -14, 32] [34, -6, -42, 34] [2, -8, 25, -11]
Food (up, right, down, left):
[9, 15, 0, 28] [-15, 30, 4, -27] [14, -20, 4, 7] [-22, 1, 54, 5] [4, -15, 47, -11] [-2, -31, -18, -32] [-55, 21, 9, -14]
[-77, 9, -45, 3] [2, -6, -34, -1] [-1, 8, 21, 29] [-31, 13, -66, 33] [11, 16, -2, -52] [40, -3, -55, 29] [10, -3, 26, 32]
[-35, 3, 35, -39] [14, -2, -24, 35] [-36, -35, -30, 25] [50, -30, 32, 27] [-15, -12, -11, -26] [-1, 25, -38, -31] [63, 35, 25, 16]
[3, 26, -15, 43] [-26, -9, -28, 37] [-6, 1, -39, -7] [0, 0, 0, 0] [-13, 58, -46, -6] [18, -17, -39, -24] [-25, 56, -22, 5]
[8, 21, -14, 16] [11, 13, 5, 33] [21, -12, 38, 30] [-10, -49, 32, -4] [9, 17, 22, -9] [10, 56, 18, 13] [-7, -30, -2, -9]
[9, -30, -24, 7] [6, 12, 15, -35] [23, 4, 21, 31] [-36, -32, 61, -16] [-50, -42, 12, -65] [-35, 75, 24, 28] [1, 45, 22, 32]
[20, 0, -33, -20] [-9, -6, 24, -70] [40, 22, -7, -6] [-10, 2, -5, -34] [63, 41, 6, -25] [4, 38, 4, 6] [9, -22, 16, -15]
------------------------------
ALIVE
Head: (23 8)
Body: (23 8) (23 9) (22 9) (22 8) (21 8) (20 8) (19 8) (18 8) 
Length: 8, 4
Vision: 3
Hungry, suplies: 4/10
Reproductive: 16, mutating: 0.25
Generation: 56469
####################################
Wall (up, right, down, left):
[-3, -4, 4, -8] [-4, 2, 13, -14] [-23, -1, -12, -25] [8, 0, 15, -1] [-9, 7, 29, -2] [17, 1, -19, -24] [3, -25, 2, -6]
[-33, 1, 9, -19] [2, 19, -8, 0] [-31, 0, 15, -4] [-39, 18, 34, 14] [30, 28, 3, 4] [-35, -20, 9, -19] [-30, 9, -4, 10]
[-11, 12, 34, 28] [-5, 18, -17, -9] [-1, -4, 46, -18] [-98, 20, 69, 6] [-49, -48, -16, 35] [-24, -27, -12, 11] [-15, -18, -19, -5]
[-2, 50, -13, -38] [10, -6, 45, -35] [8, 35, 7, -111] [0, 0, 0, 0] [48, -111, 19, 22] [21, -4, -8, 16] [10, 10, 25, -5]
[-2, -37, 15, 1] [16, -10, -19, -29] [-14, -15, -42, -43] [52, 13, -135, 20] [12, 0, -40, 56] [10, 16, -1, 12] [-26, -72, -19, 36]
[26, 22, 5, 6] [-32, 12, -12, 1] [39, -4, 22, -5] [-3, 2, -24, -3] [-3, -7, -38, -22] [3, -10, -17, 10] [37, 14, 22, -7]
[-15, 0, 20, -9] [7, -13, -56, -17] [-10, 6, 24, 12] [-28, 21, -53, -16] [35, 9, -14, 31] [34, -6, -42, 34] [2, -8, 25, -11]
Food (up, right, down, left):
[9, 15, 0, 28] [-15, 30, 4, -27] [14, -20, 4, 7] [-22, 1, 54, 5] [4, -15, 47, -11] [-2, -31, -18, -32] [-55, 21, 9, -14]
[-77, 9, -45, 3] [2, -6, -29, -1] [-1, 8, 21, 29] [-31, 13, -66, 33] [11, 16, -2, -52] [40, -3, -55, 29] [10, -3, 26, 32]
[-35, 3, 35, -39] [14, -2, -24, 35] [-36, -35, -30, 25] [50, -30, 32, 27] [-15, -12, -11, -26] [-1, 25, -38, -31] [63, 35, 25, 20]
[3, 26, -15, 43] [-26, -9, -28, 37] [-6, 1, -39, -7] [0, 0, 0, 0] [-13, 58, -46, -6] [18, -17, -39, -24] [-25, 56, -22, 5]
[8, 21, -14, 16] [11, 13, 5, 33] [21, -12, 38, 30] [-10, -49, 32, -4] [9, 17, 22, -9] [10, 56, 18, 13] [-7, -30, -2, -9]
[9, -30, -24, 7] [6, 12, 15, -35] [23, 2, 21, 31] [-36, -32, 61, -16] [-50, -42, 12, -65] [-30, 75, 24, 28] [1, 45, 22, 32]
[16, 0, -33, -20] [-9, -6, 24, -70] [40, 22, -7, -6] [-10, 2, -5, -34] [64, 41, 6, -25] [4, 38, 4, 6] [9, -22, 16, -15]
------------------------------
ALIVE
Head: (2 51)
Body: (2 51) (1 51) (1 52) (1 53) (25 53) (24 53) (23 53) (22 53) (21 53) (20 53) 
Length: 10, 4
Vision: 3
Hungry, suplies: 8/10
Reproductive: 16, mutating: 0.25
Generation: 56471
####################################
Wall (up, right, down, left):
[-3, -4, 4, -8] [-4, 2, 13, -14] [-23, -1, -12, -25] [8, 0, 15, -1] [-9, 7, 29, -2] [17, 1, -19, -24] [3, -25, 2, -6]
[-33, 1, 9, -19] [2, 19, -8, 0] [-31, 0, 15, -4] [-39, 18, 34, 14] [30, 28, 3, 4] [-35, -20, 9, -19] [-30, 9, -4, 10]
[-11, 12, 34, 28] [-5, 18, -17, -9] [-1, -4, 46, -18] [-98, 20, 69, 6] [-49, -48, -16, 35] [-24, -27, -12, 11] [-15, -18, -19, -4]
[-2, 50, -13, -38] [10, -6, 45, -35] [8, 35, 7, -112] [0, 0, 0, 0] [48, -111, 19, 22] [21, -4, -8, 12] [10, 10, 25, -5]
[-6, -37, 15, 1] [16, -10, -19, -29] [-14, -15, -42, -43] [52, 13, -135, 20] [12, 0, -40, 56] [10, 16, -1, 12] [-26, -72, -19, 36]
[27, 22, 5, 6] [-32, 12, -12, 5] [39, -4, 22, -5] [-3, 2, -24, -3] [-3, -7, -38, -22] [3, -10, -17, 10] [37, 11, 22, -7]
[-15, -1, 20, -9] [7, -13, -56, -17] [-10, 6, 24, 12] [-28, 21, -53, -16] [35, 9, -14, 35] [34, -6, -42, 34] [2, -8, 25, -7]
Food (up, right, down, left):
[9, 15, 0, 28] [-15, 30, 4, -27] [14, -20, 4, 7] [-22, 1, 54, 5] [4, -15, 47, -11] [-2, -31, -18, -32] [-55, 21, 9, -14]
[-77, 9, -45, 3] [2, -6, -29, -1] [-1, 8, 21, 29] [-31, 13, -66, 33] [11, 16, -2, -52] [39, -3, -55, 29] [10, -3, 26, 32]
[-35, 3, 35, -39] [14, -2, -24, 35] [-36, -35, -30, 25] [50, -30, 32, 27] [-15, -12, -11, -26] [-1, 25, -38, -31] [63, 35, 25, 18]
[3, 26, -15, 43] [-26, -9, -28, 37] [-6, 1, -39, -12] [0, 0, 0, 0] [-13, 58, -46, -6] [18, -21, -39, -24] [-25, 56, -22, 5]
[9, 21, -14, 16] [11, 13, 5, 33] [21, -12, 38, 30] [-10, -49, 32, -4] [9, 17, 22, -9] [10, 56, 18, 13] [-7, -30, -2, -9]
[12, -30, -24, 7] [6, 12, 15, -32] [23, 2, 21, 31] [-36, -32, 61, -16] [-50, -42, 12, -65] [-30, 75, 24, 28] [1, 45, 22, 32]
[20, 0, -33, -20] [-9, -6, 24, -70] [40, 22, -7, -6] [-10, 2, -5, -34] [64, 41, 9, -25] [4, 38, 4, 6] [9, -22, 16, -14]
------------------------------
ALIVE
Head: (14 52)
Body: (14 52) (14 51) (13 51) (13 50) (12 50) (11 50) (10 50) (10 49) (10 48) (10 47) 
Length: 10, 4
Vision: 3
Hungry, suplies: 9/10
Reproductive: 16, mutating: 0.25
Generation: 56468
####################################
Wall (up, right, down, left):
[-3, -4, 4, -8] [-4, 2, 13, -14] [-23, -1, -12, -26] [8, 0, 15, -1] [-9, 7, 29, -2] [17, 1, -19, -24] [3, -25, 2, -6]
[-33, 1, 9, -19] [2, 19, -8, 0] [-31, 0, 15, -4] [-39, 18, 34, 14] [30, 28, 3, 4] [-35, -20, 9, -19] [-30, 9, -4, 10]
[-11, 12, 34, 28] [-5, 18, -17, -9] [-1, -4, 46, -18] [-98, 20, 69, 6] [-49, -48, -16, 35] [-24, -27, -12, 11] [-15, -18, -19, -4]
[-2, 50, -13, -38] [10, -6, 45, -35] [8, 35, 7, -112] [0, 0, 0, 0] [48, -111, 19, 22] [21, -4, -8, 12] [10, 10, 25, -5]
[-6, -37, 15, 1] [16, -10, -19, -29] [-14, -15, -42, -43] [52, 13, -135, 20] [12, 0, -40, 56] [10, 16, -1, 12] [-26, -72, -19, 36]
[27, 22, 5, 10] [-32, 12, -12, 5] [39, -4, 22, -5] [-3, 2, -24, -3] [-3, -7, -38, -23] [3, -10, -17, 10] [37, 11, 22, -7]
[-15, -1, 20, -9] [7, -13, -56, -17] [-10, 6, 24, 12] [-28, 21, -53, -16] [35, 9, -14, 31] [34, -6, -42, 34] [2, -8, 25, -7]
Food (up, right, down, left):
[9, 15, 0, 28] [-15, 30, 4, -27] [14, -20, 4, 8] [-22, 1, 54, 5] [4, -15, 47, -11] [-2, -31, -18, -32] [-55, 21, 9, -14]
[-77, 9, -45, 3] [2, -6, -29, -1] [-1, 8, 21, 29] [-31, 13, -66, 33] [11, 16, -2, -52] [39, -3, -55, 29] [10, -3, 26, 32]
[-35, 3, 35, -39] [14, -2, -24, 35] [-36, -35, -30, 25] [50, -30, 32, 27] [-15, -12, -11, -26] [-1, 25, -38, -31] [63, 35, 25, 16]
[3, 26, -15, 43] [-26, -9, -28, 37] [-6, 1, -39, -12] [0, 0, 0, 0] [-13, 58, -46, -6] [18, -21, -39, -24] [-25, 56, -22, 5]
[9, 21, -14, 16] [11, 13, 5, 33] [21, -12, 38, 30] [-10, -49, 32, -4] [9, 17, 22, -9] [10, 56, 18, 13] [-7, -30, -2, -9]
[12, -30, -24, 3] [6, 12, 15, -32] [23, 2, 21, 31] [-36, -32, 61, -16] [-50, -42, 8, -65] [-30, 75, 24, 28] [1, 45, 22, 32]
[20, 0, -33, -20] [-9, -6, 24, -70] [40, 22, -7, -6] [-10, 2, -5, -34] [64, 41, 6, -25] [4, 38, 4, 6] [9, -22, 16, -14]
------------------------------
ALIVE
Head: (20 12)
Body: (20 12) (19 12) (18 12) (17 12) (16 12) (16 11) (16 10) 
Length: 7, 4
Vision: 3
Hungry, suplies: 7/10
Reproductive: 16, mutating: 0.25
Generation: 56467
####################################
Wall (up, right, down, left):
[-3, -4, 4, -8] [-4, 2, 13, -14] [-23, -1, -12, -25] [8, 0, 15, -1] [-9, 7, 29, -2] [17, 1, -19, -24] [3, -25, 2, -6]
[-33, 1, 9, -19] [2, 19, -8, 0] [-31, 0, 15, -4] [-39, 18, 34, 14] [30, 28, 3, 4] [-35, -20, 9, -19] [-30, 9, -4, 10]
[-11, 12, 34, 28] [-5, 18, -17, -9] [-1, -4, 46, -18] [-98, 20, 69, 6] [-49, -48, -16, 35] [-24, -27, -12, 11] [-15, -18, -19, -4]
[-2, 50, -13, -38] [10, -6, 45, -35] [8, 35, 7, -112] [0, 0, 0, 0] [48, -111, 19, 22] [21, -4, -8, 12] [10, 10, 25, -5]
[-6, -37, 15, 1] [16, -10, -19, -29] [-14, -15, -42, -43] [52, 13, -135, 20] [12, 0, -40, 56] [10, 16, -1, 12] [-26, -72, -19, 36]
[27, 22, 5, 6] [-32, 12, -12, 5] [39, -4, 22, -5] [-3, 2, -24, -3] [-3, -7, -38, -22] [3, -10, -17, 10] [37, 11, 22, -7]
[-15, -1, 20, -9] [7, -13, -56, -17] [-10, 6, 24, 12] [-28, 21, -53, -16] [35, 9, -14, 31] [34, -6, -42, 34] [2, -8, 25, -7]
Food (up, right, down, left):
[9, 15, 0, 28] [-15, 30, 4, -27] [14, -20, 4, 7] [-22, 1, 54, 5] [4, -15, 47, -11] [-2, -31, -18, -32] [-55, 21, 9, -14]
[-77, 9, -45, 3] [2, -6, -29, -1] [-1, 8, 21, 29] [-31, 13, -66, 33] [11, 16, -2, -52] [39, -3, -55, 29] [10, -3, 26, 32]
[-35, 3, 35, -39] [14, -2, -24, 35] [-36, -35, -30, 25] [50, -30, 32, 27] [-15, -12, -11, -26] [-1, 25, -38, -31] [63, 35, 25, 16]
[3, 26, -15, 43] [-26, -9, -28, 37] [-6, 1, -39, -12] [0, 0, 0, 0] [-13, 58, -46, -6] [18, -21, -39, -24] [-25, 56, -22, 5]
[9, 21, -14, 16] [11, 13, 5, 33] [21, -12, 38, 30] [-10, -49, 32, -4] [9, 17, 22, -9] [10, 56, 18, 13] [-7, -30, -2, -9]
[12, -30, -24, 7] [6, 12, 15, -32] [23, 2, 21, 31] [-36, -32, 61, -16] [-50, -42, 12, -65] [-30, 75, 24, 28] [1, 45, 22, 32]
[20, 0, -33, -20] [-9, -6, 24, -70] [40, 22, -7, -6] [-10, 2, -5, -34] [64, 41, 6, -25] [4, 38, 4, 6] [9, -22, 16, -14]
------------------------------
ALIVE
Head: (23 24)
Body: (23 24) (22 24) (22 23) (22 22) (22 21) (21 21) (20 21) (19 21) 
Length: 8, 4
Vision: 3
Hungry, suplies: 10/10
Reproductive: 16, mutating: 0.25
Generation: 56469
####################################
Wall (up, right, down, left):
[-3, -4, 4, -8] [-4, 2, 13, -14] [-23, -1, -12, -25] [8, 0, 15, -1] [-9, 7, 29, -2] [17, 1, -19, -24] [3, -25, 2, -6]
[-33, 1, 9, -19] [2, 19, -8, 0] [-31, 0, 15, -4] [-39, 18, 34, 14] [30, 28, 3, 4] [-35, -20, 9, -19] [-30, 9, -4, 10]
[-11, 12, 34, 28] [-5, 18, -17, -9] [-1, -4, 46, -18] [-98, 20, 69, 6] [-49, -48, -16, 35] [-24, -27, -12, 11] [-15, -18, -19, -4]
[-2, 50, -13, -38] [10, -6, 45, -35] [8, 35, 7, -112] [0, 0, 0, 0] [48, -111, 19, 22] [21, -4, -8, 12] [10, 10, 25, -5]
[-6, -37, 15, 1] [16, -10, -19, -29] [-14, -15, -42, -43] [52, 13, -135, 20] [12, 0, -40, 56] [10, 16, -1, 12] [-26, -72, -19, 36]
[27, 22, 5, 6] [-32, 12, -12, 5] [39, -4, 22, -5] [-3, 2, -24, -3] [-3, -7, -38, -22] [3, -10, -17, 10] [37, 11, 22, -7]
[-15, -1, 20, -9] [7, -13, -56, -17] [-10, 6, 24, 12] [-28, 21, -53, -16] [35, 9, -14, 35] [34, -6, -42, 34] [2, -8, 25, -7]
Food (up, right, down, left):
[9, 15, 0, 28] [-15, 30, 4, -27] [14, -20, 4, 7] [-22, 1, 54, 5] [4, -15, 47, -11] [-2, -31, -18, -32] [-55, 21, 9, -14]
[-77, 9, -45, 3] [2, -6, -29, -1] [-1, 8, 21, 29] [-31, 13, -66, 33] [11, 16, -2, -52] [39, -3, -55, 29] [10, -3, 26, 32]
[-35, 3, 35, -39] [14, -2, -24, 35] [-36, -35, -30, 25] [50, -30, 32, 27] [-15, -12, -11, -26] [-1, 25, -38, -31] [63, 35, 25, 18]
[3, 26, -15, 43] [-26, -9, -28, 37] [-6, 1, -39, -12] [0, 0, 0, 0] [-13, 58, -46, -6] [18, -21, -39, -24] [-25, 56, -22, 5]
[9, 21, -14, 16] [11, 13, 5, 33] [21, -12, 38, 30] [-10, -49, 32, -4] [9, 17, 22, -9] [10, 56, 18, 13] [-7, -30, -2, -9]
[12, -30, -24, 7] [6, 12, 15, -32] [23, 2, 21, 31] [-36, -32, 61, -16] [-50, -42, 12, -65] [-30, 75, 24, 28] [1, 45, 22, 32]
[20, 0, -33, -20] [-9, -6, 24, -70] [40, 22, -7, -6] [-10, 2, -5, -34] [64, 41, 9, -25] [4, 38, 4, 6] [9, -22, 16, -14]
------------------------------
ALIVE
Head: (23 2)
Body: (23 2) (24 2) (0 2) (0 1) (0 0) (1 57) (1 56) (0 56) (24 56) 
Length: 9, 4
Vision: 3
Hungry, suplies: 10/10
Reproductive: 16, mutating: 0.25
Generation: 56467
####################################
Wall (up, right, down, left):
[-3, -4, 4, -8] [-4, 2, 13, -14] [-23, -1, -12, -25] [8, 0, 15, -1] [-9, 7, 31, -2] [17, 1, -19, -24] [3, -25, 2, -6]
[-33, 1, 9, -19] [2, 19, -8, 0] [-31, 0, 15, -4] [-39, 18, 34, 14] [30, 28, 3, 4] [-35, -20, 9, -19] [-30, 9, -4, 10]
[-11, 12, 34, 28] [-5, 18, -17, -9] [-1, -4, 46, -18] [-98, 20, 69, 6] [-49, -48, -16, 35] [-24, -27, -12, 11] [-15, -18, -19, -4]
[-2, 50, -13, -38] [10, -6, 45, -35] [8, 35, 7, -111] [0, 0, 0, 0] [48, -111, 19, 22] [21, -4, -8, 16] [10, 10, 25, -5]
[-2, -37, 15, 1] [16, -10, -19, -29] [-14, -15, -42, -43] [52, 13, -135, 20] [12, 0, -40, 56] [10, 16, -1, 12] [-26, -72, -19, 36]
[26, 22, 5, 6] [-32, 12, -12, 1] [39, -4, 22, -5] [-3, 2, -24, -3] [-3, -7, -38, -22] [3, -10, -14, 10] [37, 14, 22, -7]
[-15, -1, 20, -9] [7, -13, -56, -17] [-10, 6, 24, 12] [-28, 21, -53, -16] [35, 9, -14, 31] [34, -6, -42, 34] [2, -8, 25, -11]
Food (up, right, down, left):
[9, 15, 0, 28] [-15, 30, 4, -27] [14, -20, 4, 7] [-22, 1, 54, 5] [4, -10, 47, -11] [-2, -31, -18, -32] [-55, 21, 9, -14]
[-77, 9, -45, 3] [2, -6, -29, -1] [-1, 8, 21, 29] [-31, 13, -66, 33] [11, 16, -2, -52] [40, -3, -55, 29] [10, -3, 26, 32]
[-35, 3, 35, -39] [14, -2, -24, 35] [-36, -35, -30, 25] [50, -30, 32, 27] [-15, -12, -11, -26] [-1, 25, -38, -31] [63, 35, 25, 16]
[3, 26, -15, 43] [-26, -9, -28, 37] [-6, 1, -39, -7] [0, 0, 0, 0] [-13, 58, -46, -6] [18, -17, -39, -24] [-25, 56, -22, 5]
[8, 21, -14, 16] [11, 13, 5, 33] [21, -12, 38, 30] [-10, -49, 32, -4] [9, 17, 22, -9] [10, 56, 18, 13] [-7, -30, -2, -9]
[9, -30, -24, 7] [6, 12, 15, -35] [23, 2, 21, 31] [-36, -32, 61, -16] [-50, -42, 12, -65] [-35, 75, 24, 28] [1, 45, 22, 32]
[20, 0, -33, -20] [-9, -6, 24, -70] [40, 22, -7, -6] [-10, 2, -5, -34] [64, 41, 6, -25] [4, 38, 4, 6] [9, -22, 16, -15]
------------------------------
ALIVE
Head: (18 40)
Body: (18 40) (17 40) (16 40) (15 40) (14 40) (14 39) (13 39) (12 39) (11 39) (10 39) (9 39) 
Length: 11, 4
Vision: 3
Hungry, suplies: 2/10
Reproductive: 16, mutating: 0.25
Generation: 56468
####################################
Wall (up, right, down, left):
[-3, -4, 4, -8] [-4, 2, 13, -14] [-23, -1, -12, -25] [8, 0, 15, -1] [-9, 7, 29, -2] [17, 1, -19, -24] [3, -25, 2, -6]
[-33, 1, 9, -19] [6, 19, -8, 0] [-31, 0, 15, -4] [-39, 18, 34, 14] [30, 28, 3, 4] [-35, -20, 9, -19] [-30, 9, -4, 10]
[-11, 12, 34, 28] [-5, 18, -17, -9] [-1, -4, 46, -18] [-98, 20, 69, 6] [-49, -48, -16, 35] [-24, -27, -12, 11] [-15, -18, -19, -4]
[-2, 50, -13, -38] [10, -6, 45, -35] [8, 35, 7, -111] [0, 0, 0, 0] [48, -111, 19, 22] [21, -4, -8, 16] [10, 10, 25, -5]
[-2, -37, 15, 1] [16, -10, -19, -29] [-14, -15, -42, -43] [52, 12, -135, 20] [12, 0, -40, 56] [10, 16, -1, 12] [-26, -72, -19, 36]
[26, 22, 5, 6] [-32, 12, -12, 1] [39, -6, 22, -5] [-3, 2, -24, -3] [-3, -7, -38, -22] [3, -10, -14, 10] [37, 14, 22, -7]
[-15, -1, 20, -9] [7, -13, -56, -17] [-10, 6, 24, 12] [-28, 21, -53, -16] [35, 9, -14, 32] [34, -6, -42, 34] [2, -8, 25, -11]
Food (up, right, down, left):
[9, 15, 0, 28] [-15, 30, 4, -27] [14, -20, 4, 7] [-22, 1, 54, 5] [4, -15, 47, -11] [-2, -31, -18, -32] [-55, 21, 9, -14]
[-77, 9, -45, 3] [2, -6, -34, -1] [-1, 8, 21, 29] [-31, 13, -66, 33] [11, 16, -2, -52] [40, -3, -55, 29] [10, -3, 26, 32]
[-35, 3, 35, -39] [14, -2, -24, 35] [-36, -35, -30, 25] [50, -30, 32, 27] [-15, -12, -11, -26] [-1, 25, -38, -31] [63, 35, 25, 16]
[3, 26, -15, 43] [-26, -9, -28, 37] [-6, 1, -39, -7] [0, 0, 0, 0] [-13, 58, -46, -6] [18, -17, -39, -24] [-25, 56, -22, 5]
[8, 21, -14, 16] [11, 13, 5, 33] [21, -12, 38, 30] [-10, -49, 32, -4] [9, 17, 22, -9] [10, 56, 18, 13] [-7, -30, -2, -9]
[9, -30, -24, 7] [6, 12, 15, -35] [23, 4, 21, 31] [-36, -32, 61, -16] [-50, -42, 12, -65] [-35, 75, 24, 28] [1, 45, 22, 32]
[20, 0, -33, -20] [-9, -6, 24, -70] [40, 22, -7, -6] [-10, 2, -5, -34] [63, 41, 6, -25] [4, 38, 4, 6] [9, -22, 16, -15]
------------------------------
ALIVE
Head: (16 3)
Body: (16 3) (16 4) (16 5) (17 5) (18 5) (18 6) (19 6) (19 7) (18 7) (17 7) (16 7) (15 7) (14 7) 
Length: 13, 4
Vision: 3
Hungry, suplies: 7/10
Reproductive: 16, mutating: 0.25
Generation: 56470
####################################
Wall (up, right, down, left):
[-3, -4, 4, -8] [-4, 2, 13, -14] [-23, -1, -12, -25] [8, 0, 15, -1] [-9, 7, 29, -2] [17, 1, -19, -24] [3, -25, 2, -6]
[-33, 1, 9, -19] [2, 19, -8, 0] [-31, 0, 15, -4] [-39, 18, 34, 14] [30, 28, 3, 4] [-35, -20, 9, -19] [-30, 9, -4, 10]
[-11, 12, 34, 28] [-5, 18, -17, -9] [-1, -4, 46, -18] [-98, 20, 69, 6] [-49, -48, -16, 35] [-24, -27, -12, 11] [-15, -18, -19, -4]
[-2, 50, -13, -38] [10, -6, 45, -35] [8, 35, 7, -112] [0, 0, 0, 0] [48, -111, 19, 22] [21, -4, -8, 12] [10, 10, 25, -5]
[-6, -37, 15, 1] [16, -10, -19, -29] [-14, -15, -42, -43] [47, 13, -135, 20] [12, 0, -40, 56] [10, 16, -1, 12] [-26, -72, -19, 36]
[27, 22, 5, 6] [-32, 12, -12, 5] [39, -4, 22, -5] [-3, -1, -24, -3] [-3, -8, -38, -22] [3, -10, -17, 10] [37, 11, 22, -7]
[-15, -1, 20, -9] [7, -13, -56, -17] [-10, 6, 24, 12] [-28, 21, -53, -16] [35, 9, -14, 31] [34, -6, -42, 34] [2, -8, 25, -7]
Food (up, right, down, left):
[9, 15, 0, 28] [-15, 30, 4, -27] [14, -20, 4, 7] [-22, 1, 54, 5] [4, -15, 47, -11] [-2, -31, -18, -32] [-55, 21, 9, -14]
[-77, 9, -45, 3] [2, -6, -29, -1] [-1, 8, 21, 29] [-31, 13, -66, 33] [11, 16, -2, -52] [39, -3, -55, 29] [10, -3, 26, 32]
[-35, 3, 35, -39] [14, -2, -24, 35] [-36, -35, -30, 25] [50, -30, 32, 27] [-15, -12, -11, -26] [-1, 25, -38, -31] [63, 35, 25, 16]
[3, 26, -15, 43] [-26, -9, -28, 37] [-6, 1, -39, -12] [0, 0, 0, 0] [-13, 58, -46, -6] [18, -21, -39, -24] [-25, 56, -22, 5]
[9, 21, -14, 16] [11, 13, 5, 33] [21, -12, 38, 30] [-15, -49, 32, -4] [9, 17, 22, -9] [10, 56, 18, 13] [-7, -30, -2, -9]
[12, -30, -24, 7] [6, 12, 15, -32] [23, 2, 21, 31] [-36, -33, 61, -16] [-50, -42, 14, -65] [-30, 75, 24, 28] [1, 45, 22, 32]
[20, 0, -33, -20] [-9, -6, 24, -70] [40, 22, -7, -6] [-10, 2, -5, -34] [64, 41, 6, -25] [4, 38, 4, 6] [9, -22, 16, -14]
------------------------------
ALIVE
Head: (17 29)
Body: (17 29) (17 30) (18 30) (18 31) (18 32) (19 32) (20 32) (21 32) (22 32) (22 31) (23 31) (23 30) (22 30) (22 29) (21 29) 
Length: 15, 4
Vision: 3
Hungry, suplies: 9/10
Reproductive: 16, mutating: 0.25
Generation: 56465
####################################
Wall (up, right, down, left):
[-3, -4, 4, -8] [-4, 2, 13, -14] [-23, -1, -12, -25] [8, 0, 15, -1] [-9, 7, 29, -2] [17, 1, -19, -24] [3, -25, 2, -6]
[-33, 1, 9, -19] [2, 19, -8, 0] [-31, 0, 15, -4] [-39, 18, 34, 14] [30, 28, 3, 4] [-35, -20, 9, -19] [-30, 9, -4, 10]
[-11, 12, 34, 28] [-5, 18, -17, -9] [-1, -4, 46, -18] [-98, 20, 69, 6] [-49, -48, -16, 35] [-24, -27, -12, 11] [-15, -18, -19, -4]
[-2, 50, -13, -38] [10, -6, 45, -35] [8, 35, 7, -112] [0, 0, 0, 0] [48, -111, 19, 22] [21, -4, -8, 12] [10, 10, 25, -5]
[-6, -37, 15, 1] [16, -10, -19, -29] [-14, -15, -42, -43] [52, 13, -135, 20] [12, 0, -40, 56] [10, 16, -1, 12] [-26, -72, -19, 36]
[27, 22, 5, 6] [-32, 12, -12, 5] [39, -4, 22, -5] [-3, -1, -24, -3] [-3, -7, -38, -22] [3, -10, -17, 10] [37, 11, 22, -7]
[-15, -1, 20, -9] [7, -13, -56, -17] [-10, 6, 24, 12] [-28, 21, -53, -16] [35, 9, -14, 31] [34, -6, -42, 34] [2, -8, 25, -7]
Food (up, right, down, left):
[9, 15, 0, 28] [-15, 30, 4, -27] [14, -20, 4, 7] [-22, 1, 54, 5] [4, -15, 47, -11] [-2, -31, -18, -32] [-55, 21, 9, -14]
[-77, 9, -45, 3] [2, -6, -29, -1] [-1, 8, 21, 29] [-31, 13, -66, 33] [11, 16, -2, -52] [39, -3, -55, 29] [10, -3, 26, 32]
[-35, 3, 35, -39] [14, -2, -24, 35] [-36, -35, -30, 25] [50, -30, 32, 27] [-15, -12, -11, -26] [-1, 25, -38, -31] [63, 35, 25, 16]
[3, 26, -15, 43] [-26, -9, -28, 37] [-6, 1, -39, -12] [0, 0, 0, 0] [-13, 58, -46, -6] [18, -21, -39, -24] [-25, 56, -22, 5]
[9, 21, -14, 16] [11, 13, 5, 33] [21, -12, 38, 30] [-10, -49, 32, -4] [9, 17, 22, -9] [10, 56, 18, 13] [-7, -30, -2, -9]
[12, -30, -24, 7] [6, 12, 15, -32] [23, 2, 21, 31] [-36, -33, 61, -16] [-50, -42, 12, -65] [-30, 75, 24, 28] [1, 45, 22, 32]
[20, 0, -33, -20] [-9, -6, 24, -70] [40, 22, -7, -6] [-10, 2, -5, -34] [64, 41, 6, -25] [4, 38, 4, 6] [9, -22, 16, -14]
------------------------------
ALIVE
Head: (1 37)
Body: (1 37) (25 37) (24 37) (24 36) (23 36) (22 36) (22 35) (22 34) 
Length: 8, 4
Vision: 3
Hungry, suplies: 1/10
Reproductive: 16, mutating: 0.25
Generation: 56462
####################################
Wall (up, right, down, left):
[-3, -4, 4, -8] [-4, 2, 13, -14] [-23, -1, -12, -25] [8, 0, 15, -1] [-9, 7, 29, -2] [17, 1, -19, -24] [3, -25, 2, -6]
[-33, 1, 9, -19] [2, 19, -8, 0] [-31, 0, 15, -4] [-39, 18, 34, 14] [30, 28, 3, 4] [-35, -20, 9, -19] [-30, 9, -4, 10]
[-11, 12, 34, 28] [-5, 18, -17, -9] [-1, -4, 46, -18] [-98, 20, 69, 6] [-49, -48, -16, 35] [-24, -27, -12, 11] [-15, -18, -19, -4]
[-2, 50, -13, -38] [10, -6, 45, -35] [8, 35, 7, -112] [0, 0, 0, 0] [48, -111, 19, 22] [21, -4, -8, 12] [10, 10, 25, -5]
[-6, -37, 15, 1] [16, -10, -19, -29] [-14, -15, -42, -43] [52, 13, -135, 20] [12, 0, -40, 56] [10, 16, -1, 12] [-26, -72, -19, 36]
[27, 22, 5, 6] [-32, 12, -12, 5] [39, -4, 22, -5] [-3, 2, -24, -3] [-3, -7, -38, -22] [3, -10, -17, 10] [37, 11, 22, -7]
[-15, -1, 20, -9] [7, -13, -56, -17] [-10, 6, 24, 12] [-28, 21, -53, -16] [35, 9, -14, 35] [34, -6, -42, 34] [2, -8, 25, -7]
Food (up, right, down, left):
[9, 15, 0, 28] [-15, 30, 4, -27] [14, -20, 4, 7] [-22, 1, 54, 5] [4, -15, 47, -11] [-2, -31, -18, -32] [-55, 21, 9, -14]
[-77, 9, -45, 3] [2, -6, -29, -1] [-1, 8, 21, 29] [-31, 13, -66, 33] [11, 16, -2, -52] [39, -3, -55, 29] [10, -3, 26, 32]
[-35, 3, 35, -39] [14, -2, -24, 35] [-36, -35, -30, 25] [50, -30, 32, 27] [-15, -12, -11, -26] [-1, 25, -38, -31] [63, 35, 25, 18]
[3, 26, -15, 43] [-26, -9, -28, 37] [-6, 1, -39, -12] [0, 0, 0, 0] [-13, 58, -46, -6] [18, -21, -39, -24] [-25, 56, -22, 5]
[9, 21, -14, 16] [11, 13, 5, 33] [21, -12, 38, 30] [-10, -49, 32, -4] [9, 17, 22, -9] [10, 56, 18, 13] [-7, -30, -2, -9]
[12, -30, -24, 7] [6, 12, 15, -32] [23, 2, 21, 31] [-36, -32, 61, -16] [-50, -42, 12, -65] [-30, 75, 24, 28] [1, 45, 22, 32]
[20, 0, -33, -20] [-9, -6, 24, -70] [40, 22, -7, -6] [-10, 2, -5, -34] [64, 41, 9, -25] [4, 38, 4, 6] [9, -22, 16, -14]
------------------------------
ALIVE
Head: (2 40)
Body: (2 40) (2 41) (2 42) (2 43) (3 43) (4 43) (5 43) (6 43) (7 43) 
Length: 9, 4
Vision: 3
Hungry, suplies: 9/10
Reproductive: 16, mutating: 0.25
Generation: 56469
####################################
Wall (up, right, down, left):
[-3, -4, 4, -8] [-4, 2, 13, -14] [-23, -1, -12, -25] [8, 0, 15, -1] [-9, 7, 29, -2] [17, 1, -19, -24] [3, -25, 2, -6]
[-33, 1, 9, -19] [2, 19, -8, -3] [-31, 0, 15, -4] [-39, 18, 34, 14] [30, 28, 3, 4] [-35, -20, 9, -19] [-30, 9, -4, 10]
[-11, 12, 34, 28] [-5, 18, -15, -9] [-1, -4, 46, -18] [-98, 20, 69, 6] [-49, -48, -16, 35] [-24, -27, -12, 11] [-15, -18, -19, -4]
[-2, 50, -13, -38] [10, -6, 45, -35] [8, 35, 7, -112] [0, 0, 0, 0] [48, -111, 19, 22] [21, -4, -8, 12] [10, 10, 25, -5]
[-6, -37, 15, 1] [16, -10, -19, -29] [-14, -15, -42, -43] [52, 13, -135, 20] [12, 0, -40, 56] [10, 16, -1, 12] [-26, -72, -19, 36]
[27, 22, 5, 6] [-32, 12, -12, 5] [39, -4, 22, -5] [-3, 2, -24, -3] [-3, -7, -38, -22] [3, -10, -17, 10] [37, 11, 22, -7]
[-15, -1, 20, -9] [7, -13, -56, -17] [-10, 6, 24, 12] [-28, 21, -53, -16] [35, 9, -14, 35] [34, -6, -42, 34] [2, -8, 25, -7]
Food (up, right, down, left):
[9, 15, 0, 28] [-15, 30, 4, -27] [14, -20, 4, 7] [-22, 1, 54, 5] [4, -15, 47, -11] [-2, -31, -18, -32] [-55, 21, 9, -14]
[-77, 9, -45, 3] [2, -2, -29, -1] [-1, 8, 21, 29] [-31, 13, -66, 33] [11, 16, -2, -52] [39, -3, -55, 29] [10, -3, 26, 32]
[-35, 3, 35, -39] [14, -2, -26, 35] [-36, -35, -30, 25] [50, -30, 32, 27] [-15, -12, -11, -26] [-1, 25, -38, -31] [63, 35, 25, 18]
[3, 26, -15, 43] [-26, -9, -28, 37] [-6, 1, -39, -12] [0, 0, 0, 0] [-13, 58, -46, -6] [18, -21, -39, -24] [-25, 56, -22, 5]
[9, 21, -14, 16] [11, 13, 5, 33] [21, -12, 38, 30] [-10, -49, 32, -4] [9, 17, 22, -9] [10, 56, 18, 13] [-7, -30, -2, -9]
[12, -30, -24, 7] [6, 12, 15, -32] [23, 2, 21, 31] [-36, -32, 61, -16] [-50, -42, 12, -65] [-30, 75, 24, 28] [1, 45, 22, 32]
[20, 0, -33, -20] [-9, -6, 24, -70] [40, 22, -7, -6] [-10, 2, -5, -34] [64, 41, 9, -25] [4, 38, 4, 6] [9, -22, 16, -14]
------------------------------
ALIVE
Head: (12 1)
Body: (12 1) (11 1) (10 1) (10 0) (10 -1) (10 55) (10 54) (9 54) 
Length: 8, 4
Vision: 3
Hungry, suplies: 7/10
Reproductive: 16, mutating: 0.25
Generation: 56469
####################################
Wall (up, right, down, left):
[-3, -4, 4, -8] [-4, 2, 13, -14] [-23, -1, -12, -25] [8, 0, 15, -1] [-9, 7, 29, -2] [17, 1, -19, -24] [3, -25, 2, -6]
[-33, 1, 9, -19] [6, 19, -8, 0] [-31, 0, 15, -4] [-39, 18, 34, 14] [30, 28, 3, 4] [-35, -20, 9, -19] [-30, 9, -4, 10]
[-11, 12, 34, 28] [-5, 18, -17, -9] [-1, -4, 46, -18] [-98, 20, 69, 6] [-49, -48, -16, 35] [-24, -27, -12, 11] [-15, -18, -19, -4]
[-2, 50, -13, -38] [10, -6, 45, -35] [8, 35, 7, -111] [0, 0, 0, 0] [48, -111, 19, 22] [21, -4, -8, 16] [10, 10, 25, -5]
[-2, -37, 15, 1] [16, -10, -19, -29] [-14, -15, -42, -43] [52, 13, -135, 20] [12, 0, -40, 56] [10, 16, -1, 12] [-26, -72, -19, 33]
[26, 22, 5, 6] [-32, 12, -12, 1] [39, -6, 22, -5] [-3, 2, -24, -3] [-3, -7, -38, -22] [3, -10, -14, 10] [37, 14, 22, -7]
[-15, -1, 20, -9] [7, -13, -56, -17] [-10, 6, 24, 12] [-28, 21, -53, -16] [35, 9, -14, 32] [34, -6, -42, 34] [2, -8, 25, -11]
Food (up, right, down, left):
[9, 15, 0, 28] [-15, 30, 4, -27] [14, -20, 4, 7] [-22, 1, 54, 5] [4, -15, 47, -11] [-2, -31, -18, -32] [-55, 21, 9, -14]
[-77, 9, -45, 3] [2, -6, -34, -1] [-1, 8, 21, 29] [-31, 13, -66, 33] [11, 16, -2, -52] [40, -3, -55, 29] [10, -3, 26, 32]
[-35, 3, 35, -39] [14, -2, -24, 35] [-36, -35, -30, 25] [50, -30, 32, 27] [-15, -12, -11, -26] [-1, 25, -38, -31] [63, 35, 25, 16]
[3, 26, -15, 43] [-26, -9, -28, 37] [-6, 1, -39, -7] [0, 0, 0, 0] [-13, 58, -46, -6] [18, -17, -39, -24] [-25, 56, -22, 5]
[8, 21, -14, 16] [11, 13, 5, 33] [21, -12, 38, 30] [-10, -49, 32, -4] [9, 17, 22, -9] [10, 56, 18, 13] [-7, -31, -2, -9]
[9, -30, -24, 7] [6, 12, 15, -35] [23, 4, 21, 31] [-36, -32, 61, -16] [-50, -42, 12, -65] [-35, 75, 24, 28] [1, 45, 22, 32]
[20, 0, -33, -20] [-9, -6, 24, -70] [40, 22, -7, -6] [-10, 2, -5, -34] [63, 41, 6, -25] [4, 38, 4, 6] [9, -22, 16, -15]
------------------------------
ALIVE
Head: (24 24)
Body: (24 24) (24 23) (24 22) (25 22) (0 21) (1 21) (2 21) (3 21) 
Length: 8, 4
Vision: 3
Hungry, suplies: 8/10
Reproductive: 16, mutating: 0.25
Generation: 56468
####################################
Wall (up, right, down, left):
[-3, -4, 4, -8] [-4, 2, 13, -14] [-23, -1, -12, -25] [8, 0, 15, -1] [-9, 7, 29, -2] [17, 1, -19, -24] [3, -25, 2, -6]
[-33, 1, 9, -19] [2, 19, -8, 0] [-31, 0, 15, -4] [-39, 18, 34, 14] [30, 28, 3, 4] [-35, -20, 9, -19] [-30, 9, -4, 10]
[-11, 12, 34, 28] [-5, 18, -17, -9] [-1, -4, 46, -18] [-98, 20, 69, 6] [-49, -48, -16, 35] [-24, -27, -12, 11] [-15, -18, -19, -4]
[-2, 50, -13, -38] [10, -6, 45, -35] [8, 35, 7, -112] [0, 0, 0, 0] [48, -111, 19, 22] [21, -4, -8, 12] [10, 10, 25, -5]
[-6, -37, 15, 1] [16, -10, -19, -29] [-14, -15, -42, -43] [52, 13, -135, 20] [12, 0, -40, 56] [10, 16, -1, 12] [-26, -72, -19, 36]
[27, 22, 5, 6] [-32, 12, -12, 5] [39, -4, 22, -5] [-3, 2, -24, -3] [-3, -7, -38, -22] [3, -10, -17, 10] [37, 11, 22, -7]
[-15, -1, 20, -9] [7, -13, -56, -17] [-10, 6, 24, 12] [-28, 21, -53, -16] [35, 9, -14, 35] [34, -6, -42, 34] [2, -8, 25, -7]
Food (up, right, down, left):
[9, 15, 0, 28] [-15, 30, 4, -27] [14, -20, 4, 7] [-22, 1, 54, 5] [4, -15, 47, -11] [-2, -31, -18, -32] [-55, 21, 9, -14]
[-77, 9, -45, 3] [2, -6, -29, -1] [-1, 8, 21, 29] [-31, 13, -66, 33] [11, 16, -2, -52] [39, -3, -55, 29] [10, -3, 26, 32]
[-35, 3, 35, -39] [14, -2, -24, 35] [-36, -35, -30, 25] [50, -30, 32, 27] [-15, -12, -11, -26] [-1, 25, -38, -31] [63, 35, 25, 18]
[3, 26, -15, 43] [-26, -9, -28, 37] [-6, 1, -39, -12] [0, 0, 0, 0] [-13, 58, -46, -6] [18, -21, -39, -24] [-25, 56, -22, 5]
[9, 21, -14, 16] [11, 13, 5, 33] [21, -12, 38, 30] [-10, -49, 32, -4] [9, 17, 22, -9] [10, 56, 18, 13] [-7, -30, -2, -9]
[12, -30, -24, 7] [6, 12, 15, -32] [23, 2, 21, 31] [-36, -32, 61, -16] [-50, -42, 12, -65] [-30, 75, 24, 28] [1, 45, 22, 32]
[20, 0, -33, -20] [-9, -6, 24, -70] [40, 22, -7, -6] [-10, 2, -5, -34] [64, 41, 9, -25] [4, 38, 4, 6] [9, -22, 16, -14]
------------------------------
ALIVE
Head: (16 1)
Body: (16 1) (16 57) (16 56) (17 56) (18 56) (19 56) (20 56) (21 56) 
Length: 8, 4
Vision: 3
Hungry, suplies: 9/10
Reproductive: 16, mutating: 0.25
Generation: 56468
####################################
Wall (up, right, down, left):
[-3, -4, 4, -8] [-4, 2, 13, -14] [-23, -1, -12, -26] [8, 0, 15, -1] [-9, 7, 29, -2] [17, 1, -19, -24] [3, -25, 2, -6]
[-33, 1, 9, -19] [2, 19, -8, 0] [-31, 0, 15, -4] [-39, 18, 34, 14] [30, 28, 3, 4] [-35, -20, 9, -19] [-30, 9, -4, 10]
[-11, 12, 34, 28] [-5, 18, -17, -9] [-1, -4, 46, -18] [-98, 20, 69, 6] [-49, -48, -16, 35] [-24, -27, -12, 11] [-15, -18, -19, -4]
[-2, 50, -13, -38] [10, -6, 45, -35] [8, 35, 7, -112] [0, 0, 0, 0] [48, -111, 19, 22] [21, -4, -8, 12] [10, 10, 25, -5]
[-6, -37, 15, 1] [16, -10, -19, -29] [-14, -15, -42, -43] [52, 13, -135, 20] [12, 0, -40, 56] [10, 16, -1, 12] [-26, -72, -19, 36]
[27, 22, 5, 10] [-32, 12, -12, 5] [39, -4, 22, -5] [-3, 2, -24, -3] [-3, -7, -38, -23] [3, -10, -17, 10] [37, 11, 22, -7]
[-15, -1, 20, -9] [7, -13, -56, -17] [-10, 6, 24, 12] [-28, 21, -53, -16] [35, 9, -14, 31] [34, -6, -42, 34] [2, -8, 25, -7]
Food (up, right, down, left):
[9, 15, 0, 28] [-15, 30, 4, -27] [14, -20, 4, 8] [-22, 1, 54, 5] [4, -15, 47, -11] [-2, -31, -18, -32] [-55, 21, 9, -14]
[-77, 9, -45, 3] [2, -6, -29, -1] [-1, 8, 21, 29] [-31, 13, -66, 33] [11, 16, -2, -52] [39, -3, -55, 29] [10, -3, 26, 32]
[-35, 3, 35, -39] [14, -2, -24, 35] [-36, -35, -30, 25] [50, -30, 32, 27] [-15, -12, -11, -26] [-1, 25, -38, -31] [63, 35, 25, 16]
[3, 26, -15, 43] [-26, -9, -28, 37] [-6, 1, -39, -12] [0, 0, 0, 0] [-13, 58, -46, -6] [18, -21, -39, -24] [-25, 56, -22, 5]
[9, 21, -14, 16] [11, 13, 5, 33] [21, -12, 38, 30] [-10, -49, 32, -4] [9, 17, 22, -9] [10, 56, 18, 13] [-7, -30, -2, -9]
[12, -30, -24, 3] [6, 12, 15, -32] [23, 2, 21, 31] [-36, -32, 61, -16] [-50, -42, 8, -65] [-30, 75, 24, 28] [1, 45, 22, 32]
[20, 0, -33, -20] [-9, -6, 24, -70] [40, 22, -7, -6] [-10, 2, -5, -34] [64, 41, 6, -25] [4, 38, 4, 6] [9, -22, 16, -14]
------------------------------
ALIVE
Head: (9 42)
Body: (9 42) (9 43) (10 43) (11 43) (12 43) (13 43) (14 43) (15 43) 
Length: 8, 4
Vision: 3
Hungry, suplies: 10/10
Reproductive: 16, mutating: 0.25
Generation: 56465
####################################
Wall (up, right, down, left):
[-3, -4, 4, -8] [-4, 2, 13, -14] [-23, -1, -12, -25] [8, 0, 15, -1] [-9, 7, 29, -2] [17, 1, -19, -24] [3, -25, 2, -6]
[-33, 1, 9, -19] [2, 19, -8, 0] [-31, 0, 15, -4] [-39, 18, 34, 14] [30, 28, 3, 4] [-35, -20, 9, -19] [-30, 9, -4, 10]
[-11, 12, 34, 28] [-5, 18, -17, -9] [-1, -4, 46, -18] [-98, 20, 69, 6] [-49, -48, -16, 35] [-24, -27, -12, 11] [-15, -18, -19, -4]
[-2, 50, -13, -38] [10, -6, 45, -35] [8, 35, 7, -112] [0, 0, 0, 0] [48, -111, 19, 22] [21, -4, -8, 12] [10, 10, 25, -5]
[-6, -37, 15, 1] [16, -10, -19, -29] [-14, -15, -42, -43] [52, 13, -135, 20] [12, 0, -40, 56] [10, 16, -1, 12] [-26, -72, -19, 36]
[27, 22, 5, 6] [-32, 12, -12, 5] [39, -4, 22, -5] [-3, -1, -24, -3] [-3, -8, -38, -22] [3, -10, -17, 10] [37, 11, 22, -7]
[-15, -1, 20, -9] [7, -13, -56, -17] [-10, 6, 24, 12] [-28, 21, -53, -16] [35, 9, -14, 31] [34, -6, -42, 34] [2, -8, 25, -7]
Food (up, right, down, left):
[9, 15, 0, 28] [-15, 30, 4, -27] [14, -20, 4, 7] [-22, 1, 54, 5] [4, -15, 47, -11] [-2, -31, -18, -32] [-55, 21, 9, -14]
[-77, 9, -45, 3] [2, -6, -29, -1] [-1, 8, 21, 29] [-31, 13, -66, 33] [11, 16, -2, -52] [39, -3, -55, 29] [10, -3, 26, 32]
[-35, 3, 35, -39] [14, -2, -24, 35] [-36, -35, -30, 25] [50, -30, 32, 27] [-15, -12, -11, -26] [-1, 25, -38, -31] [63, 35, 25, 16]
[3, 26, -15, 43] [-26, -9, -28, 37] [-6, 1, -39, -12] [0, 0, 0, 0] [-13, 58, -46, -6] [18, -21, -39, -24] [-25, 56, -22, 5]
[9, 21, -14, 16] [11, 13, 5, 33] [21, -12, 38, 30] [-10, -49, 32, -4] [9, 17, 22, -9] [10, 56, 18, 13] [-7, -30, -2, -9]
[12, -30, -24, 7] [6, 12, 15, -32] [23, 2, 21, 31] [-36, -33, 61, -16] [-50, -42, 14, -65] [-30, 75, 24, 28] [1, 45, 22, 32]
[20, 0, -33, -20] [-9, -6, 24, -70] [40, 22, -7, -6] [-10, 2, -5, -34] [64, 41, 6, -25] [4, 38, 4, 6] [9, -22, 16, -14]
------------------------------
ALIVE
Head: (6 33)
Body: (6 33) (6 34) (7 34) (8 34) (9 34) (9 35) (9 36) (10 36) 
Length: 8, 4
Vision: 3
Hungry, suplies: 10/10
Reproductive: 16, mutating: 0.25
Generation: 56464
####################################
