Wall (up, right, down, left):
[-3, -11, -15, 1] [12, -12, -21, -4] [-2, 3, 3, -13] [8, 2, 13, 7] [-18, 8, 24, -30] [2, 3, 14, -9] [-26, -14, -10, -6]
[4, 7, 13, -7] [9, 17, 12, 10] [-6, 13, 4, -11] [-28, 15, 0, 12] [28, 10, -5, 1] [-13, -9, 12, 9] [-14, -6, 12, -8]
[1, 6, 38, 2] [-6, 7, -5, 15] [-15, -7, 23, 4] [-61, 21, 34, 35] [-41, -33, -32, 10] [-3, -27, 12, 25] [-13, -10, -6, -19]
[5, 8, 4, -30] [7, 3, 8, -20] [3, 18, -5, -97] [0, 0, 0, 0] [22, -80, 21, 5] [27, -7, -17, 11] [3, -5, 4, -2]
[-29, -21, -7, -17] [9, 21, -9, 7] [-3, 15, -15, -2] [12, 8, -55, 18] [-5, -9, -17, 39] [8, 14, -10, 2] [-24, -33, 14, -1]
[16, 16, 4, 13] [6, 5, -7, -23] [14, 4, 17, -2] [-4, 0, -22, 11] [11, 22, 1, 14] [37, -5, -4, 5] [30, 3, 5, 6]
[0, -11, -12, -11] [4, -2, -6, -1] [4, -3, 11, -7] [-8, 16, -21, -3] [22, 15, -1, 3] [23, -5, -19, 9] [8, -10, 2, 2]
Food (up, right, down, left):
[30, 7, -2, 14] [-9, 6, -11, -27] [17, -5, -19, 7] [-2, -3, 27, 6] [-7, 9, -2, 11] [-5, -12, 17, -1] [-14, 24, 4, -21]
[-42, -10, -11, -27] [0, -4, -10, -6] [-2, 14, 0, 9] [-12, 13, -31, 22] [3, 9, 10, -41] [21, -5, -21, 13] [1, -1, 2, 4]
[-18, 14, -5, -35] [-11, -1, 3, 18] [-33, -29, -18, 2] [29, -17, 7, -9] [-16, -7, -5, -9] [-4, -2, -32, -26] [9, 21, 6, 24]
[7, 2, 15, 31] [-19, -10, -31, 22] [-4, 6, -21, -20] [0, 0, 0, 0] [-32, 27, -19, -1] [-19, 15, -16, -3] [1, 13, -5, 7]
[-3, 16, -2, 17] [-1, 9, 17, 11] [21, -13, 32, -2] [-9, -9, 17, -13] [-5, -7, 20, -33] [-5, 46, 11, 20] [18, 11, -7, -48]
[12, -12, -3, -13] [1, 4, 26, 22] [5, 14, 3, 19] [-15, -19, 7, -29] [-16, -17, -12, -22] [-2, 23, -14, 23] [7, 33, -11, 6]
[-12, 1, -22, -10] [7, 4, 4, -22] [11, 15, 5, -2] [-3, 12, 24, -29] [21, 31, -13, -5] [12, 31, 13, 1] [17, -19, 16, -10]
------------------------------
ALIVE
Head: (16 11)
Body: (16 11) (16 10) (16 9) (16 8) (16 7) (16 6) (16 5) (17 5) (18 5) (19 5) (20 5) (20 6) (20 7) (20 8) 
Length: 14, 4
Vision: 3
Hungry, suplies: 10/10
Reproductive: 16, mutating: 0.25
Generation: 26214
####################################
Wall (up, right, down, left):
[-3, -11, -15, 1] [12, -12, -21, -4] [-2, 3, 3, -13] [8, 2, 13, 7] [-18, 8, 24, -30] [2, 3, 14, -9] [-26, -14, -10, -6]
[4, 7, 13, -7] [9, 17, 12, 10] [-6, 13, 4, -10] [-28, 18, 0, 12] [28, 10, -5, 1] [-13, -9, 12, 9] [-14, -6, 12, -8]
[1, 6, 38, 2] [-6, 7, -5, 15] [-15, -7, 23, 4] [-61, 21, 34, 35] [-39, -33, -32, 10] [-3, -27, 12, 25] [-13, -10, -6, -19]
[5, 8, 4, -30] [7, 3, 8, -20] [3, 18, -5, -97] [0, 0, 0, 0] [22, -80, 21, 5] [27, -7, -12, 11] [3, -5, 4, -2]
[-29, -21, -7, -17] [9, 21, -9, 7] [-3, 15, -15, -2] [12, 8, -55, 18] [-5, -9, -17, 39] [8, 14, -10, 2] [-24, -33, 14, -1]
[16, 16, 4, 13] [6, 5, -7, -23] [14, 4, 17, -2] [-4, 0, -22, 11] [11, 22, 1, 14] [37, -5, -4, 5] [30, 3, 5, 6]
[0, -11, -12, -11] [4, -2, -6, -1] [4, -3, 11, -7] [-8, 16, -21, -3] [22, 15, -1, 3] [23, -5, -19, 9] [8, -10, -3, 2]
Food (up, right, down, left):
[30, 7, -2, 14] [-9, 6, -11, -27] [17, -5, -19, 7] [-2, -3, 27, 6] [-7, 9, -2, 11] [-5, -12, 17, -1] [-14, 24, 4, -21]
[-42, -10, -11, -27] [0, -4, -10, -6] [-2, 14, 0, 13] [-12, 13, -26, 22] [3, 9, 10, -41] [21, -5, -21, 13] [1, -1, 2, 4]
[-18, 14, -5, -35] [-11, -1, 3, 18] [-33, -29, -18, 2] [29, -17, 7, -9] [-16, -7, -5, -9] [-4, -2, -32, -26] [9, 21, 6, 24]
[7, 2, 15, 31] [-19, -10, -31, 22] [-4, 6, -21, -20] [0, 0, 0, 0] [-32, 27, -19, -1] [-19, 15, -20, -3] [1, 13, -5, 7]
[-3, 16, -2, 17] [-1, 9, 17, 11] [21, -13, 32, -2] [-9, -9, 17, -13] [-5, -7, 20, -33] [-5, 46, 11, 20] [18, 11, -7, -48]
[12, -12, -3, -13] [1, 4, 26, 22] [5, 14, 3, 19] [-15, -19, 7, -29] [-16, -17, -12, -22] [-2, 23, -14, 23] [7, 33, -11, 6]
[-12, 1, -22, -10] [7, 4, 4, -22] [11, 15, 5, -2] [-3, 12, 24, -29] [21, 31, -13, -5] [12, 31, 13, 1] [17, -19, 16, -9]
------------------------------
ALIVE
Head: (9 48)
Body: (9 48) (9 49) (9 50) (9 51) (9 52) (8 52) (7 52) (7 51) (8 51) (8 50) (8 49) (8 48) (8 47) 
Length: 13, 4
Vision: 3
Hungry, suplies: 9/10
Reproductive: 16, mutating: 0.25
Generation: 26212
####################################
Wall (up, right, down, left):
[-3, -11, -15, 1] [12, -12, -21, -4] [-2, 3, 3, -13] [8, 2, 13, 7] [-18, 8, 24, -30] [2, 3, 14, -9] [-30, -14, -10, -6]
[4, 7, 13, -7] [9, 17, 12, 10] [-6, 13, 4, -10] [-28, 18, 0, 12] [28, 10, -5, 1] [-13, -9, 12, 9] [-14, -6, 12, -8]
[1, 4, 38, 2] [-6, 7, -5, 15] [-15, -7, 23, 4] [-61, 21, 34, 35] [-41, -33, -32, 10] [-3, -27, 12, 25] [-13, -10, -6, -19]
[5, 8, 4, -30] [7, 3, 8, -20] [3, 18, -5, -97] [0, 0, 0, 0] [22, -80, 21, 5] [27, -7, -12, 11] [3, -5, 4, -2]
[-29, -21, -7, -17] [9, 21, -9, 7] [-3, 15, -15, -2] [12, 8, -55, 18] [-5, -9, -17, 39] [8, 14, -10, 2] [-24, -33, 14, -1]
[16, 16, 4, 13] [6, 5, -7, -23] [14, 4, 17, -2] [-4, 0, -22, 11] [11, 22, 1, 14] [37, -5, -4, 5] [28, 3, 5, 6]
[0, -11, -12, -11] [4, -2, -6, -1] [4, -3, 11, -7] [-8, 16, -21, -3] [22, 15, -1, 3] [23, -5, -19, 9] [8, -10, 2, 2]
Food (up, right, down, left):
[30, 7, -2, 14] [-9, 6, -11, -27] [17, -5, -19, 7] [-2, -3, 27, 6] [-7, 9, -2, 11] [-5, -12, 17, -1] [-19, 24, 4, -24]
[-42, -10, -11, -27] [0, -4, -10, -6] [-2, 14, 0, 13] [-12, 13, -26, 22] [3, 9, 10, -41] [21, -5, -21, 13] [1, -1, 2, 4]
[-18, 14, -10, -35] [-11, -1, 3, 18] [-33, -29, -18, 2] [29, -17, 7, -9] [-16, -7, -5, -9] [-4, -2, -32, -26] [9, 21, 6, 24]
[7, 2, 15, 31] [-19, -10, -31, 22] [-4, 6, -21, -20] [0, 0, 0, 0] [-32, 27, -19, -1] [-19, 15, -20, -3] [1, 13, -5, 7]
[-3, 16, -2, 17] [-1, 9, 17, 11] [21, -13, 32, -2] [-9, -9, 17, -13] [-5, -7, 20, -33] [-5, 46, 11, 20] [18, 11, -7, -48]
[12, -12, -3, -13] [1, 4, 26, 22] [5, 14, 3, 19] [-15, -19, 7, -29] [-16, -17, -12, -22] [-2, 23, -14, 23] [10, 33, -11, 6]
[-12, 1, -22, -10] [7, 4, 4, -22] [11, 15, 5, -2] [-3, 12, 24, -29] [21, 31, -13, -5] [12, 31, 13, 1] [17, -19, 16, -10]
------------------------------
ALIVE
Head: (7 4)
Body: (7 4) (6 4) (5 4) (4 4) (3 4) (3 3) (3 2) (3 1) (4 1) (4 57) (4 56) (4 55) 
Length: 12, 4
Vision: 3
Hungry, suplies: 10/10
Reproductive: 16, mutating: 0.25
Generation: 26211
####################################
Wall (up, right, down, left):
[-3, -11, -15, 1] [12, -12, -21, -4] [-2, 3, 3, -13] [8, 2, 13, 7] [-18, 8, 24, -30] [2, 3, 14, -9] [-30, -14, -10, -6]
[4, 7, 13, -7] [9, 17, 12, 10] [-6, 13, 4, -10] [-28, 18, 0, 12] [28, 10, -5, 1] [-13, -9, 12, 9] [-14, -6, 12, -8]
[1, 4, 38, 2] [-6, 7, -5, 15] [-15, -7, 23, 4] [-61, 21, 34, 35] [-41, -33, -32, 10] [-3, -27, 12, 25] [-13, -10, -6, -19]
[5, 8, 4, -30] [7, 3, 8, -20] [3, 18, -5, -97] [0, 0, 0, 0] [22, -80, 21, 5] [27, -7, -12, 11] [3, -5, 4, -2]
[-29, -21, -7, -17] [9, 21, -9, 7] [-3, 15, -15, -2] [12, 8, -55, 18] [-5, -9, -17, 39] [8, 14, -10, 2] [-24, -33, 14, -1]
[16, 16, 4, 13] [6, 5, -7, -23] [14, 4, 17, -2] [-4, 0, -22, 11] [11, 22, 1, 14] [37, -5, -4, 5] [28, 3, 5, 6]
[0, -11, -12, -11] [4, -2, -6, -1] [4, -3, 11, -7] [-8, 16, -21, -3] [22, 15, -1, 3] [23, -5, -19, 9] [8, -10, 2, 2]
Food (up, right, down, left):
[30, 7, -2, 14] [-9, 6, -11, -27] [17, -5, -19, 7] [-2, -3, 27, 6] [-7, 9, -2, 11] [-5, -12, 17, -1] [-19, 24, 4, -24]
[-42, -10, -11, -27] [0, -4, -10, -6] [-2, 14, 0, 13] [-12, 13, -26, 22] [3, 9, 10, -41] [21, -5, -21, 13] [1, -1, 2, 4]
[-18, 14, -10, -35] [-11, -1, 3, 18] [-33, -29, -18, 2] [29, -17, 7, -9] [-16, -7, -5, -9] [-4, -2, -32, -26] [9, 21, 6, 24]
[7, 2, 15, 31] [-19, -10, -31, 22] [-4, 6, -21, -20] [0, 0, 0, 0] [-32, 27, -19, -1] [-19, 15, -20, -3] [1, 13, -5, 7]
[-3, 16, -2, 17] [-1, 9, 17, 11] [21, -13, 32, -2] [-9, -9, 17, -13] [-5, -7, 20, -33] [-5, 46, 11, 20] [18, 11, -7, -48]
[12, -12, -3, -13] [1, 4, 26, 22] [5, 14, 3, 19] [-15, -19, 7, -29] [-16, -17, -12, -22] [-2, 23, -14, 23] [10, 33, -11, 6]
[-12, 1, -22, -10] [7, 4, 4, -22] [11, 15, 5, -2] [-3, 12, 24, -29] [21, 31, -13, -5] [12, 31, 13, 1] [17, -19, 16, -10]
------------------------------
ALIVE
Head: (13 11)
Body: (13 11) (13 10) (13 9) (13 8) (13 7) (13 6) (13 5) (13 4) (14 4) (14 3) (14 2) (14 1) (15 1) (16 1) 
Length: 14, 4
Vision: 3
Hungry, suplies: 10/10
Reproductive: 16, mutating: 0.25
Generation: 26210
####################################
Wall (up, right, down, left):
[-3, -11, -15, 1] [12, -12, -21, -4] [-2, 3, 3, -13] [8, 2, 13, 7] [-18, 8, 24, -30] [2, 3, 14, -9] [-30, -14, -10, -6]
[4, 7, 13, -7] [9, 17, 12, 10] [-6, 13, 4, -10] [-28, 18, 0, 12] [28, 10, -5, 1] [-13, -9, 12, 9] [-14, -8, 12, -8]
[1, 6, 38, 2] [-6, 7, -5, 15] [-15, -7, 23, 4] [-61, 21, 34, 35] [-41, -33, -32, 10] [-3, -29, 12, 25] [-13, -10, -6, -19]
[5, 8, 4, -30] [7, 3, 8, -20] [3, 18, -5, -92] [0, 0, 0, 0] [22, -80, 21, 5] [27, -7, -12, 11] [3, -7, 4, -2]
[-29, -21, -7, -17] [9, 21, -9, 7] [-4, 15, -15, -2] [12, 8, -55, 18] [-5, -9, -17, 42] [8, 14, -10, 2] [-24, -33, 14, 9]
[16, 16, 4, 13] [6, 5, -7, -23] [14, 4, 17, -2] [-4, 0, -22, 11] [11, 27, 1, 14] [37, -5, -4, 5] [28, 3, 5, 6]
[1, -11, -12, -11] [4, -2, -6, -1] [4, -3, 11, -7] [-8, 14, -21, -3] [22, 15, -1, 3] [23, -5, -19, 4] [8, -10, 2, 2]
Food (up, right, down, left):
[30, 7, -2, 14] [-9, 6, -11, -27] [17, -5, -19, 7] [-2, -3, 27, 6] [-7, 9, -2, 11] [-5, -12, 17, -1] [-19, 24, 4, -24]
[-42, -10, -11, -27] [0, -4, -10, -6] [-2, 14, 0, 13] [-12, 13, -26, 22] [3, 9, 10, -41] [21, -5, -21, 13] [1, -1, 2, 4]
[-18, 14, -5, -35] [-11, -1, 3, 18] [-33, -29, -18, 2] [29, -17, 7, -9] [-16, -7, -5, -9] [-4, -2, -29, -26] [9, 21, 6, 24]
[7, 2, 15, 31] [-19, -10, -31, 22] [-4, 2, -21, -20] [0, 0, 0, 0] [-32, 27, -19, -5] [-19, 15, -20, -3] [1, 10, -5, 7]
[-3, 16, -2, 17] [-1, 9, 17, 11] [21, -8, 28, -2] [-9, -9, 17, -13] [-5, -11, 20, -33] [-5, 46, 11, 20] [14, 11, -7, -49]
[12, -12, -3, -13] [1, 4, 26, 22] [5, 14, -2, 19] [-15, -19, 7, -29] [-11, -17, -12, -22] [-2, 23, -14, 23] [10, 33, -11, 6]
[-12, 1, -22, -12] [7, 4, 4, -22] [11, 15, 5, -2] [-8, 12, 24, -29] [21, 31, -13, -5] [12, 31, 13, 6] [17, -19, 16, -10]
------------------------------
ALIVE
Head: (22 22)
Body: (22 22) (23 22) (23 21) (24 21) (24 22) (24 23) (23 23) (23 24) (23 25) (23 26) (23 27) 
Length: 11, 4
Vision: 3
Hungry, suplies: 9/10
Reproductive: 16, mutating: 0.25
Generation: 26209
####################################
Wall (up, right, down, left):
[-3, -11, -15, 1] [12, -12, -21, -4] [-2, 3, 3, -13] [8, 2, 13, 7] [-18, 8, 24, -30] [2, 3, 14, -9] [-30, -14, -10, -6]
[4, 7, 13, -7] [9, 17, 12, 10] [-6, 13, 4, -10] [-28, 18, 0, 12] [28, 10, 0, 1] [-13, -9, 12, 9] [-14, -6, 12, -8]
[1, 6, 38, 2] [-6, 7, -5, 15] [-15, -7, 23, 4] [-61, 21, 34, 35] [-41, -33, -32, 10] [-3, -29, 12, 25] [-13, -10, -6, -19]
[5, 8, 4, -30] [7, 3, 8, -20] [3, 18, -5, -92] [0, 0, 0, 0] [22, -80, 21, 5] [27, -7, -12, 11] [3, -5, 4, -2]
[-29, -21, -7, -17] [9, 21, -9, 7] [-4, 15, -15, -2] [12, 8, -55, 18] [-5, -9, -17, 42] [8, 14, -10, 2] [-24, -33, 14, 9]
[16, 16, 4, 13] [6, 5, -7, -23] [14, 4, 17, -2] [-4, 0, -22, 11] [11, 27, 1, 14] [37, -5, -4, 5] [28, 3, 5, 6]
[0, -11, -8, -11] [4, -2, -6, -1] [4, -3, 11, -7] [-10, 16, -21, -3] [22, 15, -1, 3] [23, -5, -20, 4] [8, -10, 2, 2]
Food (up, right, down, left):
[30, 7, -2, 14] [-9, 6, -11, -27] [17, -5, -19, 7] [-2, -3, 27, 6] [-7, 9, -2, 11] [-5, -12, 17, -1] [-19, 24, 4, -24]
[-42, -10, -11, -27] [0, -4, -10, -6] [-2, 14, 0, 13] [-12, 13, -26, 22] [3, 9, 10, -41] [21, -5, -21, 13] [1, -1, 2, 4]
[-18, 14, -5, -35] [-11, -1, 3, 18] [-33, -29, -18, 2] [29, -17, 7, -9] [-16, -7, -5, -9] [-4, -2, -29, -26] [9, 21, 6, 24]
[7, 2, 15, 31] [-19, -10, -31, 22] [-4, 2, -21, -20] [0, 0, 0, 0] [-32, 27, -19, -5] [-19, 15, -20, -3] [1, 13, -5, 7]
[-3, 16, -2, 17] [-1, 9, 17, 11] [21, -8, 28, -2] [-9, -9, 17, -13] [-5, -11, 20, -33] [-5, 46, 11, 20] [14, 11, -7, -49]
[17, -12, -3, -13] [1, 4, 26, 22] [5, 14, 3, 19] [-15, -19, 7, -29] [-11, -17, -12, -22] [-2, 23, -14, 23] [10, 33, -11, 6]
[-12, 1, -22, -11] [7, 4, 4, -22] [11, 15, 5, -2] [-6, 12, 24, -29] [21, 31, -13, -5] [12, 32, 13, 6] [17, -19, 16, -10]
------------------------------
DEAD: Wall
Head: (11 50)
Body: (11 50) (10 50) (10 51) (11 51) (11 52) (12 52) (13 52) (13 53) 
Length: 8, 4
Vision: 3
Hungry, suplies: 5/10
Reproductive: 16, mutating: 0.25
Generation: 26208
####################################
Wall (up, right, down, left):
[-3, -11, -15, 1] [12, -12, -21, -4] [-2, 3, 3, -13] [8, 2, 13, 7] [-18, 8, 24, -30] [2, 3, 14, -9] [-30, -14, -10, -6]
[4, 7, 13, -7] [9, 17, 12, 10] [-6, 13, 4, -10] [-28, 18, 0, 12] [28, 10, -5, 1] [-13, -9, 12, 9] [-14, -6, 12, -8]
[1, 6, 38, 2] [-6, 7, -5, 15] [-15, -7, 23, 4] [-61, 21, 34, 35] [-41, -33, -32, 10] [-3, -29, 12, 25] [-13, -10, -6, -19]
[5, 8, 4, -30] [7, 3, 8, -20] [3, 18, -5, -92] [0, 0, 0, 0] [22, -80, 21, 5] [27, -7, -12, 11] [3, -7, 4, -2]
[-29, -21, -7, -17] [9, 21, -9, 7] [-4, 15, -15, -2] [12, 8, -55, 18] [-5, -9, -17, 42] [8, 14, -10, 2] [-24, -33, 14, 9]
[16, 16, 4, 13] [6, 5, -7, -23] [14, 4, 17, -2] [-4, 0, -22, 11] [11, 27, 1, 14] [37, -5, -4, 5] [28, 3, 5, 6]
[0, -11, -12, -11] [4, -2, -6, -1] [4, -3, 11, -7] [-8, 16, -21, -3] [22, 15, -1, 3] [23, -5, -19, 4] [8, -10, 2, 2]
Food (up, right, down, left):
[30, 7, -2, 14] [-9, 6, -11, -27] [17, -5, -19, 7] [-2, -3, 27, 6] [-7, 9, -2, 11] [-5, -12, 17, -1] [-19, 24, 4, -24]
[-42, -10, -11, -27] [0, -4, -10, -6] [-2, 14, 0, 13] [-12, 13, -26, 22] [3, 9, 10, -41] [21, -5, -21, 13] [1, -1, 2, 4]
[-18, 14, -5, -35] [-11, -1, 3, 18] [-33, -29, -18, 2] [29, -17, 7, -9] [-16, -7, -5, -9] [-4, -2, -29, -26] [9, 21, 6, 24]
[7, 2, 15, 31] [-19, -10, -31, 22] [-4, 2, -21, -20] [0, 0, 0, 0] [-32, 27, -19, -5] [-19, 15, -20, -3] [1, 10, -5, 7]
[-3, 16, -2, 17] [-1, 9, 17, 11] [21, -8, 28, -2] [-9, -9, 17, -13] [-5, -11, 20, -33] [-5, 46, 11, 20] [14, 11, -7, -49]
[12, -12, -3, -13] [1, 4, 26, 22] [5, 14, 3, 19] [-15, -19, 7, -29] [-11, -17, -12, -22] [-2, 23, -14, 23] [10, 33, -11, 6]
[-12, 1, -22, -10] [7, 4, 4, -22] [11, 15, 5, -2] [-3, 12, 24, -29] [21, 31, -13, -5] [12, 31, 13, 6] [17, -19, 16, -10]
------------------------------
ALIVE
Head: (6 23)
Body: (6 23) (6 22) (6 21) (6 20) (7 20) (7 19) (7 18) (8 18) (9 18) (9 19) (9 20) (9 21) (8 21) 
Length: 13, 4
Vision: 3
Hungry, suplies: 8/10
Reproductive: 16, mutating: 0.25
Generation: 26202
####################################
Wall (up, right, down, left):
[-3, -11, -15, 1] [12, -12, -21, -4] [-2, 3, 3, -13] [8, 2, 17, 7] [-18, 8, 24, -30] [2, 3, 14, -9] [-30, -14, -10, -6]
[4, 7, 13, -7] [9, 17, 12, 10] [-6, 13, 4, -10] [-28, 18, 0, 12] [28, 10, -5, 1] [-13, -9, 12, 9] [-14, -6, 12, -8]
[1, 6, 38, 2] [-6, 7, -5, 15] [-15, -7, 23, 4] [-61, 21, 34, 35] [-41, -33, -32, 10] [-3, -29, 12, 25] [-13, -10, -6, -19]
[5, 8, 4, -30] [7, 3, 8, -20] [3, 18, -5, -92] [0, 0, 0, 0] [22, -80, 21, 5] [27, -7, -12, 11] [3, -7, 4, -2]
[-29, -21, -7, -17] [9, 21, -9, 7] [-4, 15, -15, -2] [12, 8, -55, 18] [-5, -9, -17, 42] [8, 14, -10, 2] [-24, -33, 14, 9]
[16, 16, 4, 13] [6, 5, -7, -23] [14, 4, 17, -2] [-4, 0, -22, 11] [11, 27, 1, 14] [37, -5, -4, 5] [28, 3, 5, 6]
[0, -11, -12, -11] [4, -2, -6, -1] [4, -3, 11, -7] [-8, 16, -21, -3] [22, 15, -1, 3] [23, -5, -19, 4] [8, -10, 2, 2]
Food (up, right, down, left):
[30, 7, -2, 14] [-9, 6, -11, -27] [17, -5, -19, 7] [-2, -3, 27, 2] [-7, 9, -2, 11] [-5, -12, 17, -1] [-19, 24, 4, -24]
[-42, -10, -11, -27] [0, -4, -10, -6] [-2, 14, 0, 13] [-12, 13, -26, 22] [3, 9, 10, -41] [21, -5, -21, 13] [1, -1, 2, 4]
[-18, 14, -5, -35] [-11, -1, 3, 18] [-33, -29, -18, 2] [29, -17, 7, -9] [-16, -7, -5, -9] [-4, -2, -29, -26] [9, 21, 6, 24]
[7, 2, 15, 31] [-19, -10, -31, 22] [-4, 2, -21, -20] [0, 0, 0, 0] [-32, 27, -19, -5] [-19, 15, -20, -3] [1, 10, -5, 7]
[-3, 16, -2, 17] [-1, 9, 17, 11] [21, -8, 28, -2] [-9, -9, 17, -13] [-5, -11, 20, -33] [-5, 46, 11, 20] [14, 11, -7, -49]
[12, -12, -3, -13] [1, 4, 26, 22] [5, 14, 3, 19] [-15, -19, 7, -29] [-11, -17, -12, -22] [-2, 23, -14, 23] [10, 33, -11, 6]
[-12, 1, -22, -10] [7, 4, 4, -22] [11, 15, 5, -2] [-3, 12, 24, -29] [21, 31, -13, -5] [12, 31, 13, 6] [17, -19, 16, -10]
------------------------------
ALIVE
Head: (5 41)
Body: (5 41) (6 41) (6 40) (6 39) (6 38) (7 38) (7 37) (8 37) (9 37) (9 36) (8 36) (7 36) 
Length: 12, 4
Vision: 3
Hungry, suplies: 9/10
Reproductive: 16, mutating: 0.25
Generation: 26203
####################################
Wall (up, right, down, left):
[-3, -11, -15, 1] [12, -12, -21, -4] [-2, 3, 3, -13] [8, 2, 13, 7] [-18, 9, 24, -30] [2, 3, 14, -9] [-30, -14, -10, -6]
[4, 7, 13, -7] [9, 17, 12, 10] [-6, 13, 4, -10] [-28, 18, 0, 12] [28, 10, -5, 1] [-13, -9, 12, 9] [-14, -6, 12, -8]
[1, 6, 38, 2] [-6, 7, -5, 15] [-15, -7, 23, 4] [-61, 21, 34, 35] [-41, -33, -32, 10] [-3, -27, 12, 25] [-13, -10, -6, -19]
[5, 8, 4, -30] [7, 3, 8, -20] [3, 18, -5, -97] [0, 0, 0, 0] [22, -80, 21, 5] [27, -7, -12, 11] [3, -5, 4, -2]
[-29, -21, -7, -17] [9, 21, -9, 7] [-3, 15, -15, -2] [12, 8, -55, 18] [-5, -9, -17, 39] [8, 14, -10, 2] [-24, -33, 14, -1]
[16, 16, 4, 13] [6, 5, -7, -23] [14, 4, 17, -2] [-4, 0, -22, 11] [11, 22, 1, 14] [37, -5, -4, 5] [28, 3, 5, 6]
[0, -11, -12, -11] [4, -2, -6, -1] [4, -3, 11, -7] [-8, 16, -21, -3] [22, 15, -1, 3] [23, -5, -19, 9] [8, -10, 2, 2]
Food (up, right, down, left):
[30, 7, -2, 14] [-9, 6, -11, -27] [17, -5, -19, 7] [-2, -3, 27, 6] [-7, 9, -2, 7] [-5, -12, 17, -1] [-19, 24, 4, -24]
[-42, -10, -11, -27] [0, -4, -10, -6] [-2, 14, 0, 13] [-12, 13, -26, 22] [3, 9, 10, -41] [21, -5, -21, 13] [1, -1, 2, 4]
[-18, 14, -5, -35] [-11, -1, 3, 18] [-33, -29, -18, 2] [29, -17, 7, -9] [-16, -7, -5, -9] [-4, -2, -32, -26] [9, 21, 6, 24]
[7, 2, 15, 31] [-19, -10, -31, 22] [-4, 6, -21, -20] [0, 0, 0, 0] [-32, 27, -19, -1] [-19, 15, -20, -3] [1, 13, -5, 7]
[-3, 16, -2, 17] [-1, 9, 17, 11] [21, -13, 32, -2] [-9, -9, 17, -13] [-5, -7, 20, -33] [-5, 46, 11, 20] [18, 11, -7, -48]
[12, -12, -3, -13] [1, 4, 26, 22] [5, 14, 3, 19] [-15, -19, 7, -29] [-16, -17, -12, -22] [-2, 23, -14, 23] [10, 33, -11, 6]
[-12, 1, -22, -10] [7, 4, 4, -22] [11, 15, 5, -2] [-3, 12, 24, -29] [21, 31, -13, -5] [12, 31, 13, 1] [17, -19, 16, -10]
------------------------------
ALIVE
Head: (10 5)
Body: (10 5) (10 4) (10 3) (11 3) (11 2) (11 1) (11 57) (11 56) (10 56) (9 -1) (9 0) (9 1) 
Length: 12, 4
Vision: 3
Hungry, suplies: 8/10
Reproductive: 16, mutating: 0.25
Generation: 26208
####################################
Wall (up, right, down, left):
[-3, -11, -15, 1] [12, -12, -21, -4] [-2, 3, 3, -13] [8, 2, 13, 7] [-18, 8, 24, -30] [2, 3, 14, -9] [-30, -14, -10, -6]
[4, 7, 13, -7] [9, 17, 12, 10] [-6, 13, 4, -10] [-28, 18, 0, 12] [28, 10, -5, 1] [-13, -9, 12, 9] [-14, -6, 12, -8]
[1, 6, 38, 2] [-6, 7, -5, 15] [-15, -7, 23, 4] [-61, 21, 34, 35] [-41, -33, -32, 10] [-3, -29, 12, 25] [-13, -10, -6, -19]
[5, 8, 4, -30] [7, 3, 8, -20] [3, 18, -5, -92] [0, 0, 0, 0] [22, -80, 21, 5] [27, -7, -12, 11] [3, -7, 4, -2]
[-29, -21, -7, -14] [9, 21, -9, 7] [-4, 15, -15, -2] [12, 8, -55, 18] [-5, -9, -17, 42] [8, 14, -10, 2] [-24, -33, 14, 9]
[16, 16, 4, 13] [6, 5, -7, -23] [14, 4, 17, -2] [-4, 0, -22, 11] [11, 27, 1, 14] [37, -5, -4, 5] [28, 3, 5, 6]
[0, -11, -12, -11] [4, -2, -6, -1] [4, -3, 11, -7] [-8, 16, -21, -3] [22, 15, -1, 3] [23, -5, -19, 4] [8, -10, 2, 2]
Food (up, right, down, left):
[30, 7, -2, 14] [-9, 6, -11, -27] [17, -5, -19, 7] [-2, -3, 27, 6] [-7, 9, -2, 11] [-5, -12, 17, -1] [-19, 24, 4, -24]
[-42, -10, -11, -27] [0, -4, -10, -6] [-2, 14, 0, 13] [-12, 13, -26, 22] [3, 9, 10, -41] [21, -5, -21, 13] [1, -1, 2, 4]
[-18, 14, -5, -35] [-11, -1, 3, 18] [-33, -29, -18, 2] [29, -17, 7, -9] [-16, -7, -5, -9] [-4, -2, -29, -26] [9, 21, 6, 24]
[7, 2, 15, 31] [-19, -10, -31, 22] [-4, 2, -21, -20] [0, 0, 0, 0] [-32, 27, -19, -5] [-19, 15, -20, -3] [1, 10, -5, 7]
[-3, 16, 1, 17] [-1, 9, 17, 11] [21, -8, 28, -2] [-9, -9, 17, -13] [-5, -11, 20, -33] [-5, 46, 11, 20] [14, 11, -7, -49]
[12, -12, -3, -13] [1, 4, 26, 22] [5, 14, 3, 19] [-15, -19, 7, -29] [-11, -17, -12, -22] [-2, 23, -14, 23] [10, 33, -11, 6]
[-12, 1, -22, -10] [7, 4, 4, -22] [11, 15, 5, -2] [-3, 12, 24, -29] [21, 31, -13, -5] [12, 31, 13, 6] [17, -19, 16, -10]
------------------------------
ALIVE
Head: (13 29)
Body: (13 29) (13 28) (13 27) (13 26) (13 25) (14 25) (15 25) (15 24) (15 23) (16 23) 
Length: 10, 4
Vision: 3
Hungry, suplies: 10/10
Reproductive: 16, mutating: 0.25
Generation: 26202
####################################
Wall (up, right, down, left):
[-3, -11, -15, 1] [12, -12, -21, -4] [-2, 3, 3, -13] [8, 2, 13, 7] [-18, 8, 24, -30] [2, 3, 14, -9] [-30, -14, -10, -6]
[4, 7, 13, -7] [9, 17, 12, 10] [-6, 13, 4, -10] [-28, 18, 0, 12] [28, 10, -5, 1] [-13, -9, 12, 9] [-14, -8, 12, -8]
[1, 6, 38, 2] [-6, 7, -5, 15] [-15, -7, 23, 4] [-61, 21, 34, 35] [-41, -33, -32, 10] [-3, -29, 12, 25] [-13, -10, -6, -19]
[5, 8, 4, -30] [7, 3, 8, -20] [3, 18, -5, -92] [0, 0, 0, 0] [22, -80, 21, 5] [27, -7, -12, 11] [3, -7, 4, -2]
[-29, -21, -7, -17] [9, 21, -9, 7] [-4, 15, -15, -2] [12, 8, -55, 18] [-5, -9, -17, 42] [8, 14, -10, 2] [-24, -33, 14, 9]
[16, 16, 4, 13] [6, 5, -7, -23] [14, 4, 17, -2] [-4, 0, -22, 11] [11, 27, 1, 14] [37, -5, -4, 5] [28, 3, 5, 6]
[1, -11, -12, -11] [4, -2, -6, -1] [4, -3, 11, -7] [-8, 14, -21, -3] [22, 15, -1, 3] [23, -5, -19, 4] [8, -10, 2, 2]
Food (up, right, down, left):
[30, 7, -2, 14] [-9, 6, -11, -27] [17, -5, -19, 7] [-2, -3, 27, 6] [-7, 9, -2, 11] [-5, -12, 17, -1] [-19, 24, 4, -24]
[-42, -10, -11, -27] [0, -4, -10, -6] [-2, 14, 0, 13] [-12, 13, -26, 22] [3, 9, 10, -41] [21, -5, -21, 13] [1, -1, 2, 4]
[-18, 14, -5, -35] [-11, -1, 3, 18] [-33, -29, -18, 2] [29, -17, 7, -9] [-16, -7, -5, -9] [-4, -2, -29, -26] [9, 21, 6, 24]
[7, 2, 15, 31] [-19, -10, -31, 22] [-4, 2, -21, -20] [0, 0, 0, 0] [-32, 27, -19, -5] [-19, 15, -20, -3] [1, 10, -5, 7]
[-3, 16, -2, 17] [-1, 9, 17, 11] [21, -8, 28, -2] [-9, -9, 17, -13] [-5, -11, 20, -33] [-5, 46, 11, 20] [14, 11, -7, -49]
[12, -12, -3, -13] [1, 4, 26, 22] [5, 14, -2, 19] [-15, -19, 7, -29] [-11, -17, -12, -22] [-2, 23, -14, 23] [10, 33, -11, 6]
[-12, 1, -22, -12] [7, 4, 4, -22] [11, 15, 5, -2] [-8, 12, 24, -29] [21, 31, -13, -5] [12, 31, 13, 6] [17, -19, 16, -10]
------------------------------
ALIVE
Head: (16 48)
Body: (16 48) (16 47) (16 46) (16 45) (16 44) (16 43) (16 42) (16 41) (15 41) (14 41) (14 40) 
Length: 11, 4
Vision: 3
Hungry, suplies: 4/10
Reproductive: 16, mutating: 0.25
Generation: 26210
####################################
Wall (up, right, down, left):
[-3, -11, -15, 1] [12, -12, -21, -4] [-2, 3, 3, -13] [8, 2, 13, 7] [-18, 8, 24, -30] [2, 3, 14, -9] [-30, -14, -10, -6]
[4, 7, 13, -7] [9, 17, 12, 10] [-6, 13, 4, -10] [-28, 18, 0, 12] [28, 10, -5, 1] [-13, -9, 12, 9] [-14, -6, 12, -8]
[1, 6, 38, 2] [-6, 7, -5, 15] [-15, -7, 23, 4] [-61, 21, 34, 35] [-41, -33, -32, 10] [-3, -27, 12, 25] [-13, -10, -6, -19]
[5, 8, 4, -30] [7, 3, 8, -20] [3, 18, -5, -97] [0, 0, 0, 0] [22, -80, 21, 5] [27, -7, -12, 11] [3, -5, 4, -2]
[-29, -21, -7, -17] [9, 21, -9, 7] [-3, 15, -15, -2] [12, 8, -55, 18] [-5, -9, -17, 39] [8, 14, -10, 2] [-24, -33, 14, -1]
[16, 16, 4, 13] [6, 5, -7, -23] [14, 4, 17, -2] [-4, 0, -22, 11] [11, 22, 1, 14] [37, -5, -4, 5] [28, 3, 5, 6]
[0, -11, -12, -11] [4, -2, -6, -1] [4, -3, 11, -7] [-8, 16, -21, -3] [22, 15, -1, 3] [23, -5, -19, 9] [8, -10, 2, 2]
Food (up, right, down, left):
[30, 7, -2, 14] [-9, 6, -11, -27] [17, -5, -19, 7] [-2, -3, 27, 6] [-7, 9, -2, 11] [-5, -12, 17, -1] [-19, 24, 4, -24]
[-42, -10, -11, -27] [0, -4, -10, -6] [-2, 14, 0, 13] [-12, 13, -26, 22] [3, 9, 10, -41] [21, -5, -21, 13] [1, -1, 2, 4]
[-18, 14, -5, -35] [-11, -1, 3, 18] [-33, -29, -18, 2] [29, -17, 7, -9] [-16, -7, -5, -9] [-4, -2, -32, -26] [9, 21, 6, 24]
[7, 2, 15, 31] [-19, -10, -31, 22] [-4, 6, -21, -20] [0, 0, 0, 0] [-32, 27, -19, -1] [-19, 15, -20, -3] [1, 13, -5, 7]
[-3, 16, -2, 17] [-1, 9, 17, 11] [21, -13, 32, -2] [-9, -9, 17, -13] [-5, -7, 20, -33] [-5, 46, 11, 20] [18, 11, -7, -48]
[12, -12, -3, -13] [1, 4, 26, 22] [5, 14, 3, 19] [-15, -19, 7, -29] [-16, -17, -12, -22] [-2, 23, -14, 23] [10, 33, -11, 6]
[-12, 1, -22, -10] [7, 4, 4, -22] [11, 15, 5, -2] [-3, 12, 24, -29] [21, 31, -13, -5] [12, 31, 13, 1] [17, -19, 16, -10]
------------------------------
ALIVE
Head: (23 35)
Body: (23 35) (24 35) (24 36) (24 37) (0 37) (1 37) (1 36) (1 35) (1 34) 
Length: 9, 4
Vision: 3
Hungry, suplies: 7/10
Reproductive: 16, mutating: 0.25
Generation: 26213
####################################
Wall (up, right, down, left):
[-3, -11, -15, 1] [12, -12, -21, -4] [-2, 3, 3, -13] [8, 2, 13, 7] [-18, 8, 24, -30] [2, 3, 14, -9] [-30, -14, -10, -6]
[4, 7, 13, -7] [9, 17, 12, 10] [-6, 13, 4, -10] [-28, 18, 0, 12] [28, 10, -5, 1] [-13, -9, 12, 9] [-14, -6, 12, -8]
[1, 4, 38, 2] [-6, 7, -5, 15] [-15, -7, 23, 4] [-61, 21, 34, 35] [-41, -33, -32, 10] [-3, -27, 12, 25] [-13, -10, -6, -19]
[5, 8, 4, -30] [7, 3, 8, -20] [3, 18, -5, -97] [0, 0, 0, 0] [22, -80, 21, 5] [27, -7, -12, 11] [3, -5, 4, -2]
[-29, -21, -7, -17] [9, 21, -9, 7] [-3, 15, -15, -2] [12, 8, -55, 18] [-5, -9, -17, 39] [8, 14, -10, 2] [-24, -33, 14, -1]
[16, 16, 4, 13] [6, 5, -7, -23] [14, 4, 17, -2] [-4, 0, -22, 11] [11, 22, 1, 14] [37, -5, -4, 5] [28, 3, 5, 6]
[0, -11, -12, -11] [4, -2, -6, -1] [4, -3, 11, -7] [-8, 16, -21, -3] [22, 15, -1, 3] [23, -5, -19, 9] [8, -10, 2, 2]
Food (up, right, down, left):
[30, 7, -2, 14] [-9, 6, -11, -27] [17, -5, -19, 7] [-2, -3, 27, 6] [-7, 9, -2, 11] [-5, -12, 17, -1] [-19, 24, 4, -24]
[-42, -10, -11, -27] [0, -4, -10, -6] [-2, 14, 0, 13] [-12, 13, -26, 22] [3, 9, 10, -41] [21, -5, -21, 13] [1, -1, 2, 4]
[-18, 14, -10, -35] [-11, -1, 3, 18] [-33, -29, -18, 2] [29, -17, 7, -9] [-16, -7, -5, -9] [-4, -2, -32, -26] [9, 21, 6, 24]
[7, 2, 15, 31] [-19, -10, -31, 22] [-4, 6, -21, -20] [0, 0, 0, 0] [-32, 27, -19, -1] [-19, 15, -20, -3] [1, 13, -5, 7]
[-3, 16, -2, 17] [-1, 9, 17, 11] [21, -13, 32, -2] [-9, -9, 17, -13] [-5, -7, 20, -33] [-5, 46, 11, 20] [18, 11, -7, -48]
[12, -12, -3, -13] [1, 4, 26, 22] [5, 14, 3, 19] [-15, -19, 7, -29] [-16, -17, -12, -22] [-2, 23, -14, 23] [10, 33, -11, 6]
[-12, 1, -22, -10] [7, 4, 4, -22] [11, 15, 5, -2] [-3, 12, 24, -29] [21, 31, -13, -5] [12, 31, 13, 1] [17, -19, 16, -10]
------------------------------
ALIVE
Head: (11 37)
Body: (11 37) (10 37) (10 38) (10 39) (9 39) (9 40) (10 40) (11 40) (11 41) (10 41) (10 42) (10 43) (10 44) (9 44) (8 44) 
Length: 15, 4
Vision: 3
Hungry, suplies: 5/10
Reproductive: 16, mutating: 0.25
Generation: 26211
####################################
Wall (up, right, down, left):
[-3, -11, -15, 1] [12, -12, -21, -4] [-2, 3, 3, -13] [8, 2, 13, 7] [-18, 8, 24, -30] [2, 3, 14, -9] [-30, -14, -10, -6]
[4, 7, 13, -7] [9, 17, 12, 10] [-6, 13, 4, -10] [-28, 18, 0, 12] [28, 10, -5, 1] [-13, -9, 12, 9] [-14, -6, 12, -8]
[1, 6, 38, 2] [-6, 7, -5, 15] [-15, -7, 23, 4] [-61, 21, 34, 35] [-41, -33, -32, 10] [-3, -27, 12, 25] [-13, -10, -6, -19]
[5, 8, 4, -30] [7, 3, 8, -20] [3, 18, -5, -97] [0, 0, 0, 0] [22, -80, 21, 5] [27, -7, -12, 11] [3, -5, 4, -2]
[-29, -21, -7, -17] [9, 21, -9, 7] [-3, 15, -15, -2] [12, 8, -55, 18] [-5, -9, -17, 39] [8, 14, -10, 2] [-24, -33, 14, -1]
[16, 16, 4, 13] [6, 5, -7, -23] [14, 4, 17, -2] [-4, 0, -22, 11] [11, 22, 1, 14] [37, -5, -4, 5] [28, 3, 5, 6]
[0, -11, -12, -11] [4, -2, -6, -1] [4, -3, 11, -7] [-8, 16, -21, -3] [22, 15, -1, 3] [23, -5, -19, 9] [8, -10, 2, 2]
Food (up, right, down, left):
[30, 7, -2, 14] [-9, 6, -11, -27] [17, -5, -19, 7] [-2, -3, 27, 6] [-7, 9, -2, 11] [-5, -12, 17, -1] [-19, 24, 4, -24]
[-42, -10, -11, -27] [0, -4, -10, -6] [-2, 14, 0, 13] [-12, 13, -26, 22] [3, 9, 10, -41] [21, -5, -21, 13] [1, -1, 2, 4]
[-18, 14, -5, -35] [-11, -1, 3, 18] [-33, -29, -18, 2] [29, -17, 7, -9] [-16, -7, -5, -9] [-4, -2, -32, -26] [9, 21, 6, 24]
[7, 2, 15, 31] [-19, -10, -31, 22] [-4, 6, -21, -20] [0, 0, 0, 0] [-32, 27, -19, -1] [-19, 15, -20, -3] [1, 13, -5, 7]
[-3, 16, -2, 17] [-1, 9, 17, 11] [21, -13, 32, -2] [-9, -9, 17, -13] [-5, -7, 20, -33] [-5, 46, 11, 20] [18, 11, -7, -48]
[12, -12, -3, -13] [1, 4, 26, 22] [5, 14, 3, 19] [-15, -19, 7, -29] [-16, -17, -12, -22] [-2, 23, -14, 23] [10, 33, -11, 6]
[-12, 1, -22, -10] [7, 4, 4, -22] [11, 15, 5, -2] [-3, 12, 24, -29] [21, 31, -13, -5] [12, 31, 13, 1] [17, -19, 16, -10]
------------------------------
ALIVE
Head: (6 14)
Body: (6 14) (5 14) (4 14) (3 14) (2 14) (2 13) (2 12) (2 11) (3 11) (3 10) (3 9) (3 8) 
Length: 12, 4
Vision: 3
Hungry, suplies: 10/10
Reproductive: 16, mutating: 0.25
Generation: 26211
####################################
Wall (up, right, down, left):
[-3, -11, -15, 1] [12, -12, -21, -4] [-2, 3, 3, -13] [8, 2, 13, 7] [-18, 8, 24, -30] [2, 3, 14, -9] [-30, -14, -10, -6]
[4, 7, 13, -7] [9, 17, 12, 10] [-6, 13, 4, -10] [-28, 18, 0, 12] [28, 10, -5, 1] [-13, -9, 12, 9] [-14, -6, 12, -8]
[1, 6, 38, 2] [-6, 7, -5, 15] [-15, -7, 23, 4] [-61, 21, 34, 35] [-41, -33, -32, 10] [-3, -27, 12, 25] [-13, -10, -6, -19]
[5, 8, 4, -30] [7, 3, 8, -20] [3, 18, -5, -97] [0, 0, 0, 0] [22, -80, 21, 5] [27, -7, -12, 11] [3, -5, 4, -2]
[-29, -21, -7, -17] [9, 21, -9, 7] [-3, 15, -15, -2] [12, 8, -55, 18] [-5, -9, -17, 39] [8, 14, -10, 2] [-24, -33, 14, -1]
[16, 16, 4, 13] [6, 5, -7, -23] [14, 4, 17, -2] [-4, 0, -22, 11] [11, 22, 1, 14] [37, -5, -4, 5] [28, 3, 5, 6]
[0, -11, -12, -11] [4, -2, -6, -1] [4, -3, 11, -7] [-8, 16, -21, -3] [22, 15, -1, 3] [23, -5, -19, 9] [8, -10, 2, 2]
Food (up, right, down, left):
[30, 7, -2, 14] [-9, 6, -11, -27] [17, -5, -19, 7] [-2, -3, 27, 6] [-7, 9, -2, 11] [-5, -12, 17, -1] [-19, 24, 4, -24]
[-42, -10, -11, -27] [0, -4, -10, -6] [-2, 14, 0, 13] [-12, 13, -26, 22] [3, 9, 10, -41] [21, -5, -21, 13] [1, -1, 2, 4]
[-18, 14, -5, -35] [-11, -1, 3, 18] [-33, -29, -18, 2] [29, -17, 7, -9] [-16, -7, -5, -9] [-4, -2, -32, -26] [9, 21, 6, 24]
[7, 2, 15, 31] [-19, -10, -31, 22] [-4, 6, -21, -20] [0, 0, 0, 0] [-32, 27, -19, -1] [-19, 15, -20, -3] [1, 13, -5, 7]
[-3, 16, -2, 17] [-1, 9, 17, 11] [21, -13, 32, -2] [-9, -9, 17, -13] [-5, -7, 20, -33] [-5, 46, 11, 20] [18, 11, -7, -48]
[12, -12, -3, -13] [1, 4, 26, 22] [5, 14, 3, 19] [-15, -19, 7, -29] [-16, -17, -12, -22] [-2, 23, -14, 23] [10, 33, -11, 6]
[-12, 1, -22, -10] [7, 4, 4, -22] [11, 15, 5, -2] [-3, 12, 24, -29] [21, 31, -13, -5] [12, 31, 13, 1] [17, -19, 16, -10]
------------------------------
ALIVE
Head: (18 23)
Body: (18 23) (17 23) (17 22) (17 21) (17 20) (17 19) (18 19) (18 18) (18 17) (18 16) (18 15) 
Length: 11, 4
Vision: 3
Hungry, suplies: 4/10
Reproductive: 16, mutating: 0.25
Generation: 26208
####################################
Wall (up, right, down, left):
[-3, -11, -15, 1] [12, -12, -21, -4] [-2, 3, 3, -13] [8, 2, 13, 7] [-18, 8, 24, -30] [2, 3, 14, -9] [-26, -14, -10, -6]
[4, 7, 13, -7] [9, 17, 12, 10] [-6, 13, 4, -10] [-28, 18, 0, 12] [28, 10, -5, 1] [-13, -9, 12, 9] [-15, -6, 12, -8]
[1, 6, 38, 2] [-6, 7, -5, 15] [-15, -7, 23, 4] [-61, 21, 34, 35] [-39, -33, -32, 10] [-3, -27, 12, 25] [-13, -10, -6, -19]
[5, 8, 4, -30] [7, 3, 8, -20] [3, 18, -5, -97] [0, 0, 0, 0] [22, -80, 21, 5] [27, -7, -12, 11] [3, -5, 4, -2]
[-29, -21, -7, -17] [9, 21, -9, 7] [-3, 15, -15, -2] [12, 8, -55, 18] [-5, -9, -17, 39] [8, 14, -10, 2] [-24, -33, 14, -1]
[16, 16, 4, 13] [6, 5, -7, -23] [14, 4, 17, -2] [-4, 0, -22, 11] [11, 22, 1, 14] [37, -5, -4, 5] [30, 3, 5, 6]
[0, -11, -12, -11] [4, -2, -6, -1] [4, -3, 11, -7] [-8, 16, -21, -3] [22, 15, -1, 3] [23, -5, -19, 9] [8, -10, -3, 2]
Food (up, right, down, left):
[30, 7, -2, 14] [-9, 6, -11, -27] [17, -5, -19, 7] [-2, -3, 27, 6] [-7, 9, -2, 11] [-5, -12, 17, -1] [-14, 24, 4, -21]
[-42, -10, -11, -27] [0, -4, -10, -6] [-2, 14, 0, 13] [-12, 13, -26, 22] [3, 9, 10, -41] [21, -5, -21, 13] [1, -1, 0, 4]
[-18, 14, -5, -35] [-11, -1, 3, 18] [-33, -29, -18, 2] [29, -17, 7, -9] [-16, -7, -5, -9] [-4, -2, -32, -26] [9, 21, 6, 24]
[7, 2, 15, 31] [-19, -10, -31, 22] [-4, 6, -21, -20] [0, 0, 0, 0] [-32, 27, -19, -1] [-19, 15, -20, -3] [1, 13, -5, 7]
[-3, 16, -2, 17] [-1, 9, 17, 11] [21, -13, 32, -2] [-9, -9, 17, -13] [-5, -7, 20, -33] [-5, 46, 11, 20] [18, 11, -7, -48]
[12, -12, -3, -13] [1, 4, 26, 22] [5, 14, 3, 19] [-15, -19, 7, -29] [-16, -17, -12, -22] [-2, 23, -14, 23] [7, 33, -11, 6]
[-12, 1, -22, -10] [7, 4, 4, -22] [11, 15, 5, -2] [-3, 12, 24, -29] [21, 31, -13, -5] [12, 31, 13, 1] [17, -19, 16, -9]
------------------------------
ALIVE
Head: (10 34)
Body: (10 34) (9 34) (9 33) (9 32) (8 32) (7 32) (7 31) (7 30) (7 29) (7 28) (7 27) (6 27) (5 27) (5 26) (5 25) 
Length: 15, 4
Vision: 3
Hungry, suplies: 8/10
Reproductive: 16, mutating: 0.25
Generation: 26213
####################################
Wall (up, right, down, left):
[-3, -11, -15, 1] [12, -12, -21, -4] [-2, 3, 3, -13] [8, 2, 13, 7] [-18, 8, 24, -30] [2, 3, 14, -9] [-30, -14, -10, -6]
[4, 7, 13, -7] [9, 17, 12, 10] [-6, 13, 4, -10] [-28, 18, 0, 12] [28, 10, -5, 1] [-13, -9, 12, 9] [-14, -8, 12, -8]
[1, 6, 38, 2] [-6, 7, -5, 15] [-15, -7, 23, 4] [-61, 21, 34, 35] [-41, -33, -32, 10] [-3, -29, 12, 25] [-13, -10, -6, -19]
[5, 8, 4, -30] [7, 3, 8, -20] [3, 18, -5, -92] [0, 0, 0, 0] [22, -80, 21, 5] [27, -7, -12, 11] [3, -7, 4, -2]
[-29, -21, -7, -17] [9, 21, -9, 7] [-4, 15, -15, -2] [12, 8, -55, 18] [-5, -9, -17, 42] [8, 14, -10, 2] [-24, -33, 14, 9]
[16, 16, 4, 13] [6, 5, -7, -23] [14, 4, 17, -2] [-4, 0, -22, 11] [11, 27, 1, 14] [37, -5, -4, 5] [28, 3, 5, 6]
[1, -11, -12, -11] [4, -2, -6, -1] [4, -3, 11, -7] [-8, 14, -21, -3] [22, 15, -1, 3] [23, -5, -19, 4] [8, -10, 2, 2]
Food (up, right, down, left):
[30, 7, -2, 14] [-9, 6, -11, -27] [17, -5, -19, 7] [-2, -3, 27, 6] [-7, 9, -2, 11] [-5, -12, 17, -1] [-19, 24, 4, -24]
[-42, -10, -11, -27] [0, -4, -10, -6] [-2, 14, 0, 13] [-12, 13, -26, 22] [3, 9, 10, -41] [21, -5, -21, 13] [1, -1, 2, 4]
[-18, 14, -5, -35] [-11, -1, 3, 18] [-33, -29, -18, 2] [29, -17, 7, -9] [-16, -7, -5, -9] [-4, -2, -29, -26] [9, 21, 6, 24]
[7, 2, 15, 31] [-19, -10, -31, 22] [-4, 2, -21, -20] [0, 0, 0, 0] [-32, 27, -19, -5] [-19, 15, -20, -3] [1, 10, -5, 7]
[-3, 16, -2, 17] [-1, 9, 17, 11] [21, -8, 28, -2] [-9, -9, 17, -13] [-5, -11, 20, -33] [-5, 46, 11, 20] [14, 11, -7, -49]
[12, -12, -3, -13] [1, 4, 26, 22] [5, 14, -2, 19] [-15, -19, 7, -29] [-11, -17, -12, -22] [-2, 23, -14, 23] [10, 33, -11, 6]
[-12, 1, -22, -12] [7, 4, 4, -22] [11, 15, 5, -2] [-8, 12, 24, -29] [21, 31, -13, -5] [12, 31, 13, 6] [17, -19, 16, -10]
------------------------------
ALIVE
Head: (3 16)
Body: (3 16) (4 16) (5 16) (6 16) (6 17) (6 18) (6 19) (5 19) (5 18) (4 18) 
Length: 10, 4
Vision: 3
Hungry, suplies: 3/10
Reproductive: 16, mutating: 0.25
Generation: 26211
####################################
Wall (up, right, down, left):
[-3, -11, -15, 1] [12, -12, -21, -4] [-2, 3, 3, -13] [8, 2, 13, 7] [-18, 8, 24, -30] [2, 3, 14, -9] [-30, -14, -10, -6]
[4, 7, 13, -7] [9, 17, 12, 10] [-6, 13, 4, -10] [-28, 18, 0, 12] [28, 10, -5, 1] [-13, -9, 12, 9] [-14, -6, 12, -8]
[1, 6, 38, 2] [-6, 7, -5, 15] [-15, -7, 23, 4] [-61, 21, 34, 35] [-41, -33, -32, 10] [-3, -29, 12, 25] [-13, -10, -6, -19]
[5, 8, 4, -30] [7, 3, 8, -20] [3, 18, -5, -92] [0, 0, 0, 0] [22, -80, 21, 5] [27, -7, -12, 11] [3, -7, 4, -2]
[-29, -21, -7, -17] [9, 21, -9, 7] [-4, 15, -15, -2] [12, 8, -55, 18] [-5, -9, -17, 42] [8, 14, -10, 2] [-24, -33, 14, 9]
[16, 16, 4, 13] [6, 5, -7, -23] [14, 4, 17, -2] [-4, 0, -22, 11] [11, 27, 1, 14] [37, -5, -4, 5] [28, 1, 5, 6]
[0, -11, -12, -11] [4, -2, -6, -1] [4, -3, 11, -7] [-8, 16, -21, -3] [22, 15, -1, 3] [23, -5, -19, 4] [8, -10, 2, 2]
Food (up, right, down, left):
[30, 7, -2, 14] [-9, 6, -11, -27] [17, -5, -19, 7] [-2, -3, 27, 6] [-7, 9, -2, 11] [-5, -12, 17, -1] [-19, 24, 4, -24]
[-42, -10, -11, -27] [0, -4, -10, -6] [-2, 14, 0, 13] [-12, 13, -26, 22] [3, 9, 10, -41] [21, -5, -21, 13] [1, -1, 2, 4]
[-18, 14, -5, -35] [-11, -1, 3, 18] [-33, -29, -18, 2] [29, -17, 7, -9] [-16, -7, -5, -9] [-4, -2, -29, -26] [9, 21, 6, 24]
[7, 2, 15, 31] [-19, -10, -31, 22] [-4, 2, -21, -20] [0, 0, 0, 0] [-32, 27, -19, -5] [-19, 15, -20, -3] [1, 10, -5, 7]
[-3, 16, -2, 17] [-1, 9, 17, 11] [21, -8, 28, -2] [-9, -9, 17, -13] [-5, -11, 20, -33] [-5, 46, 11, 20] [14, 11, -7, -49]
[12, -12, -3, -13] [1, 4, 26, 22] [5, 14, 3, 19] [-15, -19, 7, -29] [-11, -17, -12, -22] [-2, 23, -14, 23] [6, 33, -11, 6]
[-12, 1, -22, -10] [7, 4, 4, -22] [11, 15, 5, -2] [-3, 12, 24, -29] [21, 31, -13, -5] [12, 31, 13, 6] [17, -19, 16, -10]
------------------------------
ALIVE
Head: (15 29)
Body: (15 29) (16 29) (16 28) (16 27) (16 26) (17 26) (18 26) (18 27) (19 27) (20 27) 
Length: 10, 4
Vision: 3
Hungry, suplies: 10/10
Reproductive: 16, mutating: 0.25
Generation: 26203
####################################
Wall (up, right, down, left):
[-3, -11, -15, 1] [12, -12, -21, -4] [-2, 3, 3, -13] [8, 2, 13, 7] [-18, 9, 24, -30] [2, 3, 14, -9] [-30, -14, -10, -6]
[4, 7, 13, -7] [9, 17, 12, 10] [-6, 13, 4, -10] [-28, 18, 0, 12] [28, 10, -5, 1] [-13, -9, 12, 9] [-14, -6, 12, -8]
[1, 6, 38, 2] [-6, 7, -5, 15] [-15, -7, 23, 4] [-61, 21, 34, 35] [-41, -33, -32, 10] [-3, -27, 12, 25] [-13, -10, -6, -19]
[5, 8, 4, -30] [7, 3, 8, -20] [3, 18, -5, -97] [0, 0, 0, 0] [22, -80, 21, 5] [27, -7, -12, 11] [3, -5, 4, -2]
[-29, -21, -7, -17] [9, 21, -9, 7] [-3, 15, -15, -2] [12, 8, -55, 18] [-5, -9, -17, 39] [8, 14, -10, 2] [-24, -33, 14, -1]
[16, 16, 4, 13] [6, 5, -7, -23] [14, 4, 17, -2] [-4, 0, -22, 11] [11, 22, 1, 14] [37, -5, -4, 5] [28, 3, 5, 6]
[0, -11, -12, -11] [4, -2, -6, -1] [4, -3, 11, -7] [-8, 16, -21, -3] [22, 15, -1, 3] [23, -5, -19, 9] [8, -10, 2, 2]
Food (up, right, down, left):
[30, 7, -2, 14] [-9, 6, -11, -27] [17, -5, -19, 7] [-2, -3, 27, 6] [-7, 9, -2, 7] [-5, -12, 17, -1] [-19, 24, 4, -24]
[-42, -10, -11, -27] [0, -4, -10, -6] [-2, 14, 0, 13] [-12, 13, -26, 22] [3, 9, 10, -41] [21, -5, -21, 13] [1, -1, 2, 4]
[-18, 14, -5, -35] [-11, -1, 3, 18] [-33, -29, -18, 2] [29, -17, 7, -9] [-16, -7, -5, -9] [-4, -2, -32, -26] [9, 21, 6, 24]
[7, 2, 15, 31] [-19, -10, -31, 22] [-4, 6, -21, -20] [0, 0, 0, 0] [-32, 27, -19, -1] [-19, 15, -20, -3] [1, 13, -5, 7]
[-3, 16, -2, 17] [-1, 9, 17, 11] [21, -13, 32, -2] [-9, -9, 17, -13] [-5, -7, 20, -33] [-5, 46, 11, 20] [18, 11, -7, -48]
[12, -12, -3, -13] [1, 4, 26, 22] [5, 14, 3, 19] [-15, -19, 7, -29] [-16, -17, -12, -22] [-2, 23, -14, 23] [10, 33, -11, 6]
[-12, 1, -22, -10] [7, 4, 4, -22] [11, 15, 5, -2] [-3, 12, 24, -29] [21, 31, -13, -5] [12, 31, 13, 1] [17, -19, 16, -10]
------------------------------
ALIVE
Head: (6 43)
Body: (6 43) (5 43) (4 43) (4 42) (3 42) (3 41) (3 40) (3 39) (4 39) (4 38) (4 37) (4 36) (4 35) (3 35) 
Length: 14, 4
Vision: 3
Hungry, suplies: 10/10
Reproductive: 16, mutating: 0.25
Generation: 26209
####################################
Wall (up, right, down, left):
[-3, -11, -15, 1] [12, -12, -21, -4] [-2, 3, 3, -13] [8, 2, 13, 7] [-18, 8, 24, -30] [2, 3, 14, -9] [-30, -14, -10, -6]
[4, 7, 13, -7] [9, 17, 12, 10] [-6, 13, 4, -10] [-28, 18, 0, 12] [28, 10, -5, 1] [-13, -9, 12, 9] [-14, -6, 12, -8]
[1, 4, 38, 2] [-6, 7, -5, 15] [-15, -7, 23, 4] [-61, 21, 34, 35] [-41, -33, -32, 10] [-3, -27, 12, 25] [-13, -10, -6, -19]
[5, 8, 4, -30] [7, 3, 8, -20] [3, 18, -5, -97] [0, 0, 0, 0] [22, -80, 21, 5] [27, -7, -12, 11] [3, -5, 4, -2]
[-29, -21, -7, -17] [9, 21, -9, 7] [-3, 15, -15, -2] [12, 8, -55, 18] [-5, -9, -17, 39] [8, 14, -10, 2] [-24, -33, 14, -1]
[16, 16, 4, 13] [6, 5, -7, -23] [14, 4, 17, -2] [-4, 0, -22, 11] [11, 22, 1, 14] [37, -5, -4, 5] [28, 3, 5, 6]
[0, -11, -12, -11] [4, -2, -6, -1] [4, -3, 11, -7] [-8, 16, -21, 2] [22, 15, -1, 3] [23, -5, -19, 9] [8, -10, 2, 2]
Food (up, right, down, left):
[30, 7, -2, 14] [-9, 6, -11, -27] [17, -5, -19, 7] [-2, -3, 27, 6] [-7, 9, -2, 11] [-5, -12, 17, -1] [-19, 24, 4, -24]
[-42, -10, -11, -27] [0, -4, -10, -6] [-2, 14, 0, 13] [-12, 13, -26, 22] [3, 9, 10, -41] [21, -5, -21, 13] [1, -1, 2, 4]
[-18, 14, -10, -35] [-11, -1, 3, 18] [-33, -29, -18, 2] [29, -17, 7, -9] [-16, -7, -5, -9] [-4, -2, -32, -26] [9, 21, 6, 24]
[7, 2, 15, 31] [-19, -10, -31, 22] [-4, 6, -21, -20] [0, 0, 0, 0] [-32, 27, -19, -1] [-19, 15, -20, -3] [1, 13, -5, 7]
[-3, 16, -2, 17] [-1, 9, 17, 11] [21, -13, 32, -2] [-9, -9, 17, -13] [-5, -7, 20, -33] [-5, 46, 11, 20] [18, 11, -7, -48]
[12, -12, -3, -13] [1, 4, 26, 22] [5, 14, 3, 19] [-15, -19, 7, -29] [-16, -17, -12, -22] [-2, 23, -14, 23] [10, 33, -11, 6]
[-12, 1, -22, -10] [7, 4, 4, -22] [11, 15, 5, -2] [-3, 12, 24, -24] [21, 31, -13, -5] [12, 31, 13, 1] [17, -19, 16, -10]
------------------------------
ALIVE
Head: (20 3)
Body: (20 3) (19 3) (19 2) (19 1) (19 0) (20 0) (21 0) (21 56) (22 -1) (22 0) (22 1) 
Length: 11, 4
Vision: 3
Hungry, suplies: 7/10
Reproductive: 16, mutating: 0.25
Generation: 26211
####################################
Wall (up, right, down, left):
[-3, -11, -15, 1] [12, -12, -21, -4] [-2, 3, 3, -13] [8, 2, 13, 7] [-18, 8, 24, -30] [2, 3, 14, -9] [-30, -14, -10, -6]
[4, 7, 13, -7] [9, 17, 12, 10] [-6, 13, 4, -10] [-28, 18, 0, 12] [28, 10, 0, 1] [-13, -9, 12, 9] [-14, -6, 12, -8]
[1, 6, 38, 2] [-6, 7, -5, 15] [-15, -7, 23, 4] [-61, 21, 34, 35] [-41, -33, -32, 10] [-3, -29, 12, 25] [-13, -10, -6, -19]
[5, 8, 4, -30] [7, 3, 8, -20] [3, 18, -5, -92] [0, 0, 0, 0] [22, -80, 21, 5] [27, -7, -12, 11] [3, -5, 4, -2]
[-29, -21, -7, -17] [9, 21, -9, 7] [-4, 15, -15, -2] [12, 8, -55, 18] [-5, -9, -17, 42] [8, 14, -10, 2] [-24, -33, 14, 9]
[16, 16, 4, 13] [6, 5, -7, -23] [14, 4, 17, -2] [-4, 0, -22, 11] [11, 27, 1, 14] [37, -5, -4, 5] [28, 3, 5, 6]
[0, -11, -8, -11] [4, -2, -6, -1] [4, -3, 11, -7] [-10, 16, -21, -3] [22, 15, -1, 3] [23, -5, -20, 4] [8, -10, 2, 2]
Food (up, right, down, left):
[30, 7, -2, 14] [-9, 6, -11, -27] [17, -5, -19, 7] [-2, -3, 27, 6] [-7, 9, -2, 11] [-5, -12, 17, -1] [-19, 24, 4, -24]
[-42, -10, -11, -27] [0, -4, -10, -6] [-2, 14, 0, 13] [-12, 13, -26, 22] [3, 9, 10, -41] [21, -5, -21, 13] [1, -1, 2, 4]
[-18, 14, -5, -35] [-11, -1, 3, 18] [-33, -29, -18, 2] [29, -17, 7, -9] [-16, -7, -5, -9] [-4, -2, -29, -26] [9, 21, 6, 24]
[7, 2, 15, 31] [-19, -10, -31, 22] [-4, 2, -21, -20] [0, 0, 0, 0] [-32, 27, -19, -5] [-19, 15, -20, -3] [1, 13, -5, 7]
[-3, 16, -2, 17] [-1, 9, 17, 11] [21, -8, 28, -2] [-9, -9, 17, -13] [-5, -11, 20, -33] [-5, 46, 11, 20] [14, 11, -7, -49]
[17, -12, -3, -13] [1, 4, 26, 22] [5, 14, 3, 19] [-15, -19, 7, -29] [-11, -17, -12, -22] [-2, 23, -14, 23] [10, 33, -11, 6]
[-12, 1, -22, -11] [7, 4, 4, -22] [11, 15, 5, -2] [-6, 12, 24, -29] [21, 31, -13, -5] [12, 32, 13, 6] [17, -19, 16, -10]
------------------------------
ALIVE
Head: (0 8)
Body: (0 8) (0 7) (24 7) (23 7) (23 6) (23 5) (24 5) (24 4) (-1 3) (0 3) (0 2) 
Length: 11, 4
Vision: 3
Hungry, suplies: 10/10
Reproductive: 16, mutating: 0.25
Generation: 26209
####################################
Wall (up, right, down, left):
[-3, -11, -15, 1] [12, -12, -21, -4] [-2, 3, 3, -13] [8, 2, 13, 7] [-18, 8, 24, -30] [2, 3, 14, -9] [-30, -14, -10, -6]
[4, 7, 13, -7] [9, 17, 12, 10] [-6, 13, 4, -10] [-28, 18, 0, 12] [28, 10, -5, 1] [-13, -9, 12, 9] [-14, -6, 12, -8]
[1, 6, 38, 2] [-6, 7, -5, 15] [-15, -7, 23, 4] [-61, 21, 34, 35] [-41, -33, -32, 10] [-3, -27, 12, 25] [-13, -10, -6, -19]
[5, 8, 4, -30] [7, 3, 6, -20] [3, 18, -5, -92] [0, 0, 0, 0] [22, -80, 21, 5] [25, -7, -12, 11] [3, -5, 4, -2]
[-29, -21, -7, -17] [9, 16, -9, 7] [-4, 15, -15, -2] [12, 8, -55, 18] [-5, -5, -17, 39] [8, 14, -10, 2] [-24, -33, 14, -1]
[16, 16, 4, 17] [6, 5, -3, -23] [14, 4, 17, -2] [-4, 0, -22, 11] [11, 22, 1, 14] [37, -5, -4, 5] [28, 3, 5, 6]
[0, -11, -12, -11] [4, -2, -6, -1] [4, -3, 11, -7] [-8, 16, -21, -3] [22, 15, -1, 3] [23, -5, -19, 9] [8, -10, 2, 2]
Food (up, right, down, left):
[30, 7, -2, 14] [-9, 6, -11, -27] [17, -5, -19, 7] [-2, -3, 27, 6] [-7, 9, -2, 11] [-5, -12, 17, -1] [-19, 24, 4, -24]
[-42, -10, -11, -27] [0, -4, -10, -6] [-2, 14, 0, 13] [-12, 13, -26, 22] [3, 9, 10, -41] [21, -5, -21, 13] [1, -1, 2, 4]
[-18, 14, -5, -35] [-11, -1, 3, 18] [-33, -29, -18, 2] [29, -17, 7, -9] [-16, -7, -5, -9] [-4, -2, -32, -26] [9, 21, 6, 24]
[7, 2, 15, 31] [-19, -10, -35, 22] [-4, 2, -21, -20] [0, 0, 0, 0] [-32, 27, -19, -1] [-24, 15, -20, -3] [1, 13, -5, 7]
[-3, 16, -2, 17] [-1, 9, 17, 6] [21, -13, 27, -2] [-9, -9, 17, -13] [-5, -7, 21, -33] [-5, 46, 11, 20] [18, 11, -7, -48]
[12, -12, -3, -10] [1, 1, 26, 22] [5, 14, 3, 19] [-15, -19, 7, -29] [-16, -17, -12, -22] [-2, 23, -14, 23] [10, 33, -11, 6]
[-12, 1, -22, -10] [7, 4, 4, -22] [11, 15, 5, -2] [-3, 12, 24, -29] [21, 31, -13, -5] [12, 31, 13, 1] [17, -19, 16, -10]
------------------------------
ALIVE
Head: (21 34)
Body: (21 34) (22 34) (22 33) (22 32) (22 31) (23 31) (23 30) (22 30) (21 30) (21 29) (20 29) (19 29) (19 28) 
Length: 13, 4
Vision: 3
Hungry, suplies: 6/10
Reproductive: 16, mutating: 0.25
Generation: 26208
####################################
Wall (up, right, down, left):
[-3, -11, -15, 1] [12, -12, -21, -4] [-2, 3, 3, -13] [8, 2, 17, 7] [-18, 8, 24, -30] [2, 3, 14, -9] [-30, -14, -10, -6]
[4, 7, 13, -7] [9, 17, 12, 10] [-6, 13, 4, -10] [-28, 18, 0, 12] [28, 10, -5, 1] [-13, -9, 12, 9] [-14, -6, 12, -8]
[1, 6, 38, 2] [-6, 7, -5, 15] [-15, -7, 23, 4] [-61, 21, 34, 35] [-41, -33, -32, 10] [-3, -29, 12, 25] [-13, -10, -6, -19]
[5, 8, 4, -30] [7, 3, 8, -20] [3, 18, -5, -92] [0, 0, 0, 0] [22, -80, 21, 5] [27, -7, -12, 11] [3, -7, 4, -2]
[-29, -21, -7, -17] [9, 21, -9, 7] [-4, 15, -15, -2] [12, 8, -55, 18] [-5, -9, -17, 42] [8, 14, -10, 2] [-24, -33, 14, 9]
[16, 16, 4, 13] [6, 5, -7, -23] [14, 4, 17, -2] [-4, 0, -22, 11] [11, 27, 1, 14] [37, -5, -4, 5] [28, 3, 5, 6]
[0, -11, -12, -11] [4, -2, -6, -1] [4, -3, 11, -7] [-8, 16, -21, -3] [22, 15, -1, 3] [23, -5, -19, 4] [8, -10, 2, 2]
Food (up, right, down, left):
[30, 7, -2, 14] [-9, 6, -11, -27] [17, -5, -19, 7] [-2, -3, 27, 2] [-7, 9, -2, 11] [-5, -12, 17, -1] [-19, 24, 4, -24]
[-42, -10, -11, -27] [0, -4, -10, -6] [-2, 14, 0, 13] [-12, 13, -26, 22] [3, 9, 10, -41] [21, -5, -21, 13] [1, -1, 2, 4]
[-18, 14, -5, -35] [-11, -1, 3, 18] [-33, -29, -18, 2] [29, -17, 7, -9] [-16, -7, -5, -9] [-4, -2, -29, -26] [9, 21, 6, 24]
[7, 2, 15, 31] [-19, -10, -31, 22] [-4, 2, -21, -20] [0, 0, 0, 0] [-32, 27, -19, -5] [-19, 15, -20, -3] [1, 10, -5, 7]
[-3, 16, -2, 17] [-1, 9, 17, 11] [21, -8, 28, -2] [-9, -9, 17, -13] [-5, -11, 20, -33] [-5, 46, 11, 20] [14, 11, -7, -49]
[12, -12, -3, -13] [1, 4, 26, 22] [5, 14, 3, 19] [-15, -19, 7, -29] [-11, -17, -12, -22] [-2, 23, -14, 23] [10, 33, -11, 6]
[-12, 1, -22, -10] [7, 4, 4, -22] [11, 15, 5, -2] [-3, 12, 24, -29] [21, 31, -13, -5] [12, 31, 13, 6] [17, -19, 16, -10]
------------------------------
ALIVE
Head: (2 44)
Body: (2 44) (2 43) (2 42) (2 41) (1 41) (0 41) (0 40) (25 39) (24 39) (24 38) (23 38) 
Length: 11, 4
Vision: 3
Hungry, suplies: 8/10
Reproductive: 16, mutating: 0.25
Generation: 26204
####################################
Wall (up, right, down, left):
[-3, -11, -15, 1] [12, -12, -21, -4] [-2, 3, 3, -13] [8, 2, 13, 7] [-18, 8, 24, -30] [2, 3, 14, -9] [-30, -14, -10, -6]
[4, 7, 13, -7] [9, 17, 12, 10] [-6, 13, 4, -10] [-28, 18, 0, 12] [28, 10, -5, 1] [-13, -9, 12, 9] [-14, -6, 12, -8]
[1, 6, 38, 2] [-6, 7, -5, 15] [-15, -7, 23, 4] [-61, 21, 34, 35] [-41, -33, -32, 10] [-3, -29, 12, 25] [-13, -10, -6, -19]
[5, 8, 4, -30] [7, 3, 8, -20] [3, 18, -5, -92] [0, 0, 0, 0] [22, -80, 21, 5] [27, -7, -12, 11] [3, -7, 4, -2]
[-29, -21, -7, -14] [9, 21, -9, 7] [-4, 15, -15, -2] [12, 8, -55, 18] [-5, -9, -17, 42] [8, 14, -10, 2] [-24, -33, 14, 9]
[16, 16, 4, 13] [6, 5, -7, -23] [14, 4, 17, -2] [-4, 0, -22, 11] [11, 27, 1, 14] [37, -5, -4, 5] [28, 3, 5, 6]
[0, -11, -12, -11] [4, -2, -6, -1] [4, -3, 11, -7] [-8, 16, -21, -3] [22, 15, -1, 3] [23, -5, -19, 4] [8, -10, 2, 2]
Food (up, right, down, left):
[30, 7, -2, 14] [-9, 6, -11, -27] [17, -5, -19, 7] [-2, -3, 27, 6] [-7, 9, -2, 11] [-5, -12, 17, -1] [-19, 24, 4, -24]
[-42, -10, -11, -27] [0, -4, -10, -6] [-2, 14, 0, 13] [-12, 13, -26, 22] [3, 9, 10, -41] [21, -5, -21, 13] [1, -1, 2, 4]
[-18, 14, -5, -35] [-11, -1, 3, 18] [-33, -29, -18, 2] [29, -17, 7, -9] [-16, -7, -5, -9] [-4, -2, -29, -26] [9, 21, 6, 24]
[7, 2, 15, 31] [-19, -10, -31, 22] [-4, 2, -21, -20] [0, 0, 0, 0] [-32, 27, -19, -5] [-19, 15, -20, -3] [1, 10, -5, 7]
[-3, 16, 1, 17] [-1, 9, 17, 11] [21, -8, 28, -2] [-9, -9, 17, -13] [-5, -11, 20, -33] [-5, 46, 11, 20] [14, 11, -7, -49]
[12, -12, -3, -13] [1, 4, 26, 22] [5, 14, 3, 19] [-15, -19, 7, -29] [-11, -17, -12, -22] [-2, 23, -14, 23] [10, 33, -11, 6]
[-12, 1, -22, -10] [7, 4, 4, -22] [11, 15, 5, -2] [-3, 12, 24, -29] [21, 31, -13, -5] [12, 31, 13, 6] [17, -19, 16, -10]
------------------------------
ALIVE
Head: (20 22)
Body: (20 22) (20 21) (20 20) (21 20) (21 19) (20 19) (20 18) (20 17) (19 17) (19 16) 
Length: 10, 4
Vision: 3
Hungry, suplies: 8/10
Reproductive: 16, mutating: 0.25
Generation: 26203
####################################
Wall (up, right, down, left):
[-3, -11, -15, 1] [12, -12, -21, -4] [-2, 3, 3, -13] [8, 2, 13, 7] [-18, 8, 24, -30] [2, 3, 14, -9] [-30, -14, -10, -6]
[4, 7, 13, -7] [9, 17, 12, 10] [-6, 13, 4, -10] [-28, 18, 0, 12] [28, 10, -5, 1] [-13, -9, 12, 9] [-14, -6, 12, -8]
[1, 4, 38, 2] [-6, 7, -5, 15] [-15, -7, 23, 4] [-61, 21, 34, 35] [-41, -33, -32, 10] [-3, -27, 12, 25] [-13, -10, -6, -19]
[5, 8, 4, -30] [7, 3, 8, -20] [3, 18, -5, -97] [0, 0, 0, 0] [22, -80, 21, 5] [27, -7, -12, 11] [3, -5, 4, -2]
[-29, -21, -7, -17] [9, 21, -9, 7] [-3, 15, -15, -2] [12, 8, -55, 18] [-5, -9, -17, 39] [8, 14, -10, 2] [-24, -33, 14, -1]
[16, 16, 4, 13] [6, 5, -7, -23] [14, 4, 17, -2] [-4, 0, -22, 11] [11, 22, 1, 14] [37, -5, -4, 5] [28, 3, 5, 6]
[0, -11, -12, -11] [4, -2, -6, -1] [4, -3, 11, -7] [-8, 16, -21, -3] [22, 15, -1, 3] [23, -5, -19, 9] [8, -10, 2, 2]
Food (up, right, down, left):
[30, 7, -2, 14] [-9, 6, -11, -27] [17, -5, -19, 7] [-2, -3, 27, 6] [-7, 9, -2, 11] [-5, -12, 17, -1] [-19, 24, 4, -24]
[-42, -10, -11, -27] [0, -4, -10, -6] [-2, 14, 0, 13] [-12, 13, -26, 22] [3, 9, 10, -41] [21, -5, -21, 13] [1, -1, 2, 4]
[-18, 14, -10, -35] [-11, -1, 3, 18] [-33, -29, -18, 2] [29, -17, 7, -9] [-16, -7, -5, -9] [-4, -2, -32, -26] [9, 21, 6, 24]
[7, 2, 15, 31] [-19, -10, -31, 22] [-4, 6, -21, -20] [0, 0, 0, 0] [-32, 27, -19, -1] [-19, 15, -20, -3] [1, 13, -5, 7]
[-3, 16, -2, 17] [-1, 9, 17, 11] [21, -13, 32, -2] [-9, -9, 17, -13] [-5, -7, 20, -33] [-5, 46, 11, 20] [18, 11, -7, -48]
[12, -12, -3, -13] [1, 4, 26, 22] [5, 14, 3, 19] [-15, -19, 7, -29] [-16, -17, -12, -22] [-2, 23, -14, 23] [10, 33, -11, 6]
[-12, 1, -22, -10] [7, 4, 4, -22] [11, 15, 5, -2] [-3, 12, 24, -29] [21, 31, -13, -5] [12, 31, 13, 1] [17, -19, 16, -10]
------------------------------
ALIVE
Head: (18 48)
Body: (18 48) (18 47) (18 46) (18 45) (18 44) (18 43) (18 42) (19 42) (20 42) (21 42) 
Length: 10, 4
Vision: 3
Hungry, suplies: 5/10
Reproductive: 16, mutating: 0.25
Generation: 26212
####################################
Wall (up, right, down, left):
[-3, -11, -15, 1] [12, -12, -21, -4] [-2, 3, 3, -13] [8, 2, 13, 7] [-18, 8, 24, -30] [2, 3, 14, -9] [-30, -14, -10, -6]
[4, 7, 13, -7] [9, 17, 12, 10] [-6, 13, 1, -10] [-28, 18, 0, 12] [28, 10, -5, 1] [-13, -9, 12, 9] [-14, -6, 12, -8]
[1, 6, 38, 2] [-6, 7, -5, 15] [-15, -7, 23, 4] [-61, 21, 34, 35] [-41, -33, -32, 10] [-3, -27, 12, 25] [-13, -10, -6, -19]
[5, 8, 4, -30] [7, 3, 8, -20] [3, 18, -5, -97] [0, 0, 0, 0] [22, -80, 21, 5] [27, -7, -12, 11] [3, -5, 4, -2]
[-29, -21, -7, -17] [9, 21, -9, 7] [-3, 15, -15, -2] [12, 8, -55, 18] [-5, -9, -17, 39] [8, 14, -10, 2] [-24, -33, 14, -1]
[16, 16, 4, 13] [6, 5, -7, -23] [14, 4, 17, -2] [-4, 0, -22, 11] [11, 22, 1, 14] [37, -5, -4, 5] [28, 3, 5, 6]
[0, -11, -12, -9] [4, -2, -6, -1] [4, -3, 11, -7] [-8, 16, -21, -3] [22, 15, -1, 3] [23, -5, -19, 9] [8, -10, 2, 2]
Food (up, right, down, left):
[30, 7, -2, 14] [-9, 6, -11, -27] [17, -5, -19, 7] [-2, -3, 27, 6] [-7, 9, -2, 11] [-5, -12, 17, -1] [-19, 24, 4, -24]
[-42, -10, -11, -27] [0, -4, -10, -6] [-2, 15, 0, 13] [-12, 13, -26, 22] [3, 9, 10, -41] [21, -5, -21, 13] [1, -1, 2, 4]
[-18, 14, -5, -35] [-11, -1, 3, 18] [-33, -29, -18, 2] [29, -17, 7, -9] [-16, -7, -5, -9] [-4, -2, -32, -26] [9, 21, 6, 24]
[7, 2, 15, 31] [-19, -10, -31, 22] [-4, 6, -21, -20] [0, 0, 0, 0] [-32, 27, -19, -1] [-19, 15, -20, -3] [1, 13, -5, 7]
[-3, 16, -2, 17] [-1, 9, 17, 11] [21, -13, 32, -2] [-9, -9, 17, -13] [-5, -7, 20, -33] [-5, 46, 11, 20] [18, 11, -7, -48]
[12, -12, -3, -13] [1, 4, 26, 22] [5, 14, 3, 19] [-15, -19, 7, -29] [-16, -17, -12, -22] [-2, 23, -14, 23] [10, 33, -11, 6]
[-12, 1, -22, -12] [7, 4, 4, -22] [11, 15, 5, -2] [-3, 12, 24, -29] [21, 31, -13, -5] [12, 31, 13, 1] [17, -19, 16, -10]
------------------------------
ALIVE
Head: (15 49)
Body: (15 49) (15 48) (15 47) (15 46) (15 45) (15 44) (15 43) (15 42) (14 42) (13 42) 
Length: 10, 4
Vision: 3
Hungry, suplies: 8/10
Reproductive: 16, mutating: 0.25
Generation: 26211
####################################
Wall (up, right, down, left):
[-3, -11, -15, 1] [12, -12, -21, -4] [-2, 3, 3, -13] [8, 2, 13, 7] [-18, 8, 24, -30] [2, 3, 14, -9] [-26, -14, -10, -6]
[4, 7, 13, -7] [9, 17, 12, 10] [-6, 13, 4, -10] [-28, 18, 0, 12] [28, 10, -5, 1] [-13, -9, 12, 9] [-14, -6, 12, -8]
[1, 6, 38, 2] [-6, 7, -5, 15] [-15, -7, 23, 4] [-61, 21, 34, 35] [-39, -33, -32, 10] [-3, -27, 12, 25] [-13, -10, -6, -19]
[5, 8, 4, -30] [7, 3, 8, -20] [3, 18, -5, -97] [0, 0, 0, 0] [22, -80, 21, 5] [27, -7, -12, 11] [3, -5, 4, -2]
[-29, -21, -7, -17] [9, 21, -9, 7] [-3, 15, -15, -2] [12, 8, -55, 18] [-5, -9, -17, 39] [8, 14, -10, 2] [-24, -33, 14, -1]
[16, 16, 4, 13] [6, 5, -7, -23] [14, 4, 17, -2] [-4, 0, -22, 11] [11, 22, 1, 14] [37, -5, -4, 5] [30, 3, 5, 6]
[0, -11, -12, -11] [4, -2, -6, -1] [4, -3, 11, -7] [-8, 16, -21, -3] [22, 15, -1, 3] [23, -5, -19, 9] [8, -10, -3, 2]
Food (up, right, down, left):
[30, 7, -2, 14] [-9, 6, -11, -27] [17, -5, -19, 7] [-2, -3, 27, 6] [-7, 9, -2, 11] [-5, -12, 17, -1] [-14, 24, 4, -21]
[-42, -10, -11, -27] [0, -4, -10, -6] [-2, 14, 0, 13] [-12, 13, -26, 22] [3, 9, 10, -41] [21, -5, -21, 13] [1, -1, 2, 4]
[-18, 14, -5, -35] [-11, -1, 3, 18] [-33, -29, -16, 2] [29, -17, 7, -9] [-16, -7, -5, -9] [-4, -2, -32, -26] [9, 21, 6, 24]
[7, 2, 15, 31] [-19, -10, -31, 22] [-4, 6, -21, -20] [0, 0, 0, 0] [-32, 27, -19, -1] [-19, 15, -20, -3] [1, 13, -5, 7]
[-3, 16, -2, 17] [-1, 9, 17, 11] [21, -13, 32, -2] [-9, -9, 17, -13] [-5, -7, 20, -33] [-5, 46, 11, 20] [18, 11, -7, -48]
[12, -12, -3, -13] [1, 4, 26, 22] [5, 14, 3, 19] [-15, -19, 7, -29] [-16, -17, -12, -22] [-2, 23, -14, 23] [7, 33, -11, 6]
[-12, 1, -22, -10] [7, 4, 4, -22] [11, 15, 5, -2] [-3, 12, 24, -29] [21, 31, -13, -5] [12, 31, 13, 1] [17, -19, 16, -9]
------------------------------
ALIVE
Head: (3 50)
Body: (3 50) (3 49) (3 48) (3 47) (2 47) (1 47) (1 46) (1 45) (1 44) (25 44) (24 44) 
Length: 11, 4
Vision: 3
Hungry, suplies: 6/10
Reproductive: 16, mutating: 0.25
Generation: 26213
####################################
Wall (up, right, down, left):
[-3, -11, -15, 1] [12, -12, -21, -4] [-2, 3, 3, -13] [8, 2, 13, 7] [-18, 8, 24, -30] [2, 3, 14, -9] [-30, -14, -10, -6]
[4, 7, 13, -7] [9, 17, 12, 10] [-6, 13, 4, -10] [-28, 18, 0, 12] [28, 10, -5, 1] [-13, -9, 12, 9] [-14, -6, 12, -8]
[1, 6, 38, 2] [-6, 7, -5, 15] [-15, -7, 23, 4] [-61, 21, 34, 35] [-41, -33, -32, 10] [-3, -29, 12, 25] [-13, -10, -6, -19]
[5, 8, 4, -30] [7, 3, 8, -20] [3, 18, -5, -92] [0, 0, 0, 0] [22, -80, 21, 5] [27, -7, -12, 11] [3, -7, 4, -2]
[-29, -21, -7, -17] [9, 21, -9, 7] [-4, 15, -15, -2] [12, 8, -55, 18] [-5, -9, -17, 42] [8, 14, -10, 2] [-24, -33, 14, 9]
[16, 16, 4, 13] [6, 5, -7, -23] [14, 4, 17, -2] [-4, 0, -22, 11] [11, 27, 1, 14] [37, -5, -4, 5] [28, 1, 5, 6]
[0, -11, -12, -11] [4, -2, -6, -1] [4, -3, 11, -7] [-8, 16, -21, -3] [22, 15, -1, 3] [23, -5, -19, 4] [8, -10, 2, 2]
Food (up, right, down, left):
[30, 7, -2, 14] [-9, 6, -11, -27] [17, -5, -19, 7] [-2, -3, 27, 6] [-7, 9, -2, 11] [-5, -12, 17, -1] [-19, 24, 4, -24]
[-42, -10, -11, -27] [0, -4, -10, -6] [-2, 14, 0, 13] [-12, 13, -26, 22] [3, 9, 10, -41] [21, -5, -21, 13] [1, -1, 2, 4]
[-18, 14, -5, -35] [-11, -1, 3, 18] [-33, -29, -18, 2] [29, -17, 7, -9] [-16, -7, -5, -9] [-4, -2, -29, -26] [9, 21, 6, 24]
[7, 2, 15, 31] [-19, -10, -31, 22] [-4, 2, -21, -20] [0, 0, 0, 0] [-32, 27, -19, -5] [-19, 15, -20, -3] [1, 10, -5, 7]
[-3, 16, -2, 17] [-1, 9, 17, 11] [21, -8, 28, -2] [-9, -9, 17, -13] [-5, -11, 20, -33] [-5, 46, 11, 20] [14, 11, -7, -49]
[12, -12, -3, -13] [1, 4, 26, 22] [5, 14, 3, 19] [-15, -19, 7, -29] [-11, -17, -12, -22] [-2, 23, -14, 23] [6, 33, -11, 6]
[-12, 1, -22, -10] [7, 4, 4, -22] [11, 15, 5, -2] [-3, 12, 24, -29] [21, 31, -13, -5] [12, 31, 13, 6] [17, -19, 16, -10]
------------------------------
ALIVE
Head: (13 15)
Body: (13 15) (13 14) (12 14) (12 15) (11 15) (11 16) (10 16) (10 17) (10 18) (10 19) 
Length: 10, 4
Vision: 3
Hungry, suplies: 3/10
Reproductive: 16, mutating: 0.25
Generation: 26204
####################################
Wall (up, right, down, left):
[-3, -11, -15, 1] [12, -12, -21, -4] [-2, 3, 3, -13] [8, 2, 13, 7] [-18, 8, 24, -30] [2, 3, 14, -9] [-30, -14, -10, -6]
[4, 7, 13, -7] [9, 17, 12, 10] [-6, 13, 4, -10] [-28, 18, 0, 12] [28, 10, -5, 1] [-13, -9, 12, 9] [-14, -8, 12, -8]
[1, 6, 38, 2] [-6, 7, -5, 15] [-15, -7, 23, 4] [-61, 21, 34, 35] [-41, -33, -32, 10] [-3, -29, 12, 25] [-13, -10, -6, -19]
[5, 8, 4, -30] [7, 3, 8, -20] [3, 18, -5, -92] [0, 0, 0, 0] [22, -80, 21, 5] [27, -7, -12, 11] [3, -7, 4, -2]
[-29, -21, -7, -17] [9, 21, -9, 7] [-4, 15, -15, -2] [12, 8, -55, 18] [-5, -9, -17, 42] [8, 14, -10, 2] [-24, -33, 14, 9]
[16, 16, 4, 13] [6, 5, -7, -23] [14, 4, 17, -2] [-4, 0, -22, 11] [11, 27, 1, 14] [37, -5, -4, 5] [28, 3, 5, 6]
[1, -11, -12, -11] [4, -2, -6, -1] [4, -3, 11, -7] [-8, 14, -21, -3] [22, 15, -1, 3] [23, -5, -19, 4] [8, -10, 2, 2]
Food (up, right, down, left):
[30, 7, -2, 14] [-9, 6, -11, -27] [17, -5, -19, 7] [-2, -3, 27, 6] [-7, 9, -2, 11] [-5, -12, 17, -1] [-19, 24, 4, -24]
[-42, -10, -11, -27] [0, -4, -10, -6] [-2, 14, 0, 13] [-12, 13, -26, 22] [3, 9, 10, -41] [21, -5, -21, 13] [1, -1, 2, 4]
[-18, 14, -5, -35] [-11, -1, 3, 18] [-33, -29, -18, 2] [29, -17, 7, -9] [-16, -7, -5, -9] [-4, -2, -29, -26] [9, 21, 6, 24]
[7, 2, 15, 31] [-19, -10, -31, 22] [-4, 2, -21, -20] [0, 0, 0, 0] [-32, 27, -19, -5] [-19, 15, -20, -3] [1, 10, -5, 7]
[-3, 16, -2, 17] [-1, 9, 17, 11] [21, -8, 28, -2] [-9, -9, 17, -13] [-5, -11, 20, -33] [-5, 46, 11, 20] [14, 11, -7, -49]
[12, -12, -3, -13] [1, 4, 26, 22] [5, 14, -2, 19] [-15, -19, 7, -29] [-11, -17, -12, -22] [-2, 23, -14, 23] [10, 33, -11, 6]
[-12, 1, -22, -12] [7, 4, 4, -22] [11, 15, 5, -2] [-8, 12, 24, -29] [21, 31, -13, -5] [12, 31, 13, 6] [17, -19, 16, -10]
------------------------------
ALIVE
Head: (24 17)
Body: (24 17) (23 17) (22 17) (21 17) (21 16) (21 15) (21 14) (22 14) (23 14) 
Length: 9, 4
Vision: 3
Hungry, suplies: 7/10
Reproductive: 16, mutating: 0.25
Generation: 26210
####################################
Wall (up, right, down, left):
[-3, -11, -15, 1] [12, -12, -21, -4] [-2, 3, 3, -13] [8, 2, 13, 7] [-18, 8, 24, -30] [2, 3, 14, -9] [-30, -14, -10, -6]
[4, 7, 13, -7] [9, 17, 12, 10] [-6, 13, 4, -10] [-28, 18, 0, 12] [28, 10, -5, 1] [-13, -9, 12, 9] [-14, -6, 12, -8]
[1, 6, 38, 2] [-6, 7, -5, 15] [-15, -7, 23, 4] [-61, 21, 34, 35] [-41, -33, -32, 10] [-3, -27, 12, 25] [-13, -10, -6, -19]
[5, 8, 4, -30] [7, 3, 8, -20] [3, 18, -5, -97] [0, 0, 0, 0] [22, -80, 21, 5] [27, -7, -12, 11] [3, -5, 4, -2]
[-29, -21, -7, -17] [9, 21, -9, 7] [-3, 15, -15, -2] [12, 8, -55, 18] [-5, -9, -17, 39] [8, 14, -10, 2] [-24, -33, 14, -1]
[16, 16, 4, 13] [6, 5, -7, -23] [14, 4, 17, -2] [-4, 0, -22, 11] [11, 22, 1, 14] [37, -5, -4, 5] [28, 3, 5, 6]
[0, -11, -12, -11] [4, -2, -6, -1] [4, -3, 11, -7] [-8, 16, -21, -3] [22, 15, -1, 3] [23, -5, -19, 9] [8, -10, 2, 2]
Food (up, right, down, left):
[30, 7, -2, 14] [-9, 6, -11, -27] [17, -5, -19, 7] [-2, -3, 27, 6] [-7, 9, -2, 11] [-5, -12, 17, -1] [-19, 24, 4, -24]
[-42, -10, -11, -27] [0, -4, -10, -6] [-2, 14, 0, 13] [-12, 13, -26, 22] [3, 9, 10, -41] [21, -5, -21, 13] [1, -1, 2, 4]
[-18, 14, -5, -35] [-11, -1, 3, 18] [-33, -29, -18, 2] [29, -17, 7, -9] [-16, -7, -5, -9] [-4, -2, -32, -26] [9, 21, 6, 24]
[7, 2, 15, 31] [-19, -10, -31, 22] [-4, 6, -21, -20] [0, 0, 0, 0] [-32, 27, -19, -1] [-19, 15, -20, -3] [1, 13, -5, 7]
[-3, 16, -2, 17] [-1, 9, 17, 11] [21, -13, 32, -2] [-9, -9, 17, -13] [-5, -7, 20, -33] [-5, 46, 11, 20] [18, 11, -7, -48]
[12, -12, -3, -13] [1, 4, 26, 22] [5, 14, 3, 19] [-15, -19, 7, -29] [-16, -17, -12, -22] [-2, 23, -14, 23] [10, 33, -11, 6]
[-12, 1, -22, -10] [7, 4, 4, -22] [11, 15, 5, -2] [-3, 12, 24, -29] [21, 31, -13, -5] [12, 31, 13, 1] [17, -19, 16, -10]
------------------------------
ALIVE
Head: (20 28)
Body: (20 28) (21 28) (22 28) (22 29) (23 29) (-1 29) (24 30) (24 31) (25 31) 
Length: 9, 4
Vision: 3
Hungry, suplies: 6/10
Reproductive: 16, mutating: 0.25
Generation: 26214
####################################
