Wall (up, right, down, left):
[3, 4, 8, -7] [-4, -4, 6, -20] [-30, 7, -6, -25] [8, -2, 23, 3] [-11, 10, 23, -2] [14, -4, -13, -5] [1, -19, -6, -6]
[-44, 1, 11, -17] [0, 12, -12, -5] [-31, 4, 14, 8] [-36, 14, 30, 14] [30, 23, 6, -6] [-33, -25, -5, -16] [-20, -3, -6, 13]
[4, 5, 31, 29] [3, 17, -15, -8] [-6, -1, 38, -24] [-94, 18, 63, 10] [-46, -44, -12, 40] [-20, -23, -8, 4] [-20, -22, -20, 0]
[0, 46, -10, -43] [13, 0, 42, -32] [8, 40, -3, -107] [0, 0, 0, 0] [43, -111, 26, 20] [24, -6, -8, 5] [1, 1, 27, -3]
[-4, -35, 15, -3] [18, -1, -23, -21] [-18, -12, -40, -44] [50, 13, -126, 22] [15, -2, -33, 37] [9, 7, -4, 18] [-33, -73, -23, 42]
[30, 27, 4, 3] [-28, 2, -28, 8] [34, -9, 18, -3] [-3, 4, -29, -4] [1, -6, -44, -18] [2, -10, -23, 10] [36, 10, 29, -12]
[-10, -10, 25, -9] [3, -9, -53, -17] [-9, 4, 24, 6] [-21, 20, -53, -14] [34, 7, -13, 23] [41, -12, -39, 27] [-9, -13, 29, 2]
Food (up, right, down, left):
[10, 14, 0, 29] [-8, 29, 4, -28] [17, -21, 11, 16] [-25, -1, 50, 4] [-2, -15, 51, -8] [-13, -29, -19, -17] [-51, 19, 9, -12]
[-77, 13, -43, -5] [0, -8, -39, 0] [6, 10, 16, 37] [-22, 16, -54, 28] [20, 0, -1, -55] [56, 6, -51, 25] [14, 0, 26, 35]
[-24, 3, 31, -42] [12, -8, -26, 33] [-46, -38, -41, 28] [49, -34, 26, 24] [-8, -13, -10, -26] [3, 26, -53, -31] [61, 27, 13, 6]
[3, 26, -7, 48] [-17, -8, -33, 35] [-6, 2, -34, -14] [0, 0, 0, 0] [-14, 57, -46, -16] [22, -19, -43, -27] [-24, 50, -23, 16]
[2, 11, -8, 18] [11, 14, 5, 33] [25, -8, 40, 24] [-16, -50, 29, -9] [6, 11, 28, -19] [9, 56, 16, 16] [-9, -18, 3, -3]
[5, -29, -13, 12] [8, -1, 17, -28] [20, 10, 21, 32] [-31, -38, 55, -20] [-45, -41, 15, -69] [-29, 72, 26, 21] [2, 44, 12, 32]
[17, -2, -31, -20] [-13, 1, 16, -68] [37, 16, 4, -13] [-10, 1, 4, -36] [60, 36, 6, -24] [17, 34, 11, 6] [7, -20, 19, -13]
------------------------------
ALIVE
Head: (22 6)
Body: (22 6) (22 7) (21 7) (21 8) (21 9) (20 9) (20 10) (20 11) 
Length: 8, 4
Vision: 3
Hungry, suplies: 9/10
Reproductive: 16, mutating: 0.25
Generation: 53666
####################################
Wall (up, right, down, left):
[3, 4, 8, -7] [-4, -4, 6, -20] [-30, 7, -6, -25] [8, -2, 23, 3] [-11, 10, 23, -2] [14, -4, -13, -5] [1, -19, -6, -6]
[-44, 1, 11, -17] [0, 12, -12, -5] [-31, 4, 10, 8] [-36, 14, 30, 14] [30, 23, 6, -6] [-33, -25, -2, -16] [-20, -3, -6, 13]
[4, 5, 31, 28] [3, 14, -15, -8] [-9, -1, 38, -24] [-94, 18, 63, 10] [-46, -44, -12, 40] [-20, -23, -8, 4] [-20, -22, -20, 0]
[0, 46, -10, -43] [13, 0, 42, -32] [8, 40, -3, -107] [0, 0, 0, 0] [43, -111, 26, 20] [24, -6, -8, 5] [1, 1, 27, -3]
[-4, -35, 15, -3] [18, -1, -23, -21] [-18, -12, -40, -44] [47, 13, -126, 22] [15, -2, -33, 37] [9, 7, -4, 18] [-33, -73, -23, 42]
[30, 27, 4, 3] [-25, 2, -28, 8] [34, -9, 18, -3] [-3, 4, -29, -5] [1, -6, -44, -18] [2, -14, -23, 10] [36, 10, 29, -12]
[-10, -10, 25, -9] [3, -9, -53, -17] [-9, 4, 24, 6] [-21, 20, -53, -14] [34, 7, -13, 23] [41, -12, -39, 27] [-9, -13, 29, 2]
Food (up, right, down, left):
[10, 14, 0, 29] [-8, 29, 4, -28] [17, -21, 11, 16] [-25, -1, 50, 4] [-2, -15, 51, -8] [-13, -29, -19, -17] [-51, 19, 9, -12]
[-77, 13, -43, -5] [0, -8, -39, 0] [6, 10, 16, 37] [-22, 16, -54, 28] [20, 0, -1, -55] [56, 6, -52, 25] [14, 0, 26, 35]
[-24, 3, 27, -42] [12, -8, -26, 33] [-46, -38, -44, 28] [49, -34, 26, 24] [-8, -13, -10, -26] [3, 26, -53, -31] [61, 27, 13, 6]
[3, 26, -7, 48] [-17, -8, -33, 35] [-6, 2, -34, -14] [0, 0, 0, 0] [-14, 57, -46, -16] [22, -19, -43, -27] [-24, 50, -23, 16]
[2, 11, -8, 18] [11, 14, 5, 33] [25, -8, 40, 24] [-14, -50, 29, -9] [6, 11, 28, -19] [9, 56, 16, 16] [-9, -18, 3, -3]
[5, -29, -13, 12] [12, -1, 17, -28] [20, 10, 21, 32] [-31, -38, 55, -20] [-45, -41, 15, -69] [-24, 72, 26, 21] [2, 44, 12, 32]
[17, -2, -31, -20] [-13, 1, 16, -68] [37, 16, 4, -13] [-10, 1, 4, -36] [60, 36, 6, -24] [17, 34, 11, 6] [7, -20, 19, -13]
------------------------------
ALIVE
Head: (13 18)
Body: (13 18) (13 19) (13 20) (12 20) (11 20) (10 20) (9 20) 
Length: 7, 4
Vision: 3
Hungry, suplies: 6/10
Reproductive: 16, mutating: 0.25
Generation: 53662
####################################
Wall (up, right, down, left):
[3, 4, 8, -7] [-4, -4, 6, -20] [-30, 7, -6, -25] [8, -2, 23, 3] [-11, 10, 23, -2] [14, -4, -13, -5] [1, -19, -6, -6]
[-44, 1, 11, -17] [0, 12, -12, -5] [-31, 4, 14, 8] [-36, 14, 30, 14] [30, 23, 6, -6] [-33, -25, -5, -16] [-20, -3, -6, 13]
[4, 5, 31, 29] [3, 14, -15, -8] [-6, -1, 38, -24] [-94, 18, 63, 10] [-46, -44, -12, 40] [-20, -23, -8, 4] [-20, -22, -20, 0]
[0, 46, -10, -43] [13, 0, 42, -32] [8, 40, -3, -107] [0, 0, 0, 0] [43, -111, 26, 20] [24, -6, -8, 5] [1, 1, 27, -3]
[-7, -35, 15, -3] [18, -1, -23, -21] [-18, -12, -40, -44] [50, 13, -126, 22] [15, -2, -33, 37] [9, 7, -4, 18] [-33, -73, -23, 42]
[30, 27, 4, 3] [-28, 2, -28, 8] [34, -9, 18, -3] [-3, 4, -29, -4] [1, -6, -44, -18] [2, -10, -23, 10] [36, 10, 29, -12]
[-6, -10, 25, -9] [3, -9, -53, -17] [-9, 4, 24, 6] [-21, 20, -53, -14] [34, 7, -13, 23] [41, -12, -39, 27] [-9, -13, 29, 2]
Food (up, right, down, left):
[10, 14, 0, 29] [-8, 29, 4, -28] [17, -21, 11, 16] [-25, -1, 50, 4] [-2, -15, 51, -8] [-13, -29, -19, -17] [-51, 19, 9, -12]
[-77, 13, -43, -5] [0, -8, -39, 0] [6, 10, 16, 37] [-22, 16, -54, 28] [20, 0, -1, -55] [56, 6, -51, 25] [14, 0, 26, 35]
[-24, 3, 31, -42] [12, -8, -26, 33] [-46, -38, -41, 28] [49, -34, 26, 24] [-8, -13, -10, -26] [3, 26, -53, -31] [61, 27, 13, 6]
[3, 26, -7, 48] [-17, -8, -33, 35] [-6, 2, -34, -14] [0, 0, 0, 0] [-14, 57, -46, -16] [22, -19, -43, -27] [-24, 50, -23, 16]
[2, 11, -13, 18] [11, 14, 5, 33] [25, -8, 40, 24] [-16, -50, 29, -9] [6, 11, 28, -19] [9, 56, 16, 16] [-9, -18, 3, -3]
[5, -29, -13, 12] [8, -1, 17, -28] [20, 10, 21, 32] [-31, -38, 55, -20] [-45, -41, 15, -69] [-29, 72, 26, 21] [2, 44, 12, 32]
[17, -2, -29, -20] [-13, 1, 16, -68] [37, 16, 4, -13] [-10, 1, 4, -36] [60, 36, 6, -24] [17, 34, 11, 6] [7, -20, 19, -13]
------------------------------
ALIVE
Head: (24 8)
Body: (24 8) (24 9) (23 9) (23 10) (22 10) (22 11) (22 12) (21 12) (21 13) (21 14) 
Length: 10, 4
Vision: 3
Hungry, suplies: 2/10
Reproductive: 16, mutating: 0.25
Generation: 53666
####################################
Wall (up, right, down, left):
[3, 4, 8, -7] [-4, -4, 6, -20] [-30, 7, -6, -25] [8, -2, 23, 3] [-11, 10, 23, -2] [14, -4, -13, -5] [1, -19, -6, -6]
[-44, 1, 11, -17] [0, 12, -12, -5] [-31, 3, 14, 8] [-36, 14, 30, 14] [30, 23, 6, -6] [-33, -25, -2, -16] [-20, -3, -6, 13]
[4, 5, 31, 33] [3, 14, -15, -8] [-9, -1, 38, -24] [-94, 18, 63, 14] [-46, -44, -12, 40] [-20, -23, -8, 4] [-20, -22, -20, 0]
[0, 46, -10, -43] [13, 0, 42, -32] [8, 40, -3, -107] [0, 0, 0, 0] [43, -111, 26, 20] [24, -6, -8, 5] [1, 1, 27, -3]
[-4, -35, 15, -3] [18, -1, -23, -21] [-18, -12, -40, -44] [50, 13, -126, 22] [15, -2, -33, 37] [9, 7, -4, 18] [-33, -73, -23, 42]
[30, 27, 4, 3] [-24, 2, -28, 8] [34, -9, 18, -3] [-3, 4, -29, -4] [1, -6, -44, -18] [2, -14, -23, 10] [36, 10, 29, -12]
[-10, -10, 25, -9] [3, -9, -53, -17] [-9, 4, 24, 6] [-21, 20, -53, -14] [34, 7, -13, 23] [41, -12, -39, 27] [-9, -13, 29, 2]
Food (up, right, down, left):
[10, 14, 0, 29] [-8, 29, 4, -28] [17, -21, 11, 16] [-25, -1, 50, 4] [-2, -15, 51, -8] [-13, -29, -19, -17] [-51, 19, 9, -12]
[-77, 13, -43, -5] [0, -8, -39, 0] [6, 10, 17, 37] [-22, 16, -54, 28] [20, 0, -1, -55] [56, 6, -52, 25] [14, 0, 26, 35]
[-19, 3, 31, -42] [12, -8, -26, 33] [-46, -38, -44, 28] [49, -38, 26, 24] [-8, -13, -10, -26] [3, 26, -53, -31] [61, 27, 13, 6]
[3, 26, -7, 48] [-17, -8, -33, 35] [-6, 2, -34, -14] [0, 0, 0, 0] [-14, 57, -46, -16] [22, -19, -43, -27] [-24, 50, -23, 16]
[2, 11, -8, 18] [11, 14, 5, 33] [25, -8, 40, 24] [-16, -50, 29, -9] [7, 11, 28, -19] [9, 56, 16, 16] [-9, -18, 3, -3]
[5, -29, -13, 12] [8, -5, 17, -28] [20, 10, 21, 32] [-31, -38, 55, -20] [-45, -41, 15, -69] [-24, 72, 26, 21] [2, 44, 12, 32]
[17, -2, -31, -20] [-13, 1, 16, -68] [37, 16, 4, -13] [-10, 1, 4, -36] [60, 36, 6, -24] [17, 34, 11, 6] [7, -20, 19, -13]
------------------------------
ALIVE
Head: (7 6)
Body: (7 6) (7 7) (6 7) (5 7) (4 7) (3 7) (3 6) (2 6) (1 6) (1 5) (2 5) (3 5) (3 4) (4 4) 
Length: 14, 4
Vision: 3
Hungry, suplies: 9/10
Reproductive: 16, mutating: 0.25
Generation: 53666
####################################
Wall (up, right, down, left):
[3, 4, 8, -7] [-4, -4, 6, -20] [-30, 7, -6, -25] [8, -2, 23, 3] [-11, 10, 23, -2] [14, -4, -13, -5] [1, -19, -6, -6]
[-44, 1, 11, -17] [0, 12, -12, -5] [-31, 4, 10, 8] [-36, 14, 30, 14] [30, 23, 6, -6] [-33, -25, -2, -16] [-20, -3, -6, 13]
[4, 5, 31, 28] [3, 14, -15, -8] [-9, -1, 38, -24] [-94, 18, 63, 10] [-46, -44, -12, 40] [-20, -23, -8, 4] [-20, -22, -20, 0]
[0, 46, -10, -43] [13, 0, 42, -32] [8, 40, -1, -107] [0, 0, 0, 0] [43, -111, 26, 20] [24, -6, -8, 5] [1, 1, 27, -3]
[-4, -35, 15, -3] [18, -1, -23, -21] [-18, -12, -40, -44] [47, 13, -126, 22] [15, -2, -33, 37] [9, 7, -4, 18] [-33, -73, -23, 42]
[30, 27, 4, 3] [-28, 2, -28, 8] [34, -9, 18, -3] [-3, 4, -29, -5] [1, -6, -44, -18] [2, -14, -23, 10] [36, 10, 29, -12]
[-10, -10, 25, -9] [3, -9, -53, -17] [-9, 4, 24, 6] [-21, 20, -53, -14] [34, 7, -13, 23] [41, -12, -39, 27] [-9, -13, 29, 2]
Food (up, right, down, left):
[10, 14, 0, 29] [-8, 29, 4, -28] [17, -21, 11, 16] [-25, -1, 50, 4] [-2, -15, 51, -8] [-13, -29, -19, -17] [-51, 19, 9, -12]
[-77, 13, -43, -5] [0, -8, -39, 0] [6, 10, 16, 37] [-22, 16, -54, 28] [20, 0, -1, -55] [56, 6, -52, 25] [14, 0, 26, 35]
[-24, 3, 27, -42] [12, -8, -26, 33] [-46, -38, -44, 28] [49, -34, 26, 24] [-8, -13, -10, -26] [3, 26, -53, -31] [61, 27, 13, 6]
[3, 26, -7, 48] [-17, -8, -33, 35] [-6, 2, -36, -14] [0, 0, 0, 0] [-14, 57, -46, -16] [22, -19, -43, -27] [-24, 50, -23, 16]
[2, 11, -8, 18] [11, 14, 5, 33] [25, -8, 40, 24] [-14, -50, 29, -9] [6, 11, 28, -19] [9, 56, 16, 16] [-9, -18, 3, -3]
[5, -29, -13, 12] [8, -1, 17, -28] [20, 10, 21, 32] [-31, -38, 55, -20] [-45, -41, 15, -69] [-24, 72, 26, 21] [2, 44, 12, 32]
[17, -2, -31, -20] [-13, 1, 16, -68] [37, 16, 4, -13] [-10, 1, 4, -36] [60, 36, 6, -24] [17, 34, 11, 6] [7, -20, 19, -13]
------------------------------
ALIVE
Head: (20 2)
Body: (20 2) (19 2) (18 2) (17 2) (16 2) (15 2) (15 1) (15 57) (15 56) (14 56) (13 56) (13 55) (12 55) 
Length: 13, 4
Vision: 3
Hungry, suplies: 6/10
Reproductive: 16, mutating: 0.25
Generation: 53667
####################################
Wall (up, right, down, left):
[3, 4, 8, -7] [-4, -4, 6, -20] [-30, 7, -6, -25] [8, -2, 23, 3] [-11, 10, 23, -2] [14, -4, -13, -5] [1, -19, -6, -6]
[-44, 1, 11, -17] [0, 12, -12, -5] [-31, 3, 14, 8] [-36, 14, 30, 14] [30, 23, 6, -6] [-33, -25, -2, -16] [-20, -3, -6, 13]
[4, 5, 31, 33] [3, 14, -15, -8] [-9, -1, 38, -24] [-94, 18, 63, 14] [-46, -44, -12, 40] [-20, -23, -8, 4] [-20, -22, -20, 0]
[0, 46, -10, -43] [13, -4, 42, -32] [8, 40, -3, -107] [0, 0, 0, 0] [43, -111, 26, 20] [24, -6, -8, 5] [1, 1, 27, -3]
[-4, -35, 15, -3] [18, -1, -23, -21] [-18, -12, -40, -44] [50, 13, -126, 22] [15, -2, -33, 37] [9, 7, -4, 18] [-33, -73, -23, 42]
[30, 27, 4, 3] [-24, 2, -28, 8] [34, -9, 18, -3] [-3, 4, -29, -4] [1, -6, -44, -18] [2, -14, -23, 10] [36, 10, 29, -12]
[-10, -10, 25, -9] [3, -9, -53, -17] [-9, 4, 24, 6] [-21, 20, -53, -14] [34, 7, -13, 23] [41, -12, -39, 27] [-9, -13, 29, 2]
Food (up, right, down, left):
[10, 14, 0, 29] [-8, 29, 4, -28] [17, -21, 11, 16] [-25, -1, 50, 4] [-2, -15, 51, -8] [-13, -29, -19, -17] [-51, 19, 9, -12]
[-77, 13, -43, -5] [0, -8, -39, 0] [6, 10, 17, 37] [-22, 16, -54, 28] [20, 0, -1, -55] [56, 6, -52, 25] [14, 0, 26, 35]
[-19, 3, 31, -42] [12, -8, -26, 33] [-46, -38, -44, 28] [49, -38, 26, 24] [-8, -13, -10, -26] [3, 26, -53, -31] [61, 27, 13, 6]
[3, 26, -7, 48] [-17, -13, -33, 35] [-6, 2, -34, -14] [0, 0, 0, 0] [-14, 57, -46, -16] [22, -19, -43, -27] [-24, 50, -23, 16]
[2, 11, -8, 18] [11, 14, 5, 33] [25, -8, 40, 24] [-16, -50, 29, -9] [7, 11, 28, -19] [9, 56, 16, 16] [-9, -18, 3, -3]
[5, -29, -13, 12] [8, -5, 17, -28] [20, 10, 21, 32] [-31, -38, 55, -20] [-45, -41, 15, -69] [-24, 72, 26, 21] [2, 44, 12, 32]
[17, -2, -31, -20] [-13, 1, 16, -68] [37, 16, 4, -13] [-10, 1, 4, -36] [60, 36, 6, -24] [17, 34, 11, 6] [7, -20, 19, -13]
------------------------------
ALIVE
Head: (14 9)
Body: (14 9) (13 9) (12 9) (12 10) (12 11) (11 11) (10 11) (10 10) (10 9) (10 8) (10 7) 
Length: 11, 4
Vision: 3
Hungry, suplies: 9/10
Reproductive: 16, mutating: 0.25
Generation: 53667
####################################
Wall (up, right, down, left):
[3, 4, 8, -7] [-4, -4, 6, -20] [-30, 7, -6, -25] [8, -2, 23, 3] [-11, 10, 23, -2] [14, -4, -13, -5] [1, -19, -6, -6]
[-44, 1, 11, -17] [0, 12, -12, -5] [-31, 4, 14, 8] [-36, 14, 30, 14] [30, 23, 6, -6] [-33, -25, -5, -16] [-20, -3, -6, 13]
[4, 5, 31, 29] [3, 14, -15, -8] [-6, -1, 38, -24] [-94, 18, 63, 10] [-46, -44, -12, 40] [-20, -23, -8, 4] [-20, -22, -20, 0]
[0, 46, -10, -43] [13, 0, 42, -32] [8, 40, -3, -107] [0, 0, 0, 0] [43, -111, 26, 20] [24, -6, -8, 5] [1, 1, 27, -3]
[-4, -35, 15, -3] [18, -1, -23, -21] [-18, -12, -40, -44] [50, 13, -126, 22] [15, -2, -33, 37] [9, 7, -4, 18] [-33, -73, -23, 42]
[30, 27, 4, 3] [-28, 2, -28, 8] [34, -9, 18, -3] [-3, 4, -29, -4] [1, -6, -44, -18] [2, -10, -23, 10] [36, 10, 29, -12]
[-6, -10, 25, -9] [3, -9, -53, -17] [-9, 4, 24, 6] [-21, 20, -53, -14] [34, 7, -13, 23] [41, -12, -39, 27] [-9, -13, 29, 2]
Food (up, right, down, left):
[10, 14, 0, 29] [-8, 29, 4, -28] [17, -21, 11, 16] [-25, -1, 50, 4] [-2, -15, 51, -8] [-13, -29, -19, -17] [-51, 19, 9, -12]
[-77, 13, -43, -5] [0, -8, -39, 0] [6, 10, 16, 37] [-22, 16, -54, 28] [20, 0, -1, -55] [56, 6, -51, 25] [14, 0, 26, 35]
[-24, 3, 31, -42] [12, -8, -26, 33] [-46, -38, -41, 28] [49, -34, 26, 24] [-8, -13, -10, -26] [3, 26, -53, -31] [61, 27, 13, 6]
[3, 26, -7, 48] [-17, -8, -33, 35] [-6, 2, -34, -14] [0, 0, 0, 0] [-14, 57, -46, -16] [22, -19, -43, -27] [-24, 50, -23, 16]
[2, 11, -8, 18] [11, 14, 5, 33] [25, -8, 40, 24] [-16, -50, 29, -9] [6, 11, 28, -19] [9, 56, 16, 16] [-9, -18, 3, -3]
[5, -29, -13, 12] [8, -1, 17, -28] [20, 10, 21, 32] [-31, -38, 55, -20] [-45, -41, 15, -69] [-29, 72, 26, 21] [2, 44, 12, 32]
[17, -2, -29, -20] [-13, 1, 16, -68] [37, 16, 4, -13] [-10, 1, 4, -36] [60, 36, 6, -24] [17, 34, 11, 6] [7, -20, 19, -13]
------------------------------
ALIVE
Head: (12 23)
Body: (12 23) (12 24) (12 25) (12 26) (12 27) (13 27) (13 28) (13 29) (13 30) (13 31) (13 32) (14 32) 
Length: 12, 4
Vision: 3
Hungry, suplies: 1/10
Reproductive: 16, mutating: 0.25
Generation: 53666
####################################
Wall (up, right, down, left):
[3, 4, 8, -7] [-4, -4, 6, -20] [-30, 7, -6, -25] [8, -2, 23, 3] [-11, 10, 23, -2] [14, -4, -13, -5] [1, -19, -6, -6]
[-44, 1, 11, -17] [0, 12, -12, -5] [-31, 4, 14, 8] [-36, 14, 30, 14] [30, 23, 6, -6] [-33, -25, -5, -16] [-20, -3, -6, 13]
[4, 5, 31, 29] [3, 14, -15, -8] [-6, -1, 38, -24] [-94, 18, 63, 10] [-46, -44, -12, 40] [-20, -23, -8, 4] [-20, -22, -20, 0]
[0, 46, -10, -43] [13, 0, 42, -32] [8, 40, -3, -107] [0, 0, 0, 0] [43, -111, 26, 20] [24, -6, -8, 5] [1, 1, 27, -3]
[-4, -35, 15, -3] [18, -1, -23, -21] [-18, -12, -40, -44] [50, 13, -126, 22] [15, -2, -33, 37] [9, 7, -4, 18] [-33, -73, -23, 42]
[30, 27, 4, 3] [-28, 2, -28, 8] [34, -9, 18, -3] [-3, 4, -29, -4] [1, -6, -44, -18] [2, -10, -23, 10] [36, 10, 29, -12]
[-6, -10, 25, -9] [3, -9, -53, -17] [-9, 4, 24, 6] [-21, 20, -53, -14] [34, 7, -13, 23] [41, -12, -39, 27] [-9, -13, 29, 2]
Food (up, right, down, left):
[10, 14, 0, 29] [-8, 29, 4, -28] [17, -21, 11, 16] [-25, -1, 50, 4] [-2, -15, 51, -8] [-13, -29, -19, -17] [-51, 19, 9, -12]
[-77, 13, -43, -5] [0, -8, -39, 0] [6, 10, 16, 37] [-22, 16, -54, 28] [20, 0, -1, -55] [56, 6, -51, 25] [14, 0, 26, 35]
[-24, 3, 31, -42] [12, -8, -26, 33] [-46, -38, -41, 28] [49, -34, 26, 24] [-8, -13, -10, -26] [3, 26, -53, -31] [61, 27, 13, 6]
[3, 26, -7, 48] [-17, -8, -33, 35] [-6, 2, -34, -14] [0, 0, 0, 0] [-14, 57, -46, -16] [22, -19, -43, -27] [-24, 50, -23, 16]
[2, 11, -8, 18] [11, 14, 5, 33] [25, -8, 40, 24] [-16, -50, 29, -9] [6, 11, 28, -19] [9, 56, 16, 16] [-9, -18, 3, -3]
[5, -29, -13, 12] [8, -1, 17, -28] [20, 10, 21, 32] [-31, -38, 55, -20] [-45, -41, 15, -69] [-29, 72, 26, 21] [2, 44, 12, 32]
[17, -2, -29, -20] [-13, 1, 16, -68] [37, 16, 4, -13] [-10, 1, 4, -36] [60, 36, 6, -24] [17, 34, 11, 6] [7, -20, 19, -13]
------------------------------
ALIVE
Head: (2 51)
Body: (2 51) (1 51) (1 50) (2 50) (3 50) (4 50) (5 50) (5 49) (6 49) (6 50) (6 51) (5 51) 
Length: 12, 4
Vision: 3
Hungry, suplies: 3/10
Reproductive: 16, mutating: 0.25
Generation: 53666
####################################
Wall (up, right, down, left):
[3, 4, 8, -7] [-4, -4, 6, -20] [-30, 7, -6, -25] [8, -2, 23, 3] [-11, 10, 23, -2] [14, -4, -13, -5] [1, -19, -6, -6]
[-44, 1, 11, -17] [0, 12, -12, -5] [-31, 3, 14, 8] [-36, 14, 30, 14] [30, 23, 6, -6] [-33, -25, -2, -16] [-20, -3, -6, 13]
[4, 5, 31, 33] [3, 14, -15, -8] [-9, -1, 38, -24] [-94, 18, 63, 14] [-46, -44, -12, 40] [-20, -23, -8, 4] [-20, -22, -20, 0]
[0, 46, -10, -43] [13, 0, 42, -32] [8, 40, -3, -107] [0, 0, 0, 0] [43, -111, 26, 20] [24, -6, -8, 5] [1, 1, 27, -3]
[-4, -35, 15, -3] [18, -1, -23, -21] [-18, -12, -40, -44] [50, 13, -126, 22] [15, -2, -33, 37] [9, 7, -4, 18] [-33, -73, -23, 42]
[30, 27, 4, 3] [-24, 2, -28, 8] [34, -9, 18, -3] [-3, 4, -29, -4] [1, -6, -44, -18] [2, -14, -23, 10] [36, 10, 29, -12]
[-10, -10, 25, -9] [3, -9, -53, -17] [-9, 4, 24, 6] [-21, 20, -53, -14] [34, 7, -13, 23] [41, -12, -39, 27] [-9, -13, 29, 2]
Food (up, right, down, left):
[10, 14, 0, 29] [-8, 29, 4, -28] [17, -21, 11, 16] [-25, -1, 50, 4] [-2, -15, 51, -8] [-13, -29, -19, -17] [-51, 19, 9, -12]
[-77, 13, -43, -5] [0, -8, -39, 0] [6, 10, 17, 37] [-22, 16, -54, 28] [20, 0, -1, -55] [56, 6, -52, 25] [14, 0, 26, 35]
[-19, 3, 31, -42] [12, -8, -26, 33] [-46, -38, -44, 28] [49, -38, 26, 24] [-8, -13, -10, -26] [3, 26, -53, -31] [61, 27, 13, 6]
[3, 26, -7, 48] [-17, -8, -33, 35] [-6, 2, -34, -14] [0, 0, 0, 0] [-14, 57, -46, -16] [22, -19, -43, -27] [-24, 50, -23, 16]
[2, 11, -8, 18] [11, 14, 5, 33] [25, -8, 40, 24] [-16, -50, 29, -9] [7, 11, 28, -19] [9, 56, 16, 16] [-9, -18, 3, -3]
[5, -29, -13, 12] [8, -5, 17, -28] [20, 10, 21, 32] [-31, -38, 55, -20] [-45, -41, 15, -69] [-24, 72, 26, 21] [2, 44, 12, 32]
[17, -2, -31, -20] [-13, 1, 16, -68] [37, 16, 4, -13] [-10, 1, 4, -36] [60, 36, 6, -24] [17, 34, 11, 6] [7, -20, 19, -13]
------------------------------
ALIVE
Head: (8 11)
Body: (8 11) (7 11) (7 10) (6 10) (5 10) (4 10) (3 10) (2 10) (1 10) 
Length: 9, 4
Vision: 3
Hungry, suplies: 8/10
Reproductive: 16, mutating: 0.25
Generation: 53665
####################################
Wall (up, right, down, left):
[3, 4, 8, -7] [-4, -4, 6, -20] [-30, 7, -6, -25] [8, -2, 23, 3] [-11, 10, 23, -2] [14, -4, -13, -5] [1, -19, -6, -6]
[-44, 1, 11, -17] [0, 12, -12, -5] [-31, 3, 14, 8] [-36, 14, 30, 14] [30, 23, 6, -6] [-33, -25, -2, -16] [-20, -3, -6, 13]
[4, 5, 31, 33] [3, 14, -15, -8] [-9, -1, 38, -24] [-94, 18, 63, 14] [-46, -44, -12, 40] [-20, -23, -8, 4] [-20, -22, -20, 0]
[0, 46, -10, -43] [13, 0, 42, -32] [8, 40, -3, -107] [0, 0, 0, 0] [43, -111, 26, 20] [24, -6, -8, 5] [1, 1, 27, -3]
[-4, -35, 15, -3] [18, -1, -23, -21] [-18, -12, -40, -44] [50, 13, -126, 22] [15, -2, -33, 37] [9, 7, -4, 18] [-33, -73, -23, 42]
[30, 27, 4, 3] [-24, 2, -28, 8] [34, -9, 18, -3] [-3, 4, -29, -4] [1, -6, -44, -18] [2, -14, -23, 10] [36, 10, 29, -12]
[-10, -10, 25, -9] [3, -9, -53, -17] [-9, 4, 24, 6] [-21, 20, -53, -14] [34, 7, -13, 23] [41, -12, -39, 27] [-9, -13, 29, 2]
Food (up, right, down, left):
[10, 14, 0, 29] [-8, 29, 4, -28] [17, -21, 11, 16] [-25, -1, 50, 4] [-2, -15, 51, -8] [-13, -29, -19, -17] [-51, 19, 9, -12]
[-77, 13, -43, -5] [0, -8, -39, 0] [6, 10, 17, 37] [-22, 16, -54, 28] [20, 0, -1, -55] [56, 6, -52, 25] [14, 0, 26, 35]
[-19, 3, 31, -42] [12, -8, -26, 33] [-46, -38, -44, 28] [49, -38, 26, 24] [-8, -13, -10, -26] [3, 26, -53, -31] [61, 27, 13, 6]
[3, 26, -7, 48] [-17, -8, -33, 35] [-6, 2, -34, -14] [0, 0, 0, 0] [-14, 57, -46, -16] [22, -19, -43, -27] [-24, 50, -23, 16]
[2, 11, -8, 18] [11, 14, 5, 33] [25, -8, 40, 24] [-16, -50, 29, -9] [7, 11, 28, -19] [9, 56, 16, 16] [-9, -18, 3, -3]
[5, -29, -13, 12] [8, -5, 17, -28] [20, 10, 21, 32] [-31, -38, 55, -20] [-45, -41, 15, -69] [-24, 72, 26, 21] [2, 44, 12, 32]
[17, -2, -31, -20] [-13, 1, 16, -68] [37, 16, 4, -13] [-10, 1, 4, -36] [60, 36, 6, -24] [17, 34, 11, 6] [7, -20, 19, -13]
------------------------------
ALIVE
Head: (22 48)
Body: (22 48) (21 48) (21 49) (20 49) (19 49) (18 49) (17 49) (16 49) (15 49) 
Length: 9, 4
Vision: 3
Hungry, suplies: 9/10
Reproductive: 16, mutating: 0.25
Generation: 53666
####################################
Wall (up, right, down, left):
[3, 4, 8, -7] [-4, -4, 6, -20] [-30, 7, -6, -25] [8, -2, 23, 3] [-11, 10, 23, -2] [14, -4, -13, -5] [1, -19, -6, -6]
[-44, 1, 11, -17] [0, 12, -12, -5] [-31, 4, 10, 8] [-36, 14, 30, 14] [30, 23, 6, -6] [-33, -25, -2, -16] [-20, -3, -6, 13]
[4, 5, 31, 28] [3, 14, -15, -8] [-9, -1, 38, -24] [-94, 18, 63, 10] [-46, -44, -12, 40] [-20, -23, -8, 4] [-20, -22, -20, 0]
[0, 46, -10, -43] [13, 0, 42, -32] [8, 40, -1, -107] [0, 0, 0, 0] [43, -111, 26, 20] [24, -6, -8, 5] [1, 1, 27, -3]
[-4, -35, 15, -3] [18, -1, -23, -21] [-18, -12, -40, -44] [47, 13, -126, 22] [15, -2, -33, 37] [9, 7, -4, 18] [-33, -73, -23, 42]
[30, 27, 4, 3] [-28, 2, -28, 8] [34, -9, 18, -3] [-3, 4, -29, -5] [1, -6, -44, -18] [2, -14, -23, 10] [36, 10, 29, -12]
[-10, -10, 25, -9] [3, -9, -53, -17] [-9, 4, 24, 6] [-21, 20, -53, -14] [34, 7, -13, 23] [41, -12, -39, 27] [-9, -13, 29, 2]
Food (up, right, down, left):
[10, 14, 0, 29] [-8, 29, 4, -28] [17, -21, 11, 16] [-25, -1, 50, 4] [-2, -15, 51, -8] [-13, -29, -19, -17] [-51, 19, 9, -12]
[-77, 13, -43, -5] [0, -8, -39, 0] [6, 10, 16, 37] [-22, 16, -54, 28] [20, 0, -1, -55] [56, 6, -52, 25] [14, 0, 26, 35]
[-24, 3, 27, -42] [12, -8, -26, 33] [-46, -38, -44, 28] [49, -34, 26, 24] [-8, -13, -10, -26] [3, 26, -53, -31] [61, 27, 13, 6]
[3, 26, -7, 48] [-17, -8, -33, 35] [-6, 2, -36, -14] [0, 0, 0, 0] [-14, 57, -46, -16] [22, -19, -43, -27] [-24, 50, -23, 16]
[2, 11, -8, 18] [11, 14, 5, 33] [25, -8, 40, 24] [-14, -50, 29, -9] [6, 11, 28, -19] [9, 56, 16, 16] [-9, -18, 3, -3]
[5, -29, -13, 12] [8, -1, 17, -28] [20, 10, 21, 32] [-31, -38, 55, -20] [-45, -41, 15, -69] [-24, 72, 26, 21] [2, 44, 12, 32]
[17, -2, -31, -20] [-13, 1, 16, -68] [37, 16, 4, -13] [-10, 1, 4, -36] [60, 36, 6, -24] [17, 34, 11, 6] [7, -20, 19, -13]
------------------------------
ALIVE
Head: (21 1)
Body: (21 1) (20 1) (19 1) (18 1) (17 1) (17 57) (17 56) (17 55) (16 55) (15 55) (14 55) (14 54) 
Length: 12, 4
Vision: 3
Hungry, suplies: 8/10
Reproductive: 16, mutating: 0.25
Generation: 53668
####################################
Wall (up, right, down, left):
[3, 4, 8, -7] [-4, -4, 6, -20] [-30, 7, -6, -25] [8, -2, 23, 3] [-11, 10, 23, -2] [14, -4, -13, -5] [1, -19, -6, -6]
[-44, 1, 11, -17] [0, 12, -12, -5] [-31, 4, 14, 8] [-36, 14, 30, 14] [30, 23, 6, -6] [-33, -25, -5, -16] [-20, -3, -6, 16]
[4, 5, 31, 29] [3, 14, -15, -8] [-6, -3, 38, -24] [-94, 18, 63, 10] [-46, -44, -12, 40] [-20, -23, -8, 4] [-20, -22, -20, 0]
[0, 46, -10, -43] [13, 0, 42, -32] [8, 40, -3, -107] [0, 0, 0, 0] [43, -111, 26, 20] [24, -6, -8, 5] [1, 1, 27, -3]
[-4, -35, 15, -3] [18, -1, -23, -23] [-18, -12, -40, -44] [50, 13, -126, 22] [15, -2, -33, 37] [9, 7, -4, 18] [-33, -73, -23, 42]
[30, 27, 4, 3] [-28, 2, -28, 8] [34, -9, 18, -3] [-3, 4, -29, -4] [1, -6, -44, -18] [2, -10, -23, 10] [36, 10, 29, -12]
[-10, -10, 25, -9] [3, -9, -53, -17] [-9, 4, 24, 6] [-21, 20, -53, -14] [34, 7, -13, 23] [41, -12, -39, 27] [-9, -13, 29, 2]
Food (up, right, down, left):
[10, 14, 0, 29] [-8, 29, 4, -28] [17, -21, 11, 16] [-25, -1, 50, 4] [-2, -15, 51, -8] [-13, -29, -19, -17] [-51, 19, 9, -12]
[-77, 13, -43, -5] [0, -8, -39, 0] [6, 10, 16, 37] [-22, 16, -54, 28] [20, 0, -1, -55] [56, 6, -51, 25] [14, 0, 26, 38]
[-24, 3, 31, -42] [12, -8, -26, 33] [-46, -38, -43, 28] [49, -34, 26, 24] [-8, -13, -10, -26] [3, 26, -53, -31] [61, 27, 13, 6]
[3, 26, -7, 48] [-17, -8, -33, 35] [-6, 2, -34, -14] [0, 0, 0, 0] [-14, 57, -46, -16] [22, -19, -43, -27] [-24, 50, -23, 16]
[2, 11, -8, 18] [11, 14, 7, 33] [25, -8, 40, 24] [-16, -50, 29, -9] [6, 11, 28, -19] [9, 56, 16, 16] [-9, -18, 3, -3]
[5, -29, -13, 12] [8, -1, 17, -28] [20, 10, 21, 32] [-31, -38, 55, -20] [-45, -41, 15, -69] [-29, 72, 26, 21] [2, 44, 12, 32]
[17, -2, -31, -20] [-13, 1, 16, -68] [37, 16, 4, -13] [-10, 1, 4, -36] [60, 36, 6, -24] [17, 34, 11, 6] [7, -20, 19, -13]
------------------------------
ALIVE
Head: (12 8)
Body: (12 8) (13 8) (13 7) (13 6) (13 5) (14 5) (14 4) (13 4) (12 4) 
Length: 9, 4
Vision: 3
Hungry, suplies: 9/10
Reproductive: 16, mutating: 0.25
Generation: 53668
####################################
Wall (up, right, down, left):
[3, 4, 8, -7] [-4, -4, 6, -20] [-30, 7, -6, -25] [8, -2, 23, 3] [-11, 10, 23, -2] [14, -4, -13, -5] [1, -19, -6, -6]
[-44, 1, 11, -17] [0, 12, -12, -5] [-31, 4, 14, 8] [-36, 14, 30, 14] [30, 23, 6, -6] [-33, -25, -5, -16] [-20, -3, -6, 13]
[4, 5, 31, 29] [3, 14, -15, -8] [-6, -1, 38, -24] [-94, 18, 63, 10] [-46, -44, -12, 40] [-20, -23, -8, 4] [-20, -22, -20, 0]
[0, 46, -10, -43] [13, 0, 42, -32] [8, 40, -3, -107] [0, 0, 0, 0] [43, -111, 26, 20] [24, -6, -8, 5] [1, 1, 27, -3]
[-7, -35, 15, -3] [18, -1, -23, -21] [-18, -12, -40, -44] [50, 13, -126, 22] [15, -2, -33, 37] [9, 7, -4, 18] [-33, -73, -23, 42]
[30, 27, 4, 3] [-28, 2, -28, 8] [34, -9, 18, -3] [-3, 4, -29, -4] [1, -6, -44, -18] [2, -10, -23, 10] [36, 10, 29, -12]
[-6, -10, 25, -9] [3, -9, -53, -17] [-9, 4, 24, 6] [-21, 20, -53, -14] [34, 7, -13, 23] [41, -12, -39, 27] [-9, -13, 29, 2]
Food (up, right, down, left):
[10, 14, 0, 29] [-8, 29, 4, -28] [17, -21, 11, 16] [-25, -1, 50, 4] [-2, -15, 51, -8] [-13, -29, -19, -17] [-51, 19, 9, -12]
[-77, 13, -43, -5] [0, -8, -39, 0] [6, 10, 16, 37] [-22, 16, -54, 28] [20, 0, -1, -55] [56, 6, -51, 25] [14, 0, 26, 35]
[-24, 3, 31, -42] [12, -8, -26, 33] [-46, -38, -41, 28] [49, -34, 26, 24] [-8, -13, -10, -26] [3, 26, -53, -31] [61, 27, 13, 6]
[3, 26, -7, 48] [-17, -8, -33, 35] [-6, 2, -34, -14] [0, 0, 0, 0] [-14, 57, -46, -16] [22, -19, -43, -27] [-24, 50, -23, 16]
[2, 11, -13, 18] [11, 14, 5, 33] [25, -8, 40, 24] [-16, -50, 29, -9] [6, 11, 28, -19] [9, 56, 16, 16] [-9, -18, 3, -3]
[5, -29, -13, 12] [8, -1, 17, -28] [20, 10, 21, 32] [-31, -38, 55, -20] [-45, -41, 15, -69] [-29, 72, 26, 21] [2, 44, 12, 32]
[17, -2, -29, -20] [-13, 1, 16, -68] [37, 16, 4, -13] [-10, 1, 4, -36] [60, 36, 6, -24] [17, 34, 11, 6] [7, -20, 19, -13]
------------------------------
ALIVE
Head: (20 47)
Body: (20 47) (21 47) (22 47) (23 47) (-1 47) (0 47) (1 47) (2 47) (2 48) (3 48) (3 47) (4 47) 
Length: 12, 4
Vision: 3
Hungry, suplies: 4/10
Reproductive: 16, mutating: 0.25
Generation: 53667
####################################
Wall (up, right, down, left):
[3, 4, 8, -7] [-4, -4, 6, -20] [-30, 7, -6, -25] [8, -2, 23, 3] [-11, 10, 23, -2] [14, -4, -13, -5] [1, -19, -6, -6]
[-44, 1, 11, -17] [0, 12, -12, -5] [-31, 3, 14, 8] [-36, 14, 30, 14] [30, 23, 6, -6] [-33, -25, -2, -16] [-20, -3, -6, 13]
[4, 5, 31, 33] [3, 14, -15, -8] [-9, -1, 38, -24] [-94, 18, 63, 14] [-46, -44, -12, 40] [-20, -23, -8, 4] [-20, -22, -20, 0]
[0, 46, -10, -43] [13, 0, 42, -32] [8, 40, -3, -107] [0, 0, 0, 0] [43, -111, 26, 20] [24, -6, -8, 5] [1, 1, 27, -3]
[-4, -35, 15, -3] [18, -1, -23, -21] [-18, -12, -40, -44] [50, 13, -126, 22] [15, -2, -33, 37] [9, 7, -4, 18] [-33, -73, -23, 42]
[30, 27, 4, 3] [-24, 2, -28, 8] [34, -9, 18, -3] [-3, 4, -29, -4] [1, -6, -44, -18] [2, -14, -23, 10] [36, 10, 29, -12]
[-10, -10, 25, -9] [3, -9, -53, -17] [-9, 4, 24, 6] [-21, 20, -53, -14] [34, 7, -13, 23] [41, -12, -39, 27] [-9, -13, 29, 2]
Food (up, right, down, left):
[10, 14, 0, 29] [-8, 29, 4, -28] [17, -21, 11, 16] [-25, -1, 50, 4] [-2, -15, 51, -8] [-13, -29, -19, -17] [-51, 19, 9, -12]
[-77, 13, -43, -5] [0, -8, -39, 0] [6, 10, 17, 37] [-22, 16, -54, 28] [20, 0, -1, -55] [56, 6, -52, 25] [14, 0, 26, 35]
[-19, 3, 31, -42] [12, -8, -26, 33] [-46, -38, -44, 28] [49, -38, 26, 24] [-8, -13, -10, -26] [3, 26, -53, -31] [61, 27, 13, 6]
[3, 26, -7, 48] [-17, -8, -33, 35] [-6, 2, -34, -14] [0, 0, 0, 0] [-14, 57, -46, -16] [22, -19, -43, -27] [-24, 50, -23, 16]
[2, 11, -8, 18] [11, 14, 5, 33] [25, -8, 40, 24] [-16, -50, 29, -9] [7, 11, 28, -19] [9, 56, 16, 16] [-9, -18, 3, -3]
[5, -29, -13, 12] [8, -5, 17, -28] [20, 10, 21, 32] [-31, -38, 55, -20] [-45, -41, 15, -69] [-24, 72, 26, 21] [2, 44, 12, 32]
[17, -2, -31, -20] [-13, 1, 16, -68] [37, 16, 4, -13] [-10, 1, 4, -36] [60, 36, 6, -24] [17, 34, 11, 6] [7, -20, 19, -13]
------------------------------
ALIVE
Head: (17 13)
Body: (17 13) (16 13) (15 13) (15 12) (14 12) (13 12) (12 12) (12 13) (12 14) (11 14) (10 14) (9 14) 
Length: 12, 4
Vision: 3
Hungry, suplies: 4/10
Reproductive: 16, mutating: 0.25
Generation: 53667
####################################
Wall (up, right, down, left):
[3, 4, 8, -7] [-4, -4, 6, -20] [-30, 7, -6, -25] [8, -2, 23, 3] [-11, 10, 23, -2] [14, -4, -13, -5] [1, -19, -6, -6]
[-44, 1, 11, -17] [0, 12, -12, -5] [-31, 4, 10, 8] [-36, 14, 30, 14] [30, 23, 6, -6] [-33, -25, -2, -16] [-20, -3, -6, 13]
[4, 5, 31, 28] [3, 14, -15, -8] [-9, -1, 38, -24] [-94, 18, 63, 10] [-46, -44, -12, 40] [-20, -23, -8, 4] [-20, -22, -20, 0]
[0, 46, -10, -43] [13, 0, 42, -32] [8, 40, -3, -107] [0, 0, 0, 0] [43, -111, 26, 20] [24, -6, -8, 5] [1, 1, 27, -3]
[-4, -35, 15, -3] [18, -1, -23, -21] [-18, -12, -40, -44] [47, 13, -126, 22] [15, -2, -33, 37] [9, 7, -4, 18] [-33, -73, -23, 42]
[30, 27, 4, 3] [-25, 2, -28, 8] [34, -9, 18, -3] [-3, 4, -29, -5] [1, -6, -44, -18] [2, -14, -23, 10] [36, 10, 29, -12]
[-10, -10, 25, -9] [3, -9, -53, -17] [-9, 4, 24, 6] [-21, 20, -53, -14] [34, 7, -13, 23] [41, -12, -39, 27] [-9, -13, 29, 2]
Food (up, right, down, left):
[10, 14, 0, 29] [-8, 29, 4, -28] [17, -21, 11, 16] [-25, -1, 50, 4] [-2, -15, 51, -8] [-13, -29, -19, -17] [-51, 19, 9, -12]
[-77, 13, -43, -5] [0, -8, -39, 0] [6, 10, 16, 37] [-22, 16, -54, 28] [20, 0, -1, -55] [56, 6, -52, 25] [14, 0, 26, 35]
[-24, 3, 27, -42] [12, -8, -26, 33] [-46, -38, -44, 28] [49, -34, 26, 24] [-8, -13, -10, -26] [3, 26, -53, -31] [61, 27, 13, 6]
[3, 26, -7, 48] [-17, -8, -33, 35] [-6, 2, -34, -14] [0, 0, 0, 0] [-14, 57, -46, -16] [22, -19, -43, -27] [-24, 50, -23, 16]
[2, 11, -8, 18] [11, 14, 5, 33] [25, -8, 40, 24] [-14, -50, 29, -9] [6, 11, 28, -19] [9, 56, 16, 16] [-9, -18, 3, -3]
[5, -29, -13, 12] [12, -1, 17, -28] [20, 10, 21, 32] [-31, -38, 55, -20] [-45, -41, 15, -69] [-24, 72, 26, 21] [2, 44, 12, 32]
[17, -2, -31, -20] [-13, 1, 16, -68] [37, 16, 4, -13] [-10, 1, 4, -36] [60, 36, 6, -24] [17, 34, 11, 6] [7, -20, 19, -13]
------------------------------
ALIVE
Head: (6 32)
Body: (6 32) (6 31) (5 31) (4 31) (4 30) (4 29) (5 29) (5 28) (5 27) (4 27) (4 26) (4 25) (5 25) 
Length: 13, 4
Vision: 3
Hungry, suplies: 10/10
Reproductive: 16, mutating: 0.25
Generation: 53663
####################################
Wall (up, right, down, left):
[3, 4, 8, -7] [-4, -4, 6, -20] [-30, 7, -6, -25] [8, -2, 23, 3] [-11, 10, 23, -2] [14, -4, -13, -5] [1, -19, -6, -6]
[-44, 1, 11, -17] [0, 12, -12, -5] [-31, 3, 14, 8] [-36, 14, 30, 14] [30, 23, 6, -6] [-33, -25, -2, -16] [-20, -3, -6, 13]
[4, 5, 31, 33] [3, 14, -15, -8] [-9, -1, 38, -24] [-94, 18, 63, 14] [-46, -44, -12, 40] [-20, -23, -8, 4] [-20, -22, -20, 0]
[0, 46, -10, -43] [13, -4, 42, -32] [8, 40, -3, -107] [0, 0, 0, 0] [43, -111, 26, 20] [24, -6, -8, 5] [1, 1, 27, -3]
[-4, -35, 15, -3] [18, -1, -23, -21] [-18, -12, -40, -44] [50, 13, -126, 22] [15, -2, -33, 37] [9, 7, -4, 18] [-33, -73, -23, 42]
[30, 27, 4, 3] [-24, 2, -28, 8] [34, -9, 18, -3] [-3, 4, -29, -4] [1, -6, -44, -18] [2, -14, -23, 10] [36, 10, 29, -12]
[-10, -10, 25, -9] [3, -9, -53, -17] [-9, 4, 24, 6] [-21, 20, -53, -14] [34, 7, -13, 23] [41, -12, -39, 27] [-9, -13, 29, 2]
Food (up, right, down, left):
[10, 14, 0, 29] [-8, 29, 4, -28] [17, -21, 11, 16] [-25, -1, 50, 4] [-2, -15, 51, -8] [-13, -29, -19, -17] [-51, 19, 9, -12]
[-77, 13, -43, -5] [0, -8, -39, 0] [6, 10, 17, 37] [-22, 16, -54, 28] [20, 0, -1, -55] [56, 6, -52, 25] [14, 0, 26, 35]
[-19, 3, 31, -42] [12, -8, -26, 33] [-46, -38, -44, 28] [49, -38, 26, 24] [-8, -13, -10, -26] [3, 26, -53, -31] [61, 27, 13, 6]
[3, 26, -7, 48] [-17, -13, -33, 35] [-6, 2, -34, -14] [0, 0, 0, 0] [-14, 57, -46, -16] [22, -19, -43, -27] [-24, 50, -23, 16]
[2, 11, -8, 18] [11, 14, 5, 33] [25, -8, 40, 24] [-16, -50, 29, -9] [7, 11, 28, -19] [9, 56, 16, 16] [-9, -18, 3, -3]
[5, -29, -13, 12] [8, -5, 17, -28] [20, 10, 21, 32] [-31, -38, 55, -20] [-45, -41, 15, -69] [-24, 72, 26, 21] [2, 44, 12, 32]
[17, -2, -31, -20] [-13, 1, 16, -68] [37, 16, 4, -13] [-10, 1, 4, -36] [60, 36, 6, -24] [17, 34, 11, 6] [7, -20, 19, -13]
------------------------------
ALIVE
Head: (21 21)
Body: (21 21) (20 21) (19 21) (18 21) (17 21) (16 21) (16 20) (16 19) (16 18) (16 17) (16 16) (17 16) 
Length: 12, 4
Vision: 3
Hungry, suplies: 4/10
Reproductive: 16, mutating: 0.25
Generation: 53668
####################################
Wall (up, right, down, left):
[3, 4, 8, -7] [-4, -4, 6, -20] [-30, 7, -6, -25] [8, -2, 23, 3] [-11, 10, 23, -2] [14, -4, -13, -5] [1, -19, -6, -6]
[-44, 1, 11, -17] [0, 12, -12, -5] [-31, 4, 14, 8] [-36, 14, 30, 14] [30, 23, 6, -6] [-33, -25, -5, -16] [-20, -3, -6, 16]
[4, 5, 31, 29] [3, 14, -15, -8] [-6, -3, 38, -24] [-94, 18, 63, 10] [-46, -44, -12, 40] [-20, -23, -8, 4] [-20, -22, -20, 0]
[0, 46, -10, -43] [13, 0, 42, -32] [8, 40, -3, -107] [0, 0, 0, 0] [43, -111, 26, 20] [24, -6, -8, 5] [1, 1, 27, -3]
[-4, -35, 15, -3] [18, -1, -23, -23] [-18, -12, -40, -44] [50, 13, -126, 22] [15, -2, -33, 37] [9, 7, -4, 18] [-33, -73, -23, 42]
[30, 27, 4, 3] [-28, 2, -28, 8] [34, -9, 18, -3] [-3, 4, -29, -4] [1, -6, -44, -18] [2, -10, -23, 10] [36, 10, 29, -12]
[-10, -10, 25, -9] [3, -9, -53, -17] [-9, 4, 24, 6] [-21, 20, -53, -14] [34, 7, -13, 23] [41, -12, -39, 27] [-9, -13, 29, 2]
Food (up, right, down, left):
[10, 14, 0, 29] [-8, 29, 4, -28] [17, -21, 11, 16] [-25, -1, 50, 4] [-2, -15, 51, -8] [-13, -29, -19, -17] [-51, 19, 9, -12]
[-77, 13, -43, -5] [0, -8, -39, 0] [6, 10, 16, 37] [-22, 16, -54, 28] [20, 0, -1, -55] [56, 6, -51, 25] [14, 0, 26, 38]
[-24, 3, 31, -42] [12, -8, -26, 33] [-46, -38, -43, 28] [49, -34, 26, 24] [-8, -13, -10, -26] [3, 26, -53, -31] [61, 27, 13, 6]
[3, 26, -7, 48] [-17, -8, -33, 35] [-6, 2, -34, -14] [0, 0, 0, 0] [-14, 57, -46, -16] [22, -19, -43, -27] [-24, 50, -23, 16]
[2, 11, -8, 18] [11, 14, 7, 33] [25, -8, 40, 24] [-16, -50, 29, -9] [6, 11, 28, -19] [9, 56, 16, 16] [-9, -18, 3, -3]
[5, -29, -13, 12] [8, -1, 17, -28] [20, 10, 21, 32] [-31, -38, 55, -20] [-45, -41, 15, -69] [-29, 72, 26, 21] [2, 44, 12, 32]
[17, -2, -31, -20] [-13, 1, 16, -68] [37, 16, 4, -13] [-10, 1, 4, -36] [60, 36, 6, -24] [17, 34, 11, 6] [7, -20, 19, -13]
------------------------------
ALIVE
Head: (0 1)
Body: (25 1) (24 1) (24 0) (23 0) (22 0) (22 56) (21 56) (20 56) 
Length: 8, 4
Vision: 3
Hungry, suplies: 6/10
Reproductive: 16, mutating: 0.25
Generation: 53669
####################################
Wall (up, right, down, left):
[3, 4, 8, -7] [-4, -4, 6, -20] [-30, 7, -6, -25] [8, -2, 23, 3] [-11, 10, 23, -2] [14, -4, -13, -5] [2, -19, -6, -6]
[-44, 1, 11, -17] [0, 12, -12, -5] [-31, 4, 14, 8] [-36, 14, 30, 14] [30, 23, 6, -6] [-33, -25, -5, -16] [-20, -3, -6, 16]
[4, 5, 31, 29] [3, 14, -15, -8] [-6, -3, 38, -24] [-94, 18, 63, 10] [-46, -44, -12, 40] [-20, -23, -8, 4] [-20, -22, -20, 0]
[0, 46, -10, -43] [13, 0, 42, -32] [8, 40, -3, -107] [0, 0, 0, 0] [43, -111, 26, 20] [24, -6, -8, 5] [1, 1, 27, -3]
[-4, -35, 15, -3] [18, -1, -23, -23] [-21, -12, -40, -44] [50, 13, -126, 22] [15, -2, -33, 37] [9, 7, -4, 18] [-33, -73, -23, 42]
[30, 27, 4, 3] [-28, 2, -28, 8] [34, -9, 18, -3] [-3, 4, -29, -4] [1, -6, -44, -18] [2, -10, -23, 10] [36, 10, 29, -12]
[-10, -10, 25, -9] [3, -9, -53, -17] [-9, 4, 24, 6] [-21, 20, -53, -14] [34, 7, -13, 23] [41, -12, -39, 27] [-9, -13, 29, 2]
Food (up, right, down, left):
[10, 14, 0, 29] [-8, 29, 4, -28] [17, -21, 11, 16] [-25, -1, 50, 4] [-2, -15, 51, -8] [-13, -29, -19, -17] [-51, 19, 9, -10]
[-77, 13, -43, -5] [0, -8, -39, 0] [6, 10, 16, 37] [-22, 16, -54, 28] [20, 0, -1, -55] [56, 6, -51, 25] [14, 0, 26, 38]
[-24, 3, 31, -42] [12, -8, -26, 33] [-46, -38, -43, 28] [49, -34, 26, 24] [-8, -13, -10, -26] [3, 26, -53, -31] [61, 27, 13, 6]
[3, 26, -7, 48] [-17, -8, -33, 35] [-6, 2, -34, -14] [0, 0, 0, 0] [-14, 57, -46, -16] [22, -19, -43, -27] [-24, 50, -23, 16]
[2, 11, -8, 18] [11, 14, 7, 33] [25, -8, 40, 27] [-16, -50, 29, -9] [6, 11, 28, -19] [9, 56, 16, 16] [-9, -18, 3, -3]
[5, -29, -13, 12] [8, -1, 17, -28] [20, 10, 21, 32] [-31, -38, 55, -20] [-45, -41, 15, -69] [-29, 72, 26, 21] [2, 44, 12, 32]
[17, -2, -31, -20] [-13, 1, 16, -68] [37, 16, 4, -13] [-10, 1, 4, -36] [60, 36, 6, -24] [17, 34, 11, 6] [7, -20, 19, -13]
------------------------------
ALIVE
Head: (0 40)
Body: (0 40) (0 39) (1 39) (2 39) (3 39) (3 38) (4 38) (4 37) (5 37) (6 37) (6 36) (5 36) 
Length: 12, 4
Vision: 3
Hungry, suplies: 6/10
Reproductive: 16, mutating: 0.25
Generation: 53670
####################################
Wall (up, right, down, left):
[3, 4, 8, -7] [-4, -4, 6, -20] [-30, 7, -6, -25] [8, -2, 23, 3] [-11, 10, 23, -2] [14, -4, -13, -5] [1, -19, -6, -6]
[-44, 1, 11, -17] [0, 12, -12, -5] [-31, 4, 14, 8] [-36, 14, 30, 14] [30, 23, 6, -6] [-33, -25, -5, -16] [-20, -3, -6, 13]
[4, 5, 31, 29] [3, 17, -15, -8] [-6, -1, 38, -24] [-94, 18, 63, 10] [-46, -44, -12, 40] [-20, -23, -8, 4] [-20, -22, -20, 0]
[0, 46, -10, -43] [13, 0, 42, -32] [8, 40, -3, -107] [0, 0, 0, 0] [43, -111, 26, 20] [24, -6, -8, 5] [1, 1, 27, -3]
[-4, -35, 15, -3] [18, -1, -23, -21] [-18, -12, -40, -44] [50, 13, -126, 22] [15, -2, -33, 37] [9, 7, -4, 18] [-33, -73, -23, 42]
[30, 27, 4, 3] [-28, 2, -28, 8] [29, -9, 18, -3] [-3, 4, -29, -4] [1, -6, -44, -18] [2, -10, -23, 10] [36, 10, 29, -12]
[-10, -10, 25, -9] [3, -9, -53, -17] [-9, 4, 24, 6] [-21, 20, -53, -14] [34, 7, -13, 23] [41, -12, -39, 27] [-9, -13, 29, 2]
Food (up, right, down, left):
[10, 14, 0, 29] [-8, 29, 4, -28] [17, -21, 11, 16] [-25, -1, 50, 4] [-2, -15, 51, -8] [-13, -29, -19, -17] [-51, 19, 9, -12]
[-77, 13, -43, -5] [0, -8, -39, 0] [6, 10, 16, 37] [-22, 16, -54, 28] [20, 0, -1, -55] [56, 6, -51, 25] [14, 0, 26, 35]
[-24, 3, 31, -42] [12, -8, -26, 33] [-46, -38, -41, 28] [49, -34, 26, 24] [-8, -13, -10, -26] [3, 26, -53, -31] [61, 27, 13, 6]
[3, 26, -7, 48] [-17, -8, -33, 35] [-6, 2, -34, -14] [0, 0, 0, 0] [-14, 57, -46, -16] [22, -19, -43, -27] [-24, 50, -23, 16]
[2, 11, -8, 18] [11, 14, 5, 33] [25, -8, 40, 24] [-16, -50, 29, -9] [6, 11, 28, -19] [9, 56, 16, 16] [-9, -18, 3, -3]
[5, -29, -13, 12] [8, -1, 17, -28] [20, 8, 21, 32] [-31, -38, 55, -20] [-45, -41, 15, -69] [-29, 72, 26, 21] [2, 44, 12, 32]
[17, -2, -31, -20] [-13, 1, 16, -68] [37, 16, 4, -13] [-10, 1, 4, -36] [60, 36, 6, -24] [17, 34, 11, 6] [7, -20, 19, -13]
------------------------------
ALIVE
Head: (2 43)
Body: (2 43) (3 43) (3 44) (4 44) (4 45) (3 45) (2 45) (1 45) (25 45) (24 45) (23 45) (22 45) 
Length: 12, 4
Vision: 3
Hungry, suplies: 8/10
Reproductive: 16, mutating: 0.25
Generation: 53668
####################################
Wall (up, right, down, left):
[3, 4, 8, -7] [-4, -4, 6, -20] [-30, 7, -6, -25] [8, -2, 23, 3] [-11, 10, 23, -2] [14, -4, -13, -5] [1, -19, -6, -6]
[-44, 1, 11, -17] [0, 12, -12, -5] [-31, 4, 14, 8] [-36, 14, 30, 14] [30, 23, 6, -6] [-33, -25, -5, -16] [-20, -3, -6, 13]
[4, 5, 31, 29] [3, 14, -15, -8] [-6, -1, 38, -24] [-94, 18, 63, 10] [-46, -44, -12, 40] [-20, -23, -8, 4] [-20, -22, -20, 0]
[0, 46, -10, -43] [13, 0, 42, -32] [8, 40, -3, -107] [0, 0, 0, 0] [43, -111, 26, 20] [24, -6, -8, 5] [1, 1, 27, -3]
[-4, -35, 15, -3] [18, -1, -23, -21] [-18, -12, -40, -44] [50, 13, -126, 22] [15, -2, -33, 37] [9, 7, -4, 18] [-33, -73, -23, 42]
[30, 27, 4, 3] [-28, 2, -28, 8] [34, -9, 18, -3] [-3, 4, -29, -4] [1, -6, -44, -18] [2, -10, -23, 10] [36, 10, 29, -12]
[-6, -10, 25, -9] [3, -9, -53, -17] [-9, 4, 24, 6] [-21, 20, -53, -14] [34, 7, -13, 23] [41, -12, -39, 27] [-9, -13, 29, 2]
Food (up, right, down, left):
[10, 14, 0, 29] [-8, 29, 4, -28] [17, -21, 11, 16] [-25, -1, 50, 4] [-2, -15, 51, -8] [-13, -29, -19, -17] [-51, 19, 9, -12]
[-77, 13, -43, -5] [0, -8, -39, 0] [6, 10, 16, 37] [-22, 16, -54, 28] [20, 0, -1, -55] [56, 6, -51, 25] [14, 0, 26, 35]
[-24, 3, 31, -42] [12, -8, -26, 33] [-46, -38, -41, 28] [49, -34, 26, 24] [-8, -13, -10, -26] [3, 26, -53, -31] [61, 27, 13, 6]
[3, 26, -7, 48] [-17, -8, -33, 35] [-6, 2, -34, -14] [0, 0, 0, 0] [-14, 57, -46, -16] [22, -19, -43, -27] [-24, 50, -23, 16]
[2, 11, -8, 18] [11, 14, 5, 33] [25, -8, 40, 24] [-16, -50, 29, -9] [6, 11, 28, -19] [9, 56, 16, 16] [-9, -18, 3, -3]
[5, -29, -13, 12] [8, -1, 17, -28] [20, 10, 21, 32] [-31, -38, 55, -20] [-45, -41, 15, -69] [-29, 72, 26, 21] [2, 44, 12, 32]
[17, -2, -29, -20] [-13, 1, 16, -68] [37, 16, 4, -13] [-10, 1, 4, -36] [60, 36, 6, -24] [17, 34, 11, 6] [7, -20, 19, -13]
------------------------------
ALIVE
Head: (9 36)
Body: (9 36) (8 36) (8 37) (7 37) (7 38) (6 38) (6 39) (6 40) (6 41) (6 42) (5 42) (4 42) (3 42) (2 42) 
Length: 14, 4
Vision: 3
Hungry, suplies: 10/10
Reproductive: 16, mutating: 0.25
Generation: 53667
####################################
Wall (up, right, down, left):
[3, 4, 8, -7] [-4, -4, 6, -20] [-30, 7, -6, -25] [8, -2, 23, 3] [-11, 10, 23, -2] [14, -4, -13, -5] [1, -19, -6, -6]
[-44, 1, 11, -17] [0, 12, -12, -5] [-31, 4, 14, 8] [-36, 14, 30, 14] [30, 23, 6, -6] [-33, -25, -5, -16] [-20, -3, -6, 13]
[4, 5, 31, 29] [3, 14, -15, -8] [-6, -1, 38, -24] [-94, 22, 63, 10] [-46, -44, -12, 40] [-20, -23, -8, 4] [-20, -22, -20, 0]
[0, 46, -10, -43] [13, 0, 42, -32] [8, 40, -3, -107] [0, 0, 0, 0] [43, -111, 26, 20] [24, -6, -8, 5] [1, 1, 27, -3]
[-4, -35, 15, -3] [18, -1, -23, -21] [-18, -12, -40, -44] [50, 13, -126, 22] [15, -2, -33, 37] [9, 7, -4, 18] [-33, -73, -23, 42]
[30, 27, 4, 3] [-28, 2, -28, 8] [34, -9, 18, -3] [-3, 4, -29, -4] [1, -6, -44, -18] [2, -10, -23, 10] [36, 10, 29, -12]
[-10, -10, 25, -9] [3, -9, -53, -17] [-9, 4, 24, 6] [-21, 20, -53, -14] [34, 7, -13, 23] [41, -12, -39, 27] [-9, -13, 29, 2]
Food (up, right, down, left):
[10, 14, 0, 29] [-8, 29, 4, -28] [17, -21, 11, 16] [-25, -1, 50, 4] [-2, -15, 51, -8] [-13, -29, -19, -17] [-51, 19, 9, -12]
[-77, 13, -43, -5] [0, -8, -39, 0] [6, 10, 16, 37] [-22, 16, -54, 28] [20, 0, -1, -55] [56, 6, -51, 25] [14, 0, 26, 35]
[-24, 3, 31, -42] [12, -8, -26, 33] [-46, -38, -41, 28] [49, -34, 26, 23] [-8, -13, -10, -26] [3, 26, -53, -31] [61, 27, 13, 6]
[3, 26, -7, 48] [-17, -8, -33, 35] [-6, 2, -34, -14] [0, 0, 0, 0] [-14, 57, -46, -16] [22, -19, -43, -27] [-24, 50, -23, 16]
[2, 11, -8, 18] [11, 14, 5, 33] [25, -8, 40, 24] [-16, -50, 29, -9] [6, 11, 28, -19] [9, 56, 16, 16] [-9, -18, 3, -3]
[5, -29, -13, 12] [8, -1, 17, -28] [20, 10, 21, 32] [-31, -38, 55, -20] [-45, -41, 15, -69] [-29, 72, 26, 21] [2, 44, 12, 32]
[17, -2, -31, -20] [-13, 1, 16, -68] [37, 16, 4, -13] [-10, 1, 4, -36] [60, 36, 6, -24] [17, 34, 11, 6] [7, -20, 19, -13]
------------------------------
ALIVE
Head: (1 30)
Body: (1 30) (25 30) (24 30) (23 30) (22 30) (21 30) (20 30) (19 30) (18 30) (17 30) (16 30) 
Length: 11, 4
Vision: 3
Hungry, suplies: 10/10
Reproductive: 16, mutating: 0.25
Generation: 53668
####################################
Wall (up, right, down, left):
[3, 4, 8, -7] [-4, -4, 6, -20] [-30, 7, -6, -25] [8, -2, 23, 3] [-11, 10, 23, -2] [14, -4, -13, -5] [1, -19, -6, -6]
[-44, 1, 11, -17] [0, 12, -12, -5] [-31, 4, 10, 8] [-36, 14, 30, 14] [30, 23, 6, -6] [-33, -25, -2, -16] [-20, -3, -6, 13]
[4, 5, 31, 28] [3, 14, -15, -8] [-9, -1, 38, -24] [-94, 18, 63, 10] [-46, -44, -12, 40] [-20, -23, -8, 4] [-20, -22, -20, 0]
[0, 46, -10, -43] [13, 0, 42, -32] [8, 40, -3, -107] [0, 0, 0, 0] [43, -111, 26, 20] [24, -6, -8, 5] [1, 1, 27, -3]
[-4, -35, 15, -3] [18, -1, -23, -21] [-18, -12, -40, -44] [47, 13, -126, 22] [15, -2, -33, 37] [9, 7, -4, 18] [-33, -73, -23, 42]
[30, 27, 4, 3] [-25, 2, -28, 8] [34, -9, 18, -3] [-3, 4, -29, -5] [1, -6, -44, -18] [2, -14, -23, 10] [36, 12, 29, -12]
[-10, -10, 25, -9] [3, -9, -53, -17] [-9, 4, 24, 6] [-21, 20, -53, -14] [34, 7, -13, 23] [41, -12, -39, 27] [-9, -13, 29, 2]
Food (up, right, down, left):
[10, 14, 0, 29] [-8, 29, 4, -28] [17, -21, 11, 16] [-25, -1, 50, 4] [-2, -15, 51, -8] [-13, -29, -19, -17] [-51, 19, 9, -12]
[-77, 13, -43, -5] [0, -8, -39, 0] [6, 10, 16, 37] [-22, 16, -54, 28] [20, 0, -1, -55] [56, 6, -52, 25] [14, 0, 26, 35]
[-24, 3, 27, -42] [12, -8, -26, 33] [-46, -38, -44, 28] [49, -34, 26, 24] [-8, -13, -10, -26] [3, 26, -53, -31] [61, 27, 13, 6]
[3, 26, -7, 48] [-17, -8, -33, 35] [-6, 2, -34, -14] [0, 0, 0, 0] [-14, 57, -46, -16] [22, -19, -43, -27] [-24, 50, -23, 16]
[2, 11, -8, 18] [11, 14, 5, 33] [25, -8, 40, 24] [-14, -50, 29, -9] [6, 11, 28, -19] [9, 56, 16, 16] [-9, -18, 3, -3]
[5, -29, -13, 12] [12, -1, 17, -28] [20, 10, 21, 32] [-31, -38, 55, -20] [-45, -41, 15, -69] [-24, 72, 26, 21] [-1, 44, 12, 32]
[17, -2, -31, -20] [-13, 1, 16, -68] [37, 16, 4, -13] [-10, 1, 4, -36] [60, 36, 6, -24] [17, 34, 11, 6] [7, -20, 19, -13]
------------------------------
ALIVE
Head: (2 24)
Body: (2 24) (2 25) (2 26) (1 26) (25 26) (24 26) (23 26) (22 26) (21 26) (20 26) (19 26) (18 26) (17 26) 
Length: 13, 4
Vision: 3
Hungry, suplies: 7/10
Reproductive: 16, mutating: 0.25
Generation: 53664
####################################
Wall (up, right, down, left):
[3, 4, 8, -7] [-4, -4, 6, -20] [-30, 7, -6, -25] [8, -2, 23, 3] [-11, 10, 23, -2] [14, -4, -13, -5] [1, -19, -6, -6]
[-44, 1, 11, -17] [0, 12, -12, -5] [-31, 3, 14, 8] [-36, 14, 30, 14] [30, 23, 6, -6] [-33, -25, -2, -16] [-20, -3, -6, 13]
[4, 5, 31, 33] [3, 14, -15, -8] [-9, -1, 38, -24] [-94, 18, 63, 14] [-46, -44, -12, 40] [-20, -23, -8, 4] [-20, -22, -20, 0]
[0, 46, -10, -43] [13, 0, 42, -32] [8, 40, -3, -107] [0, 0, 0, 0] [43, -111, 26, 20] [24, -6, -8, 5] [1, 1, 27, -3]
[-4, -35, 15, -3] [18, -1, -23, -21] [-18, -12, -40, -44] [50, 13, -126, 22] [15, -2, -33, 37] [9, 7, -4, 18] [-33, -73, -23, 42]
[30, 27, 4, 3] [-24, 2, -28, 8] [34, -9, 18, -3] [-3, 4, -29, -4] [1, -6, -44, -18] [2, -14, -23, 10] [36, 10, 29, -12]
[-10, -10, 25, -9] [3, -9, -53, -17] [-9, 4, 24, 6] [-21, 20, -53, -14] [34, 7, -13, 23] [41, -12, -39, 27] [-9, -13, 29, 2]
Food (up, right, down, left):
[10, 14, 0, 29] [-8, 29, 4, -28] [17, -21, 11, 16] [-25, -1, 50, 4] [-2, -15, 51, -8] [-13, -29, -19, -17] [-51, 19, 9, -12]
[-77, 13, -43, -5] [0, -8, -39, 0] [6, 10, 17, 37] [-22, 16, -54, 28] [20, 0, -1, -55] [56, 6, -52, 25] [14, 0, 26, 35]
[-19, 3, 31, -42] [12, -8, -26, 33] [-46, -38, -44, 28] [49, -38, 26, 24] [-8, -13, -10, -26] [3, 26, -53, -31] [61, 27, 13, 6]
[3, 26, -7, 48] [-17, -8, -33, 35] [-6, 2, -34, -14] [0, 0, 0, 0] [-14, 57, -46, -16] [22, -19, -43, -27] [-24, 50, -23, 16]
[2, 11, -8, 18] [11, 14, 5, 33] [25, -8, 40, 24] [-16, -50, 29, -9] [7, 11, 28, -19] [9, 56, 16, 16] [-9, -18, 3, -3]
[5, -29, -13, 12] [8, -5, 17, -28] [20, 10, 21, 32] [-31, -38, 55, -20] [-45, -41, 15, -69] [-24, 72, 26, 21] [2, 44, 12, 32]
[17, -2, -31, -20] [-13, 1, 16, -68] [37, 16, 4, -13] [-10, 1, 4, -36] [60, 36, 6, -24] [17, 34, 11, 6] [7, -20, 19, -13]
------------------------------
ALIVE
Head: (9 26)
Body: (9 26) (9 27) (10 27) (10 28) (10 29) (11 29) (12 29) (12 30) (12 31) (11 31) (11 32) (11 33) (10 33) (9 33) (9 32) 
Length: 15, 4
Vision: 3
Hungry, suplies: 3/10
Reproductive: 16, mutating: 0.25
Generation: 53665
####################################
Wall (up, right, down, left):
[3, 4, 8, -7] [-4, -4, 6, -20] [-30, 7, -6, -25] [8, -2, 23, 3] [-11, 10, 23, -2] [14, -4, -13, -5] [1, -19, -6, -6]
[-44, 1, 11, -17] [0, 12, -12, -5] [-31, 4, 14, 8] [-36, 14, 30, 14] [30, 23, 6, -6] [-33, -25, -5, -16] [-20, -3, -6, 13]
[4, 5, 31, 29] [3, 14, -15, -8] [-6, -1, 38, -24] [-94, 18, 63, 10] [-46, -44, -12, 40] [-20, -23, -8, 4] [-20, -22, -20, 0]
[0, 46, -10, -43] [13, 0, 42, -32] [8, 40, -3, -107] [0, 0, 0, 0] [43, -111, 26, 20] [24, -6, -8, 5] [1, 1, 27, -3]
[-4, -35, 15, -3] [18, -1, -23, -21] [-18, -12, -40, -44] [50, 13, -126, 22] [15, -2, -33, 37] [9, 7, -4, 18] [-33, -73, -23, 42]
[30, 27, 4, 3] [-28, 2, -28, 8] [34, -9, 18, -3] [-3, 4, -29, -4] [1, -6, -44, -18] [2, -10, -23, 10] [36, 10, 29, -12]
[-6, -10, 25, -9] [3, -9, -53, -17] [-9, 4, 24, 6] [-21, 20, -53, -14] [34, 7, -13, 23] [41, -12, -39, 27] [-9, -13, 29, 2]
Food (up, right, down, left):
[10, 14, 0, 29] [-8, 29, 4, -28] [17, -21, 11, 16] [-25, -1, 50, 4] [-2, -15, 51, -8] [-13, -29, -19, -17] [-51, 19, 9, -12]
[-77, 13, -43, -5] [0, -8, -39, 0] [6, 10, 16, 37] [-22, 16, -54, 28] [20, 0, -1, -55] [56, 6, -51, 25] [14, 0, 26, 35]
[-24, 3, 31, -42] [12, -8, -26, 33] [-46, -38, -41, 28] [49, -34, 26, 24] [-8, -13, -10, -26] [3, 26, -53, -31] [61, 27, 13, 6]
[3, 26, -7, 48] [-17, -8, -33, 35] [-6, 2, -34, -14] [0, 0, 0, 0] [-14, 57, -46, -16] [22, -19, -43, -27] [-24, 50, -23, 16]
[2, 11, -8, 18] [11, 14, 5, 33] [25, -8, 40, 24] [-16, -50, 29, -9] [6, 11, 28, -19] [9, 56, 16, 16] [-9, -18, 3, -3]
[5, -29, -13, 12] [8, -1, 17, -28] [20, 10, 21, 32] [-31, -38, 55, -20] [-45, -41, 15, -69] [-29, 72, 26, 21] [2, 44, 12, 32]
[17, -2, -29, -20] [-13, 1, 16, -68] [37, 16, 4, -13] [-10, 1, 4, -36] [60, 36, 6, -24] [17, 34, 11, 6] [7, -20, 19, -13]
------------------------------
ALIVE
Head: (16 10)
Body: (16 10) (15 10) (15 9) (15 8) (15 7) (15 6) (15 5) (15 4) 
Length: 8, 4
Vision: 3
Hungry, suplies: 7/10
Reproductive: 16, mutating: 0.25
Generation: 53668
####################################
Wall (up, right, down, left):
[3, 4, 8, -7] [-4, -4, 6, -20] [-30, 7, -6, -25] [8, -1, 23, 3] [-11, 10, 23, -2] [14, -4, -13, -5] [1, -19, -6, -6]
[-44, 1, 11, -17] [0, 12, -12, -5] [-31, 3, 14, 8] [-36, 14, 30, 14] [30, 23, 6, -6] [-33, -25, -2, -16] [-20, -3, -6, 13]
[4, 5, 31, 33] [3, 14, -15, -8] [-9, -1, 38, -24] [-94, 18, 63, 14] [-46, -44, -12, 40] [-20, -23, -8, 4] [-20, -22, -20, 0]
[0, 46, -10, -43] [13, 0, 42, -32] [8, 40, -3, -107] [0, 0, 0, 0] [43, -111, 26, 20] [24, -6, -8, 5] [1, 1, 27, -3]
[-4, -35, 15, -3] [18, -1, -23, -21] [-18, -12, -40, -44] [50, 13, -126, 22] [15, -2, -33, 37] [9, 7, -4, 18] [-33, -73, -23, 42]
[30, 27, 4, 3] [-24, 2, -28, 8] [34, -9, 18, -3] [-3, 4, -29, -4] [1, -6, -44, -18] [2, -14, -23, 10] [36, 10, 29, -12]
[-10, -10, 25, -9] [3, -9, -53, -17] [-9, 4, 24, 6] [-21, 20, -53, -14] [34, 7, -13, 23] [41, -12, -39, 27] [-9, -13, 29, 2]
Food (up, right, down, left):
[10, 14, 0, 29] [-8, 29, 4, -28] [17, -21, 11, 16] [-22, -1, 50, 4] [-2, -15, 51, -8] [-13, -29, -19, -17] [-51, 19, 9, -12]
[-77, 13, -43, -5] [0, -8, -39, 0] [6, 10, 17, 37] [-22, 16, -54, 28] [20, 0, -1, -55] [56, 6, -52, 25] [14, 0, 26, 35]
[-19, 3, 31, -42] [12, -8, -26, 33] [-46, -38, -44, 28] [49, -38, 26, 24] [-8, -13, -10, -26] [3, 26, -53, -31] [61, 27, 13, 6]
[3, 26, -7, 48] [-17, -8, -33, 35] [-6, 2, -34, -14] [0, 0, 0, 0] [-14, 57, -46, -16] [22, -19, -43, -27] [-24, 50, -23, 16]
[2, 11, -8, 18] [11, 14, 5, 33] [25, -8, 40, 24] [-16, -50, 29, -9] [7, 11, 28, -19] [9, 56, 16, 16] [-9, -18, 3, -3]
[5, -29, -13, 12] [8, -5, 17, -28] [20, 10, 21, 32] [-31, -38, 55, -20] [-45, -41, 15, -69] [-24, 72, 26, 21] [2, 44, 12, 32]
[17, -2, -31, -20] [-13, 1, 16, -68] [37, 16, 4, -13] [-10, 1, 4, -36] [60, 36, 6, -24] [17, 34, 11, 6] [7, -20, 19, -13]
------------------------------
ALIVE
Head: (15 45)
Body: (15 45) (14 45) (13 45) (12 45) (12 44) (12 43) (12 42) (12 41) (12 40) (12 39) (12 38) (11 38) (11 37) (10 37) 
Length: 14, 4
Vision: 3
Hungry, suplies: 8/10
Reproductive: 16, mutating: 0.25
Generation: 53667
####################################
Wall (up, right, down, left):
[3, 4, 8, -7] [-4, -4, 6, -20] [-30, 7, -6, -25] [8, -2, 23, 3] [-11, 10, 23, -2] [14, -4, -13, -5] [1, -19, -6, -6]
[-44, 1, 11, -17] [0, 12, -12, -5] [-31, 4, 10, 8] [-36, 14, 30, 14] [30, 23, 6, -6] [-33, -25, -2, -16] [-20, -3, -6, 13]
[4, 5, 31, 28] [3, 14, -15, -8] [-9, -1, 38, -24] [-94, 18, 63, 10] [-46, -44, -12, 40] [-20, -23, -8, 4] [-20, -22, -20, 0]
[0, 46, -10, -43] [13, 0, 42, -32] [8, 40, -3, -107] [0, 0, 0, 0] [43, -111, 26, 20] [24, -6, -8, 5] [1, 1, 27, -3]
[-4, -35, 15, -3] [18, -1, -23, -21] [-18, -12, -40, -44] [47, 13, -126, 22] [15, -2, -33, 37] [9, 7, -4, 18] [-33, -73, -23, 42]
[30, 27, 4, 3] [-25, 2, -28, 8] [34, -9, 18, -3] [-3, 4, -29, -5] [1, -6, -44, -18] [2, -14, -23, 10] [36, 10, 29, -12]
[-10, -10, 25, -9] [3, -9, -53, -17] [-9, 4, 24, 6] [-21, 20, -53, -14] [34, 7, -13, 23] [41, -12, -39, 27] [-9, -13, 29, 2]
Food (up, right, down, left):
[10, 14, 0, 29] [-8, 29, 4, -28] [17, -21, 11, 16] [-25, -1, 50, 4] [-2, -15, 51, -8] [-13, -29, -19, -17] [-51, 19, 9, -12]
[-77, 13, -43, -5] [0, -8, -39, 0] [6, 10, 16, 37] [-22, 16, -54, 28] [20, 0, -1, -55] [56, 6, -52, 25] [14, 0, 26, 35]
[-24, 3, 27, -42] [12, -8, -26, 33] [-46, -38, -44, 28] [49, -34, 26, 24] [-8, -13, -10, -26] [3, 26, -53, -31] [61, 27, 13, 6]
[3, 26, -7, 48] [-17, -8, -33, 35] [-6, 2, -34, -14] [0, 0, 0, 0] [-14, 57, -46, -16] [22, -19, -43, -27] [-24, 50, -23, 16]
[2, 11, -8, 18] [11, 14, 5, 33] [25, -8, 40, 24] [-14, -50, 29, -9] [6, 11, 28, -19] [9, 56, 16, 16] [-9, -18, 3, -3]
[5, -29, -13, 12] [12, -1, 17, -28] [20, 10, 21, 32] [-31, -38, 55, -20] [-45, -41, 15, -69] [-24, 72, 26, 21] [2, 44, 12, 32]
[17, -2, -31, -20] [-13, 1, 16, -68] [37, 16, 4, -13] [-10, 1, 4, -36] [60, 36, 6, -24] [17, 34, 11, 6] [7, -20, 19, -13]
------------------------------
ALIVE
Head: (3 19)
Body: (3 19) (3 18) (3 17) (3 16) (3 15) (3 14) (4 14) (5 14) (5 13) (6 13) (6 14) (6 15) 
Length: 12, 4
Vision: 3
Hungry, suplies: 10/10
Reproductive: 16, mutating: 0.25
Generation: 53663
####################################
Wall (up, right, down, left):
[3, 4, 8, -7] [-4, -4, 6, -20] [-30, 7, -6, -25] [8, -2, 23, 3] [-11, 10, 23, -2] [14, -4, -13, -5] [1, -19, -6, -6]
[-44, 1, 11, -17] [0, 12, -12, -5] [-31, 4, 14, 8] [-36, 14, 30, 14] [30, 23, 6, -6] [-33, -25, -5, -16] [-20, -3, -6, 13]
[4, 5, 31, 29] [3, 14, -15, -8] [-6, -1, 38, -24] [-94, 22, 63, 10] [-46, -44, -12, 40] [-20, -23, -8, 4] [-20, -22, -20, 0]
[0, 46, -10, -43] [13, 0, 42, -32] [8, 40, -3, -107] [0, 0, 0, 0] [43, -111, 26, 20] [24, -6, -8, 5] [1, 1, 27, -3]
[-4, -35, 15, -3] [18, -1, -23, -21] [-18, -12, -40, -44] [50, 13, -126, 22] [15, -2, -33, 37] [9, 7, -4, 18] [-33, -73, -23, 42]
[30, 27, 4, 3] [-28, 2, -28, 8] [34, -9, 18, -3] [-3, 4, -29, -4] [1, -6, -44, -18] [2, -10, -23, 10] [36, 10, 29, -12]
[-10, -10, 25, -9] [3, -9, -53, -17] [-9, 4, 24, 6] [-21, 20, -53, -14] [34, 7, -13, 23] [41, -12, -39, 27] [-9, -13, 29, 2]
Food (up, right, down, left):
[10, 14, 0, 29] [-8, 29, 4, -28] [17, -21, 11, 16] [-25, -1, 50, 4] [-2, -15, 51, -8] [-13, -29, -19, -17] [-51, 19, 9, -12]
[-77, 13, -43, -5] [0, -8, -39, 0] [6, 10, 16, 37] [-22, 16, -54, 28] [20, 0, -1, -55] [56, 6, -51, 25] [14, 0, 26, 35]
[-24, 3, 31, -42] [12, -8, -26, 33] [-46, -38, -41, 28] [49, -34, 26, 23] [-8, -13, -10, -26] [3, 26, -53, -31] [61, 27, 13, 6]
[3, 26, -7, 48] [-17, -8, -33, 35] [-6, 2, -34, -14] [0, 0, 0, 0] [-14, 57, -46, -16] [22, -19, -43, -27] [-24, 50, -23, 16]
[2, 11, -8, 18] [11, 14, 5, 33] [25, -8, 40, 24] [-16, -50, 29, -9] [6, 11, 28, -19] [9, 56, 16, 16] [-9, -18, 3, -3]
[5, -29, -13, 12] [8, -1, 17, -28] [20, 10, 21, 32] [-31, -38, 55, -20] [-45, -41, 15, -69] [-29, 72, 26, 21] [2, 44, 12, 32]
[17, -2, -31, -20] [-13, 1, 16, -68] [37, 16, 4, -13] [-10, 1, 4, -36] [60, 36, 6, -24] [17, 34, 11, 6] [7, -20, 19, -13]
------------------------------
ALIVE
Head: (7 21)
Body: (7 21) (6 21) (6 22) (6 23) (7 23) (7 24) (7 25) (6 25) (6 26) (6 27) 
Length: 10, 4
Vision: 3
Hungry, suplies: 3/10
Reproductive: 16, mutating: 0.25
Generation: 53669
####################################
Wall (up, right, down, left):
[3, 4, 8, -7] [-4, -4, 6, -20] [-30, 7, -6, -25] [8, -2, 23, 3] [-11, 10, 23, -2] [14, -4, -13, -5] [1, -19, -6, -6]
[-44, 1, 11, -17] [0, 12, -12, -5] [-31, 4, 14, 8] [-36, 14, 30, 14] [30, 23, 6, -6] [-33, -25, -5, -16] [-20, -3, -6, 16]
[4, 5, 31, 29] [3, 14, -15, -8] [-6, -3, 38, -24] [-94, 18, 63, 10] [-46, -44, -12, 40] [-20, -23, -8, 4] [-20, -22, -20, 0]
[0, 46, -10, -43] [13, 0, 42, -32] [8, 40, -3, -107] [0, 0, 0, 0] [43, -111, 26, 20] [24, -6, -8, 5] [1, 1, 27, -3]
[-4, -35, 15, -3] [18, -1, -23, -23] [-18, -12, -40, -44] [50, 13, -126, 22] [15, -2, -33, 37] [9, 7, -4, 18] [-33, -73, -23, 42]
[30, 27, 4, 3] [-28, 2, -28, 8] [34, -9, 18, -3] [-3, 4, -29, -4] [1, -6, -44, -18] [2, -10, -23, 10] [36, 10, 29, -12]
[-10, -10, 25, -9] [3, -9, -53, -17] [-9, 4, 24, 6] [-21, 20, -53, -14] [34, 7, -13, 23] [41, -12, -39, 27] [-9, -13, 29, 2]
Food (up, right, down, left):
[10, 14, 0, 29] [-8, 29, 4, -28] [17, -21, 11, 16] [-25, -1, 50, 4] [-2, -15, 51, -8] [-13, -29, -19, -17] [-51, 19, 9, -12]
[-77, 13, -43, -5] [0, -8, -39, 0] [6, 10, 16, 37] [-22, 16, -54, 28] [20, 0, -1, -55] [56, 6, -51, 25] [14, 0, 26, 38]
[-24, 3, 31, -42] [12, -8, -26, 33] [-46, -38, -43, 28] [49, -34, 26, 24] [-8, -13, -10, -26] [3, 26, -53, -31] [61, 27, 13, 6]
[3, 26, -7, 48] [-17, -8, -33, 35] [-6, 2, -34, -14] [0, 0, 0, 0] [-14, 57, -46, -16] [22, -19, -43, -27] [-24, 50, -23, 16]
[2, 11, -8, 18] [11, 14, 7, 33] [25, -8, 40, 24] [-16, -50, 29, -9] [6, 11, 28, -19] [9, 56, 16, 16] [-9, -18, 3, -3]
[5, -29, -13, 12] [8, -1, 17, -28] [20, 10, 21, 32] [-31, -38, 55, -20] [-45, -41, 15, -69] [-29, 72, 26, 21] [2, 44, 12, 32]
[17, -2, -31, -20] [-13, 1, 16, -68] [37, 16, 4, -13] [-10, 1, 4, -36] [60, 36, 6, -24] [17, 34, 11, 6] [7, -20, 19, -13]
------------------------------
ALIVE
Head: (8 54)
Body: (8 54) (7 54) (6 54) (5 54) (4 54) (3 54) (2 54) (2 55) (2 -1) 
Length: 9, 4
Vision: 3
Hungry, suplies: 4/10
Reproductive: 16, mutating: 0.25
Generation: 53669
####################################
Wall (up, right, down, left):
[3, 4, 8, -7] [-4, -4, 6, -20] [-30, 7, -6, -25] [8, -2, 23, 3] [-11, 10, 23, -2] [14, -4, -13, -5] [1, -19, -6, -6]
[-44, 1, 11, -17] [0, 12, -12, -5] [-31, 4, 14, 8] [-36, 14, 30, 14] [30, 23, 6, -6] [-33, -25, -5, -16] [-20, -3, -6, 13]
[4, 5, 31, 29] [3, 14, -15, -8] [-6, -1, 38, -24] [-94, 18, 63, 10] [-46, -44, -12, 40] [-20, -23, -8, 4] [-20, -22, -20, 0]
[0, 46, -10, -43] [13, 0, 42, -32] [8, 40, -3, -107] [0, 0, 0, 0] [43, -111, 26, 20] [24, -6, -8, 5] [1, 1, 27, -3]
[-7, -35, 15, -3] [18, -1, -23, -21] [-18, -12, -40, -44] [50, 13, -126, 22] [15, -2, -33, 37] [9, 7, -4, 18] [-33, -73, -23, 42]
[30, 27, 4, 3] [-28, 2, -28, 8] [34, -9, 18, -3] [-3, 4, -29, -4] [1, -6, -44, -18] [2, -10, -23, 10] [36, 10, 29, -12]
[-6, -10, 25, -9] [3, -9, -53, -17] [-9, 4, 24, 6] [-21, 20, -53, -14] [34, 7, -13, 23] [41, -12, -39, 27] [-9, -13, 29, 2]
Food (up, right, down, left):
[10, 14, 0, 29] [-8, 29, 4, -28] [17, -21, 11, 16] [-25, -1, 50, 4] [-2, -15, 51, -8] [-13, -29, -19, -17] [-51, 19, 9, -12]
[-77, 13, -43, -5] [0, -8, -39, 0] [6, 10, 16, 37] [-22, 16, -54, 28] [20, 0, -1, -55] [56, 6, -51, 25] [14, 0, 26, 35]
[-24, 3, 31, -42] [12, -8, -26, 33] [-46, -38, -41, 28] [49, -34, 26, 24] [-8, -13, -10, -26] [3, 26, -53, -31] [61, 27, 13, 6]
[3, 26, -7, 48] [-17, -8, -33, 35] [-6, 2, -34, -14] [0, 0, 0, 0] [-14, 57, -46, -16] [22, -19, -43, -27] [-24, 50, -23, 16]
[2, 11, -13, 18] [11, 14, 5, 33] [25, -8, 40, 24] [-16, -50, 29, -9] [6, 11, 28, -19] [9, 56, 16, 16] [-9, -18, 3, -3]
[5, -29, -13, 12] [8, -1, 17, -28] [20, 10, 21, 32] [-31, -38, 55, -20] [-45, -41, 15, -69] [-29, 72, 26, 21] [2, 44, 12, 32]
[17, -2, -29, -20] [-13, 1, 16, -68] [37, 16, 4, -13] [-10, 1, 4, -36] [60, 36, 6, -24] [17, 34, 11, 6] [7, -20, 19, -13]
------------------------------
ALIVE
Head: (6 44)
Body: (6 44) (7 44) (8 44) (9 44) (10 44) (10 45) (10 46) (9 46) (8 46) 
Length: 9, 4
Vision: 3
Hungry, suplies: 8/10
Reproductive: 16, mutating: 0.25
Generation: 53668
####################################
Wall (up, right, down, left):
[3, 4, 8, -7] [-4, -4, 6, -20] [-30, 7, -6, -25] [8, -2, 23, 3] [-11, 10, 23, -2] [14, -4, -13, -5] [1, -19, -6, -6]
[-44, 1, 11, -17] [0, 12, -12, -5] [-31, 4, 14, 8] [-36, 14, 30, 14] [30, 23, 6, -6] [-33, -25, -5, -16] [-20, -3, -6, 13]
[4, 5, 31, 29] [3, 14, -15, -8] [-6, -1, 38, -24] [-94, 18, 63, 10] [-46, -44, -12, 40] [-20, -23, -8, 4] [-20, -22, -20, 0]
[0, 46, -10, -43] [13, 0, 42, -32] [8, 40, -3, -107] [0, 0, 0, 0] [43, -111, 26, 20] [24, -6, -8, 5] [1, 1, 27, -3]
[-4, -35, 15, -3] [18, -1, -23, -21] [-18, -12, -40, -44] [50, 13, -126, 22] [15, -2, -33, 37] [9, 7, -4, 18] [-33, -73, -23, 42]
[30, 27, 4, 3] [-28, 2, -28, 8] [34, -9, 18, -3] [-3, 4, -29, -4] [1, -6, -44, -18] [2, -10, -23, 10] [36, 10, 29, -12]
[-6, -10, 25, -9] [3, -9, -53, -17] [-9, 4, 24, 6] [-21, 20, -53, -14] [34, 7, -13, 23] [41, -12, -39, 27] [-9, -13, 29, 2]
Food (up, right, down, left):
[10, 14, 0, 29] [-8, 29, 4, -28] [17, -21, 11, 16] [-25, -1, 50, 4] [-2, -15, 51, -8] [-13, -29, -19, -17] [-51, 19, 9, -12]
[-77, 13, -43, -5] [0, -8, -39, 0] [6, 10, 16, 37] [-22, 16, -54, 28] [20, 0, -1, -55] [56, 6, -51, 25] [14, 0, 26, 35]
[-24, 3, 31, -42] [12, -8, -26, 33] [-46, -38, -41, 28] [49, -34, 26, 24] [-8, -13, -10, -26] [3, 26, -53, -31] [61, 27, 13, 6]
[3, 26, -7, 48] [-17, -8, -33, 35] [-6, 2, -34, -14] [0, 0, 0, 0] [-14, 57, -46, -16] [22, -19, -43, -27] [-24, 50, -23, 16]
[2, 11, -8, 18] [11, 14, 5, 33] [25, -8, 40, 24] [-16, -50, 29, -9] [6, 11, 28, -19] [9, 56, 16, 16] [-9, -18, 3, -3]
[5, -29, -13, 12] [8, -1, 17, -28] [20, 10, 21, 32] [-31, -38, 55, -20] [-45, -41, 15, -69] [-29, 72, 26, 21] [2, 44, 12, 32]
[17, -2, -29, -20] [-13, 1, 16, -68] [37, 16, 4, -13] [-10, 1, 4, -36] [60, 36, 6, -24] [17, 34, 11, 6] [7, -20, 19, -13]
------------------------------
ALIVE
Head: (7 3)
Body: (7 3) (7 2) (7 1) (7 0) (8 0) (9 0) (10 0) (11 0) 
Length: 8, 4
Vision: 3
Hungry, suplies: 7/10
Reproductive: 16, mutating: 0.25
Generation: 53669
####################################
