Wall (up, right, down, left):
[0, -10, -12, -5] [9, 13, 3, 2] [-7, -2, 5, -7] [14, 20, 0, 4] [-11, 14, 11, -17] [-6, 0, 7, -9] [-9, -4, 8, 3]
[8, 5, -5, -1] [13, 13, 12, 2] [-15, -1, 4, 12] [-24, 11, 3, 14] [17, 1, 3, 1] [-17, 13, 16, 0] [-14, -15, 13, 5]
[-3, 9, 16, -7] [2, 15, -4, 19] [3, 1, 10, -6] [-40, 4, 28, 14] [-35, -17, -18, 16] [3, -19, 6, 22] [-20, 2, -2, 7]
[-2, -12, 5, -30] [7, 8, 8, -16] [7, 17, 9, -72] [0, 0, 0, 0] [12, -64, 9, 1] [13, -11, -4, 16] [7, -5, 2, -5]
[-15, -9, -20, -14] [7, 26, -1, 12] [-10, 12, -13, -2] [20, 11, -47, 16] [6, -6, -4, 32] [17, 11, -10, 20] [-1, -16, 9, 5]
[14, 26, -10, -3] [-15, -8, -8, -23] [16, 6, 8, -5] [2, -1, -19, -2] [15, 7, 4, 10] [22, 4, -4, 3] [21, -2, -6, 13]
[3, -15, -11, -6] [9, -9, -2, -9] [-14, -15, -2, 1] [-7, 17, -12, 4] [25, 12, 9, -6] [21, 3, -9, 1] [7, 5, 12, -2]
Food (up, right, down, left):
[28, 13, -13, 16] [-6, 9, -11, -13] [3, -9, -23, 11] [-7, -8, 34, -1] [-7, 14, 4, 27] [5, -19, 2, -4] [-22, 7, 10, -24]
[-34, -15, -9, -9] [-7, -7, 10, -6] [15, 9, 7, 28] [-15, 13, -14, 15] [8, -16, 11, -23] [19, -7, -10, 17] [-13, -9, -5, 3]
[-14, 23, 3, -12] [-11, 3, 13, -15] [-10, -29, -14, -3] [16, -20, 17, -18] [-11, -8, 8, -18] [6, -4, -19, -6] [11, 10, 14, 20]
[-2, -5, 19, 22] [-23, -7, -23, 12] [-3, 14, -29, -13] [0, 0, 0, 0] [-31, 19, -7, 1] [-11, -5, -21, -3] [1, 0, -18, 1]
[5, 6, 6, 7] [-9, 3, 17, 9] [4, -6, 23, 4] [-20, -16, 20, -8] [-7, -15, 7, -20] [-10, 26, 14, 8] [5, 3, 0, -36]
[-7, -1, 13, -1] [24, -9, 20, 18] [4, 9, -5, 14] [-12, -15, 5, -13] [-27, -4, -1, -11] [-13, 15, -7, 17] [6, 25, -20, 7]
[2, -14, -11, -14] [10, -2, 11, -6] [7, 1, 4, 9] [0, -14, 27, -34] [25, 19, -16, 3] [12, 12, 22, 17] [-2, -14, 14, -14]
------------------------------
ALIVE
Head: (6 12)
Body: (6 12) (5 12) (4 12) (4 11) (4 10) (3 10) (3 9) (3 8) (2 8) (1 8) (25 8) (24 8) (23 8) 
Length: 13, 4
Vision: 3
Hungry, suplies: 7/10
Reproductive: 16, mutating: 0.25
Generation: 17325
####################################
Wall (up, right, down, left):
[0, -10, -12, -5] [9, 12, 1, 2] [-7, -2, 5, -7] [14, 20, 0, 4] [-11, 14, 11, -17] [-6, 0, 7, -9] [-9, -4, 8, 3]
[8, 5, -5, -1] [13, 13, 12, 2] [-15, -1, 4, 12] [-24, 11, 3, 14] [17, 1, 3, 1] [-17, 13, 16, 0] [-14, -15, 13, 5]
[-3, 9, 16, -7] [2, 15, -4, 19] [3, 1, 10, -6] [-40, 4, 28, 14] [-35, -17, -18, 16] [3, -19, 6, 27] [-20, 2, -2, 5]
[-2, -12, 5, -30] [7, 8, 8, -16] [7, 17, 9, -72] [0, 0, 0, 0] [12, -64, 9, 1] [13, -11, -4, 16] [9, -5, 2, -5]
[-15, -9, -20, -14] [7, 26, -1, 12] [-7, 12, -13, -2] [20, 11, -47, 16] [6, -6, -4, 32] [17, 11, -10, 20] [-1, -16, 9, 5]
[14, 26, -10, -3] [-15, -8, -8, -23] [16, 6, 8, -5] [2, -1, -19, -2] [15, 7, 4, 10] [22, 4, -4, 3] [21, -2, -6, 13]
[3, -15, -11, -6] [9, -9, -2, -9] [-14, -15, -2, 1] [-7, 17, -12, 4] [25, 12, 9, -1] [21, 3, -9, 1] [7, 5, 12, -2]
Food (up, right, down, left):
[28, 13, -13, 16] [-6, 9, -11, -13] [3, -9, -23, 11] [-7, -8, 34, -1] [-7, 13, 4, 27] [5, -19, 2, -4] [-22, 7, 10, -24]
[-34, -15, -9, -9] [-7, -7, 10, -6] [15, 9, 7, 28] [-15, 13, -14, 15] [8, -16, 11, -23] [19, -7, -10, 17] [-13, -9, -5, 3]
[-14, 23, 3, -12] [-11, 3, 13, -15] [-10, -29, -14, -3] [16, -20, 17, -18] [-11, -8, 8, -18] [6, -1, -19, -6] [10, 10, 14, 20]
[-2, -5, 19, 22] [-23, -7, -23, 12] [-3, 14, -29, -13] [0, 0, 0, 0] [-31, 19, -7, 1] [-11, -5, -21, -3] [1, -1, -18, 1]
[5, 6, 6, 7] [-9, 3, 17, 9] [4, -6, 24, 4] [-20, -16, 20, -8] [-7, -15, 7, -20] [-10, 26, 14, 8] [5, 3, 0, -36]
[-7, -1, 13, -1] [24, -9, 20, 18] [4, 9, -5, 14] [-12, -15, 5, -13] [-27, -4, -1, -11] [-13, 15, -7, 17] [6, 25, -20, 7]
[2, -14, -11, -14] [10, -2, 11, -6] [7, 1, 4, 9] [0, -14, 27, -34] [26, 19, -16, 3] [12, 12, 22, 17] [-2, -14, 14, -14]
------------------------------
ALIVE
Head: (3 27)
Body: (3 27) (4 27) (5 27) (6 27) (6 28) (7 28) (7 29) (8 29) (8 28) (9 28) (10 28) (11 28) (11 27) (12 27) (12 26) 
Length: 15, 4
Vision: 3
Hungry, suplies: 10/10
Reproductive: 16, mutating: 0.25
Generation: 17331
####################################
Wall (up, right, down, left):
[0, -10, -12, -5] [9, 13, 3, 2] [-7, -2, 5, -7] [14, 20, 0, 4] [-11, 14, 11, -17] [-6, 0, 7, -9] [-9, -4, 8, 3]
[8, 5, -5, -1] [13, 13, 12, 2] [-15, -1, 4, 12] [-24, 11, 3, 14] [17, 1, 3, 1] [-17, 13, 16, 0] [-14, -15, 13, 5]
[-3, 9, 16, -7] [2, 17, -4, 19] [3, 1, 10, -6] [-40, 4, 28, 14] [-35, -17, -18, 16] [3, -19, 6, 22] [-20, 2, -2, 7]
[-2, -12, 5, -30] [7, 8, 8, -16] [7, 17, 9, -72] [0, 0, 0, 0] [12, -64, 9, 1] [13, -11, -4, 16] [7, -5, 2, -5]
[-15, -9, -20, -14] [7, 26, -1, 12] [-10, 12, -13, -2] [20, 11, -47, 16] [6, -8, -4, 32] [17, 11, -10, 20] [-1, -16, 9, 5]
[14, 26, -10, -3] [-15, -8, -8, -23] [16, 6, 8, -5] [2, -1, -19, -2] [15, 7, 4, 10] [22, 4, -4, 3] [21, -2, -6, 13]
[3, -15, -11, -6] [9, -9, -2, -9] [-14, -15, -2, 1] [-7, 17, -12, 4] [25, 12, 9, -6] [21, 3, -9, 1] [7, 5, 12, -2]
Food (up, right, down, left):
[28, 13, -13, 16] [-6, 9, -11, -13] [3, -9, -23, 11] [-7, -8, 34, -1] [-7, 14, 4, 27] [5, -19, 2, -4] [-22, 7, 10, -24]
[-34, -15, -9, -9] [-7, -7, 10, -6] [15, 9, 7, 28] [-15, 13, -14, 15] [8, -16, 11, -23] [19, -7, -10, 17] [-13, -9, -5, 3]
[-14, 23, 3, -12] [-11, 3, 13, -12] [-10, -29, -14, -3] [16, -20, 17, -18] [-11, -8, 8, -18] [6, -4, -19, -6] [11, 10, 14, 20]
[-2, -5, 19, 22] [-23, -7, -23, 12] [-3, 14, -29, -13] [0, 0, 0, 0] [-31, 19, -7, 1] [-11, -5, -21, -3] [1, 0, -18, 1]
[5, 6, 6, 7] [-9, 3, 17, 9] [4, -6, 23, 4] [-20, -16, 20, -8] [-7, -11, 7, -20] [-10, 26, 14, 8] [5, 3, 0, -36]
[-7, -1, 13, -1] [24, -9, 20, 18] [4, 9, -5, 14] [-12, -15, 5, -13] [-27, -4, -1, -11] [-13, 15, -7, 17] [6, 25, -20, 7]
[2, -14, -11, -14] [10, -2, 11, -6] [7, 1, 4, 9] [0, -14, 27, -34] [25, 19, -16, 3] [12, 12, 22, 17] [-2, -14, 14, -14]
------------------------------
ALIVE
Head: (0 50)
Body: (0 50) (0 49) (0 48) (25 47) (24 47) (23 47) (23 46) (23 45) (24 45) (-1 44) (0 44) (0 43) 
Length: 12, 4
Vision: 3
Hungry, suplies: 8/10
Reproductive: 16, mutating: 0.25
Generation: 17328
####################################
Wall (up, right, down, left):
[0, -10, -12, -5] [9, 12, 1, 2] [-7, -2, 5, -7] [14, 20, 0, 4] [-11, 14, 11, -17] [-6, 0, 7, -9] [-9, -4, 8, 3]
[4, 5, -5, -1] [13, 13, 12, 2] [-15, -1, 4, 12] [-24, 11, 3, 14] [17, 1, 3, 1] [-17, 13, 16, 0] [-14, -15, 13, 5]
[-3, 9, 16, -7] [2, 15, -4, 19] [3, 1, 10, -6] [-40, 4, 28, 14] [-35, -17, -18, 16] [3, -19, 6, 27] [-20, 2, -2, 5]
[-2, -12, 5, -30] [7, 8, 8, -16] [7, 17, 9, -72] [0, 0, 0, 0] [12, -64, 9, 1] [13, -11, -4, 16] [9, -5, 2, -5]
[-15, -9, -20, -14] [7, 26, -1, 12] [-7, 12, -13, -2] [20, 11, -47, 16] [6, -6, -4, 32] [17, 11, -10, 20] [-1, -16, 9, 5]
[14, 26, -10, -3] [-15, -8, -8, -23] [16, 6, 8, -5] [2, -1, -19, -2] [15, 7, 4, 10] [22, 4, -4, 3] [21, -2, -6, 13]
[3, -15, -11, -6] [9, -9, -2, -9] [-14, -15, -2, 1] [-7, 17, -12, 4] [25, 12, 9, -1] [21, 3, -9, 1] [7, 5, 12, -2]
Food (up, right, down, left):
[28, 13, -13, 16] [-6, 9, -11, -13] [3, -9, -23, 11] [-7, -8, 34, -1] [-7, 13, 4, 27] [5, -19, 2, -4] [-22, 7, 10, -24]
[-36, -15, -9, -9] [-7, -7, 10, -6] [15, 9, 7, 28] [-15, 13, -14, 15] [8, -16, 11, -23] [19, -7, -10, 17] [-13, -9, -5, 3]
[-14, 23, 3, -12] [-11, 3, 13, -15] [-10, -29, -14, -3] [16, -20, 17, -18] [-11, -8, 8, -18] [6, -1, -19, -6] [10, 10, 14, 20]
[-2, -5, 19, 22] [-23, -7, -23, 12] [-3, 14, -29, -13] [0, 0, 0, 0] [-31, 19, -7, 1] [-11, -5, -21, -3] [1, -1, -18, 1]
[5, 6, 6, 7] [-9, 3, 17, 9] [4, -6, 24, 4] [-20, -16, 20, -8] [-7, -15, 7, -20] [-10, 26, 14, 8] [5, 3, 0, -36]
[-7, -1, 13, -1] [24, -9, 20, 18] [4, 9, -5, 14] [-12, -15, 5, -13] [-27, -4, -1, -11] [-13, 15, -7, 17] [6, 25, -20, 7]
[2, -14, -11, -14] [10, -2, 11, -6] [7, 1, 4, 9] [0, -14, 27, -34] [26, 19, -16, 3] [12, 12, 22, 17] [-2, -14, 14, -14]
------------------------------
DEAD: Wall
Head: (10 35)
Body: (10 35) (11 35) (12 35) (13 35) (14 35) (14 34) (14 33) (13 33) (13 34) 
Length: 9, 4
Vision: 3
Hungry, suplies: 10/10
Reproductive: 16, mutating: 0.25
Generation: 17335
####################################
Wall (up, right, down, left):
[0, -10, -12, -5] [9, 12, 1, 2] [-7, -2, 5, -7] [14, 20, 0, 4] [-11, 14, 11, -17] [-6, 0, 7, -9] [-9, -4, 8, 3]
[8, 5, -5, -1] [13, 13, 12, 2] [-15, -1, 4, 12] [-24, 11, 3, 14] [17, 1, 3, 1] [-17, 13, 16, 0] [-14, -15, 13, 5]
[-3, 9, 16, -7] [2, 15, -4, 19] [3, 1, 10, -6] [-40, 4, 28, 14] [-35, -17, -18, 16] [3, -19, 6, 27] [-20, 2, -2, 0]
[-2, -12, 5, -30] [7, 8, 8, -16] [7, 17, 9, -72] [0, 0, 0, 0] [12, -64, 9, 1] [13, -11, -4, 16] [9, -5, 2, -5]
[-15, -9, -20, -14] [7, 26, -1, 12] [-7, 12, -13, -2] [20, 11, -47, 16] [6, -6, -4, 32] [17, 11, -10, 20] [-1, -16, 9, 5]
[14, 26, -10, -3] [-15, -8, -8, -23] [16, 6, 8, -5] [2, -1, -19, -2] [15, 7, 4, 10] [22, 4, -4, 3] [21, -2, -6, 13]
[3, -15, -11, -6] [9, -9, -2, -9] [-14, -15, -2, 1] [-7, 17, -12, 4] [25, 12, 9, -1] [21, 3, -9, 1] [7, 5, 12, -2]
Food (up, right, down, left):
[28, 13, -13, 16] [-6, 9, -11, -13] [3, -9, -23, 11] [-7, -8, 34, -1] [-7, 13, 4, 27] [5, -19, 2, -4] [-22, 7, 10, -24]
[-34, -15, -9, -9] [-7, -7, 10, -6] [15, 9, 7, 28] [-15, 13, -14, 15] [8, -16, 11, -23] [19, -7, -10, 17] [-13, -9, -5, 3]
[-14, 23, 3, -12] [-11, 3, 13, -15] [-10, -29, -14, -3] [16, -20, 17, -18] [-11, -8, 8, -18] [6, -1, -19, -6] [10, 10, 15, 20]
[-2, -5, 19, 22] [-23, -7, -23, 12] [-3, 14, -29, -13] [0, 0, 0, 0] [-31, 19, -7, 1] [-11, -5, -21, -3] [1, -1, -18, 1]
[5, 6, 6, 7] [-9, 3, 17, 9] [4, -6, 24, 4] [-20, -16, 20, -8] [-7, -15, 7, -20] [-10, 26, 14, 8] [5, 3, 0, -36]
[-7, -1, 13, -1] [24, -9, 20, 18] [4, 9, -5, 14] [-12, -15, 5, -13] [-27, -4, -1, -11] [-13, 15, -7, 17] [6, 25, -20, 7]
[2, -14, -11, -14] [10, -2, 11, -6] [7, 1, 4, 9] [0, -14, 27, -34] [26, 19, -16, 3] [12, 12, 22, 17] [-2, -14, 14, -14]
------------------------------
ALIVE
Head: (19 54)
Body: (19 54) (19 53) (19 52) (19 51) (18 51) (17 51) (17 50) (17 49) (17 48) 
Length: 9, 4
Vision: 3
Hungry, suplies: 7/10
Reproductive: 16, mutating: 0.25
Generation: 17333
####################################
Wall (up, right, down, left):
[0, -10, -12, -5] [9, 13, 3, 2] [-7, -2, 5, -7] [14, 20, 0, 4] [-11, 14, 11, -17] [-6, 0, 7, -9] [-9, -4, 8, 3]
[8, 5, -5, -1] [13, 13, 12, 2] [-15, -1, 4, 12] [-24, 11, 3, 14] [17, 1, 3, 1] [-17, 13, 16, 0] [-14, -15, 13, 5]
[-3, 9, 16, -7] [2, 15, -4, 19] [3, 1, 10, -6] [-40, 4, 28, 14] [-35, -17, -18, 16] [3, -19, 6, 22] [-20, 2, -2, 7]
[-2, -12, 5, -30] [7, 8, 8, -16] [7, 17, 9, -72] [0, 0, 0, 0] [12, -64, 9, 1] [13, -11, -4, 16] [7, -5, 2, -5]
[-15, -9, -20, -14] [7, 26, -1, 12] [-10, 12, -13, -2] [20, 11, -47, 16] [6, -6, -4, 32] [17, 11, -10, 20] [-1, -16, 9, 5]
[14, 26, -15, -3] [-15, -8, -8, -23] [16, 5, 8, -5] [2, -1, -19, -2] [15, 7, 4, 10] [22, 4, -4, 3] [21, -2, -6, 13]
[3, -15, -11, -6] [9, -9, -2, -9] [-14, -15, -2, 1] [-7, 17, -12, 4] [25, 12, 9, -1] [21, 3, -9, 1] [7, 5, 12, -2]
Food (up, right, down, left):
[28, 13, -13, 16] [-6, 9, -11, -13] [3, -9, -23, 11] [-7, -8, 34, -1] [-7, 14, 4, 27] [5, -16, 2, -4] [-22, 7, 10, -24]
[-34, -15, -9, -9] [-7, -7, 10, -6] [15, 9, 7, 28] [-15, 13, -14, 15] [8, -16, 11, -23] [19, -7, -10, 17] [-13, -9, -5, 3]
[-14, 23, 3, -12] [-11, 3, 13, -15] [-10, -29, -14, -3] [16, -20, 17, -18] [-11, -8, 8, -18] [6, -4, -19, -6] [11, 10, 14, 20]
[-2, -5, 19, 22] [-23, -7, -23, 12] [-3, 14, -29, -13] [0, 0, 0, 0] [-31, 19, -7, 1] [-11, -5, -21, -3] [1, 0, -18, 1]
[5, 6, 6, 7] [-9, 3, 17, 9] [4, -6, 23, 4] [-20, -16, 20, -8] [-7, -15, 7, -20] [-10, 26, 14, 8] [5, 3, 0, -36]
[-7, -1, 13, 2] [24, -9, 20, 18] [4, 14, -5, 14] [-12, -15, 5, -13] [-27, -4, -1, -11] [-13, 15, -7, 17] [6, 25, -20, 7]
[2, -14, -11, -14] [10, -2, 11, -6] [7, 1, 4, 9] [0, -14, 27, -34] [26, 19, -16, 3] [12, 12, 22, 17] [-2, -14, 14, -14]
------------------------------
ALIVE
Head: (0 18)
Body: (0 18) (25 19) (24 19) (24 20) (23 20) (22 20) (21 20) (20 20) (19 20) (19 21) (19 22) (18 22) (17 22) 
Length: 13, 4
Vision: 3
Hungry, suplies: 7/10
Reproductive: 16, mutating: 0.25
Generation: 17328
####################################
Wall (up, right, down, left):
[0, -10, -12, -5] [9, 12, 1, 2] [-7, -2, 5, -7] [14, 20, 0, 4] [-11, 14, 11, -17] [-6, 0, 7, -9] [-9, -4, 8, 3]
[4, 5, -5, -1] [13, 13, 12, 2] [-15, -1, 4, 12] [-24, 11, 3, 14] [17, 1, 3, 1] [-17, 13, 16, 0] [-14, -15, 13, 5]
[-3, 9, 16, -7] [2, 15, -4, 19] [3, 1, 10, -6] [-40, 4, 28, 14] [-35, -17, -18, 16] [3, -19, 6, 27] [-20, 2, -2, 5]
[-2, -12, 5, -30] [7, 8, 8, -16] [7, 17, 9, -72] [0, 0, 0, 0] [12, -64, 9, 1] [13, -11, -4, 16] [9, -5, 2, -5]
[-15, -9, -20, -14] [7, 26, -1, 12] [-7, 12, -13, -2] [20, 11, -47, 16] [6, -6, -4, 32] [17, 11, -10, 20] [-1, -16, 9, 5]
[14, 26, -10, -3] [-15, -8, -8, -23] [16, 6, 8, -5] [2, -1, -19, -2] [15, 7, 4, 10] [22, 4, -4, 3] [21, -2, -6, 13]
[3, -15, -11, -6] [9, -9, -2, -9] [-14, -15, -2, 1] [-7, 17, -12, 4] [25, 12, 9, -1] [21, 3, -9, 1] [7, 5, 12, -2]
Food (up, right, down, left):
[28, 13, -13, 16] [-6, 9, -11, -13] [3, -9, -23, 11] [-7, -8, 34, -1] [-7, 13, 4, 27] [5, -19, 2, -4] [-22, 7, 10, -24]
[-36, -15, -9, -9] [-7, -7, 10, -6] [15, 9, 7, 28] [-15, 13, -14, 15] [8, -16, 11, -23] [19, -7, -10, 17] [-13, -9, -5, 3]
[-14, 23, 3, -12] [-11, 3, 13, -15] [-10, -29, -14, -3] [16, -20, 17, -18] [-11, -8, 8, -18] [6, -1, -19, -6] [10, 10, 14, 20]
[-2, -5, 19, 22] [-23, -7, -23, 12] [-3, 14, -29, -13] [0, 0, 0, 0] [-31, 19, -7, 1] [-11, -5, -21, -3] [1, -1, -18, 1]
[5, 6, 6, 7] [-9, 3, 17, 9] [4, -6, 24, 4] [-20, -16, 20, -8] [-7, -15, 7, -20] [-10, 26, 14, 8] [5, 3, 0, -36]
[-7, -1, 13, -1] [24, -9, 20, 18] [4, 9, -5, 14] [-12, -15, 5, -13] [-27, -4, -1, -11] [-13, 15, -7, 17] [6, 25, -20, 7]
[2, -14, -11, -14] [10, -2, 11, -6] [7, 1, 4, 9] [0, -14, 27, -34] [26, 19, -16, 3] [12, 12, 22, 17] [-2, -14, 14, -14]
------------------------------
ALIVE
Head: (22 28)
Body: (22 28) (22 27) (22 26) (22 25) (23 25) (24 25) (24 24) (24 23) (-1 22) (0 22) (1 22) (1 23) (1 24) (2 24) (2 23) 
Length: 15, 4
Vision: 3
Hungry, suplies: 3/10
Reproductive: 16, mutating: 0.25
Generation: 17336
####################################
Wall (up, right, down, left):
[0, -10, -12, -5] [9, 12, 1, 2] [-7, -2, 5, -7] [14, 20, 0, 4] [-11, 14, 11, -17] [-6, 0, 7, -9] [-9, -4, 8, 3]
[4, 5, -5, -1] [13, 13, 12, 2] [-15, -1, 4, 12] [-24, 11, 3, 14] [17, 1, 3, 1] [-17, 13, 16, 0] [-14, -15, 13, 5]
[-3, 9, 16, -7] [2, 15, -4, 19] [3, 1, 10, -6] [-40, 4, 28, 14] [-35, -17, -18, 16] [3, -19, 6, 27] [-20, 2, -2, 5]
[-2, -12, 5, -30] [7, 8, 8, -16] [7, 17, 9, -72] [0, 0, 0, 0] [12, -64, 9, 1] [13, -11, -4, 16] [9, -5, 2, -5]
[-15, -9, -20, -14] [7, 26, -1, 12] [-7, 12, -13, -2] [20, 11, -47, 16] [6, -6, -4, 32] [17, 11, -10, 20] [-1, -16, 9, 5]
[14, 26, -10, -3] [-15, -8, -8, -23] [16, 6, 8, -5] [2, -1, -19, -2] [15, 7, 4, 10] [22, 4, -4, 3] [21, -2, -6, 13]
[3, -15, -11, -6] [9, -9, -2, -9] [-14, -15, -2, 1] [-7, 17, -12, 4] [25, 12, 9, -1] [21, 3, -9, 1] [7, 5, 12, -2]
Food (up, right, down, left):
[28, 13, -13, 16] [-6, 9, -11, -13] [3, -9, -23, 11] [-7, -8, 34, -1] [-7, 13, 4, 27] [5, -19, 2, -4] [-22, 7, 10, -24]
[-36, -15, -9, -9] [-7, -7, 10, -6] [15, 9, 7, 28] [-15, 13, -14, 15] [8, -16, 11, -23] [19, -7, -10, 17] [-13, -9, -5, 3]
[-14, 23, 3, -12] [-11, 3, 13, -15] [-10, -29, -14, -3] [16, -20, 17, -18] [-11, -8, 8, -18] [6, -1, -19, -6] [10, 10, 14, 20]
[-2, -5, 19, 22] [-23, -7, -23, 12] [-3, 14, -29, -13] [0, 0, 0, 0] [-31, 19, -7, 1] [-11, -5, -21, -3] [1, -1, -18, 1]
[5, 6, 6, 7] [-9, 3, 17, 9] [4, -6, 24, 4] [-20, -16, 20, -8] [-7, -15, 7, -20] [-10, 26, 14, 8] [5, 3, 0, -36]
[-7, -1, 13, -1] [24, -9, 20, 18] [4, 9, -5, 14] [-12, -15, 5, -13] [-27, -4, -1, -11] [-13, 15, -7, 17] [6, 25, -20, 7]
[2, -14, -11, -14] [10, -2, 11, -6] [7, 1, 4, 9] [0, -14, 27, -34] [26, 19, -16, 3] [12, 12, 22, 17] [-2, -14, 14, -14]
------------------------------
ALIVE
Head: (13 38)
Body: (13 38) (12 38) (12 37) (12 36) (13 36) (14 36) (15 36) (15 37) (15 38) 
Length: 9, 4
Vision: 3
Hungry, suplies: 5/10
Reproductive: 16, mutating: 0.25
Generation: 17336
####################################
Wall (up, right, down, left):
[0, -10, -12, -5] [9, 13, 3, 2] [-7, -2, 5, -7] [14, 20, 0, 4] [-11, 14, 11, -17] [-6, 0, 7, -9] [-9, -4, 8, 3]
[8, 5, -5, -1] [13, 13, 12, 2] [-15, -1, 4, 12] [-24, 11, 3, 14] [17, 1, 3, 1] [-17, 13, 16, 0] [-14, -15, 13, 5]
[-3, 9, 16, -7] [2, 15, -4, 19] [3, 1, 10, -6] [-40, 4, 28, 14] [-35, -17, -18, 16] [3, -19, 6, 22] [-20, 2, -2, 7]
[-2, -12, 5, -30] [7, 8, 8, -16] [7, 17, 9, -72] [0, 0, 0, 0] [12, -64, 9, 1] [13, -11, -4, 16] [7, -5, 2, -5]
[-15, -9, -20, -14] [7, 26, -1, 12] [-10, 12, -13, -2] [20, 11, -47, 16] [6, -6, -4, 32] [17, 11, -10, 20] [-1, -16, 9, 5]
[14, 26, -10, -3] [-15, -8, -8, -23] [16, 6, 8, -5] [2, -1, -19, -2] [15, 7, 4, 10] [22, 4, -4, 3] [21, -2, -6, 13]
[3, -15, -11, -6] [9, -9, -2, -9] [-14, -15, -2, 1] [-7, 17, -12, 4] [25, 12, 9, -6] [21, 3, -9, 1] [7, 5, 12, -2]
Food (up, right, down, left):
[28, 13, -13, 16] [-6, 9, -11, -13] [3, -9, -23, 11] [-7, -8, 34, -1] [-7, 14, 4, 27] [5, -19, 2, -4] [-22, 7, 10, -24]
[-34, -15, -9, -9] [-7, -7, 10, -6] [15, 9, 7, 28] [-15, 13, -14, 15] [8, -16, 11, -23] [19, -7, -10, 17] [-13, -9, -5, 3]
[-14, 23, 3, -12] [-11, 3, 13, -15] [-10, -29, -14, -3] [16, -20, 17, -18] [-11, -8, 8, -18] [6, -4, -19, -6] [11, 10, 14, 20]
[-2, -5, 19, 22] [-23, -7, -23, 12] [-3, 14, -29, -13] [0, 0, 0, 0] [-31, 19, -7, 1] [-11, -5, -21, -3] [1, 0, -18, 1]
[5, 6, 6, 7] [-9, 3, 17, 9] [4, -6, 23, 4] [-20, -16, 20, -8] [-7, -15, 7, -20] [-10, 26, 14, 8] [5, 3, 0, -36]
[-7, -1, 13, -1] [24, -9, 20, 18] [4, 9, -5, 14] [-12, -15, 5, -13] [-27, -4, -1, -11] [-13, 15, -7, 17] [6, 25, -20, 7]
[2, -14, -11, -14] [10, -2, 11, -6] [7, 1, 4, 9] [0, -14, 27, -34] [25, 19, -16, 3] [12, 12, 22, 17] [-2, -14, 14, -14]
------------------------------
ALIVE
Head: (14 53)
Body: (14 53) (13 53) (12 53) (12 52) (11 52) (10 52) (9 52) (8 52) (7 52) (6 52) (5 52) (5 53) 
Length: 12, 4
Vision: 3
Hungry, suplies: 3/10
Reproductive: 16, mutating: 0.25
Generation: 17326
####################################
Wall (up, right, down, left):
[0, -10, -12, -5] [9, 13, 3, 2] [-7, -2, 5, -7] [14, 20, 0, 4] [-11, 14, 11, -17] [-6, 0, 7, -9] [-9, -4, 8, 3]
[8, 5, -5, -1] [13, 13, 12, 2] [-15, -1, 4, 12] [-24, 11, 3, 14] [17, 1, 3, 1] [-17, 13, 16, 0] [-14, -15, 13, 5]
[-3, 9, 16, -7] [2, 15, -4, 19] [3, 1, 10, -6] [-40, 4, 28, 14] [-35, -17, -18, 16] [3, -19, 6, 22] [-20, 2, -2, 7]
[-2, -12, 5, -30] [7, 8, 8, -16] [7, 17, 9, -72] [0, 0, 0, 0] [12, -64, 9, 1] [13, -11, -4, 16] [7, -5, 2, -5]
[-15, -9, -20, -14] [7, 26, -1, 12] [-10, 12, -13, -2] [20, 11, -47, 16] [6, -6, -4, 32] [17, 11, -10, 20] [-1, -16, 9, 5]
[14, 26, -15, -3] [-15, -8, -8, -23] [16, 5, 3, -5] [2, -1, -19, -2] [15, 7, 4, 10] [22, 4, -4, 3] [21, -2, -6, 13]
[3, -15, -11, -6] [9, -9, -2, -9] [-14, -15, -2, 1] [-7, 17, -12, 4] [25, 12, 9, -1] [21, 3, -9, 1] [7, 5, 12, -2]
Food (up, right, down, left):
[28, 13, -13, 16] [-6, 9, -11, -13] [3, -9, -23, 11] [-7, -8, 34, -1] [-7, 14, 4, 27] [5, -16, 2, -4] [-22, 7, 10, -24]
[-34, -15, -9, -9] [-7, -7, 10, -6] [15, 9, 7, 28] [-15, 13, -14, 15] [8, -16, 11, -23] [19, -7, -10, 17] [-13, -9, -5, 3]
[-14, 23, 3, -12] [-11, 3, 13, -15] [-10, -29, -14, -3] [16, -20, 17, -18] [-11, -8, 8, -18] [6, -4, -19, -6] [11, 10, 14, 20]
[-2, -5, 19, 22] [-23, -7, -23, 12] [-3, 14, -29, -13] [0, 0, 0, 0] [-31, 19, -7, 1] [-11, -5, -21, -3] [1, 0, -18, 1]
[5, 6, 6, 7] [-9, 3, 17, 9] [4, -6, 23, 4] [-20, -16, 20, -8] [-7, -15, 7, -20] [-10, 26, 14, 8] [5, 3, 0, -36]
[-7, -1, 13, 2] [24, -9, 20, 18] [4, 19, -5, 14] [-12, -15, 5, -13] [-27, -4, -1, -11] [-13, 15, -7, 17] [6, 25, -20, 7]
[2, -14, -11, -14] [10, -2, 11, -6] [7, 1, 4, 9] [0, -14, 27, -34] [26, 19, -16, 3] [12, 12, 22, 17] [-2, -14, 14, -14]
------------------------------
ALIVE
Head: (20 37)
Body: (20 37) (20 38) (21 38) (21 37) (22 37) (23 37) (-1 37) (0 37) (0 38) (0 39) (1 39) (1 40) (2 40) 
Length: 13, 4
Vision: 3
Hungry, suplies: 9/10
Reproductive: 16, mutating: 0.25
Generation: 17329
####################################
Wall (up, right, down, left):
[0, -10, -12, -5] [9, 13, 3, 2] [-7, -2, 5, -7] [14, 20, 0, 4] [-11, 14, 11, -13] [-6, 0, 7, -9] [-9, -4, 8, 3]
[8, 5, -5, -1] [13, 13, 12, 2] [-15, -1, 4, 12] [-24, 11, 3, 14] [17, 1, 3, 1] [-17, 13, 16, 0] [-14, -15, 13, 5]
[-3, 9, 16, -7] [2, 15, -4, 19] [7, 1, 10, -6] [-40, 4, 28, 14] [-35, -17, -18, 16] [3, -19, 6, 22] [-24, 2, -2, 5]
[-2, -12, 5, -30] [7, 8, 8, -16] [7, 17, 9, -72] [0, 0, 0, 0] [12, -64, 9, 1] [13, -11, -4, 16] [9, -5, 2, -5]
[-15, -9, -20, -14] [7, 26, -1, 12] [-10, 12, -13, 2] [20, 11, -47, 16] [6, -6, -4, 32] [17, 11, -10, 20] [-1, -16, 9, 5]
[14, 26, -10, -3] [-15, -8, -8, -23] [16, 6, 8, -5] [2, -1, -19, -2] [15, 7, 4, 10] [22, 4, -4, 3] [21, -2, -6, 13]
[3, -15, -11, -6] [9, -9, -2, -9] [-14, -15, -2, 1] [-7, 17, -12, 4] [25, 12, 9, -1] [21, 3, -9, 1] [7, 5, 12, -2]
Food (up, right, down, left):
[28, 13, -13, 16] [-6, 9, -11, -13] [3, -9, -23, 11] [-7, -8, 34, -1] [-6, 13, 4, 27] [5, -19, 2, -4] [-22, 7, 10, -24]
[-34, -15, -9, -9] [-7, -7, 10, -6] [15, 9, 7, 28] [-15, 13, -14, 15] [8, -16, 11, -23] [19, -7, -10, 17] [-13, -9, -5, 3]
[-14, 23, 3, -12] [-11, 3, 13, -15] [-10, -29, -14, -4] [16, -20, 17, -18] [-11, -8, 8, -18] [6, -4, -19, -6] [13, 10, 14, 20]
[-2, -5, 19, 22] [-23, -7, -23, 12] [-3, 14, -29, -13] [0, 0, 0, 0] [-31, 19, -7, 1] [-11, -5, -21, -3] [1, -1, -18, 1]
[5, 6, 6, 7] [-9, 3, 17, 9] [4, -11, 23, 4] [-20, -16, 20, -8] [-7, -15, 7, -20] [-10, 26, 14, 8] [5, 3, 0, -36]
[-7, -1, 13, -1] [24, -9, 20, 18] [4, 9, -5, 14] [-12, -15, 5, -13] [-27, -4, -1, -11] [-13, 15, -7, 17] [6, 25, -20, 7]
[2, -14, -11, -14] [10, -2, 11, -6] [7, 1, 4, 9] [0, -14, 27, -34] [26, 19, -16, 3] [12, 12, 22, 17] [-2, -14, 14, -14]
------------------------------
ALIVE
Head: (8 44)
Body: (8 44) (8 43) (8 42) (7 42) (6 42) (6 41) (7 41) (8 41) 
Length: 8, 4
Vision: 3
Hungry, suplies: 1/10
Reproductive: 16, mutating: 0.25
Generation: 17331
####################################
Wall (up, right, down, left):
[0, -10, -12, -5] [9, 13, 3, 2] [-7, -2, 5, -7] [14, 20, 0, 4] [-11, 14, 11, -17] [-6, 0, 7, -9] [-9, -4, 8, 3]
[8, 5, -5, -1] [13, 13, 12, 2] [-15, -1, 4, 12] [-24, 11, 3, 14] [17, 1, 3, 1] [-17, 13, 16, 0] [-14, -15, 13, 5]
[-3, 9, 16, -7] [2, 15, -4, 19] [3, 1, 10, -6] [-40, 4, 28, 14] [-35, -17, -18, 16] [3, -19, 6, 22] [-20, 2, -2, 7]
[-2, -12, 5, -30] [7, 8, 8, -16] [7, 17, 9, -72] [0, 0, 0, 0] [12, -64, 9, 1] [13, -11, -4, 16] [7, -5, 2, -5]
[-15, -9, -20, -14] [7, 26, -1, 12] [-10, 12, -13, -2] [20, 11, -47, 16] [6, -6, -4, 32] [17, 11, -10, 20] [-1, -16, 9, 5]
[14, 26, -15, -3] [-15, -8, -8, -23] [16, 5, 8, -5] [2, -1, -19, -2] [15, 7, 4, 10] [22, 4, -4, 3] [21, -2, -6, 13]
[3, -15, -11, -6] [9, -9, -2, -9] [-14, -15, -2, 1] [-7, 17, -12, 4] [25, 12, 9, -1] [21, 3, -9, 1] [7, 5, 12, -2]
Food (up, right, down, left):
[28, 13, -13, 16] [-6, 9, -11, -13] [3, -9, -23, 11] [-7, -8, 34, -1] [-7, 14, 4, 27] [5, -16, 2, -4] [-22, 7, 10, -24]
[-34, -15, -9, -9] [-7, -7, 10, -6] [15, 9, 7, 28] [-15, 13, -14, 15] [8, -16, 11, -23] [19, -7, -10, 17] [-13, -9, -5, 3]
[-14, 23, 3, -12] [-11, 3, 13, -15] [-10, -29, -14, -3] [16, -20, 17, -18] [-11, -8, 8, -18] [6, -4, -19, -6] [11, 10, 14, 20]
[-2, -5, 19, 22] [-23, -7, -23, 12] [-3, 14, -29, -13] [0, 0, 0, 0] [-31, 19, -7, 1] [-11, -5, -21, -3] [1, 0, -18, 1]
[5, 6, 6, 7] [-9, 3, 17, 9] [4, -6, 23, 4] [-20, -16, 20, -8] [-7, -15, 7, -20] [-10, 26, 14, 8] [5, 3, 0, -36]
[-7, -1, 13, 2] [24, -9, 20, 18] [4, 14, -5, 14] [-12, -15, 5, -13] [-27, -4, -1, -11] [-13, 15, -7, 17] [6, 25, -20, 7]
[2, -14, -11, -14] [10, -2, 11, -6] [7, 1, 4, 9] [0, -14, 27, -34] [26, 19, -16, 3] [12, 12, 22, 17] [-2, -14, 14, -14]
------------------------------
ALIVE
Head: (21 17)
Body: (21 17) (20 17) (19 17) (18 17) (17 17) (16 17) (16 18) (15 18) (15 19) (14 19) (14 20) (15 20) (16 20) (16 21) 
Length: 14, 4
Vision: 3
Hungry, suplies: 10/10
Reproductive: 16, mutating: 0.25
Generation: 17330
####################################
Wall (up, right, down, left):
[0, -10, -12, -5] [9, 13, 3, 2] [-7, -2, 5, -7] [14, 20, 0, 4] [-11, 14, 11, -17] [-6, 0, 7, -9] [-9, -4, 8, 3]
[8, 5, -5, -1] [13, 13, 12, 2] [-15, -1, 4, 12] [-24, 11, 3, 14] [17, 1, 3, 1] [-17, 13, 16, 0] [-14, -15, 13, 5]
[-3, 9, 16, -7] [2, 15, -4, 19] [3, 6, 10, -6] [-40, 4, 28, 14] [-35, -17, -18, 16] [3, -19, 6, 22] [-20, 2, -2, 7]
[-2, -12, 5, -30] [7, 8, 8, -16] [7, 17, 9, -72] [0, 0, 0, 0] [12, -64, 9, 1] [13, -11, -4, 16] [7, -5, 2, -5]
[-15, -9, -20, -14] [7, 26, -1, 12] [-10, 12, -13, -2] [20, 11, -47, 16] [6, -8, -4, 32] [17, 11, -10, 20] [-1, -16, 9, 5]
[14, 26, -10, -3] [-15, -8, -8, -23] [16, 6, 8, -5] [2, -1, -19, -2] [15, 7, 4, 10] [22, 4, -4, 3] [21, -2, -6, 13]
[3, -15, -11, -6] [9, -9, -2, -9] [-14, -15, -2, 1] [-7, 17, -12, 4] [25, 12, 9, -6] [21, 3, -9, 1] [7, 5, 12, -2]
Food (up, right, down, left):
[28, 13, -13, 16] [-6, 9, -11, -13] [3, -9, -23, 11] [-7, -8, 34, -1] [-7, 14, 4, 27] [5, -19, 2, -4] [-22, 7, 10, -24]
[-34, -15, -9, -9] [-7, -7, 10, -6] [15, 9, 7, 28] [-15, 13, -14, 15] [8, -16, 11, -23] [19, -7, -10, 17] [-13, -9, -5, 3]
[-14, 23, 3, -12] [-11, 3, 13, -15] [-10, -25, -14, -3] [16, -20, 17, -18] [-11, -8, 8, -18] [6, -4, -19, -6] [11, 10, 14, 20]
[-2, -5, 19, 22] [-23, -7, -23, 12] [-3, 14, -29, -13] [0, 0, 0, 0] [-31, 19, -7, 1] [-11, -5, -21, -3] [1, 0, -18, 1]
[5, 6, 6, 7] [-9, 3, 17, 9] [4, -6, 23, 4] [-20, -16, 20, -8] [-7, -11, 7, -20] [-10, 26, 14, 8] [5, 3, 0, -36]
[-7, -1, 13, -1] [24, -9, 20, 18] [4, 9, -5, 14] [-12, -15, 5, -13] [-27, -4, -1, -11] [-13, 15, -7, 17] [6, 25, -20, 7]
[2, -14, -11, -14] [10, -2, 11, -6] [7, 1, 4, 9] [0, -14, 27, -34] [25, 19, -16, 3] [12, 12, 22, 17] [-2, -14, 14, -14]
------------------------------
ALIVE
Head: (2 54)
Body: (2 54) (2 53) (2 52) (3 52) (3 51) (2 51) (2 50) (2 49) (2 48) (1 48) 
Length: 10, 4
Vision: 3
Hungry, suplies: 7/10
Reproductive: 16, mutating: 0.25
Generation: 17332
####################################
Wall (up, right, down, left):
[0, -10, -12, -5] [9, 13, 3, 2] [-7, -2, 5, -7] [14, 20, 0, 4] [-11, 14, 11, -17] [-6, 0, 7, -9] [-9, -4, 8, 3]
[8, 5, -5, -1] [13, 13, 12, 2] [-15, -1, 4, 12] [-24, 11, 3, 14] [17, 1, 3, 1] [-17, 13, 16, 0] [-14, -15, 13, 5]
[-3, 9, 16, -7] [2, 15, -4, 19] [3, 1, 10, -6] [-40, 4, 28, 14] [-35, -17, -18, 16] [3, -19, 6, 22] [-20, 2, -2, 7]
[-2, -12, 5, -30] [7, 8, 8, -16] [7, 17, 9, -72] [0, 0, 0, 0] [12, -64, 9, 1] [13, -11, -4, 16] [7, -5, 2, -5]
[-15, -9, -20, -14] [7, 26, -1, 12] [-10, 12, -13, -2] [20, 11, -47, 16] [6, -6, -4, 32] [17, 11, -10, 20] [-1, -16, 9, 5]
[14, 26, -10, -3] [-15, -8, -8, -23] [16, 6, 8, -5] [2, -1, -19, -2] [15, 7, 4, 10] [22, 4, -4, 3] [21, -2, -6, 13]
[3, -15, -11, -6] [9, -9, -2, -9] [-14, -15, -2, 1] [-7, 17, -12, 4] [27, 12, 9, -6] [21, 3, -9, 1] [7, 5, 12, -2]
Food (up, right, down, left):
[28, 13, -13, 16] [-6, 9, -11, -13] [3, -9, -23, 11] [-7, -8, 34, -1] [-7, 14, 4, 27] [5, -19, 2, -4] [-22, 7, 10, -24]
[-34, -15, -9, -9] [-7, -7, 10, -6] [15, 9, 7, 28] [-15, 13, -14, 15] [8, -16, 11, -23] [19, -7, -10, 17] [-13, -9, -5, 3]
[-14, 23, 3, -12] [-11, 3, 13, -15] [-10, -29, -14, -3] [16, -20, 17, -18] [-11, -8, 8, -18] [6, -4, -19, -6] [11, 10, 14, 20]
[-2, -5, 19, 22] [-23, -7, -23, 12] [-3, 14, -29, -13] [0, 0, 0, 0] [-31, 19, -7, 1] [-11, -5, -21, -3] [1, 0, -18, 1]
[5, 6, 6, 7] [-9, 3, 17, 9] [4, -6, 23, 4] [-20, -16, 20, -8] [-7, -15, 7, -20] [-10, 26, 14, 8] [5, 3, 0, -36]
[-7, -1, 13, -1] [24, -9, 20, 18] [4, 9, -5, 14] [-12, -15, 5, -13] [-27, -4, -1, -11] [-13, 15, -7, 17] [6, 25, -20, 7]
[2, -14, -11, -14] [10, -2, 11, -6] [7, 1, 4, 9] [0, -14, 27, -34] [30, 19, -16, 3] [12, 12, 22, 17] [-2, -14, 14, -14]
------------------------------
ALIVE
Head: (9 22)
Body: (9 22) (9 21) (9 20) (9 19) (9 18) (9 17) (10 17) (10 16) (9 16) (8 16) (7 16) (7 15) (6 15) (5 15) (4 15) 
Length: 15, 4
Vision: 3
Hungry, suplies: 10/10
Reproductive: 16, mutating: 0.25
Generation: 17328
####################################
Wall (up, right, down, left):
[0, -10, -12, -5] [9, 12, 1, 2] [-7, -2, 5, -7] [14, 20, 0, 4] [-11, 14, 11, -17] [-6, 0, 7, -9] [-9, -4, 8, 3]
[8, 5, -5, -1] [13, 13, 12, 2] [-15, -1, 4, 12] [-24, 11, 3, 14] [17, 1, 3, 1] [-17, 13, 16, 0] [-14, -15, 13, 5]
[-3, 9, 16, -7] [2, 15, -4, 19] [3, 1, 10, -6] [-40, 4, 28, 14] [-35, -17, -18, 16] [3, -19, 6, 27] [-20, 2, -2, 5]
[-2, -12, 5, -30] [7, 8, 8, -16] [7, 17, 9, -72] [0, 0, 0, 0] [12, -64, 9, 1] [13, -11, -4, 16] [9, -5, 2, -5]
[-15, -9, -20, -14] [7, 26, -1, 12] [-7, 12, -13, -2] [20, 11, -47, 16] [10, -6, -4, 32] [17, 11, -10, 20] [-1, -16, 9, 5]
[14, 26, -10, -3] [-15, -8, -8, -23] [16, 6, 8, -5] [2, -1, -19, -2] [15, 7, 4, 10] [22, 4, -4, 3] [21, -2, -6, 13]
[3, -15, -11, -6] [9, -9, -2, -9] [-14, -15, -2, 1] [-7, 17, -12, 4] [25, 12, 9, -1] [21, 3, -9, 1] [7, 5, 12, -2]
Food (up, right, down, left):
[28, 13, -13, 16] [-6, 9, -11, -13] [3, -9, -23, 11] [-7, -8, 34, -1] [-7, 13, 4, 27] [5, -19, 2, -4] [-22, 7, 10, -24]
[-34, -15, -9, -9] [-7, -7, 10, -6] [15, 9, 7, 28] [-15, 13, -14, 15] [8, -16, 11, -23] [19, -7, -10, 17] [-13, -9, -5, 3]
[-14, 23, 3, -12] [-11, 3, 13, -15] [-10, -29, -14, -3] [16, -20, 17, -18] [-11, -8, 8, -18] [6, -1, -19, -6] [10, 10, 14, 20]
[-2, -5, 19, 22] [-23, -7, -23, 12] [-3, 14, -29, -13] [0, 0, 0, 0] [-31, 19, -7, 1] [-11, -5, -21, -3] [1, -1, -18, 1]
[5, 6, 6, 7] [-9, 3, 17, 9] [4, -6, 24, 4] [-20, -16, 20, -8] [-7, -15, 7, -24] [-10, 26, 14, 8] [5, 3, 0, -36]
[-7, -1, 13, -1] [24, -9, 20, 18] [4, 9, -5, 14] [-12, -15, 5, -13] [-27, -4, -1, -11] [-13, 15, -7, 17] [6, 25, -20, 7]
[2, -14, -11, -14] [10, -2, 11, -6] [7, 1, 4, 9] [0, -14, 27, -34] [26, 19, -16, 3] [12, 12, 22, 17] [-2, -14, 14, -14]
------------------------------
ALIVE
Head: (24 28)
Body: (24 28) (23 28) (23 29) (22 29) (21 29) (21 28) (20 28) (19 28) (19 27) (18 27) (17 27) (16 27) 
Length: 12, 4
Vision: 3
Hungry, suplies: 10/10
Reproductive: 16, mutating: 0.25
Generation: 17333
####################################
Wall (up, right, down, left):
[0, -10, -16, -5] [9, 12, 1, 2] [-7, -2, 5, -7] [14, 20, 0, 4] [-11, 14, 11, -17] [-6, 0, 7, -9] [-9, -4, 8, 3]
[4, 5, -5, -1] [13, 13, 12, 2] [-15, -1, 4, 12] [-24, 11, 3, 14] [17, 1, 3, 1] [-17, 13, 16, 0] [-14, -15, 13, 5]
[-3, 9, 16, -7] [2, 15, -4, 19] [3, 1, 10, -6] [-40, 4, 28, 14] [-35, -17, -18, 16] [3, -19, 6, 27] [-20, 2, -2, 5]
[-2, -12, 5, -30] [7, 8, 8, -16] [7, 17, 9, -72] [0, 0, 0, 0] [12, -64, 9, 1] [13, -11, -4, 16] [9, -5, 2, -5]
[-15, -9, -20, -14] [7, 26, -1, 12] [-7, 12, -13, -2] [20, 11, -47, 16] [6, -6, -4, 32] [17, 11, -10, 20] [-1, -16, 9, 5]
[14, 26, -10, -3] [-15, -8, -8, -23] [16, 6, 8, -5] [2, -1, -19, -2] [15, 7, 4, 10] [22, 4, -4, 3] [21, -2, -6, 13]
[3, -15, -11, -6] [9, -9, -2, -9] [-14, -15, -2, 1] [-7, 17, -12, 4] [25, 12, 9, -1] [21, 3, -9, 1] [7, 5, 12, -2]
Food (up, right, down, left):
[28, 13, -13, 16] [-6, 9, -11, -13] [3, -9, -23, 11] [-7, -8, 34, -1] [-7, 13, 4, 27] [5, -19, 2, -4] [-22, 7, 10, -24]
[-36, -15, -9, -9] [-7, -7, 10, -6] [15, 9, 7, 28] [-15, 13, -14, 15] [8, -16, 11, -23] [19, -7, -10, 17] [-13, -9, -5, 3]
[-14, 23, 3, -12] [-11, 3, 13, -15] [-10, -29, -14, -3] [16, -20, 17, -18] [-11, -8, 8, -18] [6, -1, -19, -6] [10, 10, 14, 20]
[-2, -5, 19, 22] [-23, -7, -23, 12] [-3, 14, -29, -13] [0, 0, 0, 0] [-31, 19, -7, 1] [-11, -5, -21, -3] [1, -1, -18, 1]
[5, 6, 6, 7] [-9, 3, 17, 9] [4, -6, 24, 4] [-20, -16, 20, -8] [-7, -15, 7, -20] [-10, 26, 14, 8] [5, 3, 0, -36]
[-7, -1, 13, -1] [24, -9, 20, 18] [4, 9, -5, 14] [-12, -15, 5, -13] [-27, -4, -1, -11] [-13, 15, -7, 17] [6, 25, -20, 7]
[2, -14, -11, -14] [10, -2, 11, -6] [7, 1, 4, 9] [0, -14, 27, -34] [26, 19, -16, 3] [12, 12, 22, 17] [-2, -14, 14, -14]
------------------------------
ALIVE
Head: (13 49)
Body: (13 49) (13 48) (13 47) (13 46) (14 46) (15 46) (16 46) (16 45) (16 44) (16 43) (16 42) (16 41) (15 41) (15 42) 
Length: 14, 4
Vision: 3
Hungry, suplies: 9/10
Reproductive: 16, mutating: 0.25
Generation: 17337
####################################
Wall (up, right, down, left):
[0, -10, -12, -5] [9, 12, 1, 2] [-7, -2, 5, -7] [14, 20, 0, 4] [-11, 14, 11, -17] [-6, 0, 7, -9] [-9, -4, 8, 3]
[4, 5, -5, -1] [13, 13, 12, 2] [-15, -1, 4, 12] [-24, 11, 3, 14] [17, 1, 3, 1] [-17, 13, 16, 0] [-14, -15, 13, 5]
[-3, 9, 16, -7] [2, 15, -4, 19] [3, 1, 10, -6] [-40, 4, 28, 14] [-35, -17, -18, 16] [3, -19, 6, 27] [-20, 2, -2, 5]
[-2, -12, 5, -30] [7, 8, 8, -16] [7, 17, 9, -72] [0, 0, 0, 0] [12, -64, 9, 1] [13, -11, -4, 16] [9, -5, 2, -5]
[-15, -9, -20, -14] [7, 26, -1, 12] [-7, 12, -13, -2] [20, 11, -47, 16] [6, -6, -4, 32] [17, 11, -10, 20] [-1, -16, 9, 5]
[14, 26, -10, -3] [-15, -8, -8, -23] [16, 3, 8, -5] [2, -1, -19, -2] [15, 7, 4, 10] [22, 4, -4, 3] [21, -2, -6, 13]
[3, -15, -11, -6] [9, -9, -2, -9] [-14, -15, -2, 1] [-7, 17, -12, 4] [25, 12, 9, -1] [21, 3, -9, 1] [7, 5, 12, -2]
Food (up, right, down, left):
[28, 13, -13, 16] [-6, 9, -11, -13] [3, -9, -23, 11] [-7, -8, 34, -1] [-7, 13, 4, 27] [5, -19, 2, -4] [-22, 7, 10, -24]
[-36, -15, -9, -9] [-7, -7, 10, -6] [15, 9, 7, 28] [-15, 13, -14, 15] [8, -16, 11, -23] [19, -7, -10, 17] [-13, -9, -5, 3]
[-14, 23, 3, -12] [-11, 3, 13, -15] [-10, -29, -14, -3] [16, -20, 17, -18] [-11, -8, 8, -18] [6, -1, -19, -6] [10, 10, 14, 20]
[-2, -5, 19, 22] [-23, -7, -23, 12] [-3, 14, -29, -13] [0, 0, 0, 0] [-31, 19, -7, 1] [-11, -5, -21, -3] [1, -1, -18, 1]
[5, 6, 6, 7] [-9, 3, 17, 9] [4, -6, 24, 4] [-20, -16, 20, -8] [-7, -15, 7, -20] [-10, 26, 14, 8] [5, 3, 0, -36]
[-7, -1, 13, -1] [24, -9, 20, 18] [1, 9, -5, 14] [-12, -15, 5, -13] [-27, -4, -1, -11] [-13, 15, -7, 17] [6, 25, -20, 7]
[2, -14, -11, -14] [10, -2, 11, -6] [7, 1, 4, 9] [0, -14, 27, -34] [26, 19, -16, 3] [12, 12, 22, 17] [-2, -14, 14, -14]
------------------------------
ALIVE
Head: (16 15)
Body: (16 15) (15 15) (14 15) (14 14) (13 14) (13 13) (13 12) (12 12) (12 11) (12 10) (12 9) (13 9) (14 9) (15 9) (15 10) 
Length: 15, 4
Vision: 3
Hungry, suplies: 9/10
Reproductive: 16, mutating: 0.25
Generation: 17336
####################################
Wall (up, right, down, left):
[0, -10, -12, -5] [9, 12, 1, 2] [-7, -2, 5, -7] [14, 20, 0, 4] [-11, 14, 11, -17] [-6, 0, 7, -9] [-9, -4, 8, 3]
[4, 5, -5, -1] [13, 13, 12, 2] [-15, -1, 4, 12] [-24, 11, 3, 14] [17, 1, 3, 1] [-17, 13, 16, 0] [-14, -15, 13, 5]
[-3, 9, 16, -7] [2, 15, -4, 19] [3, 1, 10, -6] [-40, 4, 28, 14] [-35, -17, -18, 16] [3, -19, 6, 27] [-20, 2, -2, 5]
[-2, -12, 5, -30] [7, 8, 8, -16] [7, 17, 9, -72] [0, 0, 0, 0] [12, -64, 9, 1] [13, -11, -4, 16] [9, -5, 2, -5]
[-15, -9, -20, -14] [7, 26, -1, 12] [-7, 12, -13, -2] [20, 11, -47, 16] [6, -6, -4, 32] [17, 11, -10, 20] [-1, -16, 9, 5]
[14, 26, -10, -3] [-15, -8, -8, -23] [16, 6, 8, -5] [2, -1, -19, -2] [15, 7, 4, 10] [22, 4, -4, 3] [21, -2, -6, 13]
[3, -15, -11, -6] [9, -9, -2, -9] [-14, -15, -2, 1] [-7, 17, -12, 4] [25, 12, 9, -1] [21, 3, -9, 1] [7, 5, 12, -2]
Food (up, right, down, left):
[28, 13, -13, 16] [-6, 9, -11, -13] [3, -9, -23, 11] [-7, -8, 34, -1] [-7, 13, 4, 27] [5, -19, 2, -4] [-22, 7, 10, -24]
[-36, -15, -9, -9] [-7, -7, 10, -6] [15, 9, 7, 28] [-15, 13, -14, 15] [8, -16, 11, -23] [19, -7, -10, 17] [-13, -9, -5, 3]
[-14, 23, 3, -12] [-11, 3, 13, -15] [-10, -29, -14, -3] [16, -20, 17, -18] [-11, -8, 8, -18] [6, -1, -19, -6] [10, 10, 14, 20]
[-2, -5, 19, 22] [-23, -7, -23, 12] [-3, 14, -29, -13] [0, 0, 0, 0] [-31, 19, -7, 1] [-11, -5, -21, -3] [1, -1, -18, 1]
[5, 6, 6, 7] [-9, 3, 17, 9] [4, -6, 24, 4] [-20, -16, 20, -8] [-7, -15, 7, -20] [-10, 26, 14, 8] [5, 3, 0, -36]
[-7, -1, 13, -1] [24, -9, 20, 18] [4, 9, -5, 14] [-12, -15, 5, -13] [-27, -4, -1, -11] [-13, 15, -7, 17] [6, 25, -20, 7]
[2, -14, -11, -14] [10, -2, 11, -6] [7, 1, 4, 9] [0, -14, 27, -34] [26, 19, -16, 3] [12, 12, 22, 17] [-2, -14, 14, -14]
------------------------------
ALIVE
Head: (11 48)
Body: (11 48) (11 47) (11 46) (11 45) (10 45) (10 44) (9 44) (9 43) (10 43) (11 43) (12 43) (12 42) 
Length: 12, 4
Vision: 3
Hungry, suplies: 8/10
Reproductive: 16, mutating: 0.25
Generation: 17335
####################################
Wall (up, right, down, left):
[0, -10, -12, -5] [9, 12, 1, 2] [-7, -2, 5, -7] [14, 20, 0, 4] [-11, 14, 11, -17] [-6, 0, 7, -9] [-9, -4, 8, 3]
[8, 5, -5, -1] [13, 13, 12, 2] [-15, -1, 4, 12] [-24, 11, 3, 14] [17, 1, 3, 1] [-17, 13, 16, 0] [-14, -15, 13, 5]
[-3, 9, 16, -7] [2, 15, -4, 19] [3, 1, 10, -6] [-40, 4, 28, 14] [-35, -17, -18, 16] [3, -19, 6, 27] [-20, 2, -2, 0]
[-2, -12, 5, -30] [7, 8, 8, -16] [7, 17, 9, -72] [0, 0, 0, 0] [12, -64, 9, 1] [13, -11, -4, 16] [9, -5, 2, -5]
[-15, -9, -20, -14] [7, 26, -1, 12] [-7, 12, -13, -2] [20, 11, -47, 16] [6, -6, -4, 32] [17, 11, -10, 20] [-1, -16, 9, 5]
[14, 26, -10, -3] [-15, -8, -8, -23] [16, 6, 8, -5] [2, -1, -19, -2] [15, 7, 4, 10] [22, 4, -4, 3] [21, -2, -6, 13]
[3, -15, -11, -6] [9, -9, -2, -9] [-14, -15, -2, 1] [-7, 17, -12, 4] [25, 12, 9, -1] [21, 3, -9, 1] [7, 5, 12, -2]
Food (up, right, down, left):
[28, 13, -13, 16] [-6, 9, -11, -13] [3, -9, -23, 11] [-7, -8, 34, -1] [-7, 13, 4, 27] [5, -19, 2, -4] [-22, 7, 10, -24]
[-34, -15, -9, -9] [-7, -7, 10, -6] [15, 9, 7, 28] [-15, 13, -14, 15] [8, -16, 11, -23] [19, -7, -10, 17] [-13, -9, -5, 3]
[-14, 23, 3, -12] [-11, 3, 13, -15] [-10, -29, -14, -3] [16, -20, 17, -18] [-11, -8, 8, -18] [6, -1, -19, -6] [10, 10, 15, 20]
[-2, -5, 19, 22] [-23, -7, -23, 12] [-3, 14, -29, -13] [0, 0, 0, 0] [-31, 19, -7, 1] [-11, -5, -21, -3] [1, -1, -18, 1]
[5, 6, 6, 7] [-9, 3, 17, 9] [4, -6, 24, 4] [-20, -16, 20, -8] [-7, -15, 7, -20] [-10, 26, 14, 8] [5, 3, 0, -36]
[-7, -1, 13, -1] [24, -9, 20, 18] [4, 9, -5, 14] [-12, -15, 5, -13] [-27, -4, -1, -11] [-13, 15, -7, 17] [6, 25, -20, 7]
[2, -14, -11, -14] [10, -2, 11, -6] [7, 1, 4, 9] [0, -14, 27, -34] [26, 19, -16, 3] [12, 12, 22, 17] [-2, -14, 14, -14]
------------------------------
ALIVE
Head: (2 45)
Body: (2 45) (2 46) (3 46) (3 47) (3 48) (3 49) (3 50) (4 50) (5 50) (6 50) 
Length: 10, 4
Vision: 3
Hungry, suplies: 4/10
Reproductive: 16, mutating: 0.25
Generation: 17334
####################################
Wall (up, right, down, left):
[0, -10, -12, -5] [9, 12, 1, 2] [-7, -2, 5, -7] [14, 20, 0, 4] [-11, 14, 11, -17] [-6, 0, 7, -9] [-9, -4, 8, 3]
[4, 5, -5, -1] [13, 13, 12, 2] [-15, -1, 4, 12] [-24, 11, 3, 14] [17, 1, 3, 1] [-17, 13, 16, 0] [-14, -15, 13, 5]
[-3, 9, 16, -7] [2, 15, -4, 19] [3, 1, 10, -6] [-40, 4, 28, 14] [-35, -17, -18, 16] [3, -19, 6, 27] [-20, 2, -2, 5]
[-2, -12, 5, -30] [7, 8, 8, -16] [7, 17, 9, -72] [0, 0, 0, 0] [12, -64, 9, 1] [13, -11, -4, 16] [9, -5, 2, -5]
[-15, -9, -20, -14] [7, 26, -1, 12] [-7, 12, -13, -2] [20, 11, -47, 16] [6, -6, -4, 32] [17, 11, -10, 20] [-1, -16, 9, 5]
[14, 26, -10, -3] [-15, -8, -8, -23] [16, 6, 8, -5] [2, -1, -19, -2] [15, 7, 4, 10] [22, 4, -4, 3] [21, -2, -6, 13]
[3, -15, -11, -6] [9, -9, -2, -9] [-14, -15, -2, 1] [-7, 17, -12, 4] [25, 12, 9, -1] [21, 3, -9, 1] [7, 5, 12, -2]
Food (up, right, down, left):
[28, 13, -13, 16] [-6, 9, -11, -13] [3, -9, -23, 11] [-7, -8, 34, -1] [-7, 13, 4, 27] [5, -19, 2, -4] [-22, 7, 10, -24]
[-36, -15, -9, -9] [-7, -7, 10, -6] [15, 9, 7, 28] [-15, 13, -14, 15] [8, -16, 11, -23] [19, -7, -10, 17] [-13, -9, -5, 3]
[-14, 23, 3, -12] [-11, 3, 13, -15] [-10, -29, -14, -3] [16, -20, 17, -18] [-11, -8, 8, -18] [6, -1, -19, -6] [10, 10, 14, 20]
[-2, -5, 19, 22] [-23, -7, -23, 12] [-3, 14, -29, -13] [0, 0, 0, 0] [-31, 19, -7, 1] [-11, -5, -21, -3] [1, -1, -18, 1]
[5, 6, 6, 7] [-9, 3, 17, 9] [4, -6, 24, 4] [-20, -16, 20, -8] [-7, -15, 7, -20] [-10, 26, 14, 8] [5, 3, 0, -36]
[-7, -1, 13, -1] [24, -9, 20, 18] [4, 9, -5, 14] [-12, -15, 5, -13] [-27, -4, -1, -11] [-13, 15, -7, 17] [6, 25, -20, 7]
[2, -14, -11, -14] [10, -2, 11, -6] [7, 1, 4, 9] [0, -14, 27, -34] [26, 19, -16, 3] [12, 12, 22, 17] [-2, -14, 14, -14]
------------------------------
ALIVE
Head: (4 1)
Body: (4 1) (4 2) (4 3) (4 4) (3 4) (3 5) (2 5) (1 5) (25 5) (24 5) (24 4) (24 3) 
Length: 12, 4
Vision: 3
Hungry, suplies: 9/10
Reproductive: 16, mutating: 0.25
Generation: 17337
####################################
Wall (up, right, down, left):
[0, -10, -12, -5] [9, 13, 3, 2] [-7, -2, 5, -7] [14, 20, 0, 4] [-11, 14, 11, -17] [-6, 0, 7, -9] [-9, -4, 8, 3]
[8, 5, -5, -1] [13, 13, 12, 2] [-15, -1, 4, 12] [-24, 11, 3, 14] [17, 1, 3, 1] [-17, 13, 16, 0] [-14, -15, 13, 5]
[-3, 9, 16, -7] [2, 15, -4, 19] [3, 6, 10, -6] [-40, 4, 28, 14] [-35, -17, -18, 16] [3, -19, 6, 22] [-20, 2, -2, 7]
[-2, -12, 5, -30] [7, 8, 8, -16] [7, 17, 9, -72] [0, 0, 0, 0] [12, -64, 9, 1] [13, -11, -4, 16] [7, -5, 2, -5]
[-15, -9, -20, -14] [7, 26, -1, 12] [-10, 12, -13, -2] [20, 11, -47, 16] [6, -8, -4, 32] [17, 11, -10, 20] [-1, -16, 9, 5]
[14, 26, -10, -3] [-15, -8, -8, -23] [16, 6, 8, -5] [2, -1, -19, -2] [15, 7, 4, 10] [22, 4, -4, 3] [21, -2, -6, 13]
[3, -15, -11, -6] [9, -9, -2, -9] [-14, -15, -2, 1] [-7, 17, -12, 4] [25, 12, 9, -6] [21, 3, -9, 1] [7, 5, 12, -2]
Food (up, right, down, left):
[28, 13, -13, 16] [-6, 9, -11, -13] [3, -9, -23, 11] [-7, -8, 34, -1] [-7, 14, 4, 27] [5, -19, 2, -4] [-22, 7, 10, -24]
[-34, -15, -9, -9] [-7, -7, 10, -6] [15, 9, 7, 28] [-15, 13, -14, 15] [8, -16, 11, -23] [19, -7, -10, 17] [-13, -9, -5, 3]
[-14, 23, 3, -12] [-11, 3, 13, -15] [-10, -25, -14, -3] [16, -20, 17, -18] [-11, -8, 8, -18] [6, -4, -19, -6] [11, 10, 14, 20]
[-2, -5, 19, 22] [-23, -7, -23, 12] [-3, 14, -29, -13] [0, 0, 0, 0] [-31, 19, -7, 1] [-11, -5, -21, -3] [1, 0, -18, 1]
[5, 6, 6, 7] [-9, 3, 17, 9] [4, -6, 23, 4] [-20, -16, 20, -8] [-7, -11, 7, -20] [-10, 26, 14, 8] [5, 3, 0, -36]
[-7, -1, 13, -1] [24, -9, 20, 18] [4, 9, -5, 14] [-12, -15, 5, -13] [-27, -4, -1, -11] [-13, 15, -7, 17] [6, 25, -20, 7]
[2, -14, -11, -14] [10, -2, 11, -6] [7, 1, 4, 9] [0, -14, 27, -34] [25, 19, -16, 3] [12, 12, 22, 17] [-2, -14, 14, -14]
------------------------------
ALIVE
Head: (22 55)
Body: (22 55) (22 54) (22 53) (22 52) (23 52) (23 51) (23 50) (22 50) (21 50) (20 50) 
Length: 10, 4
Vision: 3
Hungry, suplies: 1/10
Reproductive: 16, mutating: 0.25
Generation: 17333
####################################
Wall (up, right, down, left):
[0, -10, -12, -5] [9, 13, 3, 2] [-7, -2, 5, -7] [14, 20, 0, 4] [-11, 14, 11, -17] [-6, 0, 7, -9] [-9, -4, 8, 3]
[8, 5, -5, -1] [13, 13, 12, 2] [-15, -1, 4, 12] [-24, 11, 3, 14] [17, 1, 3, 1] [-17, 13, 16, 0] [-14, -15, 13, 5]
[-3, 9, 16, -7] [2, 17, -4, 19] [3, 1, 10, -6] [-40, 4, 28, 14] [-35, -17, -18, 16] [3, -19, 6, 22] [-20, 2, -2, 7]
[-2, -12, 5, -30] [7, 8, 8, -16] [7, 17, 9, -72] [0, 0, 0, 0] [12, -64, 9, 1] [13, -11, -4, 16] [7, -5, 2, -5]
[-15, -9, -20, -14] [7, 26, -1, 12] [-10, 12, -13, -2] [20, 11, -47, 16] [6, -8, -4, 32] [17, 11, -10, 20] [-1, -16, 9, 5]
[14, 26, -10, -3] [-15, -8, -8, -23] [16, 6, 8, -5] [2, -1, -19, -2] [15, 7, 4, 10] [22, 4, -4, 3] [21, -2, -6, 13]
[3, -15, -11, -6] [9, -9, -2, -9] [-14, -15, -2, 1] [-7, 17, -12, 4] [25, 12, 9, -6] [21, 3, -9, 1] [7, 5, 12, -2]
Food (up, right, down, left):
[28, 13, -13, 16] [-6, 9, -11, -13] [3, -9, -23, 11] [-7, -8, 34, -1] [-7, 14, 4, 27] [5, -19, 2, -4] [-22, 7, 10, -24]
[-34, -15, -9, -9] [-7, -7, 10, -6] [15, 9, 7, 28] [-15, 13, -14, 15] [8, -16, 11, -23] [19, -7, -10, 17] [-13, -9, -5, 3]
[-14, 23, 3, -12] [-11, 3, 13, -12] [-10, -29, -14, -3] [16, -20, 17, -18] [-11, -8, 8, -18] [6, -4, -19, -6] [11, 10, 14, 20]
[-2, -5, 19, 22] [-23, -7, -23, 12] [-3, 14, -29, -13] [0, 0, 0, 0] [-31, 19, -7, 1] [-11, -5, -21, -3] [1, 0, -18, 1]
[5, 6, 6, 7] [-9, 3, 17, 9] [4, -6, 23, 4] [-20, -16, 20, -8] [-7, -11, 7, -20] [-10, 26, 14, 8] [5, 3, 0, -36]
[-7, -1, 13, -1] [24, -9, 20, 18] [4, 9, -5, 14] [-12, -15, 5, -13] [-27, -4, -1, -11] [-13, 15, -7, 17] [6, 25, -20, 7]
[2, -14, -11, -14] [10, -2, 11, -6] [7, 1, 4, 9] [0, -14, 27, -34] [25, 19, -16, 3] [12, 12, 22, 17] [-2, -14, 14, -14]
------------------------------
ALIVE
Head: (12 18)
Body: (12 18) (12 17) (12 16) (12 15) (12 14) (11 14) (11 13) (11 12) 
Length: 8, 4
Vision: 3
Hungry, suplies: 8/10
Reproductive: 16, mutating: 0.25
Generation: 17331
####################################
Wall (up, right, down, left):
[0, -10, -12, -5] [9, 12, 1, 2] [-7, -2, 5, -7] [14, 20, 0, 4] [-11, 14, 11, -17] [-6, 0, 7, -9] [-9, -4, 8, 3]
[8, 5, -5, -1] [13, 13, 12, 2] [-15, -1, 4, 12] [-24, 11, 3, 14] [17, 1, 3, -1] [-17, 13, 16, 0] [-14, -15, 13, 5]
[-3, 9, 16, -7] [2, 15, -4, 19] [3, 1, 10, -6] [-40, 4, 28, 14] [-35, -17, -18, 16] [3, -19, 6, 22] [-20, 2, -2, 5]
[-2, -12, 5, -30] [7, 8, 8, -16] [7, 17, 9, -72] [0, 0, 0, 0] [12, -64, 9, 1] [13, -11, -4, 16] [9, -5, 2, -5]
[-15, -9, -20, -14] [7, 26, -1, 12] [-7, 12, -13, -2] [20, 11, -47, 16] [6, -6, -4, 32] [17, 11, -10, 20] [-1, -16, 9, 5]
[14, 26, -10, -3] [-15, -8, -8, -23] [16, 6, 8, -5] [2, -1, -19, -2] [15, 7, 4, 10] [22, 4, -4, 3] [21, -2, -6, 13]
[3, -15, -11, -6] [9, -9, -2, -9] [-14, -15, -2, 1] [-7, 17, -12, 4] [25, 12, 9, -1] [21, 3, -9, 1] [7, 5, 12, -2]
Food (up, right, down, left):
[28, 13, -13, 16] [-6, 9, -11, -13] [3, -9, -23, 11] [-7, -8, 34, -1] [-7, 13, 4, 27] [5, -19, 2, -4] [-22, 7, 10, -24]
[-34, -15, -9, -9] [-7, -7, 10, -6] [15, 9, 7, 28] [-15, 13, -14, 15] [8, -19, 11, -23] [19, -7, -10, 17] [-13, -9, -5, 3]
[-14, 23, 3, -12] [-11, 3, 13, -15] [-10, -29, -14, -3] [16, -20, 17, -18] [-11, -8, 8, -18] [6, -4, -19, -6] [10, 10, 14, 20]
[-2, -5, 19, 22] [-23, -7, -23, 12] [-3, 14, -29, -13] [0, 0, 0, 0] [-31, 19, -7, 1] [-11, -5, -21, -3] [1, -1, -18, 1]
[5, 6, 6, 7] [-9, 3, 17, 9] [4, -6, 24, 4] [-20, -16, 20, -8] [-7, -15, 7, -20] [-10, 26, 14, 8] [5, 3, 0, -36]
[-7, -1, 13, -1] [24, -9, 20, 18] [4, 9, -5, 14] [-12, -15, 5, -13] [-27, -4, -1, -11] [-13, 15, -7, 17] [6, 25, -20, 7]
[2, -14, -11, -14] [10, -2, 11, -6] [7, 1, 4, 9] [0, -14, 27, -34] [26, 19, -16, 3] [12, 12, 22, 17] [-2, -14, 14, -14]
------------------------------
ALIVE
Head: (13 5)
Body: (13 5) (13 4) (12 4) (11 4) (10 4) (9 4) (9 5) (8 5) (8 6) (8 7) 
Length: 10, 4
Vision: 3
Hungry, suplies: 9/10
Reproductive: 16, mutating: 0.25
Generation: 17336
####################################
Wall (up, right, down, left):
[0, -10, -12, -5] [9, 12, 1, 2] [-7, -2, 5, -7] [14, 20, 0, 4] [-11, 14, 11, -17] [-6, 0, 7, -9] [-9, -4, 8, 3]
[4, 5, -5, -1] [13, 13, 12, 2] [-15, -1, 4, 12] [-24, 11, 3, 14] [17, 1, 3, 1] [-17, 13, 16, 0] [-14, -15, 13, 5]
[-3, 9, 16, -7] [2, 15, -4, 19] [3, 1, 10, -6] [-40, 4, 28, 14] [-35, -17, -18, 16] [3, -19, 6, 27] [-20, 2, -2, 5]
[-2, -12, 5, -30] [7, 8, 8, -16] [7, 17, 9, -72] [0, 0, 0, 0] [12, -64, 9, 1] [13, -11, -4, 16] [9, -5, 2, -5]
[-15, -9, -20, -14] [7, 26, -1, 12] [-7, 12, -13, -2] [20, 11, -47, 16] [6, -6, -4, 32] [17, 11, -10, 20] [-1, -16, 9, 5]
[14, 26, -10, -3] [-15, -8, -8, -23] [16, 6, 8, -5] [2, -1, -19, -2] [15, 7, 4, 10] [22, 4, -4, 3] [21, -2, -6, 13]
[3, -15, -11, -6] [9, -9, -2, -9] [-14, -15, -2, 1] [-7, 17, -12, 4] [25, 12, 9, -1] [21, 3, -9, 1] [7, 5, 12, -2]
Food (up, right, down, left):
[28, 13, -13, 16] [-6, 9, -11, -13] [3, -9, -23, 11] [-7, -8, 34, -1] [-7, 13, 4, 27] [5, -19, 2, -4] [-22, 7, 10, -24]
[-36, -15, -9, -9] [-7, -7, 10, -6] [15, 9, 7, 28] [-15, 13, -14, 15] [8, -16, 11, -23] [19, -7, -10, 17] [-13, -9, -5, 3]
[-14, 23, 3, -12] [-11, 3, 13, -15] [-10, -29, -14, -3] [16, -20, 17, -18] [-11, -8, 8, -18] [6, -1, -19, -6] [10, 10, 14, 20]
[-2, -5, 19, 22] [-23, -7, -23, 12] [-3, 14, -29, -13] [0, 0, 0, 0] [-31, 19, -7, 1] [-11, -5, -21, -3] [1, -1, -18, 1]
[5, 6, 6, 7] [-9, 3, 17, 9] [4, -6, 24, 4] [-20, -16, 20, -8] [-7, -15, 7, -20] [-10, 26, 14, 8] [5, 3, 0, -36]
[-7, -1, 13, -1] [24, -9, 20, 18] [4, 9, -5, 14] [-12, -15, 5, -13] [-27, -4, -1, -11] [-13, 15, -7, 17] [6, 25, -20, 7]
[2, -14, -11, -14] [10, -2, 11, -6] [7, 1, 4, 9] [0, -14, 27, -34] [26, 19, -16, 3] [12, 12, 22, 17] [-2, -14, 14, -14]
------------------------------
ALIVE
Head: (9 36)
Body: (9 36) (9 35) (9 34) (8 34) (8 33) (8 32) (9 32) (10 32) (11 32) (12 32) (12 31) (12 30) 
Length: 12, 4
Vision: 3
Hungry, suplies: 8/10
Reproductive: 16, mutating: 0.25
Generation: 17337
####################################
Wall (up, right, down, left):
[0, -10, -12, -5] [9, 12, 1, 2] [-7, -2, 5, -7] [14, 20, 0, 4] [-11, 14, 11, -17] [-6, 0, 7, -9] [-9, -4, 8, 3]
[8, 5, -5, -1] [13, 13, 12, 2] [-15, -1, 4, 12] [-24, 11, 3, 14] [17, 1, 3, 1] [-17, 13, 16, 0] [-14, -15, 13, 5]
[-3, 9, 16, -7] [2, 15, -4, 19] [3, 1, 10, -6] [-40, 4, 28, 14] [-35, -17, -18, 16] [3, -19, 6, 27] [-20, 2, -2, 0]
[-2, -12, 5, -30] [7, 8, 8, -16] [7, 17, 9, -72] [0, 0, 0, 0] [12, -64, 9, 1] [13, -11, -4, 16] [9, -5, 2, -5]
[-15, -9, -20, -14] [7, 26, -1, 12] [-7, 12, -13, -2] [20, 11, -47, 16] [6, -6, -4, 32] [17, 11, -10, 20] [-1, -16, 9, 5]
[14, 26, -10, -3] [-15, -8, -8, -23] [16, 6, 8, -5] [2, -1, -19, -2] [15, 7, 4, 10] [22, 4, -4, 3] [21, -2, -6, 13]
[3, -15, -11, -6] [9, -9, -2, -9] [-14, -15, -2, 1] [-7, 17, -12, 4] [25, 12, 9, -1] [21, 3, -9, 1] [7, 5, 12, -2]
Food (up, right, down, left):
[28, 13, -13, 16] [-6, 9, -11, -13] [3, -9, -23, 11] [-7, -8, 34, -1] [-7, 13, 4, 27] [5, -19, 2, -4] [-22, 7, 10, -24]
[-34, -15, -9, -9] [-7, -7, 10, -6] [15, 9, 7, 28] [-15, 13, -14, 15] [8, -16, 11, -23] [19, -7, -10, 17] [-13, -9, -5, 3]
[-14, 23, 3, -12] [-11, 3, 13, -15] [-10, -29, -14, -3] [16, -20, 17, -18] [-11, -8, 8, -18] [6, -1, -19, -6] [10, 10, 15, 20]
[-2, -5, 19, 22] [-23, -7, -23, 12] [-3, 14, -29, -13] [0, 0, 0, 0] [-31, 19, -7, 1] [-11, -5, -21, -3] [1, -1, -18, 1]
[5, 6, 6, 7] [-9, 3, 17, 9] [4, -6, 24, 4] [-20, -16, 20, -8] [-7, -15, 7, -20] [-10, 26, 14, 8] [5, 3, 0, -36]
[-7, -1, 13, -1] [24, -9, 20, 18] [4, 9, -5, 14] [-12, -15, 5, -13] [-27, -4, -1, -11] [-13, 15, -7, 17] [6, 25, -20, 7]
[2, -14, -11, -14] [10, -2, 11, -6] [7, 1, 4, 9] [0, -14, 27, -34] [26, 19, -16, 3] [12, 12, 22, 17] [-2, -14, 14, -14]
------------------------------
ALIVE
Head: (21 47)
Body: (21 47) (20 47) (20 46) (19 46) (19 45) (19 44) (20 44) (20 43) (20 42) (19 42) 
Length: 10, 4
Vision: 3
Hungry, suplies: 9/10
Reproductive: 16, mutating: 0.25
Generation: 17334
####################################
