Wall (up, right, down, left):
[19, -4, -9, -4] [-2, -2, -7, 12] [-17, 13, 11, -7] [15, 6, 31, 8] [-19, 1, 31, -15] [3, -7, 3, -15] [-12, -12, -20, -11]
[-11, -16, 30, -8] [2, 29, -4, 11] [-21, -2, 4, -4] [-15, 11, 11, 4] [24, 0, 4, 3] [-19, -24, 18, 14] [-14, 0, 3, 6]
[-4, -3, 35, -2] [-4, 27, -16, 2] [-22, -10, 36, 0] [-67, 25, 36, 22] [-40, -29, -23, 19] [-18, -18, -5, 27] [-27, -9, -10, -20]
[8, 30, 0, -48] [14, 1, 15, -26] [6, 33, -1, -92] [0, 0, 0, 0] [42, -87, 37, 0] [17, -10, 3, 22] [7, 3, 6, -6]
[-16, -26, -25, 4] [17, 3, -18, 0] [-6, 4, -32, -32] [30, 10, -87, 10] [10, -10, -13, 38] [0, 15, -13, -8] [-37, -64, -13, 17]
[12, 22, 7, 0] [2, -2, -11, -11] [13, 1, 15, -7] [-7, 9, -20, 9] [7, -2, -14, -1] [25, -13, -18, -1] [32, 3, 11, 30]
[-14, -6, -2, -15] [-6, -7, -11, -6] [-6, 7, 20, 3] [-18, 22, -31, -9] [31, 24, -13, 22] [21, -26, -36, 20] [-3, 9, 9, -3]
Food (up, right, down, left):
[23, 15, 5, 24] [-10, 16, -5, -27] [32, -5, 3, 17] [-7, -2, 35, 20] [-10, 11, 24, -10] [-12, -16, -10, -14] [-31, 19, -17, -14]
[-61, -11, -24, -18] [9, -10, -11, -21] [-3, 16, 16, 29] [-8, 14, -36, 26] [27, 14, 5, -36] [33, -10, -33, 27] [22, -1, 20, 16]
[-19, 3, 21, -30] [3, 1, 1, 32] [-45, -30, -36, 31] [37, -38, 17, 0] [-10, -3, 0, -16] [-5, -1, -42, -35] [28, 30, 6, 28]
[24, 6, 12, 46] [-4, -11, -33, 30] [7, -15, -28, -14] [0, 0, 0, 0] [-19, 62, -22, 1] [-12, -7, -24, -2] [-9, 32, -24, 8]
[-9, 9, -12, 16] [3, 10, 7, 14] [21, -8, 34, 2] [-6, -17, 22, -13] [9, -9, 1, -36] [-6, 34, 19, 25] [6, -16, -9, -25]
[9, -9, 11, -7] [4, 17, 21, 10] [13, 5, 16, 24] [-28, -22, 26, -25] [-40, -26, -2, -31] [-9, 26, -3, 20] [7, 42, -9, 18]
[3, 1, -19, -21] [21, 2, 3, -44] [11, 26, 4, -19] [-4, 16, 40, -41] [37, 31, -8, -9] [12, 25, 23, -12] [21, -35, 19, -19]
------------------------------
ALIVE
Head: (19 16)
Body: (19 16) (18 16) (18 15) (17 15) (16 15) (16 14) (15 14) (14 14) (14 13) (14 12) (14 11) (13 11) (12 11) 
Length: 13, 4
Vision: 3
Hungry, suplies: 6/10
Reproductive: 16, mutating: 0.25
Generation: 36520
####################################
Wall (up, right, down, left):
[17, -4, -9, -4] [-2, -2, -7, 12] [-17, 13, 11, -7] [15, 6, 31, 8] [-19, 1, 31, -15] [5, -7, 3, -15] [-12, -12, -20, -11]
[-12, -16, 30, -8] [2, 29, -4, 11] [-21, -4, 4, -4] [-15, 11, 11, 4] [23, 0, 4, 3] [-19, -24, 18, 14] [-14, 4, 3, 6]
[-4, -3, 35, -2] [-4, 27, -16, 2] [-22, -10, 36, 0] [-70, 25, 36, 22] [-40, -29, -23, 19] [-18, -18, -5, 27] [-27, -9, -10, -20]
[8, 30, 0, -48] [14, 1, 15, -26] [6, 33, -1, -92] [0, 0, 0, 0] [42, -87, 37, 0] [20, -10, 3, 19] [7, 3, 6, -6]
[-16, -26, -25, 4] [17, 3, -18, 0] [-6, 4, -32, -33] [32, 10, -87, 10] [10, -10, -13, 38] [-3, 15, -13, -8] [-37, -64, -13, 17]
[12, 22, 7, 0] [2, -2, -11, -11] [13, 1, 15, -7] [-7, 9, -20, 9] [7, -2, -14, -1] [25, -10, -18, -1] [32, 3, 11, 30]
[-14, -6, -2, -15] [-6, -7, -11, -6] [-6, 7, 20, 3] [-18, 22, -31, -9] [31, 24, -13, 22] [21, -26, -36, 20] [-3, 9, 9, -3]
Food (up, right, down, left):
[23, 15, 5, 20] [-10, 16, -5, -27] [32, -5, 3, 17] [-7, -2, 35, 20] [-10, 11, 24, -10] [-12, -16, -10, -17] [-31, 19, -17, -14]
[-56, -11, -24, -18] [9, -10, -11, -21] [-3, 16, 16, 31] [-8, 19, -36, 26] [27, 14, 7, -36] [33, -10, -33, 27] [22, -1, 24, 16]
[-19, 3, 21, -30] [3, 1, 1, 32] [-45, -30, -36, 31] [37, -38, 20, 2] [-10, -3, 0, -16] [-5, -1, -42, -35] [28, 30, 6, 28]
[24, 6, 12, 46] [-4, -11, -33, 30] [7, -15, -28, -14] [0, 0, 0, 0] [-19, 62, -22, 1] [-12, -13, -24, -2] [-9, 32, -24, 8]
[-9, 9, -12, 16] [3, 10, 7, 14] [21, -8, 31, 2] [-6, -17, 22, -18] [9, -9, 1, -36] [-6, 34, 17, 25] [6, -16, -9, -25]
[9, -9, 11, -7] [4, 17, 21, 10] [13, 5, 16, 24] [-28, -22, 26, -25] [-40, -26, -2, -31] [-9, 26, -3, 17] [7, 42, -9, 18]
[3, 1, -19, -21] [21, 2, 3, -44] [11, 26, 4, -19] [-4, 16, 40, -41] [37, 31, -8, -9] [12, 25, 23, -12] [21, -35, 19, -19]
------------------------------
ALIVE
Head: (16 22)
Body: (16 22) (16 23) (15 23) (15 24) (15 25) (15 26) (14 26) (13 26) (13 25) (13 24) (12 24) (12 23) (11 23) 
Length: 13, 4
Vision: 3
Hungry, suplies: 4/10
Reproductive: 16, mutating: 0.25
Generation: 36534
####################################
Wall (up, right, down, left):
[17, -4, -9, -4] [-2, -2, -7, 12] [-17, 13, 11, -7] [15, 6, 31, 8] [-19, 4, 31, -15] [3, -7, 3, -15] [-12, -12, -20, -11]
[-11, -16, 30, -8] [2, 29, -4, 11] [-21, -2, 4, -6] [-15, 11, 11, 4] [24, 0, 4, 3] [-19, -24, 18, 14] [-14, 0, 3, 6]
[-4, -3, 35, -2] [-4, 27, -16, 2] [-22, -10, 36, 0] [-67, 25, 36, 22] [-40, -29, -23, 19] [-18, -18, -5, 27] [-27, -9, -10, -20]
[8, 30, 0, -48] [14, 1, 15, -26] [6, 33, -1, -92] [0, 0, 0, 0] [42, -87, 37, 0] [17, -10, 3, 22] [7, 3, 6, -6]
[-16, -26, -25, 4] [20, 3, -18, 0] [-6, 4, -32, -33] [34, 10, -87, 10] [10, -10, -13, 38] [-3, 15, -13, -4] [-37, -64, -13, 17]
[12, 22, 7, 0] [2, -2, -11, -11] [8, 1, 15, -7] [-7, 9, -20, 9] [7, -2, -14, -1] [25, -10, -18, -1] [32, 3, 11, 30]
[-14, -6, -2, -15] [-6, -7, -11, -6] [-6, 7, 20, 3] [-18, 22, -31, -9] [31, 24, -13, 22] [21, -26, -36, 20] [-3, 9, 9, -3]
Food (up, right, down, left):
[23, 15, 5, 20] [-10, 16, -5, -27] [32, -5, 3, 17] [-7, -2, 35, 20] [-10, 11, 20, -10] [-12, -16, -10, -14] [-31, 19, -17, -14]
[-61, -11, -24, -18] [9, -10, -11, -21] [-3, 16, 16, 33] [-8, 14, -36, 26] [27, 14, 5, -36] [33, -10, -33, 27] [22, -1, 20, 16]
[-19, 3, 21, -30] [3, 1, 1, 32] [-45, -30, -36, 31] [37, -38, 17, 0] [-10, -3, 0, -16] [-5, -1, -42, -35] [28, 30, 6, 28]
[24, 6, 12, 46] [-4, -11, -33, 30] [7, -15, -28, -14] [0, 0, 0, 0] [-19, 62, -22, 1] [-12, -7, -24, -2] [-9, 32, -24, 8]
[-9, 9, -12, 16] [3, 10, 7, 14] [21, -8, 31, 2] [-4, -17, 22, -18] [9, -9, 1, -36] [-6, 34, 17, 27] [6, -16, -9, -25]
[9, -9, 11, -7] [4, 17, 21, 10] [11, 5, 16, 24] [-28, -22, 26, -25] [-40, -26, -2, -31] [-9, 26, -3, 17] [7, 42, -9, 18]
[3, 1, -19, -21] [21, 2, 3, -44] [11, 26, 4, -19] [-4, 16, 40, -41] [37, 31, -8, -9] [12, 25, 23, -12] [21, -35, 19, -19]
------------------------------
ALIVE
Head: (17 24)
Body: (17 24) (17 25) (16 25) (16 26) (16 27) (15 27) (15 28) (15 29) (14 29) (13 29) (13 30) (14 30) (14 31) (14 32) (14 33) 
Length: 15, 4
Vision: 3
Hungry, suplies: 5/10
Reproductive: 16, mutating: 0.25
Generation: 36528
####################################
Wall (up, right, down, left):
[17, -4, -9, -4] [-2, -2, -7, 12] [-17, 13, 11, -7] [15, 6, 31, 8] [-19, 1, 31, -15] [5, -7, 3, -15] [-12, -12, -20, -11]
[-11, -16, 30, -8] [2, 29, -4, 11] [-21, -4, 4, -2] [-15, 11, 11, 4] [23, 0, 4, 3] [-19, -24, 18, 14] [-14, 4, 3, 6]
[-4, -3, 35, -2] [-4, 27, -16, 2] [-22, -10, 36, 0] [-70, 25, 36, 22] [-40, -29, -23, 19] [-18, -18, -5, 27] [-27, -9, -10, -20]
[8, 30, 0, -48] [14, 1, 15, -26] [6, 33, -1, -92] [0, 0, 0, 0] [42, -87, 37, 0] [20, -10, 3, 19] [7, 3, 6, -6]
[-16, -26, -25, 4] [17, 3, -18, 0] [-6, 4, -32, -33] [32, 10, -87, 10] [10, -10, -13, 38] [-3, 15, -13, -8] [-37, -64, -13, 17]
[12, 22, 7, 0] [2, -2, -11, -11] [13, 1, 15, -7] [-7, 9, -20, 9] [7, -2, -14, -1] [25, -10, -18, -1] [32, 3, 11, 30]
[-14, -6, -2, -15] [-6, -7, -11, -6] [-6, 7, 20, 3] [-18, 22, -31, -9] [31, 24, -13, 22] [21, -26, -36, 20] [-3, 9, 9, -3]
Food (up, right, down, left):
[23, 15, 5, 20] [-10, 16, -5, -27] [32, -5, 3, 17] [-7, -2, 35, 20] [-10, 11, 24, -10] [-12, -16, -10, -17] [-31, 19, -17, -14]
[-61, -11, -24, -18] [9, -10, -11, -21] [-3, 12, 16, 31] [-8, 19, -36, 26] [27, 14, 7, -36] [33, -10, -33, 27] [22, -1, 24, 16]
[-19, 3, 21, -30] [3, 1, 1, 32] [-45, -30, -36, 31] [37, -38, 20, 2] [-10, -3, 0, -16] [-5, -1, -42, -35] [28, 30, 6, 28]
[24, 6, 12, 46] [-4, -11, -33, 30] [7, -15, -28, -14] [0, 0, 0, 0] [-19, 62, -22, 1] [-12, -13, -24, -2] [-9, 32, -24, 8]
[-9, 9, -12, 16] [3, 10, 7, 14] [21, -8, 31, 2] [-6, -17, 22, -18] [9, -9, 1, -36] [-6, 34, 17, 25] [6, -16, -9, -25]
[9, -9, 11, -7] [4, 17, 21, 10] [13, 5, 16, 24] [-28, -22, 26, -25] [-40, -26, -2, -31] [-9, 26, -3, 17] [7, 42, -9, 18]
[3, 1, -19, -21] [21, 2, 3, -44] [11, 26, 4, -19] [-4, 16, 40, -41] [37, 31, -8, -9] [12, 25, 23, -12] [21, -35, 19, -19]
------------------------------
ALIVE
Head: (13 42)
Body: (13 42) (14 42) (14 43) (15 43) (16 43) (16 44) (16 45) (16 46) (15 46) (15 47) (15 48) (15 49) (14 49) 
Length: 13, 4
Vision: 3
Hungry, suplies: 10/10
Reproductive: 16, mutating: 0.25
Generation: 36530
####################################
Wall (up, right, down, left):
[17, -4, -9, -4] [-2, -2, -7, 12] [-17, 13, 11, -7] [15, 6, 31, 8] [-19, 1, 31, -15] [5, -7, 3, -15] [-12, -12, -20, -11]
[-12, -16, 30, -8] [2, 29, -4, 11] [-21, -4, 4, -4] [-15, 11, 11, 4] [23, 0, 4, 3] [-19, -24, 18, 14] [-14, 4, 3, 6]
[-4, -3, 35, -2] [-4, 27, -16, 2] [-22, -10, 36, 0] [-70, 25, 36, 22] [-40, -29, -23, 19] [-18, -18, -5, 27] [-27, -9, -10, -20]
[8, 30, 0, -48] [14, 1, 15, -26] [6, 33, -1, -92] [0, 0, 0, 0] [42, -87, 37, 0] [20, -10, 3, 19] [7, 3, 6, -6]
[-16, -26, -25, 4] [17, 3, -18, 0] [-6, 4, -32, -33] [32, 10, -87, 10] [10, -10, -13, 38] [-3, 15, -13, -8] [-37, -64, -13, 17]
[12, 22, 7, 0] [2, -2, -11, -11] [13, 1, 15, -7] [-7, 9, -20, 9] [7, -2, -14, -1] [25, -10, -18, -1] [32, 3, 11, 30]
[-14, -6, -2, -15] [-6, -7, -11, -6] [-6, 7, 20, 3] [-18, 22, -31, -9] [31, 24, -13, 22] [21, -26, -36, 20] [-3, 9, 9, -3]
Food (up, right, down, left):
[23, 15, 5, 20] [-10, 16, -5, -27] [32, -5, 3, 17] [-7, -2, 35, 20] [-10, 11, 24, -10] [-12, -16, -10, -17] [-31, 19, -17, -14]
[-56, -11, -24, -18] [9, -10, -11, -21] [-3, 16, 16, 31] [-8, 19, -36, 26] [27, 14, 7, -36] [33, -10, -33, 27] [22, -1, 24, 16]
[-19, 3, 21, -30] [3, 1, 1, 32] [-45, -30, -36, 31] [37, -38, 20, 2] [-10, -3, 0, -16] [-5, -1, -42, -35] [28, 30, 6, 28]
[24, 6, 12, 46] [-4, -11, -33, 30] [7, -15, -28, -14] [0, 0, 0, 0] [-19, 62, -22, 1] [-12, -13, -24, -2] [-9, 32, -24, 8]
[-9, 9, -12, 16] [3, 10, 7, 14] [21, -8, 31, 2] [-6, -17, 22, -18] [9, -9, 1, -36] [-6, 34, 17, 25] [6, -16, -9, -25]
[9, -9, 11, -7] [4, 17, 21, 10] [13, 5, 16, 24] [-28, -22, 26, -25] [-40, -26, -2, -31] [-9, 26, -3, 17] [7, 42, -9, 18]
[3, 1, -19, -21] [21, 2, 3, -44] [11, 26, 4, -19] [-4, 16, 40, -41] [37, 31, -8, -9] [12, 25, 23, -12] [21, -35, 19, -19]
------------------------------
ALIVE
Head: (24 6)
Body: (24 6) (23 6) (22 6) (21 6) (21 5) (20 5) (20 6) (20 7) (20 8) 
Length: 9, 4
Vision: 3
Hungry, suplies: 10/10
Reproductive: 16, mutating: 0.25
Generation: 36532
####################################
Wall (up, right, down, left):
[17, -4, -9, -4] [-2, -2, -7, 12] [-17, 13, 11, -7] [15, 6, 31, 8] [-19, 1, 31, -15] [3, -7, 3, -15] [-12, -12, -20, -11]
[-11, -16, 30, -8] [2, 29, -4, 11] [-21, -2, 4, -4] [-15, 11, 11, 4] [24, 0, 4, 3] [-19, -24, 18, 14] [-14, 0, 3, 6]
[-4, -3, 35, -2] [-4, 27, -16, 2] [-18, -10, 36, 0] [-67, 25, 36, 22] [-40, -29, -23, 19] [-18, -18, -5, 27] [-27, -9, -10, -20]
[8, 30, 0, -48] [14, 4, 15, -26] [6, 33, -1, -92] [0, 0, 0, 0] [42, -87, 37, 0] [17, -10, 3, 22] [7, 3, 6, -6]
[-16, -26, -25, 4] [17, 3, -18, 0] [-6, 4, -32, -32] [32, 10, -87, 10] [10, -10, -13, 38] [0, 15, -13, -8] [-37, -64, -13, 17]
[12, 22, 7, 0] [2, -2, -11, -11] [13, 1, 15, -7] [-7, 9, -20, 9] [7, -2, -14, -1] [25, -13, -18, -1] [32, 3, 11, 30]
[-14, -6, -2, -15] [-6, -7, -11, -6] [-6, 7, 20, 3] [-18, 22, -31, -9] [31, 24, -13, 22] [21, -26, -36, 20] [-3, 9, 9, -3]
Food (up, right, down, left):
[23, 15, 5, 20] [-10, 16, -5, -27] [32, -5, 3, 17] [-7, -2, 35, 20] [-10, 11, 24, -10] [-12, -16, -10, -14] [-31, 19, -17, -14]
[-61, -11, -24, -18] [9, -10, -11, -21] [-3, 16, 16, 29] [-8, 14, -36, 26] [27, 14, 5, -36] [33, -10, -33, 27] [22, -1, 20, 16]
[-19, 3, 21, -30] [3, 1, 1, 32] [-45, -35, -36, 31] [37, -38, 17, 0] [-10, -3, 0, -16] [-5, -1, -42, -35] [28, 30, 6, 28]
[24, 6, 12, 46] [-8, -11, -33, 30] [7, -15, -28, -14] [0, 0, 0, 0] [-19, 62, -22, 1] [-12, -7, -24, -2] [-9, 32, -24, 8]
[-9, 9, -12, 16] [3, 10, 7, 14] [21, -8, 34, 2] [-6, -17, 22, -18] [9, -9, 1, -36] [-6, 34, 19, 25] [6, -16, -9, -25]
[9, -9, 11, -7] [4, 17, 21, 10] [13, 5, 16, 24] [-28, -22, 26, -25] [-40, -26, -2, -31] [-9, 26, -3, 20] [7, 42, -9, 18]
[3, 1, -19, -21] [21, 2, 3, -44] [11, 26, 4, -19] [-4, 16, 40, -41] [37, 31, -8, -9] [12, 25, 23, -12] [21, -35, 19, -19]
------------------------------
ALIVE
Head: (12 7)
Body: (12 7) (11 7) (10 7) (10 6) (9 6) (8 6) (8 5) (7 5) (6 5) (6 4) (5 4) 
Length: 11, 4
Vision: 3
Hungry, suplies: 7/10
Reproductive: 16, mutating: 0.25
Generation: 36522
####################################
Wall (up, right, down, left):
[17, -4, -9, -4] [-2, -2, -7, 12] [-17, 14, 11, -7] [15, 6, 31, 8] [-19, 1, 31, -15] [3, -7, 3, -15] [-12, -12, -20, -11]
[-11, -16, 30, -8] [2, 29, -4, 11] [-21, -2, 4, -4] [-15, 11, 11, 4] [24, 0, 4, 3] [-19, -24, 18, 14] [-14, 0, 3, 6]
[-4, -3, 35, -2] [-4, 27, -16, 2] [-22, -10, 36, 0] [-67, 25, 36, 22] [-40, -29, -23, 19] [-18, -18, -5, 27] [-27, -9, -10, -20]
[8, 30, 0, -48] [14, 1, 15, -26] [6, 33, -1, -92] [0, 0, 0, 0] [42, -87, 37, 0] [17, -10, 3, 22] [7, 3, 6, -6]
[-16, -26, -25, 4] [17, 3, -18, 0] [-6, 4, -32, -32] [32, 10, -87, 10] [10, -10, -13, 38] [0, 15, -13, -8] [-37, -64, -13, 17]
[12, 22, 7, 0] [2, -2, -11, -11] [13, 1, 15, -7] [-7, 9, -20, 9] [7, -2, -14, -1] [25, -13, -18, -1] [32, 3, 11, 30]
[-14, -6, -2, -15] [-6, -7, -11, -6] [-6, 7, 20, 3] [-18, 22, -31, -9] [31, 24, -13, 22] [21, -26, -36, 20] [-3, 9, 9, -3]
Food (up, right, down, left):
[23, 15, 5, 20] [-10, 16, -5, -27] [32, -5, 3, 17] [-7, -2, 35, 20] [-10, 11, 24, -10] [-12, -16, -10, -14] [-31, 19, -17, -14]
[-61, -11, -24, -18] [9, -10, -11, -21] [-3, 16, 16, 29] [-8, 14, -36, 26] [27, 14, 5, -36] [33, -10, -33, 27] [22, -1, 20, 16]
[-19, 3, 21, -30] [3, 1, 1, 32] [-45, -30, -36, 31] [37, -38, 17, 0] [-10, -3, 0, -16] [-5, -1, -42, -35] [28, 30, 6, 28]
[24, 6, 12, 46] [-4, -11, -33, 30] [7, -15, -28, -14] [0, 0, 0, 0] [-19, 62, -22, 1] [-12, -7, -24, -2] [-9, 32, -24, 8]
[-9, 9, -12, 16] [3, 10, 7, 14] [21, -8, 34, 2] [-6, -17, 22, -18] [9, -9, 1, -36] [-6, 34, 19, 25] [6, -16, -9, -25]
[9, -9, 11, -7] [4, 17, 21, 10] [13, 5, 16, 24] [-28, -22, 26, -25] [-40, -26, -2, -31] [-9, 26, -3, 20] [7, 42, -9, 18]
[3, 1, -19, -21] [21, 2, 3, -44] [11, 26, 4, -19] [-4, 16, 40, -41] [37, 31, -8, -9] [12, 25, 23, -12] [21, -35, 19, -19]
------------------------------
ALIVE
Head: (8 23)
Body: (8 23) (9 23) (10 23) (10 24) (10 25) (11 25) (11 26) (11 27) 
Length: 8, 4
Vision: 3
Hungry, suplies: 10/10
Reproductive: 16, mutating: 0.25
Generation: 36522
####################################
Wall (up, right, down, left):
[17, -4, -9, -4] [-2, -2, -7, 12] [-17, 13, 11, -7] [15, 6, 31, 8] [-19, 1, 31, -10] [5, -7, 3, -15] [-12, -12, -20, -11]
[-12, -16, 30, -8] [2, 29, -4, 11] [-21, -4, 4, -4] [-15, 11, 11, 4] [23, 0, 4, 3] [-19, -24, 18, 14] [-14, 4, 3, 6]
[-4, -3, 35, -2] [-4, 27, -16, 2] [-22, -10, 36, 0] [-70, 25, 36, 22] [-40, -29, -23, 19] [-18, -18, -5, 27] [-27, -9, -10, -20]
[8, 30, 0, -48] [14, 1, 15, -26] [6, 33, -1, -92] [0, 0, 0, 0] [42, -87, 37, 0] [20, -10, 3, 19] [7, 3, 6, -6]
[-16, -26, -25, 4] [17, 3, -18, 0] [-6, 4, -32, -33] [32, 10, -87, 10] [10, -10, -13, 38] [-3, 15, -13, -8] [-37, -64, -13, 17]
[12, 22, 7, 0] [2, -2, -11, -11] [13, 1, 15, -7] [-7, 9, -20, 9] [7, -2, -14, -1] [25, -10, -18, -1] [32, 3, 11, 30]
[-14, -6, -2, -15] [-6, -7, -11, -6] [-6, 7, 20, 3] [-18, 22, -31, -9] [31, 24, -13, 22] [21, -26, -36, 20] [-3, 9, 9, -3]
Food (up, right, down, left):
[23, 15, 5, 20] [-10, 16, -5, -27] [32, -5, 3, 17] [-7, -2, 35, 20] [-10, 13, 24, -10] [-12, -16, -10, -17] [-31, 19, -17, -14]
[-56, -11, -24, -18] [9, -10, -11, -21] [-3, 16, 16, 31] [-8, 19, -36, 26] [27, 14, 7, -36] [33, -10, -33, 27] [22, -1, 24, 16]
[-19, 3, 21, -30] [3, 1, 1, 32] [-45, -30, -36, 31] [37, -38, 20, 2] [-10, -3, 0, -16] [-5, -1, -42, -35] [28, 30, 6, 28]
[24, 6, 12, 46] [-4, -11, -33, 30] [7, -15, -28, -14] [0, 0, 0, 0] [-19, 62, -22, 1] [-12, -13, -24, -2] [-9, 32, -24, 8]
[-9, 9, -12, 16] [3, 10, 7, 14] [21, -8, 31, 2] [-6, -17, 22, -18] [9, -9, 1, -36] [-6, 34, 17, 25] [6, -16, -9, -25]
[9, -9, 11, -7] [4, 17, 21, 10] [13, 5, 16, 24] [-28, -22, 26, -25] [-40, -26, -2, -31] [-9, 26, -3, 17] [7, 42, -9, 18]
[3, 1, -19, -21] [21, 2, 3, -44] [11, 26, 4, -19] [-4, 16, 40, -41] [37, 31, -8, -9] [12, 25, 23, -12] [21, -35, 19, -19]
------------------------------
ALIVE
Head: (1 1)
Body: (1 1) (1 2) (2 2) (3 2) (3 3) (4 3) (5 3) (5 2) 
Length: 8, 4
Vision: 3
Hungry, suplies: 4/10
Reproductive: 16, mutating: 0.25
Generation: 36535
####################################
Wall (up, right, down, left):
[17, -4, -9, -4] [-2, -2, -7, 12] [-17, 13, 11, -7] [15, 6, 31, 8] [-19, 1, 31, -15] [5, -7, 3, -15] [-12, -12, -20, -11]
[-12, -16, 30, -8] [2, 29, -4, 11] [-21, -4, 4, -4] [-15, 11, 11, 4] [23, 0, 4, 3] [-19, -24, 18, 14] [-14, 4, 3, 6]
[-4, -3, 35, -2] [-4, 27, -16, 2] [-22, -10, 36, 0] [-70, 25, 36, 22] [-40, -29, -23, 19] [-18, -18, -5, 27] [-27, -9, -10, -20]
[8, 30, 0, -48] [14, 1, 15, -26] [6, 33, -1, -92] [0, 0, 0, 0] [42, -87, 37, 0] [20, -10, 3, 19] [7, 3, 6, -6]
[-16, -26, -25, 4] [17, 3, -18, 0] [-6, 4, -32, -33] [32, 10, -87, 10] [10, -10, -13, 38] [-3, 15, -13, -8] [-37, -64, -13, 17]
[12, 22, 7, 0] [2, -2, -11, -11] [13, 1, 15, -7] [-7, 9, -20, 9] [7, -2, -14, -1] [25, -9, -18, -1] [32, 3, 11, 30]
[-14, -6, -2, -15] [-6, -7, -11, -6] [-6, 7, 20, 3] [-18, 22, -31, -9] [31, 24, -13, 22] [21, -26, -36, 20] [-3, 9, 9, -3]
Food (up, right, down, left):
[23, 15, 5, 20] [-10, 16, -5, -27] [32, -5, 3, 17] [-7, -2, 35, 20] [-10, 11, 24, -10] [-12, -16, -10, -17] [-31, 19, -17, -14]
[-56, -11, -24, -18] [9, -10, -11, -21] [-3, 16, 16, 31] [-8, 19, -36, 26] [27, 14, 7, -36] [33, -10, -33, 27] [22, -1, 24, 16]
[-19, 3, 21, -30] [3, 1, 1, 32] [-45, -30, -36, 31] [37, -38, 20, 2] [-10, -3, 0, -16] [-5, -1, -42, -35] [28, 30, 6, 28]
[24, 6, 12, 46] [-4, -11, -33, 30] [7, -15, -28, -14] [0, 0, 0, 0] [-19, 62, -22, 1] [-12, -13, -24, -2] [-9, 32, -24, 8]
[-9, 9, -12, 16] [3, 10, 7, 14] [21, -8, 31, 2] [-6, -17, 22, -18] [9, -9, 1, -36] [-6, 34, 17, 25] [6, -16, -9, -25]
[9, -9, 11, -7] [4, 17, 21, 10] [13, 5, 16, 24] [-28, -22, 26, -25] [-40, -26, -2, -31] [-6, 26, -3, 17] [7, 42, -9, 18]
[3, 1, -19, -21] [21, 2, 3, -44] [11, 26, 4, -19] [-4, 16, 40, -41] [37, 31, -8, -9] [12, 25, 23, -12] [21, -35, 19, -19]
------------------------------
ALIVE
Head: (23 26)
Body: (23 26) (24 26) (24 25) (24 24) (24 23) (23 23) (23 22) (22 22) 
Length: 8, 4
Vision: 3
Hungry, suplies: 10/10
Reproductive: 16, mutating: 0.25
Generation: 36535
####################################
Wall (up, right, down, left):
[17, -4, -9, -4] [-2, -2, -7, 12] [-17, 13, 11, -7] [15, 6, 31, 8] [-19, 1, 31, -15] [3, -7, 3, -15] [-12, -12, -20, -11]
[-11, -16, 30, -8] [2, 29, -4, 11] [-21, -2, 4, -4] [-15, 11, 11, 4] [24, 0, 4, 3] [-19, -24, 18, 14] [-14, 0, 3, 6]
[-4, -3, 35, -2] [-4, 27, -16, 2] [-18, -10, 36, 0] [-67, 25, 36, 22] [-40, -29, -23, 19] [-18, -18, -5, 27] [-27, -9, -10, -20]
[8, 30, 0, -48] [14, 4, 15, -26] [6, 33, -1, -92] [0, 0, 0, 0] [42, -87, 37, 0] [17, -10, 3, 22] [7, 3, 6, -6]
[-16, -26, -25, 4] [17, 3, -18, 0] [-6, 4, -32, -32] [32, 10, -87, 10] [10, -10, -13, 38] [0, 15, -13, -8] [-37, -64, -13, 17]
[12, 22, 7, 0] [2, -2, -11, -11] [13, 1, 15, -7] [-7, 9, -20, 9] [7, -2, -14, -1] [25, -13, -18, -1] [32, 3, 11, 30]
[-14, -6, -2, -15] [-6, -7, -11, -6] [-6, 7, 20, 3] [-18, 22, -31, -9] [31, 24, -13, 22] [21, -26, -36, 20] [-3, 9, 9, -3]
Food (up, right, down, left):
[23, 15, 5, 20] [-10, 16, -5, -27] [32, -5, 3, 17] [-7, -2, 35, 20] [-10, 11, 24, -10] [-12, -16, -10, -14] [-31, 19, -17, -14]
[-61, -11, -24, -18] [9, -10, -11, -21] [-3, 16, 16, 29] [-8, 14, -36, 26] [27, 14, 5, -36] [33, -10, -33, 27] [22, -1, 20, 16]
[-19, 3, 21, -30] [3, 1, 1, 32] [-45, -35, -36, 31] [37, -38, 17, 0] [-10, -3, 0, -16] [-5, -1, -42, -35] [28, 30, 6, 28]
[24, 6, 12, 46] [-8, -11, -33, 30] [7, -15, -28, -14] [0, 0, 0, 0] [-19, 62, -22, 1] [-12, -7, -24, -2] [-9, 32, -24, 8]
[-9, 9, -12, 16] [3, 10, 7, 14] [21, -8, 34, 2] [-6, -17, 22, -18] [9, -9, 1, -36] [-6, 34, 19, 25] [6, -16, -9, -25]
[9, -9, 11, -7] [4, 17, 21, 10] [13, 5, 16, 24] [-28, -22, 26, -25] [-40, -26, -2, -31] [-9, 26, -3, 20] [7, 42, -9, 18]
[3, 1, -19, -21] [21, 2, 3, -44] [11, 26, 4, -19] [-4, 16, 40, -41] [37, 31, -8, -9] [12, 25, 23, -12] [21, -35, 19, -19]
------------------------------
ALIVE
Head: (19 1)
Body: (19 1) (19 2) (18 2) (18 3) (17 3) (17 2) (16 2) (16 1) (16 0) (15 0) (14 57) (14 56) (13 56) (13 55) 
Length: 14, 4
Vision: 3
Hungry, suplies: 9/10
Reproductive: 16, mutating: 0.25
Generation: 36522
####################################
Wall (up, right, down, left):
[17, -4, -9, -4] [-2, -2, -7, 12] [-17, 13, 11, -7] [15, 6, 31, 8] [-19, 1, 31, -15] [3, -7, 3, -15] [-12, -12, -20, -11]
[-11, -16, 30, -8] [2, 29, -4, 11] [-21, -2, 4, -4] [-15, 11, 11, 4] [24, 0, 4, 3] [-19, -24, 18, 14] [-14, 0, 3, 6]
[-4, -3, 35, -2] [-4, 27, -16, 2] [-22, -10, 36, 0] [-67, 25, 36, 22] [-40, -29, -23, 19] [-18, -18, -5, 27] [-27, -9, -10, -20]
[8, 30, 0, -48] [14, 1, 15, -26] [6, 33, -1, -92] [0, 0, 0, 0] [42, -87, 37, 0] [17, -10, 3, 22] [7, 3, 6, -6]
[-16, -26, -25, 4] [17, 3, -18, 0] [-6, 4, -32, -32] [30, 10, -87, 10] [10, -10, -13, 38] [0, 15, -13, -8] [-37, -64, -13, 17]
[12, 22, 7, 0] [2, -2, -11, -11] [13, 1, 15, -7] [-7, 9, -20, 9] [7, -2, -14, -1] [25, -13, -18, -1] [32, 3, 11, 30]
[-14, -6, -2, -15] [-6, -7, -11, -6] [-6, 7, 20, 3] [-18, 22, -31, -9] [31, 24, -13, 22] [21, -26, -36, 20] [-3, 9, 9, -3]
Food (up, right, down, left):
[23, 15, 5, 20] [-10, 16, -5, -27] [32, -5, 3, 17] [-7, -2, 35, 20] [-10, 11, 24, -10] [-12, -16, -10, -14] [-31, 19, -17, -14]
[-61, -11, -24, -18] [9, -10, -11, -21] [-3, 16, 16, 29] [-8, 14, -36, 26] [27, 14, 5, -36] [33, -10, -33, 27] [22, -1, 20, 16]
[-19, 3, 21, -30] [3, 1, 1, 32] [-45, -30, -36, 31] [37, -38, 17, 0] [-10, -3, 0, -16] [-5, -1, -42, -35] [28, 30, 6, 28]
[24, 6, 12, 46] [-4, -11, -33, 30] [7, -15, -28, -14] [0, 0, 0, 0] [-19, 62, -22, 1] [-12, -7, -24, -2] [-9, 32, -24, 8]
[-9, 9, -12, 16] [3, 10, 7, 14] [21, -8, 34, 2] [-6, -17, 22, -13] [9, -9, 1, -36] [-6, 34, 19, 25] [6, -16, -9, -25]
[9, -9, 11, -7] [4, 17, 21, 10] [13, 5, 16, 24] [-28, -22, 26, -25] [-40, -26, -2, -31] [-9, 26, -3, 20] [7, 42, -9, 18]
[3, 1, -19, -21] [21, 2, 3, -44] [11, 26, 4, -19] [-4, 16, 40, -41] [37, 31, -8, -9] [12, 25, 23, -12] [21, -35, 19, -19]
------------------------------
ALIVE
Head: (24 11)
Body: (24 11) (23 11) (22 11) (22 12) (21 12) (20 12) (20 13) (21 13) (21 14) (21 15) (21 16) 
Length: 11, 4
Vision: 3
Hungry, suplies: 10/10
Reproductive: 16, mutating: 0.25
Generation: 36524
####################################
Wall (up, right, down, left):
[17, -4, -9, -4] [-2, -2, -7, 12] [-17, 13, 11, -7] [15, 6, 31, 8] [-19, 1, 31, -15] [3, -7, 3, -15] [-12, -12, -20, -11]
[-11, -16, 30, -8] [2, 29, -4, 11] [-21, -2, 4, -4] [-15, 11, 11, 4] [24, 0, 4, 3] [-19, -24, 18, 14] [-14, 0, 3, 6]
[-4, -3, 35, -2] [-4, 27, -16, 2] [-22, -10, 36, 0] [-67, 25, 36, 22] [-40, -29, -23, 19] [-18, -18, -5, 27] [-27, -9, -10, -20]
[8, 30, 0, -48] [14, 1, 15, -26] [6, 33, -1, -92] [0, 0, 0, 0] [42, -87, 37, 0] [17, -10, 3, 22] [7, 3, 6, -6]
[-16, -26, -25, 4] [17, 3, -18, 0] [-6, 4, -32, -32] [30, 10, -87, 10] [10, -10, -13, 38] [0, 15, -13, -8] [-37, -64, -13, 17]
[12, 22, 7, 0] [2, -2, -11, -11] [13, 1, 15, -7] [-7, 9, -20, 9] [7, -2, -14, -1] [25, -13, -18, -1] [32, 3, 11, 30]
[-14, -6, -2, -15] [-6, -7, -11, -6] [-6, 7, 20, 3] [-18, 22, -31, -9] [31, 24, -13, 22] [21, -26, -36, 20] [-3, 9, 9, -3]
Food (up, right, down, left):
[23, 15, 5, 20] [-10, 16, -5, -27] [32, -5, 3, 17] [-7, -2, 35, 20] [-10, 11, 24, -10] [-12, -16, -10, -14] [-31, 19, -17, -14]
[-61, -11, -24, -18] [9, -10, -11, -21] [-3, 16, 16, 29] [-8, 14, -36, 26] [27, 14, 5, -36] [33, -10, -33, 27] [22, -1, 20, 16]
[-19, 3, 21, -30] [3, 1, 1, 32] [-45, -30, -36, 31] [37, -38, 17, 0] [-10, -3, 0, -16] [-5, -1, -42, -35] [28, 30, 6, 28]
[24, 6, 12, 46] [-4, -11, -33, 30] [7, -15, -28, -14] [0, 0, 0, 0] [-19, 62, -22, 1] [-12, -7, -24, -2] [-9, 32, -24, 8]
[-9, 9, -12, 16] [3, 10, 7, 14] [21, -8, 34, 2] [-6, -17, 22, -13] [9, -9, 1, -36] [-6, 34, 19, 25] [6, -16, -9, -25]
[9, -9, 11, -7] [4, 17, 21, 10] [13, 5, 16, 24] [-28, -22, 26, -25] [-40, -26, -2, -31] [-9, 26, -3, 20] [7, 42, -9, 18]
[3, 1, -19, -21] [21, 2, 3, -44] [11, 26, 4, -19] [-4, 16, 40, -41] [37, 31, -8, -9] [12, 25, 23, -12] [21, -35, 19, -19]
------------------------------
ALIVE
Head: (5 14)
Body: (5 14) (4 14) (4 15) (3 15) (3 14) (3 13) (3 12) (3 11) (2 11) (2 12) (1 12) (1 11) 
Length: 12, 4
Vision: 3
Hungry, suplies: 9/10
Reproductive: 16, mutating: 0.25
Generation: 36525
####################################
Wall (up, right, down, left):
[17, -4, -9, -4] [-2, -2, -7, 12] [-17, 13, 11, -7] [15, 6, 31, 8] [-19, 4, 31, -15] [3, -7, 3, -15] [-12, -12, -20, -11]
[-11, -16, 30, -8] [2, 29, -4, 11] [-21, -2, 4, -6] [-15, 11, 11, 4] [24, 0, 4, 3] [-19, -24, 18, 14] [-14, 0, 3, 6]
[-4, -3, 35, -2] [-4, 27, -16, 2] [-22, -10, 36, 0] [-67, 25, 36, 22] [-40, -29, -23, 19] [-18, -18, -5, 27] [-27, -9, -10, -20]
[8, 30, 0, -48] [14, 1, 15, -26] [6, 33, -1, -92] [0, 0, 0, 0] [42, -87, 37, 0] [17, -10, 3, 22] [7, 3, 6, -6]
[-16, -26, -25, 4] [20, 3, -18, 0] [-6, 4, -32, -33] [34, 10, -87, 10] [10, -10, -13, 38] [-3, 15, -13, -4] [-37, -64, -13, 17]
[12, 22, 7, 0] [2, -2, -11, -11] [8, 1, 15, -7] [-7, 9, -20, 9] [7, -2, -14, -1] [25, -10, -18, -1] [32, 3, 11, 30]
[-14, -6, -2, -15] [-6, -7, -11, -6] [-6, 7, 20, 3] [-18, 22, -31, -9] [31, 24, -13, 22] [21, -26, -36, 20] [-3, 9, 9, -3]
Food (up, right, down, left):
[23, 15, 5, 20] [-10, 16, -5, -27] [32, -5, 3, 17] [-7, -2, 35, 20] [-10, 11, 20, -10] [-12, -16, -10, -14] [-31, 19, -17, -14]
[-61, -11, -24, -18] [9, -10, -11, -21] [-3, 16, 16, 33] [-8, 14, -36, 26] [27, 14, 5, -36] [33, -10, -33, 27] [22, -1, 20, 16]
[-19, 3, 21, -30] [3, 1, 1, 32] [-45, -30, -36, 31] [37, -38, 17, 0] [-10, -3, 0, -16] [-5, -1, -42, -35] [28, 30, 6, 28]
[24, 6, 12, 46] [-4, -11, -33, 30] [7, -15, -28, -14] [0, 0, 0, 0] [-19, 62, -22, 1] [-12, -7, -24, -2] [-9, 32, -24, 8]
[-9, 9, -12, 16] [3, 10, 7, 14] [21, -8, 31, 2] [-4, -17, 22, -18] [9, -9, 1, -36] [-6, 34, 17, 27] [6, -16, -9, -25]
[9, -9, 11, -7] [4, 17, 21, 10] [11, 5, 16, 21] [-28, -22, 26, -25] [-40, -26, -2, -31] [-9, 26, -3, 17] [7, 42, -9, 18]
[3, 1, -19, -21] [21, 2, 3, -44] [11, 26, 4, -19] [-4, 16, 40, -41] [37, 31, -8, -9] [12, 25, 23, -12] [21, -35, 19, -19]
------------------------------
ALIVE
Head: (12 40)
Body: (12 40) (11 40) (10 40) (10 39) (10 38) (10 37) (9 37) (8 37) (7 37) 
Length: 9, 4
Vision: 3
Hungry, suplies: 10/10
Reproductive: 16, mutating: 0.25
Generation: 36529
####################################
Wall (up, right, down, left):
[17, -4, -9, -4] [-2, -2, -7, 12] [-17, 13, 11, -7] [15, 6, 31, 8] [-19, 1, 31, -15] [5, -7, 3, -15] [-12, -12, -20, -11]
[-11, -16, 30, -8] [2, 29, -4, 11] [-21, -4, 4, -2] [-15, 11, 11, 4] [23, 0, 4, 3] [-19, -24, 18, 14] [-14, 4, 3, 6]
[-4, -3, 35, -2] [-4, 27, -16, 2] [-22, -10, 36, 0] [-70, 25, 36, 22] [-40, -29, -23, 19] [-18, -18, -5, 27] [-27, -9, -10, -20]
[8, 30, 0, -48] [14, 1, 15, -26] [6, 33, -1, -92] [0, 0, 0, 0] [42, -87, 37, 0] [20, -10, 3, 19] [7, 3, 6, -6]
[-16, -26, -25, 4] [17, 3, -18, 0] [-6, 4, -32, -33] [32, 10, -87, 10] [10, -10, -13, 38] [-3, 15, -13, -8] [-37, -64, -13, 17]
[12, 22, 7, 0] [2, -2, -11, -11] [13, 1, 15, -7] [-7, 9, -20, 9] [7, -2, -14, -1] [25, -10, -18, -1] [32, 3, 11, 30]
[-14, -6, -2, -15] [-6, -7, -11, -6] [-6, 7, 20, 3] [-18, 22, -31, -9] [31, 24, -13, 22] [21, -26, -36, 20] [-3, 9, 9, -3]
Food (up, right, down, left):
[23, 15, 5, 20] [-10, 16, -5, -27] [32, -5, 3, 17] [-7, -2, 35, 20] [-10, 11, 24, -10] [-12, -16, -10, -17] [-31, 19, -17, -14]
[-61, -11, -24, -18] [9, -10, -11, -21] [-3, 12, 16, 31] [-8, 19, -36, 26] [27, 14, 7, -36] [33, -10, -33, 27] [22, -1, 24, 16]
[-19, 3, 21, -30] [3, 1, 1, 32] [-45, -30, -36, 31] [37, -38, 20, 2] [-10, -3, 0, -16] [-5, -1, -42, -35] [28, 30, 6, 28]
[24, 6, 12, 46] [-4, -11, -33, 30] [7, -15, -28, -14] [0, 0, 0, 0] [-19, 62, -22, 1] [-12, -13, -24, -2] [-9, 32, -24, 8]
[-9, 9, -12, 16] [3, 10, 7, 14] [21, -8, 31, 2] [-6, -17, 22, -18] [9, -9, 1, -36] [-6, 34, 17, 25] [6, -16, -9, -25]
[9, -9, 11, -7] [4, 17, 21, 10] [13, 5, 16, 24] [-28, -22, 26, -25] [-40, -26, -2, -31] [-9, 26, -3, 17] [7, 42, -9, 18]
[3, 1, -19, -21] [21, 2, 3, -44] [11, 26, 4, -19] [-4, 16, 40, -41] [37, 31, -8, -9] [12, 25, 23, -12] [21, -35, 19, -19]
------------------------------
ALIVE
Head: (4 36)
Body: (4 36) (3 36) (3 37) (3 38) (4 38) (4 39) (4 40) (5 40) (5 41) (5 42) (5 43) 
Length: 11, 4
Vision: 3
Hungry, suplies: 7/10
Reproductive: 16, mutating: 0.25
Generation: 36530
####################################
Wall (up, right, down, left):
[17, -4, -9, -4] [-2, -2, -7, 12] [-17, 13, 11, -7] [15, 6, 31, 8] [-19, 1, 31, -15] [3, -7, 3, -15] [-12, -12, -20, -11]
[-11, -16, 30, -8] [2, 29, -4, 11] [-21, -2, 4, -4] [-15, 11, 11, 4] [24, 0, 4, 3] [-19, -24, 18, 14] [-14, 0, 3, 6]
[-4, -3, 35, -2] [-4, 27, -16, 2] [-18, -10, 36, 0] [-67, 25, 36, 22] [-40, -29, -23, 19] [-18, -18, -5, 27] [-27, -9, -10, -20]
[8, 30, 0, -48] [14, 4, 15, -26] [6, 33, -1, -92] [0, 0, 0, 0] [42, -87, 37, 0] [17, -10, 3, 22] [7, 3, 6, -6]
[-16, -26, -25, 4] [17, 3, -18, 0] [-6, 4, -32, -32] [32, 10, -87, 10] [10, -10, -13, 38] [0, 15, -13, -8] [-37, -64, -13, 17]
[12, 22, 7, 0] [2, -2, -11, -11] [13, 1, 15, -7] [-7, 9, -20, 9] [7, -2, -14, -1] [25, -13, -18, -1] [32, 3, 11, 30]
[-14, -6, -2, -15] [-6, -7, -11, -6] [-6, 7, 20, 3] [-18, 22, -31, -9] [31, 24, -13, 22] [21, -26, -36, 20] [-3, 9, 9, -3]
Food (up, right, down, left):
[23, 15, 5, 20] [-10, 16, -5, -27] [32, -5, 3, 17] [-7, -2, 35, 20] [-10, 11, 24, -10] [-12, -16, -10, -14] [-31, 19, -17, -14]
[-61, -11, -24, -18] [9, -10, -11, -21] [-3, 16, 16, 29] [-8, 14, -36, 26] [27, 14, 5, -36] [33, -10, -33, 27] [22, -1, 20, 16]
[-19, 3, 21, -30] [3, 1, 1, 32] [-45, -35, -36, 31] [37, -38, 17, 0] [-10, -3, 0, -16] [-5, -1, -42, -35] [28, 30, 6, 28]
[24, 6, 12, 46] [-8, -11, -33, 30] [7, -15, -28, -14] [0, 0, 0, 0] [-19, 62, -22, 1] [-12, -7, -24, -2] [-9, 32, -24, 8]
[-9, 9, -12, 16] [3, 10, 7, 14] [21, -8, 34, 2] [-6, -17, 22, -18] [9, -9, 1, -36] [-6, 34, 19, 25] [6, -16, -9, -25]
[9, -9, 11, -7] [4, 17, 21, 10] [13, 5, 16, 24] [-28, -22, 26, -25] [-40, -26, -2, -31] [-9, 26, -3, 20] [7, 42, -9, 18]
[3, 1, -19, -21] [21, 2, 3, -44] [11, 26, 4, -19] [-4, 16, 40, -41] [37, 31, -8, -9] [12, 25, 23, -12] [21, -35, 19, -19]
------------------------------
ALIVE
Head: (18 55)
Body: (18 55) (17 55) (17 54) (17 53) (17 52) (17 51) (17 50) (17 49) 
Length: 8, 4
Vision: 3
Hungry, suplies: 6/10
Reproductive: 16, mutating: 0.25
Generation: 36524
####################################
Wall (up, right, down, left):
[17, -4, -9, -4] [-2, -2, -7, 12] [-17, 13, 11, -7] [15, 6, 31, 8] [-19, 1, 31, -15] [5, -7, 3, -15] [-12, -12, -20, -11]
[-11, -16, 30, -8] [2, 29, -4, 11] [-21, -4, 4, -2] [-15, 11, 11, 4] [23, 0, 4, 3] [-19, -24, 18, 14] [-14, 4, 3, 6]
[-4, -3, 35, -2] [-4, 27, -16, 2] [-22, -10, 36, 0] [-70, 25, 36, 22] [-40, -29, -23, 19] [-18, -18, -5, 27] [-27, -9, -10, -20]
[8, 30, 0, -48] [14, 1, 15, -26] [6, 33, -1, -92] [0, 0, 0, 0] [42, -87, 37, 0] [20, -10, 3, 19] [7, 3, 6, -6]
[-16, -26, -25, 4] [17, 3, -18, 0] [-6, 4, -32, -33] [32, 10, -87, 10] [10, -10, -13, 38] [-3, 15, -13, -8] [-37, -64, -13, 17]
[12, 22, 7, 0] [2, -2, -11, -11] [13, 1, 15, -7] [-7, 9, -20, 9] [7, -2, -14, -1] [25, -10, -18, -1] [32, 3, 11, 30]
[-14, -6, -2, -15] [-6, -7, -11, -6] [-6, 7, 20, 3] [-18, 22, -31, -9] [31, 24, -13, 22] [21, -26, -36, 20] [-3, 9, 9, -3]
Food (up, right, down, left):
[23, 15, 5, 20] [-10, 16, -5, -27] [32, -5, 3, 17] [-7, -2, 35, 20] [-10, 11, 24, -10] [-12, -16, -10, -17] [-31, 19, -17, -14]
[-61, -11, -24, -18] [9, -10, -11, -21] [-3, 12, 16, 31] [-8, 19, -36, 26] [27, 14, 7, -36] [33, -10, -33, 27] [22, -1, 24, 16]
[-19, 3, 21, -30] [3, 1, 1, 32] [-45, -30, -36, 31] [37, -38, 20, 2] [-10, -3, 0, -16] [-5, -1, -42, -35] [28, 30, 6, 28]
[24, 6, 12, 46] [-4, -11, -33, 30] [7, -15, -28, -14] [0, 0, 0, 0] [-19, 62, -22, 1] [-12, -13, -24, -2] [-9, 32, -24, 8]
[-9, 9, -12, 16] [3, 10, 7, 14] [21, -8, 31, 2] [-6, -17, 22, -18] [9, -9, 1, -36] [-6, 34, 17, 25] [6, -16, -9, -25]
[9, -9, 11, -7] [4, 17, 21, 10] [13, 5, 16, 24] [-28, -22, 26, -25] [-40, -26, -2, -31] [-9, 26, -3, 17] [7, 42, -9, 18]
[3, 1, -19, -21] [21, 2, 3, -44] [11, 26, 4, -19] [-4, 16, 40, -41] [37, 31, -8, -9] [12, 25, 23, -12] [21, -35, 19, -19]
------------------------------
ALIVE
Head: (13 51)
Body: (13 51) (13 52) (12 52) (12 53) (12 54) (12 55) (11 55) (10 55) (10 54) (9 54) (9 53) (9 52) (8 52) 
Length: 13, 4
Vision: 3
Hungry, suplies: 4/10
Reproductive: 16, mutating: 0.25
Generation: 36531
####################################
Wall (up, right, down, left):
[17, -4, -9, -4] [-2, -2, -7, 12] [-17, 13, 11, -7] [15, 6, 31, 8] [-19, 1, 31, -15] [5, -7, 3, -15] [-12, -12, -20, -11]
[-11, -16, 30, -8] [2, 29, -4, 11] [-21, -4, 4, -2] [-15, 11, 11, 4] [23, 0, 4, 3] [-19, -24, 18, 14] [-14, 4, 3, 6]
[-4, -3, 35, -2] [-4, 27, -16, 2] [-22, -10, 36, 0] [-70, 25, 36, 22] [-40, -29, -23, 19] [-18, -18, -5, 27] [-27, -9, -10, -20]
[8, 30, 0, -48] [14, 1, 15, -26] [6, 33, -1, -92] [0, 0, 0, 0] [42, -87, 37, 0] [20, -10, 3, 19] [7, 3, 6, -6]
[-16, -26, -25, 4] [17, 3, -18, 0] [-6, 4, -32, -33] [32, 10, -87, 10] [10, -10, -13, 38] [-3, 15, -13, -8] [-37, -64, -13, 17]
[12, 22, 7, 0] [2, -2, -11, -11] [13, 1, 15, -7] [-7, 9, -20, 9] [7, -2, -14, -1] [25, -10, -18, -1] [32, 3, 11, 30]
[-14, -6, -2, -15] [-6, -7, -11, -6] [-6, 7, 20, 3] [-18, 22, -31, -9] [31, 24, -13, 22] [21, -26, -36, 20] [-3, 9, 9, -3]
Food (up, right, down, left):
[23, 15, 5, 20] [-10, 16, -5, -27] [32, -5, 3, 17] [-7, -2, 35, 20] [-10, 11, 24, -10] [-12, -16, -10, -17] [-31, 19, -17, -14]
[-61, -11, -24, -18] [9, -10, -11, -21] [-3, 12, 16, 31] [-8, 19, -36, 26] [27, 14, 7, -36] [33, -10, -33, 27] [22, -1, 24, 16]
[-19, 3, 21, -30] [3, 1, 1, 32] [-45, -30, -36, 31] [37, -38, 20, 2] [-10, -3, 0, -16] [-5, -1, -42, -35] [28, 30, 6, 28]
[24, 6, 12, 46] [-4, -11, -33, 30] [7, -15, -28, -14] [0, 0, 0, 0] [-19, 62, -22, 1] [-12, -13, -24, -2] [-9, 32, -24, 8]
[-9, 9, -12, 16] [3, 10, 7, 14] [21, -8, 31, 2] [-6, -17, 22, -18] [9, -9, 1, -36] [-6, 34, 17, 25] [6, -16, -9, -25]
[9, -9, 11, -7] [4, 17, 21, 10] [13, 5, 16, 24] [-28, -22, 26, -25] [-40, -26, -2, -31] [-9, 26, -3, 17] [7, 42, -9, 18]
[3, 1, -19, -21] [21, 2, 3, -44] [11, 26, 4, -19] [-4, 16, 40, -41] [37, 31, -8, -9] [12, 25, 23, -12] [21, -35, 19, -19]
------------------------------
ALIVE
Head: (7 49)
Body: (7 49) (6 49) (6 48) (5 48) (5 49) (4 49) (4 48) (4 47) (4 46) (4 45) (4 44) (4 43) (3 43) 
Length: 13, 4
Vision: 3
Hungry, suplies: 10/10
Reproductive: 16, mutating: 0.25
Generation: 36531
####################################
Wall (up, right, down, left):
[17, -4, -9, -4] [-2, -2, -7, 12] [-17, 13, 11, -7] [15, 6, 31, 8] [-19, 1, 31, -15] [3, -7, 3, -15] [-12, -12, -20, -11]
[-11, -16, 30, -8] [2, 29, -4, 11] [-21, -2, 4, -4] [-15, 11, 11, 4] [24, 0, 4, 3] [-19, -24, 18, 14] [-14, 0, 3, 6]
[-4, -3, 35, -2] [-4, 27, -16, 2] [-18, -10, 36, 0] [-67, 25, 36, 22] [-40, -29, -23, 19] [-18, -18, -5, 27] [-27, -9, -10, -20]
[8, 30, 0, -48] [14, 4, 15, -26] [6, 33, -1, -92] [0, 0, 0, 0] [42, -87, 37, 0] [17, -10, 3, 22] [7, 3, 6, -6]
[-16, -26, -25, 4] [17, 3, -18, 0] [-6, 4, -32, -32] [32, 10, -87, 10] [10, -10, -13, 38] [0, 15, -13, -8] [-37, -64, -13, 17]
[12, 22, 7, 0] [2, -2, -11, -11] [13, 1, 15, -7] [-7, 9, -20, 9] [7, -2, -14, -1] [25, -13, -18, -1] [32, 3, 11, 30]
[-14, -6, -2, -15] [-6, -7, -11, -6] [-6, 7, 20, 3] [-18, 22, -31, -9] [31, 24, -13, 22] [21, -26, -37, 20] [-3, 9, 9, -3]
Food (up, right, down, left):
[23, 15, 5, 20] [-10, 16, -5, -27] [32, -5, 3, 17] [-7, -2, 35, 20] [-10, 11, 24, -10] [-12, -16, -10, -14] [-31, 19, -17, -14]
[-61, -11, -24, -18] [9, -10, -11, -21] [-3, 16, 16, 29] [-8, 14, -36, 26] [27, 14, 5, -36] [33, -10, -33, 27] [22, -1, 20, 16]
[-19, 3, 21, -30] [3, 1, 1, 32] [-45, -35, -36, 31] [37, -38, 17, 0] [-10, -3, 0, -16] [-5, -1, -42, -35] [28, 30, 6, 28]
[24, 6, 12, 46] [-8, -11, -33, 30] [7, -15, -28, -14] [0, 0, 0, 0] [-19, 62, -22, 1] [-12, -7, -24, -2] [-9, 32, -24, 8]
[-9, 9, -12, 16] [3, 10, 7, 14] [21, -8, 34, 2] [-6, -17, 22, -18] [9, -9, 1, -36] [-6, 34, 19, 25] [6, -16, -9, -25]
[9, -9, 11, -7] [4, 17, 21, 10] [13, 5, 16, 24] [-28, -22, 26, -25] [-40, -26, -2, -31] [-9, 26, -3, 20] [7, 42, -9, 18]
[3, 1, -19, -21] [21, 2, 3, -44] [11, 26, 4, -19] [-4, 16, 40, -41] [37, 31, -8, -9] [12, 26, 23, -12] [21, -35, 19, -19]
------------------------------
ALIVE
Head: (21 42)
Body: (21 42) (20 42) (19 42) (19 41) (20 41) (21 41) (22 41) (22 40) (22 39) (23 39) (23 38) (23 37) (24 37) 
Length: 13, 4
Vision: 3
Hungry, suplies: 4/10
Reproductive: 16, mutating: 0.25
Generation: 36523
####################################
Wall (up, right, down, left):
[17, -4, -9, -4] [-2, -2, -7, 12] [-17, 13, 11, -7] [15, 6, 31, 8] [-19, 1, 31, -15] [5, -7, 3, -15] [-12, -12, -20, -11]
[-12, -16, 30, -8] [2, 29, -4, 11] [-21, -4, 4, -4] [-15, 11, 11, 4] [23, 0, 4, 3] [-19, -24, 18, 14] [-14, 4, 3, 6]
[-4, -3, 35, -2] [-4, 27, -16, 2] [-22, -10, 36, 0] [-70, 25, 36, 22] [-40, -29, -23, 19] [-18, -18, -5, 27] [-27, -9, -10, -20]
[8, 30, 0, -48] [14, 1, 15, -26] [6, 33, -1, -92] [0, 0, 0, 0] [42, -87, 37, 0] [20, -10, 3, 19] [7, 3, 6, -6]
[-16, -26, -25, 4] [17, 3, -18, 0] [-6, 4, -32, -33] [32, 10, -87, 10] [10, -10, -13, 38] [-3, 15, -13, -8] [-37, -64, -13, 17]
[12, 22, 7, 0] [2, -2, -11, -11] [13, 1, 15, -7] [-7, 9, -20, 9] [7, -2, -14, -1] [25, -10, -18, -1] [32, 3, 11, 30]
[-14, -6, -2, -15] [-6, -7, -11, -6] [-6, 7, 20, 3] [-18, 22, -31, -9] [31, 24, -13, 22] [21, -26, -36, 20] [-3, 9, 9, -3]
Food (up, right, down, left):
[23, 15, 5, 20] [-10, 16, -5, -27] [32, -5, 3, 17] [-7, -2, 35, 20] [-10, 11, 24, -10] [-12, -16, -10, -17] [-31, 19, -17, -14]
[-56, -11, -24, -18] [9, -10, -11, -21] [-3, 16, 16, 31] [-8, 19, -36, 26] [27, 14, 7, -36] [33, -10, -33, 27] [22, -1, 24, 16]
[-19, 3, 21, -30] [3, 1, 1, 32] [-45, -30, -36, 31] [37, -38, 20, 2] [-10, -3, 0, -16] [-5, -1, -42, -35] [28, 30, 6, 28]
[24, 6, 12, 46] [-4, -11, -33, 30] [7, -15, -28, -14] [0, 0, 0, 0] [-19, 62, -22, 1] [-12, -13, -24, -2] [-9, 32, -24, 8]
[-9, 9, -12, 16] [3, 10, 7, 14] [21, -8, 31, 2] [-6, -17, 22, -18] [9, -9, 1, -36] [-6, 34, 17, 25] [6, -16, -9, -25]
[9, -9, 11, -7] [4, 17, 21, 10] [13, 5, 16, 24] [-28, -22, 26, -25] [-40, -26, -2, -31] [-9, 26, -3, 17] [7, 42, -9, 18]
[3, 1, -19, -21] [21, 2, 3, -44] [11, 26, 4, -19] [-4, 16, 40, -41] [37, 31, -8, -9] [12, 25, 23, -12] [21, -35, 19, -19]
------------------------------
ALIVE
Head: (12 32)
Body: (12 32) (12 33) (13 33) (13 34) (13 35) (12 35) (12 34) (11 34) 
Length: 8, 4
Vision: 3
Hungry, suplies: 2/10
Reproductive: 16, mutating: 0.25
Generation: 36535
####################################
Wall (up, right, down, left):
[17, -4, -9, -4] [-2, -2, -7, 12] [-17, 13, 11, -7] [15, 6, 31, 8] [-19, 1, 31, -15] [5, -7, 3, -15] [-12, -12, -20, -11]
[-12, -16, 30, -8] [2, 29, -4, 11] [-21, -4, 4, -4] [-15, 11, 11, 4] [23, 0, 4, 3] [-19, -24, 18, 14] [-14, 4, 3, 6]
[-4, -3, 35, -2] [-4, 27, -16, 2] [-22, -10, 36, 0] [-70, 25, 36, 22] [-40, -29, -23, 19] [-18, -18, -5, 27] [-27, -9, -10, -20]
[8, 30, 0, -48] [14, 1, 15, -26] [6, 33, -1, -92] [0, 0, 0, 0] [42, -87, 37, 0] [20, -10, 3, 19] [7, 3, 6, -6]
[-16, -26, -25, 4] [17, 3, -18, 0] [-6, 4, -32, -33] [32, 10, -87, 10] [10, -10, -13, 38] [-3, 15, -13, -8] [-37, -64, -13, 17]
[12, 22, 7, 0] [2, -2, -11, -11] [13, 1, 15, -7] [-7, 9, -20, 9] [7, -2, -14, -1] [25, -9, -18, -1] [32, 3, 11, 30]
[-14, -6, -2, -15] [-6, -7, -11, -6] [-6, 7, 20, 3] [-18, 22, -31, -9] [31, 24, -13, 22] [21, -26, -36, 20] [-3, 9, 9, -3]
Food (up, right, down, left):
[23, 15, 5, 20] [-10, 16, -5, -27] [32, -5, 3, 17] [-7, -2, 35, 20] [-10, 11, 24, -10] [-12, -16, -10, -17] [-31, 19, -17, -14]
[-56, -11, -24, -18] [9, -10, -11, -21] [-3, 16, 16, 31] [-8, 19, -36, 26] [27, 14, 7, -36] [33, -10, -33, 27] [22, -1, 24, 16]
[-19, 3, 21, -30] [3, 1, 1, 32] [-45, -30, -36, 31] [37, -38, 20, 2] [-10, -3, 0, -16] [-5, -1, -42, -35] [28, 30, 6, 28]
[24, 6, 12, 46] [-4, -11, -33, 30] [7, -15, -28, -14] [0, 0, 0, 0] [-19, 62, -22, 1] [-12, -13, -24, -2] [-9, 32, -24, 8]
[-9, 9, -12, 16] [3, 10, 7, 14] [21, -8, 31, 2] [-6, -17, 22, -18] [9, -9, 1, -36] [-6, 34, 17, 25] [6, -16, -9, -25]
[9, -9, 11, -7] [4, 17, 21, 10] [13, 5, 16, 24] [-28, -22, 26, -25] [-40, -26, -2, -31] [-6, 26, -3, 17] [7, 42, -9, 18]
[3, 1, -19, -21] [21, 2, 3, -44] [11, 26, 4, -19] [-4, 16, 40, -41] [37, 31, -8, -9] [12, 25, 23, -12] [21, -35, 19, -19]
------------------------------
ALIVE
Head: (3 10)
Body: (3 10) (2 10) (2 9) (2 8) (2 7) (3 7) (4 7) (5 7) (5 8) (5 9) (6 9) (7 9) 
Length: 12, 4
Vision: 3
Hungry, suplies: 9/10
Reproductive: 16, mutating: 0.25
Generation: 36536
####################################
Wall (up, right, down, left):
[17, -4, -9, -4] [-2, -2, -7, 12] [-17, 13, 11, -7] [15, 6, 31, 8] [-19, 1, 31, -15] [5, -7, 3, -15] [-12, -12, -20, -11]
[-11, -16, 30, -8] [2, 29, -4, 11] [-21, -4, 4, -2] [-15, 11, 11, 4] [23, 0, 4, 3] [-19, -24, 18, 14] [-14, 4, 3, 6]
[-4, -3, 35, -2] [-4, 27, -16, 2] [-22, -10, 36, 0] [-70, 25, 36, 22] [-40, -29, -23, 19] [-18, -18, -5, 27] [-27, -9, -10, -20]
[8, 30, 0, -48] [14, 1, 15, -26] [6, 33, -1, -92] [0, 0, 0, 0] [42, -87, 37, 0] [20, -10, 3, 19] [7, 3, 6, -6]
[-16, -26, -25, 4] [17, 3, -18, 0] [-6, 4, -32, -33] [32, 10, -87, 10] [10, -10, -13, 38] [-3, 15, -13, -8] [-37, -64, -13, 17]
[12, 22, 7, 0] [2, -2, -11, -11] [13, 1, 15, -7] [-7, 9, -20, 9] [7, -2, -14, -1] [25, -10, -18, -1] [32, 3, 11, 30]
[-14, -6, -2, -15] [-6, -7, -11, -6] [-6, 7, 20, 3] [-18, 22, -31, -9] [31, 24, -13, 22] [21, -26, -36, 20] [-3, 9, 9, -3]
Food (up, right, down, left):
[23, 15, 5, 20] [-10, 16, -5, -27] [32, -5, 3, 17] [-7, -2, 35, 20] [-10, 11, 24, -10] [-12, -16, -10, -17] [-31, 19, -17, -14]
[-61, -11, -24, -18] [9, -10, -11, -21] [-3, 12, 16, 31] [-8, 19, -36, 26] [27, 14, 7, -36] [33, -10, -33, 27] [22, -1, 24, 16]
[-19, 3, 21, -30] [3, 1, 1, 32] [-45, -30, -36, 31] [37, -38, 20, 2] [-10, -3, 0, -16] [-5, -1, -42, -35] [28, 30, 6, 28]
[24, 6, 12, 46] [-4, -11, -33, 30] [7, -15, -28, -14] [0, 0, 0, 0] [-19, 62, -22, 1] [-12, -13, -24, -2] [-9, 32, -24, 8]
[-9, 9, -12, 16] [3, 10, 7, 14] [21, -8, 31, 2] [-6, -17, 22, -18] [9, -9, 1, -36] [-6, 34, 17, 25] [6, -16, -9, -25]
[9, -9, 11, -7] [4, 17, 21, 10] [13, 5, 16, 24] [-28, -22, 26, -25] [-40, -26, -2, -31] [-9, 26, -3, 17] [7, 42, -9, 18]
[3, 1, -19, -21] [21, 2, 3, -44] [11, 26, 4, -19] [-4, 16, 40, -41] [37, 31, -8, -9] [12, 25, 23, -12] [21, -35, 19, -19]
------------------------------
DEAD: Wall
Head: (17 26)
Body: (17 26) (17 27) (17 28) (17 29) (16 29) (16 30) (17 30) (18 30) (18 29) (18 28) (18 27) (18 26) 
Length: 12, 4
Vision: 3
Hungry, suplies: 4/10
Reproductive: 16, mutating: 0.25
Generation: 36532
####################################
Wall (up, right, down, left):
[17, -4, -9, -4] [-2, -2, -7, 12] [-17, 13, 11, -7] [15, 6, 31, 8] [-19, 4, 31, -15] [3, -7, 3, -15] [-12, -12, -20, -11]
[-11, -16, 30, -8] [2, 29, -4, 11] [-21, -2, 4, -6] [-15, 11, 11, 4] [24, 0, 4, 3] [-19, -24, 18, 14] [-14, 0, 3, 6]
[-4, -3, 35, -2] [-4, 27, -16, 2] [-22, -10, 36, 0] [-67, 25, 36, 22] [-40, -29, -23, 19] [-18, -18, -5, 27] [-27, -9, -10, -20]
[8, 30, 0, -48] [14, 1, 15, -26] [6, 33, -1, -92] [0, 0, 0, 0] [42, -87, 37, 0] [17, -10, 3, 22] [7, 3, 6, -6]
[-16, -26, -25, 4] [20, 3, -18, 0] [-6, 4, -32, -33] [34, 10, -87, 10] [10, -10, -13, 38] [-3, 15, -13, -4] [-37, -64, -13, 17]
[12, 22, 7, 0] [2, -2, -11, -11] [8, 1, 15, -7] [-7, 9, -20, 9] [7, -2, -14, -1] [25, -10, -18, -1] [32, 3, 11, 30]
[-14, -6, -2, -15] [-6, -7, -11, -6] [-6, 7, 20, 3] [-18, 22, -31, -9] [31, 24, -13, 22] [21, -26, -36, 20] [-3, 9, 9, -3]
Food (up, right, down, left):
[23, 15, 5, 20] [-10, 16, -5, -27] [32, -5, 3, 17] [-7, -2, 35, 20] [-10, 11, 20, -10] [-12, -16, -10, -14] [-31, 19, -17, -14]
[-61, -11, -24, -18] [9, -10, -11, -21] [-3, 16, 16, 33] [-8, 14, -36, 26] [27, 14, 5, -36] [33, -10, -33, 27] [22, -1, 20, 16]
[-19, 3, 21, -30] [3, 1, 1, 32] [-45, -30, -36, 31] [37, -38, 17, 0] [-10, -3, 0, -16] [-5, -1, -42, -35] [28, 30, 6, 28]
[24, 6, 12, 46] [-4, -11, -33, 30] [7, -15, -28, -14] [0, 0, 0, 0] [-19, 62, -22, 1] [-12, -7, -24, -2] [-9, 32, -24, 8]
[-9, 9, -12, 16] [3, 10, 7, 14] [21, -8, 31, 2] [-4, -17, 22, -18] [9, -9, 1, -36] [-6, 34, 17, 27] [6, -16, -9, -25]
[9, -9, 11, -7] [4, 17, 21, 10] [11, 5, 16, 21] [-28, -22, 26, -25] [-40, -26, -2, -31] [-9, 26, -3, 17] [7, 42, -9, 18]
[3, 1, -19, -21] [21, 2, 3, -44] [11, 26, 4, -19] [-4, 16, 40, -41] [37, 31, -8, -9] [12, 25, 23, -12] [21, -35, 19, -19]
------------------------------
ALIVE
Head: (23 35)
Body: (23 35) (22 35) (22 34) (22 33) (22 32) (21 32) (20 32) (20 31) (19 31) (18 31) (18 32) (17 32) 
Length: 12, 4
Vision: 3
Hungry, suplies: 4/10
Reproductive: 16, mutating: 0.25
Generation: 36530
####################################
Wall (up, right, down, left):
[17, -4, -9, -4] [-2, -2, -7, 12] [-17, 13, 11, -7] [15, 6, 31, 8] [-19, 1, 31, -15] [5, -7, 3, -15] [-12, -12, -20, -11]
[-11, -16, 30, -8] [2, 29, -4, 11] [-21, -4, 4, -2] [-15, 11, 11, 4] [23, 0, 4, 3] [-19, -24, 18, 14] [-14, 4, 3, 6]
[-4, -3, 35, -2] [-4, 27, -16, 2] [-22, -10, 36, 0] [-70, 25, 36, 22] [-40, -29, -23, 19] [-18, -18, -5, 27] [-27, -9, -10, -20]
[8, 30, 0, -48] [14, 1, 15, -26] [6, 33, -1, -92] [0, 0, 0, 0] [42, -87, 37, 0] [20, -10, 3, 19] [7, 3, 6, -6]
[-16, -26, -25, 4] [17, 3, -18, 0] [-6, 4, -32, -33] [32, 10, -87, 10] [10, -10, -13, 38] [-3, 15, -13, -8] [-37, -64, -13, 17]
[12, 22, 7, 0] [2, -2, -11, -11] [13, 1, 15, -7] [-7, 9, -20, 9] [7, -2, -14, -1] [25, -10, -18, -1] [32, 3, 11, 30]
[-14, -6, -2, -15] [-6, -7, -11, -6] [-6, 7, 20, 3] [-18, 22, -31, -9] [31, 24, -13, 22] [21, -26, -36, 20] [-3, 9, 9, -3]
Food (up, right, down, left):
[23, 15, 5, 20] [-10, 16, -5, -27] [32, -5, 3, 17] [-7, -2, 35, 20] [-10, 11, 24, -10] [-12, -16, -10, -17] [-31, 19, -17, -14]
[-61, -11, -24, -18] [9, -10, -11, -21] [-3, 12, 16, 31] [-8, 19, -36, 26] [27, 14, 7, -36] [33, -10, -33, 27] [22, -1, 24, 16]
[-19, 3, 21, -30] [3, 1, 1, 32] [-45, -30, -36, 31] [37, -38, 20, 2] [-10, -3, 0, -16] [-5, -1, -42, -35] [28, 30, 6, 28]
[24, 6, 12, 46] [-4, -11, -33, 30] [7, -15, -28, -14] [0, 0, 0, 0] [-19, 62, -22, 1] [-12, -13, -24, -2] [-9, 32, -24, 8]
[-9, 9, -12, 16] [3, 10, 7, 14] [21, -8, 31, 2] [-6, -17, 22, -18] [9, -9, 1, -36] [-6, 34, 17, 25] [6, -16, -9, -25]
[9, -9, 11, -7] [4, 17, 21, 10] [13, 5, 16, 24] [-28, -22, 26, -25] [-40, -26, -2, -31] [-9, 26, -3, 17] [7, 42, -9, 18]
[3, 1, -19, -21] [21, 2, 3, -44] [11, 26, 4, -19] [-4, 16, 40, -41] [37, 31, -8, -9] [12, 25, 23, -12] [21, -35, 19, -19]
------------------------------
ALIVE
Head: (18 38)
Body: (18 38) (18 39) (18 40) (18 41) (18 42) (17 42) (17 43) (17 44) (18 44) (18 45) 
Length: 10, 4
Vision: 3
Hungry, suplies: 1/10
Reproductive: 16, mutating: 0.25
Generation: 36531
####################################
Wall (up, right, down, left):
[17, -4, -9, -4] [-2, -2, -7, 12] [-17, 13, 11, -7] [15, 6, 31, 8] [-19, 1, 31, -15] [5, -7, 3, -15] [-12, -12, -20, -11]
[-11, -16, 30, -8] [2, 29, -4, 11] [-21, -4, 4, -2] [-15, 11, 11, 4] [23, 0, 4, 3] [-19, -24, 18, 14] [-14, 4, 3, 6]
[-4, -3, 35, -2] [-4, 27, -16, 2] [-22, -10, 36, 0] [-70, 25, 36, 22] [-40, -29, -23, 19] [-18, -18, -5, 27] [-27, -9, -10, -20]
[8, 30, 0, -48] [14, 1, 15, -26] [6, 33, -1, -92] [0, 0, 0, 0] [42, -87, 37, 0] [20, -10, 3, 19] [7, 3, 6, -6]
[-16, -26, -25, 4] [17, 3, -18, 0] [-6, 4, -32, -33] [32, 10, -87, 10] [10, -10, -13, 38] [-3, 15, -13, -8] [-37, -64, -13, 17]
[12, 22, 7, 0] [2, -2, -11, -11] [13, 1, 15, -7] [-7, 9, -20, 9] [7, -2, -14, -1] [25, -10, -18, -1] [32, 3, 11, 30]
[-14, -6, -2, -15] [-6, -7, -11, -6] [-6, 7, 20, 3] [-18, 22, -31, -9] [31, 24, -13, 22] [21, -26, -36, 20] [-3, 9, 9, -3]
Food (up, right, down, left):
[23, 15, 5, 20] [-10, 16, -5, -27] [32, -5, 3, 17] [-7, -2, 35, 20] [-10, 11, 24, -10] [-12, -16, -10, -17] [-31, 19, -17, -14]
[-61, -11, -24, -18] [9, -10, -11, -21] [-3, 12, 16, 31] [-8, 19, -36, 26] [27, 14, 7, -36] [33, -10, -33, 27] [22, -1, 24, 16]
[-19, 3, 21, -30] [3, 1, 1, 32] [-45, -30, -36, 31] [37, -38, 20, 2] [-10, -3, 0, -16] [-5, -1, -42, -35] [28, 30, 6, 28]
[24, 6, 12, 46] [-4, -11, -33, 30] [7, -15, -28, -14] [0, 0, 0, 0] [-19, 62, -22, 1] [-12, -13, -24, -2] [-9, 32, -24, 8]
[-9, 9, -12, 16] [3, 10, 7, 14] [21, -8, 31, 2] [-6, -17, 22, -18] [9, -9, 1, -36] [-6, 34, 17, 25] [6, -16, -9, -25]
[9, -9, 11, -7] [4, 17, 21, 10] [13, 5, 16, 24] [-28, -22, 26, -25] [-40, -26, -2, -31] [-9, 26, -3, 17] [7, 42, -9, 18]
[3, 1, -19, -21] [21, 2, 3, -44] [11, 26, 4, -19] [-4, 16, 40, -41] [37, 31, -8, -9] [12, 25, 23, -12] [21, -35, 19, -19]
------------------------------
ALIVE
Head: (9 47)
Body: (9 47) (10 47) (11 47) (11 48) (10 48) (9 48) (8 48) (7 48) (7 47) (7 46) (6 46) (6 45) 
Length: 12, 4
Vision: 3
Hungry, suplies: 3/10
Reproductive: 16, mutating: 0.25
Generation: 36531
####################################
Wall (up, right, down, left):
[17, -4, -9, -4] [-2, -2, -7, 12] [-17, 13, 11, -7] [15, 6, 31, 8] [-19, 4, 31, -15] [3, -7, 3, -15] [-12, -12, -20, -11]
[-11, -16, 30, -8] [2, 29, -4, 11] [-21, -2, 4, -6] [-15, 11, 11, 4] [24, 0, 4, 3] [-19, -24, 18, 14] [-14, 0, 3, 6]
[-4, -3, 35, -2] [-4, 27, -16, 2] [-22, -10, 36, 0] [-67, 25, 36, 22] [-40, -29, -23, 19] [-18, -18, -5, 27] [-27, -9, -10, -20]
[8, 30, 0, -48] [14, 1, 15, -26] [6, 33, -1, -92] [0, 0, 0, 0] [42, -87, 37, 0] [17, -10, 3, 22] [7, 3, 6, -6]
[-16, -26, -25, 4] [20, 3, -18, 0] [-6, 4, -32, -33] [34, 10, -87, 10] [10, -10, -13, 38] [-3, 15, -13, -4] [-37, -64, -13, 17]
[12, 22, 7, 0] [2, -2, -11, -11] [8, 1, 15, -7] [-7, 9, -20, 9] [7, -2, -14, -1] [25, -10, -18, -1] [32, 3, 11, 30]
[-14, -6, -2, -15] [-6, -7, -11, -6] [-6, 7, 20, 3] [-18, 22, -31, -9] [31, 24, -13, 22] [21, -26, -36, 20] [-3, 9, 9, -3]
Food (up, right, down, left):
[23, 15, 5, 20] [-10, 16, -5, -27] [32, -5, 3, 17] [-7, -2, 35, 20] [-10, 11, 20, -10] [-12, -16, -10, -14] [-31, 19, -17, -14]
[-61, -11, -24, -18] [9, -10, -11, -21] [-3, 16, 16, 33] [-8, 14, -36, 26] [27, 14, 5, -36] [33, -10, -33, 27] [22, -1, 20, 16]
[-19, 3, 21, -30] [3, 1, 1, 32] [-45, -30, -36, 31] [37, -38, 17, 0] [-10, -3, 0, -16] [-5, -1, -42, -35] [28, 30, 6, 28]
[24, 6, 12, 46] [-4, -11, -33, 30] [7, -15, -28, -14] [0, 0, 0, 0] [-19, 62, -22, 1] [-12, -7, -24, -2] [-9, 32, -24, 8]
[-9, 9, -12, 16] [3, 10, 7, 14] [21, -8, 31, 2] [-4, -17, 22, -18] [9, -9, 1, -36] [-6, 34, 17, 27] [6, -16, -9, -25]
[9, -9, 11, -7] [4, 17, 21, 10] [11, 5, 16, 24] [-28, -22, 26, -25] [-40, -26, -2, -31] [-9, 26, -3, 17] [7, 42, -9, 18]
[3, 1, -19, -21] [21, 2, 3, -44] [11, 26, 4, -19] [-4, 16, 40, -41] [37, 31, -8, -9] [12, 25, 23, -12] [21, -35, 19, -19]
------------------------------
ALIVE
Head: (2 24)
Body: (2 24) (1 24) (1 23) (0 23) (0 22) (0 21) (1 21) (2 21) (2 22) (3 22) (3 23) (4 23) (5 23) 
Length: 13, 4
Vision: 3
Hungry, suplies: 10/10
Reproductive: 16, mutating: 0.25
Generation: 36529
####################################
Wall (up, right, down, left):
[17, -4, -9, -4] [-2, -2, -7, 12] [-17, 14, 11, -7] [15, 6, 31, 8] [-19, 1, 31, -15] [3, -7, 3, -15] [-12, -12, -20, -11]
[-11, -16, 30, -8] [2, 29, -4, 11] [-21, -2, 4, -4] [-15, 11, 11, 4] [24, 0, 4, 3] [-19, -24, 18, 14] [-14, 0, 3, 6]
[-4, -3, 35, -2] [-4, 27, -16, 2] [-22, -10, 36, 0] [-67, 25, 36, 22] [-40, -29, -23, 19] [-18, -18, -5, 27] [-27, -9, -10, -20]
[8, 30, 0, -48] [14, 1, 15, -26] [6, 33, -1, -92] [0, 0, 0, 0] [42, -87, 37, 0] [17, -10, 3, 22] [7, 3, 6, -6]
[-16, -26, -25, 4] [17, 3, -18, 0] [-6, 4, -32, -32] [32, 10, -87, 10] [10, -10, -13, 38] [0, 15, -13, -8] [-37, -64, -13, 17]
[12, 22, 7, 0] [2, -2, -11, -11] [13, 1, 15, -7] [-7, 9, -20, 9] [7, -2, -14, -1] [25, -13, -18, -1] [32, 3, 11, 30]
[-14, -6, -2, -15] [-6, -7, -11, -6] [-6, 7, 20, 3] [-18, 22, -31, -9] [31, 24, -13, 22] [21, -26, -36, 20] [-3, 9, 9, -3]
Food (up, right, down, left):
[23, 15, 5, 20] [-10, 16, -5, -27] [32, -5, 3, 17] [-7, -2, 35, 20] [-10, 11, 24, -10] [-12, -16, -10, -14] [-31, 19, -17, -14]
[-61, -11, -24, -18] [9, -10, -11, -21] [-3, 16, 16, 29] [-8, 14, -36, 26] [27, 14, 5, -36] [33, -10, -33, 27] [22, -1, 20, 16]
[-19, 3, 21, -30] [3, 1, 1, 32] [-45, -30, -36, 31] [37, -38, 17, 0] [-10, -3, 0, -16] [-5, -1, -42, -35] [28, 30, 6, 28]
[24, 6, 12, 46] [-4, -11, -33, 30] [7, -15, -28, -14] [0, 0, 0, 0] [-19, 62, -22, 1] [-12, -7, -24, -2] [-9, 32, -24, 8]
[-9, 9, -12, 16] [3, 10, 7, 14] [21, -8, 34, 2] [-6, -17, 22, -18] [9, -9, 1, -36] [-6, 34, 19, 25] [6, -16, -9, -25]
[9, -9, 11, -7] [4, 17, 21, 10] [13, 5, 16, 24] [-28, -22, 26, -25] [-40, -26, -2, -31] [-9, 26, -3, 20] [7, 42, -9, 18]
[3, 1, -19, -21] [21, 2, 3, -44] [11, 26, 4, -19] [-4, 16, 40, -41] [37, 31, -8, -9] [12, 25, 23, -12] [21, -35, 19, -19]
------------------------------
ALIVE
Head: (1 14)
Body: (1 14) (2 14) (2 15) (2 16) (3 16) (3 17) (3 18) (2 18) (2 19) (3 19) (4 19) 
Length: 11, 4
Vision: 3
Hungry, suplies: 10/10
Reproductive: 16, mutating: 0.25
Generation: 36523
####################################
Wall (up, right, down, left):
[17, -4, -9, -4] [-2, -2, -7, 12] [-17, 13, 11, -7] [15, 6, 31, 8] [-19, 1, 31, -15] [3, -7, 3, -15] [-12, -12, -20, -11]
[-11, -16, 30, -8] [2, 29, -4, 11] [-21, -2, 4, -4] [-15, 11, 11, 4] [24, 0, 4, 3] [-19, -24, 18, 14] [-14, 0, 3, 6]
[-4, -3, 35, -2] [-4, 27, -16, 2] [-18, -10, 36, 0] [-67, 25, 36, 22] [-40, -29, -23, 19] [-18, -18, -5, 27] [-27, -9, -10, -20]
[8, 30, 0, -48] [14, 4, 15, -26] [6, 33, -1, -92] [0, 0, 0, 0] [42, -87, 37, 0] [17, -10, 3, 22] [7, 3, 6, -6]
[-16, -26, -25, 4] [17, 3, -18, 0] [-6, 4, -32, -32] [32, 10, -87, 10] [10, -10, -13, 38] [0, 15, -13, -8] [-37, -64, -13, 17]
[12, 22, 7, 0] [2, -2, -11, -11] [13, 1, 15, -7] [-7, 9, -20, 9] [7, -2, -14, -1] [25, -13, -18, -1] [32, 3, 11, 30]
[-14, -6, -2, -15] [-6, -7, -11, -6] [-6, 7, 20, 3] [-18, 22, -31, -9] [31, 24, -13, 22] [21, -26, -36, 20] [-3, 9, 9, -3]
Food (up, right, down, left):
[23, 15, 5, 20] [-10, 16, -5, -27] [32, -5, 3, 17] [-7, -2, 35, 20] [-10, 11, 24, -10] [-12, -16, -10, -14] [-31, 19, -17, -14]
[-61, -11, -24, -18] [9, -10, -11, -21] [-3, 16, 16, 29] [-8, 14, -36, 26] [27, 14, 5, -36] [33, -10, -33, 27] [22, -1, 20, 16]
[-19, 3, 21, -30] [3, 1, 1, 32] [-45, -35, -36, 31] [37, -38, 17, 0] [-10, -3, 0, -16] [-5, -1, -42, -35] [28, 30, 6, 28]
[24, 6, 12, 46] [-8, -11, -33, 30] [7, -15, -28, -14] [0, 0, 0, 0] [-19, 62, -22, 1] [-12, -7, -24, -2] [-9, 32, -24, 8]
[-9, 9, -12, 16] [3, 10, 7, 14] [21, -8, 34, 2] [-6, -17, 22, -18] [9, -9, 1, -36] [-6, 34, 19, 25] [6, -16, -9, -25]
[9, -9, 11, -7] [4, 17, 21, 10] [13, 5, 16, 24] [-28, -22, 26, -25] [-40, -26, -2, -31] [-9, 26, -3, 20] [7, 42, -9, 18]
[3, 1, -19, -21] [21, 2, 3, -44] [11, 26, 4, -19] [-4, 16, 40, -41] [37, 31, -8, -9] [12, 25, 23, -12] [21, -35, 19, -19]
------------------------------
ALIVE
Head: (22 0)
Body: (22 0) (23 0) (24 57) (24 56) (24 55) (24 54) (0 54) (1 54) (2 54) (2 53) 
Length: 10, 4
Vision: 3
Hungry, suplies: 5/10
Reproductive: 16, mutating: 0.25
Generation: 36523
####################################
Wall (up, right, down, left):
[17, -4, -9, -4] [-2, -2, -7, 12] [-17, 13, 11, -7] [15, 6, 31, 8] [-19, 4, 31, -15] [3, -7, 3, -15] [-12, -12, -20, -11]
[-11, -16, 30, -8] [2, 29, -4, 11] [-21, -2, 4, -6] [-15, 11, 11, 4] [24, 0, 4, 3] [-19, -24, 18, 14] [-14, 0, 3, 6]
[-4, -3, 35, -2] [-4, 27, -16, 2] [-22, -10, 36, 0] [-67, 25, 36, 22] [-40, -29, -23, 19] [-18, -18, -5, 27] [-27, -9, -10, -20]
[8, 30, 0, -48] [14, 1, 15, -26] [6, 33, -1, -92] [0, 0, 0, 0] [42, -87, 37, 0] [17, -10, 3, 22] [7, 3, 6, -6]
[-16, -26, -25, 4] [20, 3, -18, 0] [-6, 4, -32, -33] [34, 10, -87, 10] [10, -10, -13, 38] [-3, 15, -13, -4] [-37, -64, -13, 17]
[12, 22, 7, 0] [2, -2, -11, -11] [8, 1, 15, -7] [-7, 9, -20, 9] [7, -2, -14, -1] [25, -10, -18, -1] [32, 3, 11, 30]
[-14, -6, -2, -15] [-6, -7, -11, -6] [-6, 7, 20, 3] [-18, 22, -31, -9] [31, 24, -13, 22] [21, -26, -36, 20] [-3, 9, 9, -3]
Food (up, right, down, left):
[23, 15, 5, 20] [-10, 16, -5, -27] [32, -5, 3, 17] [-7, -2, 35, 20] [-10, 11, 20, -10] [-12, -16, -10, -14] [-31, 19, -17, -14]
[-61, -11, -24, -18] [9, -10, -11, -21] [-3, 16, 16, 33] [-8, 14, -36, 26] [27, 14, 5, -36] [33, -10, -33, 27] [22, -1, 20, 16]
[-19, 3, 21, -30] [3, 1, 1, 32] [-45, -30, -36, 31] [37, -38, 17, 0] [-10, -3, 0, -16] [-5, -1, -42, -35] [28, 30, 6, 28]
[24, 6, 12, 46] [-4, -11, -33, 30] [7, -15, -28, -14] [0, 0, 0, 0] [-19, 62, -22, 1] [-12, -7, -24, -2] [-9, 32, -24, 8]
[-9, 9, -12, 16] [3, 10, 7, 14] [21, -8, 31, 2] [-4, -17, 22, -18] [9, -9, 1, -36] [-6, 34, 17, 27] [6, -16, -9, -25]
[9, -9, 11, -7] [4, 17, 21, 10] [11, 5, 16, 21] [-28, -22, 26, -25] [-40, -26, -2, -31] [-9, 26, -3, 17] [7, 42, -9, 18]
[3, 1, -19, -21] [21, 2, 3, -44] [11, 26, 4, -19] [-4, 16, 40, -41] [37, 31, -8, -9] [12, 25, 23, -12] [21, -35, 19, -19]
------------------------------
ALIVE
Head: (24 31)
Body: (24 31) (23 31) (23 30) (22 30) (21 30) (21 29) (21 28) (22 28) (23 28) 
Length: 9, 4
Vision: 3
Hungry, suplies: 8/10
Reproductive: 16, mutating: 0.25
Generation: 36530
####################################
Wall (up, right, down, left):
[17, -4, -9, -4] [-2, -2, -7, 12] [-17, 13, 11, -7] [15, 6, 31, 8] [-19, 1, 31, -15] [5, -7, 3, -15] [-12, -12, -20, -11]
[-12, -16, 30, -8] [2, 29, -4, 11] [-21, -4, 4, -4] [-15, 11, 11, 4] [23, 0, 4, 3] [-19, -24, 18, 14] [-14, 4, 3, 6]
[-4, -3, 35, -2] [-4, 27, -16, 2] [-22, -10, 36, 0] [-70, 25, 36, 22] [-40, -29, -23, 19] [-18, -18, -5, 27] [-27, -9, -10, -20]
[8, 30, 0, -48] [14, 1, 15, -26] [6, 33, -1, -92] [0, 0, 0, 0] [42, -87, 37, 0] [20, -10, 3, 19] [7, 3, 6, -6]
[-16, -26, -25, 4] [17, 3, -18, 0] [-6, 4, -32, -33] [32, 10, -87, 10] [10, -10, -13, 38] [-3, 15, -13, -8] [-37, -64, -13, 17]
[12, 22, 7, 0] [2, -2, -11, -11] [13, 1, 15, -7] [-7, 9, -20, 9] [7, -2, -14, -1] [25, -10, -18, -1] [32, 3, 11, 30]
[-14, -6, -2, -15] [-6, -7, -11, -6] [-6, 7, 20, 3] [-18, 22, -31, -9] [31, 24, -13, 22] [21, -26, -36, 20] [-3, 9, 9, -3]
Food (up, right, down, left):
[23, 15, 5, 20] [-10, 16, -5, -27] [32, -5, 3, 17] [-7, -2, 35, 20] [-10, 11, 24, -10] [-12, -16, -10, -17] [-31, 19, -17, -14]
[-56, -11, -24, -18] [9, -10, -11, -21] [-3, 16, 16, 31] [-8, 19, -36, 26] [27, 14, 7, -36] [33, -10, -33, 27] [22, -1, 24, 16]
[-19, 3, 21, -30] [3, 1, 1, 32] [-45, -30, -36, 31] [37, -38, 20, 2] [-10, -3, 0, -16] [-5, -1, -42, -35] [28, 30, 6, 28]
[24, 6, 12, 46] [-4, -11, -33, 30] [7, -15, -28, -14] [0, 0, 0, 0] [-19, 62, -22, 1] [-12, -13, -24, -2] [-9, 32, -24, 8]
[-9, 9, -12, 16] [3, 10, 7, 14] [21, -8, 31, 2] [-6, -17, 22, -18] [9, -9, 1, -36] [-6, 34, 17, 25] [6, -16, -9, -25]
[9, -9, 11, -7] [4, 17, 21, 10] [13, 5, 16, 24] [-28, -22, 26, -25] [-40, -26, -2, -31] [-9, 26, -3, 17] [7, 42, -9, 18]
[3, 1, -19, -21] [21, 2, 3, -44] [11, 26, 4, -19] [-4, 16, 40, -41] [37, 31, -8, -9] [12, 25, 23, -12] [21, -35, 19, -19]
------------------------------
ALIVE
Head: (8 32)
Body: (8 32) (8 31) (9 31) (9 32) (9 33) (8 33) (8 34) (7 34) 
Length: 8, 4
Vision: 3
Hungry, suplies: 2/10
Reproductive: 16, mutating: 0.25
Generation: 36536
####################################
Wall (up, right, down, left):
[17, -4, -9, -4] [-2, -2, -7, 12] [-17, 13, 11, -7] [15, 6, 31, 8] [-19, 1, 31, -10] [5, -7, 3, -15] [-12, -12, -20, -11]
[-12, -16, 30, -8] [2, 29, -4, 11] [-21, -4, 4, -4] [-15, 11, 11, 4] [23, 0, 4, 3] [-19, -24, 18, 14] [-14, 4, 3, 6]
[-4, -3, 35, -2] [-4, 27, -16, 2] [-22, -10, 36, 0] [-70, 25, 36, 22] [-40, -29, -23, 19] [-18, -18, -5, 27] [-27, -9, -10, -20]
[8, 30, 0, -48] [14, 1, 15, -26] [6, 33, -1, -92] [0, 0, 0, 0] [42, -87, 37, 0] [20, -10, 3, 19] [7, 3, 6, -6]
[-16, -26, -25, 4] [17, 3, -18, 0] [-6, 4, -32, -33] [32, 10, -87, 10] [10, -10, -13, 38] [-3, 15, -13, -8] [-37, -64, -13, 17]
[12, 22, 7, 0] [2, -2, -11, -11] [13, 1, 15, -7] [-7, 9, -20, 9] [7, -2, -14, -1] [25, -10, -18, -1] [32, 3, 11, 30]
[-14, -6, -2, -15] [-6, -7, -11, -6] [-6, 7, 20, 3] [-18, 22, -31, -9] [31, 24, -13, 22] [21, -26, -36, 20] [-3, 9, 9, -3]
Food (up, right, down, left):
[23, 15, 5, 20] [-10, 16, -5, -27] [32, -5, 3, 17] [-7, -2, 35, 20] [-10, 13, 24, -10] [-12, -16, -10, -17] [-31, 19, -17, -14]
[-56, -11, -24, -18] [9, -10, -11, -21] [-3, 16, 16, 31] [-8, 19, -36, 26] [27, 14, 7, -36] [33, -10, -33, 27] [22, -1, 24, 16]
[-19, 3, 21, -30] [3, 1, 1, 32] [-45, -30, -36, 31] [37, -38, 20, 2] [-10, -3, 0, -16] [-5, -1, -42, -35] [28, 30, 6, 28]
[24, 6, 12, 46] [-4, -11, -33, 30] [7, -15, -28, -14] [0, 0, 0, 0] [-19, 62, -22, 1] [-12, -13, -24, -2] [-9, 32, -24, 8]
[-9, 9, -12, 16] [3, 10, 7, 14] [21, -8, 31, 2] [-6, -17, 22, -18] [9, -9, 1, -36] [-6, 34, 17, 25] [6, -16, -9, -25]
[9, -9, 11, -7] [4, 17, 21, 10] [13, 5, 16, 24] [-28, -22, 26, -25] [-40, -26, -2, -31] [-9, 26, -3, 17] [7, 42, -9, 18]
[3, 1, -19, -21] [21, 2, 3, -44] [11, 26, 4, -19] [-4, 16, 40, -41] [37, 31, -8, -9] [12, 25, 23, -12] [21, -35, 19, -19]
------------------------------
ALIVE
Head: (15 5)
Body: (15 5) (14 5) (13 5) (13 4) (12 4) (11 4) (11 3) (11 2) 
Length: 8, 4
Vision: 3
Hungry, suplies: 4/10
Reproductive: 16, mutating: 0.25
Generation: 36536
####################################
Wall (up, right, down, left):
[17, -4, -9, -4] [-2, -2, -7, 12] [-17, 14, 11, -7] [15, 6, 31, 8] [-19, 1, 31, -15] [3, -7, 3, -15] [-12, -12, -20, -11]
[-11, -16, 30, -8] [2, 29, -4, 11] [-21, -2, 4, -4] [-15, 11, 11, 4] [24, 0, 4, 3] [-19, -24, 18, 14] [-14, 0, 3, 6]
[-4, -3, 35, -2] [-4, 27, -16, 2] [-22, -10, 36, 0] [-67, 25, 36, 22] [-40, -29, -23, 19] [-18, -18, -5, 27] [-27, -9, -10, -20]
[8, 30, 0, -48] [14, 1, 15, -26] [6, 33, -1, -92] [0, 0, 0, 0] [42, -87, 37, 0] [17, -10, 3, 22] [7, 3, 6, -6]
[-16, -26, -25, 4] [17, 3, -18, 0] [-6, 4, -32, -32] [32, 10, -87, 10] [10, -10, -13, 38] [0, 17, -13, -8] [-37, -64, -13, 17]
[12, 22, 7, 0] [2, -2, -11, -11] [13, 1, 15, -7] [-7, 9, -20, 9] [7, -2, -14, -1] [25, -13, -18, -1] [32, 3, 11, 30]
[-14, -6, -2, -15] [-6, -7, -11, -6] [-6, 7, 20, 3] [-18, 22, -31, -9] [31, 24, -13, 22] [21, -26, -36, 20] [-3, 9, 9, -3]
Food (up, right, down, left):
[23, 15, 5, 20] [-10, 16, -5, -27] [32, -5, 3, 17] [-7, -2, 35, 20] [-10, 11, 24, -10] [-12, -16, -10, -14] [-31, 19, -17, -14]
[-61, -11, -24, -18] [9, -10, -11, -21] [-3, 16, 16, 29] [-8, 14, -36, 26] [27, 14, 5, -36] [33, -10, -33, 27] [22, -1, 20, 16]
[-19, 3, 21, -30] [3, 1, 1, 32] [-45, -30, -36, 31] [37, -38, 17, 0] [-10, -3, 0, -16] [-5, -1, -42, -35] [28, 30, 6, 28]
[24, 6, 12, 46] [-4, -11, -33, 30] [7, -15, -28, -14] [0, 0, 0, 0] [-19, 62, -22, 1] [-12, -7, -24, -2] [-9, 32, -24, 8]
[-9, 9, -12, 16] [3, 10, 7, 14] [21, -8, 34, 2] [-6, -17, 22, -18] [9, -9, 1, -36] [-6, 34, 19, 22] [6, -16, -9, -25]
[9, -9, 11, -7] [4, 17, 21, 10] [13, 5, 16, 24] [-28, -22, 26, -25] [-40, -26, -2, -31] [-9, 26, -3, 20] [7, 42, -9, 18]
[3, 1, -19, -21] [21, 2, 3, -44] [11, 26, 4, -19] [-4, 16, 40, -41] [37, 31, -8, -9] [12, 25, 23, -12] [21, -35, 19, -19]
------------------------------
ALIVE
Head: (7 26)
Body: (7 26) (7 27) (8 27) (9 27) (10 27) (10 28) (10 29) (11 29) (11 28) 
Length: 9, 4
Vision: 3
Hungry, suplies: 10/10
Reproductive: 16, mutating: 0.25
Generation: 36523
####################################
Wall (up, right, down, left):
[17, -4, -9, -4] [-2, -2, -7, 12] [-17, 13, 11, -7] [15, 6, 31, 8] [-19, 1, 31, -15] [5, -7, 3, -15] [-12, -12, -20, -11]
[-12, -16, 30, -8] [2, 29, -4, 11] [-21, -4, 4, -4] [-15, 11, 11, 4] [23, 0, 4, 3] [-19, -24, 18, 14] [-14, 4, 3, 6]
[-4, -3, 35, -2] [-4, 27, -16, 2] [-22, -10, 36, 0] [-70, 25, 36, 22] [-40, -29, -23, 19] [-18, -18, -5, 27] [-27, -9, -10, -20]
[8, 30, 0, -48] [14, 1, 15, -26] [6, 33, -1, -92] [0, 0, 0, 0] [42, -87, 37, 0] [20, -10, 3, 19] [7, 3, 6, -6]
[-16, -26, -25, 4] [17, 3, -18, 0] [-6, 4, -32, -33] [32, 10, -87, 10] [10, -10, -13, 38] [-3, 15, -13, -8] [-37, -64, -13, 17]
[12, 22, 7, 0] [2, -2, -11, -11] [13, 1, 15, -7] [-7, 9, -20, 9] [7, -2, -14, -1] [25, -9, -18, -1] [32, 3, 11, 30]
[-14, -6, -2, -15] [-6, -7, -11, -6] [-6, 7, 20, 3] [-18, 22, -31, -9] [31, 24, -13, 22] [21, -26, -36, 20] [-3, 9, 9, -3]
Food (up, right, down, left):
[23, 15, 5, 20] [-10, 16, -5, -27] [32, -5, 3, 17] [-7, -2, 35, 20] [-10, 11, 24, -10] [-12, -16, -10, -17] [-31, 19, -17, -14]
[-56, -11, -24, -18] [9, -10, -11, -21] [-3, 16, 16, 31] [-8, 19, -36, 26] [27, 14, 7, -36] [33, -10, -33, 27] [22, -1, 24, 16]
[-19, 3, 21, -30] [3, 1, 1, 32] [-45, -30, -36, 31] [37, -38, 20, 2] [-10, -3, 0, -16] [-5, -1, -42, -35] [28, 30, 6, 28]
[24, 6, 12, 46] [-4, -11, -33, 30] [7, -15, -28, -14] [0, 0, 0, 0] [-19, 62, -22, 1] [-12, -13, -24, -2] [-9, 32, -24, 8]
[-9, 9, -12, 16] [3, 10, 7, 14] [21, -8, 31, 2] [-6, -17, 22, -18] [9, -9, 1, -36] [-6, 34, 17, 25] [6, -16, -9, -25]
[9, -9, 11, -7] [4, 17, 21, 10] [13, 5, 16, 24] [-28, -22, 26, -25] [-40, -26, -2, -31] [-6, 26, -3, 17] [7, 42, -9, 18]
[3, 1, -19, -21] [21, 2, 3, -44] [11, 26, 4, -19] [-4, 16, 40, -41] [37, 31, -8, -9] [12, 25, 23, -12] [21, -35, 19, -19]
------------------------------
ALIVE
Head: (17 18)
Body: (17 18) (18 18) (18 19) (19 19) (20 19) (20 20) (20 21) (20 22) 
Length: 8, 4
Vision: 3
Hungry, suplies: 10/10
Reproductive: 16, mutating: 0.25
Generation: 36536
####################################
