Wall (up, right, down, left):
[-3, -7, -1, -6] [0, 5, 9, -17] [-23, 2, -12, -25] [11, 0, 12, 2] [-9, 13, 32, 2] [17, -4, -19, -20] [9, -25, 3, -6]
[-32, -2, 9, -18] [4, 19, -15, 0] [-36, 2, 15, -9] [-39, 14, 39, 16] [30, 32, 3, 4] [-40, -16, 3, -23] [-27, 7, -4, 10]
[-16, 24, 32, 29] [-11, 25, -17, -9] [-6, -4, 46, -13] [-98, 25, 60, 9] [-45, -52, -15, 35] [-24, -27, -12, 10] [-9, -17, -28, -9]
[-7, 53, -12, -38] [9, -11, 36, -37] [9, 40, 7, -113] [0, 0, 0, 0] [53, -111, 19, 22] [22, -9, -3, 12] [10, 11, 25, -9]
[-2, -38, 15, 6] [11, -7, -19, -32] [-17, -15, -42, -43] [40, 9, -137, 23] [12, 0, -43, 56] [10, 17, -7, 14] [-19, -70, -19, 39]
[26, 22, 5, 6] [-26, 12, -13, 3] [36, -1, 17, -1] [-4, -7, -24, 0] [-4, -5, -34, -16] [8, -14, -16, 4] [37, 14, 22, -3]
[-15, -4, 20, -4] [7, -9, -56, -17] [-15, 2, 24, 20] [-24, 23, -53, -19] [43, 9, -14, 35] [34, -6, -35, 34] [7, -10, 24, -9]
Food (up, right, down, left):
[5, 14, 4, 30] [-23, 30, 2, -24] [11, -20, 1, 6] [-19, 1, 50, 1] [2, -14, 47, -7] [-2, -31, -18, -30] [-60, 21, 9, -19]
[-77, 13, -48, 3] [2, -5, -34, -1] [-1, 5, 26, 31] [-33, 13, -60, 33] [14, 15, -2, -52] [37, -3, -61, 25] [10, -2, 26, 32]
[-37, 6, 32, -34] [18, -2, -16, 35] [-31, -35, -30, 20] [52, -30, 30, 14] [-10, -12, -15, -27] [-1, 25, -42, -31] [63, 35, 25, 22]
[2, 26, -10, 43] [-26, -7, -29, 35] [-6, -1, -31, -17] [0, 0, 0, 0] [-14, 58, -46, -6] [18, -26, -39, -25] [-25, 53, -22, 5]
[9, 21, -16, 11] [6, 13, 3, 37] [18, -12, 38, 30] [-15, -50, 29, -5] [7, 17, 22, -9] [12, 52, 14, 4] [-2, -32, -9, -10]
[12, -30, -24, 7] [11, 12, 13, -32] [23, 6, 21, 27] [-43, -32, 64, -16] [-44, -42, 11, -64] [-35, 80, 33, 27] [-1, 45, 24, 33]
[20, 2, -36, -14] [-7, -6, 24, -70] [36, 25, -6, -9] [-2, -3, -5, -26] [62, 41, 7, -23] [0, 37, 3, 6] [9, -22, 23, -17]
------------------------------
ALIVE
Head: (21 15)
Body: (21 15) (22 15) (23 15) (24 15) (24 16) (-1 17) (0 17) (0 18) (1 18) 
Length: 9, 4
Vision: 3
Hungry, suplies: 1/10
Reproductive: 16, mutating: 0.25
Generation: 57369
####################################
Wall (up, right, down, left):
[-3, -7, -1, -6] [0, 5, 9, -17] [-23, 2, -12, -25] [11, 0, 12, 2] [-9, 13, 32, 2] [17, -4, -19, -20] [9, -25, 3, -6]
[-32, -2, 9, -18] [4, 19, -15, 0] [-36, 0, 15, -9] [-39, 14, 39, 16] [30, 32, 3, 4] [-40, -16, 3, -23] [-27, 7, -4, 10]
[-16, 24, 32, 29] [-11, 25, -17, -9] [-6, -4, 46, -13] [-98, 25, 60, 9] [-45, -52, -15, 35] [-24, -27, -12, 10] [-9, -17, -28, -9]
[-10, 53, -12, -38] [9, -11, 36, -37] [9, 40, 7, -113] [0, 0, 0, 0] [53, -111, 19, 22] [22, -9, -3, 12] [10, 11, 25, -9]
[-2, -38, 15, 6] [11, -7, -19, -32] [-17, -15, -42, -43] [44, 9, -137, 23] [12, 0, -43, 56] [10, 17, -7, 14] [-19, -75, -19, 39]
[26, 22, 5, 6] [-26, 12, -13, 3] [36, -1, 17, -1] [-4, -7, -24, 0] [-4, -5, -34, -16] [8, -14, -16, 4] [37, 14, 22, -3]
[-15, -4, 20, -4] [7, -9, -56, -17] [-15, 2, 24, 20] [-24, 23, -53, -19] [43, 9, -14, 35] [34, -6, -35, 34] [7, -10, 24, -9]
Food (up, right, down, left):
[5, 14, 4, 30] [-23, 30, 2, -24] [11, -20, 1, 6] [-19, 1, 50, 1] [2, -14, 47, -7] [-2, -31, -18, -30] [-60, 21, 9, -19]
[-77, 13, -48, 3] [2, -5, -34, -1] [-1, 5, 26, 29] [-33, 13, -60, 33] [14, 15, -2, -52] [37, -3, -61, 25] [10, -2, 26, 32]
[-37, 6, 32, -34] [18, -2, -16, 35] [-31, -35, -30, 20] [52, -30, 30, 14] [-10, -12, -15, -27] [-1, 25, -42, -31] [63, 35, 25, 22]
[2, 26, -7, 43] [-26, -7, -29, 35] [-6, -1, -31, -17] [0, 0, 0, 0] [-14, 58, -46, -6] [18, -26, -39, -25] [-25, 53, -22, 5]
[9, 21, -16, 11] [6, 13, 3, 37] [18, -12, 38, 30] [-15, -50, 27, -5] [7, 17, 22, -9] [12, 52, 14, 4] [-2, -32, -9, -10]
[12, -30, -24, 7] [11, 12, 13, -32] [23, 6, 21, 27] [-43, -32, 64, -16] [-44, -42, 11, -64] [-35, 80, 33, 27] [-1, 45, 24, 33]
[20, 2, -36, -14] [-7, -6, 24, -70] [36, 25, -6, -9] [-2, -3, -5, -26] [62, 41, 7, -23] [0, 37, 3, 6] [9, -22, 23, -17]
------------------------------
ALIVE
Head: (12 21)
Body: (12 21) (12 20) (11 20) (10 20) (10 19) (10 18) (9 18) (8 18) (7 18) (6 18) (6 17) (5 17) (4 17) 
Length: 13, 4
Vision: 3
Hungry, suplies: 9/10
Reproductive: 16, mutating: 0.25
Generation: 57368
####################################
Wall (up, right, down, left):
[-3, -7, -1, -6] [0, 5, 9, -17] [-23, 2, -12, -25] [11, 0, 12, 2] [-9, 13, 32, 2] [17, -4, -19, -20] [9, -25, 3, -6]
[-32, -2, 9, -18] [4, 19, -15, 0] [-36, 0, 15, -9] [-39, 14, 39, 16] [30, 32, 3, 4] [-40, -16, 3, -23] [-27, 7, -4, 10]
[-16, 24, 32, 29] [-11, 25, -17, -9] [-6, -4, 46, -13] [-98, 25, 60, 9] [-45, -52, -15, 35] [-24, -27, -12, 10] [-9, -17, -28, -9]
[-10, 53, -12, -38] [9, -11, 36, -37] [9, 40, 7, -113] [0, 0, 0, 0] [53, -111, 19, 22] [22, -9, -3, 12] [10, 11, 25, -9]
[-2, -38, 15, 6] [11, -7, -19, -32] [-17, -15, -42, -43] [44, 9, -137, 23] [12, 0, -43, 56] [10, 17, -7, 14] [-19, -75, -19, 39]
[26, 22, 5, 6] [-26, 12, -13, 3] [38, -1, 17, -1] [-4, -7, -24, 0] [-4, -5, -34, -16] [8, -14, -16, 4] [37, 14, 22, -3]
[-15, -4, 20, -4] [7, -9, -56, -17] [-15, 2, 24, 20] [-24, 23, -53, -19] [43, 9, -14, 35] [34, -6, -35, 34] [7, -10, 24, -9]
Food (up, right, down, left):
[5, 14, 4, 30] [-23, 30, 2, -24] [11, -20, 1, 6] [-19, 1, 50, 1] [2, -14, 47, -7] [-2, -31, -18, -30] [-60, 21, 9, -19]
[-77, 13, -48, 3] [2, -5, -34, -1] [-1, 5, 26, 29] [-33, 13, -60, 33] [14, 15, -2, -52] [37, -3, -61, 25] [10, -2, 26, 32]
[-37, 6, 32, -34] [18, -2, -16, 35] [-31, -35, -30, 20] [52, -30, 30, 14] [-10, -12, -15, -27] [-1, 25, -42, -31] [63, 35, 25, 22]
[2, 26, -7, 43] [-26, -7, -29, 35] [-6, -1, -31, -17] [0, 0, 0, 0] [-14, 58, -46, -6] [18, -26, -39, -25] [-25, 53, -22, 5]
[9, 21, -16, 11] [6, 13, 3, 37] [18, -12, 38, 30] [-15, -50, 27, -5] [7, 17, 22, -9] [12, 52, 14, 4] [-2, -32, -9, -10]
[12, -30, -24, 7] [11, 12, 13, -32] [23, 6, 17, 27] [-43, -32, 64, -16] [-44, -42, 11, -64] [-35, 80, 33, 27] [-1, 45, 24, 33]
[20, 2, -36, -14] [-7, -6, 24, -70] [36, 25, -6, -9] [-2, -3, -5, -26] [62, 39, 7, -23] [0, 37, 3, 6] [9, -22, 23, -17]
------------------------------
ALIVE
Head: (23 35)
Body: (23 35) (23 34) (23 33) (23 32) (23 31) (22 31) (22 30) (23 30) (-1 30) (0 30) (0 29) 
Length: 11, 4
Vision: 3
Hungry, suplies: 10/10
Reproductive: 16, mutating: 0.25
Generation: 57371
####################################
Wall (up, right, down, left):
[-3, -7, -1, -6] [0, 0, 9, -17] [-23, 2, -12, -25] [11, 0, 12, 2] [-9, 13, 32, 2] [17, -4, -19, -20] [9, -25, 3, -6]
[-32, -2, 9, -18] [4, 19, -15, 0] [-36, 0, 15, -9] [-39, 14, 39, 16] [30, 32, 3, 4] [-40, -16, 3, -23] [-27, 7, -4, 10]
[-16, 24, 32, 29] [-11, 25, -17, -9] [-6, -4, 46, -13] [-98, 25, 60, 9] [-45, -52, -15, 35] [-24, -27, -12, 10] [-9, -17, -28, -9]
[-10, 53, -12, -38] [9, -11, 36, -37] [9, 40, 7, -113] [0, 0, 0, 0] [53, -111, 19, 22] [22, -9, -3, 12] [10, 11, 25, -9]
[-2, -38, 15, 6] [11, -7, -19, -32] [-17, -15, -42, -43] [44, 9, -137, 23] [12, 0, -43, 56] [10, 17, -7, 14] [-19, -75, -19, 39]
[26, 22, 5, 6] [-26, 12, -13, 3] [36, -1, 17, -1] [-4, -7, -24, 0] [-4, -5, -34, -16] [8, -14, -16, 4] [37, 14, 22, -3]
[-15, -4, 20, -4] [7, -9, -56, -17] [-15, 2, 24, 20] [-24, 23, -53, -19] [43, 9, -14, 35] [34, -6, -35, 34] [7, -10, 24, -9]
Food (up, right, down, left):
[5, 14, 4, 30] [-23, 30, 2, -19] [11, -20, 1, 6] [-19, 1, 50, 1] [2, -14, 47, -7] [-2, -31, -18, -30] [-60, 21, 9, -19]
[-77, 13, -48, 3] [2, -5, -34, -1] [-1, 5, 26, 29] [-33, 13, -60, 33] [14, 15, -2, -52] [37, -3, -61, 25] [10, -2, 26, 32]
[-37, 6, 32, -34] [18, -2, -16, 35] [-31, -35, -30, 20] [52, -30, 30, 14] [-10, -12, -15, -27] [-1, 25, -42, -31] [63, 35, 25, 22]
[2, 26, -7, 43] [-26, -7, -29, 35] [-6, -1, -31, -17] [0, 0, 0, 0] [-14, 58, -46, -6] [18, -26, -39, -25] [-25, 53, -22, 5]
[9, 21, -16, 11] [6, 13, 3, 37] [18, -12, 38, 30] [-15, -50, 27, -5] [7, 17, 22, -9] [12, 52, 14, 4] [-2, -32, -9, -10]
[12, -30, -24, 7] [11, 12, 13, -32] [23, 6, 21, 27] [-43, -32, 64, -16] [-44, -42, 11, -64] [-35, 80, 33, 27] [-1, 45, 24, 33]
[20, 2, -36, -14] [-7, -6, 24, -70] [36, 25, -6, -9] [-2, -3, -5, -26] [62, 41, 7, -23] [0, 37, 3, 6] [9, -22, 23, -17]
------------------------------
ALIVE
Head: (22 49)
Body: (22 49) (21 49) (21 50) (20 50) (20 49) (20 48) (21 48) (22 48) (22 47) (21 47) (20 47) 
Length: 11, 4
Vision: 3
Hungry, suplies: 4/10
Reproductive: 16, mutating: 0.25
Generation: 57370
####################################
Wall (up, right, down, left):
[-3, -7, -1, -6] [0, 5, 9, -17] [-23, 2, -12, -25] [11, 0, 12, 1] [-9, 13, 32, 2] [17, -4, -19, -25] [9, -25, 3, -6]
[-32, -2, 9, -18] [4, 19, -15, 0] [-36, 0, 15, -9] [-39, 14, 39, 16] [30, 32, 3, 4] [-40, -16, 3, -23] [-27, 7, -4, 10]
[-16, 24, 32, 29] [-11, 25, -17, -9] [-6, -4, 46, -13] [-98, 25, 60, 9] [-45, -52, -16, 35] [-24, -27, -12, 10] [-9, -17, -28, -9]
[-6, 53, -12, -38] [9, -11, 36, -37] [9, 40, 7, -113] [0, 0, 0, 0] [53, -111, 19, 22] [22, -9, -3, 12] [10, 11, 25, -9]
[2, -38, 15, 6] [11, -7, -19, -32] [-17, -15, -42, -43] [44, 9, -137, 23] [12, 0, -43, 53] [10, 17, -5, 14] [-19, -70, -19, 39]
[28, 22, 5, 6] [-26, 12, -8, 3] [36, -1, 17, -1] [-4, -7, -24, 0] [-4, -5, -34, -16] [10, -14, -16, 4] [37, 14, 22, -3]
[-15, -4, 20, -4] [7, -9, -56, -17] [-15, 2, 24, 20] [-24, 18, -53, -19] [43, 7, -14, 35] [34, -6, -35, 34] [7, -10, 24, -9]
Food (up, right, down, left):
[5, 14, 4, 30] [-23, 30, 2, -24] [11, -20, 1, 6] [-20, 1, 50, 1] [2, -14, 47, -7] [-1, -31, -18, -30] [-60, 21, 9, -19]
[-77, 13, -48, 3] [2, -5, -34, -1] [-1, 5, 26, 29] [-33, 13, -60, 33] [14, 15, -2, -52] [37, -3, -61, 25] [10, -2, 26, 32]
[-37, 6, 32, -34] [18, -2, -16, 35] [-31, -35, -30, 20] [52, -30, 30, 14] [-12, -12, -15, -27] [-1, 25, -42, -31] [63, 35, 25, 22]
[2, 22, -10, 43] [-26, -7, -29, 35] [-6, -1, -31, -17] [0, 0, 0, 0] [-14, 58, -46, -6] [18, -26, -39, -25] [-25, 53, -22, 5]
[9, 21, -16, 13] [6, 13, 3, 37] [18, -12, 38, 30] [-15, -50, 27, -5] [6, 17, 22, -9] [12, 52, 15, 4] [-2, -32, -9, -10]
[12, -30, -29, 7] [11, 12, 10, -32] [23, 6, 21, 27] [-43, -32, 64, -16] [-44, -42, 11, -64] [-34, 80, 33, 27] [-1, 45, 24, 33]
[20, 2, -36, -14] [-7, -6, 24, -70] [36, 25, -6, -9] [-2, -3, -5, -26] [62, 41, 8, -23] [0, 37, 3, 6] [9, -22, 23, -17]
------------------------------
ALIVE
Head: (7 8)
Body: (7 8) (7 9) (7 10) (7 11) (6 11) (6 12) (6 13) (7 13) (8 13) (8 14) (9 14) (10 14) (11 14) (11 13) 
Length: 14, 4
Vision: 3
Hungry, suplies: 10/10
Reproductive: 16, mutating: 0.25
Generation: 57379
####################################
Wall (up, right, down, left):
[-3, -7, -1, -6] [0, 5, 9, -17] [-23, 1, -12, -25] [11, 0, 12, 1] [-9, 13, 32, 2] [17, -4, -19, -20] [9, -25, 3, -6]
[-32, -2, 9, -18] [4, 19, -15, 0] [-36, 0, 15, -9] [-39, 14, 39, 16] [30, 32, 3, 4] [-40, -16, 3, -23] [-27, 7, -4, 10]
[-16, 24, 32, 29] [-11, 25, -17, -9] [-6, -4, 46, -13] [-98, 25, 60, 9] [-45, -52, -16, 35] [-24, -27, -12, 10] [-9, -17, -28, -9]
[-7, 53, -12, -38] [9, -11, 36, -37] [9, 40, 7, -113] [0, 0, 0, 0] [53, -111, 19, 22] [22, -9, -3, 12] [10, 11, 25, -9]
[3, -38, 15, 6] [11, -7, -19, -32] [-17, -15, -42, -43] [44, 9, -137, 23] [12, 0, -43, 55] [10, 17, -7, 14] [-19, -70, -19, 39]
[26, 22, 5, 6] [-26, 12, -13, 3] [36, -1, 17, -1] [-4, -7, -24, 0] [-4, -5, -34, -16] [8, -14, -16, 4] [37, 14, 22, -3]
[-15, -4, 20, -4] [7, -9, -56, -17] [-15, 2, 24, 20] [-24, 18, -53, -19] [43, 7, -14, 35] [34, -6, -35, 34] [7, -11, 24, -9]
Food (up, right, down, left):
[5, 14, 4, 30] [-23, 30, 2, -24] [11, -20, -4, 6] [-20, 1, 50, 1] [2, -14, 47, -7] [-2, -31, -18, -30] [-60, 21, 9, -19]
[-77, 13, -48, 3] [2, -5, -34, -1] [-1, 5, 26, 29] [-33, 13, -60, 33] [14, 15, -2, -52] [37, -3, -61, 25] [10, -2, 26, 32]
[-37, 6, 32, -34] [18, -2, -16, 35] [-31, -35, -30, 20] [52, -30, 30, 14] [-12, -12, -15, -27] [-1, 25, -42, -31] [63, 35, 25, 22]
[2, 26, -10, 43] [-26, -7, -29, 35] [-6, -1, -31, -17] [0, 0, 0, 0] [-14, 58, -46, -6] [18, -26, -39, -25] [-25, 53, -22, 5]
[7, 21, -16, 11] [6, 13, 3, 37] [18, -12, 38, 30] [-15, -50, 27, -5] [7, 17, 21, -9] [12, 52, 14, 4] [-2, -32, -9, -10]
[12, -30, -24, 7] [11, 12, 13, -32] [23, 6, 21, 27] [-43, -32, 64, -16] [-44, -42, 11, -64] [-35, 80, 33, 27] [-1, 45, 24, 33]
[20, 2, -36, -14] [-7, -6, 24, -70] [36, 25, -6, -9] [-2, -3, -5, -26] [62, 41, 8, -23] [0, 37, 3, 6] [10, -22, 23, -17]
------------------------------
ALIVE
Head: (19 54)
Body: (19 54) (18 54) (18 55) (19 55) (19 56) (19 0) (18 0) (18 1) (18 2) (17 2) (17 1) (16 1) 
Length: 12, 4
Vision: 3
Hungry, suplies: 10/10
Reproductive: 16, mutating: 0.25
Generation: 57378
####################################
Wall (up, right, down, left):
[-3, -7, -1, -6] [0, 5, 9, -17] [-23, 2, -12, -25] [11, 0, 12, 2] [-9, 13, 32, 2] [17, -4, -19, -20] [9, -25, 3, -6]
[-32, -2, 9, -18] [4, 19, -15, 0] [-36, 0, 15, -9] [-39, 14, 39, 16] [30, 32, 3, 4] [-40, -16, 3, -23] [-27, 7, -4, 10]
[-16, 24, 32, 29] [-11, 25, -17, -9] [-6, -4, 46, -13] [-98, 25, 60, 9] [-45, -52, -15, 35] [-24, -27, -12, 10] [-9, -17, -28, -9]
[-10, 53, -12, -38] [9, -11, 36, -37] [9, 40, 7, -113] [0, 0, 0, 0] [53, -111, 19, 22] [22, -9, -3, 12] [10, 11, 25, -9]
[-2, -38, 15, 6] [11, -7, -19, -32] [-17, -15, -42, -43] [44, 9, -137, 23] [12, 0, -43, 56] [10, 17, -7, 14] [-19, -75, -19, 39]
[26, 22, 5, 6] [-26, 12, -13, 3] [38, -1, 17, -1] [-4, -7, -24, 0] [-4, -5, -34, -16] [8, -14, -16, 4] [37, 14, 22, -3]
[-15, -4, 20, -4] [7, -9, -56, -17] [-15, 2, 24, 20] [-24, 23, -53, -19] [43, 9, -14, 35] [34, -6, -35, 34] [7, -10, 24, -9]
Food (up, right, down, left):
[5, 14, 4, 30] [-23, 30, 2, -24] [11, -20, 1, 6] [-19, 1, 50, 1] [2, -14, 47, -7] [-2, -31, -18, -30] [-60, 21, 9, -19]
[-77, 13, -48, 3] [2, -5, -34, -1] [-1, 5, 26, 29] [-33, 13, -60, 33] [14, 15, -2, -52] [37, -3, -61, 25] [10, -2, 26, 32]
[-37, 6, 32, -34] [18, -2, -16, 35] [-31, -35, -30, 20] [52, -30, 30, 14] [-10, -12, -15, -27] [-1, 25, -42, -31] [63, 35, 25, 22]
[2, 26, -7, 43] [-26, -7, -29, 35] [-6, -1, -31, -17] [0, 0, 0, 0] [-14, 58, -46, -6] [18, -26, -39, -25] [-25, 53, -22, 5]
[9, 21, -16, 11] [6, 13, 3, 37] [18, -12, 38, 30] [-15, -50, 27, -5] [7, 17, 22, -9] [12, 52, 14, 4] [-2, -32, -9, -10]
[12, -30, -24, 7] [11, 12, 13, -32] [23, 6, 17, 27] [-43, -32, 64, -16] [-44, -42, 11, -64] [-35, 80, 33, 27] [-1, 45, 24, 33]
[20, 2, -36, -14] [-7, -6, 24, -70] [36, 25, -6, -9] [-2, -3, -5, -26] [62, 39, 7, -23] [0, 37, 3, 6] [9, -20, 23, -17]
------------------------------
ALIVE
Head: (11 28)
Body: (11 28) (12 28) (13 28) (14 28) (15 28) (15 27) (15 26) (14 26) (14 25) (14 24) (14 23) (13 23) (12 23) (11 23) 
Length: 14, 4
Vision: 3
Hungry, suplies: 1/10
Reproductive: 16, mutating: 0.25
Generation: 57372
####################################
Wall (up, right, down, left):
[-3, -7, -1, -6] [0, 5, 9, -17] [-23, 2, -12, -25] [11, 0, 12, 1] [-9, 13, 32, 2] [16, -4, -19, -20] [9, -25, 3, -6]
[-32, -2, 9, -18] [4, 19, -15, 0] [-36, 0, 15, -9] [-39, 14, 39, 16] [30, 32, 0, 4] [-40, -16, 3, -23] [-27, 7, -4, 10]
[-16, 24, 32, 29] [-11, 25, -17, -9] [-6, -4, 46, -13] [-98, 25, 60, 9] [-45, -52, -16, 35] [-24, -27, -12, 10] [-9, -17, -28, -9]
[-7, 53, -12, -38] [9, -11, 36, -37] [9, 40, 7, -113] [0, 0, 0, 0] [53, -111, 19, 22] [22, -9, -3, 12] [10, 11, 25, -9]
[-2, -38, 15, 6] [11, -7, -19, -32] [-17, -15, -42, -43] [44, 9, -137, 23] [12, 0, -43, 56] [7, 17, -5, 14] [-19, -70, -19, 39]
[26, 22, 5, 6] [-26, 12, -8, 3] [36, -1, 17, -1] [-4, -7, -24, 0] [-4, -5, -34, -16] [10, -14, -16, 4] [37, 14, 22, -3]
[-15, -4, 20, -4] [7, -9, -56, -17] [-15, 2, 24, 20] [-24, 18, -53, -19] [43, 7, -14, 35] [34, -6, -35, 34] [7, -10, 24, -9]
Food (up, right, down, left):
[5, 14, 4, 30] [-23, 30, 2, -24] [11, -20, 1, 6] [-20, 1, 50, 1] [2, -14, 47, -7] [-2, -31, -21, -30] [-60, 21, 9, -19]
[-77, 13, -48, 3] [2, -5, -34, -1] [-1, 5, 26, 29] [-33, 13, -60, 33] [16, 15, -2, -52] [37, -3, -61, 25] [10, -2, 26, 32]
[-37, 6, 32, -34] [18, -2, -16, 35] [-31, -35, -30, 20] [52, -30, 30, 14] [-12, -12, -15, -27] [-1, 25, -42, -31] [63, 35, 25, 22]
[2, 26, -10, 43] [-26, -7, -29, 35] [-6, -1, -31, -17] [0, 0, 0, 0] [-14, 58, -46, -6] [18, -26, -39, -25] [-25, 53, -22, 5]
[9, 21, -16, 11] [6, 13, 3, 37] [18, -12, 38, 30] [-15, -50, 27, -5] [7, 17, 22, -9] [12, 54, 15, 4] [-2, -32, -9, -10]
[12, -30, -24, 7] [11, 12, 10, -32] [23, 6, 21, 27] [-43, -32, 64, -16] [-44, -42, 11, -64] [-34, 80, 33, 27] [-1, 45, 24, 33]
[20, 2, -36, -14] [-7, -6, 24, -70] [36, 25, -6, -9] [-2, -3, -5, -26] [62, 41, 8, -23] [0, 37, 3, 6] [9, -22, 23, -17]
------------------------------
ALIVE
Head: (5 5)
Body: (5 5) (6 5) (6 6) (7 6) (8 6) (9 6) (9 7) (10 7) 
Length: 8, 4
Vision: 3
Hungry, suplies: 9/10
Reproductive: 16, mutating: 0.25
Generation: 57378
####################################
Wall (up, right, down, left):
[-3, -7, -1, -6] [0, 5, 9, -17] [-23, 2, -12, -25] [11, 0, 12, 2] [-9, 13, 32, 2] [17, -4, -19, -20] [9, -25, 3, -6]
[-32, -2, 9, -18] [4, 19, -15, 0] [-36, 0, 15, -9] [-39, 14, 39, 16] [30, 32, 3, 4] [-40, -16, 3, -23] [-27, 7, -4, 10]
[-16, 24, 32, 29] [-11, 25, -17, -9] [-6, -4, 46, -13] [-98, 25, 60, 9] [-45, -52, -15, 35] [-24, -27, -12, 10] [-9, -17, -28, -9]
[-10, 53, -12, -38] [9, -11, 36, -37] [9, 40, 7, -113] [0, 0, 0, 0] [53, -111, 19, 22] [22, -9, -3, 12] [10, 11, 25, -9]
[-2, -38, 15, 6] [11, -7, -19, -32] [-17, -15, -42, -43] [44, 9, -137, 23] [12, 0, -43, 56] [10, 17, -7, 14] [-19, -75, -19, 39]
[26, 22, 5, 6] [-26, 12, -13, 1] [36, -1, 17, -1] [-4, -7, -24, 0] [-4, -5, -34, -16] [8, -14, -16, 4] [37, 14, 22, -3]
[-15, -4, 20, -4] [7, -9, -56, -17] [-15, 2, 24, 20] [-24, 23, -53, -19] [43, 9, -14, 35] [34, -6, -35, 34] [7, -10, 24, -9]
Food (up, right, down, left):
[5, 14, 4, 30] [-23, 30, 2, -24] [11, -20, 1, 6] [-19, 1, 50, 1] [2, -14, 47, -7] [-2, -31, -18, -30] [-60, 21, 9, -19]
[-77, 13, -48, 3] [2, -5, -34, -1] [-1, 5, 26, 29] [-33, 13, -60, 33] [14, 15, -2, -52] [37, -3, -61, 25] [10, -2, 26, 32]
[-37, 6, 32, -34] [18, -2, -16, 35] [-31, -35, -30, 20] [52, -30, 30, 14] [-10, -12, -15, -27] [-1, 25, -42, -31] [63, 35, 25, 22]
[2, 26, -7, 43] [-26, -7, -29, 35] [-6, -1, -31, -17] [0, 0, 0, 0] [-14, 58, -46, -6] [18, -26, -39, -25] [-25, 53, -22, 5]
[9, 21, -16, 11] [6, 13, 3, 37] [18, -12, 38, 30] [-15, -50, 27, -5] [7, 17, 22, -9] [12, 52, 14, 4] [-2, -32, -9, -10]
[12, -30, -24, 7] [8, 12, 13, -32] [23, 6, 21, 27] [-43, -32, 64, -16] [-44, -42, 11, -64] [-35, 80, 33, 27] [-1, 45, 24, 33]
[20, 2, -36, -14] [-7, -6, 24, -70] [36, 25, -6, -9] [-2, -3, -5, -26] [62, 41, 7, -23] [0, 37, 3, 6] [9, -22, 23, -17]
------------------------------
ALIVE
Head: (2 27)
Body: (2 27) (2 26) (2 25) (2 24) (1 24) (0 24) (25 23) (24 23) (23 23) (22 23) (22 22) (22 21) 
Length: 12, 4
Vision: 3
Hungry, suplies: 8/10
Reproductive: 16, mutating: 0.25
Generation: 57369
####################################
Wall (up, right, down, left):
[-3, -7, -1, -6] [0, 5, 9, -17] [-23, 2, -12, -25] [11, 0, 12, 1] [-9, 13, 32, 2] [17, -4, -19, -25] [9, -25, 3, -6]
[-32, -2, 9, -18] [4, 19, -15, 0] [-36, 0, 15, -9] [-39, 14, 39, 16] [30, 32, 3, 4] [-40, -16, 3, -23] [-27, 7, -4, 10]
[-16, 24, 32, 29] [-11, 25, -17, -9] [-6, -4, 46, -13] [-98, 25, 60, 9] [-45, -52, -16, 35] [-24, -27, -12, 10] [-9, -17, -28, -9]
[-6, 53, -12, -38] [9, -11, 36, -37] [9, 40, 7, -113] [0, 0, 0, 0] [53, -111, 19, 22] [22, -9, -3, 12] [10, 11, 25, -9]
[2, -38, 15, 6] [11, -7, -19, -32] [-17, -15, -42, -43] [44, 9, -137, 23] [12, 0, -43, 53] [10, 17, -5, 14] [-19, -70, -19, 39]
[28, 22, 5, 6] [-26, 12, -8, 3] [36, -1, 17, -1] [-4, -7, -24, 0] [-4, -5, -34, -16] [10, -14, -16, 4] [37, 14, 22, -3]
[-15, -4, 20, -4] [7, -9, -56, -17] [-15, 2, 24, 20] [-24, 18, -53, -19] [43, 7, -14, 35] [34, -6, -35, 34] [7, -10, 22, -9]
Food (up, right, down, left):
[5, 14, 4, 30] [-23, 30, 2, -24] [11, -20, 1, 6] [-20, 1, 50, 1] [2, -14, 47, -7] [-1, -31, -18, -30] [-60, 21, 9, -19]
[-77, 13, -48, 3] [2, -5, -34, -1] [-1, 5, 26, 29] [-33, 13, -60, 33] [14, 15, -2, -52] [37, -3, -61, 25] [10, -2, 26, 32]
[-37, 6, 32, -34] [18, -2, -16, 35] [-31, -35, -30, 20] [52, -30, 30, 14] [-12, -12, -15, -27] [-1, 25, -42, -31] [63, 35, 25, 22]
[2, 22, -10, 43] [-26, -7, -29, 35] [-6, -1, -31, -17] [0, 0, 0, 0] [-14, 58, -46, -6] [18, -26, -39, -25] [-25, 53, -22, 5]
[9, 21, -16, 13] [6, 13, 3, 37] [18, -12, 38, 30] [-15, -50, 27, -5] [6, 17, 22, -9] [12, 52, 15, 4] [-2, -32, -9, -10]
[12, -30, -29, 7] [11, 12, 10, -32] [23, 6, 21, 27] [-43, -32, 64, -16] [-44, -42, 11, -64] [-34, 80, 33, 27] [-1, 45, 24, 33]
[20, 2, -36, -14] [-7, -6, 24, -70] [36, 25, -6, -9] [-2, -3, -5, -26] [62, 41, 8, -23] [0, 37, 3, 6] [9, -22, 27, -17]
------------------------------
ALIVE
Head: (7 31)
Body: (7 31) (8 31) (9 31) (9 30) (10 30) (10 31) (10 32) (9 32) (9 33) (10 33) (11 33) (11 34) 
Length: 12, 4
Vision: 3
Hungry, suplies: 8/10
Reproductive: 16, mutating: 0.25
Generation: 57380
####################################
Wall (up, right, down, left):
[-3, -7, -1, -6] [0, 5, 9, -17] [-23, 2, -12, -25] [11, 0, 12, 2] [-9, 13, 32, 2] [17, -4, -19, -20] [9, -25, 3, -6]
[-32, -2, 9, -18] [4, 19, -15, 0] [-36, 2, 15, -9] [-39, 14, 39, 16] [30, 32, 3, 4] [-40, -16, 3, -23] [-27, 7, -4, 10]
[-16, 24, 32, 29] [-11, 25, -17, -9] [-6, -4, 46, -13] [-98, 25, 60, 9] [-45, -52, -15, 35] [-24, -27, -12, 10] [-9, -17, -28, -9]
[-7, 53, -12, -38] [9, -11, 36, -37] [9, 40, 7, -113] [0, 0, 0, 0] [53, -111, 19, 22] [22, -9, -3, 12] [10, 11, 25, -9]
[-2, -38, 15, 6] [11, -7, -19, -32] [-17, -15, -42, -43] [40, 9, -137, 23] [12, 0, -43, 56] [10, 17, -7, 14] [-19, -70, -19, 39]
[26, 22, 5, 6] [-26, 12, -13, 3] [36, -1, 17, -1] [-4, -7, -24, 0] [-4, -5, -34, -16] [8, -14, -16, 4] [37, 14, 22, -3]
[-15, -4, 20, -4] [7, -9, -56, -17] [-15, 2, 24, 20] [-24, 23, -53, -19] [43, 9, -14, 35] [34, -6, -35, 34] [7, -10, 24, -9]
Food (up, right, down, left):
[5, 14, 4, 30] [-23, 30, 2, -24] [11, -20, 1, 6] [-19, 1, 50, 1] [2, -14, 47, -7] [-2, -31, -18, -30] [-60, 21, 9, -19]
[-77, 13, -48, 3] [2, -5, -34, -1] [-1, 5, 26, 31] [-33, 13, -60, 33] [14, 15, -2, -52] [37, -3, -61, 25] [10, -2, 26, 32]
[-37, 6, 32, -34] [18, -2, -16, 35] [-31, -35, -30, 20] [52, -30, 30, 14] [-10, -12, -15, -27] [-1, 25, -42, -31] [63, 35, 25, 22]
[2, 26, -10, 43] [-26, -7, -29, 35] [-6, -1, -31, -17] [0, 0, 0, 0] [-14, 58, -46, -6] [18, -26, -39, -25] [-25, 53, -22, 5]
[9, 21, -16, 11] [6, 13, 3, 37] [18, -12, 38, 30] [-15, -50, 29, -5] [7, 17, 22, -9] [12, 52, 14, 4] [-2, -32, -9, -10]
[12, -30, -24, 7] [11, 12, 13, -32] [23, 6, 21, 27] [-43, -32, 64, -16] [-44, -42, 11, -64] [-35, 80, 33, 27] [-1, 45, 24, 33]
[20, 2, -36, -14] [-7, -6, 24, -70] [36, 25, -6, -9] [-2, -3, -5, -26] [62, 41, 7, -23] [0, 37, 3, 6] [9, -22, 23, -17]
------------------------------
ALIVE
Head: (17 40)
Body: (17 40) (17 39) (17 38) (17 37) (16 37) (16 36) (16 35) (16 34) (17 34) (18 34) (19 34) (19 33) (18 33) (17 33) 
Length: 14, 4
Vision: 3
Hungry, suplies: 10/10
Reproductive: 16, mutating: 0.25
Generation: 57370
####################################
Wall (up, right, down, left):
[-3, -7, -1, -6] [0, 0, 9, -17] [-23, 2, -12, -25] [11, 0, 12, 2] [-9, 13, 32, 2] [17, -4, -19, -20] [9, -25, 3, -6]
[-32, -2, 9, -18] [4, 19, -15, 0] [-36, 0, 15, -9] [-39, 14, 39, 16] [30, 32, 3, 4] [-40, -16, 3, -23] [-27, 7, -4, 10]
[-16, 24, 32, 29] [-11, 25, -17, -9] [-6, -4, 46, -13] [-98, 25, 60, 9] [-45, -52, -15, 35] [-24, -27, -12, 10] [-9, -17, -28, -9]
[-10, 53, -12, -38] [9, -11, 36, -37] [9, 40, 7, -113] [0, 0, 0, 0] [53, -111, 19, 22] [22, -9, -3, 12] [10, 11, 25, -9]
[-2, -38, 15, 6] [11, -7, -19, -32] [-17, -15, -42, -43] [44, 9, -137, 23] [12, 0, -43, 56] [10, 17, -7, 14] [-19, -75, -19, 39]
[26, 22, 5, 6] [-26, 12, -13, 3] [36, -1, 17, -1] [-4, -7, -24, 0] [-4, -5, -34, -16] [8, -14, -16, 4] [37, 14, 22, -3]
[-15, -4, 20, -4] [7, -9, -56, -17] [-15, 2, 24, 20] [-24, 23, -53, -19] [43, 9, -14, 35] [34, -6, -35, 34] [7, -10, 24, -9]
Food (up, right, down, left):
[5, 14, 4, 30] [-23, 30, 2, -19] [11, -20, 1, 6] [-19, 1, 50, 1] [2, -14, 47, -7] [-2, -31, -18, -30] [-60, 21, 9, -19]
[-77, 13, -48, 3] [2, -5, -34, -1] [-1, 5, 26, 29] [-33, 13, -60, 33] [14, 15, -2, -52] [37, -3, -61, 25] [10, -2, 26, 32]
[-37, 6, 32, -34] [18, -2, -16, 35] [-31, -35, -30, 20] [52, -30, 30, 14] [-10, -12, -15, -27] [-1, 25, -42, -31] [63, 35, 25, 22]
[2, 26, -7, 43] [-26, -7, -29, 35] [-6, -1, -31, -17] [0, 0, 0, 0] [-14, 58, -46, -6] [18, -26, -39, -25] [-25, 53, -22, 5]
[9, 21, -16, 11] [6, 13, 3, 37] [18, -12, 38, 30] [-15, -50, 27, -5] [7, 17, 22, -9] [12, 52, 14, 4] [-2, -32, -9, -10]
[12, -30, -24, 7] [11, 12, 13, -32] [23, 6, 21, 27] [-43, -32, 64, -16] [-44, -42, 11, -64] [-35, 80, 33, 27] [-1, 45, 24, 33]
[20, 2, -36, -14] [-7, -6, 24, -70] [36, 25, -6, -9] [-2, -3, -5, -26] [62, 41, 7, -23] [0, 37, 3, 6] [9, -22, 23, -17]
------------------------------
ALIVE
Head: (23 51)
Body: (23 51) (23 50) (22 50) (22 51) (22 52) (22 53) (23 53) (23 52) (-1 52) (0 52) (1 52) (1 53) 
Length: 12, 4
Vision: 3
Hungry, suplies: 4/10
Reproductive: 16, mutating: 0.25
Generation: 57371
####################################
Wall (up, right, down, left):
[-3, -7, -1, -6] [0, 5, 9, -17] [-23, 2, -12, -25] [11, 0, 12, 1] [-9, 13, 32, 2] [17, -4, -19, -20] [9, -25, 3, -6]
[-32, -2, 9, -18] [4, 19, -15, 0] [-40, 0, 15, -9] [-39, 14, 39, 16] [30, 32, 0, 4] [-40, -16, 3, -23] [-27, 7, -4, 10]
[-16, 24, 32, 29] [-11, 25, -17, -9] [-6, -4, 46, -13] [-98, 25, 60, 9] [-45, -52, -16, 35] [-24, -27, -12, 10] [-9, -17, -28, -9]
[-7, 53, -12, -38] [9, -11, 36, -37] [9, 40, 7, -113] [0, 0, 0, 0] [53, -111, 19, 22] [22, -9, -3, 12] [10, 11, 25, -9]
[-2, -38, 15, 6] [11, -7, -19, -32] [-17, -15, -42, -43] [44, 9, -137, 23] [12, 0, -43, 56] [7, 17, -5, 14] [-19, -70, -19, 39]
[26, 22, 5, 6] [-26, 12, -8, 3] [36, -1, 17, -1] [-4, -7, -24, 0] [-4, -5, -34, -16] [10, -14, -16, 4] [37, 14, 22, -3]
[-15, -4, 20, -4] [7, -9, -56, -17] [-15, 2, 24, 20] [-24, 18, -53, -19] [43, 7, -14, 35] [34, -6, -33, 34] [7, -10, 24, -9]
Food (up, right, down, left):
[5, 14, 4, 30] [-23, 30, 2, -24] [11, -20, 1, 6] [-20, 1, 50, 1] [2, -14, 47, -7] [-2, -31, -18, -30] [-60, 21, 9, -19]
[-77, 13, -48, 3] [2, -5, -34, -1] [-1, 5, 26, 29] [-33, 13, -60, 33] [16, 15, -2, -52] [37, -3, -61, 25] [10, -2, 26, 32]
[-37, 6, 32, -34] [18, -2, -16, 35] [-31, -35, -30, 20] [52, -30, 30, 14] [-12, -12, -15, -27] [-1, 25, -42, -31] [63, 35, 25, 22]
[2, 26, -10, 43] [-26, -7, -29, 35] [-6, -1, -31, -17] [0, 0, 0, 0] [-14, 58, -46, -6] [18, -26, -39, -25] [-25, 53, -22, 5]
[9, 21, -16, 11] [6, 13, 3, 37] [18, -12, 38, 30] [-15, -50, 27, -5] [7, 17, 22, -9] [12, 54, 15, 4] [-2, -32, -9, -10]
[12, -30, -24, 7] [11, 12, 10, -32] [23, 6, 21, 27] [-43, -32, 64, -16] [-44, -42, 11, -64] [-34, 80, 33, 27] [-1, 45, 24, 33]
[20, 2, -36, -14] [-7, -6, 24, -70] [36, 25, -6, -9] [-2, -3, -5, -26] [62, 41, 8, -23] [0, 37, 3, 7] [9, -22, 23, -17]
------------------------------
ALIVE
Head: (19 49)
Body: (19 49) (19 50) (18 50) (17 50) (16 50) (15 50) (14 50) (13 50) (13 49) (13 48) (13 47) (13 46) (12 46) (12 45) 
Length: 14, 4
Vision: 3
Hungry, suplies: 5/10
Reproductive: 16, mutating: 0.25
Generation: 57381
####################################
Wall (up, right, down, left):
[-3, -7, -1, -6] [0, 5, 9, -17] [-23, 1, -12, -25] [11, 0, 12, 1] [-9, 13, 32, 2] [17, -4, -19, -20] [9, -25, 3, -6]
[-32, -2, 9, -18] [4, 19, -15, 0] [-36, 0, 15, -9] [-39, 14, 39, 16] [30, 32, 3, 4] [-40, -16, 3, -23] [-27, 7, -4, 10]
[-16, 24, 32, 29] [-11, 25, -17, -9] [-6, -4, 46, -13] [-98, 25, 60, 9] [-45, -52, -16, 35] [-24, -27, -12, 10] [-9, -17, -28, -9]
[-7, 53, -12, -38] [9, -11, 36, -37] [9, 40, 7, -113] [0, 0, 0, 0] [53, -111, 19, 22] [22, -9, -3, 12] [10, 11, 25, -9]
[3, -38, 15, 6] [11, -7, -19, -32] [-17, -15, -42, -43] [44, 9, -137, 23] [12, 0, -43, 55] [10, 17, -7, 14] [-19, -70, -19, 39]
[26, 22, 5, 6] [-26, 12, -13, 3] [36, -1, 17, -1] [-4, -7, -24, 0] [-4, -5, -34, -16] [8, -14, -16, 4] [37, 14, 22, -3]
[-15, -4, 20, -4] [7, -9, -56, -17] [-15, 2, 24, 20] [-24, 18, -53, -19] [43, 7, -14, 35] [34, -6, -35, 34] [7, -11, 24, -9]
Food (up, right, down, left):
[5, 14, 4, 30] [-23, 30, 2, -24] [11, -20, -4, 6] [-20, 1, 50, 1] [2, -14, 47, -7] [-2, -31, -18, -30] [-60, 21, 9, -19]
[-77, 13, -48, 3] [2, -5, -34, -1] [-1, 5, 26, 29] [-33, 13, -60, 33] [14, 15, -2, -52] [37, -3, -61, 25] [10, -2, 26, 32]
[-37, 6, 32, -34] [18, -2, -16, 35] [-31, -35, -30, 20] [52, -30, 30, 14] [-12, -12, -15, -27] [-1, 25, -42, -31] [63, 35, 25, 22]
[2, 26, -10, 43] [-26, -7, -29, 35] [-6, -1, -31, -17] [0, 0, 0, 0] [-14, 58, -46, -6] [18, -26, -39, -25] [-25, 53, -22, 5]
[7, 21, -16, 11] [6, 13, 3, 37] [18, -12, 38, 30] [-15, -50, 27, -5] [7, 17, 21, -9] [12, 52, 14, 4] [-2, -32, -9, -10]
[12, -30, -24, 7] [11, 12, 13, -32] [23, 6, 21, 27] [-43, -32, 64, -16] [-44, -42, 11, -64] [-35, 80, 33, 27] [-1, 45, 24, 33]
[20, 2, -36, -14] [-7, -6, 24, -70] [36, 25, -6, -9] [-2, -3, -5, -26] [62, 41, 8, -23] [0, 37, 3, 6] [10, -22, 23, -17]
------------------------------
ALIVE
Head: (9 42)
Body: (9 42) (9 41) (9 40) (10 40) (10 39) (11 39) (12 39) (12 40) (13 40) (13 41) (13 42) (13 43) (13 44) (14 44) (14 45) 
Length: 15, 4
Vision: 3
Hungry, suplies: 7/10
Reproductive: 16, mutating: 0.25
Generation: 57379
####################################
Wall (up, right, down, left):
[-3, -7, -1, -6] [0, 5, 9, -17] [-23, 2, -12, -25] [11, 0, 12, 1] [-9, 13, 32, 2] [16, -4, -19, -20] [9, -25, 3, -6]
[-32, -2, 9, -18] [4, 19, -15, 0] [-36, 0, 15, -9] [-39, 14, 39, 16] [30, 32, 0, 4] [-40, -16, 3, -23] [-27, 7, -4, 10]
[-16, 24, 32, 29] [-11, 25, -17, -9] [-6, -4, 46, -13] [-98, 23, 60, 9] [-45, -52, -16, 35] [-24, -27, -12, 10] [-9, -17, -28, -9]
[-7, 53, -12, -38] [9, -11, 36, -37] [9, 40, 7, -113] [0, 0, 0, 0] [53, -111, 19, 22] [22, -9, -3, 12] [10, 11, 25, -9]
[-2, -38, 15, 6] [11, -7, -19, -32] [-17, -15, -42, -43] [44, 9, -137, 23] [12, 0, -43, 56] [7, 17, -5, 14] [-19, -70, -19, 39]
[26, 22, 5, 6] [-26, 12, -8, 3] [36, -1, 17, -1] [-4, -7, -24, 0] [-4, -5, -34, -16] [10, -14, -16, 4] [37, 14, 22, -3]
[-15, -4, 20, -4] [7, -9, -56, -17] [-15, 2, 24, 20] [-24, 18, -53, -19] [43, 7, -14, 35] [34, -6, -35, 34] [7, -10, 24, -9]
Food (up, right, down, left):
[5, 14, 4, 30] [-23, 30, 2, -24] [11, -20, 1, 6] [-20, 1, 50, 1] [2, -14, 47, -7] [-2, -31, -21, -30] [-60, 21, 9, -19]
[-77, 13, -48, 3] [2, -5, -34, -1] [-1, 5, 26, 29] [-33, 13, -60, 33] [16, 15, -2, -52] [37, -3, -61, 25] [10, -2, 26, 32]
[-37, 6, 32, -34] [18, -2, -16, 35] [-31, -35, -30, 20] [52, -30, 29, 14] [-12, -12, -15, -27] [-1, 25, -42, -31] [63, 35, 25, 22]
[2, 26, -10, 43] [-26, -7, -29, 35] [-6, -1, -31, -17] [0, 0, 0, 0] [-14, 58, -46, -6] [18, -26, -39, -25] [-25, 53, -22, 5]
[9, 21, -16, 11] [6, 13, 3, 37] [18, -12, 38, 30] [-15, -50, 27, -5] [7, 17, 22, -9] [12, 54, 15, 4] [-2, -32, -9, -10]
[12, -30, -24, 7] [11, 12, 10, -32] [23, 6, 21, 27] [-43, -32, 64, -16] [-44, -42, 11, -64] [-34, 80, 33, 27] [-1, 45, 24, 33]
[20, 2, -36, -14] [-7, -6, 24, -70] [36, 25, -6, -9] [-2, -3, -5, -26] [62, 41, 8, -23] [0, 37, 3, 6] [9, -22, 23, -17]
------------------------------
ALIVE
Head: (4 4)
Body: (4 4) (4 3) (4 2) (4 1) (4 57) (4 56) (4 55) (5 55) 
Length: 8, 4
Vision: 3
Hungry, suplies: 8/10
Reproductive: 16, mutating: 0.25
Generation: 57378
####################################
Wall (up, right, down, left):
[-3, -7, -1, -6] [0, 5, 9, -17] [-23, 2, -12, -25] [11, 0, 12, 1] [-9, 13, 32, 2] [17, -4, -19, -25] [9, -25, 3, -6]
[-32, -2, 9, -18] [4, 19, -15, 0] [-36, 0, 15, -9] [-39, 14, 39, 16] [30, 32, 3, 4] [-40, -16, 3, -23] [-27, 7, -4, 10]
[-16, 24, 32, 29] [-11, 25, -17, -9] [-6, -4, 46, -13] [-98, 25, 60, 9] [-45, -52, -16, 35] [-24, -27, -12, 10] [-9, -17, -28, -9]
[-6, 53, -12, -38] [9, -11, 36, -37] [9, 40, 7, -113] [0, 0, 0, 0] [53, -111, 19, 22] [22, -9, -3, 12] [10, 11, 25, -9]
[2, -38, 15, 6] [11, -7, -19, -32] [-17, -15, -42, -43] [44, 9, -137, 23] [12, 0, -43, 53] [10, 17, -5, 14] [-19, -70, -19, 39]
[28, 22, 5, 6] [-26, 12, -8, 3] [36, -1, 17, -1] [-4, -7, -24, 0] [-4, -5, -34, -16] [10, -14, -16, 4] [37, 14, 22, -3]
[-15, -4, 20, -4] [7, -9, -56, -17] [-15, 2, 24, 20] [-24, 18, -53, -19] [43, 7, -14, 35] [34, -6, -35, 34] [7, -10, 22, -9]
Food (up, right, down, left):
[5, 14, 4, 30] [-23, 30, 2, -24] [11, -20, 1, 6] [-20, 1, 50, 1] [2, -14, 47, -7] [-1, -31, -18, -30] [-60, 21, 9, -19]
[-77, 13, -48, 3] [2, -5, -34, -1] [-1, 5, 26, 29] [-33, 13, -60, 33] [14, 15, -2, -52] [37, -3, -61, 25] [10, -2, 26, 32]
[-37, 6, 32, -34] [18, -2, -16, 35] [-31, -35, -30, 20] [52, -30, 30, 14] [-12, -12, -15, -27] [-1, 25, -42, -31] [63, 35, 25, 22]
[2, 22, -10, 43] [-26, -7, -29, 35] [-6, -1, -31, -17] [0, 0, 0, 0] [-14, 58, -46, -6] [18, -26, -39, -25] [-25, 53, -22, 5]
[9, 21, -16, 13] [6, 13, 3, 37] [18, -12, 38, 30] [-15, -50, 27, -5] [6, 17, 22, -9] [12, 52, 15, 4] [-2, -32, -9, -10]
[12, -30, -29, 7] [11, 12, 10, -32] [23, 6, 21, 27] [-43, -32, 64, -16] [-44, -42, 11, -64] [-34, 80, 33, 27] [-1, 45, 24, 33]
[20, 2, -36, -14] [-7, -6, 24, -70] [36, 25, -6, -9] [-2, -3, -5, -26] [62, 41, 8, -23] [0, 37, 3, 6] [9, -22, 27, -17]
------------------------------
ALIVE
Head: (14 32)
Body: (14 32) (15 32) (15 31) (15 30) (15 29) (14 29) (13 29) (12 29) (11 29) (10 29) 
Length: 10, 4
Vision: 3
Hungry, suplies: 3/10
Reproductive: 16, mutating: 0.25
Generation: 57381
####################################
Wall (up, right, down, left):
[-3, -7, -1, -6] [0, 5, 9, -17] [-23, 2, -12, -25] [11, 0, 12, 1] [-9, 13, 32, 2] [17, -4, -19, -25] [9, -25, 3, -6]
[-32, -2, 9, -18] [4, 19, -15, 0] [-36, 0, 15, -9] [-39, 14, 39, 16] [30, 32, 3, 4] [-40, -16, 3, -23] [-27, 7, -4, 10]
[-16, 24, 32, 29] [-11, 25, -17, -9] [-6, -4, 46, -13] [-98, 25, 60, 9] [-45, -52, -16, 35] [-24, -27, -12, 10] [-9, -17, -28, -9]
[-6, 53, -12, -38] [9, -11, 36, -37] [9, 40, 7, -113] [0, 0, 0, 0] [53, -111, 19, 22] [22, -9, -3, 12] [10, 11, 25, -9]
[2, -38, 15, 6] [11, -7, -19, -32] [-17, -15, -42, -43] [44, 9, -137, 23] [12, 0, -43, 53] [7, 17, -5, 14] [-19, -70, -19, 39]
[28, 22, 5, 6] [-26, 12, -8, 3] [36, -1, 17, -1] [-4, -7, -24, 0] [-4, -5, -34, -16] [10, -14, -16, 4] [37, 14, 22, -3]
[-15, -4, 20, -4] [7, -9, -56, -17] [-15, 2, 24, 20] [-24, 18, -53, -19] [43, 7, -14, 35] [34, -6, -35, 34] [7, -10, 24, -9]
Food (up, right, down, left):
[5, 14, 4, 30] [-23, 30, 2, -24] [11, -20, 1, 6] [-20, 1, 50, 1] [2, -14, 47, -7] [-1, -31, -18, -30] [-60, 21, 9, -19]
[-77, 13, -48, 3] [2, -5, -34, -1] [-1, 5, 26, 29] [-33, 13, -60, 33] [14, 15, -2, -52] [37, -3, -61, 25] [10, -2, 26, 32]
[-37, 6, 32, -34] [18, -2, -16, 35] [-31, -35, -30, 20] [52, -30, 30, 14] [-12, -12, -15, -27] [-1, 25, -42, -31] [63, 35, 25, 22]
[2, 22, -10, 43] [-26, -7, -29, 35] [-6, -1, -31, -17] [0, 0, 0, 0] [-14, 58, -46, -6] [18, -26, -39, -25] [-25, 53, -22, 5]
[9, 21, -16, 13] [6, 13, 3, 37] [18, -12, 38, 30] [-15, -50, 27, -5] [6, 17, 22, -9] [12, 52, 15, 8] [-2, -32, -9, -10]
[12, -30, -29, 7] [11, 12, 10, -32] [23, 6, 21, 27] [-43, -32, 64, -16] [-44, -42, 11, -64] [-34, 80, 33, 27] [-1, 45, 24, 33]
[20, 2, -36, -14] [-7, -6, 24, -70] [36, 25, -6, -9] [-2, -3, -5, -26] [62, 41, 8, -23] [0, 37, 3, 6] [9, -22, 23, -17]
------------------------------
ALIVE
Head: (14 5)
Body: (14 5) (14 6) (13 6) (12 6) (11 6) (11 5) (10 5) (10 4) (10 3) (9 3) (9 2) (9 1) (8 1) 
Length: 13, 4
Vision: 3
Hungry, suplies: 9/10
Reproductive: 16, mutating: 0.25
Generation: 57380
####################################
Wall (up, right, down, left):
[-3, -7, -1, -6] [0, 0, 9, -17] [-23, 2, -12, -25] [11, 0, 12, 2] [-9, 13, 32, 2] [17, -4, -19, -20] [9, -25, 3, -6]
[-32, -2, 9, -18] [4, 19, -15, 0] [-36, 0, 15, -9] [-39, 14, 39, 16] [30, 32, 3, 4] [-40, -16, 3, -23] [-27, 7, -4, 10]
[-16, 24, 32, 29] [-11, 25, -17, -9] [-6, -4, 46, -13] [-98, 25, 60, 9] [-45, -52, -15, 35] [-24, -27, -12, 10] [-9, -17, -28, -9]
[-10, 53, -12, -38] [9, -11, 36, -37] [9, 40, 7, -113] [0, 0, 0, 0] [53, -111, 19, 22] [22, -9, -3, 12] [10, 11, 25, -9]
[-2, -38, 15, 6] [11, -7, -19, -32] [-17, -15, -42, -43] [44, 9, -137, 23] [12, 0, -43, 56] [10, 17, -7, 14] [-19, -75, -19, 39]
[26, 22, 5, 6] [-26, 12, -13, 3] [36, -1, 17, -1] [-4, -7, -24, 0] [-4, -5, -34, -16] [8, -14, -16, 4] [37, 14, 22, -3]
[-15, -4, 20, -4] [7, -9, -56, -17] [-15, 2, 24, 20] [-24, 23, -53, -19] [43, 9, -14, 35] [34, -6, -35, 34] [7, -10, 24, -9]
Food (up, right, down, left):
[5, 14, 4, 30] [-23, 30, 2, -19] [11, -20, 1, 6] [-19, 1, 50, 1] [2, -14, 47, -7] [-2, -31, -18, -30] [-60, 21, 9, -19]
[-77, 13, -48, 3] [2, -5, -34, -1] [-1, 5, 26, 29] [-33, 13, -60, 33] [14, 15, -2, -52] [37, -3, -61, 25] [10, -2, 26, 32]
[-37, 6, 32, -34] [18, -2, -16, 35] [-31, -35, -30, 20] [52, -30, 30, 14] [-10, -12, -15, -27] [-1, 25, -42, -31] [63, 35, 25, 22]
[2, 26, -7, 43] [-26, -7, -29, 35] [-6, -1, -31, -17] [0, 0, 0, 0] [-14, 58, -46, -6] [18, -26, -39, -25] [-25, 53, -22, 5]
[9, 21, -16, 11] [6, 13, 3, 37] [18, -12, 38, 30] [-15, -50, 27, -5] [7, 17, 22, -9] [12, 52, 14, 4] [-2, -32, -9, -10]
[12, -30, -24, 7] [11, 12, 13, -32] [23, 6, 21, 27] [-43, -32, 64, -16] [-44, -42, 11, -64] [-35, 80, 33, 27] [-1, 45, 24, 33]
[20, 2, -36, -14] [-7, -6, 24, -70] [36, 25, -6, -9] [-2, -3, -5, -26] [62, 41, 7, -23] [0, 37, 3, 6] [9, -22, 23, -17]
------------------------------
ALIVE
Head: (22 2)
Body: (22 2) (23 2) (24 2) (24 1) (24 57) (24 56) (24 55) (23 55) (23 54) (22 54) (21 54) (21 53) (20 53) (19 53) 
Length: 14, 4
Vision: 3
Hungry, suplies: 9/10
Reproductive: 16, mutating: 0.25
Generation: 57371
####################################
Wall (up, right, down, left):
[-3, -7, -1, -6] [0, 5, 9, -17] [-23, 2, -12, -25] [11, 0, 12, 2] [-9, 13, 32, 2] [17, -4, -19, -16] [9, -25, 3, -6]
[-32, -2, 9, -18] [4, 19, -15, 0] [-36, 0, 15, -9] [-39, 14, 39, 16] [30, 32, 3, 4] [-40, -16, 3, -23] [-27, 7, -4, 10]
[-16, 27, 32, 29] [-11, 25, -17, -9] [-6, -4, 46, -13] [-98, 25, 60, 9] [-45, -52, -16, 35] [-24, -27, -12, 10] [-9, -17, -28, -9]
[-7, 53, -12, -38] [9, -11, 36, -37] [9, 40, 7, -113] [0, 0, 0, 0] [53, -111, 19, 22] [22, -9, -3, 12] [10, 11, 25, -9]
[-2, -38, 15, 6] [11, -7, -19, -32] [-17, -15, -42, -43] [44, 9, -137, 23] [12, 0, -43, 56] [10, 17, -7, 15] [-19, -70, -19, 39]
[26, 22, 5, 6] [-26, 12, -13, 3] [36, -1, 17, -1] [-4, -7, -24, 0] [-4, -5, -34, -16] [8, -14, -16, 4] [37, 14, 22, -3]
[-15, -4, 20, -4] [7, -9, -56, -17] [-15, 2, 24, 20] [-24, 23, -53, -19] [43, 9, -14, 35] [34, -6, -35, 34] [7, -10, 24, -9]
Food (up, right, down, left):
[5, 14, 4, 30] [-23, 30, 2, -24] [11, -20, 1, 6] [-19, 1, 50, 1] [2, -14, 47, -7] [-1, -31, -18, -30] [-60, 21, 9, -19]
[-77, 13, -48, 3] [2, -5, -34, -1] [-1, 5, 26, 29] [-33, 13, -60, 33] [14, 15, -2, -52] [37, -3, -61, 25] [10, -2, 26, 32]
[-37, 6, 30, -34] [18, -2, -16, 35] [-31, -35, -30, 20] [52, -30, 30, 14] [-12, -12, -15, -27] [-1, 25, -42, -31] [63, 35, 25, 22]
[2, 26, -10, 43] [-26, -7, -29, 35] [-6, -1, -31, -17] [0, 0, 0, 0] [-14, 58, -46, -6] [18, -26, -39, -25] [-25, 53, -22, 5]
[9, 21, -16, 11] [6, 13, 3, 37] [18, -12, 38, 30] [-15, -50, 27, -5] [7, 17, 22, -9] [12, 52, 14, 1] [-2, -32, -9, -10]
[12, -30, -24, 7] [11, 12, 13, -32] [23, 6, 21, 27] [-43, -32, 64, -16] [-44, -42, 11, -64] [-35, 80, 33, 27] [-1, 45, 24, 33]
[20, 2, -36, -14] [-7, -6, 24, -70] [36, 25, -6, -9] [-2, -3, -5, -26] [62, 41, 7, -23] [0, 37, 3, 6] [9, -22, 23, -17]
------------------------------
ALIVE
Head: (19 31)
Body: (19 31) (18 31) (17 31) (16 31) (16 30) (17 30) (18 30) (18 29) (18 28) 
Length: 9, 4
Vision: 3
Hungry, suplies: 8/10
Reproductive: 16, mutating: 0.25
Generation: 57371
####################################
Wall (up, right, down, left):
[-3, -7, -1, -6] [0, 0, 9, -17] [-23, 2, -12, -25] [11, 0, 12, 2] [-9, 13, 32, 2] [17, -4, -19, -20] [9, -25, 3, -6]
[-32, -2, 9, -18] [4, 19, -15, 0] [-36, 0, 15, -9] [-39, 14, 39, 16] [30, 32, 3, 4] [-40, -16, 3, -23] [-27, 7, -4, 10]
[-16, 24, 32, 29] [-11, 25, -17, -9] [-6, -4, 46, -13] [-98, 25, 60, 9] [-45, -52, -15, 35] [-24, -27, -12, 10] [-9, -17, -28, -9]
[-10, 53, -12, -38] [9, -11, 36, -37] [9, 40, 7, -113] [0, 0, 0, 0] [53, -111, 19, 22] [22, -9, -3, 12] [10, 11, 25, -9]
[-2, -38, 15, 6] [11, -7, -19, -32] [-17, -15, -42, -43] [44, 9, -137, 23] [12, 0, -43, 56] [10, 17, -7, 14] [-19, -75, -19, 39]
[26, 22, 5, 6] [-26, 12, -13, 3] [36, -1, 17, -1] [-4, -7, -24, 0] [-4, -5, -34, -16] [8, -14, -16, 4] [37, 14, 22, -3]
[-15, -4, 20, -4] [7, -9, -56, -17] [-15, 2, 24, 20] [-24, 23, -53, -19] [43, 9, -14, 35] [34, -6, -35, 34] [7, -10, 24, -9]
Food (up, right, down, left):
[5, 14, 4, 30] [-23, 30, 2, -19] [11, -20, 1, 6] [-19, 1, 50, 1] [2, -14, 47, -7] [-2, -31, -18, -30] [-60, 21, 9, -19]
[-77, 13, -48, 3] [2, -5, -34, -1] [-1, 5, 26, 29] [-33, 13, -60, 33] [14, 15, -2, -52] [37, -3, -61, 25] [10, -2, 26, 32]
[-37, 6, 32, -34] [18, -2, -16, 35] [-31, -35, -30, 20] [52, -30, 30, 14] [-10, -12, -15, -27] [-1, 25, -42, -31] [63, 35, 25, 22]
[2, 26, -7, 43] [-26, -7, -29, 35] [-6, -1, -31, -17] [0, 0, 0, 0] [-14, 58, -46, -6] [18, -26, -39, -25] [-25, 53, -22, 5]
[9, 21, -16, 11] [6, 13, 3, 37] [18, -12, 38, 30] [-15, -50, 27, -5] [7, 17, 22, -9] [12, 52, 14, 4] [-2, -32, -9, -10]
[12, -30, -24, 7] [11, 12, 13, -32] [23, 6, 21, 27] [-43, -32, 64, -16] [-44, -42, 11, -64] [-35, 80, 33, 27] [-1, 45, 24, 33]
[20, 2, -36, -14] [-7, -6, 24, -70] [36, 25, -6, -9] [-2, -3, -5, -26] [62, 41, 7, -23] [0, 37, 3, 6] [9, -22, 23, -17]
------------------------------
ALIVE
Head: (20 8)
Body: (20 8) (20 7) (20 6) (20 5) (21 5) (22 5) (23 5) (23 6) (23 7) 
Length: 9, 4
Vision: 3
Hungry, suplies: 8/10
Reproductive: 16, mutating: 0.25
Generation: 57372
####################################
Wall (up, right, down, left):
[-3, -7, -1, -6] [0, 5, 9, -17] [-23, 1, -12, -25] [11, 0, 12, 1] [-9, 13, 32, 2] [17, -4, -19, -20] [9, -25, 3, -6]
[-32, -2, 9, -18] [4, 19, -15, 0] [-36, 0, 15, -9] [-39, 14, 39, 16] [30, 32, 3, 4] [-40, -16, 3, -23] [-27, 7, -4, 10]
[-16, 24, 32, 29] [-11, 25, -17, -9] [-6, -4, 46, -13] [-98, 25, 60, 9] [-45, -52, -16, 35] [-24, -27, -12, 10] [-9, -17, -28, -9]
[-7, 53, -12, -38] [9, -11, 36, -37] [9, 40, 7, -113] [0, 0, 0, 0] [53, -111, 19, 22] [22, -9, -3, 12] [10, 11, 25, -9]
[3, -38, 15, 6] [11, -7, -19, -32] [-17, -15, -42, -43] [44, 9, -137, 23] [12, 0, -43, 55] [10, 17, -7, 14] [-19, -70, -19, 39]
[26, 22, 5, 6] [-26, 12, -13, 3] [36, -1, 17, -1] [-4, -7, -24, 0] [-4, -5, -34, -16] [8, -14, -16, 4] [37, 14, 22, -3]
[-15, -4, 20, -4] [7, -9, -56, -17] [-15, 2, 24, 20] [-24, 18, -53, -19] [43, 7, -14, 35] [34, -6, -35, 34] [7, -11, 24, -9]
Food (up, right, down, left):
[5, 14, 4, 30] [-23, 30, 2, -24] [11, -20, -4, 6] [-20, 1, 50, 1] [2, -14, 47, -7] [-2, -31, -18, -30] [-60, 21, 9, -19]
[-77, 13, -48, 3] [2, -5, -34, -1] [-1, 5, 26, 29] [-33, 13, -60, 33] [14, 15, -2, -52] [37, -3, -61, 25] [10, -2, 26, 32]
[-37, 6, 32, -34] [18, -2, -16, 35] [-31, -35, -30, 20] [52, -30, 30, 14] [-12, -12, -15, -27] [-1, 25, -42, -31] [63, 35, 25, 22]
[2, 26, -10, 43] [-26, -7, -29, 35] [-6, -1, -31, -17] [0, 0, 0, 0] [-14, 58, -46, -6] [18, -26, -39, -25] [-25, 53, -22, 5]
[7, 21, -16, 11] [6, 13, 3, 37] [18, -12, 38, 30] [-15, -50, 27, -5] [7, 17, 21, -9] [12, 52, 14, 4] [-2, -32, -9, -10]
[12, -30, -24, 7] [11, 12, 13, -32] [23, 6, 21, 27] [-43, -32, 64, -16] [-44, -42, 11, -64] [-35, 80, 33, 27] [-1, 45, 24, 33]
[20, 2, -36, -14] [-7, -6, 24, -70] [36, 25, -6, -9] [-2, -3, -5, -26] [62, 41, 8, -23] [0, 37, 3, 6] [10, -22, 23, -17]
------------------------------
ALIVE
Head: (2 44)
Body: (2 44) (1 44) (25 44) (24 44) (24 45) (24 46) (24 47) (24 48) (23 48) (23 47) (23 46) (22 46) (22 45) (22 44) 
Length: 14, 4
Vision: 3
Hungry, suplies: 1/10
Reproductive: 16, mutating: 0.25
Generation: 57380
####################################
Wall (up, right, down, left):
[-3, -7, -1, -6] [0, 5, 9, -17] [-23, 2, -12, -25] [11, 0, 12, 1] [-9, 13, 32, 2] [16, -4, -19, -20] [9, -25, 3, -6]
[-32, -2, 9, -18] [4, 19, -15, 0] [-36, 0, 15, -9] [-39, 14, 39, 16] [30, 32, 0, 4] [-40, -16, 3, -23] [-27, 7, -4, 10]
[-16, 24, 32, 29] [-11, 25, -17, -9] [-6, -4, 46, -13] [-98, 23, 60, 9] [-45, -52, -16, 35] [-24, -27, -12, 10] [-9, -17, -28, -9]
[-7, 53, -12, -38] [9, -11, 36, -37] [9, 40, 7, -113] [0, 0, 0, 0] [53, -111, 19, 22] [22, -9, -3, 12] [10, 11, 25, -9]
[-2, -38, 15, 6] [11, -7, -19, -32] [-17, -15, -42, -43] [44, 9, -137, 23] [12, 0, -43, 56] [7, 17, -5, 14] [-19, -70, -19, 39]
[26, 22, 5, 6] [-26, 12, -8, 3] [36, -1, 17, -1] [-4, -7, -24, 0] [-4, -5, -34, -16] [10, -14, -16, 4] [37, 14, 22, -3]
[-15, -4, 20, -4] [7, -9, -56, -17] [-15, 2, 24, 20] [-24, 18, -53, -19] [43, 7, -14, 35] [34, -6, -35, 34] [7, -10, 24, -9]
Food (up, right, down, left):
[5, 14, 4, 30] [-23, 30, 2, -24] [11, -20, 1, 6] [-20, 1, 50, 1] [2, -14, 47, -7] [-2, -31, -21, -30] [-60, 21, 9, -19]
[-77, 13, -48, 3] [2, -5, -34, -1] [-1, 5, 26, 29] [-33, 13, -60, 33] [16, 15, -2, -52] [37, -3, -61, 25] [10, -2, 26, 32]
[-37, 6, 32, -34] [18, -2, -16, 35] [-31, -35, -30, 20] [52, -30, 29, 14] [-12, -12, -15, -27] [-1, 25, -42, -31] [63, 35, 25, 22]
[2, 26, -10, 43] [-26, -7, -29, 35] [-6, -1, -31, -17] [0, 0, 0, 0] [-14, 58, -46, -6] [18, -26, -39, -25] [-25, 53, -22, 5]
[9, 21, -16, 11] [6, 13, 3, 37] [18, -12, 38, 30] [-15, -50, 27, -5] [7, 17, 22, -9] [12, 54, 15, 4] [-2, -32, -9, -10]
[12, -30, -24, 7] [11, 12, 10, -32] [23, 6, 21, 27] [-43, -32, 64, -16] [-44, -42, 11, -64] [-34, 80, 33, 27] [-1, 45, 24, 33]
[20, 2, -36, -14] [-7, -6, 24, -70] [36, 25, -6, -9] [-2, -3, -5, -26] [62, 41, 8, -23] [0, 37, 3, 6] [9, -22, 23, -17]
------------------------------
ALIVE
Head: (23 41)
Body: (23 41) (24 41) (-1 40) (0 40) (1 40) (1 41) (2 41) (2 40) (2 39) 
Length: 9, 4
Vision: 3
Hungry, suplies: 10/10
Reproductive: 16, mutating: 0.25
Generation: 57379
####################################
Wall (up, right, down, left):
[-3, -7, -1, -6] [0, 5, 9, -17] [-23, 2, -12, -25] [11, 0, 12, 1] [-9, 13, 32, 2] [17, -4, -19, -25] [9, -25, 3, -6]
[-32, -2, 9, -18] [4, 19, -15, 0] [-36, 0, 15, -9] [-39, 14, 39, 16] [30, 32, 3, 4] [-40, -16, 3, -23] [-27, 7, -4, 10]
[-16, 24, 32, 29] [-11, 25, -17, -9] [-6, -4, 46, -13] [-98, 25, 60, 9] [-45, -52, -16, 35] [-24, -27, -12, 10] [-9, -17, -28, -9]
[-6, 53, -12, -38] [9, -11, 36, -37] [9, 40, 7, -113] [0, 0, 0, 0] [53, -111, 19, 22] [22, -9, -3, 12] [10, 11, 25, -9]
[2, -38, 15, 6] [11, -7, -19, -32] [-17, -15, -42, -43] [44, 9, -137, 23] [12, 0, -43, 53] [10, 17, -5, 14] [-19, -70, -19, 39]
[28, 22, 5, 6] [-26, 12, -8, 3] [36, -1, 17, -1] [-4, -7, -24, 0] [-4, -5, -34, -16] [10, -14, -16, 4] [37, 14, 22, -3]
[-15, -4, 20, -4] [7, -9, -56, -17] [-15, 2, 24, 20] [-24, 18, -53, -19] [43, 7, -14, 35] [34, -6, -35, 34] [7, -10, 24, -9]
Food (up, right, down, left):
[5, 14, 4, 30] [-23, 30, 2, -24] [11, -20, 1, 6] [-20, 1, 50, 1] [2, -14, 47, -7] [-1, -31, -18, -30] [-60, 21, 9, -19]
[-77, 13, -48, 3] [2, -5, -34, -1] [-1, 5, 26, 29] [-33, 13, -60, 33] [14, 15, -2, -52] [37, -3, -61, 25] [10, -2, 26, 32]
[-37, 6, 32, -34] [18, -2, -16, 35] [-31, -35, -30, 20] [52, -30, 30, 14] [-12, -12, -15, -27] [-1, 25, -42, -31] [63, 35, 25, 22]
[2, 22, -10, 43] [-26, -7, -29, 35] [-6, -1, -31, -17] [0, 0, 0, 0] [-14, 58, -46, -6] [18, -26, -39, -25] [-25, 53, -22, 5]
[9, 21, -16, 13] [6, 13, 3, 37] [18, -12, 38, 30] [-15, -50, 27, -5] [6, 17, 22, -9] [12, 52, 15, 4] [-2, -32, -9, -10]
[12, -30, -29, 7] [11, 12, 10, -32] [23, 6, 21, 27] [-43, -32, 64, -16] [-44, -42, 11, -64] [-34, 80, 33, 27] [-1, 45, 24, 33]
[20, 2, -36, -14] [-7, -6, 24, -70] [36, 25, -6, -9] [-2, -3, -5, -26] [62, 41, 8, -23] [0, 37, 3, 6] [9, -22, 23, -17]
------------------------------
ALIVE
Head: (20 11)
Body: (20 11) (19 11) (18 11) (17 11) (16 11) (15 11) (15 10) (15 9) (15 8) (16 8) (16 7) (17 7) (17 6) (17 5) 
Length: 14, 4
Vision: 3
Hungry, suplies: 10/10
Reproductive: 16, mutating: 0.25
Generation: 57380
####################################
Wall (up, right, down, left):
[-3, -7, -1, -6] [0, 5, 9, -17] [-23, 2, -12, -25] [11, 0, 12, 1] [-9, 13, 32, 2] [17, -4, -19, -20] [9, -25, 3, -6]
[-32, -2, 9, -18] [4, 19, -15, 0] [-40, 0, 15, -9] [-39, 14, 39, 16] [30, 32, 0, 4] [-40, -16, 3, -23] [-27, 7, -4, 10]
[-16, 24, 32, 29] [-11, 25, -17, -9] [-6, -4, 46, -13] [-98, 25, 60, 9] [-45, -52, -16, 35] [-24, -27, -12, 10] [-9, -17, -28, -9]
[-7, 53, -12, -38] [9, -11, 36, -37] [9, 40, 7, -113] [0, 0, 0, 0] [53, -111, 19, 22] [22, -9, -3, 12] [10, 11, 25, -9]
[-2, -38, 15, 6] [11, -7, -19, -32] [-17, -15, -42, -43] [44, 9, -137, 23] [12, 0, -43, 56] [7, 17, -5, 14] [-19, -70, -19, 39]
[26, 22, 5, 6] [-26, 12, -8, 3] [36, -1, 17, -1] [-4, -7, -24, 0] [-4, -5, -34, -16] [10, -14, -16, 4] [37, 14, 22, -3]
[-15, -4, 20, -4] [7, -9, -56, -17] [-15, 2, 24, 20] [-24, 18, -53, -19] [43, 7, -14, 35] [34, -6, -33, 34] [7, -10, 24, -9]
Food (up, right, down, left):
[5, 14, 4, 30] [-23, 30, 2, -24] [11, -20, 1, 6] [-20, 1, 50, 1] [2, -14, 47, -7] [-2, -31, -18, -30] [-60, 21, 9, -19]
[-77, 13, -48, 3] [2, -5, -34, -1] [-1, 5, 26, 29] [-33, 13, -60, 33] [16, 15, -2, -52] [37, -3, -61, 25] [10, -2, 26, 32]
[-37, 6, 32, -34] [18, -2, -16, 35] [-31, -35, -30, 20] [52, -30, 30, 14] [-12, -12, -15, -27] [-1, 25, -42, -31] [63, 35, 25, 22]
[2, 26, -10, 43] [-26, -7, -29, 35] [-6, -1, -29, -17] [0, 0, 0, 0] [-14, 58, -46, -6] [18, -26, -39, -25] [-25, 53, -22, 5]
[9, 21, -16, 11] [6, 13, 3, 37] [18, -12, 38, 30] [-15, -50, 27, -5] [7, 17, 22, -9] [12, 54, 15, 4] [-2, -32, -9, -10]
[12, -30, -24, 7] [11, 12, 10, -32] [23, 6, 21, 27] [-43, -32, 64, -16] [-44, -42, 11, -64] [-34, 80, 33, 27] [-1, 45, 24, 33]
[20, 2, -36, -14] [-7, -6, 24, -70] [36, 25, -6, -9] [-2, -3, -5, -26] [62, 41, 8, -23] [0, 37, 3, 7] [9, -22, 23, -17]
------------------------------
ALIVE
Head: (15 55)
Body: (15 55) (15 54) (14 54) (13 54) (13 53) (12 53) (11 53) (10 53) (9 53) (8 53) (8 52) (7 52) (7 51) (7 50) 
Length: 14, 4
Vision: 3
Hungry, suplies: 10/10
Reproductive: 16, mutating: 0.25
Generation: 57382
####################################
Wall (up, right, down, left):
[-3, -7, -1, -6] [0, 5, 9, -17] [-23, 2, -12, -25] [11, 0, 12, 1] [-9, 13, 32, 2] [17, -4, -19, -25] [9, -25, 3, -6]
[-32, -2, 9, -18] [4, 19, -15, 0] [-36, 0, 15, -9] [-39, 14, 39, 16] [30, 32, 3, 4] [-40, -16, 3, -23] [-27, 7, -4, 10]
[-16, 24, 32, 29] [-11, 25, -17, -9] [-6, -4, 46, -13] [-98, 25, 60, 9] [-45, -52, -16, 35] [-24, -27, -12, 10] [-9, -17, -28, -9]
[-6, 53, -12, -38] [9, -11, 36, -37] [9, 40, 7, -113] [0, 0, 0, 0] [53, -111, 19, 22] [22, -9, -3, 12] [10, 11, 25, -9]
[2, -38, 15, 6] [11, -7, -19, -32] [-17, -15, -42, -43] [44, 9, -137, 23] [12, 0, -43, 53] [10, 17, -5, 14] [-19, -70, -19, 39]
[28, 22, 5, 6] [-26, 12, -8, 3] [36, -1, 17, -1] [-4, -7, -24, 0] [-4, -5, -34, -16] [10, -14, -16, 4] [37, 14, 22, -3]
[-15, -4, 20, -4] [7, -9, -56, -17] [-15, 2, 24, 20] [-24, 18, -53, -19] [43, 7, -14, 35] [34, -6, -35, 34] [7, -10, 24, -9]
Food (up, right, down, left):
[5, 14, 4, 30] [-23, 30, 2, -24] [11, -20, 1, 6] [-20, 1, 50, 1] [2, -14, 47, -7] [-1, -31, -18, -30] [-60, 21, 9, -19]
[-77, 13, -48, 3] [2, -5, -34, -1] [-1, 5, 26, 29] [-33, 13, -60, 33] [14, 15, -2, -52] [37, -3, -61, 25] [10, -2, 26, 32]
[-37, 6, 32, -34] [18, -2, -16, 35] [-31, -35, -30, 20] [52, -30, 30, 14] [-12, -12, -15, -27] [-1, 25, -42, -31] [63, 35, 25, 22]
[2, 22, -10, 43] [-26, -7, -29, 35] [-6, -1, -31, -17] [0, 0, 0, 0] [-14, 58, -46, -6] [18, -26, -39, -25] [-25, 53, -22, 5]
[9, 21, -16, 13] [6, 13, 3, 37] [18, -12, 38, 30] [-15, -50, 27, -5] [6, 17, 22, -9] [12, 52, 15, 4] [-2, -32, -9, -10]
[12, -30, -29, 7] [11, 12, 10, -32] [23, 6, 21, 27] [-43, -32, 64, -16] [-44, -42, 11, -64] [-34, 80, 33, 27] [-1, 45, 24, 33]
[20, 2, -36, -14] [-7, -6, 24, -70] [36, 25, -6, -9] [-2, -3, -5, -26] [62, 41, 8, -23] [0, 37, 3, 6] [9, -22, 23, -17]
------------------------------
ALIVE
Head: (17 23)
Body: (17 23) (16 23) (16 22) (16 21) (16 20) (15 20) (14 20) (13 20) (13 19) (13 18) (13 17) 
Length: 11, 4
Vision: 3
Hungry, suplies: 1/10
Reproductive: 16, mutating: 0.25
Generation: 57378
####################################
Wall (up, right, down, left):
[-3, -7, -1, -6] [0, 5, 9, -17] [-23, 2, -12, -25] [11, 0, 12, 2] [-9, 13, 32, 2] [17, -4, -19, -20] [9, -25, 3, -6]
[-32, -2, 9, -18] [4, 19, -15, 0] [-36, 0, 15, -9] [-39, 14, 39, 16] [30, 32, 3, 4] [-40, -16, 3, -23] [-27, 7, -4, 10]
[-16, 24, 32, 29] [-11, 25, -17, -9] [-6, -4, 46, -13] [-98, 25, 60, 9] [-45, -52, -15, 35] [-24, -27, -12, 10] [-9, -17, -28, -9]
[-10, 53, -12, -38] [9, -11, 36, -37] [9, 40, 7, -113] [0, 0, 0, 0] [53, -111, 19, 22] [22, -9, -3, 12] [10, 11, 25, -9]
[-2, -38, 15, 6] [11, -7, -19, -32] [-17, -15, -42, -43] [44, 9, -137, 23] [12, 0, -43, 56] [10, 17, -7, 14] [-19, -75, -19, 39]
[26, 22, 5, 6] [-26, 12, -13, 1] [36, -1, 17, -1] [-4, -7, -24, 0] [-4, -5, -34, -16] [8, -14, -16, 4] [37, 14, 22, -3]
[-15, -4, 20, -4] [7, -9, -56, -17] [-15, 2, 24, 20] [-24, 23, -53, -19] [43, 9, -14, 35] [34, -6, -35, 34] [7, -10, 24, -9]
Food (up, right, down, left):
[5, 14, 4, 30] [-23, 30, 2, -24] [11, -20, 1, 6] [-19, 1, 50, 1] [2, -14, 47, -7] [-2, -31, -18, -30] [-60, 21, 9, -19]
[-77, 13, -48, 3] [2, -5, -34, -1] [-1, 5, 26, 29] [-33, 13, -60, 33] [14, 15, -2, -52] [37, -3, -61, 25] [10, -2, 26, 32]
[-37, 6, 32, -34] [18, -2, -16, 35] [-31, -35, -30, 20] [52, -30, 30, 14] [-10, -12, -15, -27] [-1, 25, -42, -31] [63, 35, 25, 22]
[2, 26, -7, 43] [-26, -7, -29, 35] [-6, -1, -31, -17] [0, 0, 0, 0] [-14, 58, -46, -6] [18, -26, -39, -25] [-25, 53, -22, 5]
[9, 21, -16, 11] [6, 13, 3, 37] [18, -12, 38, 30] [-15, -50, 27, -5] [7, 17, 22, -9] [12, 52, 14, 4] [-2, -32, -9, -10]
[12, -30, -24, 7] [8, 12, 13, -32] [23, 6, 21, 27] [-43, -32, 64, -16] [-44, -42, 11, -64] [-35, 80, 33, 27] [-1, 45, 24, 33]
[20, 2, -36, -14] [-7, -6, 24, -70] [36, 25, -6, -9] [-2, -3, -5, -26] [62, 41, 7, -23] [0, 37, 3, 6] [9, -22, 23, -17]
------------------------------
ALIVE
Head: (2 11)
Body: (2 11) (2 10) (3 10) (3 11) (3 12) (2 12) (1 12) (1 11) (1 10) (1 9) (2 9) 
Length: 11, 4
Vision: 3
Hungry, suplies: 10/10
Reproductive: 16, mutating: 0.25
Generation: 57370
####################################
Wall (up, right, down, left):
[-3, -7, -1, -6] [0, 5, 9, -17] [-23, 2, -12, -25] [11, 0, 12, 2] [-9, 13, 32, 2] [17, -4, -19, -20] [9, -25, 3, -6]
[-32, -2, 9, -18] [4, 19, -15, 0] [-36, 2, 15, -9] [-39, 14, 39, 16] [30, 32, 3, 4] [-40, -16, 3, -23] [-27, 7, -4, 10]
[-16, 24, 32, 29] [-11, 25, -17, -9] [-6, -4, 46, -13] [-98, 25, 60, 9] [-45, -52, -15, 35] [-24, -27, -12, 10] [-9, -17, -28, -9]
[-7, 53, -12, -38] [9, -11, 36, -37] [9, 40, 7, -113] [0, 0, 0, 0] [53, -111, 19, 22] [22, -9, -3, 12] [10, 11, 25, -9]
[-2, -38, 15, 6] [11, -7, -19, -32] [-17, -15, -42, -43] [40, 9, -137, 23] [12, 0, -43, 56] [10, 17, -7, 14] [-19, -70, -19, 39]
[26, 22, 5, 6] [-26, 12, -13, 3] [36, -1, 17, -1] [-4, -7, -24, 0] [-4, -5, -34, -16] [8, -14, -16, 4] [37, 14, 22, -3]
[-15, -4, 20, -4] [7, -9, -56, -17] [-15, 2, 24, 20] [-24, 23, -53, -19] [43, 9, -14, 35] [34, -6, -35, 34] [7, -10, 24, -9]
Food (up, right, down, left):
[5, 14, 4, 30] [-23, 30, 2, -24] [11, -20, 1, 6] [-19, 1, 50, 1] [2, -14, 47, -7] [-2, -31, -18, -30] [-60, 21, 9, -19]
[-77, 13, -48, 3] [2, -5, -34, -1] [-1, 5, 26, 31] [-33, 13, -60, 33] [14, 15, -2, -52] [37, -3, -61, 25] [10, -2, 26, 32]
[-37, 6, 32, -34] [18, -2, -16, 35] [-31, -35, -30, 20] [52, -30, 30, 14] [-10, -12, -15, -27] [-1, 25, -42, -31] [63, 35, 25, 22]
[2, 26, -10, 43] [-26, -7, -29, 35] [-6, -1, -31, -17] [0, 0, 0, 0] [-14, 58, -46, -6] [18, -26, -39, -25] [-25, 53, -22, 5]
[9, 21, -16, 11] [6, 13, 3, 37] [18, -12, 38, 30] [-15, -50, 29, -5] [7, 17, 22, -9] [12, 52, 14, 4] [-2, -32, -9, -10]
[12, -30, -24, 7] [11, 12, 13, -32] [23, 6, 21, 27] [-43, -32, 64, -16] [-44, -42, 11, -64] [-35, 80, 33, 27] [-1, 45, 24, 33]
[20, 2, -36, -14] [-7, -6, 24, -70] [36, 25, -6, -9] [-2, -3, -5, -26] [62, 41, 7, -23] [0, 37, 3, 6] [9, -22, 23, -17]
------------------------------
ALIVE
Head: (10 23)
Body: (10 23) (10 24) (11 24) (11 25) (12 25) (12 26) (11 26) (10 26) 
Length: 8, 4
Vision: 3
Hungry, suplies: 9/10
Reproductive: 16, mutating: 0.25
Generation: 57371
####################################
Wall (up, right, down, left):
[-3, -7, -1, -6] [0, 0, 9, -17] [-23, 2, -12, -25] [11, 0, 12, 2] [-9, 13, 32, 2] [17, -4, -19, -20] [9, -25, 3, -6]
[-32, -2, 9, -18] [4, 19, -15, 0] [-36, 0, 15, -9] [-39, 14, 39, 16] [30, 32, 3, 4] [-40, -16, 3, -23] [-27, 7, -4, 10]
[-16, 24, 32, 29] [-11, 25, -17, -9] [-6, -4, 46, -13] [-98, 25, 60, 9] [-45, -52, -15, 35] [-24, -27, -12, 10] [-9, -17, -28, -9]
[-10, 53, -12, -38] [9, -11, 36, -37] [9, 40, 7, -113] [0, 0, 0, 0] [53, -111, 19, 22] [22, -9, -3, 12] [10, 11, 25, -9]
[-2, -38, 15, 6] [11, -7, -19, -32] [-17, -15, -42, -43] [44, 9, -137, 23] [12, 0, -43, 56] [10, 17, -7, 14] [-19, -75, -19, 39]
[26, 22, 5, 6] [-26, 12, -13, 3] [36, -1, 17, -1] [-4, -7, -24, 0] [-4, -5, -34, -16] [8, -14, -16, 4] [37, 14, 22, -3]
[-15, -2, 20, -4] [7, -9, -56, -17] [-15, 2, 24, 20] [-24, 23, -53, -19] [43, 9, -14, 35] [34, -6, -35, 34] [7, -10, 24, -9]
Food (up, right, down, left):
[5, 14, 4, 30] [-23, 30, 2, -19] [11, -20, 1, 6] [-19, 1, 50, 1] [2, -14, 47, -7] [-2, -31, -18, -30] [-60, 21, 9, -19]
[-77, 13, -48, 3] [2, -5, -34, -1] [-1, 5, 26, 29] [-33, 13, -60, 33] [14, 15, -2, -52] [37, -3, -61, 25] [10, -2, 26, 32]
[-37, 6, 32, -34] [18, -2, -16, 35] [-31, -35, -30, 20] [52, -30, 30, 14] [-10, -12, -15, -27] [-1, 25, -42, -31] [63, 35, 25, 22]
[2, 26, -7, 43] [-26, -7, -29, 35] [-6, -1, -31, -17] [0, 0, 0, 0] [-14, 58, -46, -6] [18, -26, -39, -25] [-25, 53, -22, 5]
[9, 21, -16, 11] [6, 13, 3, 37] [18, -12, 38, 30] [-15, -50, 27, -5] [7, 17, 22, -9] [12, 52, 14, 4] [-2, -32, -9, -10]
[12, -30, -24, 7] [11, 12, 13, -32] [23, 6, 21, 27] [-43, -32, 64, -16] [-44, -42, 11, -64] [-35, 80, 33, 27] [-1, 45, 24, 33]
[20, 2, -36, -12] [-7, -6, 24, -70] [36, 25, -6, -9] [-2, -3, -5, -26] [62, 41, 7, -23] [0, 37, 3, 6] [9, -22, 23, -17]
------------------------------
ALIVE
Head: (1 54)
Body: (1 54) (2 54) (2 53) (2 52) (2 51) (2 50) (1 50) (1 49) (0 49) (25 50) 
Length: 10, 4
Vision: 3
Hungry, suplies: 3/10
Reproductive: 16, mutating: 0.25
Generation: 57373
####################################
Wall (up, right, down, left):
[-3, -7, -1, -6] [0, 5, 9, -17] [-23, 2, -12, -25] [11, 0, 12, 1] [-9, 13, 32, 2] [16, -4, -19, -20] [9, -25, 3, -6]
[-32, -2, 9, -18] [4, 19, -15, 0] [-36, 0, 15, -9] [-39, 14, 39, 16] [30, 32, 0, 4] [-40, -16, 3, -23] [-27, 7, -4, 10]
[-16, 24, 32, 29] [-11, 25, -17, -9] [-6, -4, 46, -18] [-98, 25, 60, 11] [-45, -52, -16, 35] [-24, -27, -12, 10] [-9, -17, -28, -9]
[-7, 53, -12, -38] [9, -11, 36, -37] [9, 40, 7, -113] [0, 0, 0, 0] [53, -111, 19, 22] [22, -9, -3, 12] [10, 11, 25, -9]
[-2, -38, 15, 6] [11, -7, -19, -32] [-17, -15, -42, -43] [44, 9, -137, 23] [12, 0, -43, 56] [7, 17, -5, 14] [-19, -70, -19, 39]
[26, 22, 5, 6] [-26, 12, -8, 3] [36, -1, 17, -1] [-4, -7, -24, 0] [-4, -5, -39, -16] [10, -14, -16, 4] [37, 14, 22, -3]
[-15, -4, 20, -4] [7, -9, -56, -17] [-15, 2, 24, 20] [-24, 18, -53, -19] [43, 7, -14, 35] [34, -6, -35, 34] [7, -10, 24, -9]
Food (up, right, down, left):
[5, 14, 4, 30] [-23, 30, 2, -24] [11, -20, 1, 6] [-20, 1, 50, 1] [2, -14, 47, -7] [-2, -31, -21, -30] [-60, 21, 9, -19]
[-77, 13, -48, 3] [2, -5, -34, -1] [-1, 5, 26, 29] [-33, 13, -60, 33] [16, 15, -2, -52] [37, -3, -61, 25] [10, -2, 26, 32]
[-37, 6, 32, -34] [18, -2, -16, 35] [-31, -35, -30, 24] [47, -30, 30, 14] [-12, -12, -15, -27] [-1, 25, -42, -31] [63, 35, 25, 22]
[2, 26, -10, 43] [-26, -7, -29, 35] [-6, -1, -31, -17] [0, 0, 0, 0] [-14, 58, -46, -6] [18, -26, -39, -25] [-25, 53, -22, 5]
[9, 21, -16, 11] [6, 13, 3, 37] [18, -12, 38, 30] [-15, -50, 27, -5] [7, 17, 22, -9] [12, 54, 15, 4] [-2, -32, -9, -10]
[12, -30, -24, 7] [11, 12, 10, -32] [23, 6, 21, 27] [-43, -32, 64, -16] [-44, -42, 14, -64] [-34, 80, 33, 27] [-1, 45, 24, 33]
[20, 2, -36, -14] [-7, -6, 24, -70] [36, 25, -6, -9] [-2, -3, -5, -26] [62, 41, 8, -23] [0, 37, 3, 6] [9, -22, 23, -17]
------------------------------
ALIVE
Head: (22 27)
Body: (22 27) (22 26) (21 26) (20 26) (19 26) (19 27) (19 28) (19 29) (19 30) (20 30) (20 31) 
Length: 11, 4
Vision: 3
Hungry, suplies: 10/10
Reproductive: 16, mutating: 0.25
Generation: 57383
####################################
Wall (up, right, down, left):
[-3, -7, -1, -6] [0, 5, 9, -17] [-23, 2, -12, -25] [11, 0, 12, 1] [-9, 13, 32, 2] [17, -4, -19, -25] [9, -25, 3, -6]
[-32, -2, 9, -18] [4, 19, -15, 0] [-36, 0, 15, -9] [-39, 14, 39, 16] [30, 32, 3, 4] [-40, -16, 3, -23] [-27, 7, -4, 10]
[-16, 24, 32, 29] [-11, 25, -17, -9] [-6, -4, 46, -13] [-98, 25, 60, 9] [-45, -52, -16, 35] [-24, -27, -12, 10] [-9, -17, -28, -9]
[-6, 53, -12, -38] [9, -11, 36, -37] [9, 40, 7, -113] [0, 0, 0, 0] [53, -111, 19, 22] [22, -9, -3, 12] [10, 11, 25, -9]
[2, -38, 15, 6] [11, -7, -19, -32] [-17, -15, -42, -43] [44, 9, -137, 23] [12, 0, -43, 53] [10, 17, -5, 14] [-19, -70, -19, 39]
[28, 22, 5, 6] [-26, 12, -8, 3] [36, -1, 17, -1] [-4, -7, -24, 0] [-4, -5, -34, -16] [10, -14, -16, 4] [37, 14, 22, -3]
[-15, -4, 20, -4] [7, -9, -56, -17] [-15, 2, 24, 20] [-24, 18, -53, -19] [43, 7, -14, 35] [34, -6, -35, 34] [7, -10, 22, -9]
Food (up, right, down, left):
[5, 14, 4, 30] [-23, 30, 2, -24] [11, -20, 1, 6] [-20, 1, 50, 1] [2, -14, 47, -7] [-1, -31, -18, -30] [-60, 21, 9, -19]
[-77, 13, -48, 3] [2, -5, -34, -1] [-1, 5, 26, 29] [-33, 13, -60, 33] [14, 15, -2, -52] [37, -3, -61, 25] [10, -2, 26, 32]
[-37, 6, 32, -34] [18, -2, -16, 35] [-31, -35, -30, 20] [52, -30, 30, 14] [-12, -12, -15, -27] [-1, 25, -42, -31] [63, 35, 25, 22]
[2, 22, -10, 43] [-26, -7, -29, 35] [-6, -1, -31, -17] [0, 0, 0, 0] [-14, 58, -46, -6] [18, -26, -39, -25] [-25, 53, -22, 5]
[9, 21, -16, 13] [6, 13, 3, 37] [18, -12, 38, 30] [-15, -50, 27, -5] [6, 17, 22, -9] [12, 52, 15, 4] [-2, -32, -9, -10]
[12, -30, -29, 7] [11, 12, 10, -32] [23, 6, 21, 27] [-43, -32, 64, -16] [-44, -42, 11, -64] [-34, 80, 33, 27] [-1, 45, 24, 33]
[20, 2, -36, -14] [-7, -6, 24, -70] [36, 25, -6, -9] [-2, -3, -5, -26] [62, 41, 8, -23] [0, 37, 3, 6] [9, -22, 27, -17]
------------------------------
ALIVE
Head: (6 40)
Body: (6 40) (7 40) (8 40) (8 39) (8 38) (8 37) (8 36) (8 35) (8 34) 
Length: 9, 4
Vision: 3
Hungry, suplies: 2/10
Reproductive: 16, mutating: 0.25
Generation: 57382
####################################
Wall (up, right, down, left):
[-3, -7, -1, -6] [0, 5, 9, -17] [-23, 2, -12, -25] [11, 0, 12, 1] [-9, 13, 32, 2] [16, -4, -19, -20] [9, -25, 3, -6]
[-32, -2, 9, -18] [4, 19, -15, 0] [-36, 0, 15, -9] [-39, 14, 39, 16] [30, 32, 0, 4] [-40, -16, 3, -23] [-27, 7, -4, 10]
[-16, 24, 32, 29] [-11, 25, -17, -9] [-6, -4, 46, -13] [-98, 23, 60, 9] [-45, -52, -16, 35] [-24, -27, -12, 10] [-9, -17, -28, -9]
[-7, 53, -12, -38] [9, -11, 36, -37] [9, 40, 7, -113] [0, 0, 0, 0] [53, -111, 19, 22] [22, -9, -3, 12] [10, 11, 25, -9]
[-2, -38, 15, 6] [11, -7, -19, -32] [-17, -15, -42, -43] [44, 9, -137, 23] [12, 0, -43, 56] [7, 17, -5, 14] [-19, -70, -19, 39]
[26, 22, 5, 6] [-26, 12, -8, 3] [36, -1, 17, -1] [-4, -7, -24, 0] [-4, -5, -34, -16] [10, -14, -16, 4] [37, 14, 22, -3]
[-15, -4, 20, -4] [7, -9, -56, -17] [-15, 2, 24, 20] [-24, 18, -53, -19] [43, 7, -14, 35] [34, -6, -35, 34] [7, -10, 24, -9]
Food (up, right, down, left):
[5, 14, 4, 30] [-23, 30, 2, -24] [11, -20, 1, 6] [-20, 1, 50, 1] [2, -14, 47, -7] [-2, -31, -21, -30] [-60, 21, 9, -19]
[-77, 13, -48, 3] [2, -5, -34, -1] [-1, 5, 26, 29] [-33, 13, -60, 33] [16, 15, -2, -52] [37, -3, -61, 25] [10, -2, 26, 32]
[-37, 6, 32, -34] [18, -2, -16, 35] [-31, -35, -30, 20] [52, -30, 29, 14] [-12, -12, -15, -27] [-1, 25, -42, -31] [63, 35, 25, 22]
[2, 26, -10, 43] [-26, -7, -29, 35] [-6, -1, -31, -17] [0, 0, 0, 0] [-14, 58, -46, -6] [18, -26, -39, -25] [-25, 53, -22, 5]
[9, 21, -16, 11] [6, 13, 3, 37] [18, -12, 38, 30] [-15, -50, 27, -5] [7, 17, 22, -9] [12, 54, 15, 4] [-2, -32, -9, -10]
[12, -30, -24, 7] [11, 12, 10, -32] [23, 6, 21, 27] [-43, -32, 64, -16] [-44, -42, 11, -64] [-34, 80, 33, 27] [-1, 45, 24, 33]
[20, 2, -36, -14] [-7, -6, 24, -70] [36, 25, -6, -9] [-2, -3, -5, -26] [62, 41, 8, -23] [0, 37, 3, 6] [9, -22, 23, -17]
------------------------------
ALIVE
Head: (4 47)
Body: (4 47) (3 47) (2 47) (2 48) (2 49) (3 49) (3 50) (3 51) 
Length: 8, 4
Vision: 3
Hungry, suplies: 8/10
Reproductive: 16, mutating: 0.25
Generation: 57379
####################################
Wall (up, right, down, left):
[-3, -7, -1, -6] [0, 5, 9, -17] [-23, 2, -12, -25] [11, 0, 12, 1] [-9, 13, 32, 2] [16, 0, -19, -20] [9, -25, 3, -6]
[-32, -2, 9, -18] [4, 19, -15, 0] [-36, 0, 15, -9] [-39, 14, 39, 16] [30, 32, 0, 4] [-40, -16, 3, -23] [-27, 7, -4, 10]
[-16, 24, 32, 29] [-11, 25, -17, -9] [-6, -4, 46, -13] [-98, 25, 60, 9] [-45, -52, -16, 35] [-24, -27, -12, 10] [-9, -17, -28, -9]
[-7, 53, -12, -38] [9, -11, 36, -37] [9, 40, 7, -113] [0, 0, 0, 0] [53, -111, 19, 22] [22, -9, -3, 12] [10, 11, 25, -9]
[-2, -38, 15, 6] [11, -7, -19, -32] [-17, -15, -42, -43] [44, 9, -137, 23] [12, 0, -43, 56] [7, 17, -5, 14] [-19, -70, -19, 39]
[26, 22, 5, 6] [-26, 12, -8, 3] [36, -1, 17, -1] [-4, -7, -24, 0] [-4, -5, -34, -16] [10, -14, -16, 4] [37, 14, 22, -3]
[-15, -4, 20, -4] [7, -9, -56, -17] [-15, 2, 24, 20] [-24, 18, -53, -19] [43, 7, -14, 35] [34, -6, -35, 34] [7, -10, 24, -9]
Food (up, right, down, left):
[5, 14, 4, 30] [-23, 30, 2, -24] [11, -20, 1, 6] [-20, 1, 50, 1] [2, -14, 47, -7] [-2, -31, -20, -30] [-60, 21, 9, -19]
[-77, 13, -48, 3] [2, -5, -34, -1] [-1, 5, 26, 29] [-33, 13, -60, 33] [16, 15, -2, -52] [37, -3, -61, 25] [10, -2, 26, 32]
[-37, 6, 32, -34] [18, -2, -16, 35] [-31, -35, -30, 20] [52, -30, 30, 14] [-12, -12, -15, -27] [-1, 25, -42, -31] [63, 35, 25, 22]
[2, 26, -10, 43] [-26, -7, -29, 35] [-6, -1, -31, -17] [0, 0, 0, 0] [-14, 58, -46, -6] [18, -26, -39, -25] [-25, 53, -22, 5]
[9, 21, -16, 11] [6, 13, 3, 37] [18, -12, 38, 30] [-15, -50, 27, -5] [7, 17, 22, -9] [12, 54, 15, 4] [-2, -32, -9, -10]
[12, -30, -24, 7] [11, 12, 10, -32] [23, 6, 21, 27] [-43, -32, 64, -16] [-44, -42, 11, -64] [-34, 80, 33, 27] [-1, 45, 24, 33]
[20, 2, -36, -14] [-7, -6, 24, -70] [36, 25, -6, -9] [-2, -3, -5, -26] [62, 41, 8, -23] [0, 37, 3, 6] [9, -22, 23, -17]
------------------------------
ALIVE
Head: (15 13)
Body: (15 13) (15 12) (14 12) (13 12) (13 11) (13 10) (13 9) (12 9) (11 9) 
Length: 9, 4
Vision: 3
Hungry, suplies: 10/10
Reproductive: 16, mutating: 0.25
Generation: 57379
####################################
Wall (up, right, down, left):
[-3, -7, -1, -6] [0, 5, 9, -17] [-23, 2, -12, -25] [11, 0, 12, 1] [-9, 13, 32, 2] [16, -4, -19, -20] [9, -25, 3, -6]
[-32, -2, 9, -18] [4, 19, -15, 0] [-36, 0, 15, -9] [-39, 14, 39, 16] [30, 32, 0, 4] [-40, -16, 3, -23] [-27, 7, -4, 10]
[-16, 24, 32, 29] [-11, 25, -17, -9] [-6, -4, 46, -13] [-98, 23, 60, 9] [-45, -52, -16, 35] [-24, -27, -12, 10] [-9, -17, -28, -9]
[-7, 53, -12, -38] [9, -11, 36, -37] [9, 40, 7, -113] [0, 0, 0, 0] [53, -111, 19, 22] [22, -9, -3, 12] [10, 11, 25, -9]
[-2, -38, 15, 6] [11, -7, -19, -32] [-17, -15, -42, -43] [44, 9, -137, 23] [12, 0, -43, 56] [7, 17, -5, 14] [-19, -70, -19, 39]
[26, 22, 5, 6] [-26, 12, -8, 3] [36, -1, 17, -1] [-4, -7, -24, 0] [-4, -5, -34, -16] [10, -14, -16, 4] [37, 14, 22, -3]
[-15, -4, 20, -4] [7, -9, -56, -17] [-15, 2, 24, 20] [-24, 18, -53, -19] [43, 7, -14, 35] [34, -7, -35, 34] [7, -10, 24, -9]
Food (up, right, down, left):
[5, 14, 4, 30] [-23, 30, 2, -24] [11, -20, 1, 6] [-20, 1, 50, 1] [2, -14, 47, -7] [-2, -31, -21, -30] [-60, 21, 9, -19]
[-77, 13, -48, 3] [2, -5, -34, -1] [-1, 5, 26, 29] [-33, 13, -60, 33] [16, 15, -2, -52] [37, -3, -61, 25] [10, -2, 26, 32]
[-37, 6, 32, -34] [18, -2, -16, 35] [-31, -35, -30, 20] [52, -30, 29, 14] [-12, -12, -15, -27] [-1, 25, -42, -31] [63, 35, 25, 22]
[2, 26, -10, 43] [-26, -7, -29, 35] [-6, -1, -31, -17] [0, 0, 0, 0] [-14, 58, -46, -6] [18, -26, -39, -25] [-25, 53, -22, 5]
[9, 21, -16, 11] [6, 13, 3, 37] [18, -12, 38, 30] [-15, -50, 27, -5] [7, 17, 22, -9] [12, 54, 15, 4] [-2, -32, -9, -10]
[12, -30, -24, 7] [11, 12, 10, -32] [23, 6, 21, 27] [-43, -32, 64, -16] [-44, -42, 11, -64] [-34, 80, 33, 27] [-1, 45, 24, 33]
[20, 2, -36, -14] [-7, -6, 24, -70] [36, 25, -6, -9] [-2, -3, -5, -26] [62, 41, 8, -23] [0, 36, 3, 6] [9, -22, 23, -17]
------------------------------
ALIVE
Head: (0 35)
Body: (0 35) (0 34) (25 33) (1 33) (2 33) (2 34) (2 35) (2 36) (2 37) (2 38) 
Length: 10, 4
Vision: 3
Hungry, suplies: 10/10
Reproductive: 16, mutating: 0.25
Generation: 57380
####################################
