Wall (up, right, down, left):
[1, -1, 4, -7] [-4, 2, 13, -18] [-27, 5, -12, -25] [8, -6, 24, -1] [-18, 8, 26, 2] [17, 1, -13, -19] [3, -13, -2, -3]
[-35, 1, 9, -19] [0, 15, -3, 0] [-31, 4, 15, -3] [-39, 20, 29, 14] [30, 26, 3, 3] [-41, -20, 0, -16] [-25, 6, -6, 10]
[-11, 10, 34, 28] [-7, 18, -14, -11] [-1, -8, 43, -18] [-94, 18, 68, 8] [-47, -48, -13, 37] [-24, -19, -8, 10] [-20, -22, -19, 1]
[3, 50, -12, -38] [12, -6, 42, -32] [8, 33, 0, -112] [0, 0, 0, 0] [47, -119, 16, 26] [21, 1, -8, 11] [13, 8, 27, 0]
[-2, -35, 15, 3] [18, -1, -21, -21] [-16, -14, -42, -45] [50, 13, -128, 16] [7, -2, -37, 55] [9, 9, -1, 12] [-24, -75, -24, 33]
[30, 22, 5, 6] [-32, 8, -22, 5] [38, -5, 18, -7] [-3, 1, -29, -3] [-3, -7, -38, -18] [0, -10, -21, 10] [37, 13, 22, -9]
[-15, -5, 19, -14] [7, -13, -55, -17] [-7, 6, 23, 10] [-23, 24, -53, -16] [35, 9, -16, 32] [34, -6, -39, 29] [-4, -13, 29, -4]
Food (up, right, down, left):
[8, 15, 4, 27] [-16, 30, 4, -23] [16, -17, 4, 7] [-19, 1, 50, 0] [9, -15, 48, -10] [-4, -31, -19, -30] [-47, 20, 7, -14]
[-77, 9, -45, 1] [-1, -7, -35, -1] [-1, 8, 20, 30] [-32, 15, -62, 36] [11, 10, 1, -54] [52, -3, -55, 29] [7, 2, 26, 32]
[-35, 3, 32, -39] [12, -3, -26, 36] [-36, -35, -31, 25] [45, -30, 28, 28] [-13, -17, -11, -26] [3, 21, -53, -34] [63, 30, 27, 2]
[-2, 29, -10, 43] [-21, -7, -33, 39] [-6, -1, -29, -12] [0, 0, 0, 0] [-15, 58, -48, -11] [19, -23, -38, -22] [-24, 54, -23, 11]
[3, 14, -14, 18] [14, 13, 2, 32] [24, -12, 43, 27] [-17, -45, 29, -4] [8, 17, 17, -15] [14, 50, 19, 13] [-7, -20, 3, -12]
[12, -30, -17, 7] [6, 10, 15, -30] [23, 4, 21, 27] [-39, -34, 59, -16] [-52, -42, 14, -65] [-30, 71, 23, 23] [2, 44, 19, 32]
[17, -1, -33, -20] [-9, -5, 19, -70] [35, 22, -4, -8] [-10, -3, 0, -34] [63, 38, 6, -25] [4, 38, 6, 6] [9, -21, 19, -18]
------------------------------
ALIVE
Head: (4 3)
Body: (4 3) (3 3) (2 3) (2 2) (2 1) (3 1) (4 1) (4 57) (4 56) (4 55) (4 54) (3 54) (3 53) (2 53) (2 54) 
Length: 15, 4
Vision: 3
Hungry, suplies: 4/10
Reproductive: 16, mutating: 0.25
Generation: 55542
####################################
Wall (up, right, down, left):
[1, -1, 4, -7] [-4, 2, 13, -18] [-27, 5, -12, -25] [8, -6, 24, -1] [-18, 8, 26, 2] [17, 1, -13, -19] [3, -18, -2, -3]
[-35, 1, 9, -19] [0, 15, -3, 0] [-31, 4, 15, -3] [-39, 20, 34, 14] [30, 26, 3, 3] [-36, -20, 0, -16] [-25, 6, -6, 10]
[-11, 10, 34, 28] [-7, 18, -14, -11] [-1, -8, 43, -18] [-94, 18, 68, 8] [-47, -48, -13, 37] [-20, -19, -8, 10] [-15, -22, -19, 1]
[3, 50, -12, -38] [12, -6, 42, -32] [8, 33, 0, -112] [0, 0, 0, 0] [47, -119, 16, 26] [21, 1, -8, 11] [13, 8, 27, 0]
[-2, -35, 15, 3] [18, -1, -21, -21] [-16, -14, -42, -45] [50, 13, -128, 16] [12, -2, -37, 55] [9, 9, -1, 12] [-24, -75, -24, 37]
[30, 22, 5, 6] [-32, 8, -22, 5] [38, -5, 18, -7] [-3, 1, -29, -3] [-3, -7, -38, -18] [0, -10, -21, 10] [37, 13, 22, -9]
[-15, -5, 19, -14] [7, -13, -55, -17] [-7, 6, 23, 10] [-23, 24, -53, -16] [35, 9, -16, 32] [34, -6, -39, 29] [-4, -13, 29, -4]
Food (up, right, down, left):
[8, 15, 4, 27] [-16, 30, 4, -23] [16, -17, 4, 7] [-19, 1, 50, 0] [9, -15, 48, -10] [-4, -31, -19, -30] [-47, 21, 7, -14]
[-77, 9, -45, 1] [-1, -7, -35, -1] [-1, 8, 20, 30] [-32, 15, -62, 33] [11, 10, 1, -54] [52, -3, -55, 25] [7, 2, 26, 32]
[-35, 3, 32, -39] [12, -3, -26, 36] [-36, -35, -31, 25] [45, -30, 28, 28] [-13, -17, -11, -26] [3, 21, -48, -34] [63, 30, 25, 2]
[-2, 29, -10, 43] [-21, -7, -33, 39] [-6, -1, -29, -12] [0, 0, 0, 0] [-15, 58, -48, -11] [19, -23, -38, -22] [-24, 54, -23, 11]
[3, 14, -14, 18] [14, 13, 2, 32] [24, -12, 43, 27] [-17, -45, 29, -4] [8, 17, 17, -15] [14, 50, 19, 13] [-7, -23, 3, -12]
[12, -30, -17, 7] [6, 10, 15, -30] [23, 4, 21, 27] [-39, -34, 59, -16] [-52, -42, 14, -65] [-30, 71, 24, 23] [2, 44, 19, 32]
[17, -1, -33, -20] [-9, -5, 19, -70] [35, 22, -4, -8] [-10, -3, 0, -34] [63, 38, 6, -25] [4, 38, 6, 6] [9, -21, 19, -18]
------------------------------
ALIVE
Head: (19 49)
Body: (19 49) (19 48) (19 47) (18 47) (17 47) (16 47) (15 47) (14 47) (14 46) (14 45) (14 44) (14 43) 
Length: 12, 4
Vision: 3
Hungry, suplies: 10/10
Reproductive: 16, mutating: 0.25
Generation: 55539
####################################
Wall (up, right, down, left):
[1, -1, 4, -7] [-4, 2, 13, -18] [-27, 5, -12, -25] [8, -6, 24, -1] [-18, 8, 26, 2] [17, 1, -13, -19] [3, -18, -2, -3]
[-35, 1, 9, -19] [0, 15, -3, 0] [-31, 4, 15, -3] [-39, 20, 34, 14] [30, 26, 3, 3] [-36, -20, 0, -16] [-25, 6, -6, 10]
[-11, 10, 34, 28] [-7, 18, -14, -11] [-1, -8, 43, -18] [-94, 18, 68, 8] [-47, -48, -13, 37] [-20, -19, -8, 10] [-15, -22, -19, 1]
[3, 50, -12, -38] [12, -6, 42, -32] [8, 33, 0, -112] [0, 0, 0, 0] [47, -119, 16, 26] [21, 1, -8, 11] [13, 8, 27, 0]
[-2, -35, 15, 3] [18, -1, -21, -21] [-16, -14, -42, -45] [50, 13, -128, 16] [12, -2, -37, 55] [9, 9, -1, 12] [-24, -75, -24, 37]
[30, 22, 5, 6] [-32, 8, -22, 5] [38, -5, 18, -7] [-3, 1, -29, -3] [-3, -7, -38, -18] [0, -10, -21, 10] [37, 13, 22, -9]
[-15, -5, 19, -14] [7, -13, -55, -17] [-7, 6, 23, 10] [-23, 24, -53, -16] [35, 9, -16, 32] [34, -6, -39, 29] [-4, -13, 29, -4]
Food (up, right, down, left):
[8, 15, 4, 27] [-16, 30, 4, -23] [16, -17, 4, 7] [-19, 1, 50, 0] [9, -15, 48, -10] [-4, -31, -19, -30] [-47, 21, 7, -14]
[-77, 9, -45, 1] [-1, -7, -35, -1] [-1, 8, 20, 30] [-32, 15, -62, 33] [11, 10, 1, -54] [52, -3, -55, 25] [7, 2, 26, 32]
[-35, 3, 32, -39] [12, -3, -26, 36] [-36, -35, -31, 25] [45, -30, 28, 28] [-13, -17, -11, -26] [3, 21, -48, -34] [63, 30, 25, 2]
[-2, 29, -10, 43] [-21, -7, -33, 39] [-6, -1, -29, -12] [0, 0, 0, 0] [-15, 58, -48, -11] [19, -23, -38, -22] [-24, 54, -23, 11]
[3, 14, -14, 18] [14, 13, 2, 32] [24, -12, 43, 27] [-17, -45, 29, -4] [8, 17, 17, -15] [14, 50, 19, 13] [-7, -23, 3, -12]
[12, -30, -17, 7] [6, 10, 15, -30] [23, 4, 21, 27] [-39, -34, 59, -16] [-52, -42, 14, -65] [-30, 71, 24, 23] [2, 44, 19, 32]
[17, -1, -33, -20] [-9, -5, 19, -70] [35, 22, -4, -8] [-10, -3, 0, -34] [63, 38, 6, -25] [4, 38, 6, 6] [9, -21, 19, -18]
------------------------------
ALIVE
Head: (15 49)
Body: (15 49) (14 49) (14 48) (13 48) (12 48) (11 48) (10 48) (10 47) (10 46) (10 45) (9 45) 
Length: 11, 4
Vision: 3
Hungry, suplies: 6/10
Reproductive: 16, mutating: 0.25
Generation: 55540
####################################
Wall (up, right, down, left):
[1, -1, 4, -7] [-4, 2, 13, -18] [-27, 5, -12, -25] [8, -6, 24, -1] [-18, 8, 26, 2] [17, 1, -13, -19] [3, -18, -2, -3]
[-35, 1, 9, -19] [0, 15, -3, 0] [-31, 4, 15, -3] [-39, 20, 34, 14] [30, 26, 3, 3] [-36, -20, 0, -16] [-25, 6, -6, 10]
[-11, 10, 34, 28] [-7, 18, -14, -11] [-1, -8, 43, -18] [-94, 18, 68, 8] [-47, -48, -13, 37] [-20, -19, -8, 10] [-15, -22, -19, 1]
[3, 50, -12, -38] [12, -6, 42, -32] [8, 33, 0, -112] [0, 0, 0, 0] [47, -119, 16, 26] [21, 1, -8, 11] [13, 8, 27, 0]
[-2, -35, 15, 3] [18, -1, -21, -21] [-16, -14, -42, -45] [50, 13, -128, 16] [12, -2, -37, 55] [9, 9, -1, 12] [-24, -75, -24, 37]
[30, 22, 5, 6] [-32, 8, -22, 5] [38, -5, 18, -7] [-3, 1, -29, -3] [-3, -7, -38, -18] [0, -10, -21, 10] [37, 13, 22, -9]
[-15, -5, 19, -14] [7, -13, -55, -17] [-7, 6, 23, 10] [-23, 24, -53, -16] [35, 9, -16, 32] [34, -6, -39, 29] [-4, -13, 29, -4]
Food (up, right, down, left):
[8, 15, 4, 27] [-16, 30, 4, -23] [16, -17, 4, 7] [-19, 1, 50, 0] [9, -15, 48, -10] [-4, -31, -19, -30] [-47, 21, 7, -14]
[-77, 9, -45, 1] [-1, -7, -35, -1] [-1, 8, 20, 30] [-32, 15, -62, 33] [11, 10, 1, -54] [52, -3, -55, 25] [7, 2, 26, 32]
[-35, 3, 32, -39] [12, -3, -26, 36] [-36, -35, -31, 25] [45, -30, 28, 28] [-13, -17, -11, -26] [3, 21, -48, -34] [63, 30, 25, 2]
[-2, 29, -10, 43] [-21, -7, -33, 39] [-6, -1, -29, -12] [0, 0, 0, 0] [-15, 58, -48, -11] [19, -23, -38, -22] [-24, 54, -23, 11]
[3, 14, -14, 18] [14, 13, 2, 32] [24, -12, 43, 27] [-17, -45, 29, -4] [8, 17, 17, -15] [14, 50, 19, 13] [-7, -23, 3, -12]
[12, -30, -17, 7] [6, 10, 15, -30] [23, 4, 21, 27] [-39, -34, 59, -16] [-52, -42, 14, -65] [-30, 71, 24, 23] [2, 44, 19, 32]
[17, -1, -33, -20] [-9, -5, 19, -70] [35, 22, -4, -8] [-10, -3, 0, -34] [63, 38, 6, -25] [4, 38, 6, 6] [9, -21, 19, -18]
------------------------------
ALIVE
Head: (7 7)
Body: (7 7) (6 7) (6 8) (5 8) (4 8) (3 8) (2 8) (2 7) (1 7) (0 7) 
Length: 10, 4
Vision: 3
Hungry, suplies: 10/10
Reproductive: 16, mutating: 0.25
Generation: 55541
####################################
Wall (up, right, down, left):
[1, -1, 4, -7] [-4, 2, 13, -18] [-27, 5, -12, -25] [8, -6, 24, -1] [-18, 8, 26, 2] [17, 1, -13, -19] [3, -18, -2, -3]
[-35, 1, 9, -19] [0, 15, -3, 0] [-31, 4, 15, -3] [-39, 20, 29, 14] [27, 26, 3, 3] [-36, -20, 0, -16] [-25, 6, -6, 10]
[-11, 10, 34, 28] [-7, 18, -14, -11] [-1, -8, 43, -18] [-94, 18, 68, 8] [-47, -48, -13, 37] [-20, -19, -8, 10] [-15, -22, -19, 1]
[3, 50, -12, -38] [12, -6, 42, -32] [8, 33, 0, -112] [0, 0, 0, 0] [47, -119, 16, 26] [21, 1, -8, 11] [13, 8, 27, 0]
[-2, -35, 15, 3] [18, -1, -21, -21] [-16, -14, -42, -45] [50, 13, -128, 16] [12, -2, -37, 55] [9, 9, -1, 12] [-24, -75, -24, 37]
[30, 22, 5, 6] [-32, 8, -22, 5] [38, -5, 18, -7] [-3, 1, -29, -3] [-3, -7, -38, -18] [0, -10, -21, 10] [37, 13, 22, -9]
[-15, -5, 19, -14] [4, -13, -55, -17] [-7, 6, 26, 10] [-23, 24, -53, -16] [35, 9, -16, 32] [34, -6, -39, 29] [-4, -13, 29, -4]
Food (up, right, down, left):
[8, 15, 4, 27] [-16, 30, 4, -23] [16, -17, 4, 7] [-19, 1, 50, 0] [9, -15, 48, -10] [-4, -31, -19, -30] [-47, 21, 7, -14]
[-77, 9, -45, 1] [-1, -7, -35, -1] [-1, 8, 20, 30] [-32, 15, -62, 36] [11, 10, 1, -57] [52, -3, -55, 25] [7, 2, 26, 32]
[-35, 3, 32, -39] [12, -3, -26, 36] [-36, -35, -31, 25] [45, -30, 28, 28] [-13, -17, -11, -26] [3, 21, -48, -34] [63, 30, 25, 2]
[-2, 29, -10, 43] [-21, -7, -33, 39] [-6, -1, -29, -12] [0, 0, 0, 0] [-15, 58, -48, -11] [19, -23, -38, -22] [-24, 54, -23, 11]
[3, 14, -14, 18] [14, 13, 2, 32] [24, -12, 43, 27] [-17, -45, 29, -4] [8, 17, 17, -15] [14, 50, 19, 13] [-7, -23, 3, -12]
[12, -30, -17, 7] [6, 10, 15, -30] [23, 4, 21, 27] [-39, -34, 59, -16] [-52, -42, 14, -65] [-30, 71, 23, 23] [2, 44, 19, 32]
[17, -1, -33, -20] [-11, -5, 19, -70] [35, 21, -4, -8] [-10, -3, 0, -34] [63, 38, 6, -25] [4, 38, 6, 6] [9, -21, 19, -18]
------------------------------
ALIVE
Head: (16 55)
Body: (16 55) (15 55) (14 55) (13 55) (12 55) (11 55) (11 54) 
Length: 7, 4
Vision: 3
Hungry, suplies: 3/10
Reproductive: 16, mutating: 0.25
Generation: 55535
####################################
Wall (up, right, down, left):
[1, -1, 4, -7] [-4, 2, 13, -18] [-27, 5, -12, -25] [8, -6, 24, -1] [-18, 8, 26, 2] [17, 1, -13, -19] [3, -18, -2, -3]
[-35, 1, 9, -19] [0, 15, -3, 0] [-31, 4, 15, -3] [-39, 20, 34, 14] [30, 26, 3, 3] [-36, -20, 0, -16] [-25, 6, -6, 10]
[-11, 10, 34, 28] [-7, 18, -14, -11] [-1, -8, 43, -18] [-94, 18, 68, 8] [-47, -48, -13, 37] [-20, -19, -11, 10] [-15, -22, -19, 1]
[3, 50, -12, -38] [12, -6, 42, -32] [8, 33, 0, -112] [0, 0, 0, 0] [47, -119, 16, 26] [21, 1, -8, 11] [13, 8, 27, 0]
[-2, -35, 15, 3] [18, -1, -21, -21] [-16, -14, -42, -45] [50, 13, -128, 16] [12, -2, -37, 55] [9, 9, -1, 12] [-24, -75, -24, 37]
[30, 22, 5, 6] [-32, 8, -22, 5] [38, -5, 18, -7] [-3, 1, -29, -3] [-3, -7, -38, -18] [0, -10, -21, 10] [37, 13, 22, -9]
[-15, -5, 19, -14] [7, -13, -55, -17] [-7, 6, 23, 10] [-23, 24, -53, -16] [35, 9, -16, 32] [34, -6, -39, 29] [-4, -13, 29, -4]
Food (up, right, down, left):
[8, 15, 4, 27] [-16, 30, 4, -23] [16, -17, 4, 7] [-19, 1, 50, 0] [9, -15, 48, -10] [-4, -31, -19, -30] [-47, 21, 7, -14]
[-77, 9, -45, 1] [-1, -7, -35, -1] [-1, 8, 20, 30] [-32, 15, -62, 33] [11, 10, 1, -54] [52, -3, -55, 25] [7, 2, 26, 32]
[-35, 3, 32, -39] [12, -3, -26, 36] [-36, -35, -31, 25] [45, -30, 28, 28] [-13, -17, -11, -26] [3, 26, -48, -34] [63, 30, 25, 2]
[-2, 29, -10, 43] [-21, -7, -33, 39] [-6, -1, -29, -12] [0, 0, 0, 0] [-15, 58, -48, -11] [19, -23, -38, -22] [-24, 54, -23, 11]
[3, 14, -14, 18] [14, 13, 2, 32] [24, -12, 43, 27] [-17, -45, 29, -4] [8, 17, 17, -15] [14, 50, 19, 13] [-7, -23, 3, -12]
[12, -30, -17, 7] [6, 10, 15, -30] [23, 4, 21, 27] [-39, -34, 59, -16] [-52, -42, 14, -65] [-30, 71, 24, 23] [2, 44, 19, 32]
[17, -1, -33, -20] [-9, -5, 19, -70] [35, 22, -4, -8] [-10, -3, 0, -34] [63, 38, 6, -25] [4, 38, 6, 6] [9, -21, 19, -18]
------------------------------
ALIVE
Head: (24 9)
Body: (24 9) (24 8) (23 8) (22 8) (22 7) (22 6) (23 6) (23 5) 
Length: 8, 4
Vision: 3
Hungry, suplies: 9/10
Reproductive: 16, mutating: 0.25
Generation: 55542
####################################
Wall (up, right, down, left):
[1, -1, 4, -7] [-4, 2, 13, -18] [-27, 5, -12, -23] [8, -6, 24, -1] [-18, 8, 26, 2] [17, 1, -13, -19] [3, -18, -2, -3]
[-35, 1, 9, -19] [0, 15, -3, 0] [-31, 4, 15, -3] [-39, 20, 34, 14] [30, 26, 3, 3] [-36, -20, 0, -16] [-25, 6, -4, 10]
[-11, 10, 34, 28] [-7, 16, -14, -11] [-1, -8, 43, -18] [-94, 18, 68, 8] [-47, -48, -13, 37] [-20, -19, -8, 10] [-13, -22, -19, 1]
[3, 50, -12, -38] [12, -6, 42, -32] [8, 33, 0, -112] [0, 0, 0, 0] [47, -119, 16, 26] [21, 1, -8, 11] [13, 8, 27, 0]
[-2, -35, 15, 3] [18, -1, -21, -21] [-16, -14, -42, -45] [50, 13, -128, 16] [12, -2, -37, 55] [9, 9, -1, 12] [-24, -75, -24, 37]
[30, 22, 5, 6] [-32, 8, -22, 5] [38, -5, 18, -7] [-3, 1, -29, -3] [-3, -7, -38, -18] [0, -10, -21, 10] [37, 13, 22, -9]
[-15, -5, 19, -14] [7, -13, -55, -17] [-7, 6, 23, 10] [-23, 24, -53, -16] [35, 9, -16, 32] [34, -6, -39, 29] [-4, -13, 29, -4]
Food (up, right, down, left):
[8, 15, 4, 27] [-16, 30, 4, -23] [16, -17, 4, 6] [-19, 1, 50, 0] [9, -15, 48, -10] [-4, -31, -19, -30] [-47, 21, 7, -14]
[-77, 9, -45, 1] [-1, -7, -35, -1] [-1, 8, 20, 30] [-32, 15, -62, 33] [11, 10, 1, -54] [52, -3, -55, 25] [7, 2, 26, 27]
[-35, 3, 32, -39] [12, -3, -24, 36] [-36, -35, -31, 25] [45, -30, 28, 28] [-13, -17, -11, -26] [3, 21, -48, -34] [63, 30, 28, 2]
[-2, 29, -10, 43] [-21, -7, -33, 39] [-6, -1, -29, -12] [0, 0, 0, 0] [-15, 58, -48, -11] [19, -23, -38, -22] [-24, 54, -23, 11]
[3, 14, -14, 18] [14, 13, 2, 32] [24, -12, 43, 27] [-17, -45, 29, -4] [8, 17, 17, -15] [14, 50, 19, 13] [-7, -23, 3, -12]
[12, -30, -17, 7] [6, 10, 15, -30] [23, 4, 21, 27] [-39, -34, 59, -16] [-52, -42, 14, -65] [-30, 71, 24, 23] [2, 44, 19, 32]
[17, -1, -33, -20] [-9, -5, 19, -70] [35, 22, -4, -8] [-10, -3, 0, -34] [63, 38, 6, -25] [4, 38, 6, 6] [9, -21, 19, -18]
------------------------------
ALIVE
Head: (13 25)
Body: (13 25) (13 24) (13 23) (13 22) (13 21) (13 20) (13 19) (13 18) (12 18) (11 18) (11 19) (11 20) (11 21) (10 21) 
Length: 14, 4
Vision: 3
Hungry, suplies: 4/10
Reproductive: 16, mutating: 0.25
Generation: 55540
####################################
Wall (up, right, down, left):
[1, -1, 4, -7] [-4, 2, 13, -18] [-27, 5, -12, -25] [8, -6, 24, -1] [-18, 8, 26, 2] [17, 1, -13, -19] [3, -18, -2, -3]
[-35, 1, 9, -19] [0, 15, -3, 0] [-31, 4, 15, -3] [-39, 20, 29, 14] [30, 26, 3, 3] [-36, -20, 0, -16] [-25, 6, -6, 10]
[-11, 10, 34, 28] [-7, 18, -14, -11] [-1, -8, 43, -18] [-94, 18, 68, 8] [-47, -48, -13, 37] [-20, -19, -8, 10] [-15, -22, -19, 1]
[3, 50, -12, -38] [12, -6, 42, -32] [8, 33, 0, -112] [0, 0, 0, 0] [47, -119, 16, 26] [21, 1, -8, 11] [13, 8, 27, 0]
[-2, -35, 15, 3] [18, -1, -21, -21] [-16, -14, -42, -45] [50, 13, -128, 16] [12, -2, -37, 55] [9, 9, -1, 12] [-24, -75, -24, 37]
[30, 22, 5, 6] [-32, 8, -22, 5] [38, -5, 18, -7] [-3, 1, -29, -3] [-3, -7, -38, -18] [0, -10, -21, 10] [37, 13, 22, -9]
[-15, -5, 19, -14] [7, -13, -55, -17] [-7, 6, 23, 10] [-23, 24, -53, -16] [35, 9, -16, 32] [34, -6, -39, 29] [-4, -13, 29, -4]
Food (up, right, down, left):
[8, 15, 4, 27] [-16, 30, 4, -23] [16, -17, 4, 7] [-19, 1, 50, 0] [9, -15, 48, -10] [-4, -31, -19, -30] [-47, 21, 7, -14]
[-77, 9, -45, 1] [-1, -7, -35, -1] [-1, 8, 20, 30] [-32, 15, -62, 36] [11, 10, 1, -54] [52, -3, -55, 25] [7, 2, 26, 32]
[-35, 3, 32, -39] [12, -3, -26, 36] [-36, -35, -31, 25] [45, -30, 28, 28] [-13, -17, -11, -26] [3, 21, -48, -34] [63, 30, 25, 2]
[-2, 29, -10, 43] [-21, -7, -33, 39] [-6, -1, -29, -12] [0, 0, 0, 0] [-15, 58, -48, -11] [19, -23, -38, -22] [-24, 54, -23, 11]
[3, 14, -14, 18] [14, 13, 2, 32] [24, -12, 43, 27] [-17, -45, 29, -4] [8, 17, 17, -15] [14, 50, 19, 13] [-7, -23, 3, -12]
[12, -30, -17, 7] [6, 10, 15, -30] [23, 4, 21, 27] [-39, -34, 59, -16] [-52, -42, 14, -65] [-30, 71, 24, 23] [2, 44, 19, 32]
[17, -1, -33, -20] [-9, -5, 19, -70] [35, 24, -4, -8] [-10, -3, 0, -34] [63, 38, 6, -25] [4, 38, 6, 6] [9, -21, 19, -18]
------------------------------
ALIVE
Head: (19 19)
Body: (19 19) (20 19) (20 18) (19 18) (18 18) (17 18) (17 17) (18 17) (19 17) (20 17) (20 16) (20 15) 
Length: 12, 4
Vision: 3
Hungry, suplies: 2/10
Reproductive: 16, mutating: 0.25
Generation: 55543
####################################
Wall (up, right, down, left):
[1, -1, 4, -7] [-4, 2, 13, -18] [-27, 5, -12, -25] [8, -6, 24, -1] [-18, 8, 26, 2] [17, 1, -13, -19] [3, -13, -2, -3]
[-35, 1, 9, -19] [0, 15, -3, 0] [-31, 4, 15, -3] [-39, 20, 29, 14] [30, 26, 3, 3] [-41, -20, 0, -16] [-25, 6, -6, 10]
[-11, 10, 34, 28] [-7, 18, -14, -11] [-1, -8, 43, -18] [-94, 18, 68, 8] [-47, -48, -13, 37] [-24, -19, -8, 10] [-20, -22, -19, 1]
[3, 50, -12, -38] [12, -6, 42, -32] [8, 33, 0, -112] [0, 0, 0, 0] [47, -119, 16, 26] [21, 1, -8, 11] [13, 8, 27, 0]
[-2, -35, 15, 3] [18, -1, -21, -21] [-16, -14, -42, -45] [50, 13, -128, 16] [7, -2, -37, 55] [9, 9, -1, 12] [-24, -75, -24, 33]
[30, 22, 5, 6] [-32, 8, -22, 5] [38, -5, 18, -7] [-3, 1, -29, -3] [-3, -7, -38, -18] [0, -10, -21, 10] [37, 13, 22, -9]
[-15, -5, 19, -14] [7, -13, -55, -17] [-7, 6, 23, 10] [-23, 24, -53, -16] [35, 9, -16, 32] [34, -6, -39, 29] [-4, -13, 29, -4]
Food (up, right, down, left):
[8, 15, 4, 27] [-16, 30, 4, -23] [16, -17, 4, 7] [-19, 1, 50, 0] [9, -15, 48, -10] [-4, -31, -19, -30] [-47, 20, 7, -14]
[-77, 9, -45, 1] [-1, -7, -35, -1] [-1, 8, 20, 30] [-32, 15, -62, 36] [11, 10, 1, -54] [52, -3, -55, 29] [7, 2, 26, 32]
[-35, 3, 32, -39] [12, -3, -26, 36] [-36, -35, -31, 25] [45, -30, 28, 28] [-13, -17, -11, -26] [3, 21, -53, -34] [63, 30, 27, 2]
[-2, 29, -10, 43] [-21, -7, -33, 39] [-6, -1, -29, -12] [0, 0, 0, 0] [-15, 58, -48, -11] [19, -23, -38, -22] [-24, 54, -23, 11]
[3, 14, -14, 18] [14, 13, 2, 32] [24, -12, 43, 27] [-17, -45, 29, -4] [8, 17, 17, -15] [14, 50, 19, 13] [-7, -20, 3, -12]
[12, -30, -17, 7] [6, 10, 15, -30] [23, 4, 21, 27] [-39, -34, 59, -16] [-52, -42, 14, -65] [-30, 71, 23, 23] [2, 44, 19, 32]
[17, -1, -33, -20] [-9, -5, 19, -70] [35, 22, -4, -8] [-10, -3, 0, -34] [63, 38, 6, -25] [4, 38, 6, 6] [9, -21, 19, -18]
------------------------------
ALIVE
Head: (9 8)
Body: (9 8) (9 9) (9 10) (8 10) (8 11) (7 11) (7 12) (7 13) (6 13) (5 13) 
Length: 10, 4
Vision: 3
Hungry, suplies: 9/10
Reproductive: 16, mutating: 0.25
Generation: 55543
####################################
Wall (up, right, down, left):
[1, -1, 4, -7] [-4, 2, 13, -18] [-27, 5, -12, -25] [8, -6, 24, -1] [-18, 8, 26, 2] [17, 1, -13, -19] [3, -13, -2, -3]
[-35, 1, 9, -19] [0, 15, -3, 0] [-31, 4, 15, -3] [-39, 20, 29, 14] [30, 26, 3, 3] [-41, -20, 0, -16] [-25, 6, -6, 10]
[-11, 10, 34, 28] [-7, 18, -14, -11] [-1, -8, 43, -18] [-94, 18, 68, 8] [-47, -48, -13, 37] [-24, -19, -8, 10] [-20, -22, -19, 1]
[3, 50, -12, -38] [12, -6, 42, -32] [8, 33, 0, -112] [0, 0, 0, 0] [47, -119, 16, 26] [21, 1, -10, 11] [13, 8, 27, 0]
[-2, -35, 15, 3] [18, -1, -21, -21] [-16, -14, -42, -45] [50, 13, -128, 16] [7, -2, -37, 55] [9, 9, -1, 12] [-24, -75, -24, 33]
[30, 22, 5, 6] [-32, 8, -22, 5] [38, -5, 18, -7] [-3, 1, -29, -3] [-3, -7, -38, -18] [0, -10, -21, 10] [37, 13, 22, -9]
[-15, -5, 19, -14] [7, -13, -55, -17] [-7, 6, 23, 10] [-23, 24, -53, -16] [38, 9, -16, 32] [34, -6, -39, 29] [-4, -13, 29, -4]
Food (up, right, down, left):
[8, 15, 4, 27] [-16, 30, 4, -23] [16, -17, 4, 7] [-19, 1, 50, 0] [9, -15, 48, -10] [-4, -31, -19, -30] [-47, 20, 7, -14]
[-77, 9, -45, 1] [-1, -7, -35, -1] [-1, 8, 20, 30] [-32, 15, -62, 36] [11, 10, 1, -54] [52, -3, -55, 29] [7, 2, 26, 32]
[-35, 3, 32, -39] [12, -3, -26, 36] [-36, -35, -31, 25] [45, -30, 28, 28] [-13, -17, -11, -26] [3, 21, -53, -34] [63, 30, 27, 2]
[-2, 29, -10, 43] [-21, -7, -33, 39] [-6, -1, -29, -12] [0, 0, 0, 0] [-15, 58, -48, -11] [19, -23, -38, -22] [-24, 54, -23, 11]
[3, 14, -14, 18] [15, 13, 2, 32] [24, -12, 43, 27] [-17, -45, 29, -4] [8, 17, 17, -15] [14, 50, 19, 13] [-7, -20, 3, -12]
[12, -30, -17, 7] [6, 10, 15, -30] [23, 4, 21, 27] [-39, -34, 59, -16] [-52, -42, 14, -65] [-30, 71, 23, 23] [2, 44, 19, 32]
[17, -1, -33, -20] [-9, -5, 19, -70] [35, 22, -4, -8] [-10, -3, 0, -34] [63, 38, 6, -20] [4, 38, 6, 6] [9, -21, 19, -18]
------------------------------
ALIVE
Head: (19 1)
Body: (19 1) (19 57) (19 56) (18 56) (18 55) (18 54) (19 54) (19 53) (19 52) (18 52) (17 52) (16 52) (15 52) 
Length: 13, 4
Vision: 3
Hungry, suplies: 3/10
Reproductive: 16, mutating: 0.25
Generation: 55546
####################################
Wall (up, right, down, left):
[1, -1, 4, -7] [-4, 2, 13, -18] [-27, 5, -12, -25] [8, -6, 24, -1] [-18, 8, 26, 2] [17, 1, -13, -19] [3, -18, -2, -3]
[-35, 1, 9, -19] [0, 15, -3, 0] [-31, 4, 15, -3] [-39, 20, 34, 14] [30, 26, 3, 3] [-36, -20, 0, -16] [-25, 6, -6, 10]
[-11, 10, 34, 28] [-7, 18, -14, -11] [-1, -8, 43, -18] [-94, 18, 68, 8] [-47, -48, -13, 40] [-20, -19, -8, 10] [-15, -22, -19, 1]
[3, 50, -12, -38] [12, -6, 42, -32] [8, 33, 0, -112] [0, 0, 0, 0] [47, -119, 16, 26] [21, 1, -8, 11] [13, 8, 27, 0]
[-2, -35, 15, 3] [18, -1, -21, -21] [-16, -14, -42, -45] [50, 13, -128, 16] [12, -2, -37, 55] [9, 9, -1, 12] [-24, -75, -24, 37]
[30, 22, 5, 6] [-32, 8, -22, 5] [38, -5, 18, -7] [-3, 1, -29, -3] [-3, -7, -38, -18] [0, -10, -21, 10] [37, 13, 22, -9]
[-15, -5, 19, -14] [7, -13, -55, -17] [-7, 6, 23, 10] [-23, 24, -53, -16] [35, 9, -16, 32] [34, -6, -39, 29] [-4, -13, 29, -4]
Food (up, right, down, left):
[8, 15, 4, 27] [-16, 30, 4, -23] [16, -17, 4, 7] [-19, 1, 50, 0] [9, -15, 48, -10] [-4, -31, -19, -30] [-47, 21, 7, -14]
[-77, 9, -45, 1] [-1, -7, -35, -1] [-1, 8, 20, 30] [-32, 15, -62, 33] [11, 10, 1, -54] [52, -3, -55, 25] [7, 2, 26, 32]
[-35, 3, 32, -39] [12, -3, -26, 36] [-36, -35, -31, 25] [45, -30, 28, 28] [-14, -17, -11, -26] [3, 21, -48, -34] [63, 30, 25, 2]
[-2, 29, -10, 43] [-21, -7, -33, 39] [-6, -1, -29, -12] [0, 0, 0, 0] [-15, 58, -48, -11] [19, -23, -38, -22] [-24, 54, -23, 11]
[3, 14, -14, 18] [14, 13, 2, 32] [24, -12, 43, 27] [-17, -45, 29, -4] [8, 17, 17, -15] [14, 50, 19, 13] [-7, -23, 3, -12]
[12, -30, -17, 7] [6, 10, 15, -30] [23, 4, 21, 27] [-39, -34, 59, -16] [-52, -42, 14, -65] [-30, 71, 24, 23] [2, 44, 19, 32]
[17, -1, -33, -20] [-9, -5, 19, -70] [35, 22, -4, -8] [-10, -3, 0, -34] [63, 38, 6, -25] [4, 38, 6, 6] [9, -21, 19, -18]
------------------------------
ALIVE
Head: (10 7)
Body: (10 7) (10 8) (10 9) (10 10) (11 10) (11 9) (12 9) (12 8) (12 7) (12 6) (11 6) (10 6) (9 6) 
Length: 13, 4
Vision: 3
Hungry, suplies: 4/10
Reproductive: 16, mutating: 0.25
Generation: 55542
####################################
Wall (up, right, down, left):
[1, -1, 4, -7] [-4, 2, 13, -18] [-27, 5, -12, -25] [8, -6, 24, -1] [-18, 8, 26, 2] [17, 1, -13, -19] [3, -18, -2, -3]
[-35, 1, 9, -19] [0, 15, -3, 0] [-31, 4, 15, -3] [-39, 20, 29, 14] [27, 26, 3, 3] [-36, -20, 0, -16] [-25, 6, -6, 10]
[-11, 10, 34, 28] [-7, 18, -14, -11] [-1, -8, 43, -18] [-94, 18, 68, 8] [-47, -48, -13, 37] [-20, -20, -8, 10] [-15, -22, -19, 1]
[3, 50, -12, -38] [12, -6, 42, -36] [8, 33, 0, -112] [0, 0, 0, 0] [47, -115, 16, 26] [21, 1, -8, 11] [13, 8, 27, 0]
[-2, -35, 15, 3] [18, -1, -21, -21] [-16, -14, -42, -45] [50, 13, -128, 16] [12, -2, -37, 55] [9, 9, -1, 12] [-24, -75, -24, 37]
[30, 22, 5, 6] [-32, 8, -22, 5] [38, -5, 18, -7] [-3, 1, -29, -3] [-3, -7, -38, -18] [0, -10, -21, 10] [37, 13, 22, -9]
[-15, -5, 19, -14] [4, -13, -55, -17] [-7, 6, 26, 10] [-23, 24, -53, -16] [35, 9, -16, 32] [34, -6, -39, 29] [-4, -13, 29, -4]
Food (up, right, down, left):
[8, 15, 4, 27] [-16, 30, 4, -23] [16, -17, 4, 7] [-19, 1, 50, 0] [9, -15, 48, -10] [-4, -31, -19, -30] [-47, 21, 7, -14]
[-77, 9, -45, 1] [-1, -7, -35, -1] [-1, 8, 20, 30] [-32, 15, -62, 36] [11, 10, 1, -57] [52, -3, -55, 25] [7, 2, 26, 32]
[-35, 3, 32, -39] [12, -3, -26, 36] [-36, -35, -31, 25] [45, -30, 28, 28] [-13, -17, -11, -26] [3, 19, -48, -34] [63, 30, 25, 2]
[-2, 29, -10, 43] [-20, -7, -33, 39] [-6, -1, -29, -12] [0, 0, 0, 0] [-15, 54, -48, -11] [19, -23, -38, -22] [-24, 54, -23, 11]
[3, 14, -14, 18] [14, 13, 2, 32] [24, -12, 43, 27] [-17, -45, 29, -4] [8, 17, 17, -15] [14, 50, 19, 13] [-7, -23, 3, -12]
[12, -30, -17, 7] [6, 10, 15, -30] [23, 4, 21, 27] [-39, -34, 59, -16] [-52, -42, 14, -65] [-30, 71, 23, 23] [2, 44, 19, 32]
[17, -1, -33, -20] [-11, -5, 19, -70] [35, 21, -4, -8] [-10, -3, 0, -34] [63, 38, 6, -25] [4, 38, 6, 6] [9, -21, 19, -18]
------------------------------
ALIVE
Head: (0 46)
Body: (25 46) (24 46) (23 46) (22 46) (21 46) (20 46) (19 46) (18 46) (17 46) (16 46) (16 45) (16 44) (16 43) (16 42) (15 42) 
Length: 15, 4
Vision: 3
Hungry, suplies: 8/10
Reproductive: 16, mutating: 0.25
Generation: 55539
####################################
Wall (up, right, down, left):
[1, -1, 4, -7] [-4, 2, 13, -18] [-27, 5, -12, -25] [8, -6, 24, -1] [-18, 8, 26, 2] [17, 1, -13, -19] [3, -18, -2, -3]
[-35, 1, 9, -19] [0, 15, -3, 0] [-31, 4, 15, -3] [-39, 20, 34, 14] [30, 26, 3, 3] [-36, -20, 0, -16] [-25, 6, -4, 10]
[-11, 10, 34, 28] [-7, 16, -14, -11] [-1, -8, 43, -18] [-94, 18, 68, 8] [-47, -48, -13, 37] [-20, -19, -8, 10] [-13, -22, -19, 1]
[3, 50, -12, -38] [12, -6, 42, -32] [8, 33, 0, -112] [0, 0, 0, 0] [47, -119, 16, 26] [21, 1, -8, 11] [13, 8, 27, 0]
[-2, -35, 15, 6] [18, -1, -21, -21] [-16, -14, -42, -45] [50, 13, -128, 16] [12, -2, -37, 55] [9, 9, -1, 12] [-24, -75, -24, 37]
[30, 22, 5, 6] [-32, 8, -22, 5] [38, -5, 18, -7] [-3, 1, -29, -3] [-3, -7, -38, -18] [0, -10, -21, 10] [37, 13, 22, -9]
[-15, -5, 19, -14] [7, -13, -55, -17] [-7, 6, 23, 10] [-23, 24, -53, -16] [35, 9, -16, 32] [34, -6, -39, 29] [-4, -13, 29, -4]
Food (up, right, down, left):
[8, 15, 4, 27] [-16, 30, 4, -23] [16, -17, 4, 7] [-19, 1, 50, 0] [9, -15, 48, -10] [-4, -31, -19, -30] [-47, 21, 7, -14]
[-77, 9, -45, 1] [-1, -7, -35, -1] [-1, 8, 20, 30] [-32, 15, -62, 33] [11, 10, 1, -54] [52, -3, -55, 25] [7, 2, 26, 27]
[-35, 3, 32, -39] [12, -3, -24, 36] [-36, -35, -31, 25] [45, -30, 28, 28] [-13, -17, -11, -26] [3, 21, -48, -34] [63, 30, 28, 2]
[-2, 29, -10, 43] [-21, -7, -33, 39] [-6, -1, -29, -12] [0, 0, 0, 0] [-15, 58, -48, -11] [19, -23, -38, -22] [-24, 54, -23, 11]
[4, 14, -14, 18] [14, 13, 2, 32] [24, -12, 43, 27] [-17, -45, 29, -4] [8, 17, 17, -15] [14, 50, 19, 13] [-7, -23, 3, -12]
[12, -30, -17, 7] [6, 10, 15, -30] [23, 4, 21, 27] [-39, -34, 59, -16] [-52, -42, 14, -65] [-30, 71, 24, 23] [2, 44, 19, 32]
[17, -1, -33, -20] [-9, -5, 19, -70] [35, 22, -4, -8] [-10, -3, 0, -34] [63, 38, 6, -25] [4, 38, 6, 6] [9, -21, 19, -18]
------------------------------
ALIVE
Head: (4 38)
Body: (4 38) (4 37) (3 37) (2 37) (2 36) (1 36) (0 36) (0 35) (0 34) (24 34) (23 34) (23 33) (22 33) (21 33) (21 32) 
Length: 15, 4
Vision: 3
Hungry, suplies: 10/10
Reproductive: 16, mutating: 0.25
Generation: 55541
####################################
Wall (up, right, down, left):
[1, -1, 4, -7] [-4, 2, 13, -18] [-27, 5, -12, -25] [8, -6, 24, -1] [-18, 8, 26, 2] [17, 1, -13, -19] [3, -18, -2, -3]
[-35, 1, 9, -19] [0, 15, -3, 0] [-31, 4, 15, -3] [-39, 20, 29, 14] [30, 26, 3, 3] [-36, -20, 0, -16] [-25, 6, -6, 10]
[-11, 10, 34, 28] [-7, 18, -14, -11] [-1, -8, 43, -18] [-94, 18, 68, 8] [-47, -48, -13, 37] [-20, -19, -8, 10] [-15, -22, -19, 1]
[3, 50, -12, -38] [12, -6, 42, -32] [8, 33, 0, -112] [0, 0, 0, 0] [47, -119, 16, 26] [21, 1, -8, 11] [13, 8, 27, 0]
[-2, -35, 15, 3] [18, -1, -21, -21] [-16, -14, -42, -45] [50, 13, -128, 16] [12, -2, -37, 55] [9, 9, -1, 12] [-24, -75, -24, 37]
[30, 22, 5, 6] [-32, 8, -22, 5] [38, -5, 18, -7] [-3, 1, -29, -3] [-3, -7, -38, -18] [0, -10, -21, 10] [37, 13, 22, -9]
[-15, -5, 19, -14] [7, -13, -55, -17] [-7, 6, 23, 10] [-23, 24, -53, -16] [35, 9, -16, 32] [34, -6, -39, 29] [-4, -13, 29, -4]
Food (up, right, down, left):
[8, 15, 4, 27] [-16, 30, 4, -23] [16, -17, 4, 7] [-19, 1, 50, 0] [9, -15, 48, -10] [-4, -31, -19, -30] [-47, 21, 7, -14]
[-77, 9, -45, 1] [-1, -7, -35, -1] [-1, 8, 20, 30] [-32, 15, -62, 36] [11, 10, 1, -54] [52, -3, -55, 25] [7, 2, 26, 32]
[-35, 3, 32, -39] [12, -3, -26, 36] [-36, -35, -31, 25] [45, -30, 28, 28] [-13, -17, -11, -26] [3, 21, -48, -34] [63, 30, 25, 2]
[-2, 29, -10, 43] [-21, -7, -33, 39] [-6, -1, -29, -12] [0, 0, 0, 0] [-15, 58, -48, -11] [19, -23, -38, -22] [-24, 54, -23, 11]
[3, 14, -14, 18] [14, 13, 2, 32] [24, -12, 43, 27] [-17, -45, 29, -4] [8, 17, 17, -15] [14, 50, 19, 13] [-7, -23, 3, -12]
[12, -30, -17, 7] [6, 10, 15, -30] [23, 4, 21, 27] [-39, -34, 59, -16] [-52, -42, 14, -65] [-30, 71, 24, 23] [2, 44, 19, 32]
[17, -1, -33, -20] [-9, -5, 19, -70] [35, 24, -4, -8] [-10, -3, 0, -34] [63, 38, 6, -25] [4, 38, 6, 6] [9, -21, 19, -18]
------------------------------
ALIVE
Head: (24 19)
Body: (24 19) (23 19) (22 19) (21 19) (21 18) (22 18) (23 18) (23 17) (22 17) (22 16) (23 16) 
Length: 11, 4
Vision: 3
Hungry, suplies: 7/10
Reproductive: 16, mutating: 0.25
Generation: 55543
####################################
Wall (up, right, down, left):
[1, -1, 4, -7] [-4, 2, 13, -18] [-27, 5, -12, -25] [8, -6, 24, -1] [-18, 8, 26, 2] [17, 1, -13, -19] [3, -18, -2, -3]
[-35, 1, 9, -19] [0, 15, -3, 0] [-31, 4, 15, -3] [-39, 20, 29, 16] [30, 26, 3, 3] [-36, -20, 0, -16] [-25, 6, -6, 10]
[-11, 10, 34, 28] [-7, 18, -14, -11] [-1, -8, 43, -18] [-94, 18, 68, 8] [-47, -48, -13, 37] [-20, -19, -8, 10] [-15, -22, -19, 1]
[3, 50, -12, -38] [12, -6, 42, -32] [8, 33, 0, -112] [0, 0, 0, 0] [47, -119, 16, 26] [21, 1, -8, 11] [13, 8, 27, 0]
[-2, -35, 15, 3] [18, -1, -21, -21] [-16, -14, -42, -45] [50, 13, -128, 16] [12, -2, -37, 55] [9, 9, -1, 12] [-24, -75, -24, 37]
[30, 22, 5, 6] [-32, 8, -22, 5] [38, -5, 18, -7] [-3, 1, -29, -3] [-3, -7, -38, -18] [0, -10, -21, 10] [37, 13, 22, -13]
[-15, -5, 19, -14] [7, -13, -55, -17] [-7, 6, 23, 10] [-23, 24, -53, -16] [35, 9, -16, 32] [34, -6, -39, 29] [-4, -13, 29, -4]
Food (up, right, down, left):
[8, 15, 4, 27] [-16, 30, 4, -23] [16, -17, 4, 7] [-19, 1, 50, 0] [9, -15, 48, -10] [-4, -31, -19, -30] [-47, 21, 7, -14]
[-77, 9, -45, 1] [-1, -7, -35, -1] [-1, 8, 20, 30] [-32, 11, -62, 36] [11, 10, 1, -54] [52, -3, -55, 25] [7, 2, 26, 32]
[-35, 3, 32, -39] [12, -3, -26, 36] [-36, -35, -31, 25] [45, -30, 28, 28] [-13, -17, -11, -26] [3, 21, -48, -34] [63, 30, 25, 2]
[-2, 29, -10, 43] [-21, -7, -33, 39] [-6, -1, -29, -12] [0, 0, 0, 0] [-15, 58, -48, -11] [19, -23, -38, -22] [-24, 54, -23, 11]
[3, 14, -14, 18] [14, 13, 2, 32] [24, -12, 43, 27] [-17, -45, 29, -4] [8, 17, 17, -15] [14, 50, 19, 13] [-7, -23, 3, -12]
[12, -30, -17, 7] [6, 10, 15, -30] [23, 4, 21, 27] [-39, -34, 59, -16] [-52, -42, 14, -65] [-30, 71, 24, 23] [2, 44, 19, 32]
[17, -1, -33, -20] [-9, -5, 19, -70] [35, 22, -4, -8] [-10, -3, 0, -34] [63, 38, 6, -25] [4, 38, 6, 6] [9, -21, 19, -18]
------------------------------
ALIVE
Head: (8 20)
Body: (8 20) (8 19) (7 19) (6 19) (6 20) (5 20) (5 21) (4 21) (3 21) (3 20) (2 20) 
Length: 11, 4
Vision: 3
Hungry, suplies: 10/10
Reproductive: 16, mutating: 0.25
Generation: 55542
####################################
Wall (up, right, down, left):
[1, -1, 4, -7] [-4, 2, 13, -18] [-27, 5, -12, -25] [8, -6, 24, -1] [-18, 8, 26, 2] [17, 1, -13, -19] [3, -18, -2, -3]
[-35, 1, 9, -19] [0, 15, -3, 0] [-31, 4, 15, -3] [-39, 20, 29, 14] [30, 26, 3, 3] [-36, -20, 0, -16] [-25, 6, -6, 10]
[-11, 10, 34, 28] [-7, 18, -14, -11] [-1, -8, 43, -18] [-94, 18, 68, 8] [-47, -48, -13, 37] [-20, -19, -8, 10] [-20, -22, -19, 1]
[3, 50, -12, -38] [12, -6, 42, -32] [8, 33, 0, -112] [0, 0, 0, 0] [47, -119, 16, 26] [21, 1, -8, 6] [13, 8, 27, 0]
[-2, -35, 15, 3] [18, -1, -21, -21] [-16, -14, -42, -45] [50, 13, -128, 16] [7, -2, -37, 55] [9, 9, -1, 12] [-24, -75, -24, 37]
[30, 22, 5, 6] [-32, 8, -22, 5] [38, -5, 19, -7] [-3, 1, -29, -3] [-3, -7, -38, -18] [0, -10, -21, 10] [37, 13, 22, -9]
[-15, -5, 19, -14] [7, -13, -55, -17] [-7, 6, 23, 10] [-23, 24, -53, -16] [35, 9, -16, 32] [34, -6, -39, 29] [-4, -13, 29, -4]
Food (up, right, down, left):
[8, 15, 4, 27] [-16, 30, 4, -23] [16, -17, 4, 7] [-19, 1, 50, 0] [9, -15, 48, -10] [-4, -31, -19, -30] [-47, 21, 7, -14]
[-77, 9, -45, 1] [-1, -7, -36, -1] [-1, 8, 20, 30] [-32, 15, -62, 36] [11, 10, 1, -54] [52, -3, -55, 25] [7, 2, 26, 32]
[-35, 3, 32, -39] [12, -3, -26, 36] [-36, -35, -31, 25] [45, -30, 28, 28] [-13, -17, -11, -26] [3, 21, -48, -34] [63, 30, 27, 2]
[-2, 29, -10, 43] [-21, -7, -33, 39] [-6, -1, -29, -12] [0, 0, 0, 0] [-15, 58, -48, -11] [17, -23, -38, -22] [-24, 54, -23, 11]
[3, 14, -14, 18] [14, 13, 2, 32] [24, -12, 43, 27] [-17, -45, 29, -4] [8, 17, 17, -15] [14, 50, 19, 13] [-7, -23, 3, -12]
[12, -30, -17, 7] [6, 10, 15, -30] [23, 9, 21, 27] [-39, -34, 59, -16] [-52, -42, 14, -65] [-30, 71, 23, 23] [2, 44, 19, 32]
[17, -1, -33, -20] [-9, -5, 19, -70] [35, 22, -4, -13] [-10, -3, 0, -34] [63, 38, 6, -25] [4, 38, 6, 6] [9, -21, 19, -18]
------------------------------
ALIVE
Head: (6 44)
Body: (6 44) (7 44) (8 44) (9 44) (10 44) (11 44) (11 43) (11 42) (10 42) (9 42) (9 41) (9 40) (8 40) (7 40) 
Length: 14, 4
Vision: 3
Hungry, suplies: 9/10
Reproductive: 16, mutating: 0.25
Generation: 55544
####################################
Wall (up, right, down, left):
[1, -1, 4, -7] [-4, 2, 13, -18] [-27, 8, -12, -25] [8, -6, 24, -1] [-18, 8, 26, 2] [17, -4, -13, -19] [3, -18, -2, -3]
[-35, 1, 9, -19] [0, 15, -3, 0] [-31, 4, 15, -3] [-39, 20, 29, 14] [30, 26, 3, 3] [-36, -20, 0, -16] [-25, 6, -6, 10]
[-11, 10, 34, 28] [-7, 18, -14, -11] [-1, -8, 43, -18] [-94, 18, 68, 8] [-47, -48, -13, 37] [-15, -19, -8, 10] [-15, -22, -19, 1]
[3, 50, -12, -38] [12, -6, 42, -32] [8, 33, 0, -112] [0, 0, 0, 0] [47, -119, 16, 26] [21, 1, -8, 11] [13, 8, 27, 0]
[-2, -35, 15, 3] [18, -1, -21, -21] [-16, -14, -42, -45] [54, 13, -128, 16] [12, -2, -37, 55] [9, 9, -1, 12] [-24, -75, -24, 37]
[30, 22, 5, 6] [-32, 8, -22, 5] [38, -5, 18, -7] [-3, 1, -29, -3] [-3, -7, -38, -18] [0, -10, -21, 10] [37, 13, 22, -9]
[-15, -5, 19, -14] [7, -13, -55, -17] [-7, 6, 26, 10] [-23, 24, -53, -16] [35, 9, -16, 32] [35, -6, -39, 29] [-4, -13, 29, -4]
Food (up, right, down, left):
[8, 15, 4, 27] [-16, 30, 4, -23] [16, -17, 4, 6] [-19, 1, 50, 0] [9, -15, 48, -10] [-2, -31, -19, -30] [-47, 21, 7, -14]
[-77, 9, -45, 1] [-1, -7, -35, -1] [-1, 8, 20, 30] [-32, 15, -62, 36] [11, 10, 1, -54] [52, -3, -55, 25] [7, 2, 26, 32]
[-35, 3, 32, -39] [12, -3, -26, 36] [-36, -35, -31, 25] [45, -30, 28, 28] [-13, -17, -11, -26] [3, 21, -48, -34] [63, 30, 25, 2]
[-2, 29, -10, 43] [-21, -7, -33, 39] [-6, -1, -29, -12] [0, 0, 0, 0] [-15, 58, -48, -11] [19, -23, -38, -22] [-24, 54, -23, 11]
[3, 14, -14, 18] [14, 13, 2, 32] [24, -12, 43, 27] [-20, -45, 29, -4] [8, 17, 17, -15] [14, 50, 19, 13] [-7, -23, 3, -12]
[12, -30, -17, 7] [6, 10, 15, -30] [23, 4, 21, 27] [-39, -34, 59, -16] [-52, -42, 14, -65] [-30, 71, 23, 23] [2, 44, 19, 32]
[17, -1, -33, -20] [-9, -5, 19, -70] [35, 21, -4, -8] [-10, -3, 0, -34] [63, 38, 6, -25] [4, 34, 6, 6] [9, -21, 19, -18]
------------------------------
ALIVE
Head: (13 34)
Body: (13 34) (12 34) (12 33) (12 32) (11 32) (11 31) (11 30) (10 30) 
Length: 8, 4
Vision: 3
Hungry, suplies: 1/10
Reproductive: 16, mutating: 0.25
Generation: 55546
####################################
Wall (up, right, down, left):
[1, -1, 4, -7] [-4, 2, 13, -18] [-27, 5, -12, -25] [8, -6, 24, -1] [-18, 8, 26, 2] [17, 1, -13, -19] [3, -13, -2, -3]
[-35, 1, 9, -19] [0, 15, -3, 0] [-31, 4, 15, -3] [-39, 20, 29, 14] [30, 26, 3, 3] [-41, -20, 0, -16] [-25, 6, -6, 10]
[-11, 10, 34, 28] [-7, 18, -14, -11] [-1, -8, 43, -18] [-94, 18, 68, 8] [-47, -48, -13, 37] [-24, -19, -8, 10] [-20, -22, -19, 1]
[3, 50, -12, -38] [12, -6, 42, -32] [8, 33, 0, -112] [0, 0, 0, 0] [47, -119, 16, 26] [21, 1, -8, 11] [13, 8, 27, 0]
[-2, -35, 15, 3] [18, -1, -21, -21] [-16, -14, -42, -45] [50, 13, -128, 16] [7, -2, -37, 55] [9, 9, -1, 12] [-24, -75, -24, 33]
[30, 22, 5, 6] [-32, 8, -22, 5] [38, -5, 18, -7] [-3, 1, -29, -3] [-3, -7, -38, -18] [0, -10, -21, 10] [37, 13, 22, -9]
[-15, -5, 19, -14] [7, -13, -55, -17] [-7, 6, 23, 10] [-23, 24, -53, -16] [35, 9, -16, 32] [34, -6, -39, 29] [-4, -13, 29, -4]
Food (up, right, down, left):
[8, 15, 4, 27] [-16, 30, 4, -23] [16, -17, 4, 7] [-19, 1, 50, 0] [9, -15, 48, -10] [-4, -31, -19, -30] [-47, 20, 7, -14]
[-77, 9, -45, 1] [-1, -7, -35, -1] [-1, 8, 20, 30] [-32, 15, -62, 36] [11, 10, 1, -54] [52, -3, -55, 29] [7, 2, 26, 32]
[-35, 3, 32, -39] [12, -3, -26, 36] [-36, -35, -31, 25] [45, -30, 28, 28] [-13, -17, -11, -26] [3, 21, -53, -34] [63, 30, 27, 2]
[-2, 29, -10, 43] [-21, -7, -33, 39] [-6, -1, -29, -12] [0, 0, 0, 0] [-15, 58, -48, -11] [19, -23, -38, -22] [-24, 54, -23, 11]
[3, 14, -14, 18] [14, 13, 2, 32] [24, -12, 43, 27] [-17, -45, 29, -4] [8, 17, 17, -15] [14, 50, 19, 13] [-7, -20, 3, -12]
[12, -30, -17, 7] [6, 10, 15, -30] [23, 4, 21, 27] [-39, -34, 59, -16] [-52, -42, 14, -65] [-30, 71, 23, 23] [2, 44, 19, 32]
[17, -1, -33, -20] [-9, -5, 19, -70] [35, 22, -4, -8] [-10, -3, 0, -34] [63, 38, 6, -25] [4, 38, 6, 6] [9, -21, 19, -18]
------------------------------
ALIVE
Head: (9 12)
Body: (9 12) (10 12) (11 12) (12 12) (13 12) (13 11) (13 10) (13 9) (13 8) (13 7) 
Length: 10, 4
Vision: 3
Hungry, suplies: 3/10
Reproductive: 16, mutating: 0.25
Generation: 55544
####################################
Wall (up, right, down, left):
[1, -1, 4, -7] [-4, 2, 13, -18] [-27, 5, -12, -25] [8, -6, 24, -1] [-18, 8, 26, 2] [17, 1, -13, -19] [3, -18, -2, -3]
[-35, 1, 9, -19] [0, 15, -3, 0] [-31, 4, 15, -3] [-39, 20, 34, 14] [30, 26, 3, 3] [-36, -20, 0, -16] [-25, 6, -4, 10]
[-11, 10, 34, 28] [-7, 16, -14, -11] [-1, -8, 43, -18] [-94, 18, 68, 8] [-47, -48, -13, 37] [-20, -19, -8, 10] [-13, -22, -19, 1]
[3, 50, -12, -38] [12, -6, 42, -32] [8, 33, 0, -112] [0, 0, 0, 0] [47, -119, 16, 26] [21, 1, -8, 11] [13, 8, 27, 0]
[-2, -35, 15, 6] [18, -1, -21, -21] [-16, -14, -42, -45] [50, 13, -128, 16] [12, -2, -37, 55] [9, 9, -1, 12] [-24, -75, -24, 37]
[30, 22, 5, 6] [-32, 8, -22, 5] [38, -5, 18, -7] [-3, 1, -29, -3] [-3, -7, -38, -18] [0, -10, -21, 10] [37, 13, 22, -9]
[-15, -5, 19, -14] [7, -13, -55, -17] [-7, 6, 23, 10] [-23, 24, -53, -16] [35, 9, -16, 32] [34, -6, -39, 29] [-4, -13, 29, -4]
Food (up, right, down, left):
[8, 15, 4, 27] [-16, 30, 4, -23] [16, -17, 4, 7] [-19, 1, 50, 0] [9, -15, 48, -10] [-4, -31, -19, -30] [-47, 21, 7, -14]
[-77, 9, -45, 1] [-1, -7, -35, -1] [-1, 8, 20, 30] [-32, 15, -62, 33] [11, 10, 1, -54] [52, -3, -55, 25] [7, 2, 26, 27]
[-35, 3, 32, -39] [12, -3, -24, 36] [-36, -35, -31, 25] [45, -30, 28, 28] [-13, -17, -11, -26] [3, 21, -48, -34] [63, 30, 28, 2]
[-2, 29, -10, 43] [-21, -7, -33, 39] [-6, -1, -29, -12] [0, 0, 0, 0] [-15, 58, -48, -11] [19, -23, -38, -22] [-24, 54, -23, 11]
[4, 14, -14, 18] [14, 13, 2, 32] [24, -12, 43, 27] [-17, -45, 29, -4] [8, 17, 17, -15] [14, 50, 19, 13] [-7, -23, 3, -12]
[12, -30, -17, 7] [6, 10, 15, -30] [23, 4, 21, 27] [-39, -34, 59, -16] [-52, -42, 14, -65] [-30, 71, 24, 23] [2, 44, 19, 32]
[17, -1, -33, -20] [-9, -5, 19, -70] [35, 22, -4, -8] [-10, -3, 0, -34] [63, 38, 6, -25] [4, 38, 6, 6] [9, -21, 19, -18]
------------------------------
ALIVE
Head: (1 48)
Body: (1 48) (2 48) (2 47) (3 47) (4 47) (5 47) (6 47) (7 47) (7 48) (7 49) (7 50) (6 50) (6 51) (5 51) (4 51) 
Length: 15, 4
Vision: 3
Hungry, suplies: 5/10
Reproductive: 16, mutating: 0.25
Generation: 55541
####################################
Wall (up, right, down, left):
[1, -1, 4, -7] [-4, 2, 13, -18] [-27, 5, -12, -25] [8, -6, 24, -1] [-18, 8, 26, 2] [17, 1, -13, -19] [3, -18, -2, -3]
[-35, 1, 9, -19] [0, 15, -3, 0] [-31, 4, 15, -3] [-39, 20, 34, 14] [30, 26, 3, 3] [-36, -20, 0, -16] [-25, 6, -6, 10]
[-11, 10, 34, 28] [-7, 18, -14, -11] [-1, -8, 43, -18] [-94, 18, 68, 8] [-47, -48, -13, 37] [-20, -19, -8, 10] [-15, -22, -19, 1]
[3, 50, -12, -38] [12, -6, 42, -32] [8, 33, 0, -112] [0, 0, 0, 0] [47, -119, 16, 26] [21, 1, -8, 11] [13, 8, 27, 0]
[-2, -35, 15, 3] [18, -1, -21, -21] [-16, -14, -42, -45] [50, 13, -128, 16] [12, -2, -37, 55] [9, 9, -1, 12] [-24, -75, -24, 37]
[30, 22, 5, 6] [-32, 8, -22, 5] [38, -5, 18, -7] [-3, 1, -29, -3] [-3, -7, -38, -18] [0, -10, -21, 10] [37, 13, 22, -9]
[-15, -5, 19, -14] [7, -13, -55, -17] [-7, 6, 23, 10] [-23, 24, -53, -16] [35, 9, -16, 32] [34, -6, -39, 29] [-4, -13, 29, -4]
Food (up, right, down, left):
[8, 15, 4, 27] [-16, 30, 4, -23] [16, -17, 4, 7] [-19, 1, 50, 0] [9, -15, 48, -10] [-4, -31, -19, -30] [-47, 21, 7, -14]
[-77, 9, -45, 1] [-1, -7, -35, -1] [-1, 8, 20, 30] [-32, 15, -62, 33] [11, 10, 1, -54] [52, -3, -55, 25] [7, 2, 26, 32]
[-35, 3, 32, -39] [12, -3, -26, 36] [-36, -35, -31, 25] [45, -30, 28, 28] [-13, -17, -11, -26] [3, 21, -48, -34] [63, 30, 25, 2]
[-2, 29, -10, 43] [-21, -7, -33, 39] [-6, -1, -29, -12] [0, 0, 0, 0] [-15, 58, -48, -11] [19, -23, -38, -22] [-24, 54, -23, 11]
[3, 14, -14, 18] [14, 13, 2, 32] [24, -12, 43, 27] [-17, -45, 29, -4] [8, 17, 17, -15] [14, 50, 19, 13] [-7, -23, 3, -12]
[12, -30, -17, 7] [6, 10, 15, -30] [23, 4, 21, 27] [-39, -34, 59, -16] [-52, -42, 14, -65] [-30, 71, 24, 23] [2, 44, 19, 32]
[17, -1, -33, -20] [-9, -5, 19, -70] [35, 22, -4, -8] [-10, -3, 0, -34] [63, 38, 6, -25] [4, 38, 6, 6] [9, -21, 19, -18]
------------------------------
ALIVE
Head: (18 20)
Body: (18 20) (19 20) (20 20) (20 21) (19 21) (18 21) (18 22) (19 22) (19 23) (20 23) (20 24) (21 24) (21 25) 
Length: 13, 4
Vision: 3
Hungry, suplies: 3/10
Reproductive: 16, mutating: 0.25
Generation: 55543
####################################
Wall (up, right, down, left):
[1, -1, 4, -7] [-4, 2, 13, -18] [-27, 5, -12, -25] [8, -6, 24, -1] [-18, 8, 26, 2] [17, 1, -13, -19] [3, -18, -2, -3]
[-35, 1, 9, -19] [0, 15, -3, 0] [-31, 4, 15, -3] [-39, 20, 34, 14] [30, 26, 3, 3] [-36, -20, 0, -16] [-25, 6, -6, 10]
[-11, 10, 34, 28] [-7, 18, -14, -11] [-1, -8, 43, -18] [-94, 18, 68, 8] [-47, -48, -13, 37] [-20, -19, -8, 10] [-15, -22, -19, 1]
[3, 50, -12, -38] [12, -6, 42, -32] [8, 33, 0, -112] [0, 0, 0, 0] [47, -119, 16, 26] [21, 1, -8, 11] [13, 8, 27, 0]
[-2, -35, 15, 3] [18, -1, -21, -21] [-16, -14, -42, -45] [50, 13, -128, 16] [12, -2, -37, 55] [9, 9, -1, 12] [-24, -75, -24, 37]
[30, 22, 5, 6] [-32, 8, -22, 5] [38, -5, 18, -7] [-3, 1, -29, -3] [-3, -7, -38, -22] [0, -10, -21, 10] [37, 13, 22, -9]
[-15, -5, 19, -14] [7, -13, -55, -17] [-7, 6, 23, 10] [-23, 24, -53, -16] [35, 9, -16, 32] [34, -6, -39, 29] [-4, -13, 29, -4]
Food (up, right, down, left):
[8, 15, 4, 27] [-16, 30, 4, -23] [16, -17, 4, 7] [-19, 1, 50, 0] [9, -15, 48, -10] [-4, -31, -19, -30] [-47, 21, 7, -14]
[-77, 9, -45, 1] [-1, -7, -35, -1] [-1, 8, 20, 30] [-32, 15, -62, 33] [11, 10, 1, -54] [52, -3, -55, 25] [7, 2, 26, 32]
[-35, 3, 32, -39] [12, -3, -26, 36] [-36, -35, -31, 25] [45, -30, 28, 28] [-13, -17, -11, -26] [3, 21, -48, -34] [63, 30, 25, 2]
[-2, 29, -10, 43] [-21, -7, -33, 39] [-6, -1, -29, -12] [0, 0, 0, 0] [-15, 58, -48, -11] [19, -23, -38, -22] [-24, 54, -23, 11]
[3, 14, -14, 18] [14, 13, 2, 32] [24, -12, 43, 27] [-17, -45, 29, -4] [8, 17, 17, -15] [14, 50, 19, 13] [-7, -23, 3, -12]
[12, -30, -17, 7] [6, 10, 15, -30] [23, 4, 21, 27] [-39, -34, 59, -16] [-50, -42, 14, -65] [-30, 71, 24, 23] [2, 44, 19, 32]
[17, -1, -33, -20] [-9, -5, 19, -70] [35, 22, -4, -8] [-10, -3, 0, -34] [63, 38, 6, -25] [4, 38, 6, 6] [9, -21, 19, -18]
------------------------------
ALIVE
Head: (22 22)
Body: (22 22) (21 22) (21 23) (22 23) (23 23) (23 22) (-1 22) (0 22) 
Length: 8, 4
Vision: 3
Hungry, suplies: 1/10
Reproductive: 16, mutating: 0.25
Generation: 55541
####################################
Wall (up, right, down, left):
[1, -1, 4, -7] [-4, 2, 13, -18] [-27, 5, -12, -25] [8, -6, 24, -1] [-18, 8, 26, 2] [17, 1, -13, -19] [3, -18, -2, -3]
[-35, 1, 9, -19] [0, 15, -3, 0] [-31, 4, 15, -3] [-39, 20, 29, 14] [27, 26, 3, 3] [-36, -20, 0, -16] [-25, 6, -6, 10]
[-11, 10, 34, 28] [-7, 18, -14, -11] [-1, -8, 43, -18] [-94, 18, 68, 8] [-47, -48, -13, 37] [-20, -20, -8, 10] [-15, -22, -19, 1]
[3, 50, -12, -38] [12, -6, 42, -36] [8, 33, 0, -112] [0, 0, 0, 0] [47, -115, 16, 26] [21, 1, -8, 11] [13, 8, 27, 0]
[-2, -35, 15, 3] [18, -1, -21, -21] [-16, -14, -42, -45] [50, 13, -128, 16] [12, -2, -37, 55] [9, 9, -1, 12] [-24, -75, -24, 37]
[30, 22, 5, 6] [-32, 8, -22, 5] [38, -5, 18, -7] [-3, 1, -29, -3] [-3, -7, -38, -18] [0, -10, -21, 10] [37, 13, 22, -9]
[-15, -5, 19, -14] [4, -13, -55, -17] [-7, 6, 26, 10] [-23, 24, -53, -16] [35, 9, -16, 32] [34, -6, -39, 27] [-4, -13, 29, -4]
Food (up, right, down, left):
[8, 15, 4, 27] [-16, 30, 4, -23] [16, -17, 4, 7] [-19, 1, 50, 0] [9, -15, 48, -10] [-4, -31, -19, -30] [-47, 21, 7, -14]
[-77, 9, -45, 1] [-1, -7, -35, -1] [-1, 8, 20, 30] [-32, 15, -62, 36] [11, 10, 1, -57] [52, -3, -55, 25] [7, 2, 26, 32]
[-35, 3, 32, -39] [12, -3, -26, 36] [-36, -35, -31, 25] [45, -30, 28, 28] [-13, -17, -11, -26] [3, 19, -48, -34] [63, 30, 25, 2]
[-2, 29, -10, 43] [-20, -7, -33, 39] [-6, -1, -29, -12] [0, 0, 0, 0] [-15, 54, -48, -11] [19, -23, -38, -22] [-24, 54, -23, 11]
[3, 14, -14, 18] [14, 13, 2, 32] [24, -12, 43, 27] [-17, -45, 29, -4] [8, 17, 17, -15] [14, 50, 19, 13] [-7, -23, 3, -12]
[12, -30, -17, 7] [6, 10, 15, -30] [23, 4, 21, 27] [-39, -34, 59, -16] [-52, -42, 14, -65] [-30, 71, 23, 23] [2, 44, 19, 32]
[17, -1, -33, -20] [-11, -5, 19, -70] [35, 21, -4, -8] [-10, -3, 0, -34] [63, 38, 6, -25] [2, 38, 6, 6] [9, -21, 19, -18]
------------------------------
ALIVE
Head: (10 20)
Body: (10 20) (10 19) (9 19) (9 18) (8 18) (7 18) (7 17) (7 16) (7 15) (6 15) (5 15) (4 15) 
Length: 12, 4
Vision: 3
Hungry, suplies: 8/10
Reproductive: 16, mutating: 0.25
Generation: 55540
####################################
Wall (up, right, down, left):
[1, -1, 4, -7] [-4, 2, 13, -18] [-27, 5, -12, -25] [8, -6, 24, -1] [-18, 8, 26, 2] [17, 1, -13, -19] [3, -18, -2, -3]
[-35, 1, 9, -16] [0, 15, -3, 0] [-31, 4, 15, -3] [-39, 20, 29, 16] [30, 26, 3, 3] [-36, -20, 0, -16] [-25, 6, -6, 10]
[-11, 10, 34, 28] [-7, 18, -14, -11] [-1, -8, 43, -18] [-94, 18, 68, 8] [-47, -48, -13, 37] [-20, -19, -8, 10] [-15, -22, -19, 1]
[3, 50, -12, -38] [12, -6, 42, -32] [8, 33, 0, -112] [0, 0, 0, 0] [47, -119, 16, 26] [21, 1, -8, 11] [13, 8, 27, 0]
[-2, -35, 15, 3] [18, -1, -21, -21] [-16, -14, -42, -45] [50, 13, -128, 16] [12, -2, -37, 55] [9, 9, -1, 12] [-24, -75, -24, 37]
[30, 22, 5, 6] [-32, 8, -22, 5] [38, -5, 18, -7] [-3, 1, -29, -3] [-3, -7, -38, -18] [0, -10, -21, 10] [37, 13, 22, -13]
[-15, -5, 19, -14] [7, -13, -55, -17] [-7, 6, 23, 10] [-23, 24, -53, -16] [35, 9, -16, 32] [34, -6, -39, 29] [-4, -13, 29, -4]
Food (up, right, down, left):
[8, 15, 4, 27] [-16, 30, 4, -23] [16, -17, 4, 7] [-19, 1, 50, 0] [9, -15, 48, -10] [-4, -31, -19, -30] [-47, 21, 7, -14]
[-76, 9, -45, 1] [-1, -7, -35, -1] [-1, 8, 20, 30] [-32, 11, -62, 36] [11, 10, 1, -54] [52, -3, -55, 25] [7, 2, 26, 32]
[-35, 3, 32, -39] [12, -3, -26, 36] [-36, -35, -31, 25] [45, -30, 28, 28] [-13, -17, -11, -26] [3, 21, -48, -34] [63, 30, 25, 2]
[-2, 29, -10, 43] [-21, -7, -33, 39] [-6, -1, -29, -12] [0, 0, 0, 0] [-15, 58, -48, -11] [19, -23, -38, -22] [-24, 54, -23, 11]
[3, 14, -14, 18] [14, 13, 2, 32] [24, -12, 43, 27] [-17, -45, 29, -4] [8, 17, 17, -15] [14, 50, 19, 13] [-7, -23, 3, -12]
[12, -30, -17, 7] [6, 10, 15, -30] [23, 4, 21, 27] [-39, -34, 59, -16] [-52, -42, 14, -65] [-30, 71, 24, 23] [2, 44, 19, 32]
[17, -1, -33, -20] [-9, -5, 19, -70] [35, 22, -4, -8] [-10, -3, 0, -34] [63, 38, 6, -25] [4, 38, 6, 6] [9, -21, 19, -18]
------------------------------
ALIVE
Head: (24 30)
Body: (24 30) (23 30) (22 30) (21 30) (20 30) (19 30) (18 30) (18 29) (17 29) (17 30) (17 31) (18 31) 
Length: 12, 4
Vision: 3
Hungry, suplies: 4/10
Reproductive: 16, mutating: 0.25
Generation: 55543
####################################
Wall (up, right, down, left):
[1, -1, 4, -7] [-4, 2, 13, -18] [-27, 8, -12, -25] [8, -6, 24, -1] [-18, 8, 26, 2] [17, -4, -13, -19] [3, -18, -2, -3]
[-35, 1, 9, -19] [0, 15, -3, 0] [-31, 4, 15, -3] [-39, 20, 29, 14] [30, 26, 3, 3] [-36, -20, 0, -16] [-25, 6, -6, 10]
[-11, 10, 34, 28] [-7, 18, -14, -11] [-1, -8, 43, -18] [-94, 18, 68, 8] [-47, -48, -13, 37] [-15, -19, -8, 10] [-15, -22, -19, 1]
[3, 50, -12, -38] [12, -6, 42, -32] [8, 33, 0, -112] [0, 0, 0, 0] [47, -119, 16, 26] [21, 1, -8, 11] [13, 8, 27, 0]
[-2, -35, 15, 3] [18, -1, -21, -21] [-16, -14, -42, -45] [50, 13, -128, 16] [12, -2, -37, 55] [9, 9, -1, 12] [-24, -75, -24, 37]
[30, 22, 5, 6] [-32, 8, -22, 5] [38, -5, 18, -7] [-3, 1, -29, -3] [-3, -7, -38, -18] [0, -10, -21, 10] [37, 13, 22, -9]
[-15, -5, 19, -14] [7, -13, -55, -17] [-7, 6, 26, 10] [-23, 24, -53, -16] [35, 9, -16, 32] [35, -6, -39, 29] [-4, -13, 29, -4]
Food (up, right, down, left):
[8, 15, 4, 27] [-16, 30, 4, -23] [16, -17, 4, 6] [-19, 1, 50, 0] [9, -15, 48, -10] [-2, -31, -19, -30] [-47, 21, 7, -14]
[-77, 9, -45, 1] [-1, -7, -35, -1] [-1, 8, 20, 30] [-32, 15, -62, 36] [11, 10, 1, -54] [52, -3, -55, 25] [7, 2, 26, 32]
[-35, 3, 32, -39] [12, -3, -26, 36] [-36, -35, -31, 25] [45, -30, 28, 28] [-13, -17, -11, -26] [3, 21, -48, -34] [63, 30, 25, 2]
[-2, 29, -10, 43] [-21, -7, -33, 39] [-6, -1, -29, -12] [0, 0, 0, 0] [-15, 58, -48, -11] [19, -23, -38, -22] [-24, 54, -23, 11]
[3, 14, -14, 18] [14, 13, 2, 32] [24, -12, 43, 27] [-17, -45, 29, -4] [8, 17, 17, -15] [14, 50, 19, 13] [-7, -23, 3, -12]
[12, -30, -17, 7] [6, 10, 15, -30] [23, 4, 21, 27] [-39, -34, 59, -16] [-52, -42, 14, -65] [-30, 71, 23, 23] [2, 44, 19, 32]
[17, -1, -33, -20] [-9, -5, 19, -70] [35, 21, -4, -8] [-10, -3, 0, -34] [63, 38, 6, -25] [4, 34, 6, 6] [9, -21, 19, -18]
------------------------------
ALIVE
Head: (7 29)
Body: (7 29) (6 29) (5 29) (4 29) (3 29) (2 29) (1 29) (25 29) (24 29) (23 29) (22 29) 
Length: 11, 4
Vision: 3
Hungry, suplies: 9/10
Reproductive: 16, mutating: 0.25
Generation: 55545
####################################
Wall (up, right, down, left):
[1, -1, 4, -7] [-4, 2, 13, -18] [-27, 5, -12, -25] [8, -6, 24, -1] [-18, 8, 26, 2] [17, 1, -13, -19] [3, -18, -2, -3]
[-35, 1, 9, -19] [0, 15, -3, 0] [-31, 4, 15, -3] [-39, 20, 34, 14] [30, 26, 3, 3] [-36, -20, 0, -16] [-25, 6, -6, 10]
[-11, 10, 34, 28] [-7, 18, -14, -11] [-1, -8, 43, -18] [-94, 18, 68, 8] [-47, -48, -13, 37] [-20, -19, -11, 10] [-15, -22, -19, 1]
[3, 50, -12, -38] [12, -6, 42, -32] [8, 33, 0, -112] [0, 0, 0, 0] [47, -119, 16, 26] [21, 1, -8, 11] [13, 8, 27, 0]
[-2, -35, 15, 3] [18, -1, -21, -21] [-16, -14, -42, -45] [50, 13, -128, 16] [12, -2, -37, 55] [9, 9, -1, 12] [-24, -75, -24, 37]
[30, 22, 5, 6] [-32, 8, -22, 5] [38, -5, 18, -7] [-3, 1, -29, -3] [-3, -7, -38, -18] [0, -10, -21, 10] [37, 13, 22, -9]
[-15, -5, 19, -14] [7, -13, -55, -17] [-7, 6, 23, 10] [-23, 24, -53, -16] [35, 9, -16, 32] [34, -6, -39, 29] [-4, -13, 29, -4]
Food (up, right, down, left):
[8, 15, 4, 27] [-16, 30, 4, -23] [16, -17, 4, 7] [-19, 1, 50, 0] [9, -15, 48, -10] [-4, -31, -19, -30] [-47, 21, 7, -14]
[-77, 9, -45, 1] [-1, -7, -35, -1] [-1, 8, 20, 30] [-32, 15, -62, 33] [11, 10, 1, -54] [52, -3, -55, 25] [7, 2, 26, 32]
[-35, 3, 32, -39] [12, -3, -26, 36] [-36, -35, -31, 25] [45, -30, 28, 28] [-13, -17, -11, -26] [3, 26, -48, -34] [63, 30, 25, 2]
[-2, 29, -10, 43] [-21, -7, -33, 39] [-6, -1, -29, -12] [0, 0, 0, 0] [-15, 58, -48, -11] [19, -23, -38, -22] [-24, 54, -23, 11]
[3, 14, -14, 18] [14, 13, 2, 32] [24, -12, 43, 27] [-17, -45, 29, -4] [8, 17, 17, -15] [14, 50, 19, 13] [-7, -23, 3, -12]
[12, -30, -17, 7] [6, 10, 15, -30] [23, 4, 21, 27] [-39, -34, 59, -16] [-52, -42, 14, -65] [-30, 71, 24, 23] [2, 44, 19, 32]
[17, -1, -33, -20] [-9, -5, 19, -70] [35, 22, -4, -8] [-10, -3, 0, -34] [63, 38, 6, -25] [4, 38, 6, 6] [9, -21, 19, -18]
------------------------------
ALIVE
Head: (6 55)
Body: (6 55) (7 55) (8 55) (8 -1) (8 0) (8 1) (7 1) (7 2) (7 3) (7 4) 
Length: 10, 4
Vision: 3
Hungry, suplies: 10/10
Reproductive: 16, mutating: 0.25
Generation: 55543
####################################
Wall (up, right, down, left):
[1, -1, 4, -7] [-4, 2, 13, -18] [-27, 5, -12, -25] [8, -6, 24, -1] [-18, 8, 26, 2] [17, 1, -13, -19] [3, -18, -2, -3]
[-35, 1, 9, -19] [0, 15, -3, 0] [-31, 4, 15, -3] [-39, 20, 29, 14] [27, 26, 3, 3] [-36, -20, 0, -16] [-25, 6, -6, 10]
[-11, 10, 34, 28] [-7, 18, -14, -11] [-1, -8, 43, -18] [-94, 18, 68, 8] [-47, -48, -13, 37] [-20, -19, -8, 10] [-15, -22, -19, 1]
[3, 50, -12, -38] [12, -6, 42, -32] [8, 33, 0, -112] [0, 0, 0, 0] [47, -119, 16, 26] [21, 1, -8, 11] [13, 8, 27, 0]
[-2, -35, 15, 3] [18, -1, -21, -21] [-16, -14, -42, -45] [50, 13, -128, 16] [12, -2, -37, 55] [9, 9, -1, 12] [-24, -75, -24, 37]
[30, 22, 5, 6] [-32, 8, -22, 5] [38, -5, 18, -7] [-3, 1, -29, -3] [-3, -7, -38, -18] [0, -10, -21, 10] [37, 13, 22, -9]
[-15, -5, 19, -14] [4, -13, -55, -17] [-7, 6, 26, 10] [-23, 24, -53, -16] [35, 9, -16, 32] [34, -6, -39, 29] [-4, -13, 29, -4]
Food (up, right, down, left):
[8, 15, 4, 27] [-16, 30, 4, -23] [16, -17, 4, 7] [-19, 1, 50, 0] [9, -15, 48, -10] [-4, -31, -19, -30] [-47, 21, 7, -14]
[-77, 9, -45, 1] [-1, -7, -35, -1] [-1, 8, 20, 30] [-32, 15, -62, 36] [11, 10, 1, -57] [52, -3, -55, 25] [7, 2, 26, 32]
[-35, 3, 32, -39] [12, -3, -26, 36] [-36, -35, -31, 25] [45, -30, 28, 28] [-13, -17, -11, -26] [3, 21, -48, -34] [63, 30, 25, 2]
[-2, 29, -10, 43] [-21, -7, -33, 39] [-6, -1, -29, -12] [0, 0, 0, 0] [-15, 58, -48, -11] [19, -23, -38, -22] [-24, 54, -23, 11]
[3, 14, -14, 18] [14, 13, 2, 32] [24, -12, 43, 27] [-17, -45, 29, -4] [8, 17, 17, -15] [14, 50, 19, 13] [-7, -23, 3, -12]
[12, -30, -17, 7] [6, 10, 15, -30] [23, 4, 21, 27] [-39, -34, 59, -16] [-52, -42, 14, -65] [-30, 71, 23, 23] [2, 44, 19, 32]
[17, -1, -33, -20] [-11, -5, 19, -70] [35, 21, -4, -8] [-10, -3, 0, -34] [63, 38, 6, -25] [4, 38, 6, 6] [9, -21, 19, -18]
------------------------------
ALIVE
Head: (5 41)
Body: (5 41) (4 41) (4 42) (3 42) (3 43) (2 43) (1 43) (25 43) (24 43) (23 43) (22 43) (22 42) 
Length: 12, 4
Vision: 3
Hungry, suplies: 6/10
Reproductive: 16, mutating: 0.25
Generation: 55536
####################################
Wall (up, right, down, left):
[1, -1, 4, -7] [-4, 2, 13, -18] [-27, 5, -12, -25] [8, -6, 24, -1] [-18, 8, 26, 2] [17, 1, -13, -19] [3, -18, -2, -3]
[-35, 1, 9, -19] [0, 15, -3, 0] [-31, 4, 15, -3] [-39, 20, 34, 14] [30, 26, 3, 3] [-36, -20, 0, -16] [-25, 6, -6, 10]
[-11, 10, 34, 28] [-7, 18, -14, -11] [-1, -8, 43, -18] [-94, 18, 68, 8] [-47, -48, -13, 37] [-20, -19, -8, 10] [-15, -22, -19, 1]
[3, 50, -12, -38] [12, -6, 42, -32] [8, 33, 0, -112] [0, 0, 0, 0] [47, -119, 16, 26] [21, 1, -8, 11] [13, 8, 27, 0]
[-2, -35, 15, 3] [18, -1, -21, -21] [-16, -14, -42, -45] [50, 13, -128, 16] [12, -2, -37, 55] [9, 9, -1, 12] [-24, -75, -24, 37]
[30, 22, 5, 6] [-32, 8, -22, 5] [38, -5, 18, -7] [-3, 1, -29, -3] [-3, -7, -38, -18] [0, -10, -21, 10] [37, 13, 22, -9]
[-15, -5, 19, -14] [7, -13, -55, -17] [-7, 6, 23, 10] [-23, 24, -53, -16] [35, 9, -16, 32] [34, -6, -39, 29] [-4, -13, 29, -4]
Food (up, right, down, left):
[8, 15, 4, 27] [-16, 30, 4, -23] [16, -17, 4, 7] [-19, 1, 50, 0] [9, -15, 48, -10] [-4, -31, -19, -30] [-47, 21, 7, -14]
[-77, 9, -45, 1] [-1, -7, -35, -1] [-1, 8, 20, 30] [-32, 15, -62, 33] [11, 10, 1, -54] [52, -3, -55, 25] [7, 2, 26, 32]
[-35, 3, 32, -39] [12, -3, -26, 36] [-36, -35, -31, 25] [45, -30, 28, 28] [-13, -17, -11, -26] [3, 21, -48, -34] [63, 30, 25, 2]
[-2, 29, -10, 43] [-21, -7, -33, 39] [-6, -1, -29, -12] [0, 0, 0, 0] [-15, 58, -48, -11] [19, -23, -38, -22] [-24, 54, -23, 11]
[3, 14, -14, 18] [14, 13, 2, 32] [24, -12, 43, 27] [-17, -45, 29, -4] [8, 17, 17, -15] [14, 50, 19, 13] [-7, -23, 3, -12]
[12, -30, -17, 7] [6, 10, 15, -30] [23, 4, 21, 27] [-39, -34, 59, -16] [-52, -42, 14, -65] [-30, 71, 24, 23] [2, 44, 19, 32]
[17, -1, -33, -20] [-9, -5, 19, -70] [35, 22, -4, -8] [-10, -3, 0, -34] [63, 38, 6, -25] [4, 38, 6, 6] [9, -21, 19, -18]
------------------------------
ALIVE
Head: (12 36)
Body: (12 36) (12 35) (11 35) (10 35) (10 34) (10 33) (10 32) (9 32) (8 32) (8 33) (8 34) (8 35) (7 35) (6 35) (5 35) 
Length: 15, 4
Vision: 3
Hungry, suplies: 1/10
Reproductive: 16, mutating: 0.25
Generation: 55540
####################################
Wall (up, right, down, left):
[1, -1, 4, -7] [-4, 2, 13, -18] [-27, 5, -12, -25] [8, -6, 24, -1] [-18, 8, 26, 2] [17, 1, -13, -19] [3, -18, -2, -3]
[-35, 1, 9, -19] [0, 15, -3, 0] [-31, 4, 15, -3] [-39, 20, 34, 14] [30, 26, 3, 3] [-36, -20, 0, -16] [-25, 6, -6, 10]
[-11, 10, 34, 28] [-7, 18, -14, -11] [-1, -8, 43, -18] [-94, 18, 68, 8] [-47, -48, -13, 40] [-20, -19, -8, 10] [-15, -22, -19, 1]
[3, 50, -12, -38] [12, -6, 42, -32] [8, 33, 0, -112] [0, 0, 0, 0] [47, -119, 16, 26] [21, 1, -8, 11] [13, 8, 27, 0]
[-2, -35, 15, 3] [18, -1, -21, -21] [-16, -14, -42, -45] [50, 13, -128, 16] [12, -2, -37, 55] [9, 9, -1, 12] [-24, -75, -24, 37]
[30, 22, 5, 6] [-32, 8, -22, 5] [38, -5, 18, -7] [-3, 1, -29, -3] [-3, -7, -38, -18] [0, -10, -21, 10] [37, 13, 22, -9]
[-15, -5, 19, -14] [7, -13, -55, -17] [-7, 6, 23, 10] [-23, 24, -53, -16] [35, 9, -16, 32] [34, -6, -39, 29] [-4, -13, 29, -4]
Food (up, right, down, left):
[8, 15, 4, 27] [-16, 30, 4, -23] [16, -17, 4, 7] [-19, 1, 50, 0] [9, -15, 48, -10] [-4, -31, -19, -30] [-47, 21, 7, -14]
[-77, 9, -45, 1] [-1, -7, -35, -1] [-1, 8, 20, 30] [-32, 15, -62, 33] [11, 10, 1, -54] [52, -3, -55, 25] [7, 2, 26, 32]
[-35, 3, 32, -39] [12, -3, -26, 36] [-36, -35, -31, 25] [45, -30, 28, 28] [-14, -17, -11, -26] [3, 21, -48, -34] [63, 30, 25, 2]
[-2, 29, -10, 43] [-21, -7, -33, 39] [-6, -1, -29, -12] [0, 0, 0, 0] [-15, 58, -48, -11] [19, -23, -38, -22] [-24, 54, -23, 11]
[3, 14, -14, 18] [14, 13, 2, 32] [24, -12, 43, 27] [-17, -45, 29, -4] [8, 17, 17, -15] [14, 50, 19, 13] [-7, -23, 3, -12]
[12, -30, -17, 7] [6, 10, 15, -30] [23, 4, 21, 27] [-39, -34, 59, -16] [-52, -42, 14, -65] [-30, 71, 24, 23] [2, 44, 19, 32]
[17, -1, -33, -20] [-9, -5, 19, -70] [35, 22, -4, -8] [-10, -3, 0, -34] [63, 38, 6, -25] [4, 38, 6, 6] [9, -21, 19, -18]
------------------------------
ALIVE
Head: (24 48)
Body: (24 48) (23 48) (22 48) (21 48) (20 48) (20 49) (20 50) 
Length: 7, 4
Vision: 3
Hungry, suplies: 2/10
Reproductive: 16, mutating: 0.25
Generation: 55543
####################################
Wall (up, right, down, left):
[1, -1, 4, -7] [-4, 2, 13, -18] [-27, 5, -12, -25] [8, -6, 24, -1] [-18, 8, 26, 2] [17, 1, -13, -19] [3, -18, -2, -3]
[-35, 1, 9, -19] [0, 15, -3, 0] [-31, 4, 15, -3] [-39, 20, 29, 16] [30, 26, 3, 3] [-36, -20, 0, -16] [-25, 6, -6, 10]
[-11, 10, 34, 28] [-7, 18, -14, -11] [-1, -8, 43, -18] [-94, 18, 68, 8] [-47, -48, -13, 37] [-20, -19, -8, 10] [-15, -22, -19, 1]
[3, 50, -12, -38] [12, -6, 42, -32] [8, 33, 0, -112] [0, 0, 0, 0] [47, -119, 16, 26] [21, 1, -8, 11] [13, 8, 27, 0]
[-2, -35, 15, 3] [18, -1, -21, -21] [-16, -14, -42, -45] [50, 13, -128, 16] [12, -2, -37, 55] [9, 9, -1, 12] [-24, -75, -24, 37]
[30, 22, 5, 6] [-32, 8, -22, 5] [38, -5, 18, -7] [-3, 1, -29, -3] [-3, -7, -38, -18] [0, -10, -21, 10] [37, 13, 22, -13]
[-15, -5, 19, -14] [7, -13, -55, -17] [-7, 6, 23, 10] [-23, 24, -53, -16] [35, 9, -16, 32] [34, -6, -39, 29] [-3, -13, 29, -4]
Food (up, right, down, left):
[8, 15, 4, 27] [-16, 30, 4, -23] [16, -17, 4, 7] [-19, 1, 50, 0] [9, -15, 48, -10] [-4, -31, -19, -30] [-47, 21, 7, -14]
[-77, 9, -45, 1] [-1, -7, -35, -1] [-1, 8, 20, 30] [-32, 11, -62, 36] [11, 10, 1, -54] [52, -3, -55, 25] [7, 2, 26, 32]
[-35, 3, 32, -39] [12, -3, -26, 36] [-36, -35, -31, 25] [45, -30, 28, 28] [-13, -17, -11, -26] [3, 21, -48, -34] [63, 30, 25, 2]
[-2, 29, -10, 43] [-21, -7, -33, 39] [-6, -1, -29, -12] [0, 0, 0, 0] [-15, 58, -48, -11] [19, -23, -38, -22] [-24, 54, -23, 11]
[3, 14, -14, 18] [14, 13, 2, 32] [24, -12, 43, 27] [-17, -45, 29, -4] [8, 17, 17, -15] [14, 50, 19, 13] [-7, -23, 3, -12]
[12, -30, -17, 7] [6, 10, 15, -30] [23, 4, 21, 27] [-39, -34, 59, -16] [-52, -42, 14, -65] [-30, 71, 24, 23] [2, 44, 19, 32]
[17, -1, -33, -20] [-9, -5, 19, -70] [35, 22, -4, -8] [-10, -3, 0, -34] [63, 38, 6, -25] [4, 38, 6, 6] [9, -25, 19, -18]
------------------------------
ALIVE
Head: (17 34)
Body: (17 34) (16 34) (15 34) (15 33) (15 32) (14 32) (13 32) (13 31) (14 31) (14 30) 
Length: 10, 4
Vision: 3
Hungry, suplies: 1/10
Reproductive: 16, mutating: 0.25
Generation: 55543
####################################
Wall (up, right, down, left):
[1, -1, 4, -7] [-4, 2, 13, -18] [-27, 8, -12, -25] [8, -6, 24, -1] [-18, 8, 26, 2] [17, -4, -13, -19] [3, -18, -2, -3]
[-35, 1, 9, -19] [0, 15, -3, 0] [-31, 4, 15, -3] [-39, 20, 29, 14] [30, 26, 3, 3] [-36, -20, 0, -16] [-25, 6, -6, 10]
[-11, 10, 34, 28] [-7, 18, -14, -11] [-1, -8, 43, -18] [-94, 18, 68, 8] [-47, -48, -13, 37] [-15, -19, -8, 10] [-15, -22, -19, 1]
[3, 50, -12, -38] [12, -6, 42, -32] [8, 33, 0, -112] [0, 0, 0, 0] [47, -119, 16, 26] [21, 1, -8, 11] [13, 8, 27, 0]
[-2, -35, 15, 3] [18, -1, -21, -21] [-16, -14, -42, -45] [50, 13, -128, 16] [12, -2, -37, 55] [9, 9, -1, 12] [-24, -75, -24, 37]
[30, 22, 5, 6] [-32, 8, -22, 5] [38, -5, 18, -7] [-3, 1, -29, -3] [-3, -7, -38, -18] [0, -10, -21, 10] [37, 13, 22, -9]
[-15, -5, 19, -14] [7, -13, -55, -17] [-7, 6, 26, 10] [-23, 24, -53, -16] [35, 9, -16, 32] [35, -6, -39, 29] [-4, -13, 29, -4]
Food (up, right, down, left):
[8, 15, 4, 27] [-16, 30, 4, -23] [16, -17, 4, 6] [-19, 1, 50, 0] [9, -15, 48, -10] [-2, -31, -19, -30] [-47, 21, 7, -14]
[-77, 9, -45, 1] [-1, -7, -35, -1] [-1, 8, 20, 30] [-32, 15, -62, 36] [11, 10, 1, -54] [52, -3, -55, 25] [7, 2, 26, 32]
[-35, 3, 32, -39] [12, -3, -26, 36] [-36, -35, -31, 25] [45, -30, 28, 28] [-13, -17, -11, -26] [3, 21, -48, -34] [63, 30, 25, 2]
[-2, 29, -10, 43] [-21, -7, -33, 39] [-6, -1, -29, -12] [0, 0, 0, 0] [-15, 58, -48, -11] [19, -23, -38, -22] [-24, 54, -23, 11]
[3, 14, -14, 18] [14, 13, 2, 32] [24, -12, 43, 27] [-17, -45, 29, -4] [8, 17, 17, -15] [14, 50, 19, 13] [-7, -23, 3, -12]
[12, -30, -17, 7] [6, 10, 15, -30] [23, 4, 21, 27] [-39, -34, 59, -16] [-52, -42, 14, -65] [-30, 71, 23, 23] [2, 44, 19, 32]
[17, -1, -33, -20] [-9, -5, 19, -70] [35, 21, -4, -8] [-10, -3, 0, -34] [63, 38, 6, -25] [4, 34, 6, 6] [9, -21, 19, -18]
------------------------------
ALIVE
Head: (9 14)
Body: (9 14) (9 13) (10 13) (10 14) (11 14) (11 13) (12 13) (13 13) (14 13) (14 12) (14 11) 
Length: 11, 4
Vision: 3
Hungry, suplies: 9/10
Reproductive: 16, mutating: 0.25
Generation: 55546
####################################
Wall (up, right, down, left):
[1, -1, 4, -7] [-4, 2, 13, -18] [-27, 5, -12, -25] [8, -6, 24, -1] [-18, 8, 26, 2] [17, 1, -13, -19] [3, -13, -2, -3]
[-35, 1, 9, -19] [0, 15, -3, 0] [-31, 4, 15, -3] [-39, 20, 29, 14] [30, 26, 3, 3] [-41, -20, 0, -16] [-25, 6, -6, 10]
[-11, 10, 34, 28] [-7, 18, -14, -11] [-1, -8, 43, -18] [-94, 18, 68, 8] [-47, -48, -13, 37] [-24, -19, -8, 10] [-20, -22, -19, 1]
[3, 50, -12, -38] [12, -6, 42, -32] [8, 33, 0, -112] [0, 0, 0, 0] [47, -119, 16, 26] [21, 1, -8, 11] [13, 8, 27, 0]
[-2, -35, 15, 3] [18, -1, -21, -21] [-16, -14, -42, -45] [50, 13, -128, 16] [7, -2, -37, 55] [9, 9, -1, 12] [-24, -75, -24, 33]
[30, 22, 5, 6] [-32, 8, -22, 5] [38, -5, 18, -7] [-3, 1, -29, -3] [-3, -7, -38, -18] [0, -10, -21, 10] [37, 13, 22, -9]
[-15, -5, 19, -14] [7, -13, -55, -17] [-7, 6, 23, 10] [-23, 24, -53, -16] [35, 9, -16, 32] [34, -6, -39, 29] [-4, -13, 29, -4]
Food (up, right, down, left):
[8, 15, 4, 27] [-16, 30, 4, -23] [16, -17, 4, 7] [-19, 1, 50, 0] [9, -15, 48, -10] [-4, -31, -19, -30] [-47, 20, 7, -14]
[-77, 9, -45, 1] [-1, -7, -35, -1] [-1, 8, 20, 30] [-32, 15, -62, 36] [11, 10, 1, -54] [52, -3, -55, 29] [7, 2, 26, 32]
[-35, 3, 32, -39] [12, -3, -26, 36] [-36, -35, -31, 25] [45, -30, 28, 28] [-13, -17, -11, -26] [3, 21, -53, -34] [63, 30, 27, 2]
[-2, 29, -10, 43] [-21, -7, -33, 39] [-6, -1, -29, -12] [0, 0, 0, 0] [-15, 58, -48, -11] [19, -23, -38, -22] [-24, 54, -23, 11]
[3, 14, -14, 18] [14, 13, 2, 32] [24, -12, 43, 27] [-17, -45, 29, -4] [8, 17, 17, -15] [14, 50, 19, 13] [-7, -20, 3, -12]
[12, -30, -17, 7] [6, 10, 15, -30] [23, 4, 21, 27] [-39, -34, 59, -16] [-52, -42, 14, -65] [-30, 71, 23, 23] [2, 44, 19, 32]
[17, -1, -33, -20] [-9, -5, 19, -70] [35, 22, -4, -8] [-10, -3, 0, -34] [63, 38, 6, -25] [4, 38, 6, 6] [9, -21, 19, -18]
------------------------------
ALIVE
Head: (17 15)
Body: (17 15) (16 15) (15 15) (14 15) (13 15) (12 15) (11 15) 
Length: 7, 4
Vision: 3
Hungry, suplies: 10/10
Reproductive: 16, mutating: 0.25
Generation: 55544
####################################
Wall (up, right, down, left):
[1, -1, 4, -7] [-4, 2, 13, -18] [-27, 8, -12, -25] [8, -6, 24, -1] [-18, 8, 26, 2] [17, -4, -13, -19] [3, -18, -2, -3]
[-35, 1, 9, -19] [0, 15, -3, 0] [-31, 4, 15, -3] [-39, 20, 29, 14] [30, 26, 3, 3] [-36, -20, 0, -16] [-25, 6, -6, 10]
[-11, 10, 34, 28] [-7, 18, -14, -11] [-1, -8, 43, -18] [-94, 18, 68, 8] [-47, -48, -13, 37] [-15, -19, -8, 10] [-15, -22, -19, 1]
[3, 50, -12, -38] [12, -6, 42, -32] [8, 33, 0, -112] [0, 0, 0, 0] [47, -119, 16, 26] [21, 1, -8, 11] [13, 8, 27, 0]
[-2, -35, 15, 3] [18, -1, -21, -21] [-16, -14, -42, -45] [54, 13, -125, 16] [12, -2, -37, 55] [9, 9, -1, 12] [-24, -75, -24, 37]
[30, 22, 5, 6] [-32, 8, -22, 5] [38, -5, 18, -7] [-3, 1, -29, -3] [-3, -7, -38, -18] [0, -10, -21, 10] [37, 13, 22, -9]
[-15, -5, 19, -14] [7, -13, -55, -17] [-7, 6, 26, 10] [-23, 24, -53, -16] [35, 9, -16, 32] [35, -6, -39, 29] [-4, -13, 29, -4]
Food (up, right, down, left):
[8, 15, 4, 27] [-16, 30, 4, -23] [16, -17, 4, 6] [-19, 1, 50, 0] [9, -15, 48, -10] [-2, -31, -19, -30] [-47, 21, 7, -14]
[-77, 9, -45, 1] [-1, -7, -35, -1] [-1, 8, 20, 30] [-32, 15, -62, 36] [11, 10, 1, -54] [52, -3, -55, 25] [7, 2, 26, 32]
[-35, 3, 32, -39] [12, -3, -26, 36] [-36, -35, -31, 25] [45, -30, 28, 28] [-13, -17, -11, -26] [3, 21, -48, -34] [63, 30, 25, 2]
[-2, 29, -10, 43] [-21, -7, -33, 39] [-6, -1, -29, -12] [0, 0, 0, 0] [-15, 58, -48, -11] [19, -23, -38, -22] [-24, 54, -23, 11]
[3, 14, -14, 18] [14, 13, 2, 32] [24, -12, 43, 27] [-20, -45, 33, -4] [8, 17, 17, -15] [14, 50, 19, 13] [-7, -23, 3, -12]
[12, -30, -17, 7] [6, 10, 15, -30] [23, 4, 21, 27] [-39, -34, 59, -16] [-52, -42, 14, -65] [-30, 71, 23, 23] [2, 44, 19, 32]
[17, -1, -33, -20] [-9, -5, 19, -70] [35, 21, -4, -8] [-10, -3, 0, -34] [63, 38, 6, -25] [4, 34, 6, 6] [9, -21, 19, -18]
------------------------------
ALIVE
Head: (4 25)
Body: (4 25) (5 25) (5 26) (6 26) (7 26) (7 25) (7 24) (6 24) (6 23) 
Length: 9, 4
Vision: 3
Hungry, suplies: 9/10
Reproductive: 16, mutating: 0.25
Generation: 55547
####################################
