Wall (up, right, down, left):
[-1, -1, 12, -9] [-3, 3, 18, -3] [-37, 3, 4, -23] [8, 1, 16, 0] [-14, 10, 23, 1] [18, -2, -8, 0] [5, -8, -9, -12]
[-38, -20, 16, -24] [-4, 12, -10, -9] [-36, -4, 10, -2] [-35, 7, 16, 21] [42, 11, -2, -10] [-29, -19, 3, 1] [-15, 2, -2, 7]
[-8, 3, 23, 16] [-1, 24, -10, -3] [-9, -4, 42, -20] [-81, 20, 51, 8] [-44, -45, -16, 36] [-22, -18, -4, 0] [-38, -13, -19, 4]
[-5, 46, -5, -41] [7, 1, 27, -23] [-6, 47, 10, -103] [0, 0, 0, 0] [43, -107, 31, 8] [27, -1, 3, 13] [-1, -2, 21, 6]
[-15, -23, 7, -3] [14, -6, -20, -15] [-7, -15, -52, -44] [56, 29, -121, 19] [9, -8, -24, 28] [-6, 9, 3, 25] [-35, -71, -10, 21]
[20, 33, 5, 0] [-21, -3, -12, 6] [33, -14, 20, -12] [-9, 10, -24, -2] [13, -1, -29, -7] [2, -6, -23, -1] [42, 1, 5, 10]
[-24, -18, 11, 6] [-7, -3, -45, -6] [-14, 4, 26, -4] [-3, 17, -45, -4] [39, 11, -10, 29] [44, -18, -41, 22] [-9, 21, 25, -1]
Food (up, right, down, left):
[14, 17, -6, 27] [-12, 24, -3, -11] [28, -23, 14, 4] [-17, -14, 51, 15] [-7, 0, 47, -16] [-12, -26, -19, -23] [-50, 15, 15, -11]
[-65, 2, -38, -19] [-5, 2, -36, -2] [8, 16, 19, 37] [-19, 19, -48, 22] [20, 7, -5, -49] [53, 8, -51, 23] [13, 1, 30, 24]
[-22, 1, 30, -42] [10, 8, -14, 26] [-63, -23, -33, 21] [40, -41, 32, 15] [-13, -8, -27, -29] [6, 22, -45, -26] [39, 23, 8, 22]
[11, 22, 5, 47] [-11, -6, -30, 32] [9, 10, -40, -19] [0, 0, 0, 0] [-12, 63, -37, -7] [6, -28, -32, -20] [-17, 43, -16, 21]
[2, 17, -17, 21] [0, 24, 9, 34] [24, -9, 40, 17] [-14, -45, 11, -24] [9, -2, 15, -21] [3, 45, 20, 22] [-16, -18, 5, -12]
[0, -29, -11, 3] [12, 4, 11, -4] [8, 7, 5, 34] [-22, -23, 46, -23] [-48, -36, 10, -52] [-13, 60, 18, 13] [2, 36, 0, 33]
[10, 5, -23, -6] [2, 8, 9, -49] [23, 16, 13, -10] [-7, 11, 19, -41] [50, 34, -5, -15] [29, 34, 13, 2] [11, -16, 21, -27]
------------------------------
ALIVE
Head: (24 17)
Body: (24 17) (23 17) (22 17) (22 18) (21 18) (21 19) (21 20) (20 20) 
Length: 8, 4
Vision: 3
Hungry, suplies: 8/10
Reproductive: 16, mutating: 0.25
Generation: 48013
####################################
Wall (up, right, down, left):
[-1, -1, 12, -12] [-3, 3, 18, -1] [-37, 3, 4, -23] [8, 1, 16, 0] [-14, 10, 23, 1] [18, -2, -8, 0] [5, -8, -9, -12]
[-38, -20, 16, -24] [-4, 12, -10, -9] [-36, -4, 10, -2] [-35, 7, 16, 21] [42, 11, -2, -10] [-29, -19, 3, 1] [-15, 2, -2, 7]
[-8, 3, 23, 16] [-1, 24, -10, -3] [-9, -4, 42, -20] [-81, 20, 51, 8] [-44, -45, -21, 36] [-19, -18, -4, 0] [-38, -13, -20, 4]
[-5, 46, -5, -41] [7, 1, 27, -23] [-6, 47, 10, -103] [0, 0, 0, 0] [43, -107, 31, 8] [27, -1, 3, 13] [-1, -2, 21, 7]
[-15, -22, 7, -3] [14, -6, -20, -12] [-7, -15, -52, -44] [56, 29, -121, 19] [9, -8, -24, 28] [-6, 9, 3, 25] [-35, -71, -10, 21]
[20, 33, 5, 0] [-21, -3, -12, 6] [33, -14, 20, -12] [-9, 10, -24, -2] [13, -1, -29, -7] [2, -6, -23, -1] [42, 1, 5, 7]
[-24, -18, 11, 6] [-7, -3, -45, -6] [-14, 4, 26, -4] [-3, 17, -45, -4] [39, 11, -9, 29] [44, -18, -37, 22] [-13, 21, 25, -1]
Food (up, right, down, left):
[14, 16, -6, 27] [-12, 23, -3, -11] [28, -23, 14, 4] [-17, -14, 46, 15] [-7, 0, 47, -16] [-12, -26, -19, -23] [-50, 15, 15, -11]
[-65, 2, -38, -19] [-5, 2, -36, -2] [8, 16, 19, 37] [-19, 19, -48, 22] [20, 7, -5, -49] [53, 8, -51, 23] [13, 1, 30, 24]
[-22, 1, 30, -42] [10, 8, -14, 26] [-63, -23, -33, 21] [40, -41, 32, 15] [-13, -12, -27, -29] [6, 22, -41, -26] [39, 20, 8, 22]
[11, 22, 5, 47] [-11, -6, -30, 32] [9, 10, -40, -19] [0, 0, 0, 0] [-12, 63, -37, -7] [6, -28, -32, -20] [-16, 43, -16, 24]
[2, 17, -17, 16] [3, 24, 9, 34] [24, -9, 40, 17] [-14, -45, 11, -24] [9, -2, 15, -21] [3, 45, 20, 22] [-16, -18, 5, -12]
[0, -29, -11, 3] [12, 4, 11, -4] [8, 7, 5, 34] [-22, -23, 46, -23] [-48, -36, 10, -52] [-13, 60, 18, 13] [2, 34, 0, 33]
[10, 5, -23, -6] [2, 8, 9, -49] [23, 16, 13, -10] [-7, 11, 18, -41] [50, 37, -5, -15] [29, 34, 15, 0] [11, -16, 25, -27]
------------------------------
ALIVE
Head: (13 53)
Body: (13 53) (13 52) (13 51) (12 51) (12 50) (12 49) (11 49) (10 49) (9 49) 
Length: 9, 4
Vision: 3
Hungry, suplies: 8/10
Reproductive: 16, mutating: 0.25
Generation: 48018
####################################
Wall (up, right, down, left):
[-1, -1, 12, -9] [-3, 3, 18, -3] [-37, 3, 4, -23] [8, 1, 16, 0] [-14, 10, 23, 1] [18, -2, -8, 0] [5, -8, -9, -12]
[-38, -20, 16, -24] [-4, 12, -10, -9] [-36, -4, 10, -2] [-35, 7, 16, 21] [42, 11, -2, -10] [-29, -19, 3, 1] [-15, 2, -2, 7]
[-8, 3, 23, 16] [-1, 24, -10, -3] [-9, -4, 42, -20] [-81, 20, 51, 8] [-44, -45, -16, 36] [-22, -18, -4, 0] [-38, -13, -19, 4]
[-5, 46, -5, -41] [7, 1, 27, -23] [-6, 47, 10, -103] [0, 0, 0, 0] [43, -107, 31, 8] [27, -1, 3, 13] [-1, -2, 21, 6]
[-15, -23, 7, -3] [14, -6, -20, -15] [-7, -15, -52, -44] [56, 29, -121, 19] [9, -8, -24, 28] [-6, 9, 3, 25] [-35, -71, -10, 21]
[20, 33, 5, 0] [-21, -3, -12, 6] [33, -14, 20, -12] [-9, 10, -24, -2] [13, -1, -29, -7] [2, -6, -23, -1] [42, 1, 5, 10]
[-24, -18, 11, 6] [-7, -3, -45, -6] [-14, 4, 26, -4] [-3, 17, -45, -4] [39, 11, -10, 29] [44, -18, -41, 22] [-9, 21, 25, -1]
Food (up, right, down, left):
[14, 17, -6, 27] [-12, 24, -3, -11] [28, -23, 14, 4] [-17, -14, 51, 15] [-7, 0, 47, -16] [-12, -26, -19, -23] [-50, 15, 15, -11]
[-65, 2, -38, -19] [-5, 2, -36, -2] [8, 16, 19, 37] [-19, 19, -48, 22] [20, 7, -5, -49] [53, 8, -51, 23] [13, 1, 30, 24]
[-22, 1, 30, -42] [10, 8, -14, 26] [-63, -23, -33, 21] [40, -41, 32, 15] [-13, -8, -27, -29] [6, 22, -45, -26] [39, 23, 8, 22]
[11, 22, 5, 47] [-11, -6, -30, 32] [9, 10, -40, -19] [0, 0, 0, 0] [-12, 63, -37, -7] [6, -28, -32, -20] [-17, 43, -16, 21]
[2, 17, -17, 21] [0, 24, 9, 34] [24, -9, 40, 17] [-14, -45, 11, -24] [9, -2, 15, -21] [3, 45, 20, 22] [-16, -18, 5, -12]
[0, -29, -11, 3] [12, 4, 11, -4] [8, 7, 5, 34] [-22, -23, 46, -23] [-48, -36, 10, -52] [-13, 60, 18, 13] [2, 36, 0, 33]
[10, 5, -23, -6] [2, 8, 9, -49] [23, 16, 13, -10] [-7, 11, 19, -41] [50, 34, -5, -15] [29, 34, 13, 2] [11, -16, 21, -27]
------------------------------
DEAD: Wall
Head: (11 9)
Body: (11 9) (12 9) (12 8) (12 7) (11 7) (11 6) (11 5) (12 5) (12 4) (12 3) (12 2) 
Length: 11, 4
Vision: 3
Hungry, suplies: 3/10
Reproductive: 16, mutating: 0.25
Generation: 48018
####################################
Wall (up, right, down, left):
[-1, -1, 12, -12] [-3, 3, 18, -1] [-37, 3, 4, -23] [8, 1, 16, 0] [-14, 10, 23, 1] [18, -2, -8, 0] [5, -8, -9, -12]
[-38, -20, 16, -24] [-4, 12, -10, -9] [-36, -4, 10, -2] [-35, 7, 16, 21] [42, 11, -2, -10] [-29, -19, 3, 1] [-15, 2, -2, 7]
[-8, 3, 23, 16] [-1, 24, -10, -3] [-9, -4, 42, -20] [-81, 20, 51, 8] [-44, -45, -21, 36] [-19, -18, -4, 0] [-38, -13, -20, 4]
[-5, 46, -5, -41] [7, 1, 27, -23] [-6, 47, 10, -103] [0, 0, 0, 0] [43, -107, 31, 8] [27, -1, 3, 13] [-1, -2, 21, 7]
[-15, -22, 7, -3] [14, -6, -20, -12] [-7, -15, -52, -44] [56, 29, -121, 19] [9, -8, -24, 28] [-6, 9, 3, 25] [-35, -71, -10, 21]
[20, 33, 5, 0] [-21, -3, -12, 6] [33, -14, 20, -12] [-9, 10, -24, -2] [13, -1, -29, -7] [2, -6, -23, -1] [42, 1, 5, 7]
[-24, -18, 11, 6] [-7, -3, -45, -6] [-14, 4, 26, -4] [-3, 17, -45, -4] [39, 11, -9, 29] [44, -18, -37, 22] [-13, 21, 25, -1]
Food (up, right, down, left):
[14, 16, -6, 27] [-12, 23, -3, -11] [28, -23, 14, 4] [-17, -14, 46, 15] [-7, 0, 47, -16] [-12, -26, -19, -23] [-50, 15, 15, -11]
[-65, 2, -38, -19] [-5, 2, -36, -2] [8, 16, 19, 37] [-19, 19, -48, 22] [20, 7, -5, -49] [53, 8, -51, 23] [13, 1, 30, 24]
[-22, 1, 30, -42] [10, 8, -14, 26] [-63, -23, -33, 21] [40, -41, 32, 15] [-13, -12, -27, -29] [6, 22, -41, -26] [39, 20, 8, 22]
[11, 22, 5, 47] [-11, -6, -30, 32] [9, 10, -40, -19] [0, 0, 0, 0] [-12, 63, -37, -7] [6, -28, -32, -20] [-16, 43, -16, 24]
[2, 17, -17, 16] [3, 24, 9, 34] [24, -9, 40, 17] [-14, -45, 11, -24] [9, -2, 15, -21] [3, 45, 20, 22] [-16, -18, 5, -12]
[0, -29, -11, 3] [12, 4, 11, -4] [8, 7, 5, 34] [-22, -23, 46, -23] [-48, -36, 10, -52] [-13, 60, 18, 13] [2, 34, 0, 33]
[10, 5, -23, -6] [2, 8, 9, -49] [23, 16, 13, -10] [-7, 11, 18, -41] [50, 37, -5, -15] [29, 34, 15, 0] [11, -16, 25, -27]
------------------------------
DEAD: Wall
Head: (17 26)
Body: (17 26) (16 26) (15 26) (14 26) (13 26) (13 25) (12 25) (11 25) (10 25) 
Length: 9, 4
Vision: 3
Hungry, suplies: 2/10
Reproductive: 16, mutating: 0.25
Generation: 48019
####################################
Wall (up, right, down, left):
[-1, -1, 12, -12] [-3, 3, 18, -1] [-37, 3, 4, -23] [8, 1, 16, 0] [-14, 10, 23, 1] [18, -2, -8, 0] [5, -8, -9, -12]
[-38, -20, 16, -24] [-4, 12, -10, -9] [-36, -4, 10, -2] [-35, 7, 16, 21] [42, 11, -2, -10] [-29, -19, 3, 1] [-15, 2, -2, 7]
[-8, 3, 23, 16] [-1, 24, -10, -3] [-9, -4, 42, -20] [-81, 20, 51, 8] [-44, -45, -21, 36] [-19, -18, -4, 0] [-38, -13, -20, 4]
[-5, 46, -5, -41] [7, 1, 27, -23] [-6, 47, 10, -103] [0, 0, 0, 0] [43, -107, 31, 8] [27, -1, 3, 13] [-1, -2, 21, 7]
[-15, -22, 7, -3] [14, -6, -20, -12] [-7, -15, -52, -44] [56, 29, -121, 19] [9, -8, -24, 28] [-6, 9, 3, 25] [-35, -71, -10, 21]
[20, 33, 5, 0] [-21, -3, -12, 6] [33, -14, 20, -12] [-9, 10, -24, -2] [13, -1, -29, -7] [2, -6, -23, -1] [42, 1, 10, 10]
[-24, -18, 11, 6] [-7, -3, -45, -6] [-14, 4, 26, -4] [-3, 17, -45, -4] [39, 11, -9, 29] [44, -18, -37, 22] [-13, 21, 25, -1]
Food (up, right, down, left):
[14, 16, -6, 27] [-12, 23, -3, -11] [28, -23, 14, 4] [-17, -14, 46, 15] [-7, 0, 47, -16] [-12, -26, -19, -23] [-50, 15, 15, -11]
[-65, 2, -38, -19] [-5, 2, -36, -2] [8, 16, 19, 37] [-19, 19, -48, 22] [20, 7, -5, -49] [53, 8, -51, 23] [13, 1, 30, 24]
[-22, 1, 30, -42] [10, 8, -14, 26] [-63, -23, -33, 21] [40, -41, 32, 15] [-13, -12, -27, -29] [6, 22, -41, -26] [39, 20, 8, 22]
[11, 22, 5, 47] [-11, -6, -30, 32] [9, 10, -40, -19] [0, 0, 0, 0] [-12, 63, -37, -7] [6, -28, -32, -20] [-16, 43, -16, 24]
[2, 17, -17, 16] [3, 24, 9, 34] [24, -9, 40, 17] [-14, -45, 11, -24] [9, -2, 15, -21] [3, 45, 20, 22] [-16, -18, 5, -12]
[0, -29, -11, 3] [12, 4, 11, -4] [8, 7, 5, 34] [-22, -23, 46, -23] [-48, -36, 10, -52] [-13, 60, 18, 13] [2, 36, 0, 35]
[10, 5, -23, -6] [2, 8, 9, -49] [23, 16, 13, -10] [-7, 11, 18, -41] [50, 37, -5, -15] [29, 34, 15, 0] [11, -16, 25, -27]
------------------------------
ALIVE
Head: (23 5)
Body: (23 5) (23 4) (24 4) (24 5) (-1 6) (0 6) (0 5) (0 4) 
Length: 8, 4
Vision: 3
Hungry, suplies: 9/10
Reproductive: 16, mutating: 0.25
Generation: 48021
####################################
Wall (up, right, down, left):
[-1, -1, 12, -9] [-3, 3, 18, -3] [-37, 3, 4, -23] [8, 1, 16, 0] [-14, 10, 23, 1] [18, -2, -8, 0] [5, -8, -9, -12]
[-38, -20, 16, -24] [-4, 12, -10, -9] [-36, -4, 10, -2] [-35, 7, 16, 21] [42, 11, -2, -10] [-29, -19, 3, 1] [-15, 2, -2, 7]
[-8, 3, 23, 16] [-1, 24, -10, -3] [-9, -4, 42, -20] [-81, 20, 51, 8] [-44, -45, -16, 36] [-22, -18, -4, 0] [-38, -13, -19, 4]
[-5, 46, -5, -41] [7, 1, 27, -23] [-6, 47, 10, -103] [0, 0, 0, 0] [43, -107, 31, 8] [27, -1, 3, 13] [-1, -2, 21, 6]
[-15, -23, 7, -3] [14, -6, -20, -15] [-7, -15, -52, -44] [56, 29, -121, 19] [9, -8, -24, 28] [-6, 9, 3, 25] [-35, -71, -10, 21]
[20, 33, 5, 0] [-21, -3, -12, 6] [33, -14, 20, -12] [-9, 10, -24, -2] [13, -1, -29, -7] [2, -6, -23, -1] [42, 1, 5, 10]
[-24, -18, 11, 6] [-7, -3, -45, -6] [-14, 4, 26, -4] [-3, 17, -45, -4] [39, 11, -10, 29] [44, -18, -41, 22] [-9, 21, 25, -1]
Food (up, right, down, left):
[14, 17, -6, 27] [-12, 24, -3, -11] [28, -23, 14, 4] [-17, -14, 51, 15] [-7, 0, 47, -16] [-12, -26, -19, -23] [-50, 15, 15, -11]
[-65, 2, -38, -19] [-5, 2, -36, -2] [8, 16, 19, 37] [-19, 19, -48, 22] [20, 7, -5, -49] [53, 8, -51, 23] [13, 1, 30, 24]
[-22, 1, 30, -42] [10, 8, -14, 26] [-63, -23, -33, 21] [40, -41, 32, 15] [-13, -8, -27, -29] [6, 22, -45, -26] [39, 23, 8, 22]
[11, 22, 5, 47] [-11, -6, -30, 32] [9, 10, -40, -19] [0, 0, 0, 0] [-12, 63, -37, -7] [6, -28, -32, -20] [-17, 43, -16, 21]
[2, 17, -17, 21] [0, 24, 9, 34] [24, -9, 40, 17] [-14, -45, 11, -24] [9, -2, 15, -21] [3, 45, 20, 22] [-16, -18, 5, -12]
[0, -29, -11, 3] [12, 4, 11, -4] [8, 7, 5, 34] [-22, -23, 46, -23] [-48, -36, 10, -52] [-13, 60, 18, 13] [2, 36, 0, 33]
[10, 5, -23, -6] [2, 8, 9, -49] [23, 16, 13, -10] [-7, 11, 19, -41] [50, 34, -5, -15] [29, 34, 13, 2] [11, -16, 21, -27]
------------------------------
ALIVE
Head: (8 35)
Body: (8 35) (8 34) (8 33) (7 33) (6 33) (5 33) (4 33) (3 33) (2 33) 
Length: 9, 4
Vision: 3
Hungry, suplies: 1/10
Reproductive: 16, mutating: 0.25
Generation: 48014
####################################
Wall (up, right, down, left):
[-1, -1, 12, -9] [-3, 3, 18, -3] [-37, 3, 4, -23] [8, 1, 16, 0] [-14, 10, 23, 1] [18, -2, -8, 0] [5, -8, -9, -12]
[-38, -20, 16, -24] [-4, 12, -10, -9] [-36, -4, 10, -2] [-35, 7, 16, 21] [42, 11, -2, -10] [-29, -19, 3, 1] [-15, 3, -2, 7]
[-8, 3, 23, 16] [-1, 24, -10, -3] [-9, -4, 42, -20] [-81, 20, 51, 8] [-44, -45, -16, 36] [-22, -18, -4, 0] [-38, -13, -19, 4]
[-3, 46, -5, -41] [7, 1, 27, -23] [-6, 47, 10, -103] [0, 0, 0, 0] [43, -107, 31, 8] [27, -1, 3, 13] [-1, -2, 21, 6]
[-15, -23, 7, -3] [14, -6, -20, -15] [-7, -15, -52, -44] [56, 29, -121, 19] [9, -8, -24, 28] [-6, 9, 3, 25] [-35, -71, -10, 21]
[20, 33, 5, 0] [-21, -3, -12, 6] [33, -14, 20, -12] [-9, 10, -24, -2] [13, -1, -29, -7] [2, -6, -23, -1] [42, 1, 5, 10]
[-24, -18, 11, 6] [-7, -3, -45, -6] [-14, 4, 26, -4] [-3, 17, -45, -4] [39, 11, -10, 29] [44, -18, -41, 22] [-9, 21, 25, -1]
Food (up, right, down, left):
[14, 17, -6, 27] [-12, 24, -3, -11] [28, -23, 14, 4] [-17, -14, 51, 15] [-7, 0, 47, -16] [-12, -26, -19, -23] [-50, 15, 15, -11]
[-65, 2, -38, -19] [-5, 2, -36, -2] [8, 16, 19, 37] [-19, 19, -48, 22] [20, 7, -5, -49] [53, 8, -51, 23] [13, 1, 30, 26]
[-22, 1, 30, -42] [10, 8, -14, 26] [-63, -23, -33, 21] [40, -41, 32, 15] [-13, -8, -27, -29] [6, 22, -45, -26] [39, 23, 8, 22]
[11, 21, 5, 52] [-11, -6, -30, 32] [9, 10, -40, -19] [0, 0, 0, 0] [-12, 63, -37, -7] [6, -28, -32, -20] [-17, 43, -16, 21]
[2, 17, -17, 21] [0, 24, 9, 34] [24, -9, 40, 17] [-14, -45, 11, -24] [9, -2, 15, -21] [3, 45, 20, 22] [-16, -18, 5, -12]
[0, -29, -11, 3] [12, 4, 11, -4] [8, 7, 5, 34] [-22, -23, 46, -23] [-48, -36, 10, -52] [-13, 60, 18, 13] [2, 36, 0, 33]
[10, 5, -23, -6] [2, 8, 9, -49] [23, 16, 13, -10] [-7, 11, 19, -41] [50, 34, -5, -15] [29, 34, 13, 2] [11, -16, 21, -27]
------------------------------
ALIVE
Head: (3 26)
Body: (3 26) (3 27) (4 27) (4 28) (4 29) (4 30) (4 31) (3 31) (2 31) 
Length: 9, 4
Vision: 3
Hungry, suplies: 4/10
Reproductive: 16, mutating: 0.25
Generation: 48018
####################################
Wall (up, right, down, left):
[-1, -1, 12, -9] [-3, 3, 18, -3] [-37, 3, 4, -23] [8, 1, 16, 0] [-14, 10, 23, 1] [18, -2, -8, 0] [5, -8, -9, -12]
[-38, -20, 16, -24] [-4, 12, -10, -9] [-36, -4, 10, -2] [-35, 7, 16, 21] [42, 11, -2, -10] [-29, -19, 3, 1] [-15, 2, -2, 7]
[-8, 3, 23, 16] [-1, 24, -10, -3] [-9, -4, 42, -20] [-81, 20, 51, 8] [-44, -45, -16, 36] [-22, -18, -4, 0] [-38, -13, -19, 4]
[-5, 46, -5, -41] [7, 1, 27, -23] [-6, 47, 10, -103] [0, 0, 0, 0] [43, -107, 31, 8] [27, -1, 3, 13] [-1, -2, 21, 6]
[-15, -23, 7, -3] [14, -6, -20, -15] [-7, -15, -52, -44] [56, 29, -121, 19] [9, -8, -24, 28] [-6, 9, 3, 25] [-35, -71, -10, 21]
[20, 33, 5, 0] [-21, -3, -12, 6] [33, -14, 20, -12] [-9, 10, -24, -2] [13, -1, -29, -7] [2, -6, -23, -1] [42, 1, 5, 10]
[-24, -18, 11, 6] [-7, -3, -45, -6] [-14, 4, 26, -4] [-3, 17, -45, -4] [39, 11, -10, 29] [44, -18, -36, 22] [-9, 21, 25, -1]
Food (up, right, down, left):
[14, 17, -6, 27] [-12, 24, -3, -11] [28, -23, 14, 4] [-17, -14, 51, 15] [-7, 0, 47, -16] [-12, -26, -19, -23] [-50, 15, 15, -11]
[-65, 2, -38, -19] [-5, 2, -36, -2] [8, 16, 19, 37] [-19, 19, -48, 22] [20, 7, -5, -49] [53, 8, -51, 23] [13, 1, 30, 24]
[-22, 1, 30, -42] [10, 8, -14, 26] [-63, -23, -33, 21] [40, -41, 32, 15] [-13, -8, -27, -29] [6, 22, -45, -26] [39, 23, 8, 22]
[11, 22, 5, 47] [-11, -6, -30, 32] [9, 10, -40, -19] [0, 0, 0, 0] [-12, 63, -37, -7] [6, -28, -32, -20] [-17, 43, -16, 21]
[2, 17, -17, 21] [0, 24, 9, 34] [24, -9, 40, 17] [-14, -45, 11, -24] [9, -2, 15, -21] [3, 45, 20, 22] [-16, -18, 5, -12]
[0, -29, -11, 3] [12, 4, 11, -4] [8, 7, 5, 34] [-22, -23, 46, -23] [-48, -36, 10, -52] [-13, 60, 18, 13] [2, 36, 0, 33]
[10, 5, -23, -6] [2, 8, 9, -49] [23, 16, 13, -10] [-7, 11, 19, -41] [50, 34, -5, -15] [29, 34, 13, 2] [11, -16, 21, -27]
------------------------------
ALIVE
Head: (23 12)
Body: (23 12) (23 11) (23 10) (23 9) (23 8) (22 8) (21 8) (20 8) (19 8) 
Length: 9, 4
Vision: 3
Hungry, suplies: 9/10
Reproductive: 16, mutating: 0.25
Generation: 48019
####################################
Wall (up, right, down, left):
[-1, -1, 12, -12] [-3, 3, 18, -3] [-37, 3, 4, -23] [8, 1, 16, 0] [-14, 10, 23, 1] [18, -2, -8, 0] [5, -8, -9, -12]
[-38, -16, 16, -24] [-4, 12, -10, -9] [-36, -4, 10, -2] [-35, 7, 16, 21] [40, 11, -2, -10] [-29, -19, 3, 1] [-15, 2, -2, 7]
[-8, 3, 23, 16] [-1, 24, -10, -3] [-9, -4, 42, -20] [-81, 20, 51, 8] [-44, -48, -21, 36] [-19, -18, -4, 0] [-35, -13, -19, 4]
[-5, 46, -5, -41] [7, 1, 27, -23] [-6, 47, 10, -103] [0, 0, 0, 0] [43, -107, 31, 8] [27, -2, 3, 13] [-1, -2, 21, 7]
[-15, -22, 7, -3] [14, -6, -20, -12] [-7, -15, -52, -44] [56, 29, -121, 19] [9, -8, -24, 28] [-6, 9, 3, 25] [-35, -71, -10, 21]
[20, 33, 5, 0] [-21, -3, -12, 6] [33, -14, 20, -12] [-9, 10, -24, -2] [13, -1, -29, -7] [2, -3, -23, -1] [42, 1, 5, 10]
[-24, -18, 11, 6] [-7, -3, -45, -6] [-14, 4, 26, -4] [-3, 17, -45, -4] [39, 11, -10, 29] [44, -18, -37, 22] [-13, 21, 25, -1]
Food (up, right, down, left):
[14, 16, -6, 27] [-12, 24, -3, -11] [28, -23, 14, 4] [-17, -14, 46, 15] [-7, 0, 47, -16] [-12, -26, -19, -23] [-50, 15, 15, -11]
[-65, 2, -40, -19] [-5, 2, -36, -2] [8, 16, 19, 37] [-19, 19, -48, 22] [20, 7, -5, -51] [53, 8, -51, 23] [13, 1, 30, 24]
[-22, 1, 30, -42] [10, 8, -14, 26] [-63, -23, -33, 21] [40, -41, 32, 15] [-13, -16, -27, -29] [6, 22, -41, -26] [34, 23, 8, 22]
[11, 22, 5, 47] [-11, -6, -30, 32] [9, 10, -40, -19] [0, 0, 0, 0] [-12, 63, -37, -7] [6, -27, -32, -20] [-16, 43, -16, 21]
[2, 17, -17, 16] [3, 24, 9, 34] [24, -9, 40, 17] [-14, -45, 11, -24] [9, -2, 15, -21] [3, 45, 20, 22] [-16, -18, 5, -12]
[0, -29, -11, 3] [12, 4, 11, -4] [8, 7, 5, 34] [-22, -23, 46, -23] [-48, -36, 10, -52] [-8, 60, 18, 13] [2, 36, 0, 33]
[10, 5, -23, -6] [2, 8, 9, -49] [23, 16, 13, -10] [-7, 11, 18, -41] [50, 34, -5, -15] [29, 34, 15, 0] [11, -16, 25, -27]
------------------------------
ALIVE
Head: (1 27)
Body: (1 27) (1 26) (25 26) (24 26) (23 26) (22 26) (21 26) 
Length: 7, 4
Vision: 3
Hungry, suplies: 3/10
Reproductive: 16, mutating: 0.25
Generation: 48024
####################################
Wall (up, right, down, left):
[-1, -1, 12, -12] [-3, 3, 18, -3] [-37, 3, 4, -23] [8, 1, 16, 0] [-14, 10, 23, 1] [18, -2, -8, 0] [5, -8, -9, -12]
[-38, -20, 16, -24] [-4, 12, -10, -9] [-36, -4, 10, -2] [-35, 7, 16, 21] [42, 11, -2, -10] [-29, -19, 3, 1] [-15, 2, -2, 7]
[-8, 3, 23, 16] [-1, 24, -10, -3] [-9, -4, 42, -20] [-81, 20, 51, 8] [-44, -48, -21, 36] [-19, -18, -4, 0] [-35, -13, -19, 4]
[-5, 46, -5, -41] [7, 1, 27, -23] [-6, 47, 10, -103] [0, 0, 0, 0] [43, -107, 31, 8] [27, -2, 3, 13] [-1, -2, 21, 7]
[-15, -22, 7, -3] [15, -6, -20, -12] [-7, -15, -52, -44] [56, 29, -121, 19] [9, -8, -24, 28] [-6, 9, 3, 25] [-35, -71, -10, 21]
[20, 33, 2, 0] [-21, -3, -12, 6] [33, -14, 20, -12] [-9, 10, -24, -2] [13, -1, -29, -7] [2, -3, -23, -1] [42, 1, 5, 10]
[-24, -18, 11, 6] [-7, -3, -45, -6] [-14, 4, 26, -4] [-3, 17, -45, -4] [39, 11, -10, 29] [44, -18, -37, 22] [-13, 21, 25, -1]
Food (up, right, down, left):
[14, 16, -6, 27] [-12, 24, -3, -11] [28, -23, 14, 4] [-17, -14, 46, 15] [-7, 0, 47, -16] [-12, -26, -19, -23] [-50, 15, 15, -11]
[-65, 2, -38, -19] [-5, 2, -36, -2] [8, 16, 19, 37] [-19, 19, -48, 22] [20, 7, -5, -49] [53, 8, -51, 23] [13, 1, 30, 24]
[-22, 1, 30, -42] [10, 8, -14, 26] [-63, -23, -33, 21] [40, -41, 32, 15] [-13, -16, -27, -29] [3, 22, -41, -26] [34, 23, 8, 22]
[11, 22, 5, 47] [-11, -6, -30, 32] [9, 10, -40, -19] [0, 0, 0, 0] [-12, 63, -37, -7] [6, -27, -32, -20] [-16, 43, -16, 21]
[2, 17, -17, 16] [3, 24, 14, 34] [24, -9, 40, 17] [-14, -45, 11, -24] [9, -2, 15, -21] [3, 45, 20, 22] [-16, -18, 5, -12]
[0, -34, -11, 3] [12, 4, 11, -4] [8, 7, 5, 34] [-22, -23, 46, -23] [-48, -36, 10, -52] [-8, 60, 18, 13] [2, 36, 0, 33]
[10, 5, -23, -6] [2, 8, 9, -49] [23, 16, 13, -10] [-7, 11, 18, -41] [50, 34, -5, -15] [29, 34, 15, 0] [11, -16, 25, -27]
------------------------------
ALIVE
Head: (8 0)
Body: (8 0) (8 1) (9 1) (9 2) (8 2) (8 3) (8 4) (9 4) 
Length: 8, 4
Vision: 3
Hungry, suplies: 6/10
Reproductive: 16, mutating: 0.25
Generation: 48024
####################################
Wall (up, right, down, left):
[-1, -1, 12, -12] [-3, 3, 18, -3] [-37, 3, 4, -23] [8, 1, 16, 0] [-14, 10, 23, 1] [18, -2, -8, 0] [5, -8, -9, -12]
[-38, -20, 16, -24] [-4, 12, -10, -9] [-36, -4, 10, -2] [-35, 7, 16, 21] [42, 11, -2, -10] [-29, -19, 3, 1] [-15, 2, -2, 7]
[-8, 3, 23, 16] [-1, 24, -10, -3] [-9, -4, 42, -20] [-81, 20, 51, 8] [-44, -48, -21, 36] [-19, -18, -4, 0] [-38, -13, -19, 4]
[-5, 46, -5, -41] [7, 1, 27, -23] [-6, 47, 10, -103] [0, 0, 0, 0] [43, -107, 31, 8] [27, -2, 3, 13] [-1, -2, 21, 7]
[-15, -22, 7, -3] [14, -6, -20, -12] [-7, -15, -52, -44] [56, 29, -121, 19] [9, -8, -24, 28] [-6, 9, 3, 25] [-35, -71, -10, 21]
[20, 33, 5, 0] [-21, -3, -12, 6] [33, -14, 20, -12] [-9, 10, -24, -2] [13, -1, -29, -7] [2, -3, -23, -1] [42, 1, 5, 10]
[-24, -18, 11, 6] [-7, -3, -45, -6] [-14, 4, 26, -4] [-3, 17, -45, -4] [39, 11, -10, 29] [44, -18, -37, 22] [-13, 21, 25, -1]
Food (up, right, down, left):
[14, 16, -6, 27] [-12, 24, -3, -11] [28, -23, 14, 4] [-17, -14, 46, 15] [-7, 0, 47, -16] [-12, -26, -19, -23] [-50, 15, 15, -11]
[-65, 2, -38, -19] [-5, 2, -36, -2] [8, 16, 19, 37] [-19, 19, -48, 22] [20, 7, -5, -49] [53, 8, -51, 23] [13, 1, 30, 24]
[-22, 1, 30, -42] [10, 8, -14, 26] [-63, -23, -33, 21] [40, -41, 32, 15] [-13, -16, -27, -29] [6, 22, -41, -26] [39, 23, 8, 22]
[11, 22, 5, 47] [-11, -6, -30, 32] [9, 10, -40, -19] [0, 0, 0, 0] [-12, 63, -37, -7] [6, -27, -32, -20] [-16, 43, -16, 21]
[2, 17, -17, 16] [3, 24, 9, 34] [24, -9, 40, 17] [-14, -45, 11, -24] [9, -2, 15, -21] [3, 45, 20, 22] [-16, -18, 5, -12]
[0, -29, -11, 3] [12, 4, 11, -4] [8, 7, 5, 34] [-22, -23, 46, -23] [-48, -36, 10, -52] [-8, 60, 18, 13] [2, 36, 0, 33]
[10, 5, -23, -6] [2, 8, 9, -49] [23, 16, 13, -10] [-7, 11, 18, -41] [50, 34, -5, -15] [29, 34, 15, 0] [11, -16, 25, -27]
------------------------------
ALIVE
Head: (20 49)
Body: (20 49) (20 50) (19 50) (19 51) (18 51) (18 52) 
Length: 6, 4
Vision: 3
Hungry, suplies: 2/10
Reproductive: 16, mutating: 0.25
Generation: 48022
####################################
Wall (up, right, down, left):
[-1, -1, 12, -12] [-3, 3, 18, -1] [-37, 3, 4, -23] [8, 1, 16, 0] [-14, 10, 23, 1] [18, -2, -8, 0] [5, -8, -9, -12]
[-38, -20, 16, -24] [-4, 12, -10, -9] [-36, -4, 10, -2] [-35, 7, 16, 21] [42, 11, -2, -10] [-29, -19, 3, 1] [-15, 2, -2, 7]
[-8, 3, 23, 16] [-1, 28, -10, -3] [-9, -4, 42, -20] [-81, 20, 51, 8] [-44, -45, -21, 36] [-19, -18, -4, 0] [-38, -13, -20, 4]
[-5, 46, -5, -41] [7, 1, 27, -23] [-6, 47, 10, -103] [0, 0, 0, 0] [43, -107, 31, 8] [27, -1, 3, 13] [-1, -2, 21, 7]
[-15, -22, 7, -3] [14, -6, -20, -12] [-7, -15, -52, -44] [56, 29, -121, 19] [9, -8, -24, 28] [-6, 9, 3, 25] [-35, -71, -10, 21]
[20, 33, 5, 0] [-21, -3, -12, 6] [33, -14, 20, -12] [-9, 10, -24, -2] [13, -1, -29, -7] [2, -6, -23, -1] [42, 1, 10, 10]
[-24, -18, 11, 6] [-7, -3, -45, -6] [-14, 4, 26, -4] [-3, 17, -45, -4] [39, 11, -9, 29] [44, -18, -37, 22] [-13, 21, 25, -1]
Food (up, right, down, left):
[14, 16, -6, 27] [-12, 23, -3, -11] [28, -23, 14, 4] [-17, -14, 46, 15] [-7, 0, 47, -16] [-12, -26, -19, -23] [-50, 15, 15, -11]
[-65, 2, -38, -19] [-5, 2, -36, -2] [8, 16, 19, 37] [-19, 19, -48, 22] [20, 7, -5, -49] [53, 8, -51, 23] [13, 1, 30, 24]
[-22, 1, 30, -42] [9, 8, -14, 26] [-63, -23, -33, 21] [40, -41, 32, 15] [-13, -12, -27, -29] [6, 22, -41, -26] [39, 20, 8, 22]
[11, 22, 5, 47] [-11, -6, -30, 32] [9, 10, -40, -19] [0, 0, 0, 0] [-12, 63, -37, -7] [6, -28, -32, -20] [-16, 43, -16, 24]
[2, 17, -17, 16] [3, 24, 9, 34] [24, -9, 40, 17] [-14, -45, 11, -24] [9, -2, 15, -21] [3, 45, 20, 22] [-16, -18, 5, -12]
[0, -29, -11, 3] [12, 4, 11, -4] [8, 7, 5, 34] [-22, -23, 46, -23] [-48, -36, 10, -52] [-13, 60, 18, 13] [2, 36, 0, 35]
[10, 5, -23, -6] [2, 8, 9, -49] [23, 16, 13, -10] [-7, 11, 18, -41] [50, 37, -5, -15] [29, 34, 15, 0] [11, -16, 25, -27]
------------------------------
ALIVE
Head: (18 9)
Body: (18 9) (17 9) (16 9) (15 9) (15 8) (14 8) (13 8) (13 7) (13 6) (13 5) (13 4) (13 3) (13 2) 
Length: 13, 4
Vision: 3
Hungry, suplies: 5/10
Reproductive: 16, mutating: 0.25
Generation: 48022
####################################
Wall (up, right, down, left):
[-1, -1, 12, -12] [-3, 3, 18, -1] [-37, 3, 4, -23] [8, 1, 16, 0] [-14, 10, 23, 1] [18, -2, -8, 0] [5, -8, -9, -12]
[-38, -20, 16, -24] [-4, 12, -10, -9] [-36, -4, 10, -2] [-35, 7, 16, 21] [42, 11, -2, -10] [-29, -19, 3, 1] [-15, 2, -2, 7]
[-8, 3, 23, 16] [-1, 24, -10, -3] [-9, -4, 42, -20] [-81, 20, 51, 8] [-44, -45, -21, 36] [-19, -18, -4, 0] [-38, -13, -19, 4]
[-5, 46, -5, -41] [7, 1, 27, -23] [-6, 47, 10, -103] [0, 0, 0, 0] [43, -107, 31, 8] [27, -1, 3, 13] [-1, -2, 21, 7]
[-15, -22, 7, -3] [14, -6, -20, -12] [-7, -15, -52, -44] [56, 29, -121, 19] [9, -8, -24, 28] [-6, 9, 3, 25] [-35, -71, -10, 21]
[20, 33, 5, 0] [-21, -3, -12, 6] [33, -14, 20, -12] [-9, 10, -24, -2] [13, -1, -29, -7] [2, -6, -23, -1] [42, 1, 5, 10]
[-24, -18, 11, 6] [-7, -3, -45, -6] [-14, 4, 26, -4] [-3, 17, -45, -4] [39, 11, -9, 29] [44, -18, -37, 22] [-13, 21, 25, -1]
Food (up, right, down, left):
[14, 16, -6, 27] [-12, 23, -3, -11] [28, -23, 14, 4] [-17, -14, 46, 15] [-7, 0, 47, -16] [-12, -26, -19, -23] [-50, 15, 15, -11]
[-65, 2, -38, -19] [-5, 2, -36, -2] [8, 16, 19, 37] [-19, 19, -48, 22] [20, 7, -5, -49] [53, 8, -51, 23] [13, 1, 30, 24]
[-22, 1, 30, -42] [10, 8, -14, 26] [-63, -23, -33, 21] [40, -41, 32, 15] [-13, -12, -27, -29] [6, 22, -41, -26] [39, 23, 8, 22]
[11, 22, 5, 47] [-11, -6, -30, 32] [9, 10, -40, -19] [0, 0, 0, 0] [-12, 63, -37, -7] [6, -28, -32, -20] [-16, 43, -16, 24]
[2, 17, -17, 16] [3, 24, 9, 34] [24, -9, 40, 17] [-14, -45, 11, -24] [9, -2, 15, -21] [3, 45, 20, 22] [-16, -18, 5, -12]
[0, -29, -11, 3] [12, 4, 11, -4] [8, 7, 5, 34] [-22, -23, 46, -23] [-48, -36, 10, -52] [-13, 60, 18, 13] [2, 36, 0, 33]
[10, 5, -23, -6] [2, 8, 9, -49] [23, 16, 13, -10] [-7, 11, 18, -41] [50, 37, -5, -15] [29, 34, 15, 0] [11, -16, 25, -27]
------------------------------
ALIVE
Head: (2 46)
Body: (2 46) (1 46) (0 46) (0 45) (0 44) (0 43) (0 42) (1 42) (2 42) (2 41) (2 40) (2 39) (1 39) 
Length: 13, 4
Vision: 3
Hungry, suplies: 7/10
Reproductive: 16, mutating: 0.25
Generation: 48019
####################################
Wall (up, right, down, left):
[-1, -1, 12, -9] [-3, 3, 18, -3] [-37, 3, 4, -23] [8, 1, 16, 0] [-14, 10, 23, 1] [18, -2, -8, 0] [5, -8, -9, -12]
[-38, -20, 16, -24] [-4, 12, -10, -9] [-36, -4, 10, -2] [-35, 7, 16, 21] [42, 11, -2, -10] [-29, -19, 3, 1] [-15, 2, -2, 7]
[-8, 3, 23, 16] [-1, 24, -10, -3] [-9, -4, 42, -20] [-81, 20, 51, 8] [-44, -45, -16, 36] [-22, -18, -4, 0] [-38, -13, -19, 4]
[-5, 46, -5, -41] [7, 1, 27, -23] [-6, 47, 10, -103] [0, 0, 0, 0] [43, -107, 31, 8] [27, -1, 3, 13] [-1, -2, 21, 6]
[-15, -23, 7, -3] [14, -6, -20, -15] [-7, -15, -52, -44] [56, 29, -121, 19] [9, -8, -24, 28] [-6, 9, 3, 25] [-35, -71, -10, 21]
[20, 33, 5, 0] [-21, -3, -12, 6] [33, -14, 20, -12] [-9, 10, -24, -2] [13, -1, -29, -7] [2, -6, -23, -1] [42, 1, 5, 10]
[-24, -18, 11, 6] [-7, -3, -45, -6] [-14, 4, 26, -4] [-3, 17, -45, -4] [39, 11, -10, 29] [44, -18, -41, 22] [-9, 21, 25, -1]
Food (up, right, down, left):
[14, 17, -6, 27] [-12, 24, -3, -11] [28, -23, 14, 4] [-17, -14, 51, 15] [-7, 0, 47, -16] [-12, -26, -19, -23] [-50, 15, 15, -11]
[-65, 2, -38, -19] [-5, 2, -36, -2] [8, 16, 19, 37] [-19, 19, -48, 22] [20, 7, -5, -49] [53, 8, -51, 23] [13, 1, 30, 24]
[-22, 1, 30, -42] [10, 8, -14, 26] [-63, -23, -33, 21] [40, -41, 32, 15] [-13, -8, -27, -29] [6, 22, -45, -26] [39, 23, 8, 22]
[11, 22, 5, 47] [-11, -6, -30, 32] [9, 10, -40, -19] [0, 0, 0, 0] [-12, 63, -37, -7] [6, -28, -32, -20] [-17, 43, -16, 21]
[2, 17, -17, 21] [0, 24, 9, 34] [24, -9, 40, 17] [-14, -45, 11, -24] [9, -2, 15, -21] [3, 45, 20, 22] [-16, -18, 5, -12]
[0, -29, -11, 3] [12, 4, 11, -4] [8, 7, 5, 34] [-22, -23, 46, -23] [-48, -36, 10, -52] [-13, 60, 18, 13] [2, 36, 0, 33]
[10, 5, -23, -6] [2, 8, 9, -49] [23, 16, 13, -10] [-7, 11, 19, -41] [50, 34, -5, -15] [29, 34, 13, 2] [11, -16, 21, -27]
------------------------------
ALIVE
Head: (22 50)
Body: (22 50) (22 49) (21 49) (21 48) (21 47) (21 46) (20 46) (19 46) (18 46) (18 45) 
Length: 10, 4
Vision: 3
Hungry, suplies: 9/10
Reproductive: 16, mutating: 0.25
Generation: 48014
####################################
Wall (up, right, down, left):
[-1, -1, 12, -12] [-3, 3, 18, -3] [-37, 3, 4, -23] [8, 1, 16, 0] [-14, 10, 23, 1] [18, -2, -8, 0] [5, -8, -9, -12]
[-38, -16, 16, -24] [-4, 12, -10, -9] [-36, -4, 10, -2] [-35, 7, 16, 21] [40, 11, -2, -10] [-29, -19, 3, 1] [-15, 2, -2, 7]
[-8, 3, 23, 16] [-1, 24, -10, -3] [-9, -4, 42, -20] [-81, 20, 51, 8] [-44, -48, -21, 36] [-19, -18, -4, 0] [-35, -13, -19, 4]
[-5, 46, -5, -41] [7, 1, 27, -23] [-6, 47, 10, -103] [0, 0, 0, 0] [43, -107, 31, 8] [27, -2, 3, 13] [-1, -2, 21, 7]
[-15, -22, 7, -3] [14, -6, -20, -12] [-7, -15, -52, -44] [56, 29, -121, 19] [9, -8, -24, 28] [-6, 9, 3, 25] [-35, -71, -10, 21]
[20, 33, 5, 0] [-21, -3, -12, 6] [33, -14, 20, -12] [-9, 10, -24, -2] [13, -1, -29, -7] [2, -3, -23, -1] [42, 1, 5, 10]
[-24, -18, 11, 6] [-7, -3, -45, -6] [-14, 4, 26, -4] [-3, 17, -45, -4] [39, 11, -10, 29] [44, -18, -37, 22] [-13, 21, 25, -1]
Food (up, right, down, left):
[14, 16, -6, 27] [-12, 24, -3, -11] [28, -23, 14, 4] [-17, -14, 46, 15] [-7, 0, 47, -16] [-12, -26, -19, -23] [-50, 15, 15, -11]
[-65, 2, -40, -19] [-5, 2, -36, -2] [8, 16, 19, 37] [-19, 19, -48, 22] [20, 7, -5, -51] [53, 8, -51, 23] [13, 1, 30, 24]
[-22, 1, 30, -42] [10, 8, -14, 26] [-63, -23, -33, 21] [40, -41, 32, 15] [-13, -16, -27, -29] [6, 22, -41, -26] [34, 23, 8, 22]
[11, 22, 5, 47] [-11, -6, -30, 32] [9, 10, -40, -19] [0, 0, 0, 0] [-12, 63, -37, -7] [6, -27, -32, -20] [-16, 43, -16, 21]
[2, 17, -17, 16] [3, 24, 9, 34] [24, -9, 40, 17] [-14, -45, 11, -24] [9, -2, 15, -21] [3, 45, 20, 22] [-16, -18, 5, -12]
[0, -29, -11, 3] [12, 4, 11, -4] [8, 7, 5, 34] [-22, -23, 46, -23] [-48, -36, 10, -52] [-8, 60, 18, 13] [2, 36, 0, 33]
[10, 5, -23, -6] [2, 8, 9, -49] [23, 16, 13, -10] [-7, 11, 18, -41] [50, 34, -5, -15] [29, 34, 15, 0] [11, -16, 25, -27]
------------------------------
ALIVE
Head: (10 3)
Body: (10 3) (10 2) (10 1) (10 57) (10 56) (10 55) (10 54) (10 53) 
Length: 8, 4
Vision: 3
Hungry, suplies: 4/10
Reproductive: 16, mutating: 0.25
Generation: 48025
####################################
Wall (up, right, down, left):
[-1, -1, 12, -9] [-3, 3, 18, -3] [-37, 3, 4, -23] [8, 1, 16, 0] [-14, 10, 23, 1] [18, -2, -8, 0] [5, -8, -9, -12]
[-38, -20, 16, -24] [-4, 12, -10, -9] [-36, -4, 10, -2] [-35, 7, 16, 21] [42, 11, -2, -10] [-29, -19, 3, -4] [-15, 2, -2, 7]
[-8, 3, 23, 16] [-1, 24, -10, -3] [-9, -4, 42, -20] [-81, 20, 51, 8] [-44, -45, -16, 36] [-22, -18, -4, 0] [-38, -13, -19, 4]
[-5, 46, -5, -41] [7, 1, 27, -23] [-6, 47, 10, -103] [0, 0, 0, 0] [43, -107, 31, 8] [27, -1, 3, 13] [-1, -2, 21, 6]
[-15, -23, 7, -3] [14, -6, -20, -15] [-7, -15, -52, -44] [56, 29, -121, 19] [9, -8, -24, 28] [-6, 9, 3, 25] [-35, -71, -10, 21]
[20, 33, 5, 0] [-21, -3, -12, 6] [33, -14, 20, -12] [-9, 10, -24, -2] [13, -1, -29, -7] [2, -6, -23, -1] [42, 1, 5, 10]
[-24, -18, 11, 6] [-7, -3, -45, -6] [-14, 4, 26, -4] [-3, 17, -45, -4] [39, 11, -10, 29] [44, -18, -41, 22] [-9, 21, 25, -1]
Food (up, right, down, left):
[14, 17, -6, 27] [-12, 24, -3, -11] [28, -23, 14, 4] [-17, -14, 51, 15] [-7, 0, 47, -16] [-12, -26, -19, -23] [-50, 15, 15, -11]
[-65, 2, -38, -19] [-5, 2, -36, -2] [8, 16, 19, 37] [-19, 19, -48, 22] [20, 7, -5, -49] [53, 6, -51, 23] [13, 1, 30, 24]
[-22, 1, 30, -42] [10, 8, -14, 26] [-63, -23, -33, 21] [40, -41, 32, 15] [-13, -8, -27, -29] [6, 22, -45, -26] [39, 23, 8, 22]
[11, 22, 5, 47] [-11, -6, -30, 32] [9, 10, -40, -19] [0, 0, 0, 0] [-12, 63, -37, -7] [6, -28, -32, -20] [-17, 43, -16, 21]
[2, 17, -17, 21] [0, 24, 9, 34] [24, -9, 40, 17] [-14, -45, 11, -24] [9, -2, 15, -21] [3, 45, 20, 22] [-16, -18, 5, -12]
[0, -29, -11, 3] [12, 4, 11, -4] [8, 7, 5, 34] [-22, -23, 46, -23] [-48, -36, 10, -52] [-13, 60, 18, 13] [2, 36, 0, 33]
[10, 5, -23, -6] [2, 8, 9, -49] [23, 16, 13, -10] [-7, 11, 19, -41] [50, 34, -5, -15] [29, 34, 13, 2] [11, -16, 21, -27]
------------------------------
ALIVE
Head: (20 40)
Body: (20 40) (19 40) (18 40) (17 40) (16 40) (16 39) (16 38) (16 37) (16 36) (16 35) (16 34) (15 34) (14 34) (13 34) (12 34) 
Length: 15, 4
Vision: 3
Hungry, suplies: 8/10
Reproductive: 16, mutating: 0.25
Generation: 48015
####################################
Wall (up, right, down, left):
[-1, -1, 12, -12] [-3, 3, 18, -3] [-37, 3, 4, -23] [8, 1, 16, 0] [-14, 10, 23, 1] [18, -2, -8, 0] [5, -8, -9, -12]
[-38, -20, 16, -24] [-4, 12, -10, -9] [-36, -4, 10, -2] [-35, 7, 16, 21] [40, 11, -2, -10] [-29, -19, 3, 1] [-15, 2, -2, 7]
[-8, 3, 23, 16] [-1, 24, -10, -3] [-9, -4, 42, -20] [-81, 20, 51, 8] [-44, -52, -21, 36] [-19, -18, -4, 0] [-35, -13, -19, 4]
[-5, 46, -5, -41] [7, 1, 27, -23] [-6, 47, 10, -103] [0, 0, 0, 0] [43, -107, 31, 8] [27, -2, 3, 13] [-1, -2, 21, 7]
[-15, -22, 7, -3] [14, -6, -20, -12] [-7, -15, -52, -44] [56, 29, -121, 19] [9, -8, -24, 28] [-6, 9, 3, 25] [-35, -71, -10, 21]
[20, 33, 5, 0] [-21, -3, -12, 6] [33, -14, 20, -12] [-9, 10, -24, -2] [13, -1, -29, -7] [2, -3, -23, -1] [42, 1, 5, 10]
[-24, -18, 11, 6] [-7, -3, -45, -6] [-14, 4, 26, -4] [-3, 17, -45, -4] [39, 11, -10, 29] [44, -18, -37, 22] [-13, 21, 25, -1]
Food (up, right, down, left):
[14, 16, -6, 27] [-12, 24, -3, -11] [28, -23, 14, 4] [-17, -14, 46, 15] [-7, 0, 47, -16] [-12, -26, -19, -23] [-50, 15, 15, -11]
[-65, 2, -38, -19] [-5, 2, -36, -2] [8, 16, 19, 37] [-19, 19, -48, 22] [20, 7, -5, -51] [53, 8, -51, 23] [13, 1, 30, 24]
[-22, 1, 30, -42] [10, 8, -14, 26] [-63, -23, -33, 21] [40, -41, 32, 15] [-13, -16, -27, -29] [6, 22, -41, -26] [34, 23, 8, 22]
[11, 22, 5, 47] [-11, -6, -30, 32] [9, 10, -40, -19] [0, 0, 0, 0] [-12, 63, -37, -7] [6, -27, -32, -20] [-16, 43, -16, 21]
[2, 17, -17, 16] [3, 24, 9, 34] [24, -9, 40, 17] [-14, -45, 11, -24] [9, -2, 15, -21] [3, 45, 20, 22] [-16, -18, 5, -12]
[0, -29, -11, 3] [12, 4, 11, -4] [8, 7, 5, 34] [-22, -23, 46, -23] [-48, -36, 10, -52] [-8, 60, 18, 13] [2, 36, 0, 33]
[10, 5, -23, -6] [2, 8, 9, -49] [23, 16, 13, -10] [-7, 11, 18, -41] [50, 34, -5, -15] [29, 34, 15, 0] [11, -16, 25, -27]
------------------------------
ALIVE
Head: (13 15)
Body: (13 15) (13 14) (12 14) (11 14) (10 14) (9 14) (8 14) (7 14) 
Length: 8, 4
Vision: 3
Hungry, suplies: 4/10
Reproductive: 16, mutating: 0.25
Generation: 48024
####################################
Wall (up, right, down, left):
[-1, -1, 12, -9] [-3, 3, 18, -3] [-37, 3, 4, -23] [8, 1, 16, 0] [-14, 10, 23, 1] [18, -2, -8, 0] [5, -8, -9, -12]
[-38, -20, 16, -24] [-4, 12, -10, -9] [-36, -4, 10, -2] [-35, 7, 16, 21] [42, 11, -2, -10] [-29, -19, 3, 1] [-15, 2, -2, 7]
[-8, 3, 23, 16] [-1, 24, -10, -3] [-9, -4, 42, -20] [-81, 23, 51, 8] [-44, -45, -16, 36] [-22, -18, -4, 0] [-38, -13, -19, 4]
[-5, 46, -5, -41] [7, 1, 27, -23] [-6, 47, 10, -103] [0, 0, 0, 0] [43, -107, 28, 8] [27, -1, 3, 13] [-1, -2, 21, 6]
[-15, -23, 7, -3] [14, -6, -20, -15] [-7, -15, -52, -44] [56, 29, -121, 19] [9, -8, -24, 28] [-6, 9, 3, 25] [-35, -71, -10, 21]
[20, 33, 5, 0] [-21, -3, -12, 6] [33, -14, 20, -12] [-9, 10, -24, -2] [13, -1, -29, -7] [2, -6, -23, -1] [42, 1, 5, 10]
[-24, -18, 11, 6] [-7, -3, -45, -6] [-14, 4, 26, -4] [-3, 17, -45, -4] [39, 11, -10, 29] [44, -18, -41, 22] [-9, 21, 25, -1]
Food (up, right, down, left):
[14, 17, -6, 27] [-12, 24, -3, -11] [28, -23, 14, 4] [-17, -14, 51, 15] [-7, 0, 47, -16] [-12, -26, -19, -23] [-50, 15, 15, -11]
[-65, 2, -38, -19] [-5, 2, -36, -2] [8, 16, 19, 37] [-19, 19, -48, 22] [20, 7, -5, -49] [53, 8, -51, 23] [13, 1, 30, 24]
[-22, 1, 30, -42] [10, 8, -14, 26] [-63, -23, -33, 21] [40, -40, 32, 15] [-13, -8, -27, -29] [6, 22, -45, -26] [39, 23, 8, 22]
[11, 22, 5, 47] [-11, -6, -30, 32] [9, 10, -40, -19] [0, 0, 0, 0] [-12, 63, -39, -7] [6, -28, -32, -20] [-17, 43, -16, 21]
[2, 17, -17, 21] [0, 24, 9, 34] [24, -9, 40, 17] [-14, -45, 11, -24] [9, -2, 15, -21] [3, 45, 20, 22] [-16, -18, 5, -12]
[0, -29, -11, 3] [12, 4, 11, -4] [8, 7, 5, 34] [-22, -23, 46, -23] [-48, -36, 10, -52] [-13, 60, 18, 13] [2, 36, 0, 33]
[10, 5, -23, -6] [2, 8, 9, -49] [23, 16, 13, -10] [-7, 11, 19, -41] [50, 34, -5, -15] [29, 34, 13, 2] [11, -16, 21, -27]
------------------------------
ALIVE
Head: (22 12)
Body: (22 12) (21 12) (20 12) (19 12) (18 12) (17 12) (17 11) (16 11) (15 11) (14 11) (13 11) (13 10) (12 10) (11 10) (10 10) 
Length: 15, 4
Vision: 3
Hungry, suplies: 9/10
Reproductive: 16, mutating: 0.25
Generation: 48018
####################################
Wall (up, right, down, left):
[-1, -1, 12, -9] [-3, 3, 18, -3] [-37, 3, 4, -23] [8, 1, 16, 0] [-14, 10, 23, 1] [18, -2, -8, 0] [5, -8, -9, -12]
[-38, -20, 16, -24] [-4, 12, -10, -9] [-36, -4, 10, -2] [-35, 7, 16, 21] [42, 11, -2, -10] [-29, -19, 3, 1] [-15, 2, -2, 7]
[-8, 3, 23, 16] [-1, 24, -10, -3] [-9, -4, 42, -20] [-81, 20, 51, 8] [-44, -45, -16, 36] [-22, -18, -4, 0] [-38, -13, -19, 4]
[-5, 46, -5, -41] [7, 1, 27, -23] [-6, 47, 10, -103] [0, 0, 0, 0] [43, -107, 31, 8] [27, -1, 3, 13] [-1, -2, 21, 6]
[-15, -23, 7, -3] [14, -6, -20, -15] [-7, -15, -52, -44] [56, 29, -121, 19] [9, -8, -24, 28] [-6, 9, 3, 25] [-35, -71, -10, 21]
[20, 33, 5, 0] [-21, -3, -12, 6] [33, -14, 20, -12] [-9, 10, -24, -2] [13, -1, -29, -7] [2, -6, -23, -1] [42, 1, 5, 10]
[-24, -18, 11, 6] [-7, -3, -45, -6] [-14, 4, 26, -4] [-3, 17, -45, -4] [39, 11, -10, 29] [44, -18, -41, 22] [-9, 21, 25, -1]
Food (up, right, down, left):
[14, 17, -6, 27] [-12, 24, -3, -11] [28, -23, 14, 4] [-17, -14, 51, 15] [-7, 0, 47, -16] [-12, -26, -19, -23] [-50, 15, 15, -11]
[-65, 2, -38, -19] [-5, 2, -36, -2] [8, 16, 19, 37] [-19, 19, -48, 22] [20, 7, -5, -49] [53, 8, -51, 23] [13, 1, 30, 24]
[-22, 1, 30, -42] [10, 8, -14, 26] [-63, -23, -33, 21] [40, -41, 32, 15] [-13, -8, -27, -29] [6, 22, -45, -26] [39, 23, 8, 22]
[11, 22, 5, 47] [-11, -6, -30, 32] [9, 10, -40, -19] [0, 0, 0, 0] [-12, 63, -37, -7] [6, -28, -32, -20] [-17, 43, -16, 21]
[2, 17, -17, 21] [0, 24, 9, 34] [24, -9, 40, 17] [-14, -45, 11, -24] [9, -2, 15, -21] [3, 45, 20, 22] [-16, -18, 5, -12]
[0, -29, -11, 3] [12, 4, 11, -4] [8, 7, 5, 34] [-22, -23, 46, -23] [-48, -36, 10, -52] [-13, 60, 18, 13] [2, 36, 0, 33]
[10, 5, -23, -6] [2, 8, 9, -49] [23, 16, 13, -10] [-7, 11, 19, -41] [50, 34, -5, -15] [29, 34, 13, 2] [11, -16, 21, -27]
------------------------------
ALIVE
Head: (11 35)
Body: (11 35) (10 35) (10 34) (10 33) (10 32) (10 31) (10 30) (9 30) (9 29) (8 29) (7 29) (7 28) (7 27) (8 27) (8 26) 
Length: 15, 4
Vision: 3
Hungry, suplies: 10/10
Reproductive: 16, mutating: 0.25
Generation: 48015
####################################
Wall (up, right, down, left):
[-1, -1, 12, -9] [-3, 3, 18, -3] [-37, 3, 4, -23] [8, 1, 16, 0] [-14, 10, 23, 1] [18, -2, -8, 0] [5, -8, -9, -12]
[-38, -20, 16, -24] [-4, 12, -10, -9] [-36, -4, 10, -2] [-35, 7, 16, 21] [42, 11, -2, -10] [-29, -19, 3, 1] [-15, 2, -2, 7]
[-8, 3, 23, 16] [-1, 24, -10, -3] [-9, -4, 42, -20] [-81, 20, 51, 8] [-44, -45, -16, 36] [-22, -18, -4, 0] [-38, -13, -19, 4]
[-5, 46, -5, -41] [7, 1, 27, -23] [-6, 47, 10, -103] [0, 0, 0, 0] [43, -107, 31, 8] [27, -1, 3, 13] [-1, -2, 21, 6]
[-15, -23, 7, -3] [14, -6, -20, -15] [-7, -15, -52, -44] [56, 29, -121, 19] [9, -8, -24, 28] [-6, 9, 3, 25] [-35, -71, -10, 21]
[20, 33, 5, 0] [-21, -3, -12, 6] [33, -14, 20, -12] [-9, 10, -24, -2] [13, -1, -29, -7] [2, -6, -23, -1] [42, 1, 5, 10]
[-24, -18, 11, 6] [-7, -3, -45, -6] [-14, 4, 26, -4] [-3, 17, -45, -4] [39, 11, -10, 29] [44, -18, -41, 22] [-9, 21, 25, -1]
Food (up, right, down, left):
[14, 17, -6, 27] [-12, 24, -3, -11] [28, -23, 14, 4] [-17, -14, 51, 15] [-7, 0, 47, -16] [-12, -26, -19, -23] [-50, 15, 15, -11]
[-65, 2, -38, -19] [-5, 2, -36, -2] [8, 16, 19, 37] [-19, 19, -48, 22] [20, 7, -5, -49] [53, 8, -51, 23] [13, 1, 30, 24]
[-22, 1, 30, -42] [10, 8, -14, 26] [-63, -23, -33, 21] [40, -41, 32, 15] [-13, -8, -27, -29] [6, 22, -45, -26] [39, 23, 8, 22]
[11, 22, 5, 47] [-11, -6, -30, 32] [9, 10, -40, -19] [0, 0, 0, 0] [-12, 63, -37, -7] [6, -28, -32, -20] [-17, 43, -16, 21]
[2, 17, -17, 21] [0, 24, 9, 34] [24, -9, 40, 17] [-14, -45, 11, -24] [9, -2, 15, -21] [3, 45, 20, 22] [-16, -18, 5, -12]
[0, -29, -11, 3] [12, 4, 11, -4] [8, 7, 5, 34] [-22, -23, 46, -23] [-48, -36, 10, -52] [-13, 60, 18, 13] [2, 36, 0, 33]
[10, 5, -23, -6] [2, 8, 9, -49] [23, 16, 13, -10] [-7, 11, 19, -41] [50, 34, -5, -15] [29, 34, 13, 2] [11, -16, 21, -27]
------------------------------
ALIVE
Head: (16 0)
Body: (16 57) (16 56) (16 55) (16 54) (17 54) (17 55) (18 55) (19 55) (20 55) 
Length: 9, 4
Vision: 3
Hungry, suplies: 4/10
Reproductive: 16, mutating: 0.25
Generation: 48016
####################################
Wall (up, right, down, left):
[-1, -1, 12, -9] [-3, 3, 18, -3] [-37, 3, 4, -23] [8, 1, 16, 0] [-14, 10, 23, 1] [18, -2, -8, 0] [5, -8, -9, -12]
[-38, -20, 16, -24] [-4, 12, -10, -9] [-36, -4, 10, -2] [-35, 7, 16, 21] [42, 11, -2, -10] [-29, -19, 3, 1] [-15, 2, -2, 7]
[-8, 3, 23, 16] [-1, 24, -10, -3] [-9, -4, 42, -20] [-81, 20, 51, 8] [-44, -45, -16, 36] [-22, -18, -4, 0] [-38, -13, -19, 4]
[-5, 46, -5, -41] [7, 1, 27, -23] [-6, 47, 10, -103] [0, 0, 0, 0] [43, -107, 31, 8] [27, -1, 3, 13] [-1, -2, 21, 6]
[-15, -23, 7, -3] [14, -6, -20, -15] [-7, -15, -52, -44] [56, 29, -121, 19] [9, -8, -24, 28] [-6, 9, 3, 25] [-35, -71, -10, 21]
[20, 33, 5, 0] [-21, -3, -12, 6] [33, -14, 20, -12] [-9, 10, -24, -2] [13, -1, -29, -7] [2, -6, -23, -1] [42, 1, 5, 10]
[-24, -18, 11, 6] [-7, -3, -45, -6] [-14, 4, 26, -4] [-3, 17, -45, -4] [39, 11, -10, 29] [44, -18, -36, 22] [-9, 21, 25, -1]
Food (up, right, down, left):
[14, 17, -6, 27] [-12, 24, -3, -11] [28, -23, 14, 4] [-17, -14, 51, 15] [-7, 0, 47, -16] [-12, -26, -19, -23] [-50, 15, 15, -11]
[-65, 2, -38, -19] [-5, 2, -36, -2] [8, 16, 19, 37] [-19, 19, -48, 22] [20, 7, -5, -49] [53, 8, -51, 23] [13, 1, 30, 24]
[-22, 1, 30, -42] [10, 8, -14, 26] [-63, -23, -33, 21] [40, -41, 32, 15] [-13, -8, -27, -29] [6, 22, -45, -26] [39, 23, 8, 22]
[11, 22, 5, 47] [-11, -6, -30, 32] [9, 10, -40, -19] [0, 0, 0, 0] [-12, 63, -37, -7] [6, -28, -32, -20] [-17, 43, -16, 21]
[2, 17, -17, 21] [0, 24, 9, 34] [24, -9, 40, 17] [-14, -45, 11, -24] [9, -2, 15, -21] [3, 45, 20, 22] [-16, -18, 5, -12]
[0, -29, -11, 3] [12, 4, 11, -4] [8, 7, 5, 34] [-22, -23, 46, -23] [-48, -36, 10, -52] [-13, 60, 18, 13] [2, 36, 0, 33]
[10, 5, -23, -6] [2, 8, 9, -49] [23, 16, 13, -10] [-7, 11, 19, -41] [50, 34, -5, -15] [29, 34, 13, 2] [11, -16, 21, -27]
------------------------------
ALIVE
Head: (11 16)
Body: (11 16) (11 15) (10 15) (9 15) (8 15) (7 15) (6 15) (5 15) (5 14) (4 14) (4 13) (4 12) 
Length: 12, 4
Vision: 3
Hungry, suplies: 10/10
Reproductive: 16, mutating: 0.25
Generation: 48020
####################################
Wall (up, right, down, left):
[-1, -1, 12, -12] [-3, 3, 18, -1] [-37, 3, 4, -23] [8, 1, 16, 0] [-14, 10, 23, 1] [18, -2, -8, 0] [5, -8, -9, -12]
[-38, -20, 16, -24] [-4, 12, -10, -9] [-36, -4, 10, -2] [-35, 7, 16, 21] [42, 11, -2, -10] [-29, -19, 3, 1] [-15, 2, -2, 7]
[-8, 3, 23, 16] [-1, 24, -10, -3] [-9, -4, 42, -20] [-81, 20, 51, 8] [-44, -45, -21, 36] [-19, -18, -4, 0] [-38, -13, -19, 4]
[-5, 46, -5, -41] [7, 1, 27, -23] [-6, 47, 10, -103] [0, 0, 0, 0] [43, -107, 31, 8] [27, -1, 3, 13] [-1, -2, 21, 7]
[-15, -22, 7, -3] [14, -6, -20, -12] [-7, -15, -52, -44] [56, 29, -121, 19] [9, -8, -24, 28] [-6, 9, 3, 25] [-35, -71, -10, 21]
[20, 33, 5, 0] [-21, -3, -12, 6] [33, -14, 20, -12] [-9, 10, -24, -2] [13, -1, -29, -7] [2, -6, -23, -1] [42, 1, 5, 10]
[-24, -18, 11, 6] [-7, -3, -45, -6] [-14, 4, 26, -4] [-3, 17, -45, -4] [39, 11, -9, 29] [44, -18, -37, 22] [-13, 21, 25, -1]
Food (up, right, down, left):
[14, 16, -6, 27] [-12, 23, -3, -11] [28, -23, 14, 4] [-17, -14, 46, 15] [-7, 0, 47, -16] [-12, -26, -19, -23] [-50, 15, 15, -11]
[-65, 2, -38, -19] [-5, 2, -36, -2] [8, 16, 19, 37] [-19, 19, -48, 22] [20, 7, -5, -49] [53, 8, -51, 23] [13, 1, 30, 24]
[-22, 1, 30, -42] [10, 8, -14, 26] [-63, -23, -33, 21] [40, -41, 32, 15] [-13, -12, -27, -29] [6, 22, -41, -26] [39, 23, 8, 22]
[11, 22, 5, 47] [-11, -6, -30, 32] [9, 10, -40, -19] [0, 0, 0, 0] [-12, 63, -37, -7] [6, -28, -32, -20] [-16, 43, -16, 24]
[2, 17, -17, 16] [3, 24, 9, 34] [24, -9, 40, 17] [-14, -45, 11, -24] [9, -2, 15, -21] [3, 45, 20, 22] [-16, -18, 5, -12]
[0, -29, -11, 3] [12, 4, 11, -4] [8, 7, 5, 34] [-22, -23, 46, -23] [-48, -36, 10, -52] [-13, 60, 18, 13] [2, 36, 0, 33]
[10, 5, -23, -6] [2, 8, 9, -49] [23, 16, 13, -10] [-7, 11, 18, -41] [50, 37, -5, -15] [29, 34, 15, 0] [11, -16, 25, -27]
------------------------------
ALIVE
Head: (5 0)
Body: (5 0) (4 0) (4 56) (3 56) (2 -1) (2 0) (1 0) (1 1) (25 1) (24 1) (24 57) (24 56) (23 56) (22 56) 
Length: 14, 4
Vision: 3
Hungry, suplies: 9/10
Reproductive: 16, mutating: 0.25
Generation: 48019
####################################
Wall (up, right, down, left):
[-1, -1, 12, -9] [-3, 3, 18, -3] [-37, 3, 4, -23] [8, 1, 16, 0] [-14, 10, 23, 1] [18, -2, -8, 0] [5, -8, -9, -12]
[-38, -20, 16, -24] [-4, 12, -10, -9] [-36, -4, 10, -2] [-35, 7, 16, 21] [42, 11, -2, -10] [-29, -19, 3, 1] [-15, 2, -2, 7]
[-8, 3, 23, 16] [-1, 24, -10, -3] [-9, -4, 42, -20] [-81, 20, 51, 8] [-44, -45, -16, 36] [-22, -18, -4, 0] [-38, -13, -19, 4]
[-5, 46, -5, -41] [7, 1, 27, -23] [-6, 47, 10, -103] [0, 0, 0, 0] [43, -107, 31, 8] [27, -1, 3, 13] [-1, -2, 21, 6]
[-15, -23, 7, -3] [14, -6, -20, -15] [-7, -15, -52, -44] [56, 29, -121, 19] [9, -8, -24, 28] [-6, 9, 3, 25] [-35, -71, -10, 21]
[20, 33, 5, 0] [-21, -3, -12, 6] [33, -14, 20, -12] [-9, 10, -24, -2] [13, -1, -29, -7] [2, -6, -23, -1] [42, 1, 5, 10]
[-24, -18, 11, 6] [-7, -3, -45, -6] [-14, 4, 26, -4] [-3, 17, -45, -4] [39, 11, -10, 29] [44, -18, -36, 22] [-9, 21, 25, -1]
Food (up, right, down, left):
[14, 17, -6, 27] [-12, 24, -3, -11] [28, -23, 14, 4] [-17, -14, 51, 15] [-7, 0, 47, -16] [-12, -26, -19, -23] [-50, 15, 15, -11]
[-65, 2, -38, -19] [-5, 2, -36, -2] [8, 16, 19, 37] [-19, 19, -48, 22] [20, 7, -5, -49] [53, 8, -51, 23] [13, 1, 30, 24]
[-22, 1, 30, -42] [10, 8, -14, 26] [-63, -23, -33, 21] [40, -41, 32, 15] [-13, -8, -27, -29] [6, 22, -45, -26] [39, 23, 8, 22]
[11, 22, 5, 47] [-11, -6, -30, 32] [9, 10, -40, -19] [0, 0, 0, 0] [-12, 63, -37, -7] [6, -28, -32, -20] [-17, 43, -16, 21]
[2, 17, -17, 21] [0, 24, 9, 34] [24, -9, 40, 17] [-14, -45, 11, -24] [9, -2, 15, -21] [3, 45, 20, 22] [-16, -18, 5, -12]
[0, -29, -11, 3] [12, 4, 11, -4] [8, 7, 5, 34] [-22, -23, 46, -23] [-48, -36, 10, -52] [-13, 60, 18, 13] [2, 36, 0, 33]
[10, 5, -23, -6] [2, 8, 9, -49] [23, 16, 13, -10] [-7, 11, 19, -41] [50, 34, -5, -15] [29, 34, 13, 2] [11, -16, 21, -27]
------------------------------
DEAD: Wall
Head: (12 43)
Body: (12 43) (11 43) (10 43) (9 43) (8 43) (7 43) (6 43) (5 43) (4 43) (3 43) (3 42) (3 41) (4 41) 
Length: 13, 4
Vision: 3
Hungry, suplies: 9/10
Reproductive: 16, mutating: 0.25
Generation: 48021
####################################
Wall (up, right, down, left):
[-1, -1, 12, -12] [-3, 3, 18, -3] [-37, 3, 4, -23] [8, 1, 16, 0] [-14, 10, 23, 1] [18, -2, -8, 0] [5, -8, -9, -12]
[-38, -20, 16, -24] [-4, 12, -10, -9] [-36, -4, 10, -2] [-35, 7, 16, 21] [40, 11, -2, -10] [-29, -19, 3, 1] [-15, 2, -2, 7]
[-8, 3, 23, 16] [-1, 24, -10, -3] [-9, -4, 42, -20] [-81, 20, 51, 8] [-44, -52, -21, 36] [-19, -18, -4, 0] [-35, -13, -19, 4]
[-5, 46, -5, -41] [7, 1, 27, -23] [-6, 47, 10, -103] [0, 0, 0, 0] [43, -107, 31, 8] [27, -2, 3, 13] [-1, -2, 21, 7]
[-15, -22, 7, -3] [14, -6, -20, -12] [-7, -15, -52, -44] [56, 29, -121, 19] [9, -8, -24, 28] [-6, 9, 3, 25] [-35, -71, -10, 21]
[20, 33, 5, 0] [-21, -3, -12, 6] [33, -14, 20, -12] [-9, 10, -24, -2] [13, -1, -29, -7] [2, -3, -23, -1] [42, 1, 5, 10]
[-24, -18, 11, 6] [-7, -3, -45, -6] [-14, 4, 26, -4] [-3, 17, -45, -4] [39, 11, -10, 29] [44, -18, -37, 22] [-13, 21, 25, -1]
Food (up, right, down, left):
[14, 16, -6, 27] [-12, 24, -3, -11] [28, -23, 14, 4] [-17, -14, 46, 15] [-7, 0, 47, -16] [-12, -26, -19, -23] [-50, 15, 15, -11]
[-65, 2, -38, -19] [-5, 2, -36, -2] [8, 16, 19, 37] [-19, 19, -48, 22] [20, 7, -5, -51] [53, 8, -51, 23] [13, 1, 30, 24]
[-22, 1, 30, -42] [10, 8, -14, 26] [-63, -23, -33, 21] [40, -41, 32, 15] [-13, -16, -27, -29] [6, 22, -41, -26] [34, 23, 8, 22]
[11, 22, 5, 47] [-11, -6, -30, 32] [9, 10, -40, -19] [0, 0, 0, 0] [-12, 63, -37, -7] [6, -27, -32, -20] [-16, 43, -16, 21]
[2, 17, -17, 16] [3, 24, 9, 34] [24, -9, 40, 17] [-14, -45, 11, -24] [9, -2, 15, -21] [3, 45, 20, 22] [-16, -18, 5, -12]
[0, -29, -11, 3] [12, 4, 11, -4] [8, 7, 5, 34] [-22, -23, 46, -23] [-48, -36, 10, -52] [-8, 60, 18, 13] [2, 36, 0, 33]
[10, 5, -23, -6] [2, 8, 9, -49] [23, 16, 13, -10] [-7, 11, 18, -41] [50, 34, -5, -15] [29, 34, 15, 0] [11, -16, 25, -27]
------------------------------
ALIVE
Head: (17 27)
Body: (17 27) (16 27) (15 27) (14 27) (14 28) (14 29) (15 29) (16 29) (16 30) (15 30) (15 31) (16 31) 
Length: 12, 4
Vision: 3
Hungry, suplies: 8/10
Reproductive: 16, mutating: 0.25
Generation: 48025
####################################
Wall (up, right, down, left):
[-1, -1, 12, -12] [-3, 3, 18, -1] [-37, 3, 4, -23] [8, 1, 16, 0] [-14, 10, 23, 1] [18, -2, -8, 0] [5, -8, -9, -12]
[-38, -20, 16, -24] [-4, 12, -10, -9] [-36, -4, 10, -2] [-35, 7, 16, 21] [42, 11, -2, -10] [-29, -19, 3, 1] [-15, 2, -2, 7]
[-8, 3, 23, 16] [-1, 24, -10, -3] [-9, -4, 42, -20] [-81, 20, 51, 8] [-44, -45, -21, 36] [-19, -18, -4, 0] [-38, -13, -20, 4]
[-5, 46, -5, -41] [7, 1, 27, -23] [-6, 47, 10, -103] [0, 0, 0, 0] [43, -107, 31, 8] [27, -1, 3, 13] [-1, -2, 21, 7]
[-15, -22, 7, -3] [14, -6, -20, -12] [-7, -15, -52, -44] [56, 29, -121, 19] [9, -8, -24, 28] [-6, 9, 3, 25] [-35, -71, -10, 21]
[20, 33, 5, 0] [-21, -3, -12, 6] [33, -14, 20, -12] [-9, 10, -24, -2] [13, -1, -29, -7] [2, -6, -23, -1] [42, 1, 10, 10]
[-24, -18, 11, 6] [-7, -3, -45, -6] [-14, 4, 26, -4] [-3, 17, -45, -4] [39, 11, -9, 29] [44, -18, -37, 22] [-13, 21, 25, -1]
Food (up, right, down, left):
[14, 16, -6, 27] [-12, 23, -3, -11] [28, -23, 14, 4] [-17, -14, 46, 15] [-7, 0, 47, -16] [-12, -26, -19, -23] [-50, 15, 15, -11]
[-65, 2, -38, -19] [-5, 2, -36, -2] [8, 16, 19, 37] [-19, 19, -48, 22] [20, 7, -5, -49] [53, 8, -51, 23] [13, 1, 30, 24]
[-22, 1, 30, -42] [10, 8, -14, 26] [-63, -23, -33, 21] [40, -41, 32, 15] [-13, -12, -27, -29] [6, 22, -41, -26] [39, 20, 8, 22]
[11, 22, 5, 47] [-11, -6, -30, 32] [9, 10, -40, -19] [0, 0, 0, 0] [-12, 63, -37, -7] [6, -28, -32, -20] [-16, 43, -16, 24]
[2, 17, -17, 16] [3, 24, 9, 34] [24, -9, 40, 17] [-14, -45, 11, -24] [9, -2, 15, -21] [3, 45, 20, 22] [-16, -18, 5, -12]
[0, -29, -11, 3] [12, 4, 11, -4] [8, 7, 5, 34] [-22, -23, 46, -23] [-48, -36, 10, -52] [-13, 60, 18, 13] [2, 36, 0, 35]
[10, 5, -23, -6] [2, 8, 9, -49] [23, 16, 13, -10] [-7, 11, 18, -41] [50, 37, -5, -15] [29, 34, 15, 0] [11, -16, 25, -27]
------------------------------
ALIVE
Head: (17 15)
Body: (17 15) (17 14) (16 14) (16 13) (15 13) (14 13) (13 13) (12 13) (11 13) (10 13) (9 13) (8 13) (8 12) (8 11) (8 10) 
Length: 15, 4
Vision: 3
Hungry, suplies: 9/10
Reproductive: 16, mutating: 0.25
Generation: 48022
####################################
Wall (up, right, down, left):
[-1, -1, 12, -12] [-3, 3, 18, -3] [-37, 3, 4, -23] [8, 1, 16, 0] [-14, 10, 23, 1] [18, -2, -8, 0] [5, -8, -9, -12]
[-38, -20, 16, -24] [-4, 12, -10, -9] [-36, -4, 10, -2] [-35, 7, 16, 21] [42, 11, -2, -10] [-29, -19, 3, 1] [-15, 2, -2, 7]
[-8, 3, 23, 16] [-1, 24, -10, -3] [-9, -4, 42, -20] [-81, 20, 51, 8] [-44, -48, -21, 36] [-19, -18, -4, 0] [-35, -13, -19, 4]
[-5, 46, -5, -41] [7, 1, 27, -23] [-6, 47, 10, -103] [0, 0, 0, 0] [43, -107, 31, 8] [27, -2, 3, 13] [-1, -2, 21, 7]
[-15, -22, 7, -3] [15, -6, -20, -12] [-7, -15, -52, -44] [56, 29, -121, 19] [9, -8, -24, 28] [-6, 9, 3, 25] [-35, -71, -10, 21]
[20, 33, 2, 0] [-21, -3, -12, 6] [33, -14, 20, -12] [-9, 10, -24, -2] [13, -1, -29, -7] [2, -3, -23, -1] [42, 1, 5, 10]
[-24, -18, 11, 6] [-7, -3, -45, -6] [-14, 4, 26, -4] [-3, 17, -45, -4] [39, 11, -10, 29] [44, -18, -37, 22] [-13, 21, 25, -1]
Food (up, right, down, left):
[14, 16, -6, 27] [-12, 24, -3, -11] [28, -23, 14, 4] [-17, -14, 46, 15] [-7, 0, 47, -16] [-12, -26, -19, -23] [-50, 15, 15, -11]
[-65, 2, -38, -19] [-5, 2, -36, -2] [8, 16, 19, 37] [-19, 19, -48, 22] [20, 7, -5, -49] [53, 8, -51, 23] [13, 1, 30, 24]
[-22, 1, 30, -42] [10, 8, -14, 26] [-63, -23, -33, 21] [40, -41, 32, 15] [-13, -16, -27, -29] [3, 22, -41, -26] [34, 23, 8, 22]
[11, 22, 5, 47] [-11, -6, -30, 32] [9, 10, -40, -19] [0, 0, 0, 0] [-12, 63, -37, -7] [6, -27, -32, -20] [-16, 43, -16, 21]
[2, 17, -17, 16] [3, 24, 14, 34] [24, -9, 40, 17] [-14, -45, 11, -24] [9, -2, 15, -21] [3, 45, 20, 22] [-16, -18, 5, -12]
[0, -34, -11, 3] [12, 4, 11, -4] [8, 7, 5, 34] [-22, -23, 46, -23] [-48, -36, 10, -52] [-8, 60, 18, 13] [2, 36, 0, 33]
[10, 5, -23, -6] [2, 8, 9, -49] [23, 16, 13, -10] [-7, 11, 18, -41] [50, 34, -5, -15] [29, 34, 15, 0] [11, -16, 25, -27]
------------------------------
ALIVE
Head: (16 48)
Body: (16 48) (17 48) (17 49) (17 50) (16 50) (16 51) (16 52) (15 52) (14 52) 
Length: 9, 4
Vision: 3
Hungry, suplies: 6/10
Reproductive: 16, mutating: 0.25
Generation: 48025
####################################
Wall (up, right, down, left):
[-1, -1, 12, -9] [-3, 3, 18, -3] [-37, 3, 4, -23] [8, 1, 16, 0] [-14, 10, 23, 1] [18, -2, -8, 0] [5, -8, -9, -12]
[-38, -20, 16, -24] [-4, 12, -10, -9] [-36, -4, 10, -2] [-35, 7, 16, 21] [42, 11, -2, -10] [-29, -19, 3, 1] [-15, 2, -2, 7]
[-8, 3, 23, 16] [-1, 24, -10, -3] [-9, -4, 42, -20] [-81, 20, 51, 8] [-44, -45, -16, 36] [-22, -18, -4, 0] [-38, -13, -19, 4]
[-5, 46, -5, -41] [7, 1, 27, -23] [-6, 47, 10, -103] [0, 0, 0, 0] [43, -107, 31, 8] [27, -1, 3, 13] [-1, -2, 21, 6]
[-15, -23, 7, -3] [14, -6, -20, -15] [-7, -15, -52, -44] [56, 29, -121, 19] [9, -8, -24, 28] [-6, 9, 3, 25] [-35, -71, -10, 21]
[20, 33, 5, 0] [-21, -3, -12, 6] [33, -14, 20, -12] [-9, 10, -24, -2] [13, -1, -29, -7] [2, -6, -23, -1] [42, 1, 5, 10]
[-24, -18, 11, 6] [-7, -3, -45, -6] [-14, 4, 26, -4] [-3, 17, -45, -4] [39, 11, -10, 29] [44, -18, -41, 22] [-9, 21, 25, -1]
Food (up, right, down, left):
[14, 17, -6, 27] [-12, 24, -3, -11] [28, -23, 14, 4] [-17, -14, 51, 15] [-7, 0, 47, -16] [-12, -26, -19, -23] [-50, 15, 15, -11]
[-65, 2, -38, -19] [-5, 2, -36, -2] [8, 16, 19, 37] [-19, 19, -48, 22] [20, 7, -5, -49] [53, 8, -51, 23] [13, 1, 30, 24]
[-22, 1, 30, -42] [10, 8, -14, 26] [-63, -23, -33, 21] [40, -41, 32, 15] [-13, -8, -27, -29] [6, 22, -45, -26] [39, 23, 8, 22]
[11, 22, 5, 47] [-11, -6, -30, 32] [9, 10, -40, -19] [0, 0, 0, 0] [-12, 63, -37, -7] [6, -28, -32, -20] [-17, 43, -16, 21]
[2, 17, -17, 21] [0, 24, 9, 34] [24, -9, 40, 17] [-14, -40, 11, -24] [9, -2, 15, -21] [3, 45, 20, 22] [-16, -18, 5, -12]
[0, -29, -11, 3] [12, 4, 11, -4] [8, 7, 5, 34] [-22, -23, 46, -23] [-48, -36, 10, -52] [-13, 60, 18, 13] [2, 36, 0, 33]
[10, 5, -23, -6] [2, 8, 9, -49] [23, 16, 13, -10] [-7, 11, 19, -41] [50, 34, -5, -15] [29, 34, 13, 2] [11, -16, 21, -27]
------------------------------
ALIVE
Head: (23 14)
Body: (23 14) (22 14) (21 14) (20 14) (19 14) (19 15) (18 15) (18 16) (18 17) (17 17) (16 17) 
Length: 11, 4
Vision: 3
Hungry, suplies: 6/10
Reproductive: 16, mutating: 0.25
Generation: 48014
####################################
Wall (up, right, down, left):
[-1, -1, 12, -9] [-3, 3, 18, -3] [-37, 3, 4, -23] [8, 1, 16, 0] [-14, 10, 23, 1] [18, -2, -8, 0] [5, -8, -9, -12]
[-38, -20, 16, -24] [-4, 12, -10, -9] [-36, -4, 10, -2] [-35, 7, 16, 21] [42, 11, -2, -10] [-29, -19, 3, 1] [-15, 2, -2, 7]
[-8, 3, 23, 16] [-1, 24, -10, -3] [-9, -4, 42, -20] [-81, 23, 51, 8] [-44, -45, -16, 36] [-22, -18, -4, 0] [-38, -13, -19, 4]
[-5, 46, -5, -41] [7, 1, 27, -23] [-6, 47, 10, -103] [0, 0, 0, 0] [43, -107, 28, 8] [27, -1, 3, 13] [-1, -2, 21, 6]
[-15, -23, 7, -3] [14, -6, -20, -15] [-7, -15, -52, -44] [56, 29, -121, 19] [9, -8, -24, 28] [-6, 9, 3, 25] [-35, -71, -10, 21]
[20, 33, 5, 0] [-21, -3, -12, 6] [33, -14, 20, -12] [-9, 10, -24, -2] [13, -1, -29, -7] [2, -6, -23, -1] [42, 1, 5, 10]
[-24, -18, 11, 6] [-7, -3, -45, -6] [-14, 4, 26, -4] [-3, 17, -45, -4] [39, 11, -10, 29] [44, -18, -41, 22] [-9, 21, 25, -1]
Food (up, right, down, left):
[14, 17, -6, 27] [-12, 24, -3, -11] [28, -23, 14, 4] [-17, -14, 51, 15] [-7, 0, 47, -16] [-12, -26, -19, -23] [-50, 15, 15, -11]
[-65, 2, -38, -19] [-5, 2, -36, -2] [8, 16, 19, 37] [-19, 19, -48, 22] [20, 7, -5, -49] [53, 8, -51, 23] [13, 1, 30, 24]
[-22, 1, 30, -42] [10, 8, -14, 26] [-63, -23, -33, 21] [40, -40, 32, 15] [-13, -8, -27, -29] [6, 22, -45, -26] [39, 23, 8, 22]
[11, 22, 5, 47] [-11, -6, -30, 32] [9, 10, -40, -19] [0, 0, 0, 0] [-12, 63, -39, -7] [6, -28, -32, -20] [-17, 43, -16, 21]
[2, 17, -17, 21] [0, 24, 9, 34] [24, -9, 40, 17] [-14, -45, 11, -24] [9, -2, 15, -21] [3, 45, 20, 22] [-16, -18, 5, -12]
[0, -29, -11, 3] [12, 4, 11, -4] [8, 7, 5, 34] [-22, -23, 46, -23] [-48, -36, 10, -52] [-13, 60, 18, 13] [2, 36, 0, 33]
[10, 5, -23, -6] [2, 8, 9, -49] [23, 16, 13, -10] [-7, 11, 19, -41] [50, 34, -5, -15] [29, 34, 13, 2] [11, -16, 21, -27]
------------------------------
ALIVE
Head: (2 19)
Body: (2 19) (1 19) (1 18) (1 17) (1 16) (2 16) (3 16) (4 16) (4 15) (3 15) 
Length: 10, 4
Vision: 3
Hungry, suplies: 3/10
Reproductive: 16, mutating: 0.25
Generation: 48019
####################################
Wall (up, right, down, left):
[-1, -1, 12, -12] [-3, 3, 18, -3] [-37, 3, 4, -23] [8, 1, 16, 0] [-14, 10, 23, 1] [18, -2, -8, 0] [5, -8, -9, -12]
[-38, -20, 16, -24] [-4, 12, -10, -9] [-36, -4, 10, -2] [-35, 7, 16, 21] [42, 11, -2, -10] [-29, -19, 3, 1] [-15, 2, -2, 7]
[-8, 3, 23, 16] [-1, 24, -10, -3] [-9, -4, 42, -20] [-81, 20, 51, 8] [-44, -48, -21, 36] [-19, -18, -4, 0] [-38, -13, -19, 4]
[-5, 46, -5, -41] [7, 1, 27, -23] [-6, 47, 10, -103] [0, 0, 0, 0] [43, -107, 31, 8] [27, -2, 3, 13] [-1, -2, 21, 7]
[-15, -22, 7, -3] [14, -6, -20, -12] [-7, -15, -52, -44] [56, 29, -121, 19] [9, -8, -24, 28] [-6, 9, 3, 25] [-35, -71, -10, 21]
[20, 33, 5, 0] [-21, -3, -12, 6] [33, -14, 20, -12] [-9, 10, -24, -2] [13, -1, -29, -7] [2, -3, -23, -1] [42, 1, 5, 10]
[-24, -18, 11, 6] [-7, -3, -45, -6] [-14, 4, 26, -4] [-3, 17, -45, -4] [39, 11, -10, 29] [44, -18, -37, 22] [-13, 21, 25, -1]
Food (up, right, down, left):
[14, 16, -6, 27] [-12, 24, -3, -11] [28, -23, 14, 4] [-17, -14, 46, 15] [-7, 0, 47, -16] [-12, -26, -19, -23] [-50, 15, 15, -11]
[-65, 2, -38, -19] [-5, 2, -36, -2] [8, 16, 19, 37] [-19, 19, -48, 22] [20, 7, -5, -49] [53, 8, -51, 23] [13, 1, 30, 24]
[-22, 1, 30, -42] [10, 8, -14, 26] [-63, -23, -33, 21] [40, -41, 32, 15] [-13, -16, -27, -29] [6, 22, -41, -26] [39, 23, 8, 22]
[11, 22, 5, 47] [-11, -6, -30, 32] [9, 10, -40, -19] [0, 0, 0, 0] [-12, 63, -37, -7] [6, -27, -32, -20] [-16, 43, -16, 21]
[2, 17, -17, 16] [3, 24, 9, 34] [24, -9, 40, 17] [-14, -45, 11, -24] [9, -2, 15, -21] [3, 45, 20, 22] [-16, -18, 5, -12]
[0, -29, -11, 3] [12, 4, 11, -4] [8, 7, 5, 34] [-22, -23, 46, -23] [-48, -36, 10, -52] [-8, 60, 18, 13] [2, 36, 0, 33]
[10, 5, -23, -6] [2, 8, 9, -49] [23, 16, 13, -10] [-7, 11, 18, -41] [50, 34, -5, -15] [29, 34, 15, 0] [11, -16, 25, -27]
------------------------------
ALIVE
Head: (12 46)
Body: (12 46) (12 45) (12 44) (11 44) (10 44) (9 44) (8 44) (7 44) (6 44) (5 44) (4 44) 
Length: 11, 4
Vision: 3
Hungry, suplies: 10/10
Reproductive: 16, mutating: 0.25
Generation: 48023
####################################
Wall (up, right, down, left):
[-1, -1, 12, -9] [-3, 3, 18, -3] [-37, 3, 4, -23] [8, 1, 16, 0] [-14, 10, 23, 1] [18, -2, -8, 0] [5, -8, -9, -12]
[-38, -20, 16, -24] [-4, 12, -10, -9] [-36, -4, 10, -2] [-35, 7, 16, 21] [42, 11, -2, -10] [-29, -19, 3, -4] [-15, 2, -2, 7]
[-8, 3, 23, 16] [-1, 24, -10, -3] [-9, -4, 42, -20] [-81, 20, 51, 8] [-44, -45, -16, 36] [-22, -18, -4, 0] [-38, -13, -19, 4]
[-5, 46, -5, -41] [7, 1, 27, -23] [-6, 47, 10, -103] [0, 0, 0, 0] [43, -107, 31, 8] [27, -1, 3, 13] [-1, -2, 21, 6]
[-15, -23, 7, -3] [14, -6, -20, -15] [-7, -15, -52, -44] [56, 29, -121, 19] [9, -8, -24, 28] [-6, 9, 3, 25] [-35, -71, -10, 21]
[20, 33, 5, 0] [-21, -3, -12, 6] [33, -14, 20, -12] [-9, 10, -24, -2] [13, -1, -29, -7] [2, -6, -23, 3] [42, 1, 5, 10]
[-24, -18, 11, 6] [-7, -3, -45, -6] [-14, 4, 26, -4] [-3, 17, -45, -4] [39, 11, -10, 29] [44, -18, -41, 22] [-9, 21, 25, -1]
Food (up, right, down, left):
[14, 17, -6, 27] [-12, 24, -3, -11] [28, -23, 14, 4] [-17, -14, 51, 15] [-7, 0, 47, -16] [-12, -26, -19, -23] [-50, 15, 15, -11]
[-65, 2, -38, -19] [-5, 2, -36, -2] [8, 16, 19, 37] [-19, 19, -48, 22] [20, 7, -5, -49] [53, 6, -51, 23] [13, 1, 30, 24]
[-22, 1, 30, -42] [10, 8, -14, 26] [-63, -23, -33, 21] [40, -41, 32, 15] [-13, -8, -27, -29] [6, 22, -45, -26] [39, 23, 8, 22]
[11, 22, 5, 47] [-11, -6, -30, 32] [9, 10, -40, -19] [0, 0, 0, 0] [-12, 63, -37, -7] [6, -28, -32, -20] [-17, 43, -16, 21]
[2, 17, -17, 21] [0, 24, 9, 34] [24, -9, 40, 17] [-14, -45, 11, -24] [9, -2, 15, -21] [3, 45, 20, 22] [-16, -18, 5, -12]
[0, -29, -11, 3] [12, 4, 11, -4] [8, 7, 5, 34] [-22, -23, 46, -23] [-48, -36, 10, -52] [-13, 60, 18, 13] [2, 36, 0, 33]
[10, 5, -23, -6] [2, 8, 9, -49] [23, 16, 13, -10] [-7, 11, 19, -41] [50, 34, -5, -15] [29, 34, 13, 2] [11, -16, 21, -27]
------------------------------
ALIVE
Head: (14 18)
Body: (14 18) (13 18) (12 18) (11 18) (10 18) (9 18) (9 17) (9 16) (8 16) 
Length: 9, 4
Vision: 3
Hungry, suplies: 5/10
Reproductive: 16, mutating: 0.25
Generation: 48016
####################################
Wall (up, right, down, left):
[-1, -1, 12, -9] [-3, 3, 18, -3] [-37, 3, 4, -23] [8, 1, 16, 0] [-14, 10, 23, 1] [18, -2, -8, 0] [5, -8, -9, -12]
[-38, -20, 16, -24] [-4, 12, -10, -9] [-36, -4, 10, -2] [-35, 7, 16, 21] [42, 11, -2, -10] [-29, -19, 3, 1] [-15, 2, -2, 7]
[-8, 3, 23, 16] [-1, 24, -10, -3] [-9, -4, 42, -20] [-81, 20, 51, 8] [-44, -45, -16, 36] [-22, -18, -4, 0] [-38, -13, -19, 4]
[-5, 46, -5, -41] [7, 1, 27, -23] [-6, 47, 10, -103] [0, 0, 0, 0] [43, -107, 31, 8] [27, -1, 3, 13] [-1, -2, 21, 6]
[-15, -23, 7, -3] [14, -6, -20, -15] [-7, -15, -52, -44] [56, 29, -121, 19] [9, -8, -24, 28] [-6, 9, 3, 25] [-35, -71, -10, 21]
[20, 33, 5, 0] [-21, -3, -12, 6] [33, -14, 20, -12] [-9, 10, -24, -2] [13, -1, -29, -7] [2, -6, -23, -1] [42, 1, 5, 10]
[-24, -18, 11, 6] [-7, -3, -45, -6] [-14, 4, 26, -4] [-3, 17, -45, -4] [39, 11, -10, 29] [44, -18, -41, 22] [-9, 21, 25, -1]
Food (up, right, down, left):
[14, 17, -6, 27] [-12, 24, -3, -11] [28, -23, 14, 4] [-17, -14, 51, 15] [-7, 0, 47, -16] [-12, -26, -19, -23] [-50, 15, 15, -11]
[-65, 2, -38, -19] [-5, 2, -36, -2] [8, 16, 19, 37] [-19, 19, -48, 22] [20, 7, -5, -49] [53, 8, -51, 23] [13, 1, 30, 24]
[-22, 1, 30, -42] [10, 8, -14, 26] [-63, -23, -33, 21] [40, -41, 32, 15] [-13, -8, -27, -29] [6, 22, -45, -26] [39, 23, 8, 22]
[11, 22, 5, 47] [-11, -6, -30, 32] [9, 10, -40, -19] [0, 0, 0, 0] [-12, 63, -37, -7] [6, -28, -32, -20] [-17, 43, -16, 21]
[2, 17, -17, 21] [0, 24, 9, 34] [24, -9, 40, 17] [-14, -45, 11, -24] [9, -2, 15, -21] [3, 45, 20, 22] [-16, -18, 5, -12]
[0, -29, -11, 3] [12, 4, 11, -4] [8, 7, 5, 34] [-22, -23, 46, -23] [-48, -36, 10, -52] [-13, 60, 18, 13] [2, 36, 0, 33]
[10, 5, -23, -6] [2, 8, 9, -49] [23, 16, 13, -10] [-7, 11, 19, -41] [50, 34, -5, -15] [29, 34, 13, 2] [11, -16, 21, -27]
------------------------------
ALIVE
Head: (14 33)
Body: (14 33) (14 32) (13 32) (12 32) (12 31) (12 30) (11 30) 
Length: 7, 4
Vision: 3
Hungry, suplies: 5/10
Reproductive: 16, mutating: 0.25
Generation: 48015
####################################
Wall (up, right, down, left):
[-1, -1, 12, -12] [-3, 3, 18, -1] [-37, 3, 4, -23] [8, 1, 16, 0] [-16, 10, 23, 1] [18, -2, -8, 0] [5, -8, -9, -12]
[-38, -20, 16, -24] [-4, 12, -10, -9] [-36, -4, 10, -2] [-35, 7, 16, 21] [42, 11, -2, -10] [-29, -19, 3, 1] [-15, 2, -2, 7]
[-8, 3, 23, 16] [-1, 24, -10, -3] [-9, -4, 42, -20] [-81, 20, 51, 8] [-44, -45, -21, 36] [-19, -18, -4, 0] [-38, -13, -20, 4]
[-5, 46, -5, -41] [7, 1, 27, -23] [-6, 47, 10, -103] [0, 0, 0, 0] [43, -107, 31, 8] [27, -1, 3, 13] [-1, -2, 21, 7]
[-15, -22, 7, -3] [14, -6, -20, -12] [-7, -15, -52, -44] [56, 29, -121, 19] [9, -8, -24, 28] [-6, 9, 3, 25] [-35, -71, -10, 21]
[20, 33, 5, 0] [-21, -3, -12, 6] [33, -14, 20, -12] [-9, 10, -24, -2] [13, -1, -29, -7] [2, -6, -23, -1] [42, 1, 5, 7]
[-24, -18, 11, 6] [-7, -3, -45, -6] [-14, 4, 26, -4] [-3, 17, -45, -4] [39, 11, -9, 29] [44, -18, -37, 22] [-13, 21, 25, -1]
Food (up, right, down, left):
[14, 16, -6, 27] [-12, 23, -3, -11] [28, -23, 14, 4] [-17, -14, 46, 15] [-7, 0, 42, -16] [-12, -26, -19, -23] [-50, 15, 15, -11]
[-65, 2, -38, -19] [-5, 2, -36, -2] [8, 16, 19, 37] [-19, 19, -48, 22] [20, 7, -5, -49] [53, 8, -51, 23] [13, 1, 30, 24]
[-22, 1, 30, -42] [10, 8, -14, 26] [-63, -23, -33, 21] [40, -41, 32, 15] [-13, -12, -27, -29] [6, 22, -41, -26] [39, 20, 8, 22]
[11, 22, 5, 47] [-11, -6, -30, 32] [9, 10, -40, -19] [0, 0, 0, 0] [-12, 63, -37, -7] [6, -28, -32, -20] [-16, 43, -16, 24]
[2, 17, -17, 16] [3, 24, 9, 34] [24, -9, 40, 17] [-14, -45, 11, -24] [9, -2, 15, -21] [3, 45, 20, 22] [-16, -18, 5, -12]
[0, -29, -11, 3] [12, 4, 11, -4] [8, 7, 5, 34] [-22, -23, 46, -23] [-48, -36, 10, -52] [-13, 60, 18, 13] [2, 34, 0, 33]
[10, 5, -23, -6] [2, 8, 9, -49] [23, 16, 13, -10] [-7, 11, 18, -41] [50, 37, -5, -15] [29, 34, 15, 0] [11, -16, 25, -27]
------------------------------
ALIVE
Head: (15 24)
Body: (15 24) (15 23) (14 23) (13 23) (13 22) (12 22) (11 22) (11 21) (11 20) 
Length: 9, 4
Vision: 3
Hungry, suplies: 10/10
Reproductive: 16, mutating: 0.25
Generation: 48020
####################################
Wall (up, right, down, left):
[-1, -1, 12, -9] [-3, 3, 18, -3] [-37, 3, 4, -23] [8, 1, 16, 0] [-14, 10, 23, 1] [18, -2, -8, 0] [5, -8, -9, -12]
[-38, -20, 16, -24] [-4, 12, -10, -9] [-36, -4, 10, -2] [-35, 7, 16, 21] [42, 11, -2, -10] [-29, -19, 3, 1] [-15, 3, -2, 7]
[-8, 3, 23, 16] [-1, 24, -10, -3] [-9, -4, 42, -20] [-81, 20, 51, 8] [-44, -45, -16, 36] [-22, -18, -4, 0] [-38, -13, -19, 4]
[-3, 46, -5, -41] [7, 1, 27, -23] [-6, 47, 10, -103] [0, 0, 0, 0] [43, -107, 31, 8] [27, -1, 3, 13] [-1, -2, 21, 6]
[-15, -23, 7, -3] [14, -6, -20, -15] [-7, -15, -52, -44] [56, 29, -121, 19] [9, -8, -24, 28] [-6, 9, 3, 25] [-35, -71, -10, 21]
[20, 33, 5, 0] [-21, -3, -12, 6] [33, -14, 20, -12] [-9, 10, -24, -2] [13, -1, -29, -7] [2, -6, -23, -1] [42, 1, 5, 10]
[-24, -18, 11, 6] [-7, -3, -45, -6] [-14, 4, 26, -4] [-3, 17, -45, -4] [39, 11, -10, 29] [44, -18, -41, 22] [-9, 21, 25, -1]
Food (up, right, down, left):
[14, 17, -6, 27] [-12, 24, -3, -11] [28, -23, 14, 4] [-17, -14, 51, 15] [-7, 0, 47, -16] [-12, -26, -19, -23] [-50, 15, 15, -11]
[-65, 2, -38, -19] [-5, 2, -36, -2] [8, 16, 19, 37] [-19, 19, -48, 22] [20, 7, -5, -49] [53, 8, -51, 23] [13, 1, 30, 26]
[-22, 1, 30, -42] [10, 8, -14, 26] [-63, -23, -33, 21] [40, -41, 32, 15] [-13, -8, -27, -29] [6, 22, -45, -26] [39, 23, 8, 22]
[11, 21, 5, 52] [-11, -6, -30, 32] [9, 10, -40, -19] [0, 0, 0, 0] [-12, 63, -37, -7] [6, -28, -32, -20] [-17, 43, -16, 21]
[2, 17, -17, 21] [0, 24, 9, 34] [24, -9, 40, 17] [-14, -45, 11, -24] [9, -2, 15, -21] [3, 45, 20, 22] [-16, -18, 5, -12]
[0, -29, -11, 3] [12, 4, 11, -4] [8, 7, 5, 34] [-22, -23, 46, -23] [-48, -36, 10, -52] [-13, 60, 18, 13] [2, 36, 0, 33]
[10, 5, -23, -6] [2, 8, 9, -49] [23, 16, 13, -10] [-7, 11, 19, -41] [50, 34, -5, -15] [29, 34, 13, 2] [11, -16, 21, -27]
------------------------------
ALIVE
Head: (2 23)
Body: (2 23) (2 24) (1 24) (25 24) (24 24) (23 24) (22 24) (21 24) (20 24) (19 24) 
Length: 10, 4
Vision: 3
Hungry, suplies: 9/10
Reproductive: 16, mutating: 0.25
Generation: 48019
####################################
Wall (up, right, down, left):
[-1, -1, 12, -12] [-3, 3, 18, -3] [-37, 3, 4, -23] [8, 1, 16, 0] [-14, 10, 23, 1] [18, -2, -8, 0] [5, -8, -9, -12]
[-38, -16, 16, -24] [-4, 12, -10, -9] [-36, -4, 10, -1] [-35, 7, 16, 21] [40, 11, -2, -10] [-29, -19, 3, 1] [-15, 2, -2, 7]
[-8, 3, 23, 16] [-1, 24, -10, -3] [-9, -4, 42, -20] [-81, 20, 51, 8] [-44, -48, -21, 36] [-19, -18, -4, 0] [-35, -13, -19, 4]
[-5, 46, -5, -41] [7, 1, 27, -23] [-6, 47, 10, -103] [0, 0, 0, 0] [43, -107, 31, 8] [27, -2, 3, 13] [-1, -2, 21, 7]
[-15, -22, 7, -3] [14, -6, -20, -12] [-7, -15, -52, -44] [56, 29, -121, 19] [9, -8, -24, 28] [-6, 9, 3, 25] [-35, -71, -10, 21]
[20, 33, 5, 0] [-21, -3, -12, 6] [33, -14, 20, -12] [-9, 10, -24, -2] [13, -1, -29, -7] [2, -3, -23, -1] [42, 1, 5, 10]
[-24, -18, 11, 6] [-7, -3, -45, -6] [-14, 4, 26, -4] [-3, 17, -45, -4] [39, 11, -10, 29] [44, -18, -37, 22] [-13, 21, 25, -1]
Food (up, right, down, left):
[14, 16, -6, 27] [-12, 24, -3, -11] [28, -23, 14, 4] [-17, -14, 46, 15] [-7, 0, 47, -16] [-12, -26, -19, -23] [-50, 15, 15, -11]
[-65, 2, -40, -19] [-5, 2, -36, -2] [8, 16, 19, 38] [-19, 19, -48, 22] [20, 7, -5, -51] [53, 8, -51, 23] [13, 1, 30, 24]
[-22, 1, 30, -42] [10, 8, -14, 26] [-63, -23, -33, 21] [40, -41, 32, 15] [-13, -16, -27, -29] [6, 22, -41, -26] [34, 23, 8, 22]
[11, 22, 5, 47] [-11, -6, -30, 32] [9, 10, -40, -19] [0, 0, 0, 0] [-12, 63, -37, -7] [6, -27, -32, -20] [-16, 43, -16, 21]
[2, 17, -17, 16] [3, 24, 9, 34] [24, -9, 40, 17] [-14, -45, 11, -24] [9, -2, 15, -21] [3, 45, 20, 22] [-16, -18, 5, -12]
[0, -29, -11, 3] [12, 4, 11, -4] [8, 7, 5, 34] [-22, -23, 46, -23] [-48, -36, 10, -52] [-8, 60, 18, 13] [2, 36, 0, 33]
[10, 5, -23, -6] [2, 8, 9, -49] [23, 16, 13, -10] [-7, 11, 18, -41] [50, 34, -5, -15] [29, 34, 15, 0] [11, -16, 25, -27]
------------------------------
ALIVE
Head: (24 51)
Body: (24 51) (23 51) (23 50) (23 49) (23 48) (-1 48) (0 48) (0 49) (0 50) 
Length: 9, 4
Vision: 3
Hungry, suplies: 7/10
Reproductive: 16, mutating: 0.25
Generation: 48026
####################################
Wall (up, right, down, left):
[-1, -1, 12, -12] [-3, 3, 18, -3] [-37, 3, 4, -23] [8, 1, 16, 0] [-14, 10, 23, 1] [18, -2, -8, 0] [5, -8, -9, -12]
[-38, -20, 16, -24] [-4, 12, -10, -9] [-36, -4, 10, -2] [-35, 7, 16, 21] [40, 11, -2, -10] [-29, -19, 3, 1] [-15, 2, -2, 7]
[-8, 3, 23, 16] [-1, 24, -10, -3] [-9, -4, 42, -20] [-81, 20, 51, 8] [-44, -52, -21, 36] [-19, -18, -4, 0] [-35, -13, -19, 4]
[-5, 46, -5, -41] [7, 1, 27, -23] [-6, 47, 10, -103] [0, 0, 0, 0] [43, -107, 31, 8] [27, -2, 3, 13] [-1, -2, 21, 7]
[-15, -22, 7, -3] [14, -6, -20, -12] [-7, -15, -52, -44] [56, 29, -121, 19] [9, -8, -24, 28] [-6, 9, 3, 25] [-35, -71, -10, 21]
[20, 33, 5, 0] [-21, -3, -12, 6] [33, -14, 20, -12] [-9, 10, -24, -2] [13, -1, -29, -7] [2, -3, -23, -1] [42, 1, 5, 10]
[-24, -18, 11, 6] [-7, -3, -45, -6] [-14, 4, 26, -4] [-3, 17, -45, -4] [39, 11, -10, 29] [44, -18, -37, 22] [-13, 21, 25, -1]
Food (up, right, down, left):
[14, 16, -6, 27] [-12, 24, -3, -11] [28, -23, 14, 4] [-17, -14, 46, 15] [-7, 0, 47, -16] [-12, -26, -19, -23] [-50, 15, 15, -11]
[-65, 2, -38, -19] [-5, 2, -36, -2] [8, 16, 19, 37] [-19, 19, -48, 22] [20, 7, -5, -51] [53, 8, -51, 23] [13, 1, 30, 24]
[-22, 1, 30, -42] [10, 8, -14, 26] [-63, -23, -33, 21] [40, -41, 32, 15] [-13, -16, -27, -29] [6, 22, -41, -26] [34, 23, 8, 22]
[11, 22, 5, 47] [-11, -6, -30, 32] [9, 10, -40, -19] [0, 0, 0, 0] [-12, 63, -37, -7] [6, -27, -32, -20] [-16, 43, -16, 21]
[2, 17, -17, 16] [3, 24, 9, 34] [24, -9, 40, 17] [-14, -45, 11, -24] [9, -2, 15, -21] [3, 45, 20, 22] [-16, -18, 5, -12]
[0, -29, -11, 3] [12, 4, 11, -4] [8, 7, 5, 34] [-22, -23, 46, -23] [-48, -36, 10, -52] [-8, 60, 18, 13] [2, 36, 0, 33]
[10, 5, -23, -6] [2, 8, 9, -49] [23, 16, 13, -10] [-7, 11, 18, -41] [50, 34, -5, -15] [29, 34, 15, 0] [11, -16, 25, -27]
------------------------------
ALIVE
Head: (7 7)
Body: (7 7) (6 7) (5 7) (4 7) (3 7) (2 7) (26 7) (25 7) 
Length: 8, 4
Vision: 3
Hungry, suplies: 4/10
Reproductive: 16, mutating: 0.25
Generation: 48025
####################################
Wall (up, right, down, left):
[-1, -1, 12, -9] [-3, 3, 18, -3] [-37, 3, 4, -23] [8, 1, 16, 0] [-14, 10, 23, 1] [18, -2, -8, 0] [5, -8, -9, -12]
[-38, -20, 16, -24] [-4, 12, -10, -9] [-36, -4, 10, -2] [-35, 7, 16, 21] [42, 11, -2, -10] [-29, -19, 3, 1] [-15, 2, -2, 7]
[-8, 3, 23, 16] [-1, 24, -10, -3] [-9, -4, 42, -20] [-81, 20, 51, 8] [-44, -45, -16, 36] [-22, -18, -4, 0] [-38, -13, -19, 4]
[-5, 46, -5, -41] [7, 1, 27, -23] [-6, 47, 10, -103] [0, 0, 0, 0] [43, -107, 31, 8] [27, -1, 3, 13] [-1, -2, 21, 6]
[-15, -23, 7, -3] [14, -6, -20, -15] [-7, -15, -52, -44] [56, 29, -121, 19] [9, -8, -24, 28] [-6, 9, 3, 25] [-35, -71, -10, 21]
[20, 33, 5, 0] [-21, -3, -12, 6] [33, -14, 20, -12] [-9, 10, -24, -2] [13, -1, -29, -7] [2, -6, -23, -1] [42, 1, 5, 10]
[-24, -18, 11, 6] [-7, -3, -45, -6] [-14, 4, 26, -4] [-3, 17, -45, -4] [39, 11, -10, 29] [44, -18, -41, 22] [-9, 21, 25, -1]
Food (up, right, down, left):
[14, 17, -6, 27] [-12, 24, -3, -11] [28, -23, 14, 4] [-17, -14, 51, 15] [-7, 0, 47, -16] [-12, -26, -19, -23] [-50, 15, 15, -11]
[-65, 2, -38, -19] [-5, 2, -36, -2] [8, 16, 19, 37] [-19, 19, -48, 22] [20, 7, -5, -49] [53, 8, -51, 23] [13, 1, 30, 24]
[-22, 1, 30, -42] [10, 8, -14, 26] [-63, -23, -33, 21] [40, -41, 32, 15] [-13, -8, -27, -29] [6, 22, -45, -26] [39, 23, 8, 22]
[11, 22, 5, 47] [-11, -6, -30, 32] [9, 10, -40, -19] [0, 0, 0, 0] [-12, 63, -37, -7] [6, -28, -32, -20] [-17, 43, -16, 21]
[2, 17, -17, 21] [0, 24, 9, 34] [24, -9, 40, 17] [-14, -45, 11, -24] [9, -2, 15, -21] [3, 45, 20, 22] [-16, -18, 5, -12]
[0, -29, -11, 3] [12, 4, 11, -4] [8, 7, 5, 34] [-22, -23, 46, -23] [-48, -36, 10, -52] [-13, 60, 18, 13] [2, 36, 0, 33]
[10, 5, -23, -6] [2, 8, 9, -49] [23, 16, 13, -10] [-7, 11, 19, -41] [50, 34, -5, -15] [29, 34, 13, 2] [11, -16, 21, -27]
------------------------------
ALIVE
Head: (14 44)
Body: (14 44) (14 43) (13 43) (13 42) (12 42) (12 41) (12 40) (13 40) (14 40) (14 41) (14 42) 
Length: 11, 4
Vision: 3
Hungry, suplies: 9/10
Reproductive: 16, mutating: 0.25
Generation: 48015
####################################
Wall (up, right, down, left):
[-1, -1, 12, -9] [-3, 3, 18, -3] [-37, 3, 4, -23] [8, 1, 16, 0] [-14, 10, 23, 1] [18, -2, -8, 0] [5, -8, -9, -12]
[-38, -20, 16, -24] [-4, 12, -10, -9] [-36, -4, 10, -2] [-35, 7, 16, 21] [42, 11, -2, -10] [-29, -19, 3, 1] [-15, 2, -2, 7]
[-8, 3, 23, 16] [-1, 24, -10, -3] [-9, -4, 42, -20] [-81, 20, 51, 8] [-44, -45, -16, 36] [-22, -18, -4, 0] [-38, -13, -19, 4]
[-5, 46, -5, -41] [7, 1, 27, -23] [-6, 47, 10, -103] [0, 0, 0, 0] [43, -107, 31, 8] [27, -1, 3, 13] [-1, -2, 21, 6]
[-15, -23, 7, -3] [14, -6, -20, -15] [-7, -15, -52, -44] [56, 29, -121, 19] [9, -8, -24, 28] [-6, 9, 3, 25] [-35, -71, -10, 21]
[20, 33, 5, 0] [-21, -3, -12, 6] [33, -14, 20, -12] [-9, 10, -24, -2] [13, -1, -29, -7] [2, -6, -23, -1] [42, 1, 5, 10]
[-24, -18, 11, 6] [-7, -3, -45, -6] [-14, 4, 26, -4] [-3, 17, -45, -4] [39, 11, -10, 29] [44, -18, -41, 22] [-9, 21, 25, -1]
Food (up, right, down, left):
[14, 17, -6, 27] [-12, 24, -3, -11] [28, -23, 14, 4] [-17, -14, 51, 15] [-7, 0, 47, -16] [-12, -26, -19, -23] [-50, 15, 15, -11]
[-65, 2, -38, -19] [-5, 2, -36, -2] [8, 16, 19, 37] [-19, 19, -48, 22] [20, 7, -5, -49] [53, 8, -51, 23] [13, 1, 30, 24]
[-22, 1, 30, -42] [10, 8, -14, 26] [-63, -23, -33, 21] [40, -41, 32, 15] [-13, -8, -27, -29] [6, 22, -45, -26] [39, 23, 8, 22]
[11, 22, 5, 47] [-11, -6, -30, 32] [9, 10, -40, -19] [0, 0, 0, 0] [-12, 63, -37, -7] [6, -28, -32, -20] [-17, 43, -16, 21]
[2, 17, -17, 21] [0, 24, 9, 34] [24, -9, 40, 17] [-14, -45, 11, -24] [9, -2, 15, -21] [3, 45, 20, 22] [-16, -18, 5, -12]
[0, -29, -11, 3] [12, 4, 11, -4] [8, 7, 5, 34] [-22, -23, 46, -23] [-48, -36, 10, -52] [-13, 60, 18, 13] [2, 36, 0, 33]
[10, 5, -23, -6] [2, 8, 9, -49] [23, 16, 13, -10] [-7, 11, 19, -41] [50, 34, -5, -15] [29, 34, 13, 2] [11, -16, 21, -27]
------------------------------
ALIVE
Head: (18 27)
Body: (18 27) (18 26) (18 25) (17 25) (17 24) (17 23) (16 23) (16 22) (16 21) (16 20) 
Length: 10, 4
Vision: 3
Hungry, suplies: 9/10
Reproductive: 16, mutating: 0.25
Generation: 48014
####################################
Wall (up, right, down, left):
[-1, -1, 12, -12] [-3, 3, 18, -1] [-37, 3, 4, -23] [8, 1, 16, 0] [-14, 10, 23, 1] [18, -2, -8, 0] [5, -8, -9, -12]
[-38, -20, 16, -24] [-4, 12, -10, -9] [-36, -4, 10, -2] [-35, 7, 16, 21] [42, 11, -2, -10] [-29, -19, 3, 1] [-15, 2, -2, 7]
[-8, 3, 23, 16] [-1, 24, -10, -3] [-9, -4, 42, -20] [-81, 20, 51, 8] [-44, -45, -21, 36] [-19, -18, -4, 0] [-38, -13, -20, 4]
[-5, 46, -5, -41] [7, 1, 27, -23] [-6, 47, 10, -103] [0, 0, 0, 0] [43, -107, 31, 8] [27, -1, 3, 13] [-1, -2, 21, 7]
[-15, -22, 7, -3] [14, -6, -20, -12] [-7, -15, -52, -44] [56, 29, -121, 19] [9, -8, -24, 28] [-6, 9, 3, 25] [-35, -71, -10, 21]
[20, 33, 5, 0] [-21, -3, -12, 6] [33, -14, 20, -12] [-9, 10, -24, -2] [13, -1, -29, -7] [2, -6, -23, -1] [42, 1, 10, 10]
[-24, -18, 11, 6] [-7, -3, -45, -6] [-14, 4, 26, -4] [-3, 17, -45, -4] [39, 11, -9, 29] [44, -18, -37, 22] [-13, 21, 25, -1]
Food (up, right, down, left):
[14, 16, -6, 27] [-12, 23, -3, -11] [28, -23, 14, 4] [-17, -14, 46, 15] [-7, 0, 47, -16] [-12, -26, -19, -23] [-50, 15, 15, -11]
[-65, 2, -38, -19] [-5, 2, -36, -2] [8, 16, 19, 37] [-19, 19, -48, 22] [20, 7, -5, -49] [53, 8, -51, 23] [13, 1, 30, 24]
[-22, 1, 30, -42] [10, 8, -14, 26] [-63, -23, -33, 21] [40, -41, 32, 15] [-13, -12, -27, -29] [6, 22, -41, -26] [39, 20, 8, 22]
[11, 22, 5, 47] [-11, -6, -30, 32] [9, 10, -40, -19] [0, 0, 0, 0] [-12, 63, -37, -7] [6, -28, -32, -20] [-16, 43, -16, 24]
[2, 17, -17, 16] [3, 24, 9, 34] [24, -9, 40, 17] [-14, -45, 11, -24] [9, -2, 15, -21] [3, 45, 20, 22] [-16, -18, 5, -12]
[0, -29, -11, 3] [12, 4, 11, -4] [8, 7, 5, 34] [-22, -23, 46, -23] [-48, -36, 10, -52] [-13, 60, 18, 13] [2, 36, 0, 35]
[10, 5, -23, -6] [2, 8, 9, -49] [23, 16, 13, -10] [-7, 11, 18, -41] [50, 37, -5, -15] [29, 34, 15, 0] [11, -16, 25, -27]
------------------------------
ALIVE
Head: (5 2)
Body: (5 2) (5 1) (4 1) (4 2) (4 3) (3 3) (3 4) (3 5) 
Length: 8, 4
Vision: 3
Hungry, suplies: 9/10
Reproductive: 16, mutating: 0.25
Generation: 48022
####################################
