Wall (up, right, down, left):
[-9, -2, 0, -17] [-3, 9, 2, -28] [-28, -22, -6, -14] [5, 8, 17, 3] [4, 36, 44, 3] [3, -26, -34, -15] [8, -14, -12, -4]
[-40, -5, 26, -18] [39, 25, -4, 3] [-49, 19, 10, 4] [-34, 4, 18, 12] [20, 28, 11, 9] [-28, -19, 0, -16] [-22, -12, 15, -9]
[-10, 35, 30, 42] [-18, 33, -13, -26] [-16, 1, 58, -3] [-105, 19, 51, 9] [-41, -61, -17, 22] [-18, -20, -10, -2] [-2, -19, -29, 3]
[-14, 48, -14, -24] [13, 2, 23, -43] [6, 37, 5, -136] [0, 0, 0, 0] [48, -121, 19, 17] [16, -23, -6, 1] [15, 6, 35, -2]
[-1, -44, 16, 11] [8, -9, -27, -31] [-35, -21, -28, -43] [62, 8, -131, 36] [12, -11, -49, 59] [1, 24, -22, 9] [-11, -71, -25, 30]
[24, 26, 1, -7] [-35, 21, -5, 1] [35, -12, 34, -3] [-7, -8, -8, 2] [-15, -16, -32, -14] [-11, -31, -29, 13] [40, 16, 16, 0]
[-24, 15, 12, -22] [-1, -7, -46, -23] [18, 9, 23, 19] [-18, 19, -61, -25] [21, 17, -14, 36] [36, -6, -29, 27] [1, -4, 31, -3]
Food (up, right, down, left):
[12, 32, -24, 10] [-36, 28, 16, -20] [2, -10, 3, 12] [-13, 4, 53, 8] [20, -22, 58, -1] [9, -33, -20, -30] [-79, 13, 12, -38]
[-95, 18, -35, -21] [3, -34, -37, -6] [-4, 12, 41, 30] [-22, 2, -61, 47] [13, 32, 11, -65] [41, 9, -49, 3] [3, 1, 22, 68]
[-33, -11, 39, -32] [9, 28, -5, 15] [-29, -41, -36, 43] [67, -43, 18, -3] [-4, -17, -24, -24] [-14, -1, -53, -26] [61, 35, 30, 20]
[15, 39, -8, 48] [-17, -7, -24, 16] [-19, -13, -26, -6] [0, 0, 0, 0] [-6, 52, -60, -2] [-10, -28, -51, -11] [-25, 71, -20, -4]
[15, 6, -23, 36] [21, 32, 3, 44] [31, -21, 36, 29] [5, -60, 48, -8] [2, 18, 5, -7] [7, 41, 20, -2] [-13, -28, -20, -7]
[9, -40, -24, 10] [12, 21, 8, -18] [20, -14, 29, 38] [-32, -41, 45, -21] [-47, -18, 22, -56] [-25, 41, 47, 21] [-9, 50, 33, 32]
[37, 11, -10, -10] [-15, 0, 31, -79] [35, 14, -4, -21] [2, -7, -11, -11] [74, 36, 22, -31] [-19, 45, -1, 3] [28, -26, 35, -19]
------------------------------
ALIVE
Head: (12 51)
Body: (12 51) (11 51) (10 51) (9 51) (8 51) (7 51) (6 51) (5 51) (4 51) (3 51) (3 50) (3 49) (3 48) (2 48) 
Length: 14, 4
Vision: 3
Hungry, suplies: 7/10
Reproductive: 16, mutating: 0.25
Generation: 66903
####################################
Wall (up, right, down, left):
[-9, 1, 0, -17] [-3, 9, 2, -28] [-28, -22, -6, -14] [5, 12, 17, 3] [4, 36, 44, 3] [3, -26, -34, -15] [8, -14, -12, -4]
[-40, -5, 26, -18] [39, 25, -4, 3] [-49, 19, 10, 4] [-34, 4, 18, 12] [20, 28, 11, 9] [-28, -19, 0, -21] [-22, -12, 15, -9]
[-10, 35, 30, 42] [-18, 33, -13, -26] [-16, 1, 58, -3] [-105, 19, 51, 9] [-41, -61, -17, 22] [-18, -20, -10, -2] [-2, -19, -29, 3]
[-14, 48, -14, -24] [13, 2, 23, -43] [6, 37, 5, -136] [0, 0, 0, 0] [48, -121, 19, 17] [16, -23, -6, 1] [15, 6, 36, -2]
[0, -44, 16, 11] [8, -9, -27, -31] [-35, -21, -28, -43] [62, 3, -131, 36] [12, -11, -49, 59] [1, 24, -22, 9] [-11, -71, -25, 30]
[24, 26, 1, -7] [-35, 21, -5, 1] [35, -12, 34, -3] [-7, -8, -8, 2] [-15, -16, -32, -14] [-11, -31, -29, 13] [40, 16, 16, 0]
[-24, 15, 12, -22] [-1, -7, -46, -23] [18, 9, 23, 19] [-18, 19, -61, -25] [21, 17, -14, 36] [36, -6, -29, 27] [1, -4, 31, -3]
Food (up, right, down, left):
[12, 31, -24, 10] [-36, 28, 16, -20] [2, -10, 3, 12] [-12, 4, 53, 8] [20, -22, 58, -1] [9, -33, -20, -30] [-79, 13, 12, -38]
[-95, 18, -35, -21] [3, -34, -37, -6] [-4, 12, 41, 30] [-22, 2, -61, 47] [13, 32, 11, -65] [41, 7, -49, 3] [3, 6, 22, 68]
[-33, -11, 39, -32] [9, 28, -5, 15] [-29, -41, -36, 43] [67, -43, 18, -3] [-4, -17, -24, -24] [-14, -1, -53, -26] [61, 35, 30, 20]
[15, 39, -8, 48] [-17, -7, -24, 16] [-19, -13, -26, -6] [0, 0, 0, 0] [-6, 52, -60, -2] [-10, -28, -51, -11] [-25, 71, -20, -5]
[15, 9, -23, 36] [21, 32, 3, 44] [31, -21, 36, 29] [5, -60, 51, -8] [2, 18, 5, -7] [7, 41, 20, -2] [-13, -28, -20, -7]
[5, -40, -24, 10] [12, 21, 8, -18] [20, -14, 29, 38] [-32, -41, 45, -21] [-47, -18, 22, -56] [-25, 41, 47, 21] [-9, 50, 33, 32]
[37, 11, -10, -10] [-15, 0, 31, -79] [35, 14, -4, -21] [2, -7, -11, -11] [74, 36, 22, -31] [-19, 45, -1, 3] [28, -26, 35, -19]
------------------------------
ALIVE
Head: (21 39)
Body: (21 39) (21 38) (20 38) (19 38) (18 38) (18 37) (17 37) (16 37) (15 37) 
Length: 9, 4
Vision: 3
Hungry, suplies: 7/10
Reproductive: 16, mutating: 0.25
Generation: 66903
####################################
Wall (up, right, down, left):
[-9, 1, 0, -17] [-3, 9, 2, -28] [-28, -22, -6, -14] [5, 12, 17, 3] [4, 36, 44, 3] [3, -26, -34, -15] [8, -14, -12, -4]
[-40, -5, 26, -18] [39, 25, -4, 3] [-49, 19, 10, 4] [-34, 4, 18, 12] [20, 28, 11, 9] [-28, -19, 0, -21] [-22, -12, 15, -9]
[-10, 35, 30, 42] [-18, 33, -13, -26] [-16, 1, 58, -3] [-105, 19, 51, 9] [-41, -61, -17, 22] [-18, -20, -10, -2] [-2, -19, -29, 3]
[-14, 48, -14, -24] [13, 2, 23, -43] [6, 37, 5, -136] [0, 0, 0, 0] [48, -121, 19, 17] [16, -23, -6, 1] [15, 6, 36, -2]
[0, -44, 16, 11] [8, -9, -27, -31] [-35, -21, -28, -43] [62, 3, -131, 36] [12, -11, -49, 59] [1, 24, -22, 9] [-11, -71, -25, 30]
[24, 26, 1, -7] [-35, 21, -5, 1] [35, -12, 34, -3] [-7, -8, -8, 2] [-15, -16, -34, -14] [-11, -31, -29, 13] [40, 16, 16, 0]
[-24, 15, 12, -22] [-1, -7, -46, -23] [18, 9, 23, 19] [-18, 19, -61, -25] [21, 17, -14, 36] [36, -6, -29, 27] [1, -4, 31, -3]
Food (up, right, down, left):
[12, 31, -24, 10] [-36, 28, 16, -20] [2, -10, 3, 12] [-12, 4, 53, 8] [20, -22, 58, -1] [9, -33, -20, -30] [-79, 13, 12, -38]
[-95, 18, -35, -21] [3, -34, -37, -6] [-4, 12, 41, 30] [-22, 2, -61, 47] [13, 32, 11, -65] [41, 7, -49, 3] [3, 6, 22, 68]
[-33, -11, 39, -32] [9, 28, -5, 15] [-29, -41, -36, 43] [67, -43, 18, -3] [-4, -17, -24, -24] [-14, -1, -53, -26] [61, 35, 30, 20]
[15, 39, -8, 48] [-17, -7, -24, 16] [-19, -13, -26, -6] [0, 0, 0, 0] [-6, 52, -60, -2] [-10, -28, -51, -11] [-25, 71, -20, -5]
[15, 9, -23, 36] [21, 32, 3, 44] [31, -21, 36, 29] [5, -60, 51, -8] [2, 18, 5, -7] [7, 41, 20, -2] [-13, -28, -20, -7]
[5, -40, -24, 10] [12, 21, 8, -18] [20, -14, 29, 38] [-32, -41, 45, -21] [-47, -14, 22, -56] [-25, 41, 47, 21] [-9, 50, 33, 32]
[37, 11, -10, -10] [-15, 0, 31, -79] [35, 14, -4, -21] [2, -7, -11, -11] [74, 36, 22, -31] [-19, 45, -1, 3] [28, -26, 35, -19]
------------------------------
ALIVE
Head: (21 15)
Body: (21 15) (20 15) (19 15) (18 15) (18 14) (19 14) (20 14) (21 14) (22 14) (23 14) (23 15) (23 16) 
Length: 12, 4
Vision: 3
Hungry, suplies: 6/10
Reproductive: 16, mutating: 0.25
Generation: 66903
####################################
Wall (up, right, down, left):
[-9, 1, 0, -17] [-3, 9, 2, -28] [-28, -22, -6, -14] [5, 8, 17, 3] [4, 36, 44, 3] [3, -26, -34, -15] [8, -14, -12, -4]
[-40, -5, 26, -18] [39, 25, -4, 3] [-49, 19, 10, 4] [-34, 4, 18, 12] [20, 28, 11, 9] [-28, -19, 0, -21] [-22, -12, 15, -9]
[-10, 35, 30, 42] [-18, 33, -13, -26] [-16, 1, 58, -3] [-105, 19, 51, 9] [-41, -61, -17, 22] [-18, -20, -10, -2] [-2, -19, -29, 3]
[-14, 48, -14, -24] [13, 2, 23, -43] [6, 37, 5, -136] [0, 0, 0, 0] [48, -121, 19, 17] [16, -23, -6, 1] [15, 6, 36, -2]
[0, -44, 16, 11] [8, -9, -27, -31] [-35, -21, -28, -43] [62, 3, -131, 36] [12, -11, -45, 59] [1, 24, -22, 9] [-11, -71, -25, 30]
[24, 26, 1, -7] [-35, 21, -5, 1] [35, -12, 34, -3] [-7, -8, -8, 2] [-15, -16, -32, -14] [-11, -31, -29, 13] [40, 16, 16, 0]
[-24, 15, 12, -22] [-1, -7, -46, -23] [18, 9, 23, 19] [-18, 19, -61, -25] [21, 17, -14, 36] [36, -6, -29, 27] [1, -4, 31, -3]
Food (up, right, down, left):
[12, 31, -24, 10] [-36, 28, 16, -20] [2, -10, 3, 12] [-13, 4, 53, 8] [20, -22, 58, -1] [9, -33, -20, -30] [-79, 13, 12, -38]
[-95, 18, -35, -21] [3, -34, -37, -6] [-4, 12, 41, 30] [-22, 2, -61, 47] [13, 32, 11, -65] [41, 7, -49, 3] [3, 6, 22, 68]
[-33, -11, 39, -32] [9, 28, -5, 15] [-29, -41, -36, 43] [67, -43, 18, -3] [-4, -17, -24, -24] [-14, -1, -53, -26] [61, 35, 30, 20]
[15, 39, -8, 48] [-17, -7, -24, 16] [-19, -13, -26, -6] [0, 0, 0, 0] [-6, 52, -60, -2] [-10, -28, -51, -11] [-25, 71, -20, -5]
[15, 9, -23, 36] [21, 32, 3, 44] [31, -21, 36, 29] [5, -60, 51, -8] [2, 23, 5, -7] [7, 41, 20, -2] [-13, -28, -20, -7]
[9, -40, -24, 10] [12, 21, 8, -18] [20, -14, 29, 38] [-32, -41, 45, -21] [-47, -18, 22, -56] [-25, 41, 47, 21] [-9, 50, 33, 32]
[37, 11, -10, -10] [-15, 0, 31, -79] [35, 14, -4, -21] [2, -7, -11, -11] [74, 36, 22, -31] [-19, 45, -1, 3] [28, -26, 35, -19]
------------------------------
ALIVE
Head: (9 7)
Body: (9 7) (8 7) (7 7) (7 6) (7 5) (7 4) (7 3) (7 2) (8 2) (9 2) (10 2) 
Length: 11, 4
Vision: 3
Hungry, suplies: 9/10
Reproductive: 16, mutating: 0.25
Generation: 66902
####################################
Wall (up, right, down, left):
[-9, 1, 0, -17] [-3, 7, 2, -28] [-28, -22, -6, -14] [5, 8, 17, 3] [4, 36, 44, 3] [3, -26, -34, -15] [8, -14, -12, -4]
[-40, -5, 26, -18] [39, 25, -4, 3] [-49, 19, 10, 4] [-34, 4, 18, 12] [20, 28, 11, 9] [-28, -19, 0, -16] [-22, -12, 15, -9]
[-10, 35, 30, 42] [-18, 33, -13, -26] [-16, 1, 58, -3] [-105, 19, 51, 9] [-41, -61, -17, 22] [-18, -20, -10, -2] [-2, -19, -29, 3]
[-14, 48, -14, -24] [13, 2, 23, -43] [6, 37, 5, -136] [0, 0, 0, 0] [48, -121, 19, 17] [16, -23, -6, 1] [15, 6, 36, -2]
[-1, -44, 16, 11] [8, -9, -27, -31] [-35, -21, -28, -43] [62, 3, -131, 36] [12, -11, -49, 59] [1, 24, -22, 9] [-11, -71, -25, 30]
[24, 26, 1, -7] [-35, 21, -5, 1] [35, -12, 34, -3] [-7, -8, -8, 2] [-15, -16, -32, -14] [-11, -31, -29, 13] [40, 16, 16, 0]
[-24, 15, 12, -22] [-1, -7, -46, -23] [18, 9, 23, 19] [-18, 19, -61, -25] [21, 17, -14, 36] [36, -6, -29, 27] [1, -4, 31, -3]
Food (up, right, down, left):
[12, 31, -24, 10] [-36, 28, 16, -17] [2, -10, 3, 12] [-13, 4, 53, 8] [20, -22, 58, -1] [9, -33, -20, -30] [-79, 13, 12, -38]
[-95, 18, -35, -21] [3, -34, -37, -6] [-4, 12, 41, 30] [-22, 2, -61, 47] [13, 32, 11, -65] [41, 9, -49, 3] [3, 1, 22, 68]
[-33, -11, 39, -32] [9, 28, -5, 15] [-29, -41, -36, 43] [67, -43, 18, -3] [-4, -17, -24, -24] [-14, -1, -53, -26] [61, 35, 30, 20]
[15, 39, -8, 48] [-17, -7, -24, 16] [-19, -13, -26, -6] [0, 0, 0, 0] [-6, 52, -60, -2] [-10, -28, -51, -11] [-25, 71, -20, -5]
[15, 6, -23, 36] [21, 32, 3, 44] [31, -21, 36, 29] [5, -60, 51, -8] [2, 18, 5, -7] [7, 41, 20, -2] [-13, -28, -20, -7]
[9, -40, -24, 10] [12, 21, 8, -18] [20, -14, 29, 38] [-32, -41, 45, -21] [-47, -18, 22, -56] [-25, 41, 47, 21] [-9, 50, 33, 32]
[37, 11, -10, -10] [-15, 0, 31, -79] [35, 14, -4, -21] [2, -7, -11, -11] [74, 36, 22, -31] [-19, 45, -1, 3] [28, -26, 35, -19]
------------------------------
ALIVE
Head: (5 0)
Body: (5 0) (4 0) (3 0) (2 57) (2 56) (1 56) (1 55) (1 54) (0 54) (25 53) (24 53) (-1 52) (0 52) (1 52) (2 52) 
Length: 15, 4
Vision: 3
Hungry, suplies: 3/10
Reproductive: 16, mutating: 0.25
Generation: 66905
####################################
Wall (up, right, down, left):
[-9, 1, 0, -17] [-3, 9, 2, -28] [-28, -22, -6, -14] [5, 8, 17, 3] [4, 36, 44, 3] [3, -26, -34, -15] [8, -14, -12, -4]
[-40, -5, 26, -18] [44, 25, -4, 3] [-49, 19, 10, 4] [-34, 4, 18, 12] [20, 28, 11, 9] [-28, -19, 0, -16] [-22, -12, 15, -9]
[-10, 35, 30, 42] [-18, 33, -13, -26] [-16, 1, 58, -3] [-105, 19, 51, 9] [-41, -61, -17, 22] [-18, -20, -10, -2] [-2, -19, -29, 3]
[-14, 48, -14, -24] [13, 2, 23, -43] [6, 37, 5, -136] [0, 0, 0, 0] [48, -121, 19, 17] [16, -23, -6, 1] [15, 6, 36, -2]
[-1, -44, 16, 11] [8, -9, -27, -31] [-35, -21, -28, -43] [62, 3, -131, 36] [12, -11, -49, 59] [1, 24, -22, 9] [-11, -71, -25, 30]
[24, 26, 1, -7] [-35, 21, -5, 1] [35, -12, 34, -3] [-7, -10, -8, 2] [-15, -16, -32, -14] [-11, -31, -29, 13] [40, 16, 16, 0]
[-24, 15, 12, -22] [-1, -7, -46, -23] [18, 9, 23, 19] [-18, 19, -61, -25] [21, 17, -14, 36] [36, -6, -29, 27] [1, -4, 31, -3]
Food (up, right, down, left):
[12, 31, -24, 10] [-36, 28, 16, -20] [2, -10, 3, 12] [-13, 4, 53, 8] [20, -22, 58, -1] [9, -33, -20, -30] [-79, 13, 12, -38]
[-95, 18, -35, -21] [1, -34, -37, -6] [-4, 12, 41, 30] [-22, 2, -61, 47] [13, 32, 11, -65] [41, 9, -49, 3] [3, 1, 22, 68]
[-33, -11, 39, -32] [9, 28, -5, 15] [-29, -41, -36, 43] [67, -43, 18, -3] [-4, -17, -24, -24] [-14, -1, -53, -26] [61, 35, 30, 20]
[15, 39, -8, 48] [-17, -7, -24, 16] [-19, -13, -26, -6] [0, 0, 0, 0] [-6, 52, -60, -2] [-10, -28, -51, -11] [-25, 71, -20, -5]
[15, 6, -23, 36] [21, 32, 3, 44] [31, -21, 36, 29] [5, -60, 51, -8] [2, 18, 5, -7] [7, 41, 20, -2] [-13, -28, -20, -7]
[9, -40, -24, 10] [12, 21, 8, -18] [20, -14, 29, 38] [-32, -46, 45, -21] [-47, -18, 22, -56] [-25, 41, 47, 21] [-9, 50, 33, 32]
[37, 11, -10, -10] [-15, 0, 31, -79] [35, 14, -4, -21] [2, -7, -11, -11] [74, 36, 22, -31] [-19, 45, -1, 3] [28, -26, 35, -19]
------------------------------
ALIVE
Head: (3 17)
Body: (3 17) (3 16) (3 15) (3 14) (3 13) (3 12) (4 12) (5 12) (6 12) (6 13) (6 14) (7 14) (7 15) (7 16) 
Length: 14, 4
Vision: 3
Hungry, suplies: 10/10
Reproductive: 16, mutating: 0.25
Generation: 66905
####################################
Wall (up, right, down, left):
[-9, 1, 0, -17] [-3, 9, 2, -28] [-28, -22, -6, -14] [5, 8, 17, 3] [4, 36, 44, 3] [3, -26, -34, -15] [8, -14, -12, -4]
[-40, -5, 26, -18] [39, 25, -4, 3] [-49, 19, 10, 4] [-34, 4, 18, 12] [20, 28, 11, 9] [-28, -19, 0, -16] [-22, -12, 15, -9]
[-10, 35, 30, 42] [-18, 33, -13, -26] [-16, 1, 58, -3] [-105, 19, 51, 9] [-41, -61, -17, 22] [-18, -20, -10, -2] [-2, -19, -29, 3]
[-14, 48, -14, -24] [13, 2, 23, -43] [6, 37, 5, -136] [0, 0, 0, 0] [48, -121, 19, 17] [16, -23, -6, 1] [15, 6, 36, -2]
[-1, -44, 16, 11] [8, -9, -27, -31] [-35, -21, -28, -43] [62, 3, -131, 36] [12, -11, -49, 59] [1, 24, -22, 9] [-11, -71, -25, 30]
[24, 26, -4, -7] [-35, 21, -5, 1] [35, -12, 34, -3] [-7, -8, -8, 2] [-15, -16, -32, -14] [-11, -31, -29, 13] [40, 16, 16, 0]
[-22, 15, 12, -22] [-1, -7, -46, -23] [18, 9, 23, 19] [-18, 19, -61, -25] [21, 17, -14, 36] [36, -6, -29, 27] [1, -4, 31, -3]
Food (up, right, down, left):
[12, 31, -24, 10] [-36, 28, 16, -20] [2, -10, 3, 12] [-13, 4, 53, 8] [20, -22, 58, -1] [9, -33, -20, -30] [-79, 13, 12, -38]
[-95, 18, -35, -21] [3, -34, -37, -6] [-4, 12, 41, 30] [-22, 2, -61, 47] [13, 32, 11, -65] [41, 9, -49, 3] [3, 1, 22, 68]
[-33, -11, 39, -32] [9, 28, -5, 15] [-29, -41, -36, 43] [67, -43, 18, -3] [-4, -17, -24, -24] [-14, -1, -53, -26] [61, 35, 30, 20]
[15, 39, -8, 48] [-17, -7, -24, 16] [-19, -13, -26, -6] [0, 0, 0, 0] [-6, 52, -60, -2] [-10, -28, -51, -11] [-25, 71, -20, -5]
[15, 6, -23, 36] [21, 32, 3, 44] [31, -21, 36, 29] [5, -60, 51, -8] [2, 18, 5, -7] [7, 41, 20, -2] [-13, -28, -20, -7]
[9, -36, -24, 10] [12, 21, 8, -18] [20, -14, 29, 38] [-32, -41, 45, -21] [-47, -18, 22, -56] [-25, 41, 47, 21] [-9, 50, 33, 32]
[34, 11, -10, -10] [-15, 0, 31, -79] [35, 14, -4, -21] [2, -7, -11, -11] [74, 36, 22, -31] [-19, 45, -1, 3] [28, -26, 35, -19]
------------------------------
ALIVE
Head: (15 41)
Body: (15 41) (14 41) (13 41) (13 40) (12 40) (12 41) (12 42) (13 42) (14 42) (14 43) (14 44) (13 44) 
Length: 12, 4
Vision: 3
Hungry, suplies: 9/10
Reproductive: 16, mutating: 0.25
Generation: 66905
####################################
Wall (up, right, down, left):
[-9, 1, 0, -17] [-3, 9, 2, -28] [-28, -22, -6, -14] [5, 12, 17, 3] [4, 36, 44, 3] [3, -26, -34, -15] [8, -14, -12, -4]
[-40, -5, 26, -18] [39, 25, -4, 3] [-49, 19, 10, 4] [-34, 4, 18, 12] [20, 28, 11, 9] [-28, -19, 0, -21] [-22, -12, 15, -9]
[-10, 35, 30, 42] [-18, 33, -13, -26] [-16, 1, 58, -3] [-105, 19, 51, 9] [-41, -61, -17, 22] [-18, -20, -10, -2] [-2, -19, -29, 3]
[-14, 48, -14, -24] [13, 2, 23, -43] [6, 37, 5, -136] [0, 0, 0, 0] [48, -121, 19, 17] [16, -23, -6, 1] [15, 6, 36, -2]
[0, -44, 16, 11] [8, -9, -27, -31] [-35, -21, -28, -43] [62, 3, -131, 36] [12, -11, -49, 59] [1, 24, -22, 9] [-11, -71, -25, 30]
[24, 26, 1, -7] [-35, 21, -5, 1] [35, -12, 34, -3] [-7, -8, -8, 2] [-15, -16, -32, -14] [-11, -31, -29, 13] [40, 16, 16, 0]
[-24, 15, 12, -22] [-1, -7, -46, -23] [18, 9, 23, 19] [-18, 19, -61, -25] [21, 17, -14, 36] [36, -6, -29, 27] [1, -4, 31, -3]
Food (up, right, down, left):
[12, 31, -24, 10] [-36, 28, 16, -20] [2, -10, 3, 12] [-12, 4, 53, 8] [20, -22, 58, -1] [9, -33, -20, -30] [-79, 13, 12, -38]
[-95, 18, -35, -21] [3, -34, -37, -6] [-4, 12, 41, 30] [-22, 2, -61, 47] [13, 32, 11, -65] [41, 7, -49, 3] [3, 6, 22, 68]
[-33, -11, 39, -32] [9, 28, -5, 15] [-29, -41, -36, 43] [67, -43, 18, -3] [-4, -17, -24, -24] [-14, -1, -53, -26] [61, 35, 30, 20]
[15, 39, -8, 48] [-17, -7, -24, 16] [-19, -13, -26, -6] [0, 0, 0, 0] [-6, 52, -60, -2] [-10, -28, -51, -11] [-25, 71, -20, -5]
[15, 9, -23, 36] [21, 32, 3, 44] [31, -21, 36, 29] [5, -60, 51, -8] [2, 18, 5, -7] [7, 41, 20, -2] [-13, -28, -20, -7]
[5, -40, -24, 10] [12, 21, 8, -18] [20, -14, 29, 38] [-32, -41, 45, -21] [-47, -18, 22, -56] [-25, 41, 47, 21] [-9, 50, 33, 32]
[37, 11, -10, -10] [-15, 0, 31, -79] [35, 14, -4, -21] [2, -7, -11, -11] [74, 36, 22, -31] [-19, 45, -1, 3] [28, -26, 35, -19]
------------------------------
ALIVE
Head: (15 5)
Body: (15 5) (15 4) (15 3) (14 3) (13 3) (13 2) (12 2) (11 2) (11 3) (11 4) (11 5) (12 5) (13 5) (14 5) 
Length: 14, 4
Vision: 3
Hungry, suplies: 10/10
Reproductive: 16, mutating: 0.25
Generation: 66903
####################################
Wall (up, right, down, left):
[-9, -2, 0, -17] [-3, 9, 2, -28] [-28, -22, -6, -14] [5, 8, 17, 3] [4, 36, 44, 3] [3, -26, -34, -15] [8, -14, -12, -4]
[-40, -5, 26, -18] [39, 25, -4, 3] [-49, 19, 10, 4] [-34, 4, 18, 12] [20, 28, 11, 9] [-28, -19, 0, -16] [-22, -12, 15, -9]
[-10, 35, 30, 42] [-18, 33, -13, -26] [-16, 1, 58, -3] [-105, 19, 51, 9] [-41, -61, -17, 22] [-18, -20, -10, -2] [-2, -19, -29, 3]
[-14, 48, -14, -24] [13, 2, 23, -43] [6, 37, 5, -136] [0, 0, 0, 0] [48, -121, 19, 17] [16, -23, -6, 1] [15, 6, 35, -2]
[-1, -44, 16, 11] [8, -9, -27, -31] [-35, -21, -28, -43] [62, 8, -131, 36] [12, -11, -49, 59] [1, 24, -22, 9] [-11, -71, -25, 30]
[24, 26, 1, -7] [-35, 21, -5, 1] [35, -12, 34, -3] [-7, -8, -8, 2] [-15, -16, -32, -14] [-11, -31, -29, 13] [40, 16, 16, 0]
[-24, 15, 12, -22] [-1, -7, -46, -23] [18, 9, 23, 19] [-18, 19, -61, -25] [21, 17, -14, 36] [36, -6, -29, 27] [1, -4, 31, -3]
Food (up, right, down, left):
[12, 32, -24, 10] [-36, 28, 16, -20] [2, -10, 3, 12] [-13, 4, 53, 8] [20, -22, 58, -1] [9, -33, -20, -30] [-79, 13, 12, -38]
[-95, 18, -35, -21] [3, -34, -37, -6] [-4, 12, 41, 30] [-22, 2, -61, 47] [13, 32, 11, -65] [41, 9, -49, 3] [3, 1, 22, 68]
[-33, -11, 39, -32] [9, 28, -5, 15] [-29, -41, -36, 43] [67, -43, 18, -3] [-4, -17, -24, -24] [-14, -1, -53, -26] [61, 35, 30, 20]
[15, 39, -8, 48] [-17, -7, -24, 16] [-19, -13, -26, -6] [0, 0, 0, 0] [-6, 52, -60, -2] [-10, -28, -51, -11] [-25, 71, -20, -4]
[15, 6, -23, 36] [21, 32, 3, 44] [31, -21, 36, 29] [5, -60, 48, -8] [2, 18, 5, -7] [7, 41, 20, -2] [-13, -28, -20, -7]
[9, -40, -24, 10] [12, 21, 8, -18] [20, -14, 29, 38] [-32, -41, 45, -21] [-47, -18, 22, -56] [-25, 41, 47, 21] [-9, 50, 33, 32]
[37, 11, -10, -10] [-15, 0, 31, -79] [35, 14, -4, -21] [2, -7, -11, -11] [74, 36, 22, -31] [-19, 45, -1, 3] [28, -26, 35, -19]
------------------------------
ALIVE
Head: (2 1)
Body: (2 1) (2 2) (2 3) (2 4) (3 4) (3 5) (3 6) (2 6) (2 7) (1 7) (0 7) (25 6) (24 6) (23 6) (22 6) 
Length: 15, 4
Vision: 3
Hungry, suplies: 4/10
Reproductive: 16, mutating: 0.25
Generation: 66905
####################################
Wall (up, right, down, left):
[-9, 1, 0, -17] [-3, 9, 2, -28] [-28, -22, -6, -14] [5, 8, 17, 3] [4, 36, 44, 3] [3, -26, -34, -15] [8, -14, -12, -4]
[-40, -5, 26, -18] [39, 25, -4, 3] [-49, 19, 10, 4] [-34, 4, 18, 12] [20, 28, 11, 9] [-28, -19, 0, -21] [-22, -12, 15, -9]
[-10, 35, 30, 42] [-18, 33, -13, -26] [-16, 1, 58, -3] [-105, 19, 51, 9] [-41, -61, -17, 22] [-18, -20, -10, -2] [-2, -19, -29, 3]
[-14, 48, -14, -24] [13, 2, 23, -43] [6, 37, 5, -136] [0, 0, 0, 0] [48, -121, 19, 17] [16, -23, -6, 1] [15, 6, 36, -2]
[0, -44, 16, 11] [8, -9, -27, -31] [-35, -21, -28, -43] [62, 3, -131, 36] [12, -11, -49, 56] [1, 24, -22, 9] [-11, -71, -25, 30]
[24, 26, 1, -7] [-35, 21, -5, 1] [35, -12, 34, -3] [-7, -8, -8, 2] [-15, -16, -32, -14] [-11, -31, -29, 13] [40, 16, 16, 0]
[-24, 15, 12, -17] [-1, -7, -49, -23] [18, 9, 23, 19] [-18, 19, -61, -25] [21, 17, -14, 36] [36, -6, -29, 27] [1, -4, 31, -3]
Food (up, right, down, left):
[12, 31, -24, 10] [-36, 28, 16, -20] [2, -10, 3, 12] [-13, 4, 53, 8] [20, -22, 58, -1] [9, -33, -20, -30] [-79, 13, 12, -38]
[-95, 18, -35, -21] [3, -34, -37, -6] [-4, 12, 41, 30] [-22, 2, -61, 47] [13, 32, 11, -65] [41, 7, -49, 3] [3, 6, 22, 68]
[-33, -11, 39, -32] [9, 28, -5, 15] [-29, -41, -36, 43] [67, -43, 18, -3] [-4, -17, -24, -24] [-14, -1, -53, -26] [61, 35, 30, 20]
[15, 39, -8, 48] [-17, -7, -24, 16] [-19, -13, -26, -4] [0, 0, 0, 0] [-6, 52, -60, -2] [-10, -28, -51, -11] [-25, 71, -20, -5]
[15, 9, -23, 36] [21, 32, 3, 44] [31, -21, 36, 29] [5, -60, 51, -8] [2, 18, 5, -7] [7, 41, 20, -2] [-13, -28, -20, -7]
[9, -40, -24, 10] [12, 21, 8, -18] [20, -14, 29, 38] [-32, -41, 45, -21] [-47, -18, 22, -56] [-25, 41, 47, 21] [-9, 50, 33, 32]
[37, 11, -15, -10] [-15, 0, 33, -79] [35, 14, -4, -21] [2, -7, -11, -11] [74, 36, 22, -31] [-19, 45, -1, 3] [28, -26, 35, -19]
------------------------------
ALIVE
Head: (1 33)
Body: (1 33) (25 33) (24 33) (23 33) (22 33) (22 32) (23 32) (-1 32) (0 32) (1 32) (2 32) (3 32) 
Length: 12, 4
Vision: 3
Hungry, suplies: 8/10
Reproductive: 16, mutating: 0.25
Generation: 66902
####################################
Wall (up, right, down, left):
[-9, 1, 0, -17] [-3, 9, 2, -28] [-28, -22, -6, -14] [5, 8, 17, 3] [4, 36, 44, 3] [3, -26, -34, -15] [8, -14, -12, -4]
[-40, -5, 26, -18] [39, 25, -4, 3] [-49, 19, 10, 4] [-34, 4, 18, 12] [20, 28, 11, 9] [-28, -19, 0, -21] [-22, -12, 15, -9]
[-10, 35, 30, 42] [-18, 33, -13, -26] [-16, 1, 58, -3] [-105, 19, 51, 9] [-41, -61, -17, 22] [-18, -20, -10, -2] [-2, -19, -29, 3]
[-14, 48, -14, -24] [13, 2, 23, -43] [6, 37, 5, -136] [0, 0, 0, 0] [48, -121, 19, 17] [16, -23, -6, 1] [15, 6, 36, -2]
[0, -44, 16, 11] [8, -9, -27, -31] [-35, -21, -28, -43] [62, -2, -131, 36] [12, -11, -49, 56] [1, 24, -22, 9] [-11, -71, -25, 30]
[24, 26, 1, -7] [-35, 21, -5, 1] [35, -12, 34, -3] [-7, -8, -8, 2] [-15, -16, -32, -14] [-11, -31, -29, 13] [40, 16, 16, 0]
[-24, 15, 12, -22] [-1, -7, -49, -23] [18, 9, 23, 19] [-18, 19, -61, -25] [21, 17, -14, 36] [36, -6, -29, 27] [1, -4, 31, -3]
Food (up, right, down, left):
[12, 31, -24, 10] [-36, 28, 16, -20] [2, -10, 3, 12] [-13, 4, 53, 8] [20, -22, 58, -1] [9, -33, -20, -30] [-79, 13, 12, -38]
[-95, 18, -35, -21] [3, -34, -37, -6] [-4, 12, 41, 30] [-22, 2, -61, 47] [13, 32, 11, -65] [41, 7, -49, 3] [3, 6, 22, 68]
[-33, -11, 39, -32] [9, 28, -5, 15] [-29, -41, -36, 43] [67, -43, 18, -3] [-4, -17, -24, -24] [-14, -1, -53, -26] [61, 35, 30, 20]
[15, 39, -8, 48] [-17, -7, -24, 16] [-19, -13, -26, -4] [0, 0, 0, 0] [-6, 52, -60, -2] [-10, -28, -51, -11] [-25, 71, -20, -5]
[15, 9, -23, 36] [21, 32, 3, 44] [31, -21, 36, 29] [5, -61, 51, -8] [2, 18, 5, -7] [7, 41, 20, -2] [-13, -28, -20, -7]
[9, -40, -24, 10] [12, 21, 8, -18] [20, -14, 29, 38] [-32, -41, 45, -21] [-47, -18, 22, -56] [-25, 41, 47, 21] [-9, 50, 33, 32]
[37, 11, -10, -10] [-15, 0, 33, -79] [35, 14, -4, -21] [2, -7, -11, -11] [74, 36, 22, -31] [-19, 45, -1, 3] [28, -26, 35, -19]
------------------------------
ALIVE
Head: (15 24)
Body: (15 24) (14 24) (13 24) (13 23) (13 22) (13 21) (13 20) (13 19) (13 18) 
Length: 9, 4
Vision: 3
Hungry, suplies: 8/10
Reproductive: 16, mutating: 0.25
Generation: 66903
####################################
Wall (up, right, down, left):
[-9, 1, 0, -17] [-3, 9, 2, -28] [-28, -22, -6, -14] [5, 8, 17, 3] [4, 36, 44, 3] [3, -26, -34, -15] [8, -14, -12, -4]
[-40, -5, 26, -18] [44, 25, -4, 3] [-49, 19, 10, 4] [-34, 4, 18, 12] [20, 28, 11, 9] [-28, -19, 0, -16] [-22, -12, 15, -9]
[-10, 35, 30, 42] [-18, 33, -13, -26] [-16, 1, 58, -3] [-105, 19, 51, 9] [-41, -61, -17, 22] [-18, -20, -10, -2] [-2, -19, -29, 3]
[-14, 48, -14, -24] [13, 2, 23, -43] [6, 37, 5, -136] [0, 0, 0, 0] [48, -121, 19, 17] [16, -23, -6, 1] [15, 6, 36, -2]
[-1, -44, 16, 11] [8, -9, -27, -31] [-35, -21, -28, -43] [62, 3, -131, 36] [12, -11, -49, 59] [1, 24, -22, 9] [-11, -71, -25, 30]
[24, 26, 1, -7] [-35, 21, -5, 1] [35, -12, 34, -3] [-7, -10, -8, 2] [-15, -16, -32, -14] [-11, -31, -29, 13] [40, 16, 16, 0]
[-24, 15, 12, -22] [-1, -7, -46, -23] [18, 9, 23, 19] [-18, 19, -61, -25] [21, 17, -14, 36] [36, -6, -29, 27] [1, -4, 31, -3]
Food (up, right, down, left):
[12, 31, -24, 10] [-36, 28, 16, -20] [2, -10, 3, 12] [-13, 4, 53, 8] [20, -22, 58, -1] [9, -33, -20, -30] [-79, 13, 12, -38]
[-95, 18, -35, -21] [1, -34, -37, -6] [-4, 12, 41, 30] [-22, 2, -61, 47] [13, 32, 11, -65] [41, 9, -49, 3] [3, 1, 22, 68]
[-33, -11, 39, -32] [9, 28, -5, 15] [-29, -41, -36, 43] [67, -43, 18, -3] [-4, -17, -24, -24] [-14, -1, -53, -26] [61, 35, 30, 20]
[15, 39, -8, 48] [-17, -7, -24, 16] [-19, -13, -26, -6] [0, 0, 0, 0] [-6, 52, -60, -2] [-10, -28, -51, -11] [-25, 71, -20, -5]
[15, 6, -23, 36] [21, 32, 3, 44] [31, -21, 36, 29] [5, -60, 51, -8] [2, 18, 5, -7] [7, 41, 20, -2] [-13, -28, -20, -7]
[9, -40, -24, 10] [12, 21, 8, -18] [20, -14, 29, 38] [-32, -46, 45, -21] [-47, -18, 22, -56] [-25, 41, 47, 21] [-9, 50, 33, 32]
[37, 11, -10, -10] [-15, 0, 31, -79] [35, 14, -4, -21] [2, -7, -11, -11] [74, 36, 22, -31] [-19, 45, -1, 3] [28, -26, 35, -19]
------------------------------
ALIVE
Head: (10 16)
Body: (10 16) (11 16) (11 17) (11 18) (11 19) (12 19) (12 20) (11 20) (11 21) (11 22) (12 22) (12 23) 
Length: 12, 4
Vision: 3
Hungry, suplies: 4/10
Reproductive: 16, mutating: 0.25
Generation: 66907
####################################
Wall (up, right, down, left):
[-9, 1, 0, -17] [-3, 9, 2, -28] [-28, -22, -6, -14] [5, 8, 17, 3] [4, 36, 44, 3] [3, -26, -34, -15] [8, -14, -12, -4]
[-40, -5, 26, -18] [39, 25, -4, 3] [-49, 19, 10, 4] [-34, 4, 18, 12] [20, 28, 11, 9] [-28, -19, 0, -16] [-22, -12, 15, -9]
[-10, 35, 30, 42] [-18, 33, -13, -26] [-16, 1, 58, -3] [-105, 19, 51, 9] [-41, -61, -17, 22] [-18, -20, -10, -2] [-2, -19, -29, 3]
[-14, 48, -14, -24] [13, 2, 23, -43] [6, 37, 5, -136] [0, 0, 0, 0] [48, -121, 19, 17] [16, -23, -6, 1] [15, 6, 36, -2]
[-1, -44, 16, 11] [8, -9, -27, -31] [-35, -21, -28, -43] [62, 3, -131, 36] [12, -11, -49, 59] [1, 24, -22, 9] [-11, -71, -25, 30]
[24, 26, -4, -7] [-35, 21, -5, 1] [35, -12, 34, -3] [-7, -8, -8, 2] [-15, -16, -32, -14] [-11, -31, -29, 13] [40, 16, 16, 0]
[-22, 15, 12, -22] [-1, -7, -46, -23] [18, 9, 23, 19] [-18, 19, -61, -25] [21, 17, -14, 36] [36, -6, -29, 27] [1, -4, 31, -3]
Food (up, right, down, left):
[12, 31, -24, 10] [-36, 28, 16, -20] [2, -10, 3, 12] [-13, 4, 53, 8] [20, -22, 58, -1] [9, -33, -20, -30] [-79, 13, 12, -38]
[-95, 18, -35, -21] [3, -34, -37, -6] [-4, 12, 41, 30] [-22, 2, -61, 47] [13, 32, 11, -65] [41, 9, -49, 3] [3, 1, 22, 68]
[-33, -11, 39, -32] [9, 28, -5, 15] [-29, -41, -36, 43] [67, -43, 18, -3] [-4, -17, -24, -24] [-14, -1, -53, -26] [61, 35, 30, 20]
[15, 39, -8, 48] [-17, -7, -24, 16] [-19, -13, -26, -6] [0, 0, 0, 0] [-6, 52, -60, -2] [-10, -28, -51, -11] [-25, 71, -20, -5]
[15, 6, -23, 36] [21, 32, 3, 44] [31, -21, 36, 29] [5, -60, 51, -8] [2, 18, 5, -7] [7, 41, 20, -2] [-13, -28, -20, -7]
[9, -36, -24, 10] [12, 21, 8, -18] [20, -14, 29, 38] [-32, -41, 45, -21] [-47, -18, 22, -56] [-25, 41, 47, 21] [-9, 50, 33, 32]
[34, 11, -10, -10] [-15, 0, 31, -79] [35, 14, -4, -21] [2, -7, -11, -11] [74, 36, 22, -31] [-19, 45, -1, 3] [28, -26, 35, -19]
------------------------------
ALIVE
Head: (24 9)
Body: (24 9) (24 10) (0 10) (0 9) (1 9) (1 10) (1 11) (2 11) (3 11) (3 10) 
Length: 10, 4
Vision: 3
Hungry, suplies: 9/10
Reproductive: 16, mutating: 0.25
Generation: 66906
####################################
Wall (up, right, down, left):
[-9, 1, 0, -17] [-3, 9, 2, -28] [-28, -22, -6, -14] [5, 8, 17, 3] [4, 36, 44, 3] [3, -26, -34, -15] [8, -14, -12, -4]
[-40, -5, 26, -18] [39, 25, -4, 3] [-49, 19, 10, 4] [-34, 4, 18, 12] [20, 28, 11, 9] [-28, -19, 0, -21] [-22, -12, 15, -9]
[-10, 35, 30, 42] [-18, 33, -13, -26] [-16, 1, 58, -3] [-105, 19, 51, 9] [-41, -61, -17, 22] [-18, -20, -10, -2] [-2, -19, -29, 3]
[-14, 48, -14, -24] [13, 2, 23, -43] [6, 37, 5, -136] [0, 0, 0, 0] [48, -121, 19, 17] [16, -23, -6, 1] [15, 6, 36, -2]
[0, -44, 16, 11] [8, -9, -27, -31] [-35, -21, -28, -43] [62, 3, -131, 36] [12, -11, -49, 56] [1, 24, -22, 9] [-11, -71, -25, 30]
[24, 26, 1, -7] [-35, 21, -5, 1] [35, -12, 34, -3] [-7, -8, -8, 2] [-15, -16, -32, -14] [-11, -31, -29, 13] [40, 16, 16, 0]
[-24, 15, 12, -22] [-1, -7, -49, -23] [18, 9, 23, 19] [-18, 19, -61, -25] [21, 17, -14, 36] [36, -6, -29, 27] [1, -4, 31, -3]
Food (up, right, down, left):
[12, 31, -24, 10] [-36, 28, 16, -20] [2, -10, 3, 12] [-13, 4, 53, 8] [20, -22, 58, -1] [9, -33, -20, -30] [-79, 13, 12, -38]
[-95, 18, -35, -21] [3, -34, -37, -6] [-4, 12, 41, 30] [-22, 2, -61, 47] [13, 32, 11, -65] [41, 7, -49, 3] [3, 6, 22, 68]
[-33, -11, 39, -32] [9, 28, -5, 15] [-29, -41, -36, 43] [67, -43, 18, -3] [-4, -17, -24, -24] [-14, -1, -53, -26] [61, 35, 30, 20]
[15, 39, -8, 48] [-17, -7, -24, 16] [-19, -13, -26, -4] [0, 0, 0, 0] [-6, 52, -60, -2] [-10, -28, -51, -11] [-25, 71, -20, -5]
[15, 9, -23, 36] [21, 32, 3, 44] [31, -21, 36, 29] [5, -60, 51, -8] [2, 18, 5, -7] [7, 41, 20, -2] [-13, -28, -20, -7]
[9, -40, -24, 10] [12, 21, 8, -18] [20, -14, 29, 38] [-32, -41, 45, -21] [-47, -18, 22, -56] [-25, 41, 47, 21] [-9, 50, 33, 32]
[37, 11, -10, -10] [-15, 0, 33, -79] [35, 14, -4, -21] [2, -7, -11, -11] [74, 36, 22, -31] [-19, 45, -1, 3] [28, -26, 35, -19]
------------------------------
ALIVE
Head: (8 10)
Body: (8 10) (8 11) (9 11) (9 12) (10 12) (10 13) (10 14) (11 14) (12 14) (12 15) 
Length: 10, 4
Vision: 3
Hungry, suplies: 9/10
Reproductive: 16, mutating: 0.25
Generation: 66904
####################################
Wall (up, right, down, left):
[-9, 1, 0, -17] [-3, 7, 2, -28] [-28, -22, -6, -14] [5, 8, 17, 3] [4, 36, 44, 3] [3, -26, -34, -15] [8, -14, -12, -4]
[-40, -5, 26, -18] [39, 25, -4, 3] [-49, 19, 10, 4] [-34, 4, 18, 12] [20, 28, 11, 9] [-28, -19, 0, -16] [-22, -12, 15, -9]
[-10, 35, 30, 42] [-18, 33, -13, -26] [-16, 1, 58, -3] [-105, 19, 51, 9] [-41, -61, -17, 22] [-18, -20, -10, -2] [-2, -19, -29, 3]
[-14, 48, -14, -24] [13, 2, 23, -43] [6, 37, 5, -136] [0, 0, 0, 0] [48, -121, 19, 17] [16, -23, -6, 1] [15, 6, 36, -2]
[-1, -44, 16, 11] [8, -9, -27, -31] [-35, -21, -28, -43] [62, 3, -131, 36] [12, -11, -49, 59] [1, 24, -22, 9] [-11, -71, -25, 30]
[24, 26, 1, -7] [-35, 21, -5, 1] [35, -12, 34, -3] [-7, -8, -8, 2] [-15, -16, -32, -14] [-11, -31, -29, 13] [40, 16, 16, 0]
[-24, 15, 12, -22] [-1, -7, -46, -23] [18, 9, 23, 19] [-18, 19, -61, -25] [21, 17, -14, 36] [36, -6, -29, 27] [1, -4, 31, -3]
Food (up, right, down, left):
[12, 31, -24, 10] [-36, 28, 16, -17] [2, -10, 3, 12] [-13, 4, 53, 8] [20, -22, 58, -1] [9, -33, -20, -30] [-79, 13, 12, -38]
[-95, 18, -35, -21] [3, -34, -37, -6] [-4, 12, 41, 30] [-22, 2, -61, 47] [13, 32, 11, -65] [41, 9, -49, 3] [3, 1, 22, 68]
[-33, -11, 39, -32] [9, 28, -5, 15] [-29, -41, -36, 43] [67, -43, 18, -3] [-4, -17, -24, -24] [-14, -1, -53, -26] [61, 35, 30, 20]
[15, 39, -8, 48] [-17, -7, -24, 16] [-19, -13, -26, -6] [0, 0, 0, 0] [-6, 52, -60, -2] [-10, -28, -51, -11] [-25, 71, -20, -5]
[15, 6, -23, 36] [21, 32, 3, 44] [31, -21, 36, 29] [5, -60, 51, -8] [2, 18, 5, -7] [7, 41, 20, -2] [-13, -28, -20, -7]
[9, -40, -24, 10] [12, 21, 8, -18] [20, -14, 29, 38] [-32, -41, 45, -21] [-47, -18, 22, -56] [-25, 41, 47, 21] [-9, 50, 33, 32]
[37, 11, -10, -10] [-15, 0, 31, -79] [35, 14, -4, -21] [2, -7, -11, -11] [74, 36, 22, -31] [-19, 45, -1, 3] [28, -26, 35, -19]
------------------------------
ALIVE
Head: (15 51)
Body: (15 51) (14 51) (14 50) (14 49) (14 48) (14 47) (14 46) (15 46) (16 46) (16 47) 
Length: 10, 4
Vision: 3
Hungry, suplies: 5/10
Reproductive: 16, mutating: 0.25
Generation: 66906
####################################
Wall (up, right, down, left):
[-9, 1, 0, -17] [-3, 9, 2, -28] [-28, -22, -6, -14] [5, 8, 17, 3] [4, 36, 44, 3] [3, -26, -34, -15] [8, -14, -12, -4]
[-40, -5, 26, -18] [39, 25, -4, 3] [-49, 19, 10, 4] [-34, 4, 18, 12] [20, 28, 11, 9] [-28, -19, 0, -21] [-22, -12, 15, -9]
[-10, 35, 30, 42] [-18, 33, -13, -26] [-16, 1, 58, -3] [-105, 19, 51, 9] [-41, -61, -17, 22] [-18, -20, -10, -2] [-2, -19, -29, 3]
[-14, 48, -14, -24] [13, 2, 23, -43] [6, 37, 5, -136] [0, 0, 0, 0] [48, -121, 19, 17] [16, -23, -6, 1] [15, 6, 36, -2]
[0, -44, 16, 11] [8, -9, -27, -31] [-35, -21, -28, -43] [62, -2, -131, 36] [12, -11, -49, 56] [1, 24, -22, 9] [-11, -71, -25, 30]
[24, 26, 1, -7] [-35, 21, -5, 1] [35, -12, 34, -3] [-7, -8, -8, 2] [-15, -16, -32, -14] [-11, -31, -29, 13] [40, 16, 16, 0]
[-24, 15, 12, -22] [-1, -7, -49, -23] [18, 9, 23, 19] [-18, 19, -61, -25] [21, 17, -14, 36] [36, -6, -29, 27] [1, -4, 31, -3]
Food (up, right, down, left):
[12, 31, -24, 10] [-36, 28, 16, -20] [2, -10, 3, 12] [-13, 4, 53, 8] [20, -22, 58, -1] [9, -33, -20, -30] [-79, 13, 12, -38]
[-95, 18, -35, -21] [3, -34, -37, -6] [-4, 12, 41, 30] [-22, 2, -61, 47] [13, 32, 11, -65] [41, 7, -49, 3] [3, 6, 22, 68]
[-33, -11, 39, -32] [9, 28, -5, 15] [-29, -41, -36, 43] [67, -43, 18, -3] [-4, -17, -24, -24] [-14, -1, -53, -26] [61, 35, 30, 20]
[15, 39, -8, 48] [-17, -7, -24, 16] [-19, -13, -26, -4] [0, 0, 0, 0] [-6, 52, -60, -2] [-10, -28, -51, -11] [-25, 71, -20, -5]
[15, 9, -23, 36] [21, 32, 3, 44] [31, -21, 36, 29] [5, -61, 51, -8] [2, 18, 5, -7] [7, 41, 20, -2] [-13, -28, -20, -7]
[9, -40, -24, 10] [12, 21, 8, -18] [20, -14, 29, 38] [-32, -41, 45, -21] [-47, -18, 22, -56] [-25, 41, 47, 21] [-9, 50, 33, 32]
[37, 11, -10, -10] [-15, 0, 33, -79] [35, 14, -4, -21] [2, -7, -11, -11] [74, 36, 22, -31] [-19, 45, -1, 3] [28, -26, 35, -19]
------------------------------
ALIVE
Head: (6 28)
Body: (6 28) (6 27) (6 26) (6 25) (6 24) (6 23) (6 22) (5 22) 
Length: 8, 4
Vision: 3
Hungry, suplies: 10/10
Reproductive: 16, mutating: 0.25
Generation: 66904
####################################
Wall (up, right, down, left):
[-9, 1, 0, -17] [-3, 9, 2, -28] [-28, -22, -6, -14] [5, 8, 17, 3] [4, 36, 44, 3] [3, -26, -34, -15] [8, -14, -12, -4]
[-40, -5, 26, -18] [39, 25, -4, 3] [-49, 19, 10, 4] [-29, 4, 18, 12] [20, 28, 11, 9] [-28, -19, 0, -21] [-26, -12, 15, -9]
[-10, 35, 30, 42] [-18, 33, -13, -26] [-16, 1, 58, -3] [-105, 19, 51, 9] [-41, -61, -17, 22] [-18, -20, -10, -2] [-2, -19, -29, 3]
[-14, 48, -14, -24] [13, 2, 23, -43] [6, 37, 5, -136] [0, 0, 0, 0] [48, -121, 19, 17] [16, -23, -6, 1] [15, 6, 36, -2]
[0, -46, 16, 11] [8, -9, -27, -31] [-35, -21, -28, -43] [62, 3, -131, 36] [12, -11, -49, 56] [1, 24, -22, 9] [-11, -71, -25, 30]
[24, 26, 1, -7] [-35, 21, -5, 1] [35, -12, 34, -3] [-7, -8, -8, 2] [-15, -16, -32, -14] [-11, -31, -29, 13] [40, 16, 16, 0]
[-24, 15, 12, -22] [-1, -7, -49, -23] [18, 9, 23, 19] [-18, 19, -61, -25] [21, 17, -14, 36] [36, -6, -29, 27] [1, -4, 31, -3]
Food (up, right, down, left):
[12, 31, -24, 10] [-36, 28, 16, -20] [2, -10, 3, 12] [-13, 4, 53, 8] [20, -22, 58, -1] [9, -33, -20, -30] [-79, 13, 12, -38]
[-95, 18, -35, -21] [3, -34, -37, -6] [-4, 12, 41, 30] [-22, -1, -61, 47] [13, 32, 11, -65] [41, 7, -49, 3] [3, 8, 22, 68]
[-33, -11, 43, -32] [9, 28, -5, 15] [-29, -41, -36, 43] [67, -43, 18, -3] [-4, -17, -24, -24] [-14, -1, -53, -26] [61, 35, 30, 20]
[15, 39, -8, 48] [-17, -7, -24, 16] [-19, -13, -26, -4] [0, 0, 0, 0] [-6, 52, -60, -2] [-10, -28, -51, -11] [-25, 71, -20, -5]
[15, 9, -21, 36] [21, 32, 3, 44] [31, -21, 36, 29] [5, -60, 51, -8] [2, 18, 5, -7] [7, 41, 20, -2] [-13, -28, -20, -7]
[9, -40, -24, 10] [12, 21, 8, -18] [20, -14, 29, 38] [-32, -41, 45, -21] [-47, -18, 22, -56] [-25, 41, 47, 21] [-9, 50, 33, 32]
[37, 11, -10, -10] [-15, 0, 33, -79] [35, 14, -4, -21] [2, -7, -11, -11] [74, 36, 22, -31] [-19, 45, -1, 3] [28, -26, 35, -19]
------------------------------
ALIVE
Head: (3 29)
Body: (3 29) (3 28) (3 27) (3 26) (3 25) (2 25) (1 25) (0 25) (0 24) (0 23) (25 22) (24 22) 
Length: 12, 4
Vision: 3
Hungry, suplies: 9/10
Reproductive: 16, mutating: 0.25
Generation: 66904
####################################
Wall (up, right, down, left):
[-9, 1, 0, -17] [-3, 9, 2, -28] [-28, -22, -6, -14] [5, 8, 17, 3] [4, 36, 44, 3] [3, -26, -34, -15] [8, -14, -12, -4]
[-40, -5, 26, -18] [44, 25, -4, 3] [-49, 19, 10, 4] [-34, 4, 18, 12] [20, 28, 11, 9] [-28, -19, 0, -16] [-22, -12, 15, -9]
[-10, 35, 30, 42] [-18, 33, -13, -26] [-16, 1, 58, -3] [-105, 19, 51, 9] [-41, -61, -17, 22] [-18, -20, -10, -2] [-2, -19, -29, 3]
[-14, 48, -14, -24] [13, 2, 23, -43] [6, 37, 5, -136] [0, 0, 0, 0] [48, -121, 19, 17] [16, -23, -6, 1] [15, 6, 36, -2]
[-1, -44, 16, 11] [8, -9, -27, -31] [-35, -21, -28, -43] [62, 3, -131, 36] [12, -11, -49, 59] [1, 24, -22, 9] [-11, -71, -25, 30]
[24, 26, 1, -7] [-35, 21, -5, 1] [35, -12, 34, -3] [-7, -10, -8, 2] [-15, -16, -32, -14] [-11, -31, -29, 13] [40, 16, 16, 0]
[-24, 15, 12, -22] [-1, -7, -46, -23] [18, 9, 23, 19] [-18, 19, -61, -25] [21, 17, -14, 36] [36, -6, -29, 27] [1, -4, 31, -3]
Food (up, right, down, left):
[12, 31, -24, 10] [-36, 28, 16, -20] [2, -10, 3, 12] [-13, 4, 53, 8] [20, -22, 58, -1] [9, -33, -20, -30] [-79, 13, 12, -38]
[-95, 18, -35, -21] [1, -34, -37, -6] [-4, 12, 41, 30] [-22, 2, -61, 47] [13, 32, 11, -65] [41, 9, -49, 3] [3, 1, 22, 68]
[-33, -11, 39, -32] [9, 28, -5, 15] [-29, -41, -36, 43] [67, -43, 18, -3] [-4, -17, -24, -24] [-14, -1, -53, -26] [61, 35, 30, 20]
[15, 39, -8, 48] [-17, -7, -24, 16] [-19, -13, -26, -6] [0, 0, 0, 0] [-6, 52, -60, -2] [-10, -28, -51, -11] [-25, 71, -20, -5]
[15, 6, -23, 36] [21, 32, 3, 44] [31, -21, 36, 29] [5, -60, 51, -8] [2, 18, 5, -7] [7, 41, 20, -2] [-13, -28, -20, -7]
[9, -40, -24, 10] [12, 21, 8, -18] [20, -14, 29, 38] [-32, -46, 45, -21] [-47, -18, 22, -56] [-25, 41, 47, 21] [-9, 50, 33, 32]
[37, 11, -10, -10] [-15, 0, 31, -79] [35, 14, -4, -21] [2, -7, -11, -11] [74, 36, 22, -31] [-19, 45, -1, 3] [28, -26, 35, -19]
------------------------------
ALIVE
Head: (7 41)
Body: (7 41) (6 41) (5 41) (4 41) (3 41) (2 41) (1 41) (1 40) 
Length: 8, 4
Vision: 3
Hungry, suplies: 6/10
Reproductive: 16, mutating: 0.25
Generation: 66908
####################################
Wall (up, right, down, left):
[-9, 1, 0, -17] [-3, 9, 2, -28] [-28, -22, -6, -14] [5, 8, 17, 3] [4, 36, 44, 3] [3, -26, -34, -15] [8, -14, -12, -4]
[-40, -5, 26, -18] [39, 25, -4, 3] [-49, 19, 10, 4] [-34, 4, 18, 12] [20, 28, 11, 9] [-28, -19, 0, -21] [-22, -12, 15, -9]
[-10, 35, 30, 42] [-18, 33, -13, -26] [-16, 1, 58, -3] [-105, 19, 51, 9] [-41, -61, -17, 22] [-18, -20, -10, -2] [-2, -19, -29, 3]
[-14, 48, -14, -24] [13, 2, 23, -43] [6, 37, 5, -136] [0, 0, 0, 0] [48, -121, 19, 17] [16, -23, -6, 1] [15, 6, 36, -2]
[0, -44, 16, 11] [8, -9, -27, -31] [-35, -21, -28, -43] [62, 3, -131, 36] [12, -11, -49, 56] [1, 24, -22, 9] [-11, -71, -25, 30]
[24, 26, 1, -7] [-35, 21, -5, 1] [35, -12, 34, -3] [-7, -8, -8, 2] [-15, -16, -32, -14] [-11, -31, -29, 13] [40, 16, 16, 0]
[-24, 15, 12, -17] [-1, -7, -49, -23] [18, 9, 23, 19] [-18, 19, -61, -25] [21, 17, -14, 36] [36, -6, -29, 27] [1, -4, 31, -3]
Food (up, right, down, left):
[12, 31, -24, 10] [-36, 28, 16, -20] [2, -10, 3, 12] [-13, 4, 53, 8] [20, -22, 58, -1] [9, -33, -20, -30] [-79, 13, 12, -38]
[-95, 18, -35, -21] [3, -34, -37, -6] [-4, 12, 41, 30] [-22, 2, -61, 47] [13, 32, 11, -65] [41, 7, -49, 3] [3, 6, 22, 68]
[-33, -11, 39, -32] [9, 28, -5, 15] [-29, -41, -36, 43] [67, -43, 18, -3] [-4, -17, -24, -24] [-14, -1, -53, -26] [61, 35, 30, 20]
[15, 39, -8, 48] [-17, -7, -24, 16] [-19, -13, -26, -4] [0, 0, 0, 0] [-6, 52, -60, -2] [-10, -28, -51, -11] [-25, 71, -20, -5]
[15, 9, -23, 36] [21, 32, 3, 44] [31, -21, 36, 29] [5, -60, 51, -8] [2, 18, 5, -7] [7, 41, 20, -2] [-13, -28, -20, -7]
[9, -40, -24, 10] [12, 21, 8, -18] [20, -14, 29, 38] [-32, -41, 45, -21] [-47, -18, 22, -56] [-25, 41, 47, 21] [-9, 50, 33, 32]
[37, 11, -15, -10] [-15, 0, 33, -79] [35, 14, -4, -21] [2, -7, -11, -11] [74, 36, 22, -31] [-19, 45, -1, 3] [28, -26, 35, -19]
------------------------------
ALIVE
Head: (12 54)
Body: (12 54) (11 54) (11 55) (11 56) (12 -1) (12 0) (13 0) (14 0) (14 1) (15 1) 
Length: 10, 4
Vision: 3
Hungry, suplies: 5/10
Reproductive: 16, mutating: 0.25
Generation: 66903
####################################
Wall (up, right, down, left):
[-9, 1, 0, -17] [-3, 9, 2, -28] [-28, -22, -6, -14] [5, 12, 17, 3] [4, 36, 44, 3] [3, -26, -34, -15] [8, -14, -12, -4]
[-40, -5, 26, -18] [39, 25, -4, 3] [-49, 19, 10, 4] [-34, 4, 18, 12] [20, 28, 11, 9] [-28, -19, 0, -21] [-22, -12, 15, -9]
[-10, 35, 30, 42] [-18, 33, -13, -26] [-16, 1, 58, -3] [-105, 19, 51, 9] [-41, -61, -17, 22] [-18, -20, -10, -2] [-2, -19, -29, 3]
[-14, 48, -14, -24] [13, 2, 23, -43] [6, 37, 5, -136] [0, 0, 0, 0] [48, -121, 19, 17] [16, -23, -6, 1] [15, 6, 36, -2]
[0, -44, 16, 11] [8, -9, -27, -31] [-35, -21, -28, -43] [62, 3, -131, 36] [12, -11, -49, 59] [1, 24, -22, 9] [-11, -71, -25, 30]
[24, 26, 1, -7] [-35, 21, -5, 1] [35, -12, 34, -3] [-7, -8, -12, 2] [-15, -16, -34, -14] [-11, -31, -29, 13] [40, 16, 16, 0]
[-24, 15, 12, -22] [-1, -7, -46, -23] [18, 9, 23, 19] [-18, 19, -61, -25] [21, 17, -14, 36] [36, -6, -29, 27] [1, -4, 31, -3]
Food (up, right, down, left):
[12, 31, -24, 10] [-36, 28, 16, -20] [2, -10, 3, 12] [-12, 4, 53, 8] [20, -22, 58, -1] [9, -33, -20, -30] [-79, 13, 12, -38]
[-95, 18, -35, -21] [3, -34, -37, -6] [-4, 12, 41, 30] [-22, 2, -61, 47] [13, 32, 11, -65] [41, 7, -49, 3] [3, 6, 22, 68]
[-33, -11, 39, -32] [9, 28, -5, 15] [-29, -41, -36, 43] [67, -43, 18, -3] [-4, -17, -24, -24] [-14, -1, -53, -26] [61, 35, 30, 20]
[15, 39, -8, 48] [-17, -7, -24, 16] [-19, -13, -26, -6] [0, 0, 0, 0] [-6, 52, -60, -2] [-10, -28, -51, -11] [-25, 71, -20, -5]
[15, 9, -23, 36] [21, 32, 3, 44] [31, -21, 36, 29] [5, -60, 51, -8] [2, 18, 5, -7] [7, 41, 20, -2] [-13, -28, -20, -7]
[5, -40, -24, 10] [12, 21, 8, -18] [20, -14, 29, 38] [-32, -41, 45, -25] [-47, -14, 22, -56] [-25, 41, 47, 21] [-9, 50, 33, 32]
[37, 11, -10, -10] [-15, 0, 31, -79] [35, 14, -4, -21] [2, -7, -11, -11] [74, 36, 22, -31] [-19, 45, -1, 3] [28, -26, 35, -19]
------------------------------
ALIVE
Head: (23 45)
Body: (23 45) (23 46) (24 46) (24 47) (24 48) (0 48) (25 49) (24 49) (24 50) (23 50) (22 50) (21 50) 
Length: 12, 4
Vision: 3
Hungry, suplies: 6/10
Reproductive: 16, mutating: 0.25
Generation: 66904
####################################
Wall (up, right, down, left):
[-9, 1, 0, -17] [-3, 9, 2, -28] [-28, -22, -6, -14] [5, 8, 17, 3] [4, 36, 44, 3] [3, -26, -34, -15] [8, -14, -12, -4]
[-40, -5, 26, -18] [39, 25, -4, 3] [-49, 19, 10, 4] [-34, 4, 18, 12] [20, 28, 11, 9] [-28, -19, 0, -21] [-22, -12, 15, -9]
[-10, 35, 30, 42] [-18, 33, -13, -26] [-16, 1, 58, -3] [-105, 19, 51, 9] [-41, -61, -17, 22] [-18, -20, -10, -2] [-2, -19, -29, 3]
[-14, 48, -14, -24] [13, 2, 23, -43] [6, 37, 5, -136] [0, 0, 0, 0] [48, -121, 19, 17] [16, -23, -6, 1] [15, 6, 36, -2]
[0, -44, 16, 11] [8, -9, -27, -31] [-35, -21, -28, -43] [62, 3, -131, 36] [12, -11, -49, 56] [1, 24, -22, 9] [-11, -71, -25, 30]
[24, 26, 1, -7] [-35, 21, -5, 1] [35, -12, 34, -3] [-7, -8, -8, 2] [-15, -16, -32, -14] [-11, -31, -29, 13] [40, 16, 16, 0]
[-24, 15, 12, -22] [-1, -7, -49, -23] [18, 9, 23, 19] [-18, 19, -61, -25] [21, 17, -14, 36] [36, -6, -29, 27] [1, -4, 31, -3]
Food (up, right, down, left):
[12, 31, -24, 10] [-36, 28, 16, -20] [2, -10, 3, 12] [-13, 4, 53, 8] [20, -22, 58, -1] [9, -33, -20, -30] [-79, 13, 12, -38]
[-95, 18, -35, -21] [3, -34, -37, -6] [-4, 12, 41, 30] [-22, 2, -61, 47] [13, 32, 11, -65] [41, 7, -49, 3] [3, 6, 22, 68]
[-33, -11, 39, -32] [9, 28, -5, 15] [-29, -41, -36, 43] [67, -43, 18, -3] [-4, -17, -24, -24] [-14, -1, -53, -26] [61, 35, 30, 20]
[15, 39, -8, 48] [-17, -7, -24, 16] [-19, -13, -26, -4] [0, 0, 0, 0] [-6, 52, -60, -2] [-10, -28, -51, -11] [-25, 71, -20, -5]
[15, 9, -23, 36] [21, 32, 3, 44] [31, -21, 36, 29] [5, -60, 51, -8] [2, 18, 5, -7] [7, 41, 20, -2] [-13, -28, -20, -7]
[9, -40, -24, 10] [12, 21, 8, -18] [20, -14, 29, 38] [-32, -41, 45, -21] [-47, -18, 22, -56] [-25, 41, 47, 21] [-9, 50, 33, 32]
[37, 11, -10, -10] [-15, 0, 33, -79] [35, 14, -4, -21] [2, -7, -11, -11] [74, 36, 22, -31] [-19, 45, -1, 3] [28, -26, 35, -19]
------------------------------
ALIVE
Head: (8 28)
Body: (8 28) (9 28) (9 27) (9 26) (9 25) (9 24) (9 23) (9 22) (9 21) (9 20) 
Length: 10, 4
Vision: 3
Hungry, suplies: 2/10
Reproductive: 16, mutating: 0.25
Generation: 66905
####################################
Wall (up, right, down, left):
[-9, 1, 0, -17] [-3, 9, 2, -28] [-28, -22, -6, -14] [5, 8, 17, 3] [4, 36, 44, 3] [3, -26, -34, -15] [8, -14, -12, -4]
[-40, -5, 26, -18] [39, 25, -4, 3] [-49, 19, 10, 4] [-34, 4, 18, 12] [20, 28, 11, 9] [-28, -19, 0, -21] [-22, -12, 15, -9]
[-10, 35, 30, 42] [-18, 33, -13, -26] [-16, 1, 58, -3] [-105, 19, 51, 9] [-41, -61, -17, 22] [-18, -20, -10, -2] [-2, -19, -29, 3]
[-14, 48, -14, -24] [13, 2, 23, -43] [6, 37, 5, -136] [0, 0, 0, 0] [48, -121, 19, 17] [16, -23, -6, 1] [15, 6, 36, -2]
[0, -44, 16, 11] [8, -9, -27, -31] [-35, -21, -28, -43] [62, 3, -131, 36] [12, -11, -45, 59] [1, 24, -22, 9] [-11, -71, -25, 30]
[24, 26, 1, -7] [-35, 21, -5, 1] [35, -12, 34, -7] [-7, -8, -8, 2] [-15, -16, -32, -14] [-11, -31, -29, 13] [40, 16, 16, 0]
[-24, 15, 12, -22] [-1, -7, -46, -23] [18, 9, 23, 19] [-18, 19, -61, -25] [21, 17, -14, 36] [36, -6, -29, 27] [1, -4, 31, -3]
Food (up, right, down, left):
[12, 31, -24, 10] [-36, 28, 16, -20] [2, -10, 3, 12] [-13, 4, 53, 8] [20, -22, 58, -1] [9, -33, -20, -30] [-79, 13, 12, -38]
[-95, 18, -35, -21] [3, -34, -37, -6] [-4, 12, 41, 30] [-22, 2, -61, 47] [13, 32, 11, -65] [41, 7, -49, 3] [3, 6, 22, 68]
[-33, -11, 39, -32] [9, 28, -5, 15] [-29, -41, -36, 43] [67, -43, 18, -3] [-4, -17, -24, -24] [-14, -1, -53, -26] [61, 35, 30, 20]
[15, 39, -8, 48] [-17, -7, -24, 16] [-19, -13, -26, -6] [0, 0, 0, 0] [-6, 52, -60, -2] [-10, -28, -51, -11] [-25, 71, -20, -5]
[15, 9, -23, 36] [21, 32, 3, 44] [31, -21, 36, 29] [5, -60, 51, -8] [2, 23, 5, -7] [7, 41, 20, -2] [-13, -28, -20, -7]
[9, -40, -24, 10] [12, 21, 8, -18] [21, -14, 29, 38] [-32, -41, 45, -21] [-47, -18, 22, -56] [-25, 41, 47, 21] [-9, 50, 33, 32]
[37, 11, -10, -10] [-15, 0, 31, -79] [35, 14, -4, -21] [2, -7, -11, -11] [74, 36, 22, -31] [-19, 45, -1, 3] [28, -26, 35, -19]
------------------------------
ALIVE
Head: (1 2)
Body: (1 2) (1 3) (0 3) (25 2) (24 2) (23 2) (23 1) (23 57) (23 56) (23 55) (23 54) (23 53) (22 53) (22 52) 
Length: 14, 4
Vision: 3
Hungry, suplies: 9/10
Reproductive: 16, mutating: 0.25
Generation: 66903
####################################
Wall (up, right, down, left):
[-9, 1, 0, -17] [-3, 9, 2, -28] [-28, -22, -6, -14] [5, 8, 17, 3] [4, 36, 44, 3] [3, -26, -34, -15] [8, -14, -12, -4]
[-40, -5, 26, -18] [39, 25, -4, 3] [-49, 19, 10, 4] [-34, 4, 18, 12] [20, 28, 11, 9] [-28, -19, 0, -16] [-22, -12, 15, -9]
[-10, 35, 30, 42] [-18, 33, -13, -26] [-16, 1, 58, -3] [-105, 19, 51, 9] [-41, -61, -17, 22] [-18, -20, -10, -2] [-2, -19, -29, 3]
[-14, 48, -14, -24] [13, 2, 23, -43] [6, 37, 5, -136] [0, 0, 0, 0] [48, -121, 19, 17] [16, -23, -6, 1] [15, 6, 36, -2]
[-1, -44, 16, 11] [8, -9, -27, -31] [-35, -21, -28, -43] [62, 3, -131, 36] [12, -11, -49, 59] [1, 24, -22, 9] [-11, -71, -25, 30]
[24, 26, -4, -7] [-35, 21, -5, 1] [35, -12, 34, -3] [-7, -8, -8, 2] [-15, -16, -32, -14] [-11, -31, -29, 13] [40, 16, 16, 0]
[-22, 15, 12, -22] [-1, -7, -46, -23] [18, 9, 23, 19] [-18, 19, -61, -25] [21, 17, -14, 36] [36, -6, -29, 27] [1, -4, 31, -3]
Food (up, right, down, left):
[12, 31, -24, 10] [-36, 28, 16, -20] [2, -10, 3, 12] [-13, 4, 53, 8] [20, -22, 58, -1] [9, -33, -20, -30] [-79, 13, 12, -38]
[-95, 18, -35, -21] [3, -34, -37, -6] [-4, 12, 41, 30] [-22, 2, -61, 47] [13, 32, 11, -65] [41, 9, -49, 3] [3, 1, 22, 68]
[-33, -11, 39, -32] [9, 28, -5, 15] [-29, -41, -36, 43] [67, -43, 18, -3] [-4, -17, -24, -24] [-14, -1, -53, -26] [61, 35, 30, 20]
[15, 39, -8, 48] [-17, -7, -24, 16] [-19, -13, -26, -6] [0, 0, 0, 0] [-6, 52, -60, -2] [-10, -28, -51, -11] [-25, 71, -20, -5]
[15, 6, -23, 36] [21, 32, 3, 44] [31, -21, 36, 29] [5, -60, 51, -8] [2, 18, 5, -7] [7, 41, 20, -2] [-13, -28, -20, -7]
[9, -36, -24, 10] [12, 21, 8, -18] [20, -14, 29, 38] [-32, -41, 45, -21] [-47, -18, 22, -56] [-25, 41, 47, 21] [-9, 50, 33, 32]
[34, 11, -10, -10] [-15, 0, 31, -79] [35, 14, -4, -21] [2, -7, -11, -11] [74, 36, 22, -31] [-19, 45, -1, 3] [28, -26, 35, -19]
------------------------------
ALIVE
Head: (8 53)
Body: (8 53) (9 53) (9 54) (9 55) (9 56) (8 56) (7 56) (6 56) 
Length: 8, 4
Vision: 3
Hungry, suplies: 2/10
Reproductive: 16, mutating: 0.25
Generation: 66907
####################################
Wall (up, right, down, left):
[-9, 1, 0, -17] [-3, 9, 2, -28] [-28, -22, -6, -14] [5, 12, 17, 3] [4, 36, 44, 3] [3, -26, -34, -15] [8, -14, -12, -4]
[-40, -5, 26, -18] [39, 25, -4, 3] [-49, 19, 10, 4] [-34, 4, 18, 12] [20, 28, 11, 9] [-28, -19, 0, -21] [-22, -12, 15, -9]
[-10, 35, 30, 42] [-18, 33, -13, -26] [-16, 1, 58, -3] [-105, 19, 51, 9] [-41, -61, -17, 22] [-18, -20, -10, -2] [-2, -19, -29, 3]
[-14, 48, -14, -24] [13, 2, 23, -43] [6, 37, 5, -136] [0, 0, 0, 0] [48, -121, 19, 17] [16, -23, -6, 1] [15, 6, 36, -2]
[0, -44, 16, 11] [8, -9, -27, -31] [-35, -21, -28, -43] [62, 3, -131, 36] [12, -11, -49, 59] [1, 24, -22, 9] [-11, -71, -25, 30]
[24, 26, 1, -7] [-35, 21, -5, 1] [35, -12, 34, -3] [-7, -8, -8, 2] [-15, -16, -32, -14] [-11, -31, -29, 13] [40, 16, 16, 0]
[-24, 15, 12, -22] [-1, -7, -46, -23] [18, 9, 23, 19] [-18, 19, -61, -25] [21, 17, -14, 31] [36, -6, -29, 27] [1, -4, 31, -3]
Food (up, right, down, left):
[12, 31, -24, 10] [-36, 28, 16, -20] [2, -10, 3, 12] [-12, 4, 53, 8] [20, -22, 58, -1] [9, -33, -20, -30] [-79, 13, 12, -38]
[-95, 18, -35, -21] [3, -34, -37, -6] [-4, 12, 41, 30] [-22, 2, -61, 47] [13, 32, 11, -65] [41, 7, -49, 3] [3, 6, 22, 68]
[-33, -11, 39, -32] [9, 28, -5, 15] [-29, -41, -36, 43] [67, -43, 18, -3] [-4, -17, -24, -24] [-14, -1, -53, -26] [61, 35, 30, 20]
[15, 39, -8, 48] [-17, -7, -24, 16] [-19, -13, -26, -6] [0, 0, 0, 0] [-6, 52, -60, -2] [-10, -28, -51, -11] [-25, 71, -20, -5]
[15, 9, -23, 36] [21, 32, 3, 44] [31, -21, 36, 29] [5, -60, 51, -8] [2, 18, 5, -7] [7, 41, 20, -2] [-13, -28, -20, -7]
[5, -40, -24, 10] [12, 21, 8, -18] [20, -14, 29, 38] [-32, -41, 45, -21] [-47, -18, 22, -56] [-25, 41, 47, 21] [-9, 50, 33, 32]
[37, 11, -10, -10] [-15, 0, 31, -79] [35, 14, -4, -21] [2, -7, -11, -11] [74, 36, 22, -30] [-19, 45, -1, 3] [28, -26, 35, -19]
------------------------------
ALIVE
Head: (11 25)
Body: (11 25) (11 26) (11 27) (11 28) (12 28) (12 29) (12 30) (13 30) (13 31) 
Length: 9, 4
Vision: 3
Hungry, suplies: 10/10
Reproductive: 16, mutating: 0.25
Generation: 66904
####################################
Wall (up, right, down, left):
[-9, 1, 0, -17] [-3, 9, 2, -28] [-28, -22, -6, -14] [5, 8, 17, 3] [4, 36, 44, 3] [3, -26, -34, -15] [8, -14, -12, -4]
[-40, -5, 26, -18] [39, 25, -4, 3] [-49, 19, 10, 4] [-34, 4, 18, 12] [20, 28, 11, 9] [-28, -19, 0, -21] [-22, -12, 15, -9]
[-10, 35, 30, 42] [-18, 33, -13, -26] [-16, 1, 58, -3] [-105, 19, 51, 9] [-41, -61, -17, 22] [-18, -20, -10, -2] [-2, -19, -29, 3]
[-14, 48, -14, -24] [13, 2, 23, -43] [6, 37, 5, -136] [0, 0, 0, 0] [48, -121, 19, 17] [16, -23, -6, 1] [15, 6, 36, -2]
[0, -44, 16, 11] [8, -9, -27, -31] [-35, -21, -28, -43] [62, -2, -131, 36] [12, -11, -49, 56] [1, 24, -22, 9] [-11, -71, -25, 30]
[24, 26, 1, -7] [-35, 21, -5, 1] [35, -12, 34, -3] [-7, -8, -8, 2] [-15, -16, -32, -14] [-11, -31, -29, 13] [40, 16, 16, 0]
[-24, 15, 12, -22] [-1, -7, -49, -23] [18, 9, 23, 19] [-18, 19, -61, -25] [21, 17, -14, 36] [36, -6, -29, 27] [1, -4, 31, -3]
Food (up, right, down, left):
[12, 31, -24, 10] [-36, 28, 16, -20] [2, -10, 3, 12] [-13, 4, 53, 8] [20, -22, 58, -1] [9, -33, -20, -30] [-79, 13, 12, -38]
[-95, 18, -35, -21] [3, -34, -37, -6] [-4, 12, 41, 30] [-22, 2, -61, 47] [13, 32, 11, -65] [41, 7, -49, 3] [3, 6, 22, 68]
[-33, -11, 39, -32] [9, 28, -5, 15] [-29, -41, -36, 43] [67, -43, 18, -3] [-4, -17, -24, -24] [-14, -1, -53, -26] [61, 35, 30, 20]
[15, 39, -8, 48] [-17, -7, -24, 16] [-19, -13, -26, -4] [0, 0, 0, 0] [-6, 52, -60, -2] [-10, -28, -51, -11] [-25, 71, -20, -5]
[15, 9, -23, 36] [21, 32, 3, 44] [31, -21, 36, 29] [5, -61, 51, -8] [2, 18, 5, -7] [7, 41, 20, -2] [-13, -28, -20, -7]
[9, -40, -24, 10] [12, 21, 8, -18] [20, -14, 29, 38] [-32, -41, 45, -21] [-47, -18, 22, -56] [-25, 41, 47, 21] [-9, 50, 33, 32]
[37, 11, -10, -10] [-15, 0, 33, -79] [35, 14, -4, -21] [2, -7, -11, -11] [74, 36, 22, -31] [-19, 45, -1, 3] [28, -26, 35, -19]
------------------------------
ALIVE
Head: (18 19)
Body: (18 19) (18 18) (18 17) (18 16) (17 16) (16 16) (16 15) (15 15) 
Length: 8, 4
Vision: 3
Hungry, suplies: 6/10
Reproductive: 16, mutating: 0.25
Generation: 66904
####################################
Wall (up, right, down, left):
[-9, 1, 0, -17] [-3, 9, 2, -28] [-28, -22, -6, -14] [5, 8, 17, 3] [4, 36, 44, 3] [3, -26, -34, -15] [8, -14, -12, -4]
[-40, -5, 26, -18] [44, 25, -4, 3] [-49, 19, 10, 4] [-34, 4, 18, 12] [20, 28, 11, 9] [-28, -19, 0, -16] [-22, -12, 15, -9]
[-10, 35, 30, 42] [-18, 33, -13, -26] [-16, 1, 58, -3] [-105, 19, 51, 9] [-41, -61, -17, 22] [-18, -20, -10, -2] [-2, -19, -29, 3]
[-14, 48, -14, -24] [13, 2, 23, -43] [6, 37, 5, -136] [0, 0, 0, 0] [48, -121, 19, 17] [16, -23, -6, 1] [15, 6, 36, -2]
[-1, -44, 16, 11] [8, -9, -27, -31] [-35, -21, -28, -43] [62, 3, -131, 36] [12, -11, -49, 59] [1, 24, -22, 9] [-11, -71, -25, 30]
[24, 26, 1, -7] [-35, 21, -5, 1] [35, -12, 34, -3] [-7, -10, -8, 2] [-15, -16, -32, -14] [-11, -31, -29, 13] [40, 16, 16, 0]
[-24, 15, 12, -22] [-1, -7, -46, -23] [18, 9, 23, 19] [-18, 19, -61, -25] [21, 17, -14, 36] [36, -6, -29, 27] [1, -4, 31, -3]
Food (up, right, down, left):
[12, 31, -24, 10] [-36, 28, 16, -20] [2, -10, 3, 12] [-13, 4, 53, 8] [20, -22, 58, -1] [9, -33, -20, -30] [-79, 13, 12, -38]
[-95, 18, -35, -21] [1, -34, -37, -6] [-4, 12, 41, 30] [-22, 2, -61, 47] [13, 32, 11, -65] [41, 9, -49, 3] [3, 1, 22, 68]
[-33, -11, 39, -32] [9, 28, -5, 15] [-29, -41, -36, 43] [67, -43, 18, -3] [-4, -17, -24, -24] [-14, -1, -53, -26] [61, 35, 30, 20]
[15, 39, -8, 48] [-17, -7, -24, 16] [-19, -13, -26, -6] [0, 0, 0, 0] [-6, 52, -60, -2] [-10, -28, -51, -11] [-25, 71, -20, -5]
[15, 6, -23, 36] [21, 32, 3, 44] [31, -21, 36, 29] [5, -60, 51, -8] [2, 18, 5, -7] [7, 41, 20, -2] [-13, -28, -20, -7]
[9, -40, -24, 10] [12, 21, 8, -18] [20, -14, 29, 38] [-32, -46, 45, -21] [-47, -18, 22, -56] [-25, 41, 47, 21] [-9, 50, 33, 32]
[37, 11, -10, -10] [-15, 0, 31, -79] [35, 14, -4, -21] [2, -7, -11, -11] [74, 36, 22, -31] [-19, 45, -1, 3] [28, -26, 35, -19]
------------------------------
ALIVE
Head: (4 36)
Body: (4 36) (3 36) (2 36) (1 36) (25 36) (25 35) (1 35) (2 35) 
Length: 8, 4
Vision: 3
Hungry, suplies: 6/10
Reproductive: 16, mutating: 0.25
Generation: 66909
####################################
