Wall (up, right, down, left):
[3, 4, 17, -5] [-3, 4, 11, -20] [-30, 3, 3, -25] [9, -2, 31, 4] [-23, 19, 13, -2] [21, -1, -9, -5] [0, -21, 2, -7]
[-47, -10, 6, -21] [0, 14, -11, -9] [-33, -1, 15, 6] [-40, 13, 16, 23] [38, 15, 2, -10] [-26, -19, -2, -11] [-14, -3, -1, 19]
[-4, -1, 30, 28] [-7, 20, -12, -1] [-12, -5, 48, -20] [-79, 22, 52, 7] [-43, -40, -18, 40] [-24, -19, 2, -1] [-28, -14, -24, 0]
[5, 43, -10, -40] [7, 5, 29, -27] [3, 45, 5, -109] [0, 0, 0, 0] [41, -105, 26, 7] [28, -4, 0, 8] [1, -1, 20, 3]
[-8, -33, 4, -4] [15, -3, -21, -13] [-14, -16, -43, -44] [54, 18, -123, 26] [10, -9, -32, 31] [-3, 17, -9, 25] [-35, -72, -19, 36]
[20, 28, 6, 5] [-26, 2, -20, 4] [30, -14, 16, -7] [-8, 6, -29, -3] [-2, -9, -37, -9] [2, -11, -20, -1] [45, 6, 16, 0]
[-17, -16, 15, -9] [-2, -4, -54, -6] [-11, 2, 26, -4] [-11, 26, -45, -17] [41, 12, -11, 30] [46, -24, -39, 23] [-13, 3, 32, 2]
Food (up, right, down, left):
[10, 14, -3, 22] [-9, 19, -2, -26] [23, -15, 26, 13] [-22, -2, 52, 0] [-14, -5, 52, -14] [-10, -20, -21, -15] [-50, 11, 17, -16]
[-73, 7, -47, -6] [-4, -7, -36, 0] [2, 27, 16, 32] [-23, 20, -51, 30] [18, 9, -2, -54] [57, 6, -44, 25] [16, -5, 25, 27]
[-22, 7, 34, -34] [10, 0, -17, 30] [-58, -38, -42, 23] [45, -34, 22, 14] [-13, -10, -26, -25] [9, 24, -48, -32] [52, 28, 9, 11]
[10, 21, 4, 48] [-9, -6, -31, 32] [2, 5, -34, -13] [0, 0, 0, 0] [-12, 56, -38, -5] [15, -22, -39, -28] [-22, 43, -19, 18]
[0, 11, -12, 17] [8, 28, 5, 37] [28, -6, 35, 24] [-15, -49, 29, -14] [5, 10, 19, -22] [1, 37, 22, 16] [-12, -13, 8, 2]
[5, -38, -9, 10] [9, 11, 17, -13] [16, 10, 11, 28] [-27, -29, 52, -20] [-41, -40, 13, -66] [-26, 64, 21, 21] [0, 36, 2, 35]
[11, -5, -32, -23] [-5, 8, 14, -51] [34, 19, 4, -13] [-13, 0, 16, -32] [56, 26, 4, -15] [29, 29, 14, 2] [13, -18, 20, -20]
------------------------------
ALIVE
Head: (5 50)
Body: (5 50) (6 50) (7 50) (7 51) (7 52) (6 52) (6 51) (5 51) 
Length: 8, 4
Vision: 3
Hungry, suplies: 2/10
Reproductive: 16, mutating: 0.25
Generation: 50872
####################################
Wall (up, right, down, left):
[3, 4, 17, -5] [-3, 4, 11, -20] [-30, 3, 3, -25] [9, -2, 31, 4] [-23, 19, 13, -2] [21, -1, -9, -5] [0, -21, 2, -7]
[-47, -10, 6, -21] [0, 14, -11, -9] [-33, -1, 15, 6] [-40, 13, 16, 23] [38, 15, 2, -10] [-26, -19, -2, -11] [-14, -3, -1, 19]
[-4, -1, 30, 28] [-7, 20, -12, -1] [-12, -5, 48, -20] [-79, 22, 52, 7] [-43, -40, -18, 40] [-24, -19, 2, -1] [-28, -14, -24, 0]
[5, 43, -10, -40] [7, 5, 29, -27] [3, 45, 5, -109] [0, 0, 0, 0] [41, -105, 26, 7] [28, -4, 0, 8] [1, -1, 20, 3]
[-8, -33, 4, -4] [15, -3, -21, -13] [-14, -16, -43, -44] [54, 18, -123, 26] [10, -9, -32, 31] [-3, 17, -9, 25] [-35, -72, -19, 36]
[20, 28, 6, 5] [-24, 2, -20, 4] [30, -14, 16, -7] [-8, 6, -29, -3] [-2, -9, -37, -9] [2, -11, -20, -1] [45, 6, 16, 0]
[-17, -16, 15, -9] [-2, -4, -54, -6] [-11, 2, 26, -4] [-11, 26, -45, -17] [41, 12, -11, 30] [46, -24, -39, 23] [-13, 3, 32, 2]
Food (up, right, down, left):
[13, 14, -3, 22] [-9, 19, -2, -26] [23, -15, 26, 13] [-22, -2, 52, 0] [-14, -5, 52, -14] [-10, -20, -21, -15] [-50, 11, 17, -16]
[-73, 7, -47, -6] [-4, -7, -36, 0] [2, 27, 16, 32] [-23, 20, -51, 30] [18, 9, -2, -54] [57, 6, -44, 25] [16, -5, 25, 27]
[-22, 7, 34, -34] [10, 0, -17, 30] [-58, -38, -42, 23] [45, -34, 22, 14] [-13, -10, -26, -25] [9, 24, -48, -32] [52, 28, 9, 11]
[10, 21, 4, 48] [-9, -6, -31, 32] [2, 5, -34, -13] [0, 0, 0, 0] [-12, 56, -38, -5] [15, -22, -39, -28] [-22, 43, -19, 18]
[0, 11, -12, 17] [8, 28, 5, 37] [28, -6, 35, 24] [-15, -49, 29, -14] [5, 10, 19, -22] [1, 37, 22, 16] [-12, -13, 8, 2]
[5, -38, -9, 10] [9, 11, 17, -11] [16, 10, 11, 28] [-27, -29, 52, -20] [-41, -40, 13, -66] [-26, 64, 21, 21] [0, 36, 2, 35]
[11, -5, -32, -23] [-5, 8, 14, -51] [34, 19, 4, -13] [-13, 0, 16, -32] [56, 26, 4, -15] [29, 29, 14, 2] [13, -18, 20, -20]
------------------------------
ALIVE
Head: (17 35)
Body: (17 35) (16 35) (15 35) (15 34) (14 34) (13 34) (13 33) (13 32) (13 31) (12 31) (11 31) (10 31) (10 32) (10 33) 
Length: 14, 4
Vision: 3
Hungry, suplies: 10/10
Reproductive: 16, mutating: 0.25
Generation: 50871
####################################
Wall (up, right, down, left):
[3, 4, 17, -5] [-3, 4, 11, -20] [-30, 3, 3, -25] [9, -2, 31, 4] [-23, 19, 13, -2] [21, -1, -9, -5] [0, -21, 2, -7]
[-47, -10, 6, -21] [0, 14, -11, -9] [-33, -1, 15, 6] [-40, 13, 16, 23] [38, 15, 2, -10] [-26, -19, -2, -11] [-14, -3, -1, 19]
[-4, -1, 30, 28] [-7, 20, -12, -1] [-12, -5, 48, -20] [-79, 22, 52, 7] [-43, -40, -18, 40] [-24, -19, 2, -1] [-28, -14, -24, 0]
[5, 43, -10, -40] [11, 5, 29, -27] [3, 45, 5, -109] [0, 0, 0, 0] [41, -105, 26, 7] [28, -4, 0, 8] [1, -1, 20, 3]
[-8, -33, 4, -4] [15, -3, -21, -13] [-14, -16, -43, -44] [54, 18, -123, 26] [10, -9, -32, 31] [-3, 17, -9, 25] [-35, -72, -19, 36]
[20, 28, 6, 5] [-26, 2, -20, 4] [30, -14, 16, -7] [-8, 6, -29, -3] [-2, -9, -37, -9] [2, -11, -20, -1] [45, 6, 16, 0]
[-17, -16, 15, -9] [-2, -4, -54, -6] [-11, 2, 26, -4] [-11, 26, -45, -17] [41, 12, -11, 30] [46, -24, -39, 23] [-13, 3, 32, 2]
Food (up, right, down, left):
[13, 14, -3, 22] [-9, 19, -2, -26] [23, -15, 26, 13] [-22, -2, 52, 0] [-14, -5, 52, -14] [-10, -20, -21, -15] [-50, 11, 17, -16]
[-73, 7, -47, -6] [-4, -7, -36, 0] [2, 27, 16, 32] [-23, 20, -51, 30] [18, 9, -2, -54] [57, 6, -44, 25] [16, -5, 25, 27]
[-22, 7, 34, -34] [10, 0, -17, 30] [-58, -38, -42, 23] [45, -34, 22, 14] [-13, -10, -26, -25] [9, 24, -48, -32] [52, 28, 9, 11]
[10, 21, 4, 48] [-7, -6, -31, 32] [2, 5, -34, -13] [0, 0, 0, 0] [-12, 56, -38, -5] [15, -22, -39, -28] [-22, 43, -19, 18]
[0, 11, -12, 17] [8, 28, 5, 37] [28, -6, 35, 24] [-15, -49, 29, -14] [5, 10, 19, -22] [1, 37, 22, 16] [-12, -13, 8, 2]
[5, -38, -9, 10] [9, 11, 17, -13] [16, 10, 11, 28] [-27, -29, 52, -20] [-41, -40, 13, -66] [-26, 64, 21, 21] [0, 36, 2, 35]
[11, -5, -32, -23] [-5, 8, 14, -51] [34, 19, 4, -13] [-13, 0, 16, -32] [56, 26, 4, -15] [29, 29, 14, 2] [13, -18, 20, -20]
------------------------------
ALIVE
Head: (9 8)
Body: (9 8) (9 7) (9 6) (9 5) (8 5) (7 5) (6 5) (5 5) (4 5) (3 5) (2 5) (2 4) 
Length: 12, 4
Vision: 3
Hungry, suplies: 1/10
Reproductive: 16, mutating: 0.25
Generation: 50875
####################################
Wall (up, right, down, left):
[3, 4, 17, -5] [-3, 4, 11, -20] [-30, 3, 3, -25] [9, -2, 31, 4] [-23, 19, 13, -2] [21, -1, -9, -5] [0, -21, 2, -7]
[-47, -10, 6, -21] [0, 14, -11, -9] [-33, -1, 15, 6] [-40, 13, 16, 23] [38, 15, 2, -10] [-26, -19, -2, -11] [-14, -3, -1, 19]
[-4, -1, 30, 28] [-7, 20, -12, -1] [-12, -5, 48, -20] [-79, 22, 52, 7] [-43, -40, -18, 40] [-24, -19, 2, -1] [-28, -14, -24, 0]
[5, 43, -10, -40] [7, 5, 29, -27] [3, 45, 5, -109] [0, 0, 0, 0] [41, -105, 26, 7] [28, -4, 0, 8] [1, -1, 20, 3]
[-8, -33, 4, -4] [15, -3, -21, -13] [-14, -16, -43, -44] [54, 18, -123, 26] [10, -9, -32, 31] [-3, 17, -9, 25] [-35, -72, -19, 36]
[20, 28, 6, 5] [-26, 2, -20, 4] [30, -14, 16, -7] [-8, 6, -29, -3] [-2, -9, -37, -9] [2, -11, -20, -1] [45, 6, 16, 0]
[-17, -16, 15, -9] [-2, -4, -54, -6] [-11, 2, 26, -4] [-11, 26, -45, -17] [41, 12, -11, 30] [46, -24, -39, 23] [-13, 3, 32, 2]
Food (up, right, down, left):
[13, 14, -3, 22] [-9, 19, -2, -26] [23, -15, 26, 13] [-22, -2, 52, 0] [-14, -5, 52, -14] [-10, -20, -21, -15] [-50, 11, 17, -16]
[-73, 7, -47, -6] [-4, -7, -36, 0] [2, 27, 16, 32] [-23, 20, -51, 30] [18, 9, -2, -54] [57, 6, -44, 25] [16, -5, 25, 27]
[-22, 7, 34, -34] [10, 0, -17, 30] [-58, -38, -42, 23] [45, -34, 22, 14] [-13, -10, -26, -25] [9, 24, -48, -32] [52, 28, 9, 11]
[10, 21, 9, 48] [-9, -6, -31, 32] [2, 5, -34, -13] [0, 0, 0, 0] [-12, 56, -38, -5] [15, -22, -39, -28] [-22, 43, -19, 18]
[0, 11, -12, 17] [8, 28, 5, 37] [28, -6, 35, 24] [-15, -49, 29, -14] [5, 10, 19, -22] [1, 37, 22, 16] [-12, -13, 8, 2]
[5, -38, -9, 10] [9, 11, 17, -13] [16, 10, 11, 28] [-27, -29, 52, -20] [-41, -40, 13, -66] [-26, 64, 21, 21] [0, 36, 2, 35]
[11, -5, -32, -23] [-5, 8, 14, -51] [34, 19, 4, -13] [-13, 0, 16, -32] [56, 26, 4, -15] [29, 29, 14, 2] [13, -18, 20, -20]
------------------------------
ALIVE
Head: (0 8)
Body: (0 8) (24 8) (23 8) (22 8) (21 8) (20 8) (19 8) (18 8) 
Length: 8, 4
Vision: 3
Hungry, suplies: 10/10
Reproductive: 16, mutating: 0.25
Generation: 50876
####################################
Wall (up, right, down, left):
[3, 4, 17, -5] [-3, 4, 11, -20] [-30, 8, 3, -25] [9, 0, 31, 4] [-20, 19, 13, -2] [21, -1, -9, -5] [0, -21, 2, -7]
[-47, -14, 6, -21] [0, 14, -11, -9] [-33, -1, 15, 6] [-40, 13, 15, 23] [38, 15, 2, -8] [-26, -19, -2, -11] [-9, -3, -1, 24]
[-4, -1, 30, 28] [-7, 16, -12, -5] [-12, -5, 48, -20] [-80, 22, 51, 8] [-43, -44, -18, 40] [-24, -17, 2, -1] [-28, -14, -24, 0]
[5, 43, -10, -36] [7, 5, 29, -27] [3, 45, 5, -111] [0, 0, 0, 0] [41, -105, 26, 5] [28, -4, 0, 10] [1, -1, 20, 3]
[-8, -33, 4, -4] [15, -3, -21, -13] [-14, -16, -43, -44] [54, 20, -123, 29] [10, -9, -27, 31] [-3, 17, -9, 25] [-35, -72, -19, 36]
[20, 26, 8, 5] [-26, 2, -20, 4] [30, -14, 16, -7] [-8, 6, -29, -3] [-2, -9, -37, -12] [2, -11, -20, -1] [49, 6, 16, 0]
[-18, -12, 15, -9] [-2, -4, -47, -6] [-11, 2, 26, -6] [-11, 26, -45, -17] [41, 12, -11, 30] [46, -29, -39, 28] [-16, 3, 32, 2]
Food (up, right, down, left):
[13, 14, -3, 22] [-9, 19, -2, -26] [23, -18, 26, 13] [-22, -2, 52, 5] [-14, -1, 52, -14] [-10, -20, -21, -15] [-50, 15, 17, -16]
[-73, 7, -50, -6] [-4, -7, -36, 0] [2, 27, 16, 32] [-23, 20, -51, 29] [18, 9, -2, -57] [57, 6, -44, 25] [14, -5, 25, 25]
[-22, 7, 34, -34] [14, 0, -17, 34] [-58, -38, -42, 23] [46, -37, 22, 14] [-13, -15, -26, -25] [9, 24, -48, -28] [52, 28, 9, 11]
[10, 21, 4, 52] [-9, -6, -31, 32] [2, 5, -34, -16] [0, 0, 0, 0] [-12, 56, -36, -5] [15, -22, -44, -28] [-22, 43, -19, 18]
[0, 11, -12, 17] [8, 28, 5, 37] [28, -6, 35, 24] [-15, -51, 29, -14] [10, 10, 19, -22] [1, 37, 22, 16] [-12, -13, 8, 2]
[9, -36, -9, 10] [9, 11, 16, -11] [16, 10, 11, 28] [-27, -29, 52, -20] [-41, -40, 11, -66] [-26, 64, 21, 21] [0, 36, 2, 33]
[7, -5, -27, -23] [0, 8, 14, -49] [34, 19, 5, -13] [-13, 0, 16, -32] [56, 26, 4, -15] [31, 29, 9, 2] [18, -18, 20, -20]
------------------------------
DEAD: Wall
Head: (19 2)
Body: (19 2) (19 3) (19 4) (19 5) (19 6) (19 7) (18 7) (18 6) (18 5) (18 4) (18 3) 
Length: 11, 4
Vision: 3
Hungry, suplies: 6/10
Reproductive: 16, mutating: 0.25
Generation: 50874
####################################
Wall (up, right, down, left):
[3, 4, 17, -5] [-3, 4, 11, -20] [-30, 3, 3, -25] [9, -2, 31, 4] [-23, 19, 13, -2] [21, -1, -9, -5] [0, -21, 2, -7]
[-47, -10, 6, -21] [0, 14, -11, -9] [-33, -1, 15, 6] [-40, 13, 16, 23] [38, 15, 2, -10] [-26, -19, -2, -11] [-14, -3, -1, 19]
[-4, -1, 30, 28] [-7, 20, -12, -1] [-12, -5, 48, -20] [-79, 22, 52, 7] [-43, -40, -18, 40] [-24, -19, 2, -1] [-28, -14, -24, 0]
[5, 43, -10, -40] [11, 5, 29, -27] [3, 45, 5, -109] [0, 0, 0, 0] [41, -105, 26, 7] [28, -4, 0, 8] [1, -1, 20, 3]
[-8, -33, 4, -4] [15, -3, -21, -13] [-14, -16, -43, -44] [54, 18, -123, 26] [10, -9, -32, 31] [-3, 17, -9, 25] [-35, -72, -19, 36]
[20, 28, 6, 5] [-26, 2, -20, 4] [30, -14, 16, -7] [-8, 6, -29, -3] [-2, -9, -37, -9] [2, -11, -20, -1] [45, 6, 16, 0]
[-17, -16, 15, -9] [-2, -4, -54, -6] [-11, 2, 26, -4] [-11, 26, -45, -17] [41, 12, -11, 30] [46, -24, -39, 23] [-13, 3, 32, 2]
Food (up, right, down, left):
[13, 14, -3, 22] [-9, 19, -2, -26] [23, -15, 26, 13] [-22, -2, 52, 0] [-14, -5, 52, -14] [-10, -20, -21, -15] [-50, 11, 17, -16]
[-73, 7, -47, -6] [-4, -7, -36, 0] [2, 27, 16, 32] [-23, 20, -51, 30] [18, 9, -2, -54] [57, 6, -44, 25] [16, -5, 25, 27]
[-22, 7, 34, -34] [10, 0, -17, 30] [-58, -38, -42, 23] [45, -34, 22, 14] [-13, -10, -26, -25] [9, 24, -48, -32] [52, 28, 9, 11]
[10, 21, 4, 48] [-7, -6, -31, 32] [2, 5, -34, -13] [0, 0, 0, 0] [-12, 56, -38, -5] [15, -22, -39, -28] [-22, 43, -19, 18]
[0, 11, -12, 17] [8, 28, 5, 37] [28, -6, 35, 24] [-15, -49, 29, -14] [5, 10, 19, -22] [1, 37, 22, 16] [-12, -13, 8, 2]
[5, -38, -9, 10] [9, 11, 17, -13] [16, 10, 11, 28] [-27, -29, 52, -20] [-41, -40, 13, -66] [-26, 64, 21, 21] [0, 36, 2, 35]
[11, -5, -32, -23] [-5, 8, 14, -51] [34, 19, 4, -13] [-13, 0, 16, -32] [56, 26, 4, -15] [29, 29, 14, 2] [13, -18, 20, -20]
------------------------------
ALIVE
Head: (0 33)
Body: (0 33) (0 32) (0 31) (0 30) (0 29) (25 28) (24 28) (24 27) (-1 26) 
Length: 9, 4
Vision: 3
Hungry, suplies: 6/10
Reproductive: 16, mutating: 0.25
Generation: 50876
####################################
Wall (up, right, down, left):
[3, 4, 17, -5] [-3, 4, 11, -20] [-30, 3, 3, -25] [9, -2, 31, 4] [-23, 19, 13, -2] [21, -1, -9, -5] [0, -21, 2, -7]
[-47, -10, 6, -21] [0, 14, -11, -9] [-33, -1, 15, 6] [-40, 13, 16, 23] [38, 15, 2, -10] [-26, -19, -2, -11] [-14, -3, -1, 19]
[-4, -1, 30, 28] [-7, 20, -12, -1] [-12, -5, 48, -20] [-79, 22, 52, 7] [-43, -40, -18, 40] [-24, -19, 2, -1] [-28, -14, -24, 0]
[5, 43, -10, -40] [7, 5, 29, -27] [3, 45, 5, -109] [0, 0, 0, 0] [41, -105, 26, 7] [28, -4, 0, 8] [1, -1, 20, 3]
[-8, -33, 4, -4] [15, -3, -21, -13] [-14, -16, -43, -44] [54, 18, -123, 26] [10, -9, -32, 31] [-3, 17, -9, 25] [-35, -72, -19, 36]
[20, 28, 6, 5] [-26, 2, -20, 4] [30, -14, 16, -7] [-8, 6, -29, -3] [-2, -9, -37, -9] [2, -11, -20, -1] [45, 6, 16, 0]
[-17, -16, 15, -9] [-2, -4, -54, -6] [-11, 2, 26, -4] [-11, 26, -45, -17] [41, 12, -11, 30] [46, -24, -39, 23] [-13, 3, 32, 2]
Food (up, right, down, left):
[13, 14, -3, 22] [-9, 19, -2, -26] [23, -15, 26, 13] [-22, -2, 52, 0] [-14, -5, 52, -14] [-10, -20, -21, -15] [-50, 11, 17, -16]
[-73, 7, -47, -6] [-4, -7, -36, 0] [2, 27, 16, 32] [-23, 20, -51, 30] [18, 9, -2, -54] [57, 6, -44, 25] [16, -5, 25, 27]
[-22, 7, 34, -34] [10, 0, -17, 30] [-58, -38, -42, 23] [45, -34, 22, 14] [-13, -10, -26, -25] [9, 24, -48, -32] [52, 28, 9, 11]
[10, 21, 9, 48] [-9, -6, -31, 32] [2, 5, -34, -13] [0, 0, 0, 0] [-12, 56, -38, -5] [15, -22, -39, -28] [-22, 43, -19, 18]
[0, 11, -12, 17] [8, 28, 5, 37] [28, -6, 35, 24] [-15, -49, 29, -14] [5, 10, 19, -22] [1, 37, 22, 16] [-12, -13, 8, 2]
[5, -38, -9, 10] [9, 11, 17, -13] [16, 10, 11, 28] [-27, -29, 52, -20] [-41, -40, 13, -66] [-26, 64, 21, 21] [0, 36, 2, 35]
[11, -5, -32, -23] [-5, 8, 14, -51] [34, 19, 4, -13] [-13, 0, 16, -32] [56, 26, 4, -15] [29, 29, 14, 2] [13, -18, 20, -20]
------------------------------
ALIVE
Head: (22 51)
Body: (22 51) (21 51) (20 51) (19 51) (18 51) (17 51) (16 51) (15 51) (15 50) (15 49) (14 49) 
Length: 11, 4
Vision: 3
Hungry, suplies: 9/10
Reproductive: 16, mutating: 0.25
Generation: 50877
####################################
Wall (up, right, down, left):
[3, 4, 17, -5] [-3, 4, 11, -20] [-30, 3, 3, -25] [9, -2, 31, 4] [-23, 19, 13, -2] [21, -1, -9, -5] [0, -21, 2, -7]
[-47, -10, 6, -21] [0, 14, -11, -9] [-33, -1, 15, 6] [-40, 13, 16, 23] [38, 15, 2, -10] [-26, -19, -2, -11] [-14, -3, -1, 19]
[-4, -1, 30, 28] [-7, 20, -12, -1] [-12, -5, 48, -20] [-79, 17, 52, 7] [-43, -40, -18, 40] [-24, -19, 2, -1] [-28, -14, -24, 0]
[5, 43, -10, -40] [7, 5, 29, -27] [3, 45, 5, -109] [0, 0, 0, 0] [41, -105, 26, 7] [28, -4, 0, 8] [1, -1, 20, 3]
[-8, -33, 4, -4] [15, -3, -21, -13] [-14, -16, -43, -44] [54, 18, -123, 26] [10, -9, -32, 31] [-3, 17, -9, 25] [-35, -72, -19, 36]
[20, 28, 6, 5] [-26, 2, -20, 4] [30, -14, 16, -7] [-8, 6, -29, -3] [-2, -9, -37, -9] [2, -11, -20, -1] [45, 6, 16, 0]
[-17, -16, 15, -9] [-2, -4, -54, -6] [-11, 2, 26, -4] [-11, 26, -45, -17] [41, 12, -11, 30] [46, -24, -39, 23] [-13, 3, 32, 2]
Food (up, right, down, left):
[10, 14, -3, 22] [-9, 19, -2, -26] [23, -15, 26, 13] [-22, -2, 52, 0] [-14, -5, 52, -14] [-14, -20, -21, -15] [-50, 11, 17, -16]
[-73, 7, -47, -6] [-4, -7, -36, 0] [2, 27, 16, 32] [-23, 20, -51, 30] [18, 9, -2, -54] [57, 6, -44, 25] [16, -5, 25, 27]
[-22, 7, 34, -34] [10, 0, -17, 30] [-58, -38, -42, 23] [49, -34, 22, 14] [-13, -10, -26, -25] [9, 24, -48, -32] [52, 28, 9, 11]
[10, 21, 4, 48] [-9, -6, -31, 32] [2, 5, -34, -13] [0, 0, 0, 0] [-12, 56, -38, -5] [15, -22, -39, -28] [-22, 43, -19, 18]
[0, 11, -12, 17] [8, 28, 5, 37] [28, -6, 35, 24] [-15, -49, 29, -14] [5, 10, 19, -22] [1, 37, 22, 16] [-12, -13, 8, 2]
[5, -38, -9, 10] [9, 11, 17, -13] [16, 10, 11, 28] [-27, -29, 52, -20] [-41, -40, 13, -66] [-26, 64, 21, 21] [0, 36, 2, 35]
[11, -5, -32, -23] [-5, 8, 14, -51] [34, 19, 4, -13] [-13, 0, 16, -32] [56, 26, 4, -15] [29, 29, 14, 2] [13, -18, 20, -20]
------------------------------
ALIVE
Head: (4 22)
Body: (4 22) (3 22) (3 21) (3 20) (3 19) (3 18) (4 18) (5 18) (6 18) (6 19) (6 20) (7 20) (7 21) (6 21) 
Length: 14, 4
Vision: 3
Hungry, suplies: 9/10
Reproductive: 16, mutating: 0.25
Generation: 50875
####################################
Wall (up, right, down, left):
[3, 4, 17, -5] [-3, 4, 11, -20] [-30, 8, 3, -25] [9, 0, 31, 4] [-20, 19, 13, -2] [21, -1, -9, -5] [0, -21, 2, -7]
[-47, -14, 6, -21] [0, 14, -11, -9] [-33, -1, 15, 6] [-40, 13, 15, 23] [38, 15, 2, -8] [-26, -19, -2, -11] [-9, -3, -1, 24]
[-4, -1, 30, 28] [-7, 16, -12, -5] [-12, -5, 48, -20] [-80, 22, 51, 8] [-43, -44, -18, 40] [-24, -17, 2, -1] [-28, -14, -24, 0]
[5, 43, -10, -36] [7, 5, 29, -27] [3, 45, 5, -111] [0, 0, 0, 0] [41, -105, 26, 5] [28, -4, 0, 10] [1, -1, 20, 3]
[-8, -33, 4, -4] [15, -3, -21, -13] [-14, -16, -43, -44] [54, 20, -123, 29] [10, -9, -27, 31] [-3, 17, -9, 25] [-35, -72, -19, 36]
[20, 26, 8, 5] [-26, 2, -20, 4] [30, -14, 16, -7] [-8, 6, -29, -3] [-2, -9, -37, -12] [2, -11, -20, -1] [49, 6, 16, 0]
[-18, -12, 15, -9] [-2, -4, -47, -6] [-11, 2, 26, -6] [-11, 26, -45, -17] [41, 12, -11, 30] [46, -29, -39, 28] [-16, 3, 32, 2]
Food (up, right, down, left):
[13, 14, -3, 22] [-9, 19, -2, -26] [23, -18, 26, 13] [-22, -2, 52, 5] [-14, -1, 52, -14] [-10, -20, -21, -15] [-50, 15, 17, -16]
[-73, 7, -50, -6] [-4, -7, -36, 0] [2, 27, 16, 32] [-23, 20, -51, 29] [18, 9, -2, -57] [57, 6, -44, 25] [14, -5, 25, 25]
[-22, 7, 34, -34] [14, 0, -17, 34] [-58, -38, -42, 23] [46, -37, 22, 14] [-13, -15, -26, -25] [9, 24, -48, -28] [52, 28, 9, 11]
[10, 21, 4, 52] [-9, -6, -31, 32] [2, 5, -34, -16] [0, 0, 0, 0] [-12, 56, -36, -5] [15, -22, -44, -28] [-22, 43, -19, 18]
[0, 11, -12, 17] [8, 28, 5, 37] [28, -6, 35, 24] [-15, -51, 29, -14] [10, 10, 19, -22] [1, 37, 22, 16] [-12, -13, 8, 2]
[9, -36, -9, 10] [9, 11, 16, -11] [16, 10, 11, 28] [-27, -29, 52, -20] [-41, -40, 11, -66] [-26, 64, 21, 21] [0, 36, 2, 33]
[7, -5, -27, -23] [0, 8, 14, -49] [34, 19, 5, -13] [-13, 0, 16, -32] [56, 26, 4, -15] [31, 29, 9, 2] [18, -18, 20, -20]
------------------------------
ALIVE
Head: (18 29)
Body: (18 29) (18 28) (19 28) (19 29) (19 30) (20 30) (21 30) (21 29) (21 28) (21 27) (21 26) (21 25) (21 24) (21 23) (20 23) 
Length: 15, 4
Vision: 3
Hungry, suplies: 10/10
Reproductive: 16, mutating: 0.25
Generation: 50874
####################################
Wall (up, right, down, left):
[3, 4, 17, -5] [-3, 3, 11, -20] [-30, 3, 3, -25] [9, -2, 31, 4] [-23, 19, 13, -2] [21, -1, -9, -5] [0, -21, 2, -7]
[-47, -10, 6, -21] [0, 14, -11, -9] [-33, -1, 15, 6] [-40, 13, 16, 23] [38, 15, 2, -10] [-26, -19, -2, -11] [-14, -3, -1, 19]
[-4, -1, 30, 28] [-7, 20, -12, -1] [-12, -5, 48, -20] [-79, 17, 52, 7] [-43, -40, -18, 40] [-24, -19, 2, -1] [-28, -14, -24, 0]
[5, 43, -10, -40] [7, 5, 29, -27] [3, 45, 5, -109] [0, 0, 0, 0] [41, -105, 26, 7] [28, -4, 0, 8] [1, -1, 20, 3]
[-8, -33, 4, -4] [15, -3, -21, -13] [-14, -16, -43, -44] [54, 18, -123, 26] [10, -9, -32, 31] [-3, 17, -9, 25] [-35, -72, -19, 36]
[20, 28, 6, 5] [-26, 2, -20, 4] [30, -14, 16, -7] [-8, 6, -29, -3] [-2, -9, -37, -9] [2, -11, -20, -1] [45, 6, 16, 0]
[-17, -16, 15, -9] [-2, -4, -54, -6] [-11, 2, 26, -4] [-11, 26, -45, -17] [41, 12, -11, 30] [46, -24, -39, 23] [-13, 3, 32, 2]
Food (up, right, down, left):
[10, 14, -3, 22] [-10, 19, -2, -26] [23, -15, 26, 13] [-22, -2, 52, 0] [-14, -5, 52, -14] [-10, -20, -21, -15] [-50, 11, 17, -16]
[-73, 7, -47, -6] [-4, -7, -36, 0] [2, 27, 16, 32] [-23, 20, -51, 30] [18, 9, -2, -54] [57, 6, -44, 25] [16, -5, 25, 27]
[-22, 7, 34, -34] [10, 0, -17, 30] [-58, -38, -42, 23] [49, -34, 22, 14] [-13, -10, -26, -25] [9, 24, -48, -32] [52, 28, 9, 11]
[10, 21, 4, 48] [-9, -6, -31, 32] [2, 5, -34, -13] [0, 0, 0, 0] [-12, 56, -38, -5] [15, -22, -39, -28] [-22, 43, -19, 18]
[0, 11, -12, 17] [8, 28, 5, 37] [28, -6, 35, 24] [-15, -49, 29, -14] [5, 10, 19, -22] [1, 37, 22, 16] [-12, -13, 8, 2]
[5, -38, -9, 10] [9, 11, 17, -13] [16, 10, 11, 28] [-27, -29, 52, -20] [-41, -40, 13, -66] [-26, 64, 21, 21] [0, 36, 2, 35]
[11, -5, -32, -23] [-5, 8, 14, -51] [34, 19, 4, -13] [-13, 0, 16, -32] [56, 26, 4, -15] [29, 29, 14, 2] [13, -18, 20, -20]
------------------------------
ALIVE
Head: (2 34)
Body: (2 34) (1 34) (25 34) (24 34) (24 35) (-1 36) (0 36) 
Length: 7, 4
Vision: 3
Hungry, suplies: 9/10
Reproductive: 16, mutating: 0.25
Generation: 50877
####################################
Wall (up, right, down, left):
[3, 4, 17, -5] [-3, 4, 11, -20] [-30, 3, 3, -25] [9, -2, 31, 4] [-23, 19, 13, -2] [21, -1, -9, -5] [0, -21, 2, -7]
[-47, -10, 6, -21] [0, 14, -11, -9] [-33, -1, 15, 6] [-40, 13, 16, 23] [38, 15, 2, -10] [-26, -19, -2, -11] [-14, -3, -1, 19]
[-4, -1, 30, 28] [-7, 20, -12, -1] [-12, -5, 48, -20] [-79, 22, 52, 7] [-43, -40, -18, 40] [-24, -19, 2, -1] [-28, -14, -24, 0]
[5, 43, -10, -40] [7, 5, 29, -27] [3, 45, 5, -109] [0, 0, 0, 0] [41, -105, 26, 4] [28, -4, 0, 8] [1, -1, 16, 3]
[-8, -33, 4, -4] [15, -3, -21, -13] [-14, -16, -43, -44] [54, 18, -123, 26] [10, -9, -32, 31] [-3, 17, -9, 25] [-35, -72, -19, 36]
[20, 28, 6, 5] [-26, 2, -20, 4] [30, -14, 16, -7] [-8, 6, -29, -3] [-2, -9, -37, -9] [2, -11, -20, -1] [45, 6, 16, 0]
[-17, -16, 15, -9] [-2, -4, -54, -6] [-11, 2, 26, -4] [-11, 26, -45, -17] [41, 12, -11, 30] [46, -24, -39, 23] [-13, 3, 32, 2]
Food (up, right, down, left):
[10, 14, -3, 22] [-9, 19, -2, -26] [23, -15, 26, 13] [-22, -2, 52, 0] [-14, -5, 52, -14] [-10, -20, -21, -15] [-50, 11, 17, -16]
[-73, 7, -47, -6] [-4, -7, -36, 0] [2, 27, 16, 32] [-23, 20, -51, 30] [18, 9, -2, -54] [57, 6, -44, 25] [16, -5, 25, 27]
[-22, 7, 34, -34] [10, 0, -17, 30] [-58, -38, -42, 23] [45, -34, 22, 14] [-13, -10, -26, -25] [9, 24, -48, -32] [52, 28, 9, 11]
[10, 21, 4, 48] [-9, -6, -31, 32] [2, 5, -34, -13] [0, 0, 0, 0] [-12, 56, -34, -5] [15, -22, -39, -28] [-19, 43, -19, 18]
[0, 11, -12, 17] [8, 28, 5, 37] [28, -6, 35, 24] [-15, -49, 29, -14] [5, 10, 19, -22] [1, 37, 22, 16] [-12, -13, 8, 2]
[5, -38, -9, 10] [9, 11, 17, -13] [16, 10, 11, 28] [-27, -29, 52, -20] [-41, -40, 13, -66] [-26, 64, 21, 21] [0, 36, 2, 35]
[11, -5, -32, -23] [-5, 8, 14, -51] [34, 19, 4, -13] [-13, 0, 16, -32] [56, 26, 4, -15] [29, 29, 14, 2] [13, -18, 20, -20]
------------------------------
ALIVE
Head: (9 12)
Body: (9 12) (9 11) (8 11) (8 10) (8 9) (7 9) (6 9) 
Length: 7, 4
Vision: 3
Hungry, suplies: 6/10
Reproductive: 16, mutating: 0.25
Generation: 50874
####################################
Wall (up, right, down, left):
[3, 4, 17, -5] [-3, 4, 11, -20] [-30, 3, 3, -25] [9, -2, 31, 4] [-23, 19, 13, -2] [21, -1, -9, -5] [0, -21, 2, -7]
[-47, -10, 6, -21] [0, 14, -11, -9] [-33, -1, 15, 6] [-40, 13, 16, 23] [38, 15, 2, -10] [-26, -19, -2, -11] [-14, -3, -1, 19]
[-4, -1, 30, 28] [-7, 20, -12, -1] [-12, -5, 48, -20] [-79, 22, 52, 7] [-43, -40, -18, 40] [-24, -19, 2, -1] [-28, -14, -24, 0]
[5, 43, -10, -40] [11, 5, 29, -27] [3, 45, 5, -109] [0, 0, 0, 0] [41, -105, 26, 7] [28, -4, 0, 8] [1, -1, 20, 3]
[-8, -33, 4, -4] [15, -3, -21, -13] [-14, -16, -43, -44] [54, 18, -123, 26] [10, -9, -32, 31] [-3, 17, -9, 25] [-35, -72, -19, 36]
[20, 28, 6, 5] [-26, 2, -20, 4] [30, -14, 16, -7] [-8, 6, -29, -3] [-2, -9, -37, -9] [2, -11, -20, -1] [45, 6, 16, 0]
[-17, -16, 15, -9] [-2, -4, -54, -6] [-11, 2, 26, -4] [-11, 26, -45, -17] [41, 12, -11, 30] [46, -24, -39, 23] [-13, 3, 32, 2]
Food (up, right, down, left):
[13, 14, -3, 22] [-9, 19, -2, -26] [23, -15, 26, 13] [-22, -2, 52, 0] [-14, -5, 52, -14] [-10, -20, -21, -15] [-50, 11, 17, -16]
[-73, 7, -47, -6] [-4, -7, -36, 0] [2, 27, 16, 32] [-23, 20, -51, 30] [18, 9, -2, -54] [57, 6, -44, 25] [16, -5, 25, 27]
[-22, 7, 34, -34] [10, 0, -17, 30] [-58, -38, -42, 23] [45, -34, 22, 14] [-13, -10, -26, -25] [9, 24, -48, -32] [52, 28, 9, 11]
[10, 21, 4, 48] [-7, -6, -31, 32] [2, 5, -34, -13] [0, 0, 0, 0] [-12, 56, -38, -5] [15, -22, -39, -28] [-22, 43, -19, 18]
[0, 11, -12, 17] [8, 28, 5, 37] [28, -6, 35, 24] [-15, -49, 29, -14] [5, 10, 19, -22] [1, 37, 22, 16] [-12, -13, 8, 2]
[5, -38, -9, 10] [9, 11, 17, -13] [16, 10, 11, 28] [-27, -29, 52, -20] [-41, -40, 13, -66] [-26, 64, 21, 21] [0, 36, 2, 35]
[11, -5, -32, -23] [-5, 8, 14, -51] [34, 19, 4, -13] [-13, 0, 16, -32] [56, 26, 4, -15] [29, 29, 14, 2] [13, -18, 20, -20]
------------------------------
ALIVE
Head: (6 25)
Body: (6 25) (5 25) (5 24) (4 24) (3 24) (3 23) (2 23) (1 23) (1 24) (25 24) (24 24) (24 23) 
Length: 12, 4
Vision: 3
Hungry, suplies: 7/10
Reproductive: 16, mutating: 0.25
Generation: 50877
####################################
Wall (up, right, down, left):
[3, 4, 17, -5] [-3, 4, 11, -20] [-30, 8, 3, -25] [9, 0, 31, 4] [-20, 19, 13, -2] [21, -1, -9, -5] [0, -21, 2, -7]
[-47, -14, 6, -21] [0, 14, -11, -9] [-33, -1, 15, 6] [-40, 13, 15, 23] [38, 15, 2, -8] [-26, -19, -2, -11] [-9, -3, -1, 24]
[-4, -1, 30, 28] [-7, 16, -12, -5] [-12, -5, 48, -20] [-80, 22, 51, 7] [-43, -44, -18, 40] [-24, -17, 2, -1] [-28, -14, -24, 0]
[5, 43, -10, -36] [7, 5, 29, -27] [3, 45, 5, -111] [0, 0, 0, 0] [41, -105, 26, 5] [28, -4, 0, 10] [1, -1, 20, 3]
[-8, -33, 4, -4] [15, -3, -21, -13] [-14, -16, -43, -44] [54, 20, -123, 29] [10, -9, -27, 31] [-3, 17, -9, 25] [-35, -72, -19, 36]
[20, 26, 8, 5] [-26, 2, -20, 4] [30, -14, 16, -7] [-8, 6, -29, -3] [-2, -9, -37, -12] [2, -11, -20, -1] [49, 6, 16, 0]
[-18, -12, 15, -9] [-2, -4, -47, -6] [-11, 2, 26, -6] [-11, 26, -45, -17] [41, 12, -11, 30] [46, -24, -39, 28] [-16, 3, 32, 2]
Food (up, right, down, left):
[13, 14, -3, 22] [-9, 19, -2, -26] [23, -18, 26, 13] [-22, -2, 52, 5] [-14, -1, 52, -14] [-10, -20, -21, -15] [-50, 15, 17, -16]
[-73, 7, -50, -6] [-4, -7, -36, 0] [2, 27, 16, 32] [-23, 20, -51, 29] [18, 9, -2, -57] [57, 6, -44, 25] [14, -5, 25, 25]
[-22, 7, 34, -34] [14, 0, -17, 34] [-58, -38, -42, 23] [46, -39, 22, 14] [-13, -15, -26, -25] [9, 24, -48, -28] [52, 28, 9, 11]
[10, 21, 4, 52] [-9, -6, -31, 32] [2, 5, -34, -16] [0, 0, 0, 0] [-12, 56, -36, -5] [15, -22, -44, -28] [-22, 43, -19, 18]
[0, 11, -12, 17] [8, 28, 5, 37] [28, -6, 35, 24] [-15, -51, 29, -14] [10, 10, 19, -22] [1, 37, 22, 16] [-12, -13, 8, 2]
[9, -36, -9, 10] [9, 11, 16, -11] [16, 10, 11, 28] [-27, -29, 52, -20] [-41, -40, 11, -66] [-26, 64, 21, 21] [0, 36, 2, 33]
[7, -5, -27, -23] [0, 8, 14, -49] [34, 19, 5, -13] [-13, 0, 16, -32] [56, 26, 4, -15] [29, 29, 9, 2] [18, -18, 20, -20]
------------------------------
ALIVE
Head: (0 1)
Body: (25 1) (24 1) (24 2) (23 2) (22 2) (22 1) (22 0) (21 57) 
Length: 8, 4
Vision: 3
Hungry, suplies: 7/10
Reproductive: 16, mutating: 0.25
Generation: 50872
####################################
Wall (up, right, down, left):
[3, 4, 17, -5] [-3, 4, 11, -20] [-30, 3, 3, -25] [9, -2, 31, 4] [-23, 19, 13, -2] [21, -1, -9, -5] [0, -21, 2, -4]
[-47, -10, 6, -21] [0, 14, -11, -9] [-33, -1, 15, 6] [-40, 13, 16, 23] [38, 15, 2, -10] [-26, -19, -2, -11] [-14, -3, -1, 19]
[-4, -1, 30, 28] [-7, 20, -12, -1] [-12, -5, 48, -20] [-79, 22, 52, 7] [-43, -40, -18, 40] [-24, -19, 2, -1] [-28, -14, -24, 0]
[5, 43, -10, -40] [7, 5, 29, -27] [3, 45, 5, -109] [0, 0, 0, 0] [41, -105, 26, 4] [28, -4, 0, 8] [1, -1, 20, 3]
[-8, -33, 4, -4] [15, -3, -21, -13] [-14, -16, -43, -44] [54, 18, -123, 26] [10, -9, -32, 31] [-3, 17, -9, 25] [-35, -72, -19, 36]
[20, 28, 6, 5] [-26, 2, -20, 4] [30, -14, 16, -7] [-8, 6, -29, -3] [-2, -9, -37, -9] [2, -11, -20, -1] [45, 6, 16, 0]
[-17, -16, 15, -9] [-2, -4, -54, -6] [-11, 2, 26, -4] [-11, 26, -45, -17] [41, 12, -11, 30] [46, -24, -39, 23] [-13, 3, 32, 2]
Food (up, right, down, left):
[10, 14, -3, 22] [-9, 19, -2, -26] [23, -15, 26, 13] [-22, -2, 52, 0] [-14, -5, 52, -14] [-10, -20, -21, -15] [-45, 11, 17, -16]
[-73, 7, -47, -6] [-4, -7, -36, 0] [2, 27, 16, 32] [-23, 20, -51, 30] [18, 9, -2, -54] [57, 6, -44, 25] [16, -5, 25, 27]
[-22, 7, 34, -34] [10, 0, -17, 30] [-58, -38, -42, 23] [45, -34, 22, 14] [-13, -10, -26, -25] [9, 24, -48, -32] [52, 28, 9, 11]
[10, 21, 4, 48] [-9, -6, -31, 32] [2, 5, -34, -13] [0, 0, 0, 0] [-12, 56, -34, -5] [15, -22, -39, -28] [-22, 43, -19, 18]
[0, 11, -12, 17] [8, 28, 5, 37] [28, -6, 35, 24] [-15, -49, 29, -14] [5, 10, 19, -22] [1, 37, 22, 16] [-12, -13, 8, 2]
[5, -38, -9, 10] [9, 11, 17, -13] [16, 10, 11, 28] [-27, -29, 52, -20] [-41, -40, 13, -66] [-26, 64, 21, 21] [0, 36, 2, 35]
[11, -5, -32, -23] [-5, 8, 14, -51] [34, 19, 4, -13] [-13, 0, 16, -32] [56, 26, 4, -15] [29, 29, 14, 2] [13, -18, 20, -20]
------------------------------
ALIVE
Head: (13 18)
Body: (13 18) (13 17) (13 16) (12 16) (11 16) (11 15) (10 15) (9 15) 
Length: 8, 4
Vision: 3
Hungry, suplies: 9/10
Reproductive: 16, mutating: 0.25
Generation: 50875
####################################
Wall (up, right, down, left):
[3, 4, 17, -5] [-3, 4, 11, -20] [-30, 3, 3, -25] [9, -2, 31, 4] [-23, 19, 13, -2] [21, -1, -9, -5] [0, -21, 2, -7]
[-47, -10, 6, -21] [0, 14, -11, -9] [-33, -1, 15, 6] [-40, 13, 16, 23] [38, 15, 2, -10] [-26, -19, -2, -11] [-14, -3, -1, 19]
[-4, -1, 30, 28] [-7, 20, -12, -1] [-12, -5, 48, -20] [-79, 22, 52, 7] [-43, -40, -18, 40] [-24, -19, 2, -1] [-28, -14, -24, 0]
[5, 43, -10, -40] [7, 5, 29, -27] [3, 45, 5, -109] [0, 0, 0, 0] [41, -105, 26, 7] [28, -4, 0, 8] [1, -1, 20, 3]
[-8, -33, 4, -4] [15, -3, -21, -13] [-14, -16, -43, -44] [54, 18, -123, 26] [10, -9, -32, 31] [-3, 17, -9, 25] [-35, -72, -19, 36]
[20, 28, 6, 5] [-24, 2, -20, 4] [30, -14, 16, -7] [-8, 6, -29, -3] [-2, -9, -37, -9] [2, -11, -20, -1] [45, 6, 16, 0]
[-17, -16, 15, -9] [-2, -4, -54, -6] [-11, 2, 26, -4] [-11, 26, -45, -17] [41, 12, -11, 30] [46, -24, -39, 23] [-13, 3, 32, 2]
Food (up, right, down, left):
[13, 14, -3, 22] [-9, 19, -2, -26] [23, -15, 26, 13] [-22, -2, 52, 0] [-14, -5, 52, -14] [-10, -20, -21, -15] [-50, 11, 17, -16]
[-73, 7, -47, -6] [-4, -7, -36, 0] [2, 27, 16, 32] [-23, 20, -51, 30] [18, 9, -2, -54] [57, 6, -44, 25] [16, -5, 25, 27]
[-22, 7, 34, -34] [10, 0, -17, 30] [-58, -38, -42, 23] [45, -34, 22, 14] [-13, -10, -26, -25] [9, 24, -48, -32] [52, 28, 9, 11]
[10, 21, 4, 48] [-9, -6, -31, 32] [2, 5, -34, -13] [0, 0, 0, 0] [-12, 56, -38, -5] [15, -22, -39, -28] [-22, 43, -19, 18]
[0, 11, -12, 17] [8, 28, 5, 37] [28, -6, 35, 24] [-15, -49, 29, -14] [5, 10, 19, -22] [1, 37, 22, 16] [-12, -13, 8, 2]
[5, -38, -9, 10] [9, 11, 17, -11] [16, 10, 11, 28] [-27, -29, 52, -20] [-41, -40, 13, -66] [-26, 64, 21, 21] [0, 36, 2, 35]
[11, -5, -32, -23] [-5, 8, 14, -51] [34, 19, 4, -13] [-13, 0, 16, -32] [56, 26, 4, -15] [29, 29, 14, 2] [13, -18, 20, -20]
------------------------------
ALIVE
Head: (1 5)
Body: (1 5) (25 5) (24 5) (23 5) (22 5) (21 5) (21 6) (20 6) (20 5) (20 4) (20 3) (20 2) (20 1) (19 1) 
Length: 14, 4
Vision: 3
Hungry, suplies: 5/10
Reproductive: 16, mutating: 0.25
Generation: 50872
####################################
Wall (up, right, down, left):
[3, 4, 17, -5] [-3, 4, 11, -20] [-30, 8, 3, -25] [9, 0, 31, 4] [-20, 19, 13, -2] [21, -1, -9, -5] [0, -21, 2, -7]
[-47, -14, 6, -21] [0, 14, -11, -9] [-33, -1, 15, 6] [-40, 13, 15, 23] [38, 15, 2, -8] [-26, -19, -2, -11] [-9, -3, -1, 24]
[-4, -1, 30, 28] [-7, 16, -12, -5] [-12, -5, 48, -20] [-80, 22, 51, 8] [-43, -44, -18, 40] [-24, -17, 2, -1] [-28, -14, -24, 0]
[5, 43, -10, -36] [7, 5, 29, -27] [3, 45, 5, -111] [0, 0, 0, 0] [41, -105, 26, 5] [28, -4, 0, 10] [1, -1, 20, 3]
[-8, -33, 4, -4] [15, -3, -21, -13] [-14, -16, -43, -44] [54, 20, -123, 29] [10, -9, -27, 31] [-3, 17, -9, 25] [-35, -72, -19, 36]
[20, 26, 8, 5] [-26, 2, -20, 4] [30, -14, 16, -7] [-8, 6, -29, -3] [-2, -9, -37, -12] [2, -11, -20, -1] [49, 6, 16, 0]
[-18, -12, 15, -9] [-2, -4, -47, -6] [-11, 2, 26, -6] [-11, 26, -45, -17] [41, 12, -11, 30] [46, -29, -39, 28] [-16, 3, 32, 2]
Food (up, right, down, left):
[13, 14, -3, 22] [-9, 19, -2, -26] [23, -18, 26, 13] [-22, -2, 52, 5] [-14, -1, 52, -14] [-10, -20, -21, -15] [-50, 15, 17, -16]
[-73, 7, -50, -6] [-4, -7, -36, 0] [2, 27, 16, 32] [-23, 20, -51, 29] [18, 9, -2, -57] [57, 6, -44, 25] [14, -5, 25, 25]
[-22, 7, 34, -34] [14, 0, -17, 34] [-58, -38, -42, 23] [46, -37, 22, 14] [-13, -15, -26, -25] [9, 24, -48, -28] [52, 28, 9, 11]
[10, 21, 4, 52] [-9, -6, -31, 32] [2, 5, -34, -16] [0, 0, 0, 0] [-12, 56, -36, -5] [15, -22, -44, -28] [-22, 43, -19, 18]
[0, 11, -12, 17] [8, 28, 5, 37] [28, -6, 35, 24] [-15, -51, 29, -14] [10, 10, 19, -22] [1, 37, 22, 16] [-12, -13, 8, 2]
[9, -36, -9, 10] [9, 11, 16, -11] [16, 10, 11, 28] [-27, -29, 52, -20] [-41, -40, 11, -66] [-26, 64, 21, 21] [0, 36, 2, 33]
[7, -5, -27, -23] [0, 8, 14, -49] [34, 19, 5, -13] [-13, 0, 16, -32] [56, 26, 4, -15] [31, 29, 9, 2] [18, -18, 20, -20]
------------------------------
ALIVE
Head: (16 6)
Body: (16 6) (16 7) (17 7) (17 8) (17 9) (16 9) (15 9) (15 8) (15 7) (15 6) 
Length: 10, 4
Vision: 3
Hungry, suplies: 6/10
Reproductive: 16, mutating: 0.25
Generation: 50875
####################################
Wall (up, right, down, left):
[3, 4, 17, -5] [-3, 4, 11, -20] [-30, 3, 3, -25] [9, -2, 31, 4] [-23, 19, 13, -2] [21, -1, -9, -5] [0, -21, 2, -7]
[-47, -10, 6, -21] [0, 14, -11, -9] [-33, -1, 15, 6] [-40, 13, 16, 23] [38, 15, 2, -10] [-26, -19, -2, -11] [-14, -3, -1, 19]
[-4, -1, 30, 28] [-7, 20, -12, -1] [-12, -5, 48, -20] [-79, 22, 52, 7] [-43, -40, -18, 40] [-24, -19, 2, -1] [-28, -14, -24, 0]
[5, 43, -10, -40] [7, 5, 29, -27] [3, 45, 5, -109] [0, 0, 0, 0] [41, -105, 26, 7] [28, -4, 0, 8] [1, -1, 20, 3]
[-8, -33, 4, -4] [15, -3, -21, -13] [-14, -16, -43, -44] [54, 18, -123, 26] [10, -9, -32, 31] [-3, 17, -9, 25] [-35, -72, -19, 36]
[20, 28, 6, 5] [-26, 2, -20, 4] [30, -14, 16, -7] [-8, 6, -29, -3] [-2, -9, -37, -9] [2, -11, -20, -1] [45, 6, 16, 0]
[-17, -16, 15, -9] [-2, -4, -54, -6] [-11, 2, 26, -4] [-11, 26, -45, -17] [41, 12, -11, 30] [46, -24, -39, 23] [-13, 3, 32, 2]
Food (up, right, down, left):
[10, 14, -3, 22] [-9, 19, -2, -26] [23, -15, 26, 13] [-22, -2, 52, 0] [-14, -5, 52, -14] [-10, -20, -21, -15] [-50, 11, 17, -16]
[-73, 7, -47, -6] [-4, -7, -36, 0] [2, 27, 16, 32] [-23, 20, -51, 30] [18, 9, -2, -54] [57, 6, -44, 25] [16, -5, 25, 27]
[-22, 7, 34, -34] [10, 0, -17, 30] [-58, -38, -42, 23] [45, -34, 22, 14] [-13, -10, -26, -25] [9, 24, -48, -32] [52, 28, 9, 11]
[10, 21, 4, 48] [-9, -6, -31, 32] [2, 5, -34, -13] [0, 0, 0, 0] [-12, 56, -38, -5] [15, -22, -39, -28] [-22, 43, -19, 18]
[0, 11, -12, 17] [8, 28, 5, 37] [28, -6, 35, 24] [-15, -49, 29, -14] [5, 10, 19, -22] [1, 37, 22, 16] [-12, -13, 8, 2]
[5, -38, -9, 10] [9, 11, 17, -13] [16, 10, 11, 28] [-27, -29, 52, -20] [-41, -40, 13, -66] [-26, 64, 21, 21] [0, 36, 2, 35]
[11, -5, -32, -23] [-5, 8, 14, -51] [34, 19, 4, -13] [-13, 0, 16, -32] [56, 26, 4, -15] [29, 29, 14, 2] [13, -18, 20, -20]
------------------------------
ALIVE
Head: (8 43)
Body: (8 43) (8 42) (7 42) (7 41) (7 40) (6 40) (5 40) (5 39) (5 38) (6 38) (6 37) (7 37) (8 37) 
Length: 13, 4
Vision: 3
Hungry, suplies: 10/10
Reproductive: 16, mutating: 0.25
Generation: 50873
####################################
Wall (up, right, down, left):
[3, 4, 17, -5] [-3, 4, 11, -20] [-30, 3, 3, -25] [9, -2, 31, 4] [-23, 19, 13, -2] [21, -1, -9, -5] [0, -21, 2, -7]
[-47, -10, 6, -21] [0, 14, -11, -9] [-33, -1, 15, 6] [-40, 13, 16, 23] [38, 15, 2, -10] [-26, -19, -2, -11] [-14, -3, -1, 19]
[-4, -1, 30, 28] [-7, 20, -12, -1] [-12, -5, 48, -20] [-79, 17, 52, 7] [-43, -40, -18, 40] [-24, -19, 2, -1] [-28, -14, -24, 0]
[5, 43, -10, -40] [7, 5, 29, -27] [3, 45, 5, -109] [0, 0, 0, 0] [41, -105, 26, 7] [28, -4, 0, 8] [1, -1, 20, 3]
[-8, -33, 4, -4] [15, -3, -21, -13] [-14, -16, -43, -44] [54, 18, -123, 26] [10, -9, -32, 31] [-3, 17, -9, 25] [-35, -72, -19, 36]
[20, 28, 6, 5] [-26, 2, -20, 4] [30, -14, 16, -7] [-8, 6, -29, -3] [-2, -9, -37, -9] [2, -11, -20, -1] [45, 6, 16, 0]
[-17, -16, 15, -9] [-2, -4, -54, -6] [-11, 2, 26, -4] [-11, 26, -45, -17] [41, 12, -11, 30] [46, -24, -39, 23] [-13, 3, 32, 2]
Food (up, right, down, left):
[10, 14, -3, 22] [-9, 19, -2, -26] [23, -15, 26, 13] [-22, -2, 52, 0] [-14, -5, 52, -14] [-10, -20, -21, -15] [-50, 11, 17, -16]
[-73, 7, -47, -6] [-4, -7, -36, 0] [2, 27, 16, 32] [-23, 20, -51, 30] [18, 9, -2, -54] [57, 6, -44, 25] [16, -5, 25, 27]
[-22, 7, 34, -34] [10, 0, -17, 30] [-58, -38, -42, 23] [49, -34, 22, 14] [-13, -10, -26, -25] [9, 24, -48, -32] [52, 28, 9, 11]
[10, 21, 4, 48] [-9, -6, -31, 32] [2, 5, -34, -13] [0, 0, 0, 0] [-12, 56, -38, -5] [15, -22, -39, -28] [-22, 43, -19, 18]
[0, 11, -12, 17] [8, 28, 5, 37] [28, -6, 35, 24] [-15, -49, 29, -14] [5, 10, 19, -22] [1, 37, 22, 16] [-12, -13, 8, 2]
[5, -38, -9, 10] [9, 11, 17, -13] [16, 10, 11, 28] [-27, -29, 52, -20] [-41, -40, 13, -66] [-26, 64, 21, 21] [0, 36, 2, 35]
[11, -5, -32, -23] [-5, 8, 14, -51] [34, 19, 4, -13] [-13, 0, 16, -32] [56, 26, 4, -15] [29, 29, 14, 2] [13, -18, 20, -20]
------------------------------
ALIVE
Head: (3 15)
Body: (3 15) (3 16) (2 16) (2 17) (2 18) (2 19) (1 19) (1 18) (1 17) (1 16) (1 15) 
Length: 11, 4
Vision: 3
Hungry, suplies: 4/10
Reproductive: 16, mutating: 0.25
Generation: 50873
####################################
Wall (up, right, down, left):
[3, 4, 17, -5] [-3, 4, 11, -20] [-30, 8, 3, -25] [9, 0, 31, 4] [-20, 19, 13, -2] [21, -1, -9, -5] [0, -21, 2, -7]
[-47, -14, 6, -21] [0, 14, -11, -9] [-33, -1, 15, 6] [-40, 13, 15, 23] [38, 15, 2, -8] [-26, -19, -2, -11] [-9, -3, -1, 24]
[-4, -1, 30, 28] [-7, 16, -12, -5] [-12, -5, 48, -20] [-80, 22, 51, 7] [-43, -44, -18, 40] [-24, -17, 2, -1] [-28, -14, -24, 0]
[5, 43, -10, -36] [7, 5, 29, -27] [3, 45, 5, -111] [0, 0, 0, 0] [41, -105, 26, 5] [28, -4, 0, 10] [1, -1, 20, 3]
[-8, -33, 4, -4] [15, -3, -21, -13] [-14, -16, -43, -44] [54, 20, -123, 29] [10, -9, -27, 31] [-3, 17, -9, 25] [-35, -72, -19, 36]
[20, 26, 8, 5] [-26, 2, -20, 4] [30, -14, 16, -7] [-8, 6, -29, -3] [-2, -9, -37, -12] [2, -11, -20, -1] [49, 6, 16, 0]
[-18, -12, 15, -9] [-2, -4, -47, -6] [-11, 2, 26, -6] [-11, 26, -45, -17] [41, 12, -11, 30] [46, -24, -39, 28] [-16, 3, 32, 2]
Food (up, right, down, left):
[13, 14, -3, 22] [-9, 19, -2, -26] [23, -18, 26, 13] [-22, -2, 52, 5] [-14, -1, 52, -14] [-10, -20, -21, -15] [-50, 15, 17, -16]
[-73, 7, -50, -6] [-4, -7, -36, 0] [2, 27, 16, 32] [-23, 20, -51, 29] [18, 9, -2, -57] [57, 6, -44, 25] [14, -5, 25, 25]
[-22, 7, 34, -34] [14, 0, -17, 34] [-58, -38, -42, 23] [46, -39, 22, 14] [-13, -15, -26, -25] [9, 24, -48, -28] [52, 28, 9, 11]
[10, 21, 4, 52] [-9, -6, -31, 32] [2, 5, -34, -16] [0, 0, 0, 0] [-12, 56, -36, -5] [15, -22, -44, -28] [-22, 43, -19, 18]
[0, 11, -12, 17] [8, 28, 5, 37] [28, -6, 35, 24] [-15, -51, 29, -14] [10, 10, 19, -22] [1, 37, 22, 16] [-12, -13, 8, 2]
[9, -36, -9, 10] [9, 11, 16, -11] [16, 10, 11, 28] [-27, -29, 52, -20] [-41, -40, 11, -66] [-26, 64, 21, 21] [0, 36, 2, 33]
[7, -5, -27, -23] [0, 8, 14, -49] [34, 19, 5, -13] [-13, 0, 16, -32] [56, 26, 4, -15] [29, 29, 9, 2] [18, -18, 20, -20]
------------------------------
ALIVE
Head: (19 25)
Body: (19 25) (18 25) (17 25) (16 25) (16 24) (16 23) (15 23) (15 24) (14 24) (14 25) (14 26) 
Length: 11, 4
Vision: 3
Hungry, suplies: 7/10
Reproductive: 16, mutating: 0.25
Generation: 50873
####################################
Wall (up, right, down, left):
[3, 4, 17, -5] [-3, 3, 11, -20] [-30, 3, 3, -25] [9, -2, 31, 4] [-23, 19, 13, -2] [21, -1, -9, -5] [0, -21, 2, -7]
[-47, -10, 6, -21] [0, 14, -11, -9] [-33, -1, 15, 6] [-40, 13, 16, 23] [38, 15, 2, -10] [-26, -19, -2, -11] [-14, -3, -1, 19]
[-4, -1, 30, 28] [-7, 20, -12, -1] [-12, -5, 48, -20] [-79, 17, 52, 7] [-43, -40, -18, 40] [-24, -19, 2, -1] [-28, -14, -24, 0]
[5, 43, -10, -40] [7, 5, 29, -27] [3, 45, 5, -109] [0, 0, 0, 0] [41, -105, 26, 7] [28, -4, 0, 8] [1, -1, 20, 3]
[-8, -33, 4, -4] [15, -3, -21, -13] [-14, -16, -43, -44] [54, 18, -123, 26] [10, -9, -32, 31] [-3, 17, -9, 25] [-35, -72, -19, 36]
[20, 28, 6, 5] [-26, 2, -20, 4] [30, -14, 16, -7] [-8, 6, -29, -3] [-2, -9, -37, -9] [2, -11, -20, -1] [45, 6, 16, 0]
[-17, -16, 15, -9] [-2, -4, -54, -6] [-11, 2, 26, -4] [-11, 26, -45, -17] [41, 12, -11, 30] [46, -24, -39, 23] [-13, 3, 32, 2]
Food (up, right, down, left):
[10, 14, -3, 22] [-10, 19, -2, -26] [23, -15, 26, 13] [-22, -2, 52, 0] [-14, -5, 52, -14] [-10, -20, -21, -15] [-50, 11, 17, -16]
[-73, 7, -47, -6] [-4, -7, -36, 0] [2, 27, 16, 32] [-23, 20, -51, 30] [18, 9, -2, -54] [57, 6, -44, 25] [16, -5, 25, 27]
[-22, 7, 34, -34] [10, 0, -17, 30] [-58, -38, -42, 23] [49, -34, 22, 14] [-13, -10, -26, -25] [9, 24, -48, -32] [52, 28, 9, 11]
[10, 21, 4, 48] [-9, -6, -31, 32] [2, 5, -34, -13] [0, 0, 0, 0] [-12, 56, -38, -5] [15, -22, -39, -28] [-22, 43, -19, 18]
[0, 11, -12, 17] [8, 28, 5, 37] [28, -6, 35, 24] [-15, -49, 29, -14] [5, 10, 19, -22] [1, 37, 22, 16] [-12, -13, 8, 2]
[5, -38, -9, 10] [9, 11, 17, -13] [16, 10, 11, 28] [-27, -29, 52, -20] [-41, -40, 13, -66] [-26, 64, 21, 21] [0, 36, 2, 35]
[11, -5, -32, -23] [-5, 8, 14, -51] [34, 19, 4, -13] [-13, 0, 16, -32] [56, 26, 4, -15] [29, 29, 14, 2] [13, -18, 20, -20]
------------------------------
ALIVE
Head: (18 42)
Body: (18 42) (17 42) (17 43) (18 43) (19 43) (20 43) (21 43) (22 43) (22 42) (21 42) (21 41) (20 41) (19 41) (18 41) (18 40) 
Length: 15, 4
Vision: 3
Hungry, suplies: 2/10
Reproductive: 16, mutating: 0.25
Generation: 50878
####################################
Wall (up, right, down, left):
[3, 4, 17, -5] [-3, 4, 11, -20] [-30, 3, 3, -25] [9, -2, 31, 4] [-23, 19, 13, -2] [21, -1, -6, -5] [0, -21, 2, -7]
[-47, -10, 6, -21] [0, 14, -11, -9] [-33, -1, 15, 6] [-40, 13, 16, 23] [38, 15, 2, -10] [-26, -19, -2, -11] [-14, -3, -1, 19]
[-4, -1, 30, 28] [-7, 20, -12, -1] [-12, -5, 48, -20] [-79, 22, 52, 7] [-43, -40, -18, 40] [-24, -19, 2, -1] [-28, -14, -24, 0]
[5, 43, -10, -40] [7, 5, 29, -27] [3, 45, 5, -109] [0, 0, 0, 0] [41, -105, 26, 4] [28, -4, 0, 8] [1, -1, 16, 3]
[-8, -33, 4, -4] [15, -3, -21, -13] [-14, -16, -43, -44] [54, 18, -123, 26] [10, -9, -32, 31] [-3, 17, -9, 25] [-35, -72, -19, 36]
[20, 28, 6, 5] [-26, 2, -20, 4] [30, -14, 16, -7] [-8, 6, -29, -3] [-2, -9, -37, -9] [2, -11, -20, -1] [45, 6, 16, 0]
[-17, -16, 15, -9] [-2, -4, -54, -6] [-11, 2, 26, -4] [-11, 26, -45, -17] [41, 12, -11, 30] [46, -24, -39, 23] [-13, 3, 32, 2]
Food (up, right, down, left):
[10, 14, -3, 22] [-9, 19, -2, -26] [23, -15, 26, 13] [-22, -2, 52, 0] [-14, -5, 52, -14] [-10, -20, -25, -15] [-50, 11, 17, -16]
[-73, 7, -47, -6] [-4, -7, -36, 0] [2, 27, 16, 32] [-23, 20, -51, 30] [18, 9, -2, -54] [57, 6, -44, 25] [16, -5, 25, 27]
[-22, 7, 34, -34] [10, 0, -17, 30] [-58, -38, -42, 23] [45, -34, 22, 14] [-13, -10, -26, -25] [9, 24, -48, -32] [52, 28, 9, 11]
[10, 21, 4, 48] [-9, -6, -31, 32] [2, 5, -34, -13] [0, 0, 0, 0] [-12, 56, -34, -5] [15, -22, -39, -28] [-19, 43, -19, 18]
[0, 11, -12, 17] [8, 28, 5, 37] [28, -6, 35, 24] [-15, -49, 29, -14] [5, 10, 19, -22] [1, 37, 22, 16] [-12, -13, 8, 2]
[5, -38, -9, 10] [9, 11, 17, -13] [16, 10, 11, 28] [-27, -29, 52, -20] [-41, -40, 13, -66] [-26, 64, 21, 21] [0, 36, 2, 35]
[11, -5, -32, -23] [-5, 8, 14, -51] [34, 19, 4, -13] [-13, 0, 16, -32] [56, 26, 4, -15] [29, 29, 14, 2] [13, -18, 20, -20]
------------------------------
ALIVE
Head: (2 7)
Body: (2 7) (2 8) (3 8) (3 9) (2 9) (1 9) (25 9) (24 9) (24 10) (24 11) (23 11) 
Length: 11, 4
Vision: 3
Hungry, suplies: 7/10
Reproductive: 16, mutating: 0.25
Generation: 50875
####################################
Wall (up, right, down, left):
[3, 4, 17, -5] [-3, 4, 11, -20] [-30, 3, 3, -25] [9, -2, 31, 4] [-23, 19, 13, -2] [21, -1, -9, -5] [0, -21, 2, -7]
[-47, -10, 6, -21] [0, 14, -11, -9] [-33, -1, 15, 6] [-40, 13, 16, 23] [38, 15, 2, -10] [-26, -19, -2, -11] [-14, -3, -1, 19]
[-4, -1, 30, 28] [-7, 20, -12, -1] [-12, -5, 48, -20] [-79, 22, 52, 7] [-43, -40, -18, 40] [-24, -19, 2, -1] [-28, -14, -24, 0]
[5, 43, -10, -40] [11, 5, 29, -27] [3, 45, 5, -109] [0, 0, 0, 0] [41, -105, 26, 7] [28, -4, 0, 8] [1, -1, 20, 3]
[-8, -33, 4, -4] [15, -3, -21, -13] [-14, -16, -43, -44] [54, 18, -123, 26] [10, -9, -32, 31] [-3, 17, -9, 25] [-35, -72, -19, 36]
[20, 28, 6, 5] [-26, 2, -20, 4] [30, -14, 16, -7] [-8, 6, -29, -3] [-2, -9, -37, -9] [2, -11, -20, -1] [45, 6, 16, 0]
[-17, -16, 15, -9] [-2, -4, -54, -6] [-11, 2, 26, -4] [-11, 26, -45, -17] [41, 12, -11, 30] [46, -24, -39, 23] [-13, 3, 32, 2]
Food (up, right, down, left):
[13, 14, -3, 22] [-9, 19, -2, -26] [23, -15, 26, 13] [-22, -2, 52, 0] [-14, -5, 52, -14] [-10, -20, -21, -15] [-50, 11, 17, -16]
[-73, 7, -47, -6] [-4, -7, -36, 0] [2, 27, 16, 32] [-23, 20, -51, 30] [18, 9, -2, -54] [57, 6, -44, 25] [16, -5, 25, 27]
[-22, 7, 34, -34] [10, 0, -17, 30] [-58, -38, -42, 23] [45, -34, 22, 14] [-13, -10, -26, -25] [9, 24, -48, -32] [52, 28, 9, 11]
[10, 21, 4, 48] [-7, -6, -31, 32] [2, 5, -34, -13] [0, 0, 0, 0] [-12, 56, -38, -5] [15, -22, -39, -28] [-22, 43, -19, 18]
[0, 11, -12, 17] [8, 28, 5, 37] [28, -6, 35, 24] [-15, -49, 29, -14] [5, 10, 19, -22] [1, 37, 22, 16] [-12, -13, 8, 2]
[5, -38, -9, 10] [9, 11, 17, -13] [16, 10, 11, 28] [-27, -29, 52, -20] [-41, -40, 13, -66] [-26, 64, 21, 21] [0, 36, 2, 35]
[11, -5, -32, -23] [-5, 8, 14, -51] [34, 19, 4, -13] [-13, 0, 16, -32] [56, 26, 4, -15] [29, 29, 14, 2] [13, -18, 20, -20]
------------------------------
ALIVE
Head: (12 11)
Body: (12 11) (12 12) (12 13) (12 14) (12 15) (13 15) (14 15) (15 15) (16 15) (16 14) (17 14) (18 14) (19 14) (19 15) (20 15) 
Length: 15, 4
Vision: 3
Hungry, suplies: 3/10
Reproductive: 16, mutating: 0.25
Generation: 50878
####################################
Wall (up, right, down, left):
[3, 4, 17, -5] [-3, 4, 11, -20] [-30, 3, 3, -25] [9, -2, 31, 4] [-23, 19, 13, -2] [21, -1, -9, -5] [0, -21, 2, -7]
[-47, -10, 6, -21] [0, 14, -11, -9] [-33, -1, 15, 6] [-40, 13, 16, 23] [38, 15, 2, -10] [-26, -19, -2, -11] [-14, -3, -1, 19]
[-4, -1, 30, 28] [-7, 20, -12, -1] [-12, -5, 48, -20] [-79, 22, 52, 7] [-43, -40, -18, 40] [-24, -19, 2, -1] [-28, -14, -24, 0]
[5, 43, -10, -40] [7, 5, 29, -27] [3, 45, 5, -109] [0, 0, 0, 0] [41, -105, 26, 7] [28, -4, 0, 8] [1, -1, 20, 3]
[-8, -33, 4, -4] [18, -3, -21, -13] [-14, -16, -43, -44] [54, 18, -123, 26] [10, -9, -32, 31] [-3, 17, -9, 25] [-35, -72, -19, 36]
[20, 28, 6, 5] [-26, 2, -20, 4] [30, -14, 16, -7] [-8, 6, -29, -3] [-2, -9, -37, -9] [2, -11, -20, -1] [45, 6, 16, 0]
[-17, -16, 15, -9] [-2, -4, -54, -6] [-11, 2, 26, -4] [-11, 26, -45, -17] [41, 12, -11, 30] [46, -24, -39, 23] [-13, 3, 32, 2]
Food (up, right, down, left):
[13, 14, -3, 22] [-9, 19, -2, -26] [23, -15, 26, 13] [-22, -2, 52, 0] [-14, -5, 52, -14] [-10, -20, -21, -15] [-50, 11, 17, -16]
[-73, 7, -47, -6] [-4, -7, -36, 0] [2, 27, 16, 32] [-23, 20, -51, 30] [18, 9, -2, -54] [57, 6, -44, 25] [16, -5, 25, 27]
[-22, 7, 34, -34] [10, 0, -17, 30] [-58, -38, -42, 23] [45, -34, 22, 14] [-13, -10, -26, -25] [9, 24, -48, -32] [52, 28, 9, 11]
[10, 21, 9, 48] [-9, -6, -31, 32] [2, 5, -34, -13] [0, 0, 0, 0] [-12, 56, -38, -5] [15, -22, -39, -28] [-22, 43, -19, 18]
[0, 11, -12, 17] [7, 28, 5, 37] [28, -6, 35, 24] [-15, -49, 29, -14] [5, 10, 19, -22] [1, 37, 22, 16] [-12, -13, 8, 2]
[5, -38, -9, 10] [9, 11, 17, -13] [16, 10, 11, 28] [-27, -29, 52, -20] [-41, -40, 13, -66] [-26, 64, 21, 21] [0, 36, 2, 35]
[11, -5, -32, -23] [-5, 8, 14, -51] [34, 19, 4, -13] [-13, 0, 16, -32] [56, 26, 4, -15] [29, 29, 14, 2] [13, -18, 20, -20]
------------------------------
ALIVE
Head: (22 53)
Body: (22 53) (22 52) (21 52) (20 52) (19 52) (18 52) (17 52) (16 52) 
Length: 8, 4
Vision: 3
Hungry, suplies: 9/10
Reproductive: 16, mutating: 0.25
Generation: 50878
####################################
Wall (up, right, down, left):
[3, 4, 17, -5] [-3, 4, 11, -20] [-30, 3, 3, -25] [9, -2, 31, 4] [-23, 19, 13, -2] [21, -1, -9, -5] [0, -21, 2, -7]
[-47, -10, 6, -21] [0, 14, -11, -9] [-33, -1, 15, 6] [-40, 13, 16, 23] [38, 15, 2, -10] [-26, -19, -2, -11] [-14, -3, -1, 19]
[-4, -1, 30, 28] [-7, 20, -12, -1] [-12, -5, 48, -20] [-79, 22, 52, 7] [-43, -40, -18, 40] [-24, -19, 2, -1] [-28, -14, -24, 0]
[5, 43, -10, -40] [7, 5, 29, -27] [3, 45, 5, -109] [0, 0, 0, 0] [41, -105, 26, 7] [28, -4, 0, 8] [1, -1, 20, 3]
[-8, -33, 4, -4] [15, -3, -21, -13] [-14, -16, -43, -44] [54, 18, -123, 26] [10, -9, -32, 31] [-3, 17, -9, 25] [-35, -72, -19, 36]
[20, 28, 6, 5] [-24, 2, -20, 4] [30, -14, 16, -7] [-8, 6, -29, -3] [-2, -9, -37, -9] [2, -11, -20, -1] [45, 6, 16, 0]
[-17, -16, 15, -9] [-2, -4, -54, -6] [-11, 2, 26, -4] [-11, 26, -45, -17] [41, 12, -11, 30] [46, -24, -39, 23] [-13, 3, 32, 2]
Food (up, right, down, left):
[13, 14, -3, 22] [-9, 19, -2, -26] [23, -15, 26, 13] [-22, -2, 52, 0] [-14, -5, 52, -14] [-10, -20, -21, -15] [-50, 11, 17, -16]
[-73, 7, -47, -6] [-4, -7, -36, 0] [2, 27, 16, 32] [-23, 20, -51, 30] [18, 9, -2, -54] [57, 6, -44, 25] [16, -5, 25, 27]
[-22, 7, 34, -34] [10, 0, -17, 30] [-58, -38, -42, 23] [45, -34, 22, 14] [-13, -10, -26, -25] [9, 24, -48, -32] [52, 28, 9, 11]
[10, 21, 4, 48] [-9, -6, -31, 32] [2, 5, -34, -13] [0, 0, 0, 0] [-12, 56, -38, -5] [15, -22, -39, -28] [-22, 43, -19, 18]
[0, 11, -12, 17] [8, 28, 5, 37] [28, -6, 35, 24] [-15, -49, 29, -14] [5, 10, 19, -22] [1, 37, 22, 16] [-12, -13, 8, 2]
[5, -38, -9, 10] [9, 11, 17, -11] [16, 10, 11, 28] [-27, -29, 52, -20] [-41, -40, 13, -66] [-26, 64, 21, 21] [0, 36, 2, 35]
[11, -5, -32, -23] [-5, 8, 14, -51] [34, 19, 4, -13] [-13, 0, 16, -32] [56, 26, 4, -15] [29, 29, 14, 2] [13, -18, 20, -20]
------------------------------
ALIVE
Head: (10 44)
Body: (10 44) (11 44) (11 43) (12 43) (13 43) (14 43) (15 43) (16 43) (16 42) (16 41) 
Length: 10, 4
Vision: 3
Hungry, suplies: 9/10
Reproductive: 16, mutating: 0.25
Generation: 50873
####################################
Wall (up, right, down, left):
[3, 4, 17, -5] [-3, 4, 11, -20] [-30, 3, 3, -25] [9, -2, 31, 4] [-23, 19, 13, -2] [21, -1, -9, -5] [0, -21, 2, -7]
[-47, -10, 6, -21] [-5, 14, -11, -9] [-33, -1, 15, 6] [-40, 13, 16, 23] [38, 15, 2, -10] [-26, -19, -2, -11] [-14, -3, -1, 19]
[-4, -1, 30, 28] [-7, 20, -12, -1] [-12, -5, 48, -20] [-79, 17, 52, 7] [-43, -40, -18, 40] [-24, -19, 2, -1] [-28, -14, -24, 0]
[5, 43, -10, -40] [7, 5, 29, -27] [3, 45, 5, -109] [0, 0, 0, 0] [41, -105, 26, 7] [28, -4, 0, 8] [1, -1, 20, 3]
[-8, -33, 4, -4] [15, -3, -21, -13] [-14, -16, -43, -44] [54, 18, -123, 26] [10, -9, -32, 31] [-3, 17, -9, 25] [-35, -72, -19, 36]
[20, 28, 6, 5] [-26, 2, -20, 4] [30, -14, 16, -7] [-8, 6, -29, -3] [-2, -9, -37, -9] [2, -11, -20, -1] [45, 6, 16, 0]
[-17, -16, 15, -9] [-2, -4, -54, -6] [-11, 2, 26, -4] [-11, 26, -45, -17] [41, 12, -11, 30] [46, -24, -39, 23] [-13, 3, 32, 2]
Food (up, right, down, left):
[10, 14, -3, 22] [-9, 19, -2, -26] [23, -15, 26, 13] [-22, -2, 52, 0] [-14, -5, 52, -14] [-10, -20, -21, -15] [-50, 11, 17, -16]
[-73, 7, -47, -6] [-4, -7, -36, 0] [2, 27, 16, 32] [-23, 20, -51, 30] [18, 9, -2, -54] [57, 6, -44, 25] [16, -5, 25, 27]
[-22, 7, 34, -34] [10, 0, -17, 30] [-58, -38, -42, 23] [49, -34, 22, 14] [-13, -10, -26, -25] [9, 24, -48, -32] [52, 28, 9, 11]
[10, 21, 4, 48] [-9, -6, -31, 32] [2, 5, -34, -13] [0, 0, 0, 0] [-12, 56, -38, -5] [15, -22, -39, -28] [-22, 43, -19, 18]
[0, 11, -12, 17] [8, 28, 5, 37] [28, -6, 35, 24] [-15, -49, 29, -14] [5, 10, 19, -22] [1, 37, 22, 16] [-12, -13, 8, 2]
[5, -38, -9, 10] [9, 11, 17, -13] [16, 10, 11, 28] [-27, -29, 52, -20] [-41, -40, 13, -66] [-26, 64, 21, 21] [0, 36, 2, 35]
[11, -5, -32, -23] [-5, 8, 14, -51] [34, 19, 4, -13] [-13, 0, 16, -32] [56, 26, 4, -15] [29, 29, 14, 2] [13, -18, 20, -20]
------------------------------
ALIVE
Head: (13 2)
Body: (13 2) (12 2) (11 2) (10 2) (10 3) (10 4) (10 5) (10 6) (11 6) (11 7) 
Length: 10, 4
Vision: 3
Hungry, suplies: 4/10
Reproductive: 16, mutating: 0.25
Generation: 50875
####################################
Wall (up, right, down, left):
[3, 4, 17, -5] [-3, 4, 11, -20] [-30, 3, 3, -25] [9, -2, 31, 4] [-23, 19, 13, -2] [21, -1, -9, -5] [0, -21, 2, -7]
[-47, -10, 6, -21] [0, 14, -11, -9] [-33, -1, 15, 6] [-40, 13, 16, 23] [38, 15, 2, -10] [-26, -19, -2, -11] [-14, -3, -1, 19]
[-4, -1, 30, 28] [-7, 20, -12, -1] [-12, -5, 48, -20] [-79, 22, 52, 7] [-43, -40, -18, 40] [-24, -19, 2, -1] [-28, -14, -24, 0]
[5, 43, -10, -40] [7, 5, 29, -27] [3, 45, 5, -109] [0, 0, 0, 0] [41, -105, 26, 7] [28, -4, 0, 8] [1, -1, 20, 3]
[-8, -33, 4, -4] [15, -3, -21, -13] [-14, -16, -43, -44] [54, 18, -123, 26] [10, -9, -32, 31] [-3, 17, -9, 25] [-35, -72, -19, 36]
[20, 28, 6, 5] [-26, 2, -20, 4] [30, -14, 16, -7] [-8, 6, -29, -3] [-2, -9, -37, -9] [2, -11, -20, -1] [45, 6, 16, 0]
[-17, -16, 15, -9] [-2, -4, -54, -6] [-11, 2, 26, -4] [-11, 26, -45, -17] [41, 12, -11, 30] [46, -24, -39, 23] [-13, 3, 32, 2]
Food (up, right, down, left):
[13, 14, -3, 22] [-9, 19, -2, -26] [23, -15, 26, 13] [-22, -2, 52, 0] [-14, -5, 52, -14] [-10, -20, -21, -15] [-50, 11, 17, -16]
[-73, 7, -47, -6] [-4, -7, -36, 0] [2, 27, 16, 32] [-23, 20, -51, 30] [18, 9, -2, -54] [57, 6, -44, 25] [16, -5, 25, 27]
[-22, 7, 34, -34] [10, 0, -17, 30] [-58, -38, -42, 23] [45, -34, 22, 14] [-13, -10, -26, -25] [9, 24, -48, -32] [52, 28, 9, 11]
[10, 21, 9, 48] [-9, -6, -31, 32] [2, 5, -34, -13] [0, 0, 0, 0] [-12, 56, -38, -5] [15, -22, -39, -28] [-22, 43, -19, 18]
[0, 11, -12, 17] [8, 28, 5, 37] [28, -6, 35, 24] [-15, -49, 29, -14] [5, 10, 19, -22] [1, 37, 22, 16] [-12, -13, 8, 2]
[5, -38, -9, 10] [9, 11, 17, -13] [16, 10, 11, 28] [-27, -29, 52, -20] [-41, -40, 13, -66] [-26, 64, 21, 21] [0, 36, 2, 35]
[11, -5, -32, -23] [-5, 8, 14, -51] [34, 19, 4, -13] [-13, 0, 16, -32] [56, 26, 4, -15] [29, 29, 14, 2] [13, -18, 20, -20]
------------------------------
ALIVE
Head: (19 47)
Body: (19 47) (19 48) (18 48) (17 48) (17 47) (16 47) (16 48) (15 48) (14 48) (14 47) (14 46) (15 46) (15 45) (16 45) (17 45) 
Length: 15, 4
Vision: 3
Hungry, suplies: 9/10
Reproductive: 16, mutating: 0.25
Generation: 50877
####################################
Wall (up, right, down, left):
[3, 4, 17, -5] [-3, 4, 11, -20] [-30, 8, 3, -25] [9, 0, 31, 4] [-20, 19, 13, -2] [21, -1, -9, -5] [0, -21, 2, -7]
[-47, -14, 6, -21] [0, 14, -11, -9] [-33, -1, 15, 6] [-40, 13, 15, 23] [38, 15, 2, -8] [-26, -19, -2, -11] [-9, -3, -1, 24]
[-4, -1, 30, 28] [-7, 16, -12, -5] [-12, -5, 48, -20] [-80, 22, 51, 8] [-43, -44, -18, 40] [-24, -17, 2, -1] [-28, -14, -24, 0]
[5, 43, -10, -36] [7, 5, 29, -27] [3, 45, 5, -111] [0, 0, 0, 0] [41, -105, 26, 5] [28, -4, 0, 10] [1, -1, 20, 3]
[-8, -33, 4, -4] [15, -3, -21, -13] [-14, -16, -43, -44] [54, 20, -123, 29] [10, -9, -27, 31] [-3, 17, -9, 25] [-35, -72, -19, 36]
[20, 26, 8, 5] [-26, 2, -20, 4] [30, -14, 16, -7] [-8, 6, -29, -3] [-2, -9, -37, -12] [2, -11, -20, -1] [49, 6, 16, 0]
[-18, -12, 15, -9] [-2, -4, -47, -6] [-11, 2, 26, -6] [-11, 26, -45, -17] [41, 12, -11, 30] [46, -29, -39, 28] [-16, 3, 32, 2]
Food (up, right, down, left):
[13, 14, -3, 22] [-9, 19, -2, -26] [23, -18, 26, 13] [-22, -2, 52, 5] [-14, -1, 52, -14] [-10, -20, -21, -15] [-50, 15, 17, -16]
[-73, 7, -50, -6] [-4, -7, -36, 0] [2, 27, 16, 32] [-23, 20, -51, 29] [18, 9, -2, -57] [57, 6, -44, 25] [14, -5, 25, 25]
[-22, 7, 34, -34] [14, 0, -17, 34] [-58, -38, -42, 23] [46, -37, 22, 14] [-13, -15, -26, -25] [9, 24, -48, -28] [52, 28, 9, 11]
[10, 21, 4, 52] [-9, -6, -31, 32] [2, 5, -34, -16] [0, 0, 0, 0] [-12, 56, -36, -5] [15, -22, -44, -28] [-22, 43, -19, 18]
[0, 11, -12, 17] [8, 28, 5, 37] [28, -6, 35, 24] [-15, -51, 29, -14] [10, 10, 19, -22] [1, 37, 22, 16] [-12, -13, 8, 2]
[9, -36, -9, 10] [9, 11, 16, -11] [16, 10, 11, 28] [-27, -29, 52, -20] [-41, -40, 11, -66] [-26, 64, 21, 21] [0, 36, 2, 33]
[7, -5, -27, -23] [0, 8, 14, -49] [34, 19, 5, -13] [-13, 0, 16, -32] [56, 26, 4, -15] [31, 29, 9, 2] [18, -18, 20, -20]
------------------------------
ALIVE
Head: (24 29)
Body: (24 29) (24 30) (24 31) (23 31) (23 32) (23 33) (22 33) (22 34) (22 35) (21 35) (20 35) 
Length: 11, 4
Vision: 3
Hungry, suplies: 8/10
Reproductive: 16, mutating: 0.25
Generation: 50875
####################################
Wall (up, right, down, left):
[3, 4, 17, -5] [-3, 4, 11, -20] [-30, 3, 3, -25] [9, -2, 31, 4] [-23, 19, 13, -2] [21, -1, -9, -5] [0, -21, 2, -4]
[-47, -10, 6, -21] [0, 14, -11, -9] [-33, -1, 15, 6] [-40, 13, 16, 23] [38, 15, 2, -10] [-26, -19, -2, -11] [-14, -3, -1, 19]
[-4, -1, 30, 28] [-7, 20, -12, -1] [-12, -5, 48, -20] [-79, 22, 52, 7] [-43, -40, -18, 40] [-24, -19, 2, -1] [-28, -14, -24, 0]
[5, 43, -10, -40] [7, 5, 29, -27] [3, 45, 5, -109] [0, 0, 0, 0] [41, -105, 26, 4] [28, -4, 0, 8] [1, -1, 20, 3]
[-8, -33, 4, -4] [15, -3, -21, -13] [-14, -16, -43, -44] [54, 18, -123, 26] [10, -9, -32, 31] [-3, 17, -9, 25] [-35, -72, -19, 36]
[20, 28, 6, 5] [-26, 2, -20, 4] [30, -14, 16, -7] [-8, 6, -29, -3] [-2, -9, -37, -9] [2, -11, -20, -1] [45, 6, 16, 0]
[-17, -16, 15, -9] [-2, -4, -54, -6] [-11, 2, 26, -4] [-11, 26, -45, -17] [41, 12, -11, 30] [46, -24, -39, 23] [-13, 3, 32, 2]
Food (up, right, down, left):
[10, 14, -3, 22] [-9, 19, -2, -26] [23, -15, 26, 13] [-22, -2, 52, 0] [-14, -5, 52, -14] [-10, -20, -21, -15] [-45, 11, 17, -16]
[-73, 7, -47, -6] [-4, -7, -36, 0] [2, 27, 16, 32] [-23, 20, -51, 30] [18, 9, -2, -54] [57, 6, -44, 25] [16, -5, 25, 27]
[-22, 7, 34, -34] [10, 0, -17, 30] [-58, -38, -42, 23] [45, -34, 22, 14] [-13, -10, -26, -25] [9, 24, -48, -32] [52, 28, 9, 11]
[10, 21, 4, 48] [-9, -6, -31, 32] [2, 5, -34, -13] [0, 0, 0, 0] [-12, 56, -34, -5] [15, -22, -39, -28] [-22, 43, -19, 18]
[0, 11, -12, 17] [8, 28, 5, 37] [28, -6, 35, 24] [-15, -49, 29, -14] [5, 10, 19, -22] [1, 37, 22, 16] [-12, -13, 8, 2]
[5, -38, -9, 10] [9, 11, 17, -13] [16, 10, 11, 28] [-27, -29, 52, -20] [-41, -40, 13, -66] [-26, 64, 21, 21] [0, 36, 2, 35]
[11, -5, -32, -23] [-5, 8, 14, -51] [34, 19, 4, -13] [-13, 0, 16, -32] [56, 26, 4, -15] [29, 29, 14, 2] [13, -18, 20, -20]
------------------------------
ALIVE
Head: (5 45)
Body: (5 45) (5 44) (5 43) (5 42) (4 42) (4 41) (4 40) (4 39) (3 39) (2 39) (2 38) 
Length: 11, 4
Vision: 3
Hungry, suplies: 8/10
Reproductive: 16, mutating: 0.25
Generation: 50875
####################################
Wall (up, right, down, left):
[3, 4, 17, -5] [-3, 4, 11, -20] [-30, 3, 3, -25] [9, -2, 31, 4] [-23, 19, 13, -2] [21, -1, -9, -5] [0, -21, 2, -7]
[-47, -10, 6, -21] [0, 14, -11, -9] [-33, -1, 15, 6] [-40, 13, 16, 23] [38, 15, 2, -10] [-26, -19, -2, -11] [-14, -3, -1, 19]
[-4, -1, 30, 28] [-7, 20, -12, -1] [-12, -5, 48, -20] [-79, 22, 52, 7] [-43, -40, -18, 40] [-24, -19, 2, -1] [-28, -14, -24, 0]
[5, 43, -10, -40] [11, 5, 29, -27] [3, 45, 5, -109] [0, 0, 0, 0] [41, -105, 26, 7] [28, -4, 0, 8] [1, -1, 20, 3]
[-8, -33, 4, -4] [15, -3, -21, -13] [-14, -16, -43, -44] [54, 18, -123, 26] [10, -9, -32, 31] [-3, 17, -9, 25] [-35, -72, -19, 36]
[20, 28, 6, 5] [-26, 2, -20, 4] [30, -14, 16, -7] [-8, 6, -29, -3] [-2, -9, -37, -9] [2, -11, -20, -1] [45, 8, 16, 0]
[-17, -16, 15, -9] [-2, -4, -54, -6] [-11, 2, 26, -4] [-11, 26, -45, -17] [41, 12, -11, 30] [46, -24, -39, 23] [-13, 3, 32, 2]
Food (up, right, down, left):
[13, 14, -3, 22] [-9, 19, -2, -26] [23, -15, 26, 13] [-22, -2, 52, 0] [-14, -5, 52, -14] [-10, -20, -21, -15] [-50, 11, 17, -16]
[-73, 7, -47, -6] [-4, -7, -36, 0] [2, 27, 16, 32] [-23, 20, -51, 30] [18, 9, -2, -54] [57, 6, -44, 25] [16, -5, 25, 27]
[-22, 7, 34, -34] [10, 0, -17, 30] [-58, -38, -42, 23] [45, -34, 22, 14] [-13, -10, -26, -25] [9, 24, -48, -32] [52, 28, 9, 11]
[10, 21, 4, 48] [-7, -6, -31, 32] [2, 5, -34, -13] [0, 0, 0, 0] [-12, 56, -38, -5] [15, -22, -39, -28] [-22, 43, -19, 18]
[0, 11, -12, 17] [8, 28, 5, 37] [28, -6, 35, 24] [-15, -49, 29, -14] [5, 10, 19, -22] [1, 37, 22, 16] [-12, -13, 8, 2]
[5, -38, -9, 10] [9, 11, 17, -13] [16, 10, 11, 28] [-27, -29, 52, -20] [-41, -40, 13, -66] [-26, 64, 21, 21] [2, 36, 2, 35]
[11, -5, -32, -23] [-5, 8, 14, -51] [34, 19, 4, -13] [-13, 0, 16, -32] [56, 26, 4, -15] [29, 29, 14, 2] [13, -18, 20, -20]
------------------------------
ALIVE
Head: (19 20)
Body: (19 20) (19 21) (18 21) (18 22) (17 22) (16 22) (15 22) (15 21) 
Length: 8, 4
Vision: 3
Hungry, suplies: 8/10
Reproductive: 16, mutating: 0.25
Generation: 50877
####################################
Wall (up, right, down, left):
[3, 4, 17, -5] [-3, 4, 11, -20] [-30, 8, 3, -25] [9, 0, 31, 4] [-20, 19, 13, -2] [21, -1, -9, -5] [0, -21, 2, -7]
[-47, -14, 6, -21] [0, 14, -11, -9] [-33, -1, 15, 6] [-40, 13, 15, 23] [38, 15, 2, -8] [-26, -19, -2, -11] [-9, -3, -1, 24]
[-4, -1, 30, 28] [-7, 16, -12, -5] [-12, -5, 48, -20] [-80, 22, 51, 8] [-43, -44, -18, 40] [-24, -17, 2, -1] [-28, -14, -24, 0]
[5, 43, -10, -36] [7, 5, 29, -27] [3, 45, 5, -111] [0, 0, 0, 0] [41, -105, 26, 5] [28, -4, 0, 10] [1, -1, 20, 3]
[-8, -33, 4, -4] [15, -3, -21, -13] [-14, -16, -43, -44] [54, 20, -123, 29] [10, -9, -27, 31] [-3, 17, -9, 25] [-35, -72, -19, 36]
[20, 26, 8, 5] [-26, 2, -20, 4] [30, -14, 16, -7] [-8, 6, -29, -3] [-2, -9, -37, -12] [2, -11, -20, -1] [49, 6, 16, 0]
[-18, -12, 15, -9] [-2, -4, -47, -6] [-11, 2, 26, -6] [-8, 26, -45, -17] [41, 12, -11, 30] [46, -29, -39, 28] [-16, 3, 32, 2]
Food (up, right, down, left):
[13, 14, -3, 22] [-9, 19, -2, -26] [23, -18, 26, 13] [-22, -2, 52, 5] [-14, -1, 52, -14] [-10, -20, -21, -15] [-50, 15, 17, -16]
[-73, 7, -50, -6] [-4, -7, -36, 0] [2, 27, 16, 32] [-23, 20, -51, 29] [18, 9, -2, -57] [57, 6, -44, 25] [14, -5, 25, 25]
[-22, 7, 34, -34] [14, 0, -17, 34] [-58, -38, -42, 23] [46, -37, 22, 14] [-13, -15, -26, -25] [9, 24, -48, -28] [52, 28, 9, 11]
[10, 21, 4, 52] [-9, -6, -31, 32] [2, 5, -34, -16] [0, 0, 0, 0] [-12, 56, -36, -5] [15, -22, -44, -28] [-22, 43, -19, 18]
[0, 11, -12, 17] [8, 28, 5, 37] [28, -6, 35, 24] [-15, -51, 29, -14] [10, 10, 19, -22] [1, 37, 22, 16] [-12, -13, 8, 2]
[9, -36, -9, 10] [9, 11, 16, -11] [16, 10, 11, 28] [-27, -29, 52, -20] [-41, -40, 11, -66] [-26, 64, 21, 21] [0, 36, 2, 33]
[7, -5, -27, -23] [0, 8, 14, -49] [34, 19, 5, -13] [-13, 0, 20, -32] [56, 26, 4, -15] [31, 29, 9, 2] [18, -18, 20, -20]
------------------------------
ALIVE
Head: (10 0)
Body: (10 0) (9 0) (9 1) (9 2) (9 3) (8 3) (7 3) (6 3) (5 3) (4 3) (4 2) 
Length: 11, 4
Vision: 3
Hungry, suplies: 7/10
Reproductive: 16, mutating: 0.25
Generation: 50876
####################################
Wall (up, right, down, left):
[3, 4, 17, -5] [-3, 4, 11, -20] [-30, 3, 3, -25] [9, -2, 31, 4] [-23, 19, 13, -2] [21, -1, -9, -5] [0, -21, 2, -7]
[-47, -10, 6, -21] [0, 14, -11, -9] [-33, -1, 15, 6] [-40, 13, 16, 23] [38, 15, 2, -10] [-26, -19, -2, -11] [-14, -3, -1, 19]
[-4, -1, 30, 28] [-7, 20, -12, -1] [-12, -5, 48, -20] [-79, 17, 52, 7] [-43, -40, -18, 40] [-24, -19, 2, -1] [-28, -14, -24, 0]
[5, 43, -10, -40] [7, 5, 29, -27] [3, 45, 5, -109] [0, 0, 0, 0] [41, -105, 26, 7] [28, -4, 0, 8] [1, -1, 20, 3]
[-8, -33, 4, -4] [15, -3, -21, -13] [-14, -16, -43, -44] [54, 18, -123, 26] [10, -9, -32, 31] [-3, 17, -9, 25] [-33, -72, -19, 36]
[20, 28, 6, 5] [-26, 2, -20, 4] [30, -14, 16, -7] [-8, 6, -29, -3] [-2, -9, -37, -9] [2, -11, -20, -1] [45, 6, 16, 0]
[-17, -16, 15, -9] [-2, -4, -54, -6] [-11, 2, 26, -4] [-11, 26, -45, -17] [41, 12, -11, 30] [46, -24, -39, 23] [-13, 3, 32, 2]
Food (up, right, down, left):
[10, 14, -3, 22] [-9, 19, -2, -26] [23, -15, 26, 13] [-22, -2, 52, 0] [-14, -5, 52, -14] [-14, -20, -21, -15] [-50, 11, 17, -16]
[-73, 7, -47, -6] [-4, -7, -36, 0] [2, 27, 16, 32] [-23, 20, -51, 30] [18, 9, -2, -54] [57, 6, -44, 25] [16, -5, 25, 27]
[-22, 7, 34, -34] [10, 0, -17, 30] [-58, -38, -42, 23] [49, -34, 22, 14] [-13, -10, -26, -25] [9, 24, -48, -32] [52, 28, 9, 11]
[10, 21, 4, 48] [-9, -6, -31, 32] [2, 5, -34, -13] [0, 0, 0, 0] [-12, 56, -38, -5] [15, -22, -39, -28] [-22, 43, -19, 18]
[0, 11, -12, 17] [8, 28, 5, 37] [28, -6, 35, 24] [-15, -49, 29, -14] [5, 10, 19, -22] [1, 37, 22, 16] [-12, -13, 7, 2]
[5, -38, -9, 10] [9, 11, 17, -13] [16, 10, 11, 28] [-27, -29, 52, -20] [-41, -40, 13, -66] [-26, 64, 21, 21] [0, 36, 2, 35]
[11, -5, -32, -23] [-5, 8, 14, -51] [34, 19, 4, -13] [-13, 0, 16, -32] [56, 26, 4, -15] [29, 29, 14, 2] [13, -18, 20, -20]
------------------------------
ALIVE
Head: (7 34)
Body: (7 34) (6 34) (5 34) (5 33) (5 32) (5 31) (4 31) (3 31) (3 30) (3 29) (3 28) (4 28) 
Length: 12, 4
Vision: 3
Hungry, suplies: 10/10
Reproductive: 16, mutating: 0.25
Generation: 50877
####################################
Wall (up, right, down, left):
[3, 4, 17, -5] [-3, 4, 11, -20] [-30, 8, 3, -25] [9, 0, 31, 4] [-20, 19, 13, -2] [21, -1, -9, -5] [0, -21, 2, -7]
[-47, -14, 6, -21] [0, 14, -11, -9] [-33, -1, 15, 6] [-40, 13, 15, 23] [38, 15, 2, -8] [-26, -19, -2, -11] [-9, -3, -1, 24]
[-4, -1, 30, 28] [-7, 16, -12, -5] [-12, -5, 48, -20] [-80, 22, 51, 7] [-43, -44, -18, 40] [-24, -17, 2, -1] [-28, -14, -24, 0]
[5, 43, -10, -36] [7, 5, 29, -27] [3, 45, 5, -111] [0, 0, 0, 0] [41, -105, 26, 5] [28, -4, 0, 10] [1, -1, 20, 3]
[-8, -33, 4, -4] [15, -3, -21, -13] [-14, -16, -43, -44] [54, 20, -123, 29] [10, -9, -27, 31] [-3, 17, -9, 25] [-35, -72, -19, 36]
[20, 26, 8, 5] [-26, 2, -20, 4] [30, -14, 16, -7] [-8, 6, -29, -3] [-2, -9, -37, -12] [2, -11, -20, -1] [49, 6, 16, 0]
[-18, -12, 15, -9] [-2, -4, -47, -6] [-11, 2, 26, -6] [-11, 26, -45, -17] [41, 12, -11, 30] [46, -24, -39, 28] [-16, 3, 32, 2]
Food (up, right, down, left):
[13, 14, -3, 22] [-9, 19, -2, -26] [23, -18, 26, 13] [-22, -2, 52, 5] [-14, -1, 52, -14] [-10, -20, -21, -15] [-50, 15, 17, -16]
[-73, 7, -50, -6] [-4, -7, -36, 0] [2, 27, 16, 32] [-23, 20, -51, 29] [18, 9, -2, -57] [57, 6, -44, 25] [14, -5, 25, 25]
[-22, 7, 34, -34] [14, 0, -17, 34] [-58, -38, -42, 23] [46, -39, 22, 14] [-13, -15, -26, -25] [9, 24, -48, -28] [52, 28, 9, 11]
[10, 21, 4, 52] [-9, -6, -31, 32] [2, 5, -34, -16] [0, 0, 0, 0] [-12, 56, -36, -5] [15, -22, -44, -28] [-22, 43, -19, 18]
[0, 11, -12, 17] [8, 28, 5, 37] [28, -6, 35, 24] [-15, -51, 29, -14] [10, 10, 19, -22] [1, 37, 22, 16] [-12, -13, 8, 2]
[9, -36, -9, 10] [9, 11, 16, -11] [16, 10, 11, 28] [-27, -29, 52, -20] [-41, -40, 11, -66] [-26, 64, 21, 21] [0, 36, 2, 33]
[7, -5, -27, -23] [0, 8, 14, -49] [34, 19, 5, -13] [-13, 0, 16, -32] [56, 26, 4, -15] [29, 29, 9, 2] [18, -18, 20, -20]
------------------------------
ALIVE
Head: (14 28)
Body: (14 28) (13 28) (13 27) (12 27) (11 27) (11 28) (10 28) (9 28) (8 28) (7 28) (6 28) (6 27) 
Length: 12, 4
Vision: 3
Hungry, suplies: 8/10
Reproductive: 16, mutating: 0.25
Generation: 50874
####################################
Wall (up, right, down, left):
[3, 4, 17, -5] [-3, 4, 11, -20] [-30, 8, 3, -25] [9, 0, 31, 4] [-20, 19, 13, -2] [21, -1, -9, -5] [0, -21, 2, -7]
[-47, -14, 6, -21] [0, 14, -11, -9] [-33, -1, 15, 6] [-40, 13, 15, 23] [38, 15, 2, -8] [-26, -19, -2, -11] [-9, -3, -1, 24]
[-4, -1, 30, 28] [-7, 16, -12, -5] [-12, -5, 48, -20] [-80, 22, 51, 8] [-43, -44, -18, 40] [-24, -17, 2, -1] [-28, -14, -24, 0]
[5, 43, -10, -36] [7, 5, 29, -27] [3, 45, 5, -111] [0, 0, 0, 0] [41, -105, 26, 5] [28, -4, 0, 10] [1, -1, 20, 3]
[-8, -33, 4, -4] [15, -3, -21, -13] [-14, -16, -43, -44] [54, 20, -123, 29] [10, -9, -27, 31] [-3, 17, -9, 25] [-35, -72, -19, 36]
[20, 26, 8, 5] [-26, 2, -20, 4] [30, -14, 16, -7] [-8, 6, -29, -3] [-2, -9, -37, -12] [2, -11, -20, -1] [49, 6, 16, 0]
[-18, -12, 15, -9] [-2, -4, -47, -6] [-11, 2, 26, -6] [-11, 26, -45, -17] [41, 12, -11, 30] [46, -29, -39, 28] [-16, 3, 32, 2]
Food (up, right, down, left):
[13, 14, -3, 22] [-9, 19, -2, -26] [23, -18, 26, 13] [-22, -2, 52, 5] [-14, -1, 52, -14] [-10, -20, -21, -15] [-50, 15, 17, -16]
[-73, 7, -50, -6] [-4, -7, -36, 0] [2, 27, 16, 32] [-23, 20, -51, 29] [18, 9, -2, -57] [57, 6, -44, 25] [14, -5, 25, 25]
[-22, 7, 34, -34] [14, 0, -17, 34] [-58, -38, -42, 23] [46, -37, 22, 14] [-13, -15, -26, -25] [9, 24, -48, -28] [52, 28, 9, 11]
[10, 21, 4, 52] [-9, -6, -31, 32] [2, 5, -34, -16] [0, 0, 0, 0] [-12, 56, -36, -5] [15, -22, -44, -28] [-22, 43, -19, 18]
[0, 11, -12, 17] [8, 28, 5, 37] [28, -6, 35, 24] [-15, -51, 29, -14] [10, 10, 19, -22] [1, 37, 22, 16] [-12, -13, 8, 2]
[9, -36, -9, 10] [9, 11, 16, -11] [16, 10, 11, 28] [-27, -29, 52, -20] [-41, -40, 11, -66] [-26, 64, 21, 21] [0, 36, 2, 33]
[7, -5, -27, -23] [0, 8, 14, -49] [34, 19, 5, -13] [-13, 0, 16, -32] [56, 26, 4, -15] [31, 29, 9, 2] [18, -18, 20, -20]
------------------------------
ALIVE
Head: (11 56)
Body: (11 56) (10 56) (9 56) (8 56) (7 56) (6 56) (5 56) 
Length: 7, 4
Vision: 3
Hungry, suplies: 8/10
Reproductive: 16, mutating: 0.25
Generation: 50875
####################################
Wall (up, right, down, left):
[3, 4, 17, -5] [-3, 3, 11, -20] [-30, 3, 3, -25] [9, -2, 31, 4] [-23, 19, 13, -2] [21, -1, -9, -5] [0, -21, 2, -7]
[-47, -10, 6, -21] [0, 14, -11, -9] [-33, -1, 15, 6] [-40, 13, 16, 23] [38, 15, 2, -10] [-26, -19, -2, -11] [-14, -3, -1, 19]
[-4, -1, 30, 28] [-7, 20, -12, -1] [-12, -5, 48, -20] [-79, 17, 52, 7] [-43, -40, -18, 40] [-24, -19, 2, -1] [-28, -14, -24, 0]
[5, 43, -10, -40] [7, 5, 29, -27] [3, 45, 5, -109] [0, 0, 0, 0] [41, -105, 26, 7] [28, -4, 0, 8] [1, -1, 20, 3]
[-8, -33, 4, -4] [15, -3, -21, -13] [-14, -16, -43, -44] [54, 18, -123, 26] [10, -9, -32, 31] [-3, 17, -9, 25] [-35, -72, -19, 36]
[20, 28, 6, 5] [-26, 2, -20, 4] [30, -14, 16, -7] [-8, 6, -29, -3] [-2, -9, -37, -9] [2, -11, -20, -1] [45, 6, 16, 0]
[-17, -16, 15, -9] [-2, -4, -54, -6] [-11, 2, 26, -4] [-11, 26, -45, -17] [41, 12, -11, 30] [46, -24, -39, 23] [-13, 3, 32, 2]
Food (up, right, down, left):
[10, 14, -3, 22] [-10, 19, -2, -26] [23, -15, 26, 13] [-22, -2, 52, 0] [-14, -5, 52, -14] [-10, -20, -21, -15] [-50, 11, 17, -16]
[-73, 7, -47, -6] [-4, -7, -36, 0] [2, 27, 16, 32] [-23, 20, -51, 30] [18, 9, -2, -54] [57, 6, -44, 25] [16, -5, 25, 27]
[-22, 7, 34, -34] [10, 0, -17, 30] [-58, -38, -42, 23] [49, -34, 22, 14] [-13, -10, -26, -25] [9, 24, -48, -32] [52, 28, 9, 11]
[10, 21, 4, 48] [-9, -6, -31, 32] [2, 5, -34, -13] [0, 0, 0, 0] [-12, 56, -38, -5] [15, -22, -39, -28] [-22, 43, -19, 18]
[0, 11, -12, 17] [8, 28, 5, 37] [28, -6, 35, 24] [-15, -49, 29, -14] [5, 10, 19, -22] [1, 37, 22, 16] [-12, -13, 8, 2]
[5, -38, -9, 10] [9, 11, 17, -13] [16, 10, 11, 28] [-27, -29, 52, -20] [-41, -40, 13, -66] [-26, 64, 21, 21] [0, 36, 2, 35]
[11, -5, -32, -23] [-5, 8, 14, -51] [34, 19, 4, -13] [-13, 0, 16, -32] [56, 26, 4, -15] [29, 29, 14, 2] [13, -18, 20, -20]
------------------------------
ALIVE
Head: (23 48)
Body: (23 48) (22 48) (21 48) (20 48) (20 47) (20 46) (20 45) (21 45) (21 44) (22 44) 
Length: 10, 4
Vision: 3
Hungry, suplies: 5/10
Reproductive: 16, mutating: 0.25
Generation: 50878
####################################
Wall (up, right, down, left):
[3, 4, 17, -5] [-3, 4, 11, -20] [-30, 3, 3, -25] [9, -2, 31, 4] [-23, 19, 13, -2] [21, -1, -9, -5] [0, -21, 2, -7]
[-47, -10, 6, -21] [0, 14, -11, -9] [-33, -1, 15, 6] [-40, 13, 16, 23] [38, 15, 2, -10] [-26, -19, -2, -11] [-14, -3, -1, 19]
[-4, -1, 30, 28] [-7, 20, -12, -1] [-12, -5, 48, -20] [-79, 22, 52, 7] [-43, -40, -18, 40] [-24, -19, 2, -1] [-28, -14, -24, 0]
[5, 43, -10, -40] [7, 5, 29, -27] [3, 45, 5, -109] [0, 0, 0, 0] [41, -105, 26, 7] [28, -4, 0, 8] [1, -1, 20, 3]
[-8, -33, 4, -4] [15, -3, -21, -13] [-14, -16, -43, -44] [54, 18, -123, 26] [10, -9, -32, 31] [-3, 17, -9, 25] [-35, -72, -19, 36]
[20, 28, 6, 5] [-26, 2, -20, 4] [30, -14, 16, -7] [-8, 6, -29, -3] [-2, -9, -37, -9] [2, -11, -20, -1] [45, 6, 16, 0]
[-17, -16, 15, -9] [-2, -4, -54, -6] [-11, 2, 26, -4] [-11, 26, -45, -17] [41, 12, -11, 30] [46, -24, -39, 23] [-13, 3, 32, 2]
Food (up, right, down, left):
[10, 14, -3, 22] [-9, 19, -2, -26] [23, -15, 26, 13] [-22, -2, 52, 0] [-14, -5, 52, -14] [-10, -20, -21, -15] [-50, 11, 17, -16]
[-73, 7, -47, -6] [-4, -7, -36, 0] [2, 27, 16, 32] [-23, 20, -51, 30] [18, 9, -2, -54] [57, 6, -44, 25] [16, -5, 25, 27]
[-22, 7, 34, -34] [10, 0, -17, 30] [-58, -38, -42, 23] [45, -34, 22, 14] [-13, -10, -26, -25] [9, 24, -48, -32] [52, 28, 9, 11]
[10, 21, 4, 48] [-9, -6, -31, 32] [2, 5, -34, -13] [0, 0, 0, 0] [-12, 56, -38, -5] [15, -22, -39, -28] [-22, 43, -19, 18]
[0, 11, -12, 17] [8, 28, 5, 37] [28, -6, 35, 24] [-15, -49, 29, -14] [5, 10, 19, -22] [1, 37, 22, 16] [-12, -13, 8, 2]
[5, -38, -9, 10] [9, 11, 17, -13] [16, 10, 11, 28] [-27, -29, 52, -20] [-41, -40, 13, -66] [-26, 64, 21, 21] [0, 36, 2, 35]
[11, -5, -32, -23] [-5, 8, 14, -51] [34, 19, 4, -13] [-13, 0, 16, -32] [56, 26, 4, -15] [29, 29, 14, 2] [13, -18, 20, -20]
------------------------------
ALIVE
Head: (6 53)
Body: (6 53) (5 53) (4 53) (4 52) (3 52) (2 52) (1 52) (25 52) 
Length: 8, 4
Vision: 3
Hungry, suplies: 2/10
Reproductive: 16, mutating: 0.25
Generation: 50873
####################################
Wall (up, right, down, left):
[3, 4, 17, -5] [-3, 4, 11, -20] [-30, 3, 3, -25] [9, -2, 31, 4] [-23, 19, 13, -2] [21, -1, -9, -5] [0, -21, 2, -7]
[-47, -10, 6, -21] [0, 14, -11, -9] [-33, -1, 15, 6] [-40, 13, 16, 23] [38, 15, 2, -10] [-26, -19, -2, -15] [-14, -3, -1, 19]
[-4, -1, 30, 28] [-7, 20, -12, -1] [-12, -5, 48, -20] [-79, 22, 52, 7] [-43, -40, -18, 40] [-24, -19, 2, -1] [-28, -14, -24, 0]
[5, 43, -10, -40] [11, 5, 29, -27] [3, 45, 5, -109] [0, 0, 0, 0] [41, -105, 26, 7] [28, -4, 0, 8] [1, -1, 20, 3]
[-8, -33, 4, -4] [15, -3, -21, -13] [-14, -16, -43, -44] [54, 18, -123, 26] [10, -9, -32, 31] [-3, 17, -9, 25] [-35, -72, -19, 36]
[20, 28, 6, 5] [-26, 2, -20, 4] [30, -14, 16, -7] [-8, 6, -29, -3] [-2, -9, -37, -9] [2, -11, -20, -1] [45, 8, 16, 0]
[-17, -16, 15, -9] [-2, -4, -54, -6] [-11, 2, 26, -4] [-11, 26, -45, -17] [41, 12, -11, 30] [46, -24, -39, 23] [-13, 3, 32, 2]
Food (up, right, down, left):
[13, 14, -3, 22] [-9, 19, -2, -26] [23, -15, 26, 13] [-22, -2, 52, 0] [-14, -5, 52, -14] [-10, -20, -21, -15] [-50, 11, 17, -16]
[-73, 7, -47, -6] [-4, -7, -36, 0] [2, 27, 16, 32] [-23, 20, -51, 30] [18, 9, -2, -54] [57, 6, -44, 20] [16, -5, 25, 27]
[-22, 7, 34, -34] [10, 0, -17, 30] [-58, -38, -42, 23] [45, -34, 22, 14] [-13, -10, -26, -25] [9, 24, -48, -32] [52, 28, 9, 11]
[10, 21, 4, 48] [-7, -6, -31, 32] [2, 5, -34, -13] [0, 0, 0, 0] [-12, 56, -38, -5] [15, -22, -39, -28] [-22, 43, -19, 18]
[0, 11, -12, 17] [8, 28, 5, 37] [28, -6, 35, 24] [-15, -49, 29, -14] [5, 10, 19, -22] [1, 37, 22, 16] [-12, -13, 8, 2]
[5, -38, -9, 10] [9, 11, 17, -13] [16, 10, 11, 28] [-27, -29, 52, -20] [-41, -40, 13, -66] [-26, 64, 21, 21] [2, 36, 2, 35]
[11, -5, -32, -23] [-5, 8, 14, -51] [34, 19, 4, -13] [-13, 0, 16, -32] [56, 26, 4, -15] [29, 29, 14, 2] [13, -18, 20, -20]
------------------------------
ALIVE
Head: (7 16)
Body: (7 16) (7 17) (8 17) (8 18) (8 19) (9 19) (9 20) (10 20) 
Length: 8, 4
Vision: 3
Hungry, suplies: 8/10
Reproductive: 16, mutating: 0.25
Generation: 50878
####################################
Wall (up, right, down, left):
[3, 4, 17, -5] [-3, 4, 11, -20] [-30, 3, 3, -25] [9, -2, 31, 4] [-23, 19, 13, -2] [21, -1, -9, -5] [0, -21, 2, -4]
[-47, -10, 6, -21] [0, 14, -11, -9] [-33, -1, 15, 6] [-40, 13, 16, 23] [38, 15, 2, -10] [-26, -19, -2, -11] [-14, -3, -1, 19]
[-4, -1, 30, 28] [-7, 20, -12, -1] [-12, -5, 48, -20] [-79, 22, 52, 7] [-43, -40, -18, 40] [-24, -19, 2, -1] [-28, -14, -24, 0]
[5, 43, -10, -40] [7, 5, 29, -27] [3, 45, 5, -109] [0, 0, 0, 0] [41, -105, 26, 4] [28, -4, 0, 8] [1, -1, 20, 3]
[-8, -33, 4, -4] [15, -3, -21, -13] [-14, -16, -43, -44] [54, 18, -123, 26] [10, -9, -32, 31] [-3, 17, -9, 25] [-35, -72, -19, 36]
[20, 28, 6, 5] [-26, 2, -20, 4] [30, -14, 16, -7] [-8, 6, -29, -3] [-2, -9, -37, -9] [2, -11, -20, -1] [45, 6, 16, 0]
[-17, -16, 15, -9] [-2, -4, -54, -6] [-11, 2, 26, -4] [-11, 26, -45, -17] [41, 12, -11, 30] [46, -24, -39, 23] [-13, 3, 32, 2]
Food (up, right, down, left):
[10, 14, -3, 17] [-9, 19, -2, -26] [23, -15, 26, 13] [-22, -2, 52, 0] [-14, -5, 52, -14] [-10, -20, -21, -15] [-45, 11, 17, -16]
[-73, 7, -47, -6] [-4, -7, -36, 0] [2, 27, 16, 32] [-23, 20, -51, 30] [18, 9, -2, -54] [57, 6, -44, 25] [16, -5, 25, 27]
[-22, 7, 34, -34] [10, 0, -17, 30] [-58, -38, -42, 23] [45, -34, 22, 14] [-13, -10, -26, -25] [9, 24, -48, -32] [52, 28, 9, 11]
[10, 21, 4, 48] [-9, -6, -31, 32] [2, 5, -34, -13] [0, 0, 0, 0] [-12, 56, -34, -5] [15, -22, -39, -28] [-22, 43, -19, 18]
[0, 11, -12, 17] [8, 28, 5, 37] [28, -6, 35, 24] [-15, -49, 29, -14] [5, 10, 19, -22] [1, 37, 22, 16] [-12, -13, 8, 2]
[5, -38, -9, 10] [9, 11, 17, -13] [16, 10, 11, 28] [-27, -29, 52, -20] [-41, -40, 13, -66] [-26, 64, 21, 21] [0, 36, 2, 35]
[11, -5, -32, -23] [-5, 8, 14, -51] [34, 19, 4, -13] [-13, 0, 16, -32] [56, 26, 4, -15] [29, 29, 14, 2] [13, -18, 20, -20]
------------------------------
ALIVE
Head: (5 10)
Body: (5 10) (5 11) (5 12) (4 12) (4 13) (5 13) (6 13) (6 14) 
Length: 8, 4
Vision: 3
Hungry, suplies: 9/10
Reproductive: 16, mutating: 0.25
Generation: 50876
####################################
Wall (up, right, down, left):
[3, 4, 17, -5] [-3, 4, 11, -20] [-30, 3, 3, -25] [9, -2, 31, 4] [-23, 19, 13, -2] [21, -1, -9, -5] [0, -21, 2, -7]
[-47, -10, 6, -21] [0, 14, -11, -9] [-33, -1, 15, 6] [-40, 13, 16, 23] [38, 15, 2, -10] [-26, -19, -2, -11] [-14, -3, -1, 19]
[-4, -1, 30, 28] [-7, 20, -12, -1] [-12, -5, 48, -20] [-79, 22, 52, 7] [-43, -40, -18, 40] [-24, -19, 2, -1] [-28, -14, -24, 0]
[5, 43, -10, -40] [7, 5, 29, -27] [3, 45, 5, -109] [0, 0, 0, 0] [41, -105, 26, 7] [28, -4, 0, 8] [1, -1, 20, 3]
[-8, -33, 4, -4] [18, -3, -21, -13] [-14, -16, -43, -44] [54, 18, -123, 26] [10, -9, -32, 31] [-3, 17, -9, 25] [-35, -72, -19, 36]
[20, 28, 6, 5] [-26, 2, -20, 4] [30, -14, 16, -7] [-8, 6, -29, -3] [-2, -9, -37, -9] [2, -11, -20, -1] [45, 6, 16, 0]
[-17, -16, 15, -9] [-2, -4, -54, -6] [-11, 2, 26, -4] [-11, 26, -45, -17] [41, 12, -11, 30] [46, -24, -39, 23] [-13, 3, 32, 2]
Food (up, right, down, left):
[13, 14, -3, 22] [-9, 19, -2, -26] [23, -15, 26, 13] [-22, -2, 52, 0] [-14, -5, 52, -14] [-10, -20, -21, -15] [-50, 11, 17, -16]
[-73, 7, -47, -6] [-4, -7, -36, 0] [2, 27, 16, 32] [-23, 20, -51, 30] [18, 9, -2, -54] [57, 6, -44, 25] [16, -5, 25, 27]
[-22, 7, 34, -34] [10, 0, -17, 30] [-58, -38, -42, 23] [45, -34, 22, 14] [-13, -10, -26, -25] [9, 24, -48, -32] [52, 28, 9, 11]
[10, 21, 9, 48] [-9, -6, -31, 32] [2, 5, -34, -13] [0, 0, 0, 0] [-12, 56, -38, -5] [15, -22, -39, -28] [-22, 43, -19, 18]
[0, 11, -12, 17] [7, 28, 5, 37] [28, -6, 35, 24] [-15, -49, 29, -14] [5, 10, 19, -22] [1, 37, 22, 16] [-12, -13, 8, 2]
[5, -38, -9, 10] [9, 11, 17, -13] [16, 10, 11, 28] [-27, -29, 52, -20] [-41, -40, 13, -66] [-26, 64, 21, 21] [0, 36, 2, 35]
[11, -5, -32, -23] [-5, 8, 14, -51] [34, 19, 4, -13] [-13, 0, 16, -32] [56, 26, 4, -15] [29, 29, 14, 2] [13, -18, 20, -20]
------------------------------
ALIVE
Head: (10 55)
Body: (10 55) (10 54) (10 53) (10 52) (10 51) (11 51) (11 52) (12 52) 
Length: 8, 4
Vision: 3
Hungry, suplies: 9/10
Reproductive: 16, mutating: 0.25
Generation: 50879
####################################
Wall (up, right, down, left):
[3, 4, 17, -5] [-3, 4, 11, -20] [-30, 3, 3, -25] [9, -2, 31, 4] [-23, 19, 13, -2] [21, -1, -9, -5] [0, -21, 2, -7]
[-47, -10, 6, -21] [0, 14, -11, -9] [-33, -1, 15, 6] [-40, 13, 16, 23] [38, 15, 2, -10] [-26, -19, -2, -11] [-14, -3, -1, 19]
[-4, -1, 30, 28] [-7, 20, -12, -1] [-12, -5, 48, -20] [-79, 22, 52, 7] [-43, -40, -18, 40] [-24, -19, 2, -1] [-28, -14, -24, 0]
[5, 43, -10, -40] [7, 5, 29, -27] [3, 45, 5, -109] [0, 0, 0, 0] [41, -105, 26, 7] [28, -4, 0, 8] [1, -1, 20, 3]
[-8, -33, 4, -4] [15, -3, -21, -13] [-14, -16, -43, -44] [54, 18, -123, 26] [10, -9, -32, 31] [-3, 17, -9, 25] [-35, -72, -19, 36]
[20, 28, 6, 5] [-26, 2, -20, 4] [30, -14, 16, -7] [-8, 6, -29, -3] [-2, -9, -37, -9] [2, -11, -20, -1] [45, 6, 16, 0]
[-17, -16, 15, -9] [-2, -4, -54, -6] [-11, 2, 26, -4] [-11, 26, -45, -17] [41, 12, -11, 30] [46, -24, -39, 23] [-13, 3, 32, 2]
Food (up, right, down, left):
[13, 14, -3, 22] [-9, 19, -2, -26] [23, -15, 26, 13] [-22, -2, 52, 0] [-14, -5, 52, -14] [-10, -20, -21, -15] [-50, 11, 17, -16]
[-73, 7, -47, -6] [-4, -7, -36, 0] [2, 27, 16, 32] [-23, 20, -51, 30] [18, 9, -2, -54] [57, 6, -44, 25] [16, -5, 25, 27]
[-22, 7, 34, -34] [10, 0, -17, 30] [-58, -38, -42, 23] [45, -34, 22, 14] [-13, -10, -26, -25] [9, 24, -48, -32] [52, 28, 9, 11]
[10, 21, 9, 48] [-9, -6, -31, 32] [2, 5, -34, -13] [0, 0, 0, 0] [-12, 56, -38, -5] [15, -22, -39, -28] [-22, 43, -19, 18]
[0, 11, -12, 17] [8, 28, 5, 37] [28, -6, 35, 24] [-15, -49, 29, -14] [5, 10, 19, -22] [1, 37, 22, 16] [-12, -13, 8, 2]
[5, -38, -9, 10] [9, 11, 17, -13] [16, 10, 11, 28] [-27, -29, 52, -20] [-41, -40, 13, -66] [-26, 64, 21, 21] [0, 36, 2, 35]
[11, -5, -32, -23] [-5, 8, 14, -51] [34, 19, 4, -13] [-13, 0, 16, -32] [56, 26, 4, -15] [29, 29, 14, 2] [13, -18, 20, -20]
------------------------------
ALIVE
Head: (16 11)
Body: (16 11) (16 12) (17 12) (18 12) (19 12) (19 11) (19 10) (18 10) 
Length: 8, 4
Vision: 3
Hungry, suplies: 10/10
Reproductive: 16, mutating: 0.25
Generation: 50877
####################################
