Wall (up, right, down, left):
[8, -8, -18, -7] [10, -13, -18, -1] [2, 1, -2, -16] [13, 4, 8, 12] [-8, 15, 20, -20] [-10, 2, 13, -11] [-30, -13, -9, -7]
[4, 2, 15, -9] [9, 13, 3, 3] [-8, 8, 5, -10] [-24, 18, 2, 13] [28, 9, -5, -3] [-12, -4, 9, 11] [-22, -7, 13, -8]
[3, 1, 33, 2] [-6, 9, -3, 13] [-19, -13, 25, 0] [-51, 21, 37, 35] [-46, -24, -26, 15] [-10, -28, 8, 26] [-9, -10, -5, -12]
[0, -4, -3, -34] [7, 8, 13, -17] [7, 20, 8, -91] [0, 0, 0, 0] [25, -77, 14, 11] [23, -2, -13, 11] [3, -5, 4, 3]
[-29, -17, -4, -19] [9, 21, -1, 7] [-1, 18, -18, -7] [13, 8, -55, 17] [-5, -2, -17, 36] [3, 17, -14, 8] [-20, -26, 15, 0]
[14, 22, -1, 16] [0, 2, -10, -20] [10, 5, 15, -2] [-1, -4, -23, 8] [13, 22, -3, 15] [36, -7, -5, 0] [24, 7, -4, 8]
[-7, -16, -17, -15] [12, -6, -5, 1] [-4, -7, 11, -8] [-10, 16, -16, -4] [23, 20, 0, 0] [18, -7, -22, 13] [4, -7, 1, 2]
Food (up, right, down, left):
[33, -1, 0, 20] [-9, 7, -8, -23] [16, -2, -21, 1] [-12, 2, 33, 6] [-1, 5, -2, 13] [4, -20, 5, -1] [-19, 22, 2, -27]
[-34, -8, -15, -24] [1, -4, -7, 1] [-4, 18, 0, 16] [-15, 19, -21, 22] [3, 5, 1, -36] [20, -7, -19, 20] [5, -14, -3, 10]
[-16, 19, 2, -26] [-14, -2, 3, 15] [-35, -32, -14, 9] [26, -18, 5, -15] [-11, -14, -5, -18] [2, -6, -25, -24] [6, 15, 9, 20]
[5, -7, 13, 30] [-36, -3, -31, 22] [-6, 7, -17, -18] [0, 0, 0, 0] [-34, 28, -18, -1] [-21, 15, -22, 8] [2, 13, -4, -1]
[6, 14, -6, 18] [-1, 9, 8, 7] [15, -8, 26, -1] [-9, -16, 17, -10] [-4, -13, 17, -32] [-9, 28, 21, 14] [14, 12, -2, -41]
[11, -10, 1, -17] [9, 0, 26, 16] [4, 9, 1, 20] [-13, -21, 8, -30] [-14, -8, -10, -23] [3, 19, -18, 11] [5, 35, -9, -2]
[-14, 6, -16, -10] [3, 10, 4, -23] [6, 13, 7, 3] [-5, -1, 31, -33] [23, 27, -13, 0] [11, 30, 12, 1] [14, -17, 17, -10]
------------------------------
ALIVE
Head: (9 52)
Body: (9 52) (9 51) (9 50) (10 50) (11 50) (12 50) (13 50) (13 51) 
Length: 8, 4
Vision: 3
Hungry, suplies: 3/10
Reproductive: 16, mutating: 0.25
Generation: 24273
####################################
Wall (up, right, down, left):
[8, -8, -18, -7] [10, -13, -18, -1] [2, 1, -2, -16] [13, 4, 8, 12] [-8, 13, 20, -20] [-10, 2, 13, -11] [-30, -13, -9, -7]
[4, 2, 15, -9] [9, 13, 3, 3] [-8, 8, 5, -10] [-24, 18, 2, 13] [28, 9, -5, -3] [-12, -5, 9, 11] [-22, -7, 13, -8]
[3, 1, 32, 2] [-6, 9, -3, 13] [-19, -13, 25, 0] [-51, 21, 37, 35] [-46, -24, -26, 15] [-10, -28, 8, 26] [-9, -10, -5, -12]
[0, -4, -3, -34] [7, 8, 13, -17] [3, 20, 8, -91] [0, 0, 0, 0] [25, -77, 14, 11] [23, -2, -13, 11] [3, -5, 4, 3]
[-29, -17, -4, -19] [9, 21, -1, 7] [-1, 18, -18, -7] [13, 8, -55, 17] [-5, -2, -17, 36] [3, 17, -14, 8] [-20, -26, 15, 0]
[14, 22, -1, 16] [0, 2, -10, -20] [10, 5, 15, -2] [-1, -4, -23, 8] [13, 22, -3, 15] [36, -7, -5, 0] [24, 7, -4, 8]
[-7, -16, -17, -15] [12, -6, -5, 1] [-4, -7, 11, -8] [-10, 16, -16, -4] [23, 20, 0, 0] [18, -7, -22, 13] [4, -7, 1, 2]
Food (up, right, down, left):
[33, -1, 0, 20] [-9, 7, -8, -23] [16, -2, -21, 1] [-12, 2, 33, 6] [-1, 3, -2, 13] [4, -20, 5, -1] [-19, 22, 2, -27]
[-34, -8, -15, -24] [1, -4, -7, 1] [-4, 18, 0, 16] [-15, 19, -21, 22] [3, 5, 1, -36] [23, -7, -19, 20] [5, -14, -3, 10]
[-16, 14, 2, -26] [-14, -2, 3, 15] [-35, -32, -14, 9] [26, -18, 5, -15] [-11, -14, -5, -18] [2, -6, -25, -24] [6, 15, 9, 20]
[5, -7, 13, 30] [-36, -3, -31, 22] [-6, 7, -16, -18] [0, 0, 0, 0] [-34, 28, -18, -1] [-21, 15, -22, 8] [2, 13, -4, -1]
[6, 14, -6, 18] [-1, 9, 8, 7] [15, -8, 26, -1] [-9, -16, 17, -10] [-4, -13, 17, -32] [-9, 28, 21, 14] [14, 12, -2, -41]
[11, -10, 1, -17] [9, 0, 26, 16] [4, 9, 1, 20] [-13, -21, 8, -30] [-14, -8, -10, -23] [3, 19, -18, 11] [5, 35, -9, -2]
[-14, 6, -16, -10] [3, 10, 4, -23] [6, 13, 7, 3] [-5, -1, 31, -33] [23, 27, -13, 0] [11, 30, 12, 1] [14, -17, 17, -10]
------------------------------
ALIVE
Head: (1 42)
Body: (1 42) (1 41) (1 40) (1 39) (25 39) (24 39) (24 38) (23 38) 
Length: 8, 4
Vision: 3
Hungry, suplies: 9/10
Reproductive: 16, mutating: 0.25
Generation: 24272
####################################
Wall (up, right, down, left):
[8, -8, -18, -7] [10, -13, -18, -1] [2, 1, -2, -16] [13, 4, 8, 12] [-8, 15, 20, -20] [-10, 2, 13, -11] [-30, -13, -9, -7]
[4, 2, 15, -9] [9, 13, 3, 3] [-8, 8, 5, -10] [-24, 18, 2, 13] [28, 9, -5, -3] [-12, -5, 9, 11] [-22, -7, 13, -8]
[3, 1, 33, 2] [-6, 9, -3, 13] [-19, -13, 25, 0] [-51, 21, 37, 35] [-46, -24, -26, 15] [-10, -28, 8, 26] [-9, -10, -5, -12]
[0, -4, -3, -34] [7, 8, 13, -17] [7, 20, 8, -91] [0, 0, 0, 0] [25, -77, 14, 11] [23, -2, -13, 11] [3, -5, 4, 3]
[-29, -17, -4, -19] [9, 21, -1, 7] [-1, 18, -18, -7] [13, 8, -55, 17] [-5, -2, -17, 36] [3, 17, -14, 8] [-20, -26, 15, 0]
[14, 22, -1, 16] [0, 2, -10, -20] [10, 5, 15, -2] [-1, -4, -23, 8] [13, 22, -3, 15] [36, -7, -5, 0] [24, 7, -4, 8]
[-7, -16, -17, -15] [12, -6, -5, 1] [-4, -11, 11, -8] [-10, 16, -16, -4] [23, 20, 0, 0] [18, -7, -22, 13] [4, -7, 1, 2]
Food (up, right, down, left):
[33, -1, 0, 20] [-9, 7, -8, -23] [16, -2, -21, 1] [-12, 2, 33, 6] [-1, 5, -2, 13] [4, -20, 5, -1] [-19, 22, 2, -27]
[-34, -8, -15, -24] [1, -4, -7, 1] [-4, 18, 0, 16] [-15, 19, -21, 22] [3, 5, 1, -36] [23, -7, -19, 20] [5, -14, -3, 10]
[-16, 19, 2, -26] [-14, -2, 3, 15] [-35, -32, -14, 9] [26, -18, 5, -15] [-11, -14, -5, -18] [2, -6, -25, -24] [6, 15, 9, 20]
[5, -7, 13, 30] [-36, -3, -31, 22] [-6, 7, -17, -18] [0, 0, 0, 0] [-34, 28, -18, -1] [-21, 15, -22, 8] [2, 13, -4, -1]
[6, 14, -6, 18] [-1, 9, 8, 7] [15, -8, 26, -1] [-9, -16, 17, -10] [-4, -13, 17, -32] [-9, 28, 21, 14] [14, 12, -2, -41]
[11, -10, 1, -17] [9, 0, 26, 16] [4, 9, 1, 20] [-13, -21, 8, -30] [-14, -8, -10, -23] [3, 19, -18, 11] [5, 35, -9, -2]
[-14, 6, -16, -10] [3, 10, 4, -23] [6, 16, 7, 3] [-5, -1, 31, -33] [23, 27, -13, 0] [11, 30, 12, 1] [14, -17, 17, -10]
------------------------------
ALIVE
Head: (21 14)
Body: (21 14) (22 14) (23 14) (23 15) (24 15) (24 16) (23 16) (22 16) (22 17) 
Length: 9, 4
Vision: 3
Hungry, suplies: 9/10
Reproductive: 16, mutating: 0.25
Generation: 24272
####################################
Wall (up, right, down, left):
[8, -8, -18, -7] [10, -13, -18, -1] [2, 1, -2, -16] [13, 4, 8, 12] [-8, 15, 20, -20] [-10, 2, 13, -11] [-30, -13, -9, -7]
[4, 2, 15, -9] [9, 13, 3, 3] [-8, 8, 5, -10] [-24, 18, 2, 13] [28, 9, -5, -3] [-12, -5, 9, 11] [-22, -7, 13, -8]
[3, 1, 32, 2] [-6, 9, -3, 13] [-19, -13, 25, 0] [-51, 21, 37, 35] [-46, -24, -26, 15] [-10, -28, 8, 26] [-9, -10, -5, -12]
[0, -4, -3, -34] [7, 8, 13, -17] [3, 20, 8, -91] [0, 0, 0, 0] [25, -77, 14, 11] [23, -2, -13, 11] [3, -5, 4, 3]
[-29, -17, -4, -19] [9, 21, -1, 7] [-1, 18, -18, -7] [13, 8, -55, 17] [-5, -2, -17, 36] [3, 17, -14, 8] [-20, -26, 15, 0]
[14, 22, -1, 16] [0, 2, -10, -20] [10, 5, 15, -2] [-1, -4, -23, 8] [13, 22, -3, 15] [36, -7, -5, 0] [24, 7, -4, 8]
[-7, -16, -17, -15] [12, -6, -5, 1] [-4, -7, 11, -8] [-10, 16, -16, -4] [23, 20, 0, 0] [18, -7, -22, 13] [4, -7, 1, 2]
Food (up, right, down, left):
[33, -1, 0, 20] [-9, 7, -8, -23] [16, -2, -21, 1] [-12, 2, 33, 6] [-1, 5, -2, 13] [4, -20, 5, -1] [-19, 22, 2, -27]
[-34, -8, -15, -24] [1, -4, -7, 1] [-4, 18, 0, 16] [-15, 19, -21, 22] [3, 5, 1, -36] [23, -7, -19, 20] [5, -14, -3, 10]
[-16, 14, 2, -26] [-14, -2, 3, 15] [-35, -32, -14, 9] [26, -18, 5, -15] [-11, -14, -5, -18] [2, -6, -25, -24] [6, 15, 9, 20]
[5, -7, 13, 30] [-36, -3, -31, 22] [-6, 7, -16, -18] [0, 0, 0, 0] [-34, 28, -18, -1] [-21, 15, -22, 8] [2, 13, -4, -1]
[6, 14, -6, 18] [-1, 9, 8, 7] [15, -8, 26, -1] [-9, -16, 17, -10] [-4, -13, 17, -32] [-9, 28, 21, 14] [14, 12, -2, -41]
[11, -10, 1, -17] [9, 0, 26, 16] [4, 9, 1, 20] [-13, -21, 8, -30] [-14, -8, -10, -23] [3, 19, -18, 11] [5, 35, -9, -2]
[-14, 6, -16, -10] [3, 10, 4, -23] [6, 13, 7, 3] [-5, -1, 31, -33] [23, 27, -13, 0] [11, 30, 12, 1] [14, -17, 17, -10]
------------------------------
ALIVE
Head: (9 37)
Body: (9 37) (9 36) (8 36) (8 35) (8 34) (7 34) (7 33) (6 33) (6 34) (6 35) (7 35) (7 36) 
Length: 12, 4
Vision: 3
Hungry, suplies: 9/10
Reproductive: 16, mutating: 0.25
Generation: 24272
####################################
Wall (up, right, down, left):
[8, -8, -18, -7] [10, -13, -18, -1] [2, 1, -2, -16] [13, 4, 8, 12] [-8, 15, 20, -20] [-10, 2, 13, -11] [-30, -13, -9, -7]
[4, 2, 15, -9] [9, 13, 3, 3] [-8, 8, 5, -10] [-24, 18, 2, 13] [28, 9, -5, -3] [-12, -5, 9, 11] [-22, -7, 13, -8]
[3, 1, 32, 2] [-6, 9, -3, 13] [-19, -13, 25, 0] [-51, 21, 37, 35] [-46, -24, -26, 15] [-10, -28, 8, 26] [-9, -10, -5, -12]
[0, -4, -3, -34] [7, 8, 13, -17] [3, 20, 8, -91] [0, 0, 0, 0] [25, -77, 14, 11] [23, -2, -13, 11] [3, -5, 4, 3]
[-29, -17, -4, -19] [9, 21, -1, 7] [-1, 18, -18, -7] [13, 8, -55, 17] [-5, -2, -17, 36] [3, 17, -14, 8] [-20, -26, 15, 0]
[14, 22, -1, 16] [0, 2, -10, -20] [10, 5, 15, -2] [-1, -4, -23, 8] [13, 22, -3, 15] [36, -7, -5, 0] [24, 7, -4, 8]
[-7, -16, -17, -15] [12, -6, -5, 1] [-4, -7, 11, -8] [-10, 16, -16, -4] [23, 20, 0, 0] [18, -7, -22, 13] [4, -7, 1, 2]
Food (up, right, down, left):
[33, -1, 0, 20] [-9, 7, -8, -23] [16, -2, -21, 1] [-12, 2, 33, 6] [-1, 5, -2, 13] [4, -20, 5, -1] [-19, 22, 2, -27]
[-34, -8, -15, -24] [1, -4, -7, 1] [-4, 18, 0, 16] [-15, 19, -21, 22] [3, 5, 1, -36] [23, -7, -19, 20] [5, -14, -3, 10]
[-16, 14, 2, -26] [-14, -2, 3, 15] [-35, -32, -14, 9] [26, -18, 5, -15] [-11, -14, -5, -18] [2, -6, -25, -24] [6, 15, 9, 20]
[5, -7, 13, 30] [-36, -3, -31, 22] [-6, 7, -16, -18] [0, 0, 0, 0] [-34, 28, -18, -1] [-21, 15, -22, 8] [2, 13, -4, -1]
[6, 14, -6, 18] [-1, 9, 8, 7] [15, -8, 26, -1] [-9, -16, 17, -10] [-4, -13, 17, -32] [-9, 28, 21, 14] [14, 12, -2, -41]
[11, -10, 1, -17] [9, 0, 26, 16] [4, 9, 1, 20] [-13, -21, 8, -30] [-14, -8, -10, -23] [3, 19, -18, 11] [5, 35, -9, -2]
[-14, 6, -16, -10] [3, 10, 4, -23] [6, 13, 7, 3] [-5, -1, 31, -33] [23, 27, -13, 0] [11, 30, 12, 1] [14, -17, 17, -10]
------------------------------
ALIVE
Head: (6 21)
Body: (6 21) (5 21) (5 20) (4 20) (4 19) (3 19) (2 19) (2 18) (2 17) (3 17) (4 17) (5 17) (5 18) (5 19) 
Length: 14, 4
Vision: 3
Hungry, suplies: 9/10
Reproductive: 16, mutating: 0.25
Generation: 24273
####################################
Wall (up, right, down, left):
[8, -8, -18, -7] [10, -13, -18, -1] [2, 2, -2, -16] [13, 4, 8, 12] [-8, 15, 20, -20] [-10, 2, 13, -11] [-30, -13, -9, -7]
[4, 2, 15, -9] [9, 13, 3, 3] [-8, 8, 5, -10] [-24, 18, 2, 13] [28, 9, -5, -3] [-12, -5, 9, 11] [-20, -7, 13, -9]
[5, 1, 32, 2] [-6, 9, -3, 13] [-19, -13, 25, 2] [-51, 21, 37, 35] [-46, -24, -26, 15] [-10, -28, 8, 26] [-9, -10, -5, -12]
[0, -4, -3, -34] [10, 8, 13, -17] [7, 20, 8, -91] [0, 0, 0, 0] [25, -77, 14, 11] [23, -2, -13, 11] [3, -5, 4, 3]
[-29, -17, -4, -19] [9, 22, -1, 7] [-1, 18, -18, -11] [13, 8, -55, 17] [-5, -2, -17, 36] [3, 17, -14, 8] [-20, -26, 15, -4]
[14, 22, -1, 16] [0, 2, -10, -20] [10, 5, 15, -2] [-1, -4, -23, 8] [13, 22, -3, 15] [36, -7, -5, 0] [24, 7, -4, 8]
[-7, -16, -17, -15] [16, -6, -5, 1] [-4, -9, 11, -8] [-10, 16, -16, -4] [23, 20, 0, 0] [18, -7, -22, 13] [1, -7, 1, 2]
Food (up, right, down, left):
[33, -1, 0, 20] [-9, 7, -8, -23] [16, -6, -21, -3] [-12, 2, 33, 6] [-1, 5, -2, 13] [4, -20, 5, -1] [-19, 22, 2, -27]
[-34, -8, -15, -24] [1, -4, -7, 1] [-4, 18, 0, 16] [-15, 19, -21, 22] [3, 5, 1, -36] [23, -7, -19, 20] [7, -15, -3, 10]
[-16, 14, 2, -26] [-14, -2, 3, 15] [-35, -32, -17, 9] [26, -18, 5, -15] [-11, -14, -5, -18] [2, -6, -25, -24] [6, 15, 9, 20]
[5, -7, 13, 30] [-36, -3, -31, 22] [-6, 7, -17, -18] [0, 0, 0, 0] [-34, 28, -18, -1] [-21, 15, -22, 8] [2, 13, -4, -1]
[6, 14, -6, 18] [-1, 9, 7, 7] [15, -8, 26, -1] [-9, -16, 17, -10] [-4, -13, 17, -32] [-9, 28, 21, 14] [14, 11, -2, -41]
[11, -10, 1, -17] [9, 0, 26, 16] [4, 9, 1, 20] [-13, -21, 8, -30] [-14, -8, -10, -23] [3, 19, -18, 11] [5, 35, -9, -2]
[-14, 6, -16, -10] [3, 10, 4, -23] [6, 13, 5, 3] [-5, -1, 31, -33] [23, 27, -13, 0] [11, 30, 12, 1] [14, -17, 14, -10]
------------------------------
ALIVE
Head: (5 1)
Body: (5 1) (4 1) (4 57) (4 56) (5 56) (6 -1) (6 0) (7 0) (8 0) (9 57) (9 56) (10 56) (10 55) 
Length: 13, 4
Vision: 3
Hungry, suplies: 5/10
Reproductive: 16, mutating: 0.25
Generation: 24277
####################################
Wall (up, right, down, left):
[8, -8, -18, -7] [10, -13, -18, -1] [2, 1, -2, -16] [13, 4, 8, 12] [-8, 15, 20, -20] [-10, 2, 13, -11] [-30, -13, -9, -7]
[4, 2, 15, -9] [9, 13, 3, 3] [-8, 8, 5, -10] [-24, 18, 2, 13] [28, 9, -5, -3] [-12, -5, 9, 11] [-22, -7, 13, -8]
[3, 1, 32, 2] [-6, 9, -3, 13] [-19, -13, 25, 0] [-51, 21, 37, 35] [-46, -24, -26, 15] [-10, -28, 8, 26] [-9, -10, -5, -12]
[0, -4, -3, -34] [7, 8, 13, -17] [3, 20, 8, -91] [0, 0, 0, 0] [25, -77, 14, 11] [23, -2, -13, 11] [3, -5, 4, 3]
[-29, -17, -4, -19] [9, 21, -1, 7] [-1, 18, -18, -7] [13, 8, -55, 17] [-5, -2, -17, 36] [3, 17, -14, 8] [-20, -26, 15, 0]
[14, 22, -1, 16] [0, 2, -10, -20] [10, 5, 15, -2] [-1, -4, -23, 8] [13, 22, -3, 15] [36, -7, -5, 0] [24, 7, -4, 8]
[-7, -16, -17, -15] [12, -6, -5, 1] [-4, -7, 11, -8] [-10, 16, -16, -4] [23, 20, 0, 0] [18, -7, -22, 13] [4, -7, 1, 2]
Food (up, right, down, left):
[33, -1, 0, 20] [-9, 7, -8, -23] [16, -2, -21, 1] [-12, 2, 33, 6] [-1, 5, -2, 13] [4, -20, 5, -1] [-19, 22, 2, -27]
[-34, -8, -15, -24] [1, -4, -7, 1] [-4, 18, 0, 16] [-15, 19, -21, 22] [3, 5, 1, -36] [23, -7, -19, 20] [5, -14, -3, 10]
[-16, 14, 2, -26] [-14, -2, 3, 15] [-35, -32, -14, 9] [26, -18, 5, -15] [-11, -14, -5, -18] [2, -6, -25, -24] [6, 15, 9, 20]
[5, -7, 13, 30] [-36, -3, -31, 22] [-6, 7, -16, -18] [0, 0, 0, 0] [-34, 28, -18, -1] [-21, 15, -22, 8] [2, 13, -4, -1]
[6, 14, -6, 18] [-1, 9, 8, 7] [15, -8, 26, -1] [-9, -16, 17, -10] [-4, -13, 17, -32] [-9, 28, 21, 14] [14, 12, -2, -41]
[11, -10, 1, -17] [9, 0, 26, 16] [4, 9, 1, 20] [-13, -21, 8, -30] [-14, -8, -10, -23] [3, 19, -18, 11] [5, 35, -9, -2]
[-14, 6, -16, -10] [3, 10, 4, -23] [6, 13, 7, 3] [-5, -1, 31, -33] [23, 27, -13, 0] [11, 30, 12, 1] [14, -17, 17, -10]
------------------------------
ALIVE
Head: (23 17)
Body: (23 17) (-1 17) (0 17) (0 18) (0 19) (1 19) (1 18) (1 17) (1 16) (1 15) 
Length: 10, 4
Vision: 3
Hungry, suplies: 4/10
Reproductive: 16, mutating: 0.25
Generation: 24273
####################################
Wall (up, right, down, left):
[8, -8, -18, -7] [10, -13, -18, -1] [2, 1, -2, -16] [13, 4, 8, 12] [-8, 15, 20, -20] [-14, 2, 13, -11] [-30, -13, -9, -7]
[4, 2, 15, -9] [9, 13, 3, 3] [-8, 8, 5, -10] [-24, 18, 2, 13] [28, 9, -5, -3] [-12, -5, 9, 11] [-22, -7, 13, -8]
[3, 1, 33, 2] [-6, 9, -3, 13] [-19, -13, 25, 0] [-51, 21, 37, 35] [-46, -24, -26, 15] [-10, -28, 8, 26] [-9, -10, -5, -12]
[0, -4, -3, -34] [7, 8, 13, -17] [7, 20, 8, -91] [0, 0, 0, 0] [25, -77, 14, 11] [23, -2, -13, 11] [3, -5, 4, 3]
[-29, -17, -4, -19] [9, 21, -1, 7] [-1, 18, -18, -7] [13, 8, -55, 17] [-5, -2, -17, 36] [3, 17, -14, 8] [-20, -26, 15, 0]
[14, 22, -1, 16] [0, 2, -10, -20] [10, 5, 15, -2] [-1, -4, -23, 8] [13, 22, -3, 15] [36, -7, -5, 0] [24, 7, -4, 8]
[-7, -16, -17, -15] [12, -6, -5, 1] [-4, -11, 11, -8] [-10, 16, -16, -4] [23, 20, 0, 0] [18, -7, -22, 13] [4, -7, 1, 2]
Food (up, right, down, left):
[33, -1, 0, 20] [-9, 7, -8, -23] [16, -2, -21, 1] [-12, 2, 33, 6] [-1, 5, -2, 13] [3, -20, 5, -1] [-19, 22, 2, -27]
[-34, -8, -15, -24] [1, -4, -7, 1] [-4, 18, 0, 16] [-15, 19, -21, 22] [3, 5, 1, -36] [23, -7, -19, 20] [5, -14, -3, 10]
[-16, 19, 2, -26] [-14, -2, 3, 15] [-35, -32, -14, 9] [26, -18, 5, -15] [-11, -14, -5, -18] [2, -6, -25, -24] [6, 15, 9, 20]
[5, -7, 13, 30] [-36, -3, -31, 22] [-6, 7, -17, -18] [0, 0, 0, 0] [-34, 28, -18, -1] [-21, 15, -22, 8] [2, 13, -4, -1]
[6, 14, -6, 18] [-1, 9, 8, 7] [15, -8, 26, -1] [-9, -16, 17, -10] [-4, -13, 17, -32] [-9, 28, 21, 14] [14, 12, -2, -41]
[11, -10, 1, -17] [9, 0, 26, 16] [4, 9, 1, 20] [-13, -21, 8, -30] [-14, -8, -10, -23] [3, 19, -18, 11] [5, 35, -9, -2]
[-14, 6, -16, -10] [3, 10, 4, -23] [6, 16, 7, 3] [-5, -1, 31, -33] [23, 27, -13, 0] [11, 30, 12, 1] [14, -17, 17, -10]
------------------------------
ALIVE
Head: (12 15)
Body: (12 15) (12 14) (13 14) (13 13) (13 12) (13 11) (12 11) (11 11) (11 10) (10 10) (9 10) (9 9) (8 9) (8 8) 
Length: 14, 4
Vision: 3
Hungry, suplies: 8/10
Reproductive: 16, mutating: 0.25
Generation: 24273
####################################
Wall (up, right, down, left):
[8, -8, -18, -7] [10, -13, -18, -1] [2, 1, -2, -16] [13, 4, 8, 12] [-8, 15, 20, -20] [-10, 3, 13, -11] [-30, -13, -9, -7]
[4, 2, 15, -9] [9, 13, 3, 3] [-8, 8, 5, -10] [-24, 18, 2, 13] [28, 9, -5, -3] [-12, -5, 9, 11] [-22, -7, 13, -8]
[3, 1, 32, 2] [-6, 9, -3, 13] [-19, -13, 25, 0] [-51, 21, 37, 35] [-46, -24, -26, 15] [-10, -28, 8, 26] [-9, -10, -5, -12]
[0, -4, -3, -34] [7, 8, 13, -17] [7, 20, 8, -91] [0, 0, 0, 0] [25, -77, 14, 11] [23, -2, -13, 11] [3, -5, 4, 3]
[-29, -17, -4, -19] [9, 21, -1, 7] [-1, 18, -18, -7] [13, 8, -55, 17] [-5, -2, -17, 36] [3, 17, -14, 8] [-20, -26, 15, 0]
[14, 22, -1, 16] [0, 2, -10, -20] [10, 5, 15, -2] [-1, -4, -23, 8] [13, 22, -3, 15] [36, -7, -5, 0] [24, 7, -4, 8]
[-8, -16, -17, -15] [12, -6, -5, 1] [-4, -9, 11, -8] [-10, 16, -16, -4] [23, 20, 0, 0] [18, -7, -22, 13] [4, -7, 1, 2]
Food (up, right, down, left):
[33, -1, 0, 20] [-9, 7, -8, -23] [16, -2, -21, 1] [-12, 2, 33, 6] [-1, 5, -2, 13] [4, -20, 0, -1] [-19, 22, 2, -27]
[-34, -8, -15, -24] [1, -4, -7, 1] [-4, 18, 0, 16] [-15, 19, -21, 22] [3, 5, 1, -36] [23, -7, -19, 20] [5, -14, -3, 10]
[-16, 14, 2, -26] [-14, -2, 3, 15] [-35, -32, -14, 9] [26, -18, 5, -15] [-11, -14, -5, -18] [2, -6, -25, -24] [6, 15, 9, 20]
[5, -7, 13, 30] [-36, -3, -31, 22] [-6, 7, -17, -18] [0, 0, 0, 0] [-34, 28, -18, -1] [-21, 15, -22, 8] [2, 13, -4, -1]
[6, 14, -6, 18] [-1, 9, 8, 7] [15, -8, 26, -1] [-9, -16, 17, -10] [-4, -13, 17, -32] [-9, 28, 21, 14] [14, 12, -2, -41]
[11, -10, 1, -17] [9, 0, 26, 16] [4, 9, 1, 20] [-13, -21, 8, -30] [-14, -8, -10, -23] [3, 19, -18, 11] [5, 35, -9, -2]
[-14, 6, -16, -10] [3, 10, 4, -23] [6, 13, 5, 3] [-5, -1, 31, -33] [23, 27, -13, 0] [11, 30, 12, 1] [14, -17, 17, -10]
------------------------------
ALIVE
Head: (17 21)
Body: (17 21) (18 21) (18 20) (18 19) (19 19) (19 18) (19 17) (19 16) (20 16) (20 15) 
Length: 10, 4
Vision: 3
Hungry, suplies: 10/10
Reproductive: 16, mutating: 0.25
Generation: 24274
####################################
Wall (up, right, down, left):
[8, -8, -18, -7] [10, -13, -18, -1] [2, 1, -2, -16] [13, 4, 8, 12] [-8, 15, 20, -20] [-10, 2, 13, -11] [-30, -13, -9, -7]
[4, 2, 15, -9] [9, 13, 3, 3] [-8, 8, 5, -10] [-24, 18, 2, 13] [28, 9, -5, -3] [-12, -4, 9, 11] [-22, -7, 13, -8]
[3, 1, 33, 2] [-6, 9, -3, 13] [-19, -13, 25, 0] [-51, 21, 37, 35] [-46, -24, -26, 15] [-10, -28, 8, 26] [-9, -10, -5, -12]
[0, -4, -3, -34] [7, 8, 13, -17] [7, 20, 8, -91] [0, 0, 0, 0] [25, -77, 14, 11] [23, -2, -13, 11] [3, -5, 4, 3]
[-29, -17, -4, -19] [9, 21, -1, 7] [-1, 18, -18, -7] [13, 8, -55, 17] [-5, -2, -17, 36] [3, 17, -14, 8] [-20, -26, 15, 0]
[14, 22, -1, 16] [0, 2, -10, -20] [10, 5, 15, -2] [-1, -4, -23, 8] [13, 22, -3, 15] [36, -7, -5, 0] [24, 7, -4, 8]
[-7, -16, -17, -15] [12, -6, -5, 1] [-4, -7, 11, -8] [-10, 16, -16, -4] [23, 20, 0, 0] [18, -7, -22, 13] [4, -7, 1, 2]
Food (up, right, down, left):
[33, -1, 0, 20] [-9, 7, -8, -23] [16, -2, -21, 1] [-12, 2, 33, 6] [-1, 5, -2, 13] [4, -20, 5, -1] [-19, 22, 2, -27]
[-34, -8, -15, -24] [1, -4, -7, 1] [-4, 18, 0, 16] [-15, 19, -21, 22] [3, 5, 1, -36] [20, -7, -19, 20] [5, -14, -3, 10]
[-16, 19, 2, -26] [-14, -2, 3, 15] [-35, -32, -14, 9] [26, -18, 5, -15] [-11, -14, -5, -18] [2, -6, -25, -24] [6, 15, 9, 20]
[5, -7, 13, 30] [-36, -3, -31, 22] [-6, 7, -17, -18] [0, 0, 0, 0] [-34, 28, -18, -1] [-21, 15, -22, 8] [2, 13, -4, -1]
[6, 14, -6, 18] [-1, 9, 8, 7] [15, -8, 26, -1] [-9, -16, 17, -10] [-4, -13, 17, -32] [-9, 28, 21, 14] [14, 12, -2, -41]
[11, -10, 1, -17] [9, 0, 26, 16] [4, 9, 1, 20] [-13, -21, 8, -30] [-14, -8, -10, -23] [3, 19, -18, 11] [5, 35, -9, -2]
[-14, 6, -16, -10] [3, 10, 4, -23] [6, 13, 7, 3] [-5, -1, 31, -33] [23, 27, -13, 0] [11, 30, 12, 1] [14, -17, 17, -10]
------------------------------
ALIVE
Head: (4 41)
Body: (4 41) (4 40) (5 40) (5 39) (4 39) (3 39) (3 38) (3 37) (2 37) (2 36) (1 36) (0 36) 
Length: 12, 4
Vision: 3
Hungry, suplies: 9/10
Reproductive: 16, mutating: 0.25
Generation: 24274
####################################
Wall (up, right, down, left):
[8, -8, -18, -7] [10, -13, -18, -1] [2, 1, -2, -16] [13, 4, 8, 12] [-8, 15, 20, -20] [-10, 2, 13, -11] [-30, -13, -9, -7]
[4, 2, 15, -9] [9, 13, 3, 3] [-8, 8, 5, -10] [-24, 18, 2, 13] [28, 9, -5, -3] [-12, -5, 9, 11] [-22, -7, 13, -8]
[3, 1, 32, 2] [-6, 9, -3, 13] [-19, -13, 25, 0] [-51, 21, 37, 35] [-46, -24, -26, 15] [-10, -28, 8, 26] [-9, -10, -5, -12]
[0, -4, -3, -34] [7, 8, 13, -17] [3, 20, 8, -91] [0, 0, 0, 0] [25, -77, 14, 11] [23, -2, -13, 11] [3, -5, 4, 3]
[-29, -17, -4, -19] [9, 21, -1, 7] [-1, 18, -18, -7] [13, 8, -55, 17] [-5, -2, -17, 36] [3, 17, -14, 8] [-20, -26, 15, 0]
[14, 22, -1, 16] [0, 2, -10, -20] [10, 5, 15, -2] [-1, -4, -23, 8] [13, 22, -3, 15] [36, -7, -5, 0] [24, 7, -4, 8]
[-7, -16, -17, -15] [12, -6, -5, 1] [-4, -7, 11, -8] [-10, 16, -16, -4] [23, 20, 0, 0] [18, -7, -22, 13] [4, -7, 1, 2]
Food (up, right, down, left):
[33, -1, 0, 20] [-9, 7, -8, -23] [16, -2, -21, 1] [-12, 2, 33, 6] [-1, 5, -2, 13] [4, -20, 5, -1] [-19, 22, 2, -27]
[-34, -8, -15, -24] [1, -4, -7, 1] [-4, 18, 0, 16] [-15, 19, -21, 22] [3, 5, 1, -36] [23, -7, -19, 20] [5, -14, -3, 10]
[-16, 14, 2, -26] [-14, -2, 3, 15] [-35, -32, -14, 9] [26, -18, 5, -15] [-11, -14, -5, -18] [2, -6, -25, -24] [6, 15, 9, 20]
[5, -7, 13, 30] [-36, -3, -31, 22] [-6, 7, -16, -18] [0, 0, 0, 0] [-34, 28, -18, -1] [-21, 15, -22, 8] [2, 13, -4, -1]
[6, 14, -6, 18] [-1, 9, 8, 7] [15, -8, 26, -1] [-9, -16, 17, -10] [-4, -13, 17, -32] [-9, 28, 21, 14] [14, 12, -2, -41]
[11, -10, 1, -17] [9, 0, 26, 16] [4, 9, 1, 20] [-13, -21, 8, -30] [-14, -8, -10, -23] [3, 19, -18, 11] [5, 35, -9, -2]
[-14, 6, -16, -10] [3, 10, 4, -23] [6, 13, 7, 3] [-5, -1, 31, -33] [23, 27, -13, 0] [11, 30, 12, 1] [14, -17, 17, -10]
------------------------------
ALIVE
Head: (21 48)
Body: (21 48) (20 48) (19 48) (18 48) (18 47) (18 46) (18 45) (18 44) (18 43) (18 42) (18 41) 
Length: 11, 4
Vision: 3
Hungry, suplies: 4/10
Reproductive: 16, mutating: 0.25
Generation: 24276
####################################
Wall (up, right, down, left):
[8, -8, -18, -7] [10, -13, -18, -1] [2, 1, -2, -16] [13, 4, 8, 12] [-8, 15, 20, -20] [-10, 2, 13, -11] [-30, -13, -9, -7]
[4, 2, 15, -9] [9, 13, 3, 3] [-8, 8, 5, -10] [-24, 18, 2, 13] [28, 9, -5, -3] [-12, -4, 9, 11] [-22, -7, 13, -8]
[3, 1, 33, 2] [-6, 9, -3, 13] [-19, -13, 25, 0] [-51, 21, 37, 35] [-46, -24, -23, 15] [-10, -28, 8, 26] [-9, -10, -5, -12]
[0, -4, -3, -34] [7, 8, 13, -17] [7, 20, 8, -91] [0, 0, 0, 0] [25, -77, 14, 11] [23, -2, -13, 11] [3, -5, 4, 3]
[-29, -17, -4, -19] [9, 21, -1, 7] [-1, 18, -18, -7] [13, 8, -55, 17] [-5, -2, -17, 36] [3, 17, -14, 8] [-20, -26, 15, 0]
[14, 22, -1, 16] [0, 2, -10, -20] [10, 5, 15, -2] [-1, -4, -23, 8] [13, 22, -3, 15] [36, -7, -5, 0] [24, 7, -4, 8]
[-7, -16, -17, -15] [12, -6, -5, 1] [-4, -7, 11, -8] [-10, 16, -16, -4] [23, 20, 0, 0] [18, -7, -22, 13] [4, -7, 1, -1]
Food (up, right, down, left):
[33, -1, 0, 20] [-9, 7, -8, -23] [16, -2, -21, 1] [-12, 2, 33, 6] [-1, 5, -2, 13] [4, -20, 5, -1] [-19, 22, 2, -27]
[-34, -8, -15, -24] [1, -4, -7, 1] [-4, 18, 0, 16] [-15, 19, -21, 22] [3, 5, 1, -36] [20, -7, -19, 20] [5, -14, -3, 10]
[-16, 19, 2, -26] [-14, -2, 3, 15] [-35, -32, -14, 9] [26, -18, 5, -15] [-13, -14, -5, -18] [2, -6, -25, -24] [6, 15, 9, 20]
[5, -7, 13, 30] [-36, -3, -31, 22] [-6, 7, -17, -18] [0, 0, 0, 0] [-34, 28, -18, -1] [-21, 15, -22, 8] [2, 13, -4, -1]
[6, 14, -6, 18] [-1, 9, 8, 7] [15, -8, 26, -1] [-9, -16, 17, -10] [-4, -13, 17, -32] [-9, 28, 21, 14] [14, 12, -2, -41]
[11, -10, 1, -17] [9, 0, 26, 16] [4, 9, 1, 20] [-13, -21, 8, -30] [-14, -8, -10, -23] [3, 19, -18, 11] [5, 35, -9, -2]
[-14, 6, -16, -10] [3, 10, 4, -23] [6, 13, 7, 3] [-5, -1, 31, -33] [23, 27, -13, 0] [11, 30, 12, 1] [14, -17, 18, -10]
------------------------------
ALIVE
Head: (23 7)
Body: (23 7) (22 7) (21 7) (20 7) (20 6) (20 5) (21 5) (21 4) (21 3) 
Length: 9, 4
Vision: 3
Hungry, suplies: 4/10
Reproductive: 16, mutating: 0.25
Generation: 24277
####################################
Wall (up, right, down, left):
[8, -8, -18, -7] [10, -13, -18, -1] [2, 2, -2, -16] [13, 4, 8, 12] [-8, 15, 20, -20] [-10, 2, 13, -11] [-30, -13, -9, -7]
[4, 2, 15, -9] [9, 13, 3, 3] [-8, 8, 5, -10] [-24, 18, 2, 13] [28, 9, -5, -3] [-12, -5, 9, 11] [-20, -7, 13, -9]
[5, 1, 32, 2] [-6, 9, -3, 13] [-19, -13, 25, 2] [-51, 21, 37, 35] [-46, -24, -26, 15] [-10, -28, 8, 26] [-9, -10, -5, -12]
[0, -4, -3, -34] [10, 8, 13, -17] [7, 20, 8, -91] [0, 0, 0, 0] [25, -77, 14, 11] [23, -2, -13, 11] [3, -5, 4, 3]
[-29, -17, -4, -19] [9, 22, -1, 7] [-1, 18, -18, -11] [13, 8, -55, 17] [-5, -2, -17, 36] [3, 17, -14, 8] [-20, -26, 15, -4]
[14, 22, -1, 16] [0, 2, -10, -20] [10, 5, 15, -2] [-1, -4, -23, 8] [13, 22, -3, 15] [36, -7, -5, 0] [24, 7, -4, 8]
[-7, -16, -17, -15] [16, -6, -5, 1] [-4, -9, 11, -8] [-10, 16, -16, -4] [23, 20, 0, 0] [18, -7, -22, 13] [1, -7, 1, 2]
Food (up, right, down, left):
[33, -1, 0, 20] [-9, 7, -8, -23] [16, -6, -21, -3] [-12, 2, 33, 6] [-1, 5, -2, 13] [4, -20, 5, -1] [-19, 22, 2, -27]
[-34, -8, -15, -24] [1, -4, -7, 1] [-4, 18, 0, 16] [-15, 19, -21, 22] [3, 5, 1, -36] [23, -7, -19, 20] [7, -15, -3, 10]
[-16, 14, 2, -26] [-14, -2, 3, 15] [-35, -32, -17, 9] [26, -18, 5, -15] [-11, -14, -5, -18] [2, -6, -25, -24] [6, 15, 9, 20]
[5, -7, 13, 30] [-36, -3, -31, 22] [-6, 7, -17, -18] [0, 0, 0, 0] [-34, 28, -18, -1] [-21, 15, -22, 8] [2, 13, -4, -1]
[6, 14, -6, 18] [-1, 9, 7, 7] [15, -8, 26, -1] [-9, -16, 17, -10] [-4, -13, 17, -32] [-9, 28, 21, 14] [14, 11, -2, -41]
[11, -10, 1, -17] [9, 0, 26, 16] [4, 9, 1, 20] [-13, -21, 8, -30] [-14, -8, -10, -23] [3, 19, -18, 11] [5, 35, -9, -2]
[-14, 6, -16, -10] [3, 10, 4, -23] [6, 13, 5, 3] [-5, -1, 31, -33] [23, 27, -13, 0] [11, 30, 12, 1] [14, -17, 14, -10]
------------------------------
ALIVE
Head: (9 3)
Body: (9 3) (10 3) (10 4) (10 5) (10 6) (10 7) (10 8) (10 9) (11 9) (11 8) 
Length: 10, 4
Vision: 3
Hungry, suplies: 7/10
Reproductive: 16, mutating: 0.25
Generation: 24278
####################################
Wall (up, right, down, left):
[8, -8, -18, -7] [10, -13, -18, -1] [5, 1, -2, -16] [13, 4, 8, 12] [-8, 15, 20, -20] [-10, 2, 13, -11] [-30, -13, -9, -7]
[4, 2, 15, -9] [9, 13, 3, 3] [-8, 8, 5, -10] [-24, 18, 2, 13] [28, 9, -5, -3] [-12, -5, 9, 11] [-22, -7, 13, -8]
[3, 1, 32, 2] [-6, 9, -3, 13] [-19, -13, 25, 0] [-51, 21, 37, 35] [-46, -24, -26, 15] [-10, -28, 8, 26] [-9, -10, -5, -12]
[0, -4, -3, -34] [7, 8, 13, -17] [3, 20, 8, -91] [0, 0, 0, 0] [25, -77, 14, 11] [23, -2, -13, 11] [3, -5, 4, 3]
[-29, -17, -4, -19] [9, 21, -1, 7] [-1, 18, -18, -7] [13, 8, -55, 17] [-5, -2, -17, 36] [3, 17, -14, 8] [-20, -26, 15, 0]
[14, 22, -1, 16] [0, 2, -10, -20] [10, 5, 15, -2] [-5, -4, -23, 8] [13, 22, -3, 15] [36, -7, -5, 0] [24, 7, -4, 8]
[-7, -16, -17, -15] [12, -6, -5, 1] [-4, -7, 11, -8] [-10, 16, -16, -4] [23, 20, 0, 0] [18, -7, -22, 13] [4, -7, 1, 2]
Food (up, right, down, left):
[33, -1, 0, 20] [-9, 7, -8, -23] [16, -4, -21, 1] [-12, 2, 33, 6] [-1, 5, -2, 13] [4, -20, 5, -1] [-19, 22, 2, -27]
[-34, -8, -15, -24] [1, -4, -7, 1] [-4, 18, 0, 16] [-15, 19, -21, 22] [3, 5, 1, -36] [23, -7, -19, 20] [5, -14, -3, 10]
[-16, 14, 2, -26] [-14, -2, 3, 15] [-35, -32, -14, 9] [26, -18, 5, -15] [-11, -14, -5, -18] [2, -6, -25, -24] [6, 15, 9, 20]
[5, -7, 13, 30] [-36, -3, -31, 22] [-6, 7, -16, -18] [0, 0, 0, 0] [-34, 28, -18, -1] [-21, 15, -22, 8] [2, 13, -4, -1]
[6, 14, -6, 18] [-1, 9, 8, 7] [15, -8, 26, -1] [-9, -16, 17, -10] [-4, -13, 17, -32] [-9, 28, 21, 14] [14, 12, -2, -41]
[11, -10, 1, -17] [9, 0, 26, 16] [4, 9, 1, 20] [-14, -21, 8, -30] [-14, -8, -10, -23] [3, 19, -18, 11] [5, 35, -9, -2]
[-14, 6, -16, -10] [3, 10, 4, -23] [6, 13, 7, 3] [-5, -1, 31, -33] [23, 27, -13, 0] [11, 30, 12, 1] [14, -17, 17, -10]
------------------------------
ALIVE
Head: (15 5)
Body: (15 5) (15 4) (15 3) (15 2) (15 1) (15 0) (16 57) (16 56) 
Length: 8, 4
Vision: 3
Hungry, suplies: 9/10
Reproductive: 16, mutating: 0.25
Generation: 24273
####################################
Wall (up, right, down, left):
[8, -8, -18, -7] [10, -13, -18, -1] [2, 2, -2, -16] [13, 4, 8, 12] [-8, 15, 20, -20] [-10, 2, 13, -11] [-30, -13, -9, -7]
[4, 2, 15, -9] [9, 13, 3, 3] [-8, 8, 5, -10] [-24, 18, 2, 13] [28, 9, -5, -3] [-12, -5, 9, 11] [-20, -7, 13, -9]
[5, 1, 32, 2] [-6, 9, -3, 13] [-19, -13, 25, 2] [-51, 21, 37, 35] [-46, -24, -26, 15] [-10, -28, 8, 26] [-9, -10, -5, -12]
[0, -4, -3, -34] [10, 8, 13, -17] [7, 20, 8, -91] [0, 0, 0, 0] [25, -77, 14, 11] [23, -2, -13, 11] [3, -5, 4, 3]
[-29, -17, -4, -19] [9, 22, -1, 7] [-1, 18, -18, -11] [13, 8, -55, 17] [-5, -2, -17, 36] [3, 17, -14, 8] [-20, -26, 15, -4]
[14, 22, -1, 16] [0, 2, -10, -20] [10, 5, 15, -2] [-1, -4, -23, 8] [13, 22, -3, 15] [36, -7, -5, 0] [24, 7, -4, 8]
[-7, -16, -17, -15] [16, -6, -5, 1] [-4, -9, 11, -8] [-10, 16, -16, -4] [23, 20, 0, 0] [18, -7, -22, 13] [4, -7, 1, 2]
Food (up, right, down, left):
[33, -1, 0, 20] [-9, 7, -8, -23] [16, -2, -21, -3] [-12, 2, 33, 6] [-1, 5, -2, 13] [4, -20, 5, -1] [-19, 22, 2, -27]
[-34, -8, -15, -24] [1, -4, -7, 1] [-4, 18, 0, 16] [-15, 19, -21, 22] [3, 5, 1, -36] [23, -7, -19, 20] [7, -15, -3, 10]
[-16, 14, 2, -26] [-14, -2, 3, 15] [-35, -32, -17, 9] [26, -18, 5, -15] [-11, -14, -5, -18] [2, -6, -25, -24] [6, 15, 9, 20]
[5, -7, 13, 30] [-36, -3, -31, 22] [-6, 7, -17, -18] [0, 0, 0, 0] [-34, 28, -18, -1] [-21, 15, -22, 8] [2, 13, -4, -1]
[6, 14, -6, 18] [-1, 9, 7, 7] [15, -8, 26, -1] [-9, -16, 17, -10] [-4, -13, 17, -32] [-9, 28, 21, 14] [14, 11, -2, -41]
[11, -10, 1, -17] [9, 0, 26, 16] [4, 9, 1, 20] [-13, -21, 8, -30] [-14, -8, -10, -23] [3, 19, -18, 11] [5, 35, -9, -2]
[-14, 6, -16, -10] [3, 10, 4, -23] [6, 13, 5, 3] [-5, -1, 31, -33] [23, 27, -13, 0] [11, 30, 12, 1] [14, -17, 17, -10]
------------------------------
ALIVE
Head: (4 44)
Body: (4 44) (4 45) (5 45) (5 46) (5 47) (6 47) (7 47) (8 47) (8 46) (9 46) (9 45) (10 45) (11 45) 
Length: 13, 4
Vision: 3
Hungry, suplies: 7/10
Reproductive: 16, mutating: 0.25
Generation: 24272
####################################
Wall (up, right, down, left):
[8, -8, -18, -7] [10, -13, -18, -1] [2, 1, -2, -16] [13, 4, 8, 12] [-8, 15, 20, -20] [-10, 3, 13, -11] [-30, -13, -9, -7]
[4, 2, 15, -9] [9, 13, 3, 3] [-8, 8, 5, -10] [-24, 18, 2, 13] [28, 9, -5, -3] [-12, -5, 9, 11] [-22, -7, 13, -8]
[3, 1, 32, 2] [-6, 9, -3, 13] [-19, -13, 25, 0] [-51, 21, 37, 35] [-46, -24, -26, 15] [-10, -28, 8, 26] [-9, -10, -5, -12]
[0, -4, -3, -34] [7, 8, 13, -17] [7, 20, 8, -91] [0, 0, 0, 0] [25, -77, 14, 11] [23, -2, -13, 11] [3, -5, 4, 3]
[-29, -17, -4, -19] [9, 21, -1, 7] [-1, 18, -18, -7] [13, 8, -55, 17] [-5, -2, -17, 36] [3, 17, -14, 8] [-20, -26, 15, 0]
[14, 22, -1, 16] [0, 2, -10, -20] [10, 5, 15, -2] [-1, -4, -23, 8] [13, 23, -3, 15] [36, -7, -5, 0] [24, 7, -4, 8]
[-7, -16, -17, -15] [12, -6, -5, 1] [-4, -9, 11, -8] [-10, 16, -16, -4] [23, 20, 0, 0] [18, -7, -22, 13] [4, -7, 1, 2]
Food (up, right, down, left):
[33, -1, 0, 20] [-9, 7, -8, -23] [16, -2, -21, 1] [-12, 2, 33, 6] [-1, 5, -2, 13] [4, -20, 0, -1] [-19, 22, 2, -27]
[-34, -8, -15, -24] [1, -4, -7, 1] [-4, 18, 0, 16] [-15, 19, -21, 22] [3, 5, 1, -36] [23, -7, -19, 20] [5, -14, -3, 10]
[-16, 14, 2, -26] [-14, -2, 3, 15] [-35, -32, -14, 9] [26, -18, 5, -15] [-11, -14, -5, -18] [2, -6, -25, -24] [6, 15, 9, 20]
[5, -7, 13, 30] [-36, -3, -31, 22] [-6, 7, -17, -18] [0, 0, 0, 0] [-34, 28, -18, -1] [-21, 15, -22, 8] [2, 13, -4, -1]
[6, 14, -6, 18] [-1, 9, 8, 7] [15, -8, 26, -1] [-9, -16, 17, -10] [-4, -13, 17, -32] [-9, 28, 21, 14] [14, 12, -2, -41]
[11, -10, 1, -17] [9, 0, 26, 16] [4, 9, 1, 20] [-13, -21, 8, -30] [-14, -8, -10, -27] [3, 19, -18, 11] [5, 35, -9, -2]
[-14, 6, -16, -10] [3, 10, 4, -23] [6, 13, 5, 3] [-5, -1, 31, -33] [23, 27, -13, 0] [11, 30, 12, 1] [14, -17, 17, -10]
------------------------------
ALIVE
Head: (15 22)
Body: (15 22) (14 22) (14 21) (14 20) (14 19) (13 19) (12 19) 
Length: 7, 4
Vision: 3
Hungry, suplies: 1/10
Reproductive: 16, mutating: 0.25
Generation: 24274
####################################
Wall (up, right, down, left):
[8, -8, -18, -7] [10, -13, -18, -1] [2, 2, -2, -16] [13, 4, 8, 12] [-8, 15, 20, -20] [-10, 2, 13, -11] [-30, -13, -9, -7]
[4, 2, 15, -9] [9, 13, 3, 3] [-8, 8, 5, -10] [-24, 18, 2, 13] [28, 9, -5, -3] [-12, -5, 9, 11] [-20, -7, 13, -9]
[5, 1, 32, 2] [-6, 9, -3, 13] [-19, -13, 25, 2] [-51, 21, 37, 35] [-46, -24, -26, 15] [-10, -28, 8, 26] [-9, -10, -5, -12]
[0, -4, -3, -34] [10, 8, 13, -17] [7, 20, 8, -91] [0, 0, 0, 0] [25, -77, 14, 11] [23, -2, -13, 11] [3, -5, 4, 3]
[-29, -17, -4, -19] [9, 22, -1, 7] [-1, 18, -18, -11] [13, 8, -55, 17] [-5, -2, -17, 36] [3, 17, -14, 8] [-20, -26, 15, -4]
[14, 22, -1, 16] [0, 2, -10, -20] [10, 5, 15, -2] [-1, -4, -23, 8] [13, 22, -3, 15] [36, -7, -5, 0] [24, 7, -4, 8]
[-7, -16, -17, -15] [16, -6, -5, 1] [-4, -9, 11, -8] [-10, 16, -16, -4] [23, 20, 0, 0] [18, -7, -22, 13] [1, -7, 1, 2]
Food (up, right, down, left):
[33, -1, 0, 20] [-9, 7, -8, -23] [16, -6, -21, -3] [-12, 2, 33, 6] [-1, 5, -2, 13] [4, -20, 5, -1] [-19, 22, 2, -27]
[-34, -8, -15, -24] [1, -4, -7, 1] [-4, 18, 0, 16] [-15, 19, -21, 22] [3, 5, 1, -36] [23, -7, -19, 20] [7, -15, -3, 10]
[-16, 14, 2, -26] [-14, -2, 3, 15] [-35, -32, -17, 9] [26, -18, 5, -15] [-11, -14, -5, -18] [2, -6, -25, -24] [6, 15, 9, 20]
[5, -7, 13, 30] [-36, -3, -31, 22] [-6, 7, -17, -18] [0, 0, 0, 0] [-34, 28, -18, -1] [-21, 15, -22, 8] [2, 13, -4, -1]
[6, 14, -6, 18] [-1, 9, 7, 7] [15, -8, 26, -1] [-9, -16, 17, -10] [-4, -13, 17, -32] [-9, 28, 21, 14] [14, 11, -2, -41]
[11, -10, 1, -17] [9, 0, 26, 16] [4, 9, 1, 20] [-13, -21, 8, -30] [-14, -8, -10, -23] [3, 19, -18, 11] [5, 35, -9, -2]
[-14, 6, -16, -10] [3, 10, 4, -23] [6, 13, 5, 3] [-5, -1, 31, -33] [23, 27, -13, 0] [11, 30, 12, 1] [14, -17, 14, -10]
------------------------------
ALIVE
Head: (17 15)
Body: (17 15) (16 15) (15 15) (15 14) (15 13) (15 12) (15 11) (15 10) (14 10) (14 9) 
Length: 10, 4
Vision: 3
Hungry, suplies: 8/10
Reproductive: 16, mutating: 0.25
Generation: 24278
####################################
Wall (up, right, down, left):
[8, -8, -18, -7] [10, -13, -18, -1] [2, 1, -2, -16] [13, 4, 8, 12] [-8, 13, 20, -20] [-10, 2, 13, -11] [-30, -13, -9, -7]
[4, 2, 15, -9] [9, 13, 3, 3] [-8, 8, 5, -10] [-24, 18, 2, 13] [28, 9, -5, -3] [-12, -5, 9, 11] [-22, -7, 13, -8]
[3, 1, 32, 2] [-6, 9, -3, 13] [-19, -13, 25, 0] [-51, 21, 37, 35] [-46, -24, -26, 15] [-10, -28, 8, 26] [-9, -10, -5, -12]
[0, -4, -3, -34] [7, 8, 13, -17] [3, 20, 8, -91] [0, 0, 0, 0] [25, -77, 14, 11] [23, -2, -13, 11] [3, -5, 4, 3]
[-29, -17, -4, -19] [9, 21, -1, 7] [-1, 18, -18, -7] [13, 8, -55, 17] [-5, -2, -17, 36] [3, 17, -14, 8] [-20, -26, 15, 0]
[14, 22, -1, 16] [0, 2, -10, -20] [10, 5, 15, -2] [-1, -4, -23, 8] [13, 22, -3, 15] [36, -7, -5, 0] [24, 7, -4, 8]
[-7, -16, -17, -15] [12, -6, -5, 1] [-4, -7, 11, -8] [-10, 16, -16, -4] [23, 20, 0, 0] [18, -7, -22, 13] [4, -7, 1, 2]
Food (up, right, down, left):
[33, -1, 0, 20] [-9, 7, -8, -23] [16, -2, -21, 1] [-12, 2, 33, 6] [-5, 3, -2, 13] [4, -20, 5, -1] [-19, 22, 2, -27]
[-34, -8, -15, -24] [1, -4, -7, 1] [-4, 18, 0, 16] [-15, 19, -21, 22] [3, 5, 1, -36] [23, -7, -19, 20] [5, -14, -3, 10]
[-16, 14, 2, -26] [-14, -2, 3, 15] [-35, -32, -14, 9] [26, -18, 5, -15] [-11, -14, -5, -18] [2, -6, -25, -24] [6, 15, 9, 20]
[5, -7, 13, 30] [-36, -3, -31, 22] [-6, 7, -16, -18] [0, 0, 0, 0] [-34, 28, -18, -1] [-21, 15, -22, 8] [2, 13, -4, -1]
[6, 14, -6, 18] [-1, 9, 8, 7] [15, -8, 26, -1] [-9, -16, 17, -10] [-4, -13, 17, -32] [-9, 28, 21, 14] [14, 12, -2, -41]
[11, -10, 1, -17] [9, 0, 26, 16] [4, 9, 1, 20] [-13, -21, 8, -30] [-14, -8, -10, -23] [3, 19, -18, 11] [5, 35, -9, -2]
[-14, 6, -16, -10] [3, 10, 4, -23] [6, 13, 7, 3] [-5, -1, 31, -33] [23, 27, -13, 0] [11, 30, 12, 1] [14, -17, 17, -10]
------------------------------
ALIVE
Head: (7 24)
Body: (7 24) (6 24) (6 25) (6 26) (6 27) (7 27) (7 28) (7 29) (6 29) (5 29) (5 28) (5 27) 
Length: 12, 4
Vision: 3
Hungry, suplies: 6/10
Reproductive: 16, mutating: 0.25
Generation: 24275
####################################
Wall (up, right, down, left):
[8, -8, -18, -7] [10, -13, -18, -1] [2, 1, -2, -16] [13, 4, 8, 12] [-8, 15, 20, -20] [-10, 2, 13, -11] [-30, -13, -9, -7]
[4, 2, 15, -9] [9, 13, 3, 3] [-8, 8, 5, -10] [-24, 18, 2, 13] [28, 9, -5, -3] [-12, -5, 9, 11] [-22, -7, 13, -8]
[3, 1, 32, 2] [-6, 9, -3, 13] [-19, -13, 25, 0] [-51, 21, 37, 35] [-46, -24, -26, 15] [-10, -28, 8, 26] [-9, -10, -5, -12]
[0, -4, -3, -34] [7, 8, 13, -17] [3, 20, 8, -91] [0, 0, 0, 0] [25, -77, 14, 11] [23, -2, -13, 11] [3, -5, 4, 3]
[-29, -17, -4, -19] [9, 21, -1, 7] [-1, 18, -18, -7] [13, 8, -55, 17] [-5, -2, -17, 36] [3, 17, -14, 8] [-20, -26, 15, 0]
[14, 22, -1, 16] [0, 2, -10, -20] [10, 5, 15, -2] [-1, -4, -23, 8] [13, 22, -3, 15] [36, -3, -5, 0] [24, 7, -4, 8]
[-7, -16, -17, -15] [12, -6, -5, 1] [-4, -7, 11, -8] [-10, 16, -16, -4] [23, 20, 0, 0] [18, -7, -22, 13] [4, -7, 1, 2]
Food (up, right, down, left):
[33, -1, 0, 20] [-9, 7, -8, -23] [16, -2, -21, 1] [-12, 2, 33, 6] [-1, 5, -2, 13] [4, -20, 5, -1] [-19, 22, 2, -27]
[-34, -8, -15, -24] [1, -4, -7, 1] [-4, 18, 0, 16] [-15, 19, -21, 22] [3, 5, 1, -36] [23, -7, -19, 20] [5, -14, -3, 10]
[-16, 14, 2, -26] [-14, -2, 3, 15] [-35, -32, -14, 9] [26, -18, 5, -15] [-11, -14, -5, -18] [2, -6, -25, -24] [6, 15, 9, 20]
[5, -7, 13, 30] [-36, -3, -31, 22] [-6, 7, -16, -18] [0, 0, 0, 0] [-34, 28, -18, -1] [-21, 15, -22, 8] [2, 13, -4, -1]
[6, 14, -6, 18] [-1, 9, 8, 7] [15, -8, 26, -1] [-9, -16, 17, -10] [-4, -13, 17, -32] [-9, 28, 21, 14] [14, 12, -2, -41]
[11, -10, 1, -17] [9, 0, 26, 16] [4, 9, 1, 20] [-13, -21, 8, -30] [-14, -8, -10, -23] [7, 19, -18, 11] [5, 35, -9, -2]
[-14, 6, -16, -10] [3, 10, 4, -23] [6, 13, 7, 3] [-5, -1, 31, -33] [23, 27, -13, 0] [11, 30, 12, 1] [14, -17, 17, -10]
------------------------------
ALIVE
Head: (6 51)
Body: (6 51) (5 51) (5 50) (5 49) (5 48) (4 48) (4 49) (3 49) (3 50) (4 50) 
Length: 10, 4
Vision: 3
Hungry, suplies: 9/10
Reproductive: 16, mutating: 0.25
Generation: 24277
####################################
Wall (up, right, down, left):
[8, -8, -18, -7] [10, -13, -18, -1] [2, 1, -2, -16] [13, 4, 8, 12] [-8, 15, 20, -20] [-10, 2, 13, -11] [-30, -13, -9, -7]
[4, 2, 15, -9] [9, 13, 3, 3] [-8, 8, 5, -10] [-24, 18, 2, 13] [28, 9, -5, -3] [-12, -5, 9, 11] [-22, -7, 13, -8]
[3, 1, 32, 2] [-6, 9, -3, 13] [-19, -13, 25, 0] [-51, 21, 37, 35] [-46, -24, -26, 15] [-10, -28, 8, 26] [-9, -10, -5, -12]
[0, -4, -3, -34] [7, 8, 13, -17] [3, 20, 8, -91] [0, 0, 0, 0] [25, -77, 14, 11] [23, -2, -13, 11] [3, -5, 4, 3]
[-29, -17, -4, -19] [9, 21, -1, 7] [-1, 18, -18, -7] [13, 8, -55, 17] [-5, -2, -17, 36] [3, 17, -14, 8] [-20, -26, 15, 0]
[14, 22, -1, 16] [0, 2, -10, -20] [10, 5, 15, -2] [-1, -4, -23, 8] [13, 22, -3, 15] [36, -7, -5, 0] [24, 7, -4, 8]
[-7, -16, -17, -15] [12, -6, -5, 1] [-4, -7, 11, -8] [-10, 16, -16, -4] [23, 20, 0, 0] [18, -7, -22, 13] [4, -7, 1, 2]
Food (up, right, down, left):
[33, -1, 0, 20] [-9, 7, -8, -23] [16, -2, -21, 1] [-12, 2, 33, 6] [-1, 5, -2, 13] [4, -20, 5, -1] [-19, 22, 2, -27]
[-34, -8, -15, -24] [1, -4, -7, 1] [-4, 18, 0, 16] [-15, 19, -21, 22] [3, 5, 1, -36] [23, -7, -19, 20] [5, -14, -3, 10]
[-16, 14, 2, -26] [-14, -2, 3, 15] [-35, -32, -14, 9] [26, -18, 5, -15] [-11, -14, -5, -18] [2, -6, -25, -24] [6, 15, 9, 20]
[5, -7, 13, 30] [-36, -3, -31, 22] [-6, 7, -16, -18] [0, 0, 0, 0] [-34, 28, -18, -1] [-21, 15, -22, 8] [2, 13, -4, -1]
[6, 14, -6, 18] [-1, 9, 8, 7] [15, -8, 26, -1] [-9, -16, 17, -10] [-4, -13, 17, -32] [-9, 28, 21, 14] [14, 12, -2, -41]
[11, -10, 1, -17] [9, 0, 26, 16] [4, 9, 1, 20] [-13, -21, 8, -30] [-14, -8, -10, -23] [3, 19, -18, 11] [5, 35, -9, -2]
[-14, 6, -16, -10] [3, 10, 4, -23] [6, 13, 7, 3] [-5, -1, 31, -33] [23, 27, -13, 0] [11, 30, 12, 1] [14, -17, 17, -10]
------------------------------
ALIVE
Head: (13 5)
Body: (13 5) (13 4) (13 3) (13 2) (13 1) (12 1) (11 1) (11 57) 
Length: 8, 4
Vision: 3
Hungry, suplies: 4/10
Reproductive: 16, mutating: 0.25
Generation: 24274
####################################
Wall (up, right, down, left):
[8, -8, -18, -7] [10, -13, -18, -1] [2, 1, -2, -16] [13, 4, 8, 12] [-8, 15, 20, -20] [-10, 2, 13, -11] [-30, -13, -9, -7]
[4, 2, 15, -9] [9, 13, 3, 3] [-8, 8, 5, -10] [-24, 18, 2, 13] [28, 9, -5, -3] [-12, -5, 9, 11] [-22, -7, 13, -8]
[3, 1, 33, 2] [-6, 9, -3, 13] [-19, -13, 25, 0] [-51, 21, 37, 35] [-46, -24, -26, 15] [-10, -28, 8, 26] [-9, -10, -5, -12]
[0, -4, -3, -34] [7, 8, 13, -17] [7, 20, 8, -91] [0, 0, 0, 0] [25, -77, 14, 11] [23, -2, -13, 11] [3, -5, 4, 3]
[-29, -17, -4, -19] [9, 21, -1, 7] [-1, 18, -18, -7] [13, 8, -55, 17] [-5, -2, -17, 36] [3, 17, -14, 8] [-20, -26, 15, 0]
[14, 22, -1, 16] [0, 2, -10, -20] [10, 5, 15, -2] [-1, -4, -23, 8] [13, 22, -3, 15] [36, -7, -5, 0] [24, 7, -4, 8]
[-7, -16, -17, -15] [12, -6, -5, 1] [-4, -11, 11, -8] [-10, 16, -16, -4] [23, 20, 0, 0] [18, -7, -22, 13] [4, -7, 1, 2]
Food (up, right, down, left):
[33, -1, 0, 20] [-9, 7, -8, -23] [16, -2, -21, 1] [-12, 2, 33, 6] [-1, 5, -2, 13] [4, -20, 5, -1] [-19, 22, 2, -27]
[-34, -8, -15, -24] [1, -4, -7, 1] [-4, 18, 0, 16] [-15, 19, -21, 22] [3, 5, 1, -36] [23, -7, -19, 20] [5, -14, -3, 10]
[-16, 19, 2, -26] [-14, -2, 3, 15] [-35, -32, -14, 9] [26, -18, 5, -15] [-11, -14, -5, -18] [2, -6, -25, -24] [6, 15, 9, 20]
[5, -7, 13, 30] [-36, -3, -31, 22] [-6, 7, -17, -18] [0, 0, 0, 0] [-34, 28, -18, -1] [-21, 15, -22, 8] [2, 13, -4, -1]
[6, 14, -6, 18] [-1, 9, 8, 7] [15, -8, 26, -1] [-9, -16, 17, -10] [-4, -13, 17, -32] [-9, 28, 21, 14] [14, 12, -2, -41]
[11, -10, 1, -17] [9, 0, 26, 16] [4, 9, 1, 20] [-13, -21, 8, -30] [-14, -8, -10, -23] [3, 19, -18, 11] [5, 35, -9, -2]
[-14, 6, -16, -10] [3, 10, 4, -23] [6, 16, 7, 3] [-5, -1, 31, -33] [23, 27, -13, 0] [11, 30, 12, 1] [14, -17, 17, -10]
------------------------------
ALIVE
Head: (2 12)
Body: (2 12) (1 12) (0 12) (24 12) (23 12) (23 13) (22 13) (21 13) (21 12) (21 11) (20 11) (19 11) (19 10) (18 10) (17 10) 
Length: 15, 4
Vision: 3
Hungry, suplies: 10/10
Reproductive: 16, mutating: 0.25
Generation: 24273
####################################
Wall (up, right, down, left):
[8, -8, -18, -7] [10, -13, -18, -1] [2, 1, -2, -16] [13, 4, 8, 12] [-8, 15, 20, -20] [-10, 2, 13, -11] [-30, -13, -9, -7]
[4, 2, 15, -9] [9, 13, 3, 3] [-8, 8, 5, -10] [-24, 18, 2, 13] [28, 9, -5, -3] [-12, -5, 9, 11] [-22, -7, 13, -8]
[3, 1, 32, 2] [-6, 9, -3, 13] [-19, -13, 25, 0] [-51, 21, 37, 35] [-46, -24, -26, 15] [-10, -28, 8, 26] [-9, -10, -5, -12]
[0, -4, -3, -34] [7, 8, 13, -17] [3, 20, 8, -91] [0, 0, 0, 0] [25, -77, 14, 11] [23, -2, -13, 11] [3, -5, 4, 3]
[-29, -17, -4, -19] [9, 21, -1, 7] [-1, 18, -18, -7] [13, 8, -55, 17] [-5, -2, -17, 36] [3, 17, -14, 8] [-20, -26, 15, 0]
[14, 22, -1, 16] [0, 2, -10, -20] [10, 5, 15, -2] [-1, -4, -23, 8] [13, 22, -3, 15] [36, -7, -5, 0] [24, 7, -4, 8]
[-7, -16, -17, -15] [12, -6, -5, 1] [-4, -7, 11, -8] [-10, 16, -16, -4] [23, 20, 0, 0] [18, -7, -22, 13] [4, -7, 1, 2]
Food (up, right, down, left):
[33, -1, 0, 20] [-9, 7, -8, -23] [16, -2, -21, 1] [-12, 2, 33, 6] [-1, 5, -2, 13] [4, -20, 5, -1] [-19, 22, 2, -27]
[-34, -8, -15, -24] [1, -4, -7, 1] [-4, 18, 0, 16] [-15, 19, -21, 22] [3, 5, 1, -36] [23, -7, -19, 20] [5, -14, -3, 10]
[-16, 14, 2, -26] [-14, -2, 3, 15] [-35, -32, -14, 9] [26, -18, 5, -15] [-11, -14, -5, -18] [2, -6, -25, -24] [6, 15, 9, 20]
[5, -7, 13, 30] [-36, -3, -31, 22] [-6, 7, -16, -18] [0, 0, 0, 0] [-34, 28, -18, -1] [-21, 15, -22, 8] [2, 13, -4, -1]
[6, 14, -6, 18] [-1, 9, 8, 7] [15, -8, 26, -1] [-9, -16, 17, -10] [-4, -13, 17, -32] [-9, 28, 21, 14] [14, 12, -2, -41]
[11, -10, 1, -17] [9, 0, 26, 16] [4, 9, 1, 20] [-13, -21, 8, -30] [-14, -8, -10, -23] [3, 19, -18, 11] [5, 35, -9, -2]
[-14, 6, -16, -10] [3, 10, 4, -23] [6, 13, 7, 3] [-5, -1, 31, -33] [23, 27, -13, 0] [11, 30, 12, 1] [14, -17, 17, -10]
------------------------------
ALIVE
Head: (5 37)
Body: (5 37) (5 36) (4 36) (3 36) (3 35) (3 34) (2 34) (2 33) (1 33) (1 32) (1 31) 
Length: 11, 4
Vision: 3
Hungry, suplies: 7/10
Reproductive: 16, mutating: 0.25
Generation: 24273
####################################
Wall (up, right, down, left):
[8, -8, -18, -7] [10, -13, -18, -1] [2, 1, -2, -16] [13, 4, 8, 12] [-8, 13, 20, -20] [-10, 2, 13, -11] [-30, -13, -9, -7]
[4, 2, 15, -9] [9, 13, 3, 3] [-8, 8, 5, -10] [-24, 18, 2, 13] [28, 9, -5, -3] [-12, -5, 9, 11] [-22, -7, 13, -8]
[3, 1, 32, 2] [-6, 9, -3, 13] [-19, -13, 25, 0] [-51, 21, 37, 35] [-46, -24, -26, 15] [-10, -28, 8, 26] [-9, -10, -5, -12]
[0, -4, -3, -34] [7, 8, 13, -17] [3, 20, 8, -91] [0, 0, 0, 0] [20, -77, 14, 11] [23, -2, -13, 11] [3, -5, 4, 3]
[-29, -17, -4, -19] [9, 21, -1, 7] [-1, 18, -18, -7] [13, 8, -55, 17] [-5, -2, -17, 36] [3, 17, -14, 8] [-20, -26, 15, 0]
[14, 22, -1, 16] [0, 2, -10, -20] [10, 5, 15, -2] [-1, -4, -23, 8] [13, 22, -3, 15] [36, -7, -5, 0] [24, 7, -4, 8]
[-7, -16, -17, -15] [12, -6, -5, 1] [-4, -7, 11, -8] [-10, 16, -16, -4] [23, 20, 0, 0] [18, -7, -22, 13] [4, -7, 1, 2]
Food (up, right, down, left):
[33, -1, 0, 20] [-9, 7, -8, -23] [16, -2, -21, 1] [-12, 2, 33, 6] [-1, 3, -2, 13] [4, -20, 5, -1] [-19, 22, 2, -27]
[-34, -8, -15, -24] [1, -4, -7, 1] [-4, 18, 0, 16] [-15, 19, -21, 22] [3, 5, 1, -36] [23, -7, -19, 20] [5, -14, -3, 10]
[-16, 14, 2, -26] [-14, -2, 3, 15] [-35, -32, -14, 9] [26, -18, 5, -15] [-11, -14, -5, -18] [2, -6, -25, -24] [6, 15, 9, 20]
[5, -7, 13, 30] [-36, -3, -31, 22] [-6, 7, -16, -18] [0, 0, 0, 0] [-34, 28, -14, -1] [-21, 15, -22, 8] [2, 13, -4, -1]
[6, 14, -6, 18] [-1, 9, 8, 7] [15, -8, 26, -1] [-9, -16, 17, -10] [-4, -13, 17, -32] [-9, 28, 21, 14] [14, 12, -2, -41]
[11, -10, 1, -17] [9, 0, 26, 16] [4, 9, 1, 20] [-13, -21, 8, -30] [-14, -8, -10, -23] [3, 19, -18, 11] [5, 35, -9, -2]
[-14, 6, -16, -10] [3, 10, 4, -23] [6, 13, 7, 3] [-5, -1, 31, -33] [23, 27, -13, 0] [11, 30, 12, 1] [14, -17, 17, -10]
------------------------------
ALIVE
Head: (20 37)
Body: (20 37) (19 37) (19 36) (18 36) (18 35) (18 34) (19 34) (19 33) (18 33) (17 33) (16 33) (16 32) 
Length: 12, 4
Vision: 3
Hungry, suplies: 3/10
Reproductive: 16, mutating: 0.25
Generation: 24274
####################################
Wall (up, right, down, left):
[8, -8, -18, -7] [10, -13, -18, -1] [2, 2, -2, -16] [13, 4, 8, 12] [-8, 15, 20, -20] [-10, 2, 13, -11] [-30, -13, -9, -7]
[4, 2, 15, -9] [9, 13, 3, 3] [-8, 8, 5, -10] [-24, 18, 2, 13] [28, 9, -5, -3] [-12, -5, 9, 11] [-20, -7, 13, -9]
[5, 1, 32, 2] [-6, 9, -3, 13] [-19, -13, 25, 2] [-51, 21, 37, 35] [-46, -24, -26, 15] [-10, -28, 8, 26] [-9, -10, -5, -12]
[0, -4, -3, -34] [10, 8, 13, -17] [7, 20, 8, -91] [0, 0, 0, 0] [25, -77, 14, 11] [23, -2, -13, 11] [3, -5, 4, 3]
[-29, -17, -4, -19] [9, 22, -1, 7] [-1, 18, -18, -11] [13, 8, -55, 17] [-5, -2, -17, 36] [3, 17, -14, 8] [-20, -26, 15, -4]
[14, 22, -1, 16] [0, 2, -10, -20] [10, 5, 15, -2] [-1, -4, -23, 8] [13, 22, -3, 15] [36, -7, -5, 0] [24, 7, -4, 8]
[-7, -16, -17, -15] [16, -6, -5, 1] [-4, -9, 11, -8] [-10, 16, -16, -4] [23, 20, 0, 0] [18, -7, -22, 13] [1, -7, 1, 2]
Food (up, right, down, left):
[33, -1, 0, 20] [-9, 7, -8, -23] [16, -2, -21, -3] [-12, 2, 33, 6] [-1, 5, -2, 13] [4, -20, 5, -1] [-19, 22, 2, -27]
[-34, -8, -15, -24] [1, -4, -7, 1] [-4, 18, 0, 16] [-15, 19, -21, 22] [3, 5, 1, -36] [23, -7, -19, 20] [7, -15, -3, 10]
[-16, 14, 2, -26] [-14, -2, 3, 15] [-35, -32, -17, 9] [26, -18, 5, -15] [-11, -14, -5, -18] [2, -6, -25, -24] [6, 15, 9, 20]
[5, -7, 13, 30] [-36, -3, -31, 22] [-6, 7, -17, -18] [0, 0, 0, 0] [-34, 28, -18, -1] [-21, 15, -22, 8] [2, 13, -4, -1]
[6, 14, -6, 18] [-1, 9, 7, 7] [15, -8, 26, -1] [-9, -16, 17, -10] [-4, -13, 17, -32] [-9, 28, 21, 14] [14, 11, -2, -41]
[11, -10, 1, -17] [9, 0, 26, 16] [4, 9, 1, 20] [-13, -21, 8, -30] [-14, -8, -10, -23] [3, 19, -18, 11] [5, 35, -9, -2]
[-14, 6, -16, -10] [3, 10, 4, -23] [6, 13, 5, 3] [-5, -1, 31, -33] [23, 27, -13, 0] [11, 30, 12, 1] [14, -17, 14, -10]
------------------------------
ALIVE
Head: (22 46)
Body: (22 46) (21 46) (21 45) (22 45) (22 44) (22 43) (21 43) (20 43) (19 43) (19 42) (20 42) (20 41) (20 40) (19 40) 
Length: 14, 4
Vision: 3
Hungry, suplies: 8/10
Reproductive: 16, mutating: 0.25
Generation: 24276
####################################
Wall (up, right, down, left):
[8, -8, -18, -7] [10, -13, -18, -1] [5, 1, -2, -16] [13, 4, 8, 12] [-8, 15, 20, -20] [-10, 2, 13, -11] [-30, -13, -9, -7]
[4, 2, 15, -9] [9, 13, 3, 3] [-8, 8, 5, -10] [-24, 18, 2, 13] [28, 9, -5, -3] [-12, -5, 9, 11] [-22, -7, 13, -8]
[3, 1, 32, 2] [-6, 9, -3, 13] [-19, -13, 25, 0] [-51, 21, 37, 35] [-46, -24, -26, 15] [-10, -28, 8, 26] [-9, -10, -5, -12]
[0, -4, -3, -34] [7, 8, 13, -17] [3, 20, 8, -91] [0, 0, 0, 0] [25, -77, 14, 11] [23, -2, -13, 11] [3, -5, 4, 3]
[-29, -17, -4, -19] [9, 21, -1, 7] [-1, 18, -18, -7] [13, 8, -55, 17] [-5, -2, -17, 36] [3, 17, -14, 8] [-20, -26, 15, 0]
[14, 22, -1, 16] [0, 2, -10, -20] [10, 5, 15, -2] [-5, -4, -23, 8] [13, 22, -3, 15] [36, -7, -5, 0] [24, 7, -4, 8]
[-7, -16, -17, -15] [12, -6, -5, 1] [-4, -7, 11, -8] [-10, 16, -16, -4] [23, 20, 0, 0] [18, -7, -22, 13] [4, -7, 1, 2]
Food (up, right, down, left):
[33, -1, 0, 20] [-9, 7, -8, -23] [16, -4, -21, 1] [-12, 2, 33, 6] [-1, 5, -2, 13] [4, -20, 5, -1] [-19, 22, 2, -27]
[-34, -8, -15, -24] [1, -4, -7, 1] [-4, 18, 0, 16] [-15, 19, -21, 22] [3, 5, 1, -36] [23, -7, -19, 20] [5, -14, -3, 10]
[-16, 14, 2, -26] [-14, -2, 3, 15] [-35, -32, -14, 9] [26, -18, 5, -15] [-11, -14, -5, -18] [2, -6, -25, -24] [6, 15, 9, 20]
[5, -7, 13, 30] [-36, -3, -31, 22] [-6, 7, -16, -18] [0, 0, 0, 0] [-34, 28, -18, -1] [-21, 15, -22, 8] [2, 13, -4, -1]
[6, 14, -6, 18] [-1, 9, 8, 7] [15, -8, 26, -1] [-9, -16, 17, -10] [-4, -13, 17, -32] [-9, 28, 21, 14] [14, 12, -2, -41]
[11, -10, 1, -17] [9, 0, 26, 16] [4, 9, 1, 20] [-14, -21, 8, -30] [-14, -8, -10, -23] [3, 19, -18, 11] [5, 35, -9, -2]
[-14, 6, -16, -10] [3, 10, 4, -21] [6, 13, 7, 3] [-5, -1, 31, -33] [23, 27, -13, 0] [11, 30, 12, 1] [14, -17, 17, -10]
------------------------------
ALIVE
Head: (0 54)
Body: (0 54) (0 53) (0 52) (0 51) (0 50) (0 49) (1 49) (2 49) (2 48) (1 48) 
Length: 10, 4
Vision: 3
Hungry, suplies: 10/10
Reproductive: 16, mutating: 0.25
Generation: 24275
####################################
Wall (up, right, down, left):
[8, -8, -18, -7] [10, -13, -18, -1] [2, 1, -2, -16] [13, 4, 8, 12] [-8, 15, 20, -20] [-10, 2, 13, -11] [-30, -13, -9, -7]
[4, 2, 15, -9] [9, 13, 3, 3] [-8, 8, 5, -10] [-24, 18, 2, 13] [28, 9, -5, -3] [-12, -4, 9, 11] [-22, -7, 13, -8]
[3, 1, 33, 2] [-6, 9, -3, 13] [-19, -13, 25, 0] [-51, 21, 37, 35] [-46, -24, -23, 15] [-10, -28, 8, 26] [-9, -10, -5, -12]
[0, -4, -3, -34] [7, 8, 13, -17] [7, 20, 8, -91] [0, 0, 0, 0] [25, -77, 14, 11] [23, -2, -13, 11] [3, -5, 4, 3]
[-29, -17, -4, -19] [9, 21, -1, 7] [-1, 18, -18, -7] [13, 8, -55, 17] [-5, -2, -17, 36] [3, 17, -14, 8] [-20, -26, 15, 0]
[14, 22, -1, 16] [0, 2, -10, -20] [10, 5, 15, -2] [-1, -4, -23, 8] [13, 22, -3, 15] [36, -7, -5, 0] [24, 7, -4, 8]
[-7, -16, -17, -15] [12, -6, -5, 1] [-4, -7, 11, -8] [-10, 16, -16, -4] [23, 20, 0, 0] [18, -7, -22, 13] [4, -7, 1, -1]
Food (up, right, down, left):
[33, -1, 0, 20] [-9, 7, -8, -23] [16, -2, -21, 1] [-12, 2, 33, 6] [-1, 5, -2, 13] [4, -20, 5, -1] [-19, 22, 2, -27]
[-34, -8, -15, -24] [1, -4, -7, 1] [-4, 18, 0, 16] [-15, 19, -21, 22] [3, 5, 1, -36] [20, -7, -19, 20] [5, -14, -3, 10]
[-16, 19, 2, -26] [-14, -2, 3, 15] [-35, -32, -14, 9] [26, -18, 5, -15] [-13, -14, -5, -18] [2, -6, -25, -24] [6, 15, 9, 20]
[5, -7, 13, 30] [-36, -3, -31, 22] [-6, 7, -17, -18] [0, 0, 0, 0] [-34, 28, -18, -1] [-21, 15, -22, 8] [2, 13, -4, -1]
[6, 14, -6, 18] [-1, 9, 8, 7] [15, -8, 26, -1] [-9, -16, 17, -10] [-4, -13, 17, -32] [-9, 28, 21, 14] [14, 12, -2, -41]
[11, -10, 1, -17] [9, 0, 26, 16] [4, 9, 1, 20] [-13, -21, 8, -30] [-14, -8, -10, -23] [3, 19, -18, 11] [5, 35, -9, -2]
[-14, 6, -16, -10] [3, 10, 4, -23] [6, 13, 7, 3] [-5, -1, 31, -33] [23, 27, -13, 0] [11, 30, 12, 1] [14, -17, 18, -10]
------------------------------
ALIVE
Head: (3 6)
Body: (3 6) (3 5) (4 5) (4 4) (4 3) (3 3) (2 3) (1 3) 
Length: 8, 4
Vision: 3
Hungry, suplies: 8/10
Reproductive: 16, mutating: 0.25
Generation: 24278
####################################
Wall (up, right, down, left):
[8, -8, -18, -7] [10, -13, -18, -1] [2, 1, -2, -16] [13, 4, 8, 12] [-8, 15, 20, -20] [-10, 2, 13, -11] [-30, -13, -9, -7]
[4, 2, 15, -9] [9, 13, 3, 3] [-8, 8, 5, -10] [-24, 18, 2, 13] [28, 9, -5, -3] [-12, -4, 9, 11] [-22, -7, 13, -8]
[3, 1, 33, 2] [-6, 9, -3, 13] [-19, -13, 25, 0] [-51, 21, 37, 35] [-46, -24, -26, 15] [-10, -28, 8, 26] [-9, -10, -5, -12]
[0, -4, -3, -34] [7, 8, 13, -17] [7, 20, 8, -91] [0, 0, 0, 0] [25, -77, 14, 11] [23, -2, -13, 11] [3, -5, 4, 3]
[-29, -17, -4, -19] [9, 21, -1, 7] [-1, 18, -18, -7] [13, 8, -55, 17] [-5, -2, -17, 36] [3, 17, -14, 8] [-20, -26, 15, 0]
[14, 22, -1, 16] [0, 2, -10, -20] [10, 5, 15, -2] [-1, -4, -23, 8] [13, 22, -3, 15] [36, -7, -5, 0] [24, 7, -4, 8]
[-7, -16, -17, -15] [12, -6, -5, 1] [-4, -7, 11, -8] [-10, 16, -16, -4] [23, 20, 0, 0] [18, -7, -22, 13] [4, -7, 1, 2]
Food (up, right, down, left):
[33, -1, 0, 20] [-9, 7, -8, -23] [16, -2, -21, 1] [-12, 2, 33, 6] [-1, 5, -2, 13] [4, -20, 5, -1] [-19, 22, 2, -27]
[-34, -8, -15, -24] [1, -4, -7, 1] [-4, 18, 0, 16] [-15, 19, -21, 22] [3, 5, 1, -36] [20, -7, -19, 20] [5, -14, -3, 10]
[-16, 19, 2, -26] [-14, -2, 3, 15] [-35, -32, -14, 9] [26, -18, 5, -15] [-11, -14, -5, -18] [2, -6, -25, -24] [6, 15, 9, 20]
[5, -7, 13, 30] [-36, -3, -31, 22] [-6, 7, -17, -18] [0, 0, 0, 0] [-34, 28, -18, -1] [-21, 15, -22, 8] [2, 13, -4, -1]
[6, 14, -6, 18] [-1, 9, 8, 7] [15, -8, 26, -1] [-9, -16, 17, -10] [-4, -13, 17, -32] [-9, 28, 21, 14] [14, 12, -2, -41]
[11, -10, 1, -17] [9, 0, 26, 16] [4, 9, 1, 20] [-13, -21, 8, -30] [-14, -8, -10, -23] [3, 19, -18, 11] [5, 35, -9, -2]
[-14, 6, -16, -10] [3, 10, 4, -23] [6, 13, 7, 3] [-5, -1, 31, -33] [23, 27, -13, 0] [11, 30, 12, 1] [14, -17, 17, -10]
------------------------------
ALIVE
Head: (17 26)
Body: (17 26) (17 25) (18 25) (18 24) (19 24) (20 24) (21 24) (22 24) (22 25) 
Length: 9, 4
Vision: 3
Hungry, suplies: 1/10
Reproductive: 16, mutating: 0.25
Generation: 24275
####################################
Wall (up, right, down, left):
[8, -8, -18, -7] [10, -13, -18, -1] [2, 1, -2, -16] [13, 4, 8, 12] [-8, 15, 20, -20] [-10, 2, 13, -11] [-30, -13, -9, -7]
[4, 2, 15, -9] [9, 13, 3, 3] [-8, 8, 5, -10] [-24, 18, 2, 13] [28, 9, -5, -3] [-12, -5, 9, 11] [-22, -7, 13, -8]
[3, 1, 32, 2] [-6, 9, -3, 13] [-19, -13, 25, 0] [-51, 21, 37, 35] [-46, -24, -26, 15] [-10, -28, 8, 26] [-9, -10, -5, -12]
[0, -4, -3, -34] [7, 8, 13, -17] [3, 20, 8, -91] [0, 0, 0, 0] [25, -77, 14, 11] [23, -2, -13, 11] [3, -5, 4, 3]
[-29, -17, -4, -19] [9, 21, -1, 7] [-1, 18, -18, -7] [13, 8, -55, 17] [-5, -2, -17, 36] [3, 17, -14, 8] [-20, -26, 15, 0]
[14, 22, -1, 16] [0, 2, -10, -20] [10, 5, 15, -2] [-1, -4, -23, 8] [13, 22, -3, 15] [36, -7, -5, 0] [24, 7, -4, 8]
[-7, -16, -17, -15] [12, -6, -5, 1] [-4, -7, 11, -8] [-10, 16, -16, -4] [23, 20, 0, 0] [18, -7, -22, 13] [4, -7, 1, 2]
Food (up, right, down, left):
[33, -1, 0, 20] [-9, 7, -8, -23] [16, -2, -21, 1] [-12, 2, 33, 6] [-1, 5, -2, 13] [4, -20, 5, -1] [-19, 22, 2, -27]
[-34, -8, -15, -24] [1, -4, -7, 1] [-4, 18, 0, 16] [-15, 19, -21, 22] [3, 5, 1, -36] [23, -7, -19, 20] [5, -14, -3, 10]
[-16, 14, 2, -26] [-14, -2, 3, 15] [-35, -32, -14, 9] [26, -18, 5, -15] [-11, -14, -5, -18] [2, -6, -25, -24] [6, 15, 9, 20]
[5, -7, 13, 30] [-36, -3, -31, 22] [-6, 7, -16, -18] [0, 0, 0, 0] [-34, 28, -18, -1] [-21, 15, -22, 8] [2, 13, -4, -1]
[6, 14, -6, 18] [-1, 9, 8, 7] [15, -8, 26, -1] [-9, -16, 17, -10] [-4, -13, 17, -32] [-9, 28, 21, 14] [14, 12, -2, -41]
[11, -10, 1, -17] [9, 0, 26, 16] [4, 9, 1, 20] [-13, -21, 8, -30] [-14, -8, -10, -23] [3, 19, -18, 11] [5, 35, -9, -2]
[-14, 6, -16, -10] [3, 10, 4, -23] [6, 13, 7, 3] [-5, -1, 31, -33] [23, 27, -13, 0] [11, 30, 12, 1] [14, -17, 17, -10]
------------------------------
ALIVE
Head: (22 19)
Body: (22 19) (23 19) (23 20) (24 20) (-1 21) (0 21) (0 20) (1 20) 
Length: 8, 4
Vision: 3
Hungry, suplies: 1/10
Reproductive: 16, mutating: 0.25
Generation: 24274
####################################
Wall (up, right, down, left):
[8, -8, -18, -7] [10, -13, -18, -1] [2, 1, -2, -16] [13, 4, 8, 12] [-8, 15, 20, -20] [-10, 2, 13, -11] [-30, -13, -9, -7]
[4, 2, 15, -9] [9, 13, 3, 3] [-8, 8, 5, -10] [-24, 18, 2, 13] [28, 9, -5, -3] [-12, -4, 9, 11] [-22, -7, 13, -8]
[3, 1, 33, 2] [-6, 9, -3, 13] [-19, -13, 25, 0] [-51, 21, 37, 35] [-46, -24, -26, 15] [-10, -28, 8, 26] [-9, -10, -5, -12]
[0, -4, -3, -34] [7, 8, 13, -17] [7, 20, 8, -91] [0, 0, 0, 0] [25, -77, 14, 11] [23, -2, -13, 11] [3, -5, 4, 3]
[-29, -17, -4, -19] [9, 21, -1, 7] [-1, 18, -18, -7] [13, 8, -55, 17] [-5, -2, -17, 36] [3, 17, -14, 8] [-20, -26, 15, 0]
[14, 22, -1, 16] [0, 2, -10, -20] [10, 5, 15, -2] [-1, -4, -23, 8] [13, 22, -3, 15] [36, -7, -5, 0] [24, 7, -4, 8]
[-7, -16, -16, -15] [12, -6, -5, 1] [-4, -7, 11, -8] [-10, 16, -16, -4] [23, 20, 0, 0] [18, -7, -22, 13] [4, -7, 1, 2]
Food (up, right, down, left):
[33, -1, 0, 20] [-9, 7, -8, -23] [16, -2, -21, 1] [-12, 2, 33, 6] [-1, 5, -2, 13] [4, -20, 5, -1] [-19, 22, 2, -27]
[-34, -8, -15, -24] [1, -4, -7, 1] [-4, 18, 0, 16] [-15, 19, -21, 22] [3, 5, 1, -36] [20, -7, -19, 20] [5, -14, -3, 10]
[-16, 19, 2, -26] [-14, -2, 3, 15] [-35, -32, -14, 9] [26, -18, 5, -15] [-11, -14, -5, -18] [2, -6, -25, -24] [6, 15, 9, 20]
[5, -7, 13, 30] [-36, -3, -31, 22] [-6, 7, -17, -18] [0, 0, 0, 0] [-34, 28, -18, -1] [-21, 15, -22, 8] [2, 13, -4, -1]
[6, 14, -6, 18] [-1, 9, 8, 7] [15, -8, 26, -1] [-9, -16, 17, -10] [-4, -13, 17, -32] [-9, 28, 21, 14] [14, 12, -2, -41]
[11, -10, 1, -17] [9, 0, 26, 16] [4, 9, 1, 20] [-13, -21, 8, -30] [-14, -8, -10, -23] [3, 19, -18, 11] [5, 35, -9, -2]
[-14, 6, -14, -10] [3, 10, 4, -23] [6, 13, 7, 3] [-5, -1, 31, -33] [23, 27, -13, 0] [11, 30, 12, 1] [14, -17, 17, -10]
------------------------------
ALIVE
Head: (17 52)
Body: (17 52) (17 51) (17 50) (17 49) (16 49) (15 49) (15 48) (14 48) (13 48) 
Length: 9, 4
Vision: 3
Hungry, suplies: 8/10
Reproductive: 16, mutating: 0.25
Generation: 24274
####################################
Wall (up, right, down, left):
[8, -8, -18, -7] [10, -13, -18, -1] [2, 1, -2, -16] [13, 4, 8, 12] [-8, 15, 20, -20] [-10, 2, 13, -11] [-30, -13, -9, -7]
[4, 2, 15, -9] [9, 13, 3, 3] [-8, 8, 5, -10] [-24, 18, 2, 13] [28, 9, -5, -3] [-12, -5, 9, 11] [-22, -7, 13, -8]
[3, 1, 32, 2] [-6, 9, -3, 13] [-19, -13, 25, 0] [-51, 21, 37, 35] [-46, -24, -26, 15] [-10, -28, 8, 26] [-9, -10, -5, -12]
[0, -4, -3, -34] [7, 8, 13, -17] [3, 20, 8, -91] [0, 0, 0, 0] [25, -77, 14, 11] [23, -2, -13, 11] [3, -5, 4, 3]
[-29, -17, -4, -19] [9, 21, -1, 7] [-1, 18, -18, -7] [13, 8, -55, 17] [-5, -2, -17, 36] [3, 17, -14, 8] [-20, -26, 15, 0]
[14, 22, -1, 16] [0, 2, -10, -20] [10, 5, 15, -2] [-1, -4, -23, 8] [13, 22, -3, 15] [36, -7, -5, 0] [24, 7, -4, 8]
[-7, -16, -17, -15] [12, -6, -5, 1] [-4, -7, 11, -8] [-10, 16, -16, -4] [23, 20, 0, 0] [18, -7, -22, 13] [4, -7, 1, 2]
Food (up, right, down, left):
[33, -1, 0, 20] [-9, 7, -8, -23] [16, -2, -21, 1] [-12, 2, 33, 6] [-1, 5, -2, 13] [4, -20, 5, -1] [-19, 22, 2, -27]
[-34, -8, -15, -24] [1, -4, -7, 1] [-4, 18, 0, 16] [-15, 19, -21, 22] [3, 5, 1, -36] [23, -7, -19, 20] [5, -14, -3, 10]
[-16, 14, 2, -26] [-14, -2, 3, 15] [-35, -32, -14, 9] [26, -18, 5, -15] [-11, -14, -5, -18] [2, -6, -25, -24] [6, 15, 9, 20]
[5, -7, 13, 30] [-36, -3, -31, 22] [-6, 7, -16, -18] [0, 0, 0, 0] [-34, 28, -18, -1] [-21, 15, -22, 8] [2, 13, -4, -1]
[6, 14, -6, 18] [-1, 9, 8, 7] [15, -8, 26, -1] [-9, -16, 17, -10] [-4, -13, 17, -32] [-9, 28, 21, 14] [14, 12, -2, -41]
[11, -10, 1, -17] [9, 0, 26, 16] [4, 9, 1, 20] [-13, -21, 8, -30] [-14, -8, -10, -23] [3, 19, -18, 11] [5, 35, -9, -2]
[-14, 6, -16, -10] [3, 10, 4, -23] [6, 13, 7, 3] [-5, -1, 31, -33] [23, 27, -13, 0] [11, 30, 12, 1] [14, -17, 17, -10]
------------------------------
ALIVE
Head: (11 30)
Body: (11 30) (10 30) (9 30) (8 30) (7 30) (6 30) (6 31) (5 31) (5 32) (4 32) 
Length: 10, 4
Vision: 3
Hungry, suplies: 6/10
Reproductive: 16, mutating: 0.25
Generation: 24273
####################################
Wall (up, right, down, left):
[8, -8, -18, -7] [10, -13, -18, -1] [2, 1, -2, -16] [13, 4, 8, 12] [-8, 13, 20, -20] [-10, 2, 13, -11] [-30, -13, -9, -7]
[4, 2, 15, -9] [9, 13, 3, 3] [-8, 8, 5, -10] [-24, 18, 2, 13] [28, 9, -5, -3] [-12, -5, 9, 11] [-22, -7, 13, -8]
[3, 1, 32, 2] [-6, 9, -3, 13] [-19, -13, 25, 0] [-51, 21, 37, 35] [-46, -24, -26, 15] [-10, -28, 8, 26] [-9, -10, -5, -12]
[0, -4, -3, -34] [7, 8, 13, -17] [3, 20, 8, -91] [0, 0, 0, 0] [25, -77, 14, 11] [23, -2, -13, 11] [3, -5, 4, 3]
[-29, -17, -4, -19] [9, 21, -1, 7] [-1, 18, -18, -7] [13, 8, -55, 17] [-5, -2, -17, 36] [3, 17, -14, 8] [-20, -26, 15, 0]
[14, 22, -1, 16] [0, 2, -10, -20] [10, 5, 15, -2] [-1, -4, -23, 8] [13, 22, -3, 15] [36, -7, -5, 0] [24, 7, -4, 8]
[-7, -16, -17, -15] [12, -6, -5, 1] [-4, -7, 11, -8] [-10, 16, -16, -4] [23, 20, 0, 0] [18, -7, -22, 13] [4, -7, 1, 2]
Food (up, right, down, left):
[33, -1, 0, 20] [-9, 7, -8, -23] [16, -2, -21, 1] [-12, 2, 33, 6] [-1, 3, -2, 13] [4, -20, 5, -1] [-19, 22, 2, -27]
[-34, -8, -15, -24] [1, -4, -7, 1] [-4, 18, 0, 16] [-15, 19, -21, 22] [3, 5, 1, -36] [23, -7, -19, 20] [5, -14, -3, 10]
[-16, 14, 2, -26] [-14, -2, 3, 15] [-35, -32, -14, 9] [26, -18, 5, -15] [-11, -14, -5, -18] [2, -6, -25, -24] [6, 15, 9, 20]
[5, -7, 13, 30] [-36, -3, -31, 22] [-6, 7, -16, -18] [0, 0, 0, 0] [-34, 28, -18, -1] [-21, 15, -22, 8] [2, 13, -4, -1]
[6, 14, -6, 18] [-1, 9, 8, 7] [15, -8, 26, -1] [-9, -16, 17, -10] [-4, -13, 17, -32] [-9, 28, 21, 14] [14, 12, -2, -41]
[11, -10, 1, -17] [9, 0, 26, 16] [4, 9, 1, 20] [-13, -21, 8, -30] [-14, -8, -10, -23] [3, 19, -18, 11] [5, 35, -9, -2]
[-14, 6, -16, -10] [3, 10, 4, -23] [6, 13, 7, 3] [-5, -1, 31, -33] [23, 27, -13, 0] [11, 30, 12, 1] [14, -17, 17, -10]
------------------------------
ALIVE
Head: (20 32)
Body: (20 32) (20 33) (21 33) (21 34) (22 34) (23 34) (23 35) (23 36) 
Length: 8, 4
Vision: 3
Hungry, suplies: 9/10
Reproductive: 16, mutating: 0.25
Generation: 24273
####################################
