Wall (up, right, down, left):
[0, 0, 0, 0] [0, 0, 0, 0] [0, 0, 0, 0] [0, 0, 0, 0] [0, 0, -1, 0] [-3, 0, 0, 0] [0, 0, 1, 0]
[0, 0, 0, 0] [0, 0, 0, 0] [0, 0, 0, 0] [0, 0, 0, 0] [0, 0, 0, 0] [0, 0, 0, 0] [0, 0, 0, 0]
[0, 0, 0, 0] [0, 0, 0, -2] [0, 0, 0, 0] [-20, 0, 0, 0] [0, 0, 0, 4] [-4, 0, -5, 0] [0, 0, 0, 0]
[0, 0, 0, -5] [0, 0, 3, 0] [0, 0, 0, -20] [0, 0, 0, 0] [0, -20, 0, 0] [0, 0, 0, 0] [0, 0, 0, 0]
[0, 0, 0, 0] [0, 0, 0, 0] [0, 0, 0, 0] [0, 0, -20, 0] [0, 0, 0, 0] [0, 0, 0, 5] [0, 0, 0, 0]
[0, 0, 0, 0] [0, 0, 0, 0] [0, 0, 0, 0] [0, 0, 0, 0] [0, 0, -4, 0] [0, 0, 0, 0] [0, 0, 0, 0]
[0, 0, 0, 0] [0, 0, 0, 0] [0, 0, 0, 0] [0, 0, 0, 0] [0, -1, 0, 0] [0, 0, 0, 0] [0, 0, 0, 0]
Food (up, right, down, left):
[0, 0, 0, 0] [0, 0, 0, 0] [0, 0, 0, 0] [0, 0, 0, 0] [0, 5, 0, 0] [0, 0, 0, -3] [-2, 0, 0, 0]
[0, 0, 0, 0] [0, 0, 0, 0] [0, 0, 0, 0] [0, 0, 0, 0] [0, 0, 0, 0] [0, 0, 0, 0] [0, 0, 0, 0]
[0, 0, 0, 0] [0, 0, 5, 0] [0, 0, 0, 0] [20, 0, 0, 0] [0, 0, 0, 0] [0, -5, 2, 0] [0, 0, 0, 0]
[0, -3, 0, 0] [0, 0, -4, 0] [0, 0, 0, 20] [0, 0, 0, 0] [0, 20, 0, 0] [0, 0, 0, 0] [0, 0, 0, 0]
[0, 0, 0, 0] [0, 0, 0, 0] [0, 0, 0, 0] [0, 0, 20, 0] [0, 0, 0, 0] [0, 0, 0, -4] [0, 0, 0, 0]
[0, 0, 0, 0] [0, 0, 0, 0] [0, 0, 0, 0] [0, 0, 0, 0] [0, 0, 0, 3] [0, 0, 0, 0] [0, 0, 0, 0]
[0, 0, 0, 0] [0, 0, 0, 0] [0, 0, 0, 0] [0, 0, 0, 0] [0, 3, 0, 0] [0, 0, 0, 0] [0, 0, 0, 0]
------------------------------
ALIVE
Head: (23 1)
Body: (23 1) (22 1) (22 2) (21 2) (21 3) (22 3) (22 4) (22 5) (23 5) 
Length: 9, 4
Vision: 3
Hungry, suplies: 9/10
Reproductive: 16, mutating: 0.25
Generation: 51
####################################
Wall (up, right, down, left):
[0, 0, 0, 0] [0, 0, 0, 0] [0, 0, 5, 0] [0, 0, 0, 0] [0, 0, 0, 0] [0, 0, 0, 0] [0, 0, 0, 0]
[0, 0, 0, 0] [0, 0, 0, 0] [0, 0, 0, 0] [0, 0, 0, 2] [0, 0, 0, 0] [0, 0, 0, 0] [0, 0, 0, 0]
[0, 0, 0, 0] [0, 0, 0, -2] [0, 0, 0, 0] [-20, 0, 0, 0] [0, 0, 0, 0] [0, 0, 0, 0] [0, 0, 0, 0]
[0, 0, 0, -5] [0, 0, 0, 0] [0, 0, 0, -20] [0, 0, 0, 0] [0, -20, 0, 0] [0, 0, 0, 0] [0, 0, 0, 0]
[0, 0, -1, 0] [0, 0, 0, 0] [0, 0, 0, 0] [0, 0, -20, 0] [0, 0, 0, 0] [0, 0, 0, 0] [0, 0, 0, 0]
[0, 0, 0, 0] [0, 0, 0, 0] [0, 0, 0, 0] [0, 0, 0, 0] [0, 0, 0, 0] [3, 0, 0, 0] [0, 0, 0, 0]
[0, 0, 0, 0] [0, 0, 0, 0] [0, 0, 0, 0] [0, 0, 0, 0] [0, 0, 0, 0] [0, 0, 0, 0] [0, 0, 2, 0]
Food (up, right, down, left):
[0, 0, 0, 0] [0, 0, 0, 0] [-5, 0, 0, 0] [0, 0, 0, 0] [0, 0, 0, 0] [0, 0, 0, 0] [0, 0, 0, 0]
[0, 0, 0, 0] [0, 0, 0, 0] [0, 0, 0, 0] [0, 0, -1, 0] [0, 0, 0, 0] [0, 0, 0, 0] [0, 0, 0, 0]
[0, 0, 0, 0] [3, 0, 0, 0] [0, 0, 0, 0] [20, 0, 0, 0] [0, 0, 0, 0] [0, 0, 0, 0] [0, 0, 0, 0]
[0, -3, 0, 0] [0, 0, 0, 0] [0, 0, 0, 20] [0, 0, 0, 0] [0, 20, 0, 0] [0, 0, 0, 0] [0, 0, 0, 0]
[4, 0, 0, 0] [0, 0, 0, 0] [0, 0, 0, 0] [0, 0, 20, 0] [0, 0, 0, 0] [0, 0, 0, 0] [0, 0, 0, 0]
[0, 0, 0, 0] [0, 0, 0, 0] [0, 0, 0, 0] [0, 0, 0, 0] [0, 0, 0, 0] [0, 0, 0, 1] [0, 0, 0, 0]
[0, 0, 0, 0] [0, 0, 0, 0] [0, 0, 0, 0] [0, 0, 0, 0] [0, 0, 0, 0] [0, 0, 0, 0] [0, 0, 0, -4]
------------------------------
ALIVE
Head: (7 23)
Body: (7 23) (6 23) (5 23) (5 22) (4 22) (3 22) (3 23) (4 23) (4 24) (5 24) (6 24) (7 24) (8 24) 
Length: 13, 4
Vision: 3
Hungry, suplies: 3/10
Reproductive: 16, mutating: 0.25
Generation: 37
####################################
Wall (up, right, down, left):
[0, 0, 0, 0] [0, 0, 0, 0] [0, 0, 5, 0] [0, 0, 0, 0] [0, 0, 0, 0] [0, 0, 0, 0] [0, 0, 0, 0]
[0, 0, 0, 0] [0, 0, 0, 0] [0, 0, 0, 0] [0, 0, 0, 2] [0, 0, 0, 0] [0, 0, 0, 0] [0, 0, 0, 0]
[0, 0, 0, 0] [0, 0, 0, -2] [0, 0, 0, 0] [-20, 0, 0, 0] [0, 0, 0, 0] [0, 0, 0, 0] [0, 0, 0, 0]
[0, 0, 0, -5] [0, 0, 0, 0] [0, 0, 0, -20] [0, 0, 0, 0] [0, -20, 0, 0] [0, 0, 0, 0] [0, 0, 0, 0]
[0, 0, -1, 0] [0, 0, 0, 0] [0, 0, 0, 0] [0, 0, -20, 0] [0, 0, 0, 0] [0, 0, 0, 0] [0, 0, 0, 0]
[0, 0, 0, 0] [0, 0, 0, 0] [0, 0, 0, 0] [0, 0, 0, 0] [0, 0, 0, 0] [3, 0, 0, 0] [0, 0, 0, 0]
[0, 0, 0, 0] [0, 0, 0, 0] [0, 0, 0, 0] [0, 0, 0, 0] [0, 0, 0, 0] [0, 0, 0, 0] [0, 0, 2, 0]
Food (up, right, down, left):
[0, 0, 0, 0] [0, 0, 0, 0] [-5, 0, 0, 0] [0, 0, 0, 0] [0, 0, 0, 0] [0, 0, 0, 0] [0, 0, 0, 0]
[0, 0, 0, 0] [0, 0, 0, 0] [0, 0, 0, 0] [0, 0, -1, 0] [0, 0, 0, 0] [0, 0, 0, 0] [0, 0, 0, 0]
[0, 0, 0, 0] [3, 0, 0, 0] [0, 0, 0, 0] [20, 0, 0, 0] [0, 0, 0, 0] [0, 0, 0, 0] [0, 0, 0, 0]
[0, -3, 0, 0] [0, 0, 0, 0] [0, 0, 0, 20] [0, 0, 0, 0] [0, 20, 0, 0] [0, 0, 0, 0] [0, 0, 0, 0]
[4, 0, 0, 0] [0, 0, 0, 0] [0, 0, 0, 0] [0, 0, 20, 0] [0, 0, 0, 0] [0, 0, 0, 0] [0, 0, 0, 0]
[0, 0, 0, 0] [0, 0, 0, 0] [0, 0, 0, 0] [0, 0, 0, 0] [0, 0, 0, 0] [0, 0, 0, 1] [0, 0, 0, 0]
[0, 0, 0, 0] [0, 0, 0, 0] [0, 0, 0, 0] [0, 0, 0, 0] [0, 0, 0, 0] [0, 0, 0, 0] [0, 0, 0, -4]
------------------------------
DEAD: Wall
Head: (10 3)
Body: (10 3) (11 3) (11 2) (10 2) (10 1) (9 1) (8 1) (7 1) (6 1) 
Length: 9, 4
Vision: 3
Hungry, suplies: 9/10
Reproductive: 16, mutating: 0.25
Generation: 37
####################################
Wall (up, right, down, left):
[0, 0, 0, 0] [0, 0, 0, 0] [0, 0, 0, 0] [0, 0, 0, 0] [0, 0, -1, 0] [-3, 0, 0, 0] [0, 0, 0, 0]
[0, 0, 0, 0] [0, 0, 0, 0] [0, 0, 0, 0] [0, 0, 0, 0] [0, 0, 0, 0] [0, 0, 0, 0] [0, 0, 0, 0]
[0, 0, 0, 0] [0, 0, 0, 0] [0, 0, 0, 0] [-20, 0, 0, 0] [0, 0, 0, 4] [0, 0, 0, 0] [0, 0, 0, -4]
[0, 0, 0, -5] [0, 0, 0, 0] [0, 0, 0, -20] [0, 0, 0, 0] [0, -20, 0, 0] [0, 0, 0, 0] [0, 0, 0, 0]
[0, 0, 0, -5] [0, 0, 0, 0] [0, 0, 0, 0] [0, 0, -20, 0] [0, 0, -4, 0] [0, 0, 0, 4] [0, 0, 0, 0]
[0, 0, -5, 0] [0, 0, 0, 0] [0, 0, 0, 0] [0, 0, 0, 0] [0, 0, 0, 0] [0, 0, 0, 0] [0, 0, 0, 0]
[0, 0, 0, 0] [0, 0, 0, 0] [0, 0, 0, 0] [0, 0, 0, 0] [0, -1, 0, 0] [0, 0, 0, 0] [0, 0, 0, 0]
Food (up, right, down, left):
[0, 0, 0, 0] [0, 0, 0, 0] [0, 0, 0, 0] [0, 0, 0, 0] [0, 5, 0, 0] [0, 0, 0, -3] [0, 0, 0, 0]
[0, 0, 0, 0] [0, 0, 0, 0] [0, 0, 0, 0] [0, 0, 0, 0] [0, 0, 0, 0] [0, 0, 0, 0] [0, 0, 0, 0]
[0, 0, 0, 0] [0, 0, 0, 0] [0, 0, 0, 0] [20, 0, 0, 0] [0, 0, 0, 0] [0, 0, 0, 0] [0, 0, 0, 0]
[0, -3, 0, 0] [0, 0, 0, 0] [0, 0, 0, 20] [0, 0, 0, 0] [0, 20, 0, 0] [0, 0, 0, 0] [0, 0, 0, 0]
[0, 0, 0, 0] [0, 0, 0, 0] [0, 0, 0, 0] [0, 0, 20, 0] [1, 0, 0, 0] [0, -2, 0, -4] [0, 0, 0, 0]
[-3, 0, 0, 0] [0, 0, 0, 0] [0, 0, 0, 0] [0, 0, 0, 0] [0, 0, 0, 0] [0, 0, 0, 0] [0, 0, 0, 0]
[0, 0, 0, 0] [0, 0, 0, 0] [0, 0, 0, 0] [0, 0, 0, 0] [0, 3, 0, 0] [0, 0, 0, 0] [0, 0, 0, 0]
------------------------------
ALIVE
Head: (1 30)
Body: (1 30) (1 31) (1 32) (1 33) (1 34) (1 35) 
Length: 6, 4
Vision: 3
Hungry, suplies: 9/10
Reproductive: 16, mutating: 0.25
Generation: 56
####################################
Wall (up, right, down, left):
[0, 0, 0, 0] [0, 0, 0, 0] [0, 0, 0, 0] [0, 0, 0, 0] [0, 0, -1, 0] [-3, 0, 0, 0] [0, 0, 0, 0]
[0, 0, 0, 0] [0, 0, 0, 0] [0, 0, 0, 0] [0, 0, 0, 0] [0, 0, 0, 0] [0, 0, 0, 0] [0, 0, 0, 0]
[0, 0, 0, 0] [0, 0, 0, 0] [0, 0, 0, 0] [-20, 0, 0, 0] [0, 0, 0, 4] [0, 0, 0, 0] [0, 0, 0, -4]
[0, 0, 0, -5] [0, 0, 0, 0] [0, 0, 0, -20] [0, 0, 0, 0] [0, -20, 0, 0] [0, 0, 0, 0] [0, 0, 0, 0]
[0, 0, 0, -5] [0, 0, 0, 0] [0, 0, 0, 0] [0, 0, -20, 0] [0, 0, -4, 0] [0, 0, 0, 4] [0, 0, 0, 0]
[0, 0, -5, 0] [0, 0, 0, 0] [0, 0, 0, 0] [0, 0, 0, 0] [0, 0, 0, 0] [0, 0, 0, 0] [0, 0, 0, 0]
[0, 0, 0, 0] [0, 0, 0, 0] [0, 0, 0, 0] [0, 0, 0, 0] [0, -1, 0, 0] [0, 0, 0, 0] [0, 0, 0, 0]
Food (up, right, down, left):
[0, 0, 0, 0] [0, 0, 0, 0] [0, 0, 0, 0] [0, 0, 0, 0] [0, 5, 0, 0] [0, 0, 0, -3] [0, 0, 0, 0]
[0, 0, 0, 0] [0, 0, 0, 0] [0, 0, 0, 0] [0, 0, 0, 0] [0, 0, 0, 0] [0, 0, 0, 0] [0, 0, 0, 0]
[0, 0, 0, 0] [0, 0, 0, 0] [0, 0, 0, 0] [20, 0, 0, 0] [0, 0, 0, 0] [0, 0, 0, 0] [0, 0, 0, 0]
[0, -3, 0, 0] [0, 0, 0, 0] [0, 0, 0, 20] [0, 0, 0, 0] [0, 20, 0, 0] [0, 0, 0, 0] [0, 0, 0, 0]
[0, 0, 0, 0] [0, 0, 0, 0] [0, 0, 0, 0] [0, 0, 20, 0] [1, 0, 0, 0] [0, -2, 0, -4] [0, 0, 0, 0]
[-3, 0, 0, 0] [0, 0, 0, 0] [0, 0, 0, 0] [0, 0, 0, 0] [0, 0, 0, 0] [0, 0, 0, 0] [0, 0, 0, 0]
[0, 0, 0, 0] [0, 0, 0, 0] [0, 0, 0, 0] [0, 0, 0, 0] [0, 3, 0, 0] [0, 0, 0, 0] [0, 0, 0, 0]
------------------------------
ALIVE
Head: (8 7)
Body: (8 7) (8 6) (9 6) (9 7) (9 8) (9 9) (9 10) (9 11) (9 12) (9 13) (8 13) (8 14) (7 14) (7 15) 
Length: 14, 4
Vision: 3
Hungry, suplies: 1/10
Reproductive: 16, mutating: 0.25
Generation: 54
####################################
Wall (up, right, down, left):
[0, 0, 0, 0] [0, 0, 0, 0] [0, 0, 5, 0] [0, 0, 0, 0] [0, 0, 0, 0] [0, 0, 0, 0] [0, 0, 0, 0]
[0, 0, 0, 0] [0, 0, 0, 0] [0, 0, 0, 0] [0, 0, 4, 2] [0, 0, 0, 0] [0, 0, 0, 0] [0, 0, 0, 0]
[0, 0, 0, 0] [0, 0, 0, -1] [0, 0, 0, 0] [-20, 0, 0, 0] [0, 0, 0, 0] [0, 0, 0, 0] [0, 0, 0, 0]
[0, 0, 0, -5] [0, 0, 0, 0] [0, 0, 0, -20] [0, 0, 0, 0] [0, -20, 0, 0] [0, 0, 0, 0] [0, 0, 0, 0]
[0, 0, -1, 0] [0, 0, 0, 0] [0, 0, 0, 0] [0, 0, -20, 0] [0, 0, 0, 0] [0, 0, 0, 0] [0, 0, 0, 0]
[0, 0, 0, 1] [0, 0, 0, 0] [0, 0, 0, 0] [0, 0, 0, 0] [0, 0, 0, 0] [3, 0, 0, 0] [0, 0, 0, 0]
[0, 0, 0, 3] [0, 0, 0, 0] [0, 0, 0, 0] [0, 0, 0, 0] [0, 0, 0, 0] [0, 0, 0, 0] [0, 0, 2, 0]
Food (up, right, down, left):
[0, 0, 0, 0] [0, 0, 0, 0] [-5, 0, 0, 0] [0, 0, 0, 0] [0, 0, 0, 0] [0, 0, 0, 0] [0, 0, 0, 0]
[0, 0, 0, 0] [0, 0, 0, 0] [0, 0, 0, 0] [4, 0, -1, 0] [0, 0, 0, 0] [0, 0, 0, 0] [0, 0, 0, 0]
[0, 0, 0, 0] [3, 0, 3, 0] [0, 0, 0, 0] [20, 0, 0, 0] [0, 0, 0, 0] [0, 0, 0, 0] [0, 0, 0, 0]
[0, -3, 0, 0] [0, 0, 0, 0] [0, 0, 0, 20] [0, 0, 0, 0] [0, 20, 0, 0] [0, 0, 0, 0] [0, 0, 0, 0]
[4, 0, 0, 0] [0, 0, 0, 0] [0, 0, 0, 0] [0, 0, 20, 0] [0, 0, 0, 0] [0, 0, 0, 0] [0, 0, 0, 0]
[0, 0, 5, 0] [0, 0, 0, 0] [0, 0, 0, 0] [0, 0, 0, 0] [0, 0, 0, 0] [0, 0, 0, 1] [0, 0, 0, 0]
[4, 0, 0, 0] [0, 0, 0, 0] [0, 0, 0, 0] [0, 0, 0, 0] [0, 0, 0, 0] [0, 0, 0, 0] [0, 0, 0, -4]
------------------------------
ALIVE
Head: (17 38)
Body: (17 38) (16 38) (15 38) (14 38) (14 39) (15 39) (16 39) (17 39) (18 39) (18 40) (18 41) (19 41) 
Length: 12, 4
Vision: 3
Hungry, suplies: 10/10
Reproductive: 16, mutating: 0.25
Generation: 45
####################################
Wall (up, right, down, left):
[0, 0, 0, 0] [0, 0, 0, 0] [0, 0, 5, 0] [0, 0, 0, 0] [0, 0, 0, 0] [0, 0, 0, 0] [0, 0, 0, 0]
[0, 0, 0, 0] [0, 0, 0, 0] [0, 0, 0, 0] [0, 0, 0, 2] [0, 0, 0, 0] [0, 0, 0, 5] [0, 0, 0, 0]
[0, 0, 0, 0] [0, 0, 0, -2] [0, 0, 0, 0] [-20, 0, 0, 0] [0, 0, 0, 0] [0, 0, 0, 0] [0, 0, 0, 0]
[0, 0, 0, -5] [0, 0, 0, 0] [0, 0, 0, -20] [0, 0, 0, 0] [0, -20, 0, 0] [0, 0, 0, 0] [0, 0, 0, 0]
[0, 0, -1, 0] [0, 0, 0, 0] [0, 0, 0, 0] [0, 0, -20, 0] [0, 0, 0, 0] [0, 0, 1, 0] [0, 0, 0, 0]
[0, 0, 0, 0] [0, 0, 0, 0] [0, 0, 0, 0] [0, 0, 0, 0] [0, 0, 0, 0] [3, 0, 0, 0] [0, 0, 0, 0]
[0, 0, 0, 3] [0, 0, 0, 0] [0, 0, 4, 0] [0, 0, 0, 0] [0, 0, 0, 0] [0, 0, 0, 0] [0, 0, 2, 0]
Food (up, right, down, left):
[0, 0, 0, 0] [0, 0, 0, 0] [-5, 0, 0, 0] [0, 0, 0, 0] [0, 0, 0, 0] [0, 0, 0, 0] [0, 0, 0, 0]
[0, 0, 0, 0] [0, 0, 0, 0] [0, 0, 0, 0] [0, 0, -1, 0] [0, 0, 0, 0] [2, 0, 0, 0] [0, 0, 0, 0]
[0, 0, 0, 0] [3, 0, 0, 0] [0, 0, 0, 0] [20, 0, 0, 0] [0, 0, 0, 0] [0, 0, 0, 0] [0, 0, 0, 0]
[0, -3, 0, 0] [0, 0, 0, 0] [0, 0, 0, 20] [0, 0, 0, 0] [0, 20, 0, 0] [0, 0, 0, 0] [0, 0, 0, 0]
[4, 0, 0, 0] [0, 0, 0, 0] [0, 0, 0, 0] [0, 0, 20, 0] [0, 0, 0, 0] [0, 0, 2, 0] [0, 0, 0, 0]
[0, 0, 0, 0] [0, 0, 0, 0] [0, 0, 0, 0] [0, 0, 0, 0] [0, 0, 0, 0] [0, 0, 0, 1] [0, 0, 0, 0]
[4, 0, 0, 0] [0, 0, 0, 0] [0, 0, 0, 0] [0, 0, 0, 0] [0, 0, 0, 0] [0, 0, 0, 0] [0, 0, 0, -4]
------------------------------
ALIVE
Head: (24 9)
Body: (24 9) (23 9) (23 10) (22 10) (21 10) (21 9) (21 8) (21 7) (22 7) (22 6) (23 6) (24 6) (24 7) (24 8) 
Length: 14, 4
Vision: 3
Hungry, suplies: 10/10
Reproductive: 16, mutating: 0.25
Generation: 45
####################################
Wall (up, right, down, left):
[0, 0, 0, 0] [0, 0, 0, 0] [0, 0, 0, 0] [0, 0, 0, 0] [0, 0, -1, 0] [-3, 0, 0, 0] [0, 0, 0, 0]
[0, 0, 0, 0] [0, 0, 0, 0] [0, 0, 0, 0] [0, 0, 0, 0] [0, 0, 0, 0] [0, 0, 0, 0] [0, 0, 0, 0]
[0, 0, 0, 0] [0, 0, 0, 0] [0, 0, 0, 0] [-20, 0, 0, 0] [0, 0, 0, 4] [0, 0, 0, 0] [0, 0, 0, -4]
[0, 0, 0, -5] [0, 0, 0, 0] [0, 0, 0, -20] [0, 0, 0, 0] [0, -20, 0, 0] [0, 0, 0, 0] [0, 0, 0, 0]
[0, 0, 0, -5] [0, 0, 0, 0] [0, 0, 0, 0] [0, 0, -20, 0] [0, 0, -4, 0] [0, 0, 0, 4] [0, 0, 0, 0]
[0, 0, -5, 0] [0, 0, 0, 0] [0, 0, 0, 0] [0, 0, 0, 0] [0, 0, 0, 0] [0, 0, 0, 0] [0, 0, 0, 0]
[0, 0, 0, 0] [0, 0, 0, 0] [0, 0, 0, 0] [0, 0, 0, 0] [0, -1, 0, 0] [0, 0, 0, 0] [0, 0, 0, 0]
Food (up, right, down, left):
[0, 0, 0, 0] [0, 0, 0, 0] [0, 0, 0, 0] [0, 0, 0, 0] [0, 5, 0, 0] [0, 0, 0, -3] [0, 0, 0, 0]
[0, 0, 0, 0] [0, 0, 0, 0] [0, 0, 0, 0] [0, 0, 0, 0] [0, 0, 0, 0] [0, 0, 0, 0] [0, 0, 0, 0]
[0, 0, 0, 0] [0, 0, 0, 0] [0, 0, 0, 0] [20, 0, 0, 0] [0, 0, 0, 0] [0, 0, 0, 0] [0, 0, 0, 0]
[0, -3, 0, 0] [0, 0, 0, 0] [0, 0, 0, 20] [0, 0, 0, 0] [0, 20, 0, 0] [0, 0, 0, 0] [0, 0, 0, 0]
[0, 0, 0, 0] [0, 0, 0, 0] [0, 0, 0, 0] [0, 0, 20, 0] [1, 0, 0, 0] [0, -2, 0, -4] [0, 0, 0, 0]
[-3, 0, 0, 0] [0, 0, 0, 0] [0, 0, 0, 0] [0, 0, 0, 0] [0, 0, 0, 0] [0, 0, 0, 0] [0, 0, 0, 0]
[0, 0, 0, 0] [0, 0, 0, 0] [0, 0, 0, 0] [0, 0, 0, 0] [0, 3, 0, 0] [0, 0, 0, 0] [0, 0, 0, 0]
------------------------------
ALIVE
Head: (4 16)
Body: (4 16) (4 17) (3 17) (3 18) (3 19) (3 20) (4 20) (5 20) (6 20) (6 21) (7 21) 
Length: 11, 4
Vision: 3
Hungry, suplies: 10/10
Reproductive: 16, mutating: 0.25
Generation: 54
####################################
Wall (up, right, down, left):
[0, 0, 0, 0] [0, 0, 0, 0] [0, 0, 5, 0] [0, 0, 0, 0] [0, 0, 0, 0] [0, 0, 0, 0] [0, 0, 0, 0]
[0, 0, 0, 0] [0, 0, 0, 0] [0, 0, 0, 0] [0, 0, 0, 2] [0, 0, 0, 0] [0, 0, 0, 0] [0, 0, 0, 0]
[0, 0, 0, 0] [0, 0, 0, -2] [0, 0, 0, 0] [-20, 0, 0, 0] [0, 0, 0, 0] [0, 0, 0, 0] [0, 0, 0, 0]
[0, 0, 0, -5] [0, 0, 0, 0] [0, 0, 0, -18] [0, 0, 0, 0] [0, -20, 0, 0] [0, 0, 0, 0] [0, 0, 0, 0]
[0, 0, -1, 0] [0, 0, 0, 0] [0, 0, 0, 0] [0, 0, -20, 0] [0, 0, 0, 0] [0, 0, 0, 0] [0, 0, 0, 0]
[0, 0, 0, 0] [0, 0, 0, 0] [0, 0, 0, 0] [0, 0, 0, 0] [0, 0, 0, 0] [3, 0, 0, 0] [0, 0, 0, 0]
[0, 0, 0, 0] [0, 0, 0, 0] [0, 0, 0, 0] [0, 0, 0, 0] [0, 0, 0, 0] [0, 0, 0, 0] [0, 0, 2, 0]
Food (up, right, down, left):
[0, 0, 0, 0] [0, 0, 0, 0] [-5, 0, 0, 0] [0, 0, 0, 0] [0, 0, 0, 0] [0, 0, 0, 0] [0, 0, 0, 0]
[0, 0, 0, 0] [0, 0, 0, 0] [0, 0, 0, 0] [0, 0, -1, 0] [0, 0, 0, 0] [0, 0, 0, 0] [0, 0, 0, 0]
[0, 0, 0, 0] [3, 0, 0, 0] [0, 0, 0, 0] [20, 0, 0, 0] [0, 0, 0, 0] [0, 0, 0, 0] [0, 0, 0, 0]
[0, -3, 0, 0] [0, 0, 0, 0] [0, 0, 1, 20] [0, 0, 0, 0] [0, 20, 0, 0] [0, 0, 0, 0] [0, 0, 0, 0]
[4, 0, 0, 0] [0, 0, 0, 0] [0, 0, 0, 0] [0, 0, 20, 0] [0, 0, 0, 0] [0, 0, 0, 0] [0, 0, 0, 0]
[0, 0, 0, 0] [0, 0, 0, 0] [0, 0, 0, 0] [0, 0, 0, 0] [0, 0, 0, 0] [0, 0, 0, 1] [0, 0, 0, 0]
[0, 0, 0, 0] [0, 0, 0, 0] [0, 0, 0, 0] [0, 0, 0, 0] [0, 0, 0, 0] [0, 0, 0, 0] [0, 0, 0, -4]
------------------------------
ALIVE
Head: (17 52)
Body: (17 52) (16 52) (16 53) (17 53) (17 54) (16 54) (15 54) (14 54) (14 53) (13 53) (12 53) (11 53) 
Length: 12, 4
Vision: 3
Hungry, suplies: 10/10
Reproductive: 16, mutating: 0.25
Generation: 39
####################################
Wall (up, right, down, left):
[0, 0, 0, 0] [0, 0, 0, 0] [0, 0, 5, 0] [0, 0, 0, 0] [0, 0, 0, 0] [0, 0, 0, 0] [0, 0, 0, 0]
[0, 0, 0, 0] [0, 0, 0, 0] [0, 0, 0, 0] [0, 0, 0, 2] [0, 0, 0, 0] [0, 0, 0, 0] [0, 0, 0, 0]
[0, 0, 0, 0] [0, 0, 0, -2] [0, 0, 0, 0] [-20, 0, 0, 0] [0, 0, 0, 0] [0, 0, 0, 0] [0, 0, 0, 0]
[0, 0, 0, -5] [0, 0, 0, 0] [0, 0, 0, -20] [0, 0, 0, 0] [0, -20, 0, 0] [0, 0, 0, 0] [0, 0, 0, 0]
[0, 0, -1, 0] [0, 0, 0, 0] [0, 0, 0, 0] [0, 0, -20, 0] [0, 0, 0, 0] [0, 0, 0, 0] [0, 0, 0, 0]
[0, 0, 0, 0] [0, 0, 0, 0] [0, 0, 0, 0] [0, 0, 0, 0] [0, 0, 0, 0] [3, 0, 0, 0] [0, 0, 0, 0]
[0, 0, 0, 0] [0, 0, 0, 0] [0, 0, 0, 0] [0, 0, 0, 0] [0, 0, 0, 0] [0, 0, 0, 0] [0, 0, 2, 0]
Food (up, right, down, left):
[0, 0, 0, 0] [0, 0, 0, 0] [-5, 0, 0, 0] [0, 0, 0, 0] [0, 0, 0, 0] [0, 0, 0, 0] [0, 0, 0, 0]
[0, 0, 0, 0] [0, 0, 0, 0] [0, 0, 0, 0] [0, 0, -1, 0] [0, 0, 0, 0] [0, 0, 0, 0] [0, 0, 0, 0]
[0, 0, 0, 0] [3, 0, 0, 0] [0, 0, 0, 0] [20, 0, 0, 0] [0, 0, 0, 0] [0, 0, 0, 0] [0, 0, 0, 0]
[0, -3, 0, 0] [0, 0, 0, 0] [0, 0, 0, 20] [0, 0, 0, 0] [0, 20, 0, 0] [0, 0, 0, 0] [0, 0, 0, 0]
[4, 0, 0, 0] [0, 0, 0, 0] [0, 0, 0, 0] [0, 0, 20, 0] [0, 0, 0, 0] [0, 0, 0, 0] [0, 0, 0, 0]
[0, 0, 0, 0] [0, 0, 0, 0] [0, 0, 0, 0] [0, 0, 0, 0] [0, 0, 0, 0] [0, 0, 0, 1] [0, 0, 0, 0]
[0, 0, 0, 0] [0, 0, 0, 0] [0, 0, 0, 0] [0, 0, 0, 0] [0, 0, 0, 0] [0, 0, 0, 0] [0, 0, 0, -4]
------------------------------
ALIVE
Head: (2 43)
Body: (2 43) (1 43) (1 42) (2 42) (3 42) (4 42) (4 41) (3 41) (3 40) 
Length: 9, 4
Vision: 3
Hungry, suplies: 2/10
Reproductive: 16, mutating: 0.25
Generation: 38
####################################
Wall (up, right, down, left):
[0, 0, 0, 0] [0, 0, 0, 0] [0, 0, 5, 0] [0, 0, 0, 0] [0, 0, 0, 0] [0, 0, 0, 0] [0, 0, 0, 0]
[0, 0, 0, 0] [0, 0, 0, 0] [0, 0, 0, 0] [0, 0, 0, 2] [0, 0, 0, 0] [0, 0, 0, 0] [0, 0, 0, 0]
[0, 0, 0, 0] [0, 0, 0, -2] [0, 0, 0, 0] [-20, 0, 0, 0] [0, 0, 0, 0] [0, 0, 0, 0] [0, 0, 0, 0]
[0, 0, 0, -5] [0, 0, 0, 0] [0, 0, 0, -20] [0, 0, 0, 0] [0, -20, 0, 0] [0, 0, 0, 0] [0, 0, 0, 0]
[0, 0, -1, 0] [0, 0, 0, 0] [0, 0, 0, 0] [0, 0, -20, 0] [0, 0, 0, 0] [0, 0, 0, 0] [0, 0, 0, 0]
[0, 0, 0, 0] [0, 0, 0, 0] [0, 0, 0, 0] [0, 0, 0, 0] [0, 0, 0, 0] [3, 0, 0, 0] [0, 0, 0, 0]
[0, 0, 0, 0] [0, 0, 0, 0] [0, 0, 0, 0] [0, 0, 0, 0] [0, 0, 0, 0] [0, 0, 0, 0] [0, 0, 2, 0]
Food (up, right, down, left):
[0, 0, 0, 0] [0, 0, 0, 0] [-5, 0, 0, 0] [0, 0, 0, 0] [0, 0, 0, 0] [0, 0, 0, 0] [0, 0, 0, 0]
[0, 0, 0, 0] [0, 0, 0, 0] [0, 0, 0, 0] [0, 0, -1, 0] [0, 0, 0, 0] [0, 0, 0, 0] [0, 0, 0, 0]
[0, 0, 0, 0] [3, 0, 0, 0] [0, 0, 0, 0] [20, 0, 0, 0] [0, 0, 0, 0] [0, 0, 0, 0] [0, 0, 0, 0]
[0, -3, 0, 0] [0, 0, 0, 0] [0, 0, 0, 20] [0, 0, 0, 0] [0, 20, 0, 0] [0, 0, 0, 0] [0, 0, 0, 0]
[4, 0, 0, 0] [0, 0, 0, 0] [0, 0, 0, 0] [0, 0, 20, 0] [0, 0, 0, 0] [0, 0, 0, 0] [0, 0, 0, 0]
[0, 0, 0, 0] [0, 0, 0, 0] [0, 0, 0, 0] [0, 0, 0, 0] [0, 0, 0, 0] [0, 0, 0, 1] [0, 0, 0, 0]
[0, 0, 0, 0] [0, 0, 0, 0] [0, 0, 0, 0] [0, 0, 0, 0] [0, 0, 0, 0] [0, 0, 0, 0] [0, 0, 0, -4]
------------------------------
ALIVE
Head: (1 28)
Body: (1 28) (1 27) (1 26) (1 25) (1 24) (1 23) (2 23) (2 24) 
Length: 8, 4
Vision: 3
Hungry, suplies: 10/10
Reproductive: 16, mutating: 0.25
Generation: 38
####################################
Wall (up, right, down, left):
[0, 0, 0, 0] [0, 0, 0, 0] [0, 0, 5, 0] [0, 0, 0, 0] [0, 0, 0, 0] [0, 0, 0, 0] [0, 0, 0, 0]
[0, 0, 0, 0] [0, 0, 0, 0] [0, 0, 0, 0] [0, 0, 4, 2] [0, 0, 0, 0] [0, 0, 0, 0] [0, 0, 0, 0]
[0, 0, 0, 0] [0, 0, 0, -1] [0, 0, 0, 0] [-20, 0, 0, 0] [0, 0, 0, 0] [0, 0, 0, 0] [0, 0, 0, 0]
[0, 0, 0, -5] [0, 0, 0, 0] [0, 0, 0, -20] [0, 0, 0, 0] [0, -20, 0, 0] [0, 0, 0, 0] [0, 0, 0, 0]
[0, 0, -1, 0] [0, 0, 0, 0] [0, 0, 0, 0] [0, 0, -20, 0] [0, 0, 0, 0] [0, 0, 0, 0] [0, 0, 0, 0]
[0, 0, 0, 1] [0, 0, 0, 0] [0, 0, 0, 0] [0, 0, 0, 0] [0, 0, 0, 0] [3, 0, 0, 0] [0, 0, 0, 0]
[0, 0, 0, 3] [0, 0, 0, 0] [0, 0, 0, 0] [0, 0, 0, 0] [0, 0, 0, 0] [0, 0, 0, 0] [0, 0, 2, 0]
Food (up, right, down, left):
[0, 0, 0, 0] [0, 0, 0, 0] [-5, 0, 0, 0] [0, 0, 0, 0] [0, 0, 0, 0] [0, 0, 0, 0] [0, 0, 0, 0]
[0, 0, 0, 0] [0, 0, 0, 0] [0, 0, 0, 0] [4, 0, -1, 0] [0, 0, 0, 0] [0, 0, 0, 0] [0, 0, 0, 0]
[0, 0, 0, 0] [3, 0, 3, 0] [0, 0, 0, 0] [20, 0, 0, 0] [0, 0, 0, 0] [0, 0, 0, 0] [0, 0, 0, 0]
[0, -3, 0, 0] [0, 0, 0, 0] [0, 0, 0, 20] [0, 0, 0, 0] [0, 20, 0, 0] [0, 0, 0, 0] [0, 0, 0, 0]
[4, 0, 0, 0] [0, 0, 0, 0] [0, 0, 0, 0] [0, 0, 20, 0] [0, 0, 0, 0] [0, 0, 0, 0] [0, 0, 0, 0]
[0, 0, 5, 0] [0, 0, 0, 0] [0, 0, 0, 0] [0, 0, 0, 0] [0, 0, 0, 0] [0, 0, 0, 1] [0, 0, 0, 0]
[4, 0, 0, 0] [0, 0, 0, 0] [0, 0, 0, 0] [0, 0, 0, 0] [0, 0, 0, 0] [0, 0, 0, 0] [0, 0, 0, -4]
------------------------------
ALIVE
Head: (19 37)
Body: (19 37) (20 37) (20 36) (21 36) (21 37) (21 38) (22 38) (23 38) (24 38) (24 37) (24 36) (24 35) 
Length: 12, 4
Vision: 3
Hungry, suplies: 5/10
Reproductive: 16, mutating: 0.25
Generation: 46
####################################
Wall (up, right, down, left):
[0, 0, 0, 0] [0, 0, 0, 0] [0, 0, 0, 0] [0, 0, 0, 0] [0, 0, -1, 0] [-3, 0, 0, 0] [0, 0, 0, 0]
[0, 0, 0, 0] [0, 0, 0, 0] [0, 0, -4, 0] [0, 0, 0, 0] [0, 0, 0, 0] [0, 0, 0, 0] [0, 0, 0, 0]
[0, 0, 0, 0] [0, 0, 0, 0] [0, 0, 0, 0] [-20, 0, 0, 0] [0, 0, 0, 4] [0, 0, 0, 0] [0, 0, 0, -4]
[0, 0, 0, -5] [0, 0, 0, 0] [0, 0, 0, -20] [0, 0, 0, 0] [0, -20, 0, 0] [0, 0, 0, 0] [0, 0, 0, 0]
[0, 0, 0, -5] [0, 0, 0, 0] [0, 0, 0, 0] [0, 0, -20, 0] [0, 0, -4, 0] [0, 0, 0, 5] [0, 0, 0, 0]
[0, 0, -5, 0] [0, 0, 0, 0] [0, 0, 0, 0] [0, 0, 0, 0] [0, 0, 0, 0] [0, 0, 0, 0] [0, 0, 0, 0]
[0, 0, 0, 0] [0, 0, 0, 0] [0, 0, 0, 0] [0, 0, 0, 0] [0, -1, 0, 0] [0, 0, 0, 0] [0, 0, 0, 0]
Food (up, right, down, left):
[0, 0, 0, 0] [0, 0, 0, 0] [0, 0, 0, 0] [0, 0, 0, 0] [0, 5, 0, 0] [0, 0, 0, -3] [0, 0, 0, 0]
[0, 0, 0, 0] [0, 0, 0, 0] [3, 0, 0, 0] [0, 0, 0, 0] [0, 0, 0, 0] [0, 0, 0, 0] [0, 0, 0, 0]
[0, 0, 0, 0] [0, 0, 0, 0] [0, 0, 0, 0] [20, 0, 0, 0] [0, 0, 0, 0] [0, 0, 0, 0] [0, 0, 0, 0]
[0, -3, 0, 0] [0, 0, 0, 0] [0, 0, 0, 20] [0, 0, 0, 0] [0, 20, 0, 0] [0, 0, 0, 0] [0, 0, 0, 0]
[0, 0, 0, 0] [0, 0, 0, 0] [0, 0, 0, 0] [0, 0, 20, 0] [1, 0, 0, 0] [0, 0, 0, -4] [0, 0, 0, 0]
[-3, 0, 0, 0] [0, 0, 0, 0] [0, 0, 0, 0] [0, 0, 0, 0] [0, 0, 0, 0] [0, 0, 0, 0] [0, 0, 0, 0]
[0, 0, 0, -4] [0, 0, 0, 0] [0, 0, 0, 0] [0, 0, 0, 0] [0, 3, 0, 0] [0, 0, 0, 0] [0, 0, 0, 0]
------------------------------
ALIVE
Head: (15 42)
Body: (15 42) (15 41) (14 41) (13 41) (13 40) (13 39) (13 38) (13 37) (14 37) 
Length: 9, 4
Vision: 3
Hungry, suplies: 10/10
Reproductive: 16, mutating: 0.25
Generation: 55
####################################
Wall (up, right, down, left):
[0, 0, 0, 0] [0, 0, 0, 0] [0, 0, 0, 0] [0, 0, 0, 0] [0, 0, -1, 0] [-3, 0, 0, 0] [0, 0, 0, 0]
[0, 0, 0, 0] [0, 0, 0, 0] [0, 0, 0, 0] [0, 0, 0, 0] [0, 0, 0, 0] [0, 0, 0, 0] [0, 0, 0, 0]
[0, 0, 0, 0] [0, 0, 0, 0] [0, 0, 0, 0] [-20, 0, 0, 0] [0, 0, 0, 4] [0, 0, 0, 0] [0, 0, 0, -4]
[0, 0, 0, -5] [0, 0, 0, 0] [0, 0, 0, -20] [0, 0, 0, 0] [0, -20, 0, 0] [0, 2, 0, 0] [-5, 0, 0, 0]
[0, 0, 0, 0] [0, 0, 0, 0] [0, 0, 0, 0] [0, 0, -20, 0] [0, 0, 0, 0] [0, 0, 0, 5] [0, 0, 0, 0]
[0, 0, 0, 0] [0, 0, 0, 0] [0, 0, 0, 0] [0, 0, -1, 0] [0, 0, 0, 0] [0, 0, 0, 0] [0, 0, 0, 0]
[0, 0, 0, 0] [0, 0, 0, 0] [0, 0, 0, 0] [0, 0, 0, 0] [0, -1, 0, 0] [0, 0, 0, 0] [0, 0, 0, 0]
Food (up, right, down, left):
[0, 0, 0, 0] [0, 0, 0, 0] [0, 0, 0, 0] [0, 0, 0, 0] [0, 5, 0, 0] [0, 0, 0, -3] [0, 0, 0, 0]
[0, 0, 0, 0] [0, 0, 0, 0] [0, 0, 0, 0] [0, 0, 0, 0] [0, 0, 0, 0] [0, 0, 0, 0] [0, 0, 0, 0]
[0, 0, 0, 0] [0, 0, 0, 0] [0, 0, 0, 0] [20, 0, 0, 0] [0, 0, 0, 0] [0, 0, 0, 0] [0, 0, 0, 0]
[0, -3, 0, 0] [0, 0, 0, 0] [0, 0, 0, 20] [0, 0, 0, 0] [0, 20, 0, 0] [0, 0, 0, -3] [0, 0, 0, 0]
[0, 0, 0, 0] [0, 0, 0, 0] [0, 0, 0, 0] [0, 0, 20, 0] [0, 0, 0, 0] [0, 0, 0, -4] [0, 0, 0, 0]
[0, 0, 0, 0] [0, 0, 0, 0] [0, 0, 0, 0] [0, 0, 0, 0] [0, 0, 0, 0] [0, 0, 0, 0] [0, 0, 0, 0]
[0, 0, 0, 0] [0, 0, 0, 0] [0, 0, 0, 0] [0, 0, 0, 0] [0, 3, 0, 0] [0, 0, 0, 0] [0, 0, 0, 0]
------------------------------
ALIVE
Head: (24 10)
Body: (24 10) (24 11) (23 11) (23 12) (23 13) (22 13) (22 14) (22 15) (23 15) (23 16) (23 17) 
Length: 11, 4
Vision: 3
Hungry, suplies: 9/10
Reproductive: 16, mutating: 0.25
Generation: 52
####################################
Wall (up, right, down, left):
[0, 0, 0, 0] [0, 0, 0, 0] [0, 0, 5, 0] [0, 0, 0, 0] [0, 0, 0, 0] [0, 0, 0, -1] [0, 0, 0, 0]
[0, 0, 0, 0] [0, 0, 0, 0] [0, 0, 0, 0] [0, 0, 0, 2] [0, 0, 0, 0] [0, 0, 0, 0] [0, 0, 0, 0]
[0, 0, 0, 0] [0, 0, 0, -2] [0, 0, 0, 0] [-20, 0, 0, 0] [0, 0, 0, 0] [0, 0, 0, 0] [0, 0, 0, 0]
[0, 0, 0, -5] [0, 0, 0, 0] [0, 0, 0, -20] [0, 0, 0, 0] [0, -20, 0, 0] [0, 0, 0, 0] [0, 0, 0, 0]
[0, 0, -1, 0] [0, 0, 0, 0] [0, 0, 0, 0] [0, 0, -20, 0] [0, 0, 0, 0] [0, 0, 0, 0] [0, 0, 0, 0]
[0, 0, 0, 0] [0, 0, 0, 0] [0, 0, 0, 0] [0, 0, 0, 0] [0, 0, 0, 0] [3, 0, 0, 0] [0, 0, 0, 0]
[0, 0, 0, 0] [0, 0, 0, 0] [0, 0, 0, 0] [0, 0, 0, 0] [0, 0, 0, 0] [0, 0, 0, 0] [0, 0, 2, 0]
Food (up, right, down, left):
[0, 0, 0, 0] [0, 0, 0, 0] [-5, 0, 0, 0] [0, 0, 0, 0] [0, 0, 0, 0] [0, -3, 0, 0] [0, 0, 0, 0]
[0, 0, 0, 0] [0, 0, 0, 0] [0, 0, 0, 0] [0, 0, -1, 0] [0, 0, 0, 0] [0, 0, 0, 0] [0, 0, 0, 0]
[0, 0, 0, 0] [3, 0, 0, 0] [0, 0, 0, 0] [20, 0, 0, 0] [0, 0, 0, 0] [0, 0, 0, 0] [0, 0, 0, 0]
[0, -3, 0, 0] [0, 0, 0, 0] [0, 0, 0, 20] [0, 0, 0, 0] [0, 20, 0, 0] [0, 0, 0, 0] [0, 0, 0, 0]
[4, 0, 0, 0] [0, 0, 0, 0] [0, 0, 0, 0] [0, 0, 20, 0] [0, 0, 0, 0] [0, 0, 0, 0] [0, 0, 0, 0]
[0, 0, 0, 0] [0, 0, 0, 0] [0, 0, 0, 0] [0, 0, 0, 0] [0, 0, 0, 0] [0, 0, 0, 1] [0, 0, 0, 0]
[0, 0, 0, 0] [0, 0, 0, 0] [0, 0, 0, 0] [0, 0, 0, 0] [0, 0, 0, 0] [0, 0, 0, 0] [0, 0, 0, -4]
------------------------------
ALIVE
Head: (6 32)
Body: (6 32) (6 33) (7 33) (8 33) (9 33) (9 32) (10 32) (11 32) (11 31) (12 31) (13 31) (14 31) (15 31) (15 32) (15 33) 
Length: 15, 4
Vision: 3
Hungry, suplies: 10/10
Reproductive: 16, mutating: 0.25
Generation: 40
####################################
Wall (up, right, down, left):
[0, 0, 0, 0] [0, 0, 0, 0] [0, 0, 0, 0] [0, 0, 0, 0] [0, 0, -1, 0] [-3, 0, 0, 0] [0, 0, 0, 0]
[0, 0, 0, 0] [0, 0, 0, 0] [0, 0, 0, 0] [0, 0, 0, 0] [0, 0, 0, 0] [0, 0, 0, 0] [0, 0, 0, 0]
[0, 0, 0, 0] [0, 0, 0, 0] [0, 0, 0, 0] [-20, 0, 0, 0] [0, 0, 0, 4] [0, 0, 0, 0] [0, 0, 0, -4]
[0, 0, 0, -5] [0, 0, 0, 0] [0, 0, 0, -20] [0, 0, 0, 0] [0, -20, 0, 0] [0, 0, 0, 0] [0, 0, 0, 0]
[0, 0, 0, -5] [0, 0, 0, 0] [0, 0, 0, 0] [0, 0, -20, 0] [0, 0, -4, -3] [0, 0, 0, 4] [0, 0, 0, 0]
[0, 0, -5, 0] [0, 0, 0, 0] [0, 0, 0, 0] [0, 0, 0, 0] [0, 0, 0, 0] [0, 0, 0, 0] [0, 0, 0, 0]
[0, 0, 0, 0] [0, 0, 0, 0] [0, 0, 0, 0] [0, 0, 0, 0] [0, -1, 0, 0] [0, 0, 0, 0] [0, 0, 0, 1]
Food (up, right, down, left):
[0, 0, 0, 0] [0, 0, 0, 0] [0, 0, 0, 0] [0, 0, 0, 0] [0, 5, 0, 0] [0, 0, 0, -3] [0, 0, 0, 0]
[0, 0, 0, 0] [0, 0, 0, 0] [0, 0, 0, 0] [0, 0, 0, 0] [0, 0, 0, 0] [0, 0, 0, 0] [0, 0, 0, 0]
[0, 0, 0, 0] [0, 0, 0, 0] [0, 0, 0, 0] [20, 0, 0, 0] [0, 0, 0, 0] [0, 0, 0, 0] [0, 0, 0, 0]
[0, -3, 0, 0] [0, 0, 0, 0] [0, 0, 0, 20] [0, 0, 0, 0] [0, 20, 0, 0] [0, 0, 0, 0] [0, 0, 0, 0]
[0, 0, 0, 0] [0, 0, 0, 0] [0, 0, 0, 0] [0, 0, 20, 0] [1, 0, 0, -5] [0, -2, 0, -4] [0, 0, 0, 0]
[-3, 0, 0, 0] [0, 0, 0, 0] [0, 0, 0, 0] [0, 0, 0, 0] [0, 0, 0, 0] [0, 0, 0, 0] [0, 0, 0, 0]
[0, 0, 0, 0] [0, 0, 0, 0] [0, 0, 0, 0] [0, 0, 0, 0] [0, 3, 0, 0] [0, 0, 0, 0] [0, 0, -1, 0]
------------------------------
ALIVE
Head: (3 27)
Body: (3 27) (3 28) (3 29) (3 30) (3 31) (3 32) (3 33) (3 34) (3 35) (3 36) (3 37) (4 37) (4 38) (5 38) 
Length: 14, 4
Vision: 3
Hungry, suplies: 1/10
Reproductive: 16, mutating: 0.25
Generation: 56
####################################
Wall (up, right, down, left):
[0, 0, 0, 0] [0, 0, 0, 0] [0, 0, 5, 0] [0, 0, 0, 0] [0, 0, 0, 0] [0, 0, 0, 0] [0, 0, 0, 0]
[0, 0, 0, 0] [0, 0, 0, 0] [0, 0, 0, 0] [0, 0, 0, 2] [0, 0, 0, 0] [0, 0, 0, 5] [0, 0, 0, 0]
[0, 0, 0, 0] [0, 0, 0, -2] [0, 0, 0, 0] [-20, 0, 0, 0] [0, 0, 0, 0] [0, 0, 0, 0] [0, 0, 0, 0]
[0, 0, 0, -5] [0, 0, 0, 0] [0, 0, 0, -20] [0, 0, 0, 0] [0, -20, 0, 0] [0, 0, 0, 0] [0, 0, 0, 0]
[0, 0, -1, 0] [0, 0, 0, 0] [0, 0, 0, 0] [0, 0, -20, 0] [0, 0, 0, 0] [0, 0, 0, 0] [0, 0, 0, 0]
[0, 0, 0, 0] [0, 0, 0, 0] [0, 0, 0, 0] [0, 0, 0, 0] [0, 0, 0, 0] [3, 0, 0, 0] [0, 0, 0, 0]
[0, 0, 0, 3] [0, 0, 0, 0] [0, 0, 0, 0] [0, 0, 0, 0] [0, 0, 0, 0] [0, 0, 0, 0] [0, 0, 2, 0]
Food (up, right, down, left):
[0, 0, 0, 0] [0, 0, 0, 0] [-5, 0, 0, 0] [0, 0, 0, 0] [0, 0, 0, 0] [0, 0, 0, 0] [0, 0, 0, 0]
[0, 0, 0, 0] [0, 0, 0, 0] [0, 0, 0, 0] [0, 0, -1, 0] [0, 0, 0, 0] [2, 0, 0, 0] [0, 0, 0, 0]
[0, 0, 0, 0] [3, 0, 0, 0] [0, 0, 0, 0] [20, 0, 0, 0] [0, 0, 0, 0] [0, 0, 0, 0] [0, 0, 0, 0]
[0, -3, 0, 0] [0, 0, 0, 0] [0, 0, 0, 20] [0, 0, 0, 0] [0, 20, 0, 0] [0, 0, 0, 0] [0, 0, 0, 0]
[4, 0, 0, 0] [0, 0, 0, 0] [0, 0, 0, 0] [0, 0, 20, 0] [0, 0, 0, 0] [0, 0, 0, 0] [0, 0, 0, 0]
[0, 0, 0, 0] [0, 0, 0, 0] [0, 0, 0, 0] [0, 0, 0, 0] [0, 0, 0, 0] [0, 0, 0, 1] [0, 0, 0, 0]
[4, 0, 0, 0] [0, 0, 0, 0] [0, 0, 0, 0] [0, 0, 0, 0] [0, 0, 0, 0] [0, 0, 0, 0] [0, 0, 0, -4]
------------------------------
ALIVE
Head: (2 9)
Body: (2 9) (3 9) (4 9) (4 10) (4 11) (4 12) (5 12) (5 13) (4 13) (3 13) (2 13) (2 12) (3 12) (3 11) 
Length: 14, 4
Vision: 3
Hungry, suplies: 3/10
Reproductive: 16, mutating: 0.25
Generation: 44
####################################
Wall (up, right, down, left):
[0, 0, 0, 0] [0, 0, 0, 0] [0, 0, 5, 0] [0, 0, 0, 0] [0, 0, 0, 0] [0, 0, 0, 0] [0, 0, 0, 0]
[0, 0, 0, 0] [0, 0, 0, 0] [0, 0, 0, 0] [0, 0, 0, 2] [0, 0, 0, 0] [0, 0, 0, 5] [0, 0, 0, 0]
[0, 0, 0, 0] [0, 0, 0, -2] [0, 0, 0, 0] [-20, 0, 0, 0] [0, 0, 0, 0] [0, 0, 0, 0] [0, 0, 0, 0]
[0, 0, 0, -5] [0, 0, 0, 0] [0, 0, 0, -20] [0, 0, 0, 0] [0, -20, 0, 0] [0, 0, 0, 0] [0, 0, 0, 0]
[0, 0, -1, 0] [0, 0, 0, 0] [0, 0, 0, 0] [0, 0, -20, 0] [0, 0, 0, 0] [0, 0, 1, 0] [0, 0, 0, 0]
[0, 0, 0, 0] [0, 0, 0, 0] [0, 0, 0, 0] [0, 0, 0, 0] [0, 0, 0, 0] [3, 0, 0, 0] [0, 0, 0, 0]
[0, 0, 0, 3] [0, 0, 0, 0] [0, 0, 4, 0] [0, 0, 0, 0] [0, 0, 0, 0] [0, 0, 0, 0] [0, 0, 2, 0]
Food (up, right, down, left):
[0, 0, 0, 0] [0, 0, 0, 0] [-5, 0, 0, 0] [0, 0, 0, 0] [0, 0, 0, 0] [0, 0, 0, 0] [0, 0, 0, 0]
[0, 0, 0, 0] [0, 0, 0, 0] [0, 0, 0, 0] [0, 0, -1, 0] [0, 0, 0, 0] [2, 0, 0, 0] [0, 0, 0, 0]
[0, 0, 0, 0] [3, 0, 0, 0] [0, 0, 0, 0] [20, 0, 0, 0] [0, 0, 0, 0] [0, 0, 0, 0] [0, 0, 0, 0]
[0, -3, 0, 0] [0, 0, 0, 0] [0, 0, 0, 20] [0, 0, 0, 0] [0, 20, 0, 0] [0, 0, 0, 0] [0, 0, 0, 0]
[4, 0, 0, 0] [0, 0, 0, 0] [0, 0, 0, 0] [0, 0, 20, 0] [0, 0, 0, 0] [0, 0, 2, 0] [0, 0, 0, 0]
[0, 0, 0, 0] [0, 0, 0, 0] [0, 0, 0, 0] [0, 0, 0, 0] [0, 0, 0, 0] [0, 0, 0, 1] [0, 0, 0, 0]
[4, 0, 0, 0] [0, 0, 0, 0] [0, 0, 0, 0] [0, 0, 0, 0] [0, 0, 0, 0] [0, 0, 0, 0] [0, 0, 0, -4]
------------------------------
ALIVE
Head: (18 23)
Body: (18 23) (18 24) (19 24) (20 24) (20 25) (19 25) (18 25) (17 25) (17 24) (16 24) 
Length: 10, 4
Vision: 3
Hungry, suplies: 7/10
Reproductive: 16, mutating: 0.25
Generation: 46
####################################
Wall (up, right, down, left):
[0, 0, 0, 0] [0, 0, 0, 0] [0, 0, 0, 0] [0, 0, 0, 0] [0, 0, -1, 0] [-3, 0, 0, 0] [0, 0, 0, 0]
[0, 0, 0, 0] [0, 0, 0, 0] [0, 0, 0, 0] [0, 0, 0, 0] [0, 0, 0, 0] [0, 0, 0, 0] [0, 0, 0, 0]
[0, 0, 0, 0] [0, 0, 0, 0] [0, 0, 0, 0] [-20, 0, 0, 0] [0, 0, 0, 4] [0, 0, 0, 0] [0, 0, 0, -4]
[0, 0, 0, -5] [0, 0, 0, 0] [0, 0, 0, -20] [0, 0, 0, 0] [0, -20, 0, 0] [0, 0, 0, 0] [0, 0, 0, 0]
[0, 0, 0, -5] [0, 0, 0, 0] [0, 0, 0, 0] [0, 0, -20, 0] [0, 0, -4, 0] [0, 0, 0, 5] [0, 0, 0, 0]
[0, 0, -5, 0] [0, 0, 0, 0] [0, 0, 0, 0] [0, 0, 0, 0] [0, 0, 0, 0] [0, 0, 0, 0] [0, 0, 0, 0]
[0, 0, 0, 0] [0, 0, 0, 0] [0, 0, 0, 0] [0, 0, 0, 0] [0, -1, 0, 0] [0, 0, 0, 0] [0, 0, 0, 0]
Food (up, right, down, left):
[0, 0, 0, 0] [0, 0, 0, 0] [0, 0, 0, 0] [0, 0, 0, 0] [0, 5, 0, 0] [0, 0, 0, -3] [0, 0, 0, 0]
[0, 0, 0, 0] [0, 0, 0, 0] [0, 0, 0, 0] [0, 0, 0, 0] [0, 0, 0, 0] [0, 0, 0, 0] [0, 0, 0, 0]
[0, 0, 0, 0] [0, 0, 0, 0] [0, 0, 0, 0] [20, 0, 0, 0] [0, 0, 0, 0] [0, 0, 0, 0] [0, 0, 0, 0]
[0, -3, 0, 0] [0, 0, 0, 0] [0, 0, 0, 20] [0, 0, 0, 0] [0, 20, 0, 0] [3, 0, 0, 0] [0, 0, 0, 0]
[0, 0, 0, 0] [0, 0, 0, 0] [0, 0, 0, 0] [0, 0, 20, 0] [1, 0, 0, 0] [0, 0, 0, -4] [0, 0, 0, 0]
[-3, 0, 0, 0] [0, 0, 0, 0] [0, 0, -5, 0] [0, 0, 0, 0] [0, 0, 0, 0] [0, 0, 0, 0] [0, 0, 0, 0]
[0, 0, 0, 0] [0, 0, 0, 0] [0, 0, 0, 0] [0, 0, 0, 0] [0, 3, 0, 0] [0, 0, 0, 0] [0, 0, 0, 0]
------------------------------
ALIVE
Head: (13 24)
Body: (13 24) (14 24) (14 25) (14 26) (14 27) (14 28) (13 28) (13 27) (12 27) (12 26) (13 26) (13 25) (12 25) 
Length: 13, 4
Vision: 3
Hungry, suplies: 4/10
Reproductive: 16, mutating: 0.25
Generation: 55
####################################
Wall (up, right, down, left):
[0, 0, 0, 0] [0, 0, 0, 0] [0, 0, 5, 0] [0, 0, 0, 0] [0, 0, 0, 0] [0, 0, 0, 0] [0, 0, 0, 0]
[0, 0, 0, 0] [0, 0, 0, 0] [0, 0, 0, 0] [0, 0, 0, 2] [0, 0, 0, 0] [0, 0, 0, 0] [0, 0, 0, 0]
[0, 0, 0, 0] [0, 0, 0, -2] [0, 0, 0, 0] [-20, 0, 0, 0] [0, 0, 0, 0] [0, 0, 0, 0] [0, 0, 0, 0]
[0, 0, 0, -5] [0, 0, 0, 0] [0, 0, 0, -20] [0, 0, 0, 0] [0, -20, 0, 0] [0, 0, 0, 0] [0, 0, 0, 0]
[0, 0, -1, 0] [0, 0, 0, 0] [0, 0, 0, 0] [0, 0, -20, 0] [0, 0, 0, 0] [0, 0, 0, 0] [0, 0, 0, 0]
[0, 0, 0, 0] [0, 0, 0, 0] [0, 0, 0, 0] [0, 0, 0, 0] [0, 0, 0, 0] [3, 0, 0, 0] [0, 0, 0, 0]
[0, 0, 0, 0] [0, 0, 0, 0] [0, 0, 0, 0] [0, 0, 0, 0] [0, 0, 0, 0] [0, 0, 0, 0] [0, 0, 2, 0]
Food (up, right, down, left):
[0, 0, 0, 0] [0, 0, 0, 0] [-5, 0, 0, 0] [0, 0, 0, 0] [0, 0, 0, 0] [0, 0, 0, 0] [0, 0, 0, 0]
[0, 0, 0, 0] [0, 0, 0, 0] [0, 0, 0, 0] [0, 0, -1, 0] [0, 0, 0, 0] [0, 0, 0, 0] [0, 0, 0, 0]
[0, 0, 0, 0] [3, 0, 0, 0] [0, 0, 0, 0] [20, 0, 0, 0] [0, 0, 0, 0] [0, 0, 0, 0] [0, 0, 0, 0]
[0, -3, 0, 0] [0, 0, 0, 0] [0, 0, 0, 20] [0, 0, 0, 0] [0, 20, 0, 0] [0, 0, 0, 0] [0, 0, 0, 0]
[4, 0, 0, 0] [0, 0, 0, 0] [0, 0, 0, 0] [0, 0, 20, 0] [0, 0, 0, 0] [0, 0, 0, 0] [0, 0, 0, 0]
[0, 0, 0, 0] [0, 0, 0, 0] [0, 0, 0, 0] [0, 0, 0, 0] [0, 0, 0, 0] [0, 0, 0, 1] [0, 0, 0, 0]
[0, 0, 0, 0] [0, 0, 0, 0] [0, 0, 0, 0] [0, 0, 0, 0] [0, 0, 0, 0] [0, 0, 0, 0] [0, 0, 0, -4]
------------------------------
ALIVE
Head: (12 6)
Body: (12 6) (13 6) (13 5) (12 5) (11 5) (10 5) (9 5) (8 5) (8 4) (7 4) (7 5) (7 6) (6 6) (5 6) (4 6) 
Length: 15, 4
Vision: 3
Hungry, suplies: 7/10
Reproductive: 16, mutating: 0.25
Generation: 39
####################################
Wall (up, right, down, left):
[0, 0, 0, 0] [0, 0, 0, 0] [0, 0, 5, 0] [0, 0, 0, 0] [0, 0, 0, 0] [0, 0, 0, 0] [0, 0, 0, 0]
[0, 0, 0, 0] [0, 0, 0, 0] [0, 0, 0, 0] [0, 0, 0, 2] [0, 0, 0, 0] [0, 0, 0, 0] [0, 0, 0, 0]
[0, 0, 0, 0] [0, 0, 0, -2] [0, 0, 0, 0] [-20, 0, 0, 0] [0, 0, 0, 0] [0, 0, 0, 0] [0, 0, 0, 0]
[0, 0, 0, -5] [0, 0, 0, 0] [0, 0, 0, -20] [0, 0, 0, 0] [0, -20, 0, 0] [0, 0, 0, 0] [0, 0, 0, 0]
[0, 0, -1, 0] [0, 0, 0, 0] [0, 0, 0, 0] [0, 0, -20, 0] [0, 0, 0, 0] [0, 0, 0, 0] [0, 0, 0, 0]
[0, 0, 0, 0] [0, 0, 0, 0] [0, 0, 0, 0] [0, 0, 0, 0] [0, 0, 0, 0] [3, 0, 0, 0] [0, 0, 0, 0]
[0, 0, 0, 0] [0, 0, 0, 0] [0, 0, 0, 0] [0, 0, 0, 0] [0, 0, 0, 0] [0, 0, 0, 0] [0, 0, 2, 0]
Food (up, right, down, left):
[0, 0, 0, 0] [0, 0, 0, 0] [-5, 0, 0, 0] [0, 0, 0, 0] [0, 0, 0, 0] [0, 0, 0, 0] [0, 0, 0, 0]
[0, 0, 0, 0] [0, 0, 0, 0] [0, 0, 0, 0] [0, 0, -1, 0] [0, 0, 0, 0] [0, 0, 0, 0] [0, 0, 0, 0]
[0, 0, 0, 0] [3, 0, 0, 0] [0, 0, 0, 0] [20, 0, 0, 0] [0, 0, 0, 0] [0, 0, 0, 0] [0, 0, 0, 0]
[0, -3, 0, 0] [0, 0, 0, 0] [0, 0, 0, 20] [0, 0, 0, 0] [0, 20, 0, 0] [0, 0, 0, 0] [0, 0, 0, 0]
[4, 0, 0, 0] [0, 0, 0, 0] [0, 0, 0, 0] [0, 0, 20, 0] [0, 0, 0, 0] [0, 0, 0, 0] [0, 0, 0, 0]
[0, 0, 0, 0] [0, 0, 0, 0] [0, 0, 0, 0] [0, 0, 0, 0] [0, 0, 0, 0] [0, 0, 0, 1] [0, 0, 0, 0]
[0, 0, 0, 0] [0, 0, 0, 0] [0, 0, 0, 0] [0, 0, 0, 0] [0, 0, 0, 0] [0, 0, 0, 0] [0, 0, 0, -4]
------------------------------
ALIVE
Head: (10 3)
Body: (10 3) (9 3) (9 4) (10 4) (11 4) (12 4) (13 4) (14 4) (14 3) (15 3) (15 4) (16 4) (17 4) (17 3) 
Length: 14, 4
Vision: 3
Hungry, suplies: 7/10
Reproductive: 16, mutating: 0.25
Generation: 38
####################################
Wall (up, right, down, left):
[0, 0, 0, 0] [0, 0, 0, 0] [0, 0, 5, 0] [0, 0, 0, 0] [0, 0, 0, 0] [0, 0, 0, 0] [0, 0, 0, 0]
[0, 0, 0, 0] [0, 0, 0, 0] [0, 0, 0, 0] [0, 0, 4, 2] [0, 0, 0, 0] [0, 0, 0, 0] [0, 0, 0, 0]
[0, 0, 0, 0] [0, 0, 0, -1] [0, 0, 0, 0] [-20, 0, 0, 0] [0, 0, 0, 0] [0, 0, 0, 0] [0, 0, 0, 0]
[0, 0, 0, -5] [0, 0, 0, 0] [0, 0, 0, -20] [0, 0, 0, 0] [0, -20, 0, 0] [0, 0, 0, 0] [0, 0, 0, 0]
[0, 0, -1, 0] [0, 0, 0, 0] [0, 0, 0, 0] [0, 0, -20, 0] [0, 0, 0, 0] [0, 0, 0, 0] [0, 0, 0, 0]
[0, 0, 0, 0] [0, 0, 0, 0] [0, 0, 0, 0] [0, 0, 0, 0] [0, 0, 0, 0] [3, 0, 0, 0] [0, 0, 0, 0]
[0, 0, 0, 8] [0, 0, 0, 0] [0, 0, 0, 0] [0, 0, 0, 0] [0, 0, 0, 0] [0, 0, 0, 0] [0, 0, 2, 0]
Food (up, right, down, left):
[0, 0, 0, 0] [0, 0, 0, 0] [-5, 0, 0, 0] [0, 0, 0, 0] [0, 0, 0, 0] [0, 0, 0, 0] [0, 0, 0, 0]
[0, 0, 0, 0] [0, 0, 0, 0] [0, 0, 0, 0] [4, 0, -1, 0] [0, 0, 0, 0] [0, 0, 0, 0] [0, 0, 0, 0]
[0, 0, 0, 0] [3, 0, 3, 0] [0, 0, 0, 0] [20, 0, 0, 0] [0, 0, 0, 0] [0, 0, 0, 0] [0, 0, 0, 0]
[0, -3, 0, 0] [0, 0, 0, 0] [0, 0, 0, 20] [0, 0, 0, 0] [0, 20, 0, 0] [0, 0, 0, 0] [0, 0, 0, 0]
[4, 0, 0, 0] [0, 0, 0, 0] [0, 0, 0, 0] [0, 0, 20, 0] [0, 0, 0, 0] [0, 0, 0, 0] [0, 0, 0, 0]
[0, 0, 0, 0] [0, 0, 0, 0] [0, 0, 0, 0] [0, 0, 0, 0] [0, 0, 0, 0] [0, 0, 0, 1] [0, 0, 0, 0]
[-1, 0, 0, 0] [0, 0, 0, 0] [0, 0, 0, 0] [0, 0, 0, 0] [0, 0, 0, 0] [0, 0, 0, 0] [0, 0, 0, -4]
------------------------------
ALIVE
Head: (2 46)
Body: (2 46) (1 46) (1 45) (2 45) (3 45) (4 45) (4 46) (4 47) 
Length: 8, 4
Vision: 3
Hungry, suplies: 3/10
Reproductive: 16, mutating: 0.25
Generation: 44
####################################
Wall (up, right, down, left):
[0, 0, 0, 0] [0, 0, 0, 0] [0, 0, 0, 0] [0, 0, 0, 0] [0, 0, -1, 0] [-3, 0, 0, 0] [0, 0, 0, 0]
[0, 0, 0, 0] [0, 0, 0, 0] [0, 0, 0, 0] [0, 0, 0, 0] [0, 0, 0, 0] [0, 0, 0, 0] [0, 0, 0, 0]
[0, 0, 0, 0] [0, 0, 0, 0] [0, 0, 0, 0] [-20, 0, 0, 0] [0, 0, 0, 4] [0, 0, 0, 0] [0, 0, 0, -4]
[0, 0, 0, -5] [0, 0, 0, 0] [0, 0, 0, -20] [0, 0, 0, 0] [0, -20, 0, 0] [0, 0, 0, 0] [0, 0, 0, 0]
[0, 0, 0, -5] [0, 0, 0, 0] [0, 0, 0, 0] [0, 0, -20, 0] [0, 0, -4, 0] [0, 0, 0, 5] [0, 0, 0, 0]
[0, 0, -5, 0] [0, 0, 0, 0] [0, 0, 0, 0] [0, 0, 0, 0] [0, 0, 0, 0] [0, 0, 0, 0] [0, 0, 0, 0]
[0, 0, 0, 0] [0, 0, 0, 0] [0, 0, 0, 0] [0, 0, 0, 0] [0, -1, 0, 0] [0, 0, 0, 0] [0, 0, 0, 0]
Food (up, right, down, left):
[0, 0, 0, 0] [0, 0, 0, 0] [0, 0, 0, 0] [0, 0, 0, 0] [0, 5, 0, 0] [0, 0, 0, -3] [0, 0, 0, 0]
[0, 0, 0, 0] [0, 0, 0, 0] [0, 0, 0, 0] [0, 0, 0, 0] [0, 0, 0, 0] [0, 0, 0, 0] [0, 0, 0, 0]
[0, 0, 0, 0] [0, 0, 0, 0] [0, 0, 0, 0] [20, 0, 0, 0] [0, 0, 0, 0] [0, 0, 0, 0] [0, 0, 0, 0]
[0, -3, 0, 0] [0, 0, 0, 0] [0, 0, 0, 20] [0, 0, 0, 0] [0, 20, 0, 0] [3, 0, 0, 0] [0, 0, 0, 0]
[0, 0, 0, 0] [0, 0, 0, 0] [0, 0, 0, 0] [0, 0, 20, 0] [1, 0, 0, 0] [0, 0, 0, -4] [0, 0, 0, 0]
[-3, 0, 0, 0] [0, 0, 0, 0] [0, 0, -5, 0] [0, 0, 0, 0] [0, 0, 0, 0] [0, 0, 0, 0] [0, 0, 0, 0]
[0, 0, 0, 0] [0, 0, 0, 0] [0, 0, 0, 0] [0, 0, 0, 0] [0, 3, 0, 0] [0, 0, 0, 0] [0, 0, 0, 0]
------------------------------
ALIVE
Head: (12 11)
Body: (12 11) (13 11) (13 12) (12 12) (11 12) (11 11) (11 10) (10 10) (10 11) (10 12) (10 13) 
Length: 11, 4
Vision: 3
Hungry, suplies: 10/10
Reproductive: 16, mutating: 0.25
Generation: 56
####################################
Wall (up, right, down, left):
[0, 0, 0, 0] [0, 0, 0, 0] [0, 0, 0, 0] [0, 0, 0, 0] [0, 0, -1, 0] [-3, 0, 0, 0] [0, 0, 0, 0]
[0, 0, 0, 0] [0, 0, 0, 0] [0, 0, 0, 0] [0, 0, 0, 0] [0, 0, 0, 0] [0, 0, 0, 0] [0, 0, 0, 0]
[-5, 0, 0, 0] [0, 0, 0, 0] [0, 0, 0, 0] [-20, 0, 0, 0] [0, 0, 0, 4] [0, 0, 0, 0] [0, 0, 0, -4]
[0, 0, 0, -5] [0, 0, 0, 0] [0, 0, 0, -20] [0, 0, 0, 0] [0, -20, 0, 0] [0, 0, 0, 0] [0, 0, 0, 0]
[0, 0, 0, -5] [0, 0, 0, 0] [0, 0, 0, 0] [0, 0, -20, 0] [0, 0, -4, 0] [0, 0, 0, 5] [0, 0, 0, 0]
[0, 0, -5, 0] [0, 0, 0, 0] [0, 0, 0, 0] [0, 0, 0, 0] [0, 0, 0, 0] [0, 0, 0, 0] [0, 0, 0, 0]
[0, 0, 0, 0] [0, 0, 0, 0] [0, 0, 0, 0] [0, 0, 0, 0] [0, -1, 0, 0] [0, 0, 0, 0] [0, 0, 0, 0]
Food (up, right, down, left):
[0, 0, 0, 0] [0, 0, 0, 0] [0, 0, 0, 0] [0, 0, 0, 0] [0, 5, 0, 0] [0, 0, 0, -3] [0, 0, 0, 0]
[0, 0, 0, 0] [0, 0, 0, 0] [0, 0, 0, 0] [0, 0, 0, 0] [0, 0, 0, 0] [0, 0, 0, 0] [0, 0, 0, 0]
[0, 0, 0, 2] [0, 0, 0, 0] [0, 0, 0, 0] [20, 0, 0, 0] [0, 0, 0, 0] [0, 0, 0, 0] [0, 0, 0, 0]
[0, -3, 0, 0] [0, 0, 0, 0] [0, 0, 0, 20] [0, 0, 0, 0] [0, 20, 0, 0] [3, 0, 0, 0] [0, 0, 0, 0]
[0, 0, 0, 0] [0, 0, 0, 0] [0, 0, 0, 0] [0, 0, 20, 0] [1, 0, 0, 0] [0, 0, 0, -4] [0, 0, 0, 0]
[-3, 0, 0, 0] [0, 0, 0, 0] [0, 0, 0, 0] [0, 0, 0, 0] [0, 0, 0, 0] [0, 0, 0, 0] [0, 0, 0, 0]
[0, 0, 0, 0] [0, 0, 0, 0] [0, 0, 0, 0] [0, 0, 0, 0] [0, 3, 0, 0] [0, 0, 0, 0] [0, 0, 0, 0]
------------------------------
ALIVE
Head: (22 29)
Body: (22 29) (22 30) (21 30) (20 30) (20 29) (19 29) (19 30) (19 31) (19 32) (19 33) 
Length: 10, 4
Vision: 3
Hungry, suplies: 9/10
Reproductive: 16, mutating: 0.25
Generation: 54
####################################
Wall (up, right, down, left):
[0, 0, 0, 0] [0, 0, 0, 0] [0, 0, 5, 0] [0, 0, 0, 0] [0, 0, 0, 0] [0, 0, 0, 0] [0, 0, 0, 0]
[0, 0, 0, 0] [0, 0, 0, 0] [0, 0, 0, 0] [0, 0, 0, 2] [0, 0, 0, 0] [0, 0, 0, 0] [0, 0, 0, 0]
[0, 0, 0, 0] [0, 0, 0, -2] [0, 0, 0, 0] [-20, 0, 0, 0] [0, 0, 0, 0] [0, 0, 0, 0] [0, 0, 0, 0]
[0, 0, 0, -5] [0, 0, 0, 0] [0, 0, 0, -20] [0, 0, 0, 0] [0, -20, 0, 0] [0, 0, 0, 0] [0, 0, 0, 0]
[0, 0, -1, 0] [0, 0, 0, 0] [0, 0, 0, 0] [0, 0, -20, 0] [0, 0, 0, 0] [0, 0, 0, 0] [0, 0, 0, 0]
[0, 0, 0, 0] [0, 0, 0, 0] [0, 0, 0, 0] [0, 0, 0, 0] [0, 0, 0, 0] [3, 0, 0, 0] [0, 0, 0, 0]
[0, 0, 0, 0] [0, 0, 0, 0] [0, 0, 0, 0] [0, 0, 0, 0] [0, 0, 0, 0] [0, 0, 0, 0] [0, 0, 2, 0]
Food (up, right, down, left):
[0, 0, 0, 0] [0, 0, 0, 0] [-5, 0, 0, 0] [0, 0, 0, 0] [0, 0, 0, 0] [0, 0, 0, 0] [0, 0, 0, 0]
[0, 0, 0, 0] [0, 0, 0, 0] [0, 0, 0, 0] [0, 0, -1, 0] [0, 0, 0, 0] [0, 0, 0, 0] [0, 0, 0, 0]
[0, 0, 0, 0] [3, 0, 0, 0] [0, 0, 0, 0] [20, 0, 0, 0] [0, 0, 0, 0] [0, 0, 0, 0] [0, 0, 0, 0]
[0, -3, 0, 0] [0, 0, 0, 0] [0, 0, 0, 20] [0, 0, 0, 0] [0, 20, 0, 0] [0, 0, 0, 0] [0, 0, 0, 0]
[4, 0, 0, 0] [0, 0, 0, 0] [0, 0, 0, 0] [0, 0, 20, 0] [0, 0, 0, 0] [0, 0, 0, 0] [0, 0, 0, 0]
[0, 0, 0, 0] [0, 0, 0, 0] [0, 0, 0, 0] [0, 0, 0, 0] [0, 0, 0, 0] [0, 0, 0, 1] [0, 0, 0, 0]
[0, 0, 0, 0] [0, 0, 0, 0] [0, 0, 0, 0] [0, 0, 0, 0] [0, 0, 0, 0] [0, 0, 0, 0] [0, 0, 0, -4]
------------------------------
ALIVE
Head: (21 27)
Body: (21 27) (20 27) (19 27) (19 28) (18 28) (18 29) (17 29) (17 28) (16 28) (15 28) (15 29) 
Length: 11, 4
Vision: 3
Hungry, suplies: 8/10
Reproductive: 16, mutating: 0.25
Generation: 39
####################################
Wall (up, right, down, left):
[0, 0, 0, 0] [0, 0, 0, 0] [0, 0, 5, 0] [0, 0, 0, 0] [0, 0, 0, 0] [0, 0, 0, 0] [0, 0, 0, 0]
[0, 0, 0, 0] [0, 0, 0, 0] [0, 0, 0, 0] [0, 0, 0, 2] [0, 0, 0, 0] [0, 0, 0, 0] [0, 0, 0, 0]
[0, 0, 0, 0] [0, 0, 0, -2] [-1, 0, 0, 0] [-20, 0, 0, 0] [0, 0, 0, 0] [0, 0, 0, 0] [0, 0, 0, 0]
[0, 0, 0, -5] [0, 0, 0, 0] [0, 0, 0, -20] [0, 0, 0, 0] [0, -20, 0, 0] [0, 0, 0, 0] [0, 0, 0, 0]
[0, 0, -1, 0] [0, 0, 0, 0] [0, 0, 0, 0] [0, 0, -20, 0] [0, 0, 0, 0] [0, 0, 0, 0] [0, 0, 0, 0]
[0, 0, 0, 0] [0, 0, 0, 0] [0, 0, 0, 0] [0, 0, 0, 0] [0, 0, 0, 0] [3, 0, 0, 0] [0, 0, 0, 0]
[0, 0, 0, 0] [0, 0, 0, 0] [0, 0, 0, 0] [0, 0, 0, 0] [0, 0, 0, 0] [0, 0, 0, 0] [0, 0, 2, 0]
Food (up, right, down, left):
[0, 0, 0, 0] [0, 0, 0, 0] [-5, 0, 0, 0] [0, 0, 0, 0] [0, 0, 0, 0] [0, 0, 0, 0] [0, 0, 0, 0]
[0, 0, 0, 0] [0, 0, 0, 0] [0, 0, 0, 0] [0, 0, -1, 0] [0, 0, 0, 0] [0, 0, 0, 0] [0, 0, 0, 0]
[0, 0, 0, 0] [3, 0, 0, 0] [-3, 0, 0, 0] [20, 0, 0, 0] [0, 0, 0, 0] [0, 0, 0, 0] [0, 0, 0, 0]
[0, -3, 0, 0] [0, 0, 0, 0] [0, 0, 0, 20] [0, 0, 0, 0] [0, 20, 0, 0] [0, 0, 0, 0] [0, 0, 0, 0]
[4, 0, 0, 0] [0, 0, 0, 0] [0, 0, 0, 0] [0, 0, 20, 0] [0, 0, 0, 0] [0, 0, 0, 0] [0, 0, 0, 0]
[0, 0, 0, 0] [0, 0, 0, 0] [0, 0, 0, 0] [0, 0, 0, 0] [0, 0, 0, 0] [0, 0, 0, 1] [0, 0, 0, 0]
[0, 0, 0, 0] [0, 0, 0, 0] [0, 0, 0, 0] [0, 0, 0, 0] [0, 0, 0, 0] [0, 0, 0, 0] [0, 0, 0, -4]
------------------------------
ALIVE
Head: (24 45)
Body: (24 45) (23 45) (22 45) (22 46) (23 46) (23 47) (22 47) (22 48) (23 48) (24 48) (24 49) (23 49) (22 49) (21 49) (20 49) 
Length: 15, 4
Vision: 3
Hungry, suplies: 10/10
Reproductive: 16, mutating: 0.25
Generation: 40
####################################
Wall (up, right, down, left):
[0, 0, 0, 0] [0, 0, 0, 0] [0, 0, 5, 0] [0, 0, 0, 0] [0, 0, 0, 0] [0, 0, 0, 0] [0, 0, 0, 0]
[0, 0, 0, 0] [0, 0, 0, 0] [0, 0, 0, 0] [0, 0, 0, 2] [0, 0, 0, 0] [0, 0, 0, 5] [0, 0, 0, 0]
[0, 0, 0, 0] [0, 0, 0, -2] [0, 0, 0, 0] [-20, 0, 0, 0] [0, 0, 0, 0] [0, 0, 0, 0] [0, 0, 0, 0]
[0, 0, 0, -5] [0, 0, 0, 0] [0, 0, 0, -20] [0, 0, 0, 0] [0, -20, 0, 0] [0, 0, 0, 0] [0, 0, 0, 0]
[0, 0, -1, 0] [0, 0, 0, 0] [0, 0, 0, 0] [0, 0, -20, 0] [0, 0, 0, 0] [0, 0, 1, 0] [0, 0, 0, 0]
[0, 0, 0, 0] [0, 0, 0, 0] [0, 0, 0, 0] [0, 0, 0, 0] [0, 0, 0, 0] [3, 0, 0, 0] [0, 0, 0, 0]
[0, 0, 0, 3] [0, 0, 0, 0] [0, 0, 4, 0] [0, 0, 0, 0] [0, 0, 0, 0] [0, 0, 0, 0] [0, 0, 2, 0]
Food (up, right, down, left):
[0, 0, 0, 0] [0, 0, 0, 0] [-5, 0, 0, 0] [0, 0, 0, 0] [0, 0, 0, 0] [0, 0, 0, 0] [0, 0, 0, 0]
[0, 0, 0, 0] [0, 0, 0, 0] [0, 0, 0, 0] [0, 0, -1, 0] [0, 0, 0, 0] [2, 0, 0, 0] [0, 0, 0, 0]
[0, 0, 0, 0] [3, 0, 0, 0] [0, 0, 0, 0] [20, 0, 0, 0] [0, 0, 0, 0] [0, 0, 0, 0] [0, 0, 0, 0]
[0, -3, 0, 0] [0, 0, 0, 0] [0, 0, 0, 20] [0, 0, 0, 0] [0, 20, 0, 0] [0, 0, 0, 0] [0, 0, 0, 0]
[4, 0, 0, 0] [0, 0, 0, 0] [0, 0, 0, 0] [0, 0, 20, 0] [0, 0, 0, 0] [0, 0, 2, 0] [0, 0, 0, 0]
[0, 0, 0, 0] [0, 0, 0, 0] [0, 0, 0, 0] [0, 0, 0, 0] [0, 0, 0, 0] [0, 0, 0, 1] [0, 0, 0, 0]
[4, 0, 0, 0] [0, 0, 0, 0] [0, 0, 0, 0] [0, 0, 0, 0] [0, 0, 0, 0] [0, 0, 0, 0] [0, 0, 0, -4]
------------------------------
ALIVE
Head: (24 21)
Body: (24 21) (24 22) (23 22) (22 22) (21 22) (20 22) (20 21) (19 21) (18 21) (17 21) (17 20) 
Length: 11, 4
Vision: 3
Hungry, suplies: 5/10
Reproductive: 16, mutating: 0.25
Generation: 47
####################################
Wall (up, right, down, left):
[0, 0, 0, 0] [0, 0, 0, 0] [0, 0, 5, 0] [0, 0, 0, 0] [0, 0, 0, 0] [0, 0, 0, 0] [0, 0, 0, 0]
[0, 0, 0, 0] [0, 0, 0, 0] [0, 0, 0, 0] [0, 0, 0, 2] [0, 0, 0, 0] [0, 0, 0, 0] [0, 0, 0, 0]
[0, 0, 0, 0] [0, 0, 0, -2] [0, 0, 0, 0] [-20, 0, 0, 0] [0, 0, 0, 0] [0, 0, 0, 0] [0, 0, 0, 0]
[0, 0, 0, -5] [0, 0, 0, 0] [0, 0, 0, -18] [0, 0, 0, 0] [0, -20, 0, 0] [0, 0, 0, 0] [0, 0, 0, 0]
[0, 0, -1, 0] [0, 0, 0, 0] [0, 0, 0, 0] [0, 0, -20, 0] [0, 0, 0, 0] [0, 0, 0, 0] [0, 0, 0, 0]
[0, 0, 0, 0] [0, 0, 0, 0] [0, 0, 0, 0] [0, 0, 0, 0] [0, 0, 0, 0] [3, 0, 0, 0] [0, 0, 0, 0]
[0, 0, 0, 0] [0, 0, 0, 0] [0, 0, 0, 0] [0, 0, 0, 0] [0, 0, 0, 0] [0, 0, 0, 0] [0, 0, 2, 0]
Food (up, right, down, left):
[0, 0, 0, 0] [0, 0, 0, 0] [-5, 0, 0, 0] [0, 0, 0, 0] [0, 0, 0, 0] [0, 0, 0, 0] [0, 0, 0, 0]
[0, 0, 0, 0] [0, 0, 0, 0] [0, 0, 0, 0] [0, 0, -1, 0] [0, 0, 0, 0] [0, 0, 0, 0] [0, 0, 0, 0]
[0, 0, 0, 0] [3, 0, 0, 0] [0, 0, 0, 0] [20, 0, 0, 0] [0, 0, 0, 0] [0, 0, 0, 0] [0, 0, 0, 0]
[0, -3, 0, 0] [0, 0, 0, 0] [0, 0, 1, 20] [0, 0, 0, 0] [0, 20, 0, 0] [0, 0, 0, 0] [0, 0, 0, 0]
[4, 0, 0, 0] [0, 0, 0, 0] [0, 0, 0, 0] [0, 0, 20, 0] [0, 0, 0, 0] [0, 0, 0, 0] [0, 0, 0, 0]
[0, 0, 0, 0] [0, 0, 0, 0] [0, 0, 0, 0] [0, 0, 0, 0] [0, 0, 0, 0] [0, 0, 0, 1] [0, 0, 0, 0]
[0, 0, 0, 0] [0, 0, 0, 0] [0, 0, 0, 0] [0, 0, 0, 0] [0, 0, 0, 0] [0, 0, 0, 0] [0, 0, 0, -4]
------------------------------
ALIVE
Head: (10 49)
Body: (10 49) (10 50) (9 50) (8 50) (8 49) (7 49) (7 50) (6 50) (5 50) (4 50) (4 51) 
Length: 11, 4
Vision: 3
Hungry, suplies: 10/10
Reproductive: 16, mutating: 0.25
Generation: 40
####################################
Wall (up, right, down, left):
[0, 0, 0, 0] [0, 0, 0, 0] [0, 0, 5, 0] [0, 0, 0, 0] [0, 0, 0, 0] [0, 0, 0, 0] [0, 0, 0, 0]
[0, 0, 0, 0] [0, 0, 0, 0] [0, 0, 0, 0] [0, 0, 4, 2] [0, 0, 0, 0] [0, 0, 0, 0] [0, 0, 0, 0]
[0, 0, 0, 0] [0, 0, 0, -1] [0, 0, 0, 0] [-20, 0, 0, 0] [0, 0, 0, 0] [0, 0, 0, 0] [0, 0, 0, 0]
[0, 0, 0, -5] [0, 0, 0, 0] [0, 0, 0, -20] [0, 0, 0, 0] [0, -20, 0, 0] [0, 0, 0, 0] [0, 0, 0, 0]
[0, 0, -1, 0] [0, 0, 0, 0] [0, 0, 0, 0] [0, 0, -20, 0] [0, 0, 0, 0] [0, 0, 0, 0] [0, 0, 0, 0]
[0, 0, 0, 0] [0, 0, 0, 0] [0, 0, 0, 0] [0, 0, 0, 0] [0, 0, 0, 0] [3, 0, 0, 0] [0, 0, 0, 0]
[0, 0, 0, 8] [0, 0, 0, 0] [0, 0, 0, 0] [0, 0, 0, 0] [0, 0, 0, 0] [0, 0, 0, 0] [0, 0, 2, 0]
Food (up, right, down, left):
[0, 0, 0, 0] [0, 0, 0, 0] [-5, 0, 0, 0] [0, 0, 0, 0] [0, 0, 0, 0] [0, 0, 0, 0] [0, 0, 0, 0]
[0, 0, 0, 0] [0, 0, 0, 0] [0, 0, 0, 0] [4, 0, -1, 0] [0, 0, 0, 0] [0, 0, 0, 0] [0, 0, 0, 0]
[0, 0, 0, 0] [3, 0, 3, 0] [0, 0, 0, 0] [20, 0, 0, 0] [0, 0, 0, 0] [0, 0, 0, 0] [0, 0, 0, 0]
[0, -3, 0, 0] [0, 0, 0, 0] [0, 0, 0, 20] [0, 0, 0, 0] [0, 20, 0, 0] [0, 0, 0, 0] [0, 0, 0, 0]
[4, 0, 0, 0] [0, 0, 0, 0] [0, 0, 0, 0] [0, 0, 20, 0] [0, 0, 0, 0] [0, 0, 0, 0] [0, 0, 0, 0]
[0, 0, 0, 0] [0, 0, 0, 0] [0, 0, 0, 0] [0, 0, 0, 0] [0, 0, 0, 0] [0, 0, 0, 1] [0, 0, 0, 0]
[-1, 0, 0, 0] [0, 0, 0, 0] [0, 0, 0, 0] [0, 0, 0, 0] [0, 5, 0, 0] [0, 0, 0, 0] [0, 0, 0, -4]
------------------------------
ALIVE
Head: (12 48)
Body: (12 48) (13 48) (13 47) (12 47) (11 47) (10 47) (9 47) (9 46) (8 46) (7 46) (6 46) (5 46) (5 47) (6 47) (6 48) 
Length: 15, 4
Vision: 3
Hungry, suplies: 10/10
Reproductive: 16, mutating: 0.25
Generation: 45
####################################
Wall (up, right, down, left):
[0, 0, 0, 0] [0, 0, 0, 0] [0, 0, 0, 0] [0, 0, 0, 0] [0, 0, -1, 0] [-3, 0, 0, 0] [0, 0, 0, 0]
[0, 0, 0, 0] [0, 0, 0, 0] [0, 0, 0, 0] [0, 0, 0, 0] [0, 0, 0, 0] [0, 0, 0, 0] [0, 0, 0, 0]
[0, 0, 0, 0] [0, 0, 0, 0] [0, 0, 0, 0] [-20, 0, 0, 0] [0, 0, 0, 4] [0, 0, 0, 0] [0, 0, 0, -4]
[0, 0, 0, -5] [0, 0, 0, 0] [0, 0, 0, -20] [0, 0, 0, 0] [0, -20, 0, 0] [0, 0, 0, 0] [0, 0, 0, 0]
[0, 0, 0, -5] [0, 0, 0, 0] [0, 0, 0, 0] [0, 0, -20, 0] [0, 0, -4, 0] [0, 0, 0, 4] [0, 0, 0, 0]
[0, 0, -5, 0] [0, 0, 0, 0] [0, 0, 0, 0] [0, 0, 0, 0] [0, 0, 0, 0] [0, 0, 0, 0] [0, 0, 0, 0]
[0, 0, 0, 0] [0, 0, 0, 0] [0, 0, 0, 0] [0, 0, 0, 0] [0, -1, 0, 0] [0, 0, 0, 0] [0, 0, 0, 0]
Food (up, right, down, left):
[0, 0, 0, 0] [0, 0, 0, 0] [0, 0, 0, 0] [0, 0, 0, 0] [0, 5, 0, 0] [0, 0, 0, -3] [0, 0, 0, 0]
[0, 0, 0, 0] [0, 0, 0, 0] [0, 0, 0, 0] [0, 0, 0, 0] [0, 0, 0, 0] [0, 0, 0, 0] [0, 0, 0, 0]
[0, 0, 0, 0] [0, 0, 0, 0] [0, 0, 0, 0] [20, 0, 0, 0] [0, 0, 0, 0] [0, 0, 0, 0] [0, 0, 0, 0]
[0, -3, 0, 0] [0, 0, 0, 0] [0, 0, 0, 20] [0, 0, 0, 0] [0, 20, 0, 0] [0, 0, 0, 0] [0, 0, 0, 0]
[0, 0, 0, 0] [0, 0, 0, 0] [0, 0, 0, 0] [0, 0, 20, 0] [1, 0, 0, 0] [0, -2, 0, -4] [0, 0, 0, 0]
[-3, 0, 0, 0] [0, 0, 0, 0] [0, 0, 0, 0] [0, 0, 0, 0] [0, 0, 0, 0] [0, 0, 0, 0] [0, 0, 0, 0]
[0, 0, 0, 0] [0, 0, 0, 0] [0, 0, 0, 0] [0, 0, 0, 0] [0, 3, 0, 0] [0, 0, 0, 0] [0, 0, 0, 0]
------------------------------
ALIVE
Head: (10 23)
Body: (10 23) (10 22) (10 21) (10 20) (10 19) (11 19) (11 18) (11 17) (10 17) (10 16) (9 16) (9 17) 
Length: 12, 4
Vision: 3
Hungry, suplies: 8/10
Reproductive: 16, mutating: 0.25
Generation: 55
####################################
Wall (up, right, down, left):
[0, 0, 0, 0] [0, 0, 0, 0] [0, 0, 0, 0] [0, 0, 0, 0] [0, 0, -1, 0] [-3, 0, 0, 0] [0, 0, 0, 0]
[0, 0, 0, 0] [0, 0, 0, 0] [0, 0, 0, 0] [0, 0, 0, 0] [0, 0, 0, 0] [0, 0, 0, 0] [0, 0, 0, 0]
[0, 0, 0, 0] [0, 0, 0, 0] [0, 0, 0, 0] [-20, 0, 0, 0] [0, 0, 0, 4] [0, 0, 0, 0] [0, 0, 0, -4]
[0, 0, 0, -5] [0, 0, 0, 0] [0, 0, 0, -20] [0, 0, 0, 0] [0, -20, 0, 0] [0, 0, 0, 0] [0, 0, 0, 0]
[0, 0, 0, -5] [0, 0, 0, 0] [0, 0, 0, 0] [0, 0, -20, 0] [0, 0, -4, 0] [0, 0, 0, 5] [0, 0, 0, 0]
[0, 0, -5, 0] [0, 0, 0, 0] [0, 0, 0, 0] [0, 0, 0, 0] [0, 0, 0, 0] [0, 0, 0, 0] [0, 0, 0, 0]
[0, 0, 0, 0] [0, 0, 0, 0] [0, 0, 0, 0] [0, 0, 0, 0] [0, -1, 0, 0] [0, 0, 0, 0] [0, 0, 0, 0]
Food (up, right, down, left):
[0, 0, 0, 0] [0, 0, 0, 0] [0, 0, 0, 0] [0, 0, 0, 0] [0, 5, 0, 0] [0, 0, 0, -3] [0, 0, 0, 0]
[0, 0, 0, 0] [0, 0, 0, 0] [0, 0, 0, 0] [0, 0, 0, 0] [0, 0, 0, 0] [0, 0, 0, 0] [0, 0, 0, 0]
[0, 0, 0, 0] [0, 0, 0, 0] [0, 0, 0, 0] [20, 0, 0, 0] [0, 0, 0, 0] [0, 0, 0, 0] [0, 0, 0, 0]
[0, -3, 0, 0] [0, 0, 0, 0] [0, 0, 0, 20] [0, 0, 0, 0] [0, 20, 0, 0] [3, 0, 0, 0] [0, 0, 0, 0]
[0, 0, 0, 0] [0, 0, 0, 0] [0, 0, 0, 0] [0, 0, 20, 0] [1, 0, 0, 0] [0, 0, 0, -4] [0, 0, 0, 0]
[-3, 0, 0, 0] [0, 0, 0, 0] [0, 0, -5, 0] [0, 0, 0, 0] [0, 0, 0, 0] [0, 0, 0, 0] [0, 0, 0, 0]
[0, 0, 0, 0] [0, 0, 0, 0] [0, 0, 0, 0] [0, 0, 0, 0] [0, 3, 0, 0] [0, 0, 0, 0] [0, 0, 0, 0]
------------------------------
ALIVE
Head: (11 22)
Body: (11 22) (11 21) (12 21) (13 21) (13 20) (12 20) (12 19) (13 19) (13 18) (12 18) (12 17) 
Length: 11, 4
Vision: 3
Hungry, suplies: 8/10
Reproductive: 16, mutating: 0.25
Generation: 57
####################################
Wall (up, right, down, left):
[0, 0, 0, 0] [0, 0, 0, 0] [0, 0, 0, 0] [0, 0, 0, 0] [0, 0, -1, 0] [-3, 0, 0, 0] [0, 0, 0, 0]
[0, 0, 0, 0] [0, 0, 0, 0] [0, 0, 0, 0] [0, 0, 0, 0] [0, 0, 0, 0] [0, 0, 0, 0] [0, 0, 0, 0]
[0, 0, 0, 0] [0, 0, 0, 0] [0, 0, 0, 0] [-20, 0, 0, 0] [0, 0, 0, 4] [0, 0, 0, 0] [0, 0, 0, -4]
[0, 0, 0, -5] [0, 0, 0, 0] [0, 0, 0, -20] [0, 0, 0, 0] [0, -20, 0, 0] [0, 0, 0, 0] [0, 0, 0, 0]
[0, 0, 0, -5] [0, 0, 0, 0] [0, 0, 0, 0] [0, 0, -20, 0] [0, 0, -4, 0] [0, 0, 2, 5] [0, 0, 0, 0]
[0, 0, -5, 0] [0, 0, 0, 0] [0, 0, 0, 0] [0, 0, 0, 0] [0, 0, 0, 0] [0, 0, 0, 0] [0, 0, 0, 0]
[0, 0, 0, 0] [0, 0, 0, 0] [0, 0, 0, 0] [0, 0, 0, 0] [0, -1, 0, 0] [0, 0, 0, 0] [0, 0, 0, 0]
Food (up, right, down, left):
[0, 0, 0, 0] [0, 0, 0, 0] [0, 0, 0, 0] [0, 0, 0, 0] [0, 5, 0, 0] [0, 0, 0, -3] [0, 0, 0, 0]
[0, 0, 0, 0] [0, 0, 0, 0] [0, 0, 0, 0] [0, 0, 0, 0] [0, 0, 0, 0] [0, 0, 0, 0] [0, 0, 0, 0]
[0, 0, 0, 0] [0, 0, 0, 0] [0, 0, 0, 0] [20, 0, 0, 0] [0, 0, 0, 0] [0, 0, 0, 0] [0, 0, 0, 0]
[0, -3, 0, 0] [0, 0, 0, 0] [0, 0, 0, 20] [0, 0, 0, 0] [0, 20, 0, 0] [3, 0, 0, 0] [0, 0, 0, 0]
[0, 0, 0, 0] [0, 0, 0, 0] [0, 0, 0, 0] [0, 0, 20, 0] [1, 0, 0, 0] [0, 0, 0, -4] [0, 0, 0, 0]
[-3, 0, 0, 0] [0, 0, 0, 0] [0, 0, -5, 0] [0, 0, 0, 0] [0, 0, 0, 0] [0, 0, 0, 0] [0, 0, 0, 0]
[0, 0, 0, 0] [0, 0, 0, 0] [0, 0, 0, 0] [0, 0, 0, 0] [0, 3, 0, 0] [0, 0, 0, 0] [0, 0, 0, 0]
------------------------------
ALIVE
Head: (13 14)
Body: (13 14) (12 14) (12 13) (13 13) (14 13) (14 12) (14 11) (14 10) (15 10) (16 10) 
Length: 10, 4
Vision: 3
Hungry, suplies: 10/10
Reproductive: 16, mutating: 0.25
Generation: 55
####################################
Wall (up, right, down, left):
[0, 0, 0, 0] [0, 0, 0, 0] [0, 0, 5, 0] [0, 0, 0, 0] [0, 0, 0, 0] [0, 0, 0, 0] [0, 0, 0, 0]
[0, 0, 0, 0] [0, 0, 0, 0] [0, 0, 0, 0] [0, 0, 0, 2] [0, 0, 0, 0] [0, 0, 0, 0] [0, 0, 0, 0]
[0, 0, 0, 0] [0, 0, 0, -2] [0, 0, 0, 0] [-20, 0, 0, 0] [0, 0, 0, 0] [0, 0, 0, 0] [0, 0, 0, 0]
[0, 0, 0, -5] [0, 0, 0, 0] [0, 0, 0, -20] [0, 0, 0, 0] [0, -20, 0, 0] [0, 0, 0, 0] [0, 0, 0, 0]
[0, 0, -1, 0] [0, 0, 0, 0] [0, 0, 0, 0] [0, 0, -20, 0] [0, 0, 0, 0] [0, 0, 0, 0] [0, 0, 0, 0]
[0, 0, 0, 0] [0, 0, 0, 0] [0, 0, 0, 0] [0, 0, 0, 0] [0, 0, 0, 0] [3, 0, 0, 0] [0, 0, 0, 0]
[0, 0, 0, 0] [0, 0, 0, 0] [0, 0, 0, 0] [0, 0, 0, 0] [0, 0, 0, 0] [0, 0, 0, 0] [0, 0, 2, 0]
Food (up, right, down, left):
[0, 0, 0, 0] [0, 0, 0, 0] [-5, 0, 0, 0] [0, 0, 0, 0] [0, 0, 0, 0] [0, 0, 0, 0] [0, 0, 0, 0]
[0, 0, 0, 0] [0, 0, 0, 0] [0, 0, 0, 0] [0, 0, -1, 0] [0, 0, 0, 0] [0, 0, 0, 0] [0, 0, 0, 0]
[0, 0, 0, 0] [3, 0, 0, 0] [0, 0, 0, 0] [20, 0, 0, 0] [0, 0, 0, 0] [0, 0, 0, 0] [0, 0, 0, 0]
[0, -3, 0, 0] [0, 0, 0, 0] [0, 0, 0, 20] [0, 0, 0, 0] [0, 20, 0, 0] [0, 0, 0, 0] [0, 0, 0, 0]
[4, 0, 0, 0] [0, 0, 0, 0] [0, 0, 0, 0] [0, 0, 20, 0] [0, 0, 0, 0] [0, 0, 0, 0] [0, 0, 0, 0]
[0, 0, 0, 0] [0, 0, 0, 0] [0, 0, 0, 0] [0, 0, 0, 0] [0, 0, 0, 0] [0, 0, 0, 1] [0, 0, 0, 0]
[0, 0, 0, 0] [0, 0, 0, 0] [0, 0, 0, 0] [0, 0, 0, 0] [0, 0, 0, 0] [0, 0, 0, 0] [0, 0, 0, -4]
------------------------------
ALIVE
Head: (7 3)
Body: (7 3) (6 3) (6 2) (5 2) (4 2) (3 2) (2 2) (1 2) (1 1) 
Length: 9, 4
Vision: 3
Hungry, suplies: 9/10
Reproductive: 16, mutating: 0.25
Generation: 38
####################################
Wall (up, right, down, left):
[0, 0, 0, 0] [0, 0, 0, 0] [0, 0, 0, 0] [0, 0, 0, 0] [0, 0, -1, 0] [-3, 0, 0, 0] [0, 0, 0, 0]
[0, 0, 0, 0] [0, 0, 0, 0] [0, 0, 0, 0] [0, 0, 0, 0] [0, 0, 0, 0] [0, 0, 0, 0] [0, 0, 0, 0]
[0, 0, 1, 0] [0, 0, 0, 0] [0, 0, 0, 0] [-20, 0, 0, 0] [0, 0, 0, 4] [0, 0, 0, 0] [0, 0, 0, -4]
[0, 0, 0, -5] [0, 0, 0, 0] [0, 0, 0, -20] [0, 0, 0, 0] [0, -20, 0, 0] [0, 0, 0, 0] [0, 0, 0, 0]
[0, 0, 0, -5] [0, 0, 0, 0] [0, 0, 0, 0] [0, 0, -20, 0] [0, 0, -4, 0] [0, 0, 0, 5] [0, 0, 0, 0]
[0, 0, -5, 0] [0, 0, 0, 0] [0, 0, 0, 0] [0, 0, 0, 0] [0, 0, 0, 0] [0, 0, 0, 0] [0, 0, 0, 0]
[0, 0, 0, 0] [0, 0, 0, 0] [0, 0, 0, 0] [0, 0, 0, 0] [0, -1, 0, 0] [0, 0, 0, 0] [0, 0, 0, 0]
Food (up, right, down, left):
[0, 0, 0, 0] [0, 0, 0, 0] [0, 0, 0, 0] [0, 0, 0, 0] [0, 5, 0, 0] [0, 0, 0, -3] [0, 0, 0, 0]
[0, 0, 0, 0] [0, 0, 0, 0] [0, 0, 0, 0] [0, 0, 0, 0] [0, 0, 0, 0] [0, 0, 0, 0] [0, 0, 0, 0]
[0, 0, 0, 3] [0, 0, 0, 0] [0, 0, 0, 0] [20, 0, 0, 0] [0, 0, 0, 0] [0, 0, 0, 0] [0, 0, 0, 0]
[0, -3, 0, 0] [0, 0, 0, 0] [0, 0, 0, 20] [0, 0, 0, 0] [0, 20, 0, 0] [3, 0, 0, 0] [0, 0, 0, 0]
[0, 0, 0, 0] [0, 0, 0, 0] [0, 0, 0, 0] [0, 0, 20, 0] [1, 0, 0, 0] [0, 0, 0, -4] [0, 0, 0, 0]
[-3, 0, 0, 0] [0, 0, 0, 0] [0, 0, -5, 0] [0, 0, 0, 0] [0, 0, 0, 0] [0, 0, 0, 0] [0, 0, 0, 0]
[0, 0, 0, 0] [0, 0, 0, 0] [0, 0, 0, 0] [0, 0, 0, 0] [0, 3, 0, 0] [0, 0, 0, 0] [0, 0, 0, 0]
------------------------------
ALIVE
Head: (16 8)
Body: (16 8) (15 8) (15 7) (15 6) (15 5) (14 5) (14 6) (14 7) 
Length: 8, 4
Vision: 3
Hungry, suplies: 7/10
Reproductive: 16, mutating: 0.25
Generation: 56
####################################
Wall (up, right, down, left):
[0, 0, 0, 0] [0, 0, 0, 0] [0, 0, 0, 0] [0, 0, 0, 0] [0, 0, -1, 0] [-3, 0, 0, 0] [0, 0, 0, 0]
[0, 0, 0, 0] [0, 0, 0, 0] [0, 0, -4, 0] [0, 0, 0, 0] [0, 0, 0, 0] [0, 0, 0, 0] [0, 0, 0, 0]
[0, 0, 0, 0] [0, 0, 0, 0] [0, 0, 0, 0] [-20, 0, 0, 0] [0, 0, 0, 4] [0, 0, 0, 0] [0, 0, 0, -4]
[0, 0, 0, -5] [0, 0, 0, 0] [0, 0, 0, -20] [0, 0, 0, 0] [0, -20, 0, 0] [0, 0, 0, 0] [0, 0, 0, 0]
[0, 0, 0, -5] [0, 0, 0, 0] [0, 0, 0, 0] [0, 0, -20, 0] [0, 0, -4, 0] [0, 0, 0, 5] [0, 0, 0, 0]
[0, 0, -5, 0] [0, 0, 0, 0] [0, 0, 0, 0] [0, 0, 0, 0] [0, 0, 0, 0] [0, 0, 0, 0] [0, 0, 0, 0]
[0, 0, 0, 0] [0, 0, 0, 0] [0, 0, 0, 0] [0, 0, 0, 0] [0, -1, 0, 0] [0, 0, 0, 0] [0, 0, 0, 0]
Food (up, right, down, left):
[0, 0, 0, 0] [0, 0, 0, 0] [0, 0, 0, 0] [0, 0, 0, 0] [0, 5, 0, 0] [0, 0, 0, -3] [0, 0, 0, 0]
[0, 0, 0, 0] [0, 0, 0, 0] [3, 0, 0, 0] [0, 0, 0, 0] [0, 0, 0, 0] [0, 0, 0, 0] [0, 0, 0, 0]
[0, 0, 0, 0] [0, 0, 0, 0] [0, 0, 0, 0] [20, 0, 0, 0] [0, 0, 0, 0] [0, 0, 0, 0] [0, 0, 0, 0]
[0, -3, 0, 0] [0, 0, 0, 0] [0, 0, 0, 20] [0, 0, 0, 0] [0, 20, 0, 0] [0, 0, 0, 0] [0, 0, 0, 0]
[0, 0, 0, 0] [0, 0, 0, 0] [0, 0, 0, 0] [0, 0, 20, 0] [1, 0, 0, 0] [0, 0, 0, -4] [0, 0, 0, 0]
[-3, 0, 0, 0] [0, 0, 0, 0] [0, 0, 0, 0] [0, 0, 0, 0] [0, 0, 0, 0] [0, 0, 0, 0] [0, 0, 0, 0]
[0, 0, 0, -4] [0, 0, 0, 0] [0, 0, 0, 0] [0, 0, 0, 0] [0, 3, 0, 0] [0, 0, 0, 0] [0, 0, 0, 0]
------------------------------
ALIVE
Head: (15 30)
Body: (15 30) (16 30) (16 31) (16 32) (16 33) (16 34) (16 35) (15 35) (15 36) (15 37) 
Length: 10, 4
Vision: 3
Hungry, suplies: 10/10
Reproductive: 16, mutating: 0.25
Generation: 56
####################################
