Wall (up, right, down, left):
[8, -4, -9, -11] [-3, 2, 7, 2] [-25, 2, 9, -5] [10, 1, 24, 11] [-22, 4, 21, -10] [4, -9, -1, -1] [-11, -22, -9, -10]
[-36, -18, 19, -23] [1, 16, -6, -2] [-35, 6, -9, -3] [-31, 9, 8, 9] [31, 10, 3, 1] [-37, -28, 5, 6] [-13, 5, -5, 5]
[-11, -5, 37, 8] [-5, 23, -11, -9] [-19, 0, 44, -13] [-78, 27, 48, 15] [-40, -52, -22, 35] [-14, -10, -4, 17] [-25, -5, -25, -16]
[4, 45, -8, -46] [22, 1, 20, -25] [-2, 43, -5, -89] [0, 0, 0, 0] [42, -96, 34, 8] [9, -1, -1, 21] [5, -2, 5, -2]
[-14, -28, -8, 7] [22, -2, -10, -1] [5, -2, -43, -39] [49, 16, -96, 9] [11, -16, -33, 30] [0, 16, -1, 19] [-38, -68, -13, 28]
[17, 12, 14, -6] [-12, 5, -16, -1] [26, -7, 21, -12] [-5, 15, -25, 10] [14, -3, -27, 0] [19, -1, -29, 7] [38, 3, 30, 8]
[-16, -10, 3, -8] [-3, -19, -39, -6] [-10, 9, 27, 0] [-9, 6, -42, -9] [42, 21, -8, 32] [42, -22, -47, 21] [-13, 3, 6, -5]
Food (up, right, down, left):
[14, 22, 5, 8] [-9, 18, 7, -23] [25, -7, 23, 15] [-21, -22, 40, 32] [-7, -3, 40, -18] [-8, -22, -15, -28] [-37, 24, -1, -13]
[-67, -13, -22, -22] [3, 3, -22, -12] [6, 16, 28, 35] [-3, 21, -44, 19] [36, 6, -12, -39] [28, 4, -43, 16] [16, 5, 33, 21]
[-13, 0, 43, -34] [13, 6, -14, 30] [-66, -25, -24, 34] [42, -39, 33, 0] [3, -6, -9, -24] [-1, 22, -41, -27] [38, 25, -6, 32]
[16, 28, 11, 57] [-11, -8, -19, 35] [5, 0, -42, -14] [0, 0, 0, 0] [-17, 64, -32, -12] [-13, -26, -23, -4] [-9, 41, -26, 24]
[-8, 12, -11, 16] [7, 30, 9, 25] [24, -9, 40, 16] [-8, -32, 8, -22] [10, -7, 10, -34] [12, 44, 25, 14] [-6, -18, 7, -18]
[5, -13, -6, -5] [11, 8, 15, 1] [0, 12, 10, 15] [-27, -28, 43, -35] [-37, -29, -3, -48] [-17, 42, 2, 18] [0, 42, 2, 25]
[12, 13, -22, -6] [14, 9, 8, -53] [20, 17, 7, -27] [4, 6, 32, -43] [52, 35, -5, -13] [23, 30, 19, -3] [22, -15, 26, -24]
------------------------------
ALIVE
Head: (2 30)
Body: (2 30) (2 31) (1 31) (1 32) (1 33) (1 34) (2 34) (2 35) (2 36) (3 36) (3 37) (4 37) (5 37) (5 36) (5 35) 
Length: 15, 4
Vision: 3
Hungry, suplies: 5/10
Reproductive: 16, mutating: 0.25
Generation: 42335
####################################
Wall (up, right, down, left):
[8, -4, -9, -11] [-3, 2, 7, 2] [-25, 2, 9, -5] [10, 1, 24, 11] [-22, 4, 21, -10] [4, -9, -1, -1] [-11, -22, -9, -10]
[-36, -18, 19, -23] [1, 16, -6, -2] [-35, 6, -9, -3] [-31, 9, 8, 9] [31, 10, 3, 1] [-37, -28, 5, 6] [-13, 5, -5, 5]
[-11, -5, 37, 8] [-5, 23, -11, -9] [-19, 0, 44, -13] [-78, 27, 48, 15] [-40, -52, -22, 35] [-14, -10, -4, 17] [-25, -5, -25, -16]
[4, 45, -8, -46] [22, 1, 20, -25] [-2, 43, -5, -89] [0, 0, 0, 0] [42, -96, 34, 8] [9, -1, -1, 21] [5, -2, 5, -2]
[-14, -28, -8, 7] [22, -2, -10, -1] [5, -2, -43, -39] [49, 16, -96, 9] [11, -16, -33, 30] [0, 16, -1, 19] [-38, -68, -13, 28]
[17, 12, 14, -6] [-12, 5, -16, -1] [26, -7, 21, -12] [-5, 15, -25, 10] [14, -3, -27, 0] [19, -1, -29, 7] [38, 3, 30, 8]
[-16, -10, 3, -8] [-3, -19, -39, -6] [-10, 9, 27, 0] [-9, 6, -42, -9] [42, 21, -8, 32] [42, -22, -47, 21] [-13, 3, 6, -5]
Food (up, right, down, left):
[14, 22, 5, 8] [-9, 18, 7, -23] [25, -7, 23, 15] [-21, -22, 40, 32] [-7, -3, 40, -18] [-8, -22, -15, -28] [-37, 24, -1, -13]
[-67, -13, -22, -22] [3, 3, -22, -12] [6, 16, 28, 35] [-3, 21, -44, 19] [36, 6, -12, -39] [28, 4, -43, 16] [16, 5, 33, 21]
[-13, 0, 43, -34] [13, 6, -14, 30] [-66, -25, -24, 34] [42, -39, 33, 0] [3, -6, -9, -24] [-1, 22, -41, -27] [38, 25, -6, 32]
[16, 28, 11, 57] [-11, -8, -19, 35] [5, 0, -42, -14] [0, 0, 0, 0] [-17, 64, -32, -12] [-13, -26, -23, -4] [-9, 41, -26, 24]
[-8, 12, -11, 16] [7, 30, 9, 25] [24, -9, 40, 16] [-8, -32, 8, -22] [10, -7, 10, -34] [12, 44, 25, 14] [-6, -18, 7, -18]
[5, -13, -6, -5] [11, 8, 15, 1] [0, 12, 10, 15] [-27, -28, 43, -35] [-37, -29, -3, -48] [-17, 42, 2, 18] [0, 42, 2, 25]
[12, 13, -22, -6] [14, 9, 8, -53] [20, 17, 7, -27] [4, 6, 32, -43] [52, 35, -5, -13] [23, 30, 19, -3] [22, -15, 26, -24]
------------------------------
ALIVE
Head: (6 56)
Body: (6 56) (6 55) (6 54) (6 53) (6 52) (7 52) (7 51) (8 51) (9 51) 
Length: 9, 4
Vision: 3
Hungry, suplies: 9/10
Reproductive: 16, mutating: 0.25
Generation: 42336
####################################
Wall (up, right, down, left):
[8, -4, -9, -11] [-3, 2, 7, 2] [-25, 2, 9, -5] [10, 1, 24, 11] [-22, 4, 21, -10] [4, -9, -1, -1] [-11, -22, -9, -10]
[-36, -18, 19, -23] [1, 16, -6, -2] [-35, 6, -9, -3] [-31, 9, 8, 9] [31, 10, 3, 1] [-37, -28, 5, 6] [-13, 5, -5, 5]
[-11, -5, 37, 8] [-5, 23, -11, -9] [-19, 0, 44, -13] [-78, 27, 48, 15] [-40, -52, -22, 35] [-14, -10, -4, 17] [-25, -5, -25, -16]
[4, 45, -8, -46] [22, 1, 20, -25] [-2, 43, -5, -89] [0, 0, 0, 0] [42, -96, 34, 8] [9, -1, -1, 21] [5, -2, 5, -2]
[-14, -28, -8, 7] [22, -2, -10, -1] [5, -2, -43, -39] [49, 16, -96, 9] [11, -16, -33, 30] [0, 16, -1, 19] [-38, -68, -13, 28]
[17, 12, 14, -10] [-12, 5, -16, -1] [26, -7, 21, -12] [-5, 10, -25, 10] [14, -3, -27, 0] [19, -1, -29, 7] [38, 3, 30, 8]
[-16, -10, 3, -8] [-3, -19, -39, -6] [-10, 9, 27, 0] [-9, 6, -42, -9] [42, 21, -8, 32] [42, -22, -45, 21] [-13, 3, 6, -5]
Food (up, right, down, left):
[14, 22, 5, 8] [-9, 18, 7, -23] [25, -7, 23, 15] [-21, -22, 40, 32] [-7, -3, 40, -18] [-8, -22, -15, -28] [-37, 24, -1, -13]
[-67, -13, -22, -22] [3, 3, -22, -12] [6, 16, 28, 35] [-3, 21, -44, 19] [36, 6, -12, -39] [28, 4, -43, 16] [16, 5, 33, 21]
[-13, 0, 43, -34] [13, 6, -14, 30] [-66, -25, -24, 34] [42, -39, 33, 0] [3, -6, -9, -24] [-1, 22, -41, -27] [38, 25, -6, 32]
[16, 28, 11, 57] [-11, -8, -19, 35] [5, 0, -42, -14] [0, 0, 0, 0] [-17, 64, -32, -12] [-13, -26, -23, -4] [-9, 41, -26, 24]
[-8, 12, -11, 16] [7, 30, 9, 25] [24, -9, 40, 16] [-8, -32, 8, -22] [10, -7, 10, -34] [12, 44, 25, 14] [-6, -18, 7, -18]
[5, -15, -6, -5] [11, 8, 15, 1] [0, 12, 10, 15] [-27, -28, 39, -35] [-37, -29, -3, -48] [-17, 42, 2, 18] [0, 42, 2, 25]
[12, 13, -22, -6] [14, 9, 8, -53] [20, 17, 7, -27] [4, 6, 32, -43] [52, 35, -5, -13] [23, 30, 24, -3] [22, -15, 26, -24]
------------------------------
ALIVE
Head: (24 16)
Body: (24 16) (23 16) (23 15) (24 15) (-1 14) (0 14) 
Length: 6, 4
Vision: 3
Hungry, suplies: 1/10
Reproductive: 16, mutating: 0.25
Generation: 42336
####################################
Wall (up, right, down, left):
[8, -4, -9, -11] [-3, 2, 7, 2] [-25, 2, 9, -5] [10, 1, 24, 11] [-22, 4, 21, -10] [3, -9, -1, -1] [-11, -22, -9, -10]
[-36, -18, 19, -23] [1, 16, -6, -2] [-35, 6, -9, -3] [-31, 9, 8, 9] [26, 10, 3, 1] [-37, -28, 5, 6] [-13, 5, -5, 5]
[-11, -5, 37, 8] [-5, 23, -11, -9] [-19, 0, 44, -13] [-78, 27, 48, 15] [-40, -52, -22, 35] [-14, -10, -4, 17] [-25, -5, -25, -16]
[4, 45, -8, -46] [22, 1, 20, -25] [-4, 43, -5, -89] [0, 0, 0, 0] [42, -96, 34, 8] [9, -1, -1, 21] [5, -2, 5, -2]
[-14, -28, -8, 7] [22, -2, -10, -1] [1, -2, -43, -39] [49, 16, -96, 9] [11, -16, -33, 30] [0, 16, -1, 19] [-38, -68, -13, 28]
[17, 12, 14, -10] [-12, 5, -16, -1] [26, -7, 21, -12] [-5, 10, -25, 10] [14, -3, -27, 0] [19, -1, -29, 7] [38, 5, 30, 8]
[-16, -10, 3, -8] [-3, -19, -39, -6] [-10, 9, 27, 0] [-9, 6, -42, -9] [42, 21, -8, 32] [42, -22, -47, 21] [-13, 4, 6, -5]
Food (up, right, down, left):
[14, 22, 5, 8] [-9, 18, 7, -23] [25, -7, 23, 15] [-21, -22, 40, 32] [-7, -3, 40, -18] [-3, -22, -15, -28] [-37, 24, -1, -13]
[-67, -13, -22, -22] [3, 3, -22, -14] [6, 16, 28, 35] [-3, 21, -44, 19] [36, 6, -12, -34] [28, 4, -43, 16] [16, 5, 33, 21]
[-13, 0, 43, -34] [13, 6, -14, 30] [-66, -25, -24, 34] [42, -39, 33, 0] [3, -6, -9, -24] [-1, 22, -41, -27] [38, 25, -6, 32]
[16, 28, 11, 57] [-11, -8, -19, 35] [5, 5, -42, -14] [0, 0, 0, 0] [-17, 64, -32, -12] [-13, -26, -23, -4] [-9, 41, -26, 24]
[-8, 12, -11, 16] [7, 30, 9, 25] [24, -9, 35, 16] [-8, -32, 8, -22] [10, -7, 10, -34] [12, 44, 25, 14] [-6, -18, 7, -18]
[5, -15, -6, -5] [11, 8, 15, 1] [0, 12, 10, 15] [-27, -28, 39, -35] [-37, -29, -3, -48] [-17, 42, 2, 18] [0, 42, 0, 25]
[12, 13, -22, -6] [14, 9, 8, -53] [20, 17, 7, -27] [4, 6, 32, -43] [52, 35, -5, -13] [23, 30, 19, -3] [22, -14, 26, -24]
------------------------------
ALIVE
Head: (12 1)
Body: (12 1) (11 1) (11 2) (10 2) (10 3) (10 4) (10 5) 
Length: 7, 4
Vision: 3
Hungry, suplies: 3/10
Reproductive: 16, mutating: 0.25
Generation: 42342
####################################
Wall (up, right, down, left):
[8, -4, -9, -11] [-3, 2, 7, 2] [-25, 2, 9, -5] [10, 1, 24, 11] [-22, 4, 21, -10] [4, -9, -1, -1] [-11, -22, -9, -10]
[-36, -18, 19, -23] [1, 16, -6, -2] [-35, 6, -9, -3] [-31, 9, 8, 9] [31, 10, 3, 1] [-37, -28, 5, 6] [-13, 5, -5, 5]
[-11, -5, 37, 8] [-5, 23, -11, -9] [-19, 0, 44, -13] [-78, 27, 48, 15] [-40, -52, -22, 35] [-14, -10, -4, 17] [-25, -5, -25, -16]
[4, 45, -8, -46] [22, 1, 20, -25] [-2, 43, -5, -89] [0, 0, 0, 0] [42, -96, 34, 8] [9, -1, -1, 21] [5, -2, 5, -2]
[-14, -28, -8, 7] [22, -2, -10, -1] [5, -2, -43, -39] [49, 16, -96, 9] [11, -16, -33, 30] [0, 16, -1, 19] [-38, -68, -13, 28]
[17, 12, 14, -10] [-12, 5, -16, -1] [26, -7, 21, -12] [-5, 10, -25, 10] [14, -3, -27, 0] [19, -1, -29, 7] [38, 3, 30, 8]
[-16, -10, 3, -8] [-3, -19, -39, -6] [-10, 9, 27, 0] [-9, 6, -42, -9] [42, 21, -8, 32] [42, -22, -45, 21] [-13, 3, 6, -5]
Food (up, right, down, left):
[14, 22, 5, 8] [-9, 18, 7, -23] [25, -7, 23, 15] [-21, -22, 40, 32] [-7, -3, 40, -18] [-8, -22, -15, -28] [-37, 24, -1, -13]
[-67, -13, -22, -22] [3, 3, -22, -12] [6, 16, 28, 35] [-3, 21, -44, 19] [36, 6, -12, -39] [28, 4, -43, 16] [16, 5, 33, 21]
[-13, 0, 43, -34] [13, 6, -14, 30] [-66, -25, -24, 34] [42, -39, 33, 0] [3, -6, -9, -24] [-1, 22, -41, -27] [38, 25, -6, 32]
[16, 28, 11, 57] [-11, -8, -19, 35] [5, 0, -42, -14] [0, 0, 0, 0] [-17, 64, -32, -12] [-13, -26, -23, -4] [-9, 41, -26, 24]
[-8, 12, -11, 16] [7, 30, 9, 25] [24, -9, 40, 16] [-8, -32, 8, -22] [10, -7, 10, -34] [12, 44, 25, 14] [-6, -18, 7, -18]
[5, -15, -6, -5] [11, 8, 15, 1] [0, 12, 10, 15] [-27, -28, 39, -35] [-37, -29, -3, -48] [-17, 42, 2, 18] [0, 42, 2, 25]
[12, 13, -22, -6] [14, 9, 8, -53] [20, 17, 7, -27] [4, 6, 32, -43] [52, 35, -5, -13] [23, 30, 24, -3] [22, -15, 26, -24]
------------------------------
ALIVE
Head: (13 45)
Body: (13 45) (12 45) (12 44) (11 44) (11 45) (10 45) (10 46) (10 47) (10 48) 
Length: 9, 4
Vision: 3
Hungry, suplies: 9/10
Reproductive: 16, mutating: 0.25
Generation: 42337
####################################
Wall (up, right, down, left):
[8, -4, -9, -11] [-3, 2, 7, 2] [-25, 2, 9, -5] [10, 1, 24, 11] [-22, 4, 21, -10] [4, -9, -1, -1] [-11, -22, -9, -10]
[-36, -18, 19, -23] [1, 16, -6, -2] [-35, 6, -9, -3] [-31, 9, 8, 9] [31, 10, 3, 1] [-37, -28, 5, 6] [-13, 5, -5, 5]
[-11, -5, 37, 8] [-5, 23, -11, -9] [-19, 0, 44, -13] [-78, 27, 48, 15] [-40, -52, -22, 35] [-14, -10, -4, 17] [-25, -5, -25, -16]
[4, 45, -8, -46] [22, 1, 20, -25] [-2, 43, -5, -89] [0, 0, 0, 0] [42, -96, 34, 8] [9, -1, -1, 21] [5, -2, 5, -2]
[-14, -28, -8, 7] [22, -2, -10, -1] [5, -2, -43, -39] [49, 16, -96, 9] [11, -16, -33, 30] [0, 16, -1, 19] [-38, -68, -13, 28]
[17, 12, 14, -10] [-12, 5, -16, -1] [26, -7, 21, -12] [-5, 10, -25, 10] [14, -3, -27, 0] [19, -1, -29, 7] [38, 3, 30, 8]
[-16, -10, 3, -8] [-3, -19, -39, -6] [-10, 9, 27, 0] [-9, 6, -42, -9] [42, 21, -8, 32] [42, -22, -47, 21] [-13, 3, 6, -5]
Food (up, right, down, left):
[14, 22, 5, 8] [-9, 18, 7, -23] [25, -7, 23, 15] [-21, -22, 40, 32] [-7, -3, 40, -18] [-8, -22, -15, -28] [-37, 24, -1, -13]
[-67, -13, -22, -22] [3, 3, -22, -12] [6, 16, 28, 35] [-3, 21, -44, 19] [36, 6, -12, -39] [28, 4, -43, 16] [16, 5, 33, 21]
[-13, 0, 43, -34] [13, 6, -14, 30] [-66, -25, -24, 34] [42, -39, 33, 0] [3, -6, -9, -24] [-1, 22, -41, -27] [38, 25, -6, 32]
[16, 28, 11, 57] [-11, -8, -19, 35] [5, 0, -42, -14] [0, 0, 0, 0] [-17, 64, -32, -12] [-13, -26, -23, -4] [-9, 41, -26, 24]
[-8, 12, -11, 16] [7, 30, 9, 25] [24, -9, 40, 16] [-8, -32, 8, -22] [10, -7, 10, -34] [12, 44, 25, 14] [-6, -18, 7, -18]
[5, -15, -6, -5] [11, 8, 15, 1] [0, 12, 10, 15] [-27, -28, 39, -35] [-37, -29, -3, -48] [-17, 42, 2, 18] [0, 42, 2, 25]
[12, 13, -22, -6] [14, 9, 8, -53] [20, 17, 7, -27] [4, 6, 32, -43] [52, 35, -5, -13] [23, 30, 19, -3] [22, -15, 26, -24]
------------------------------
ALIVE
Head: (0 25)
Body: (0 25) (0 26) (0 27) (1 27) (1 28) (25 28) (24 28) (23 28) 
Length: 8, 4
Vision: 3
Hungry, suplies: 6/10
Reproductive: 16, mutating: 0.25
Generation: 42336
####################################
Wall (up, right, down, left):
[8, -4, -9, -11] [-3, 2, 7, 2] [-25, 2, 9, -5] [10, 1, 24, 11] [-22, 4, 21, -10] [4, -9, -1, -1] [-11, -22, -9, -10]
[-36, -18, 19, -23] [1, 16, -6, -2] [-35, 6, -9, -3] [-31, 9, 8, 9] [31, 10, 3, 1] [-37, -28, 5, 6] [-13, 5, -5, 5]
[-11, -5, 37, 8] [-5, 23, -11, -9] [-19, 0, 44, -13] [-78, 27, 48, 15] [-40, -52, -22, 35] [-14, -10, -4, 17] [-25, -5, -25, -16]
[4, 45, -8, -46] [22, 1, 20, -25] [-2, 43, -5, -89] [0, 0, 0, 0] [42, -96, 34, 8] [9, -1, -1, 21] [5, -2, 5, -2]
[-14, -28, -8, 7] [22, -2, -10, -1] [5, -2, -43, -39] [49, 16, -96, 9] [11, -16, -33, 30] [0, 16, -1, 19] [-38, -68, -13, 28]
[17, 12, 14, -10] [-12, 5, -16, -1] [26, -7, 21, -12] [-5, 10, -25, 10] [14, -3, -27, 0] [19, -1, -29, 7] [38, 3, 30, 8]
[-16, -10, 3, -8] [-3, -19, -39, -6] [-10, 9, 27, 0] [-9, 6, -42, -9] [42, 21, -8, 32] [42, -22, -45, 21] [-13, 3, 6, -5]
Food (up, right, down, left):
[14, 22, 5, 8] [-9, 18, 7, -23] [25, -7, 23, 15] [-21, -22, 40, 32] [-7, -3, 40, -18] [-8, -22, -15, -28] [-37, 24, -1, -13]
[-67, -13, -22, -22] [3, 3, -22, -12] [6, 16, 28, 35] [-3, 21, -44, 19] [36, 6, -12, -39] [28, 4, -43, 16] [16, 5, 33, 21]
[-13, 0, 43, -34] [13, 6, -14, 30] [-66, -25, -24, 34] [42, -39, 33, 0] [3, -6, -9, -24] [-1, 22, -41, -27] [38, 25, -6, 32]
[16, 28, 11, 57] [-11, -8, -19, 35] [5, 0, -42, -14] [0, 0, 0, 0] [-17, 64, -32, -12] [-13, -26, -23, -4] [-9, 41, -26, 24]
[-8, 12, -11, 16] [7, 30, 9, 25] [24, -9, 40, 16] [-8, -32, 8, -22] [10, -7, 10, -34] [12, 44, 25, 14] [-6, -18, 7, -18]
[5, -15, -6, -5] [11, 8, 15, 1] [0, 12, 10, 15] [-27, -28, 39, -35] [-37, -29, -3, -48] [-17, 42, 2, 18] [0, 42, 2, 25]
[12, 13, -22, -6] [14, 9, 8, -53] [20, 17, 7, -27] [4, 6, 32, -43] [52, 35, -5, -13] [23, 30, 24, -3] [22, -15, 26, -24]
------------------------------
ALIVE
Head: (11 17)
Body: (11 17) (12 17) (13 17) (13 16) (13 15) (14 15) (14 14) (14 13) (15 13) (15 14) (16 14) (16 13) (17 13) (18 13) 
Length: 14, 4
Vision: 3
Hungry, suplies: 2/10
Reproductive: 16, mutating: 0.25
Generation: 42337
####################################
Wall (up, right, down, left):
[8, -4, -9, -11] [-5, 2, 7, 2] [-25, 2, 9, -5] [10, 1, 24, 11] [-22, 4, 21, -10] [4, -9, -1, -1] [-11, -22, -9, -10]
[-36, -18, 19, -23] [1, 16, -6, -2] [-39, 6, -9, -3] [-31, 9, 8, 9] [26, 10, 3, 1] [-37, -28, 5, 6] [-13, 5, -5, 5]
[-11, -5, 37, 8] [-5, 23, -11, -9] [-19, 0, 44, -13] [-78, 27, 48, 15] [-40, -52, -22, 30] [-14, -10, -4, 17] [-25, -5, -25, -16]
[4, 45, -8, -46] [22, 1, 20, -25] [-2, 43, -5, -89] [0, 0, 0, 0] [42, -95, 34, 8] [9, -1, -1, 17] [8, -2, 5, -2]
[-14, -28, -8, 7] [22, -2, -10, -1] [1, -2, -43, -39] [49, 16, -96, 9] [11, -16, -33, 30] [0, 16, -1, 15] [-38, -68, -13, 28]
[17, 12, 14, -10] [-12, 5, -16, -1] [26, -7, 21, -12] [-5, 10, -25, 10] [14, -3, -27, 0] [19, -1, -29, 7] [38, 5, 30, 8]
[-16, -14, 3, -8] [-3, -19, -39, -6] [-10, 9, 27, 0] [-9, 6, -42, -9] [42, 21, -8, 32] [42, -22, -47, 21] [-13, 3, 6, -5]
Food (up, right, down, left):
[14, 22, 5, 8] [-9, 18, 7, -23] [25, -7, 23, 15] [-21, -22, 40, 32] [-7, -3, 40, -18] [-8, -22, -15, -28] [-37, 24, -1, -13]
[-67, -13, -22, -22] [3, 3, -22, -12] [6, 16, 29, 35] [-3, 21, -44, 19] [36, 6, -12, -34] [28, 4, -43, 16] [16, 5, 33, 21]
[-13, 0, 43, -34] [13, 6, -14, 30] [-66, -25, -24, 34] [42, -39, 33, 0] [3, -6, -9, -22] [-1, 22, -41, -27] [38, 25, -6, 32]
[16, 28, 11, 57] [-11, -8, -19, 35] [5, 0, -42, -14] [0, 0, 0, 0] [-16, 64, -32, -12] [-9, -26, -23, -4] [-9, 41, -26, 23]
[-8, 12, -11, 16] [7, 30, 9, 25] [24, -9, 35, 16] [-8, -32, 8, -22] [10, -7, 10, -34] [12, 44, 26, 14] [-6, -18, 7, -18]
[5, -15, -6, -5] [11, 8, 15, 1] [0, 12, 10, 15] [-27, -28, 39, -35] [-37, -29, -3, -48] [-17, 42, 2, 18] [0, 42, 0, 25]
[12, 13, -22, -5] [14, 9, 8, -53] [20, 17, 7, -27] [4, 6, 32, -43] [52, 35, -5, -13] [23, 30, 19, -3] [22, -15, 26, -24]
------------------------------
ALIVE
Head: (2 41)
Body: (2 41) (1 41) (1 40) (25 40) (24 40) (24 39) (23 39) (23 38) (23 37) (22 37) (22 36) (21 36) 
Length: 12, 4
Vision: 3
Hungry, suplies: 9/10
Reproductive: 16, mutating: 0.25
Generation: 42341
####################################
Wall (up, right, down, left):
[8, -4, -9, -11] [-3, 2, 7, 2] [-25, 2, 9, -5] [10, 1, 24, 11] [-22, 4, 21, -10] [3, -9, -1, -1] [-11, -22, -9, -10]
[-36, -18, 19, -23] [1, 16, -6, -2] [-35, 6, -9, -3] [-31, 9, 8, 9] [26, 10, 3, 1] [-37, -28, 5, 6] [-13, 5, -5, 5]
[-11, -5, 37, 8] [-5, 23, -11, -9] [-19, 0, 44, -13] [-78, 27, 48, 15] [-40, -52, -22, 35] [-14, -10, -4, 17] [-25, -5, -25, -16]
[4, 45, -8, -46] [22, 1, 20, -25] [-4, 43, -5, -89] [0, 0, 0, 0] [42, -96, 34, 8] [9, -1, -1, 21] [5, -2, 5, -2]
[-14, -28, -8, 7] [22, -2, -10, -1] [1, -2, -43, -39] [49, 16, -96, 9] [11, -16, -33, 30] [0, 16, -1, 19] [-38, -68, -13, 28]
[17, 12, 14, -10] [-12, 5, -16, -1] [26, -7, 21, -12] [-5, 10, -25, 10] [14, -3, -27, 0] [19, -1, -29, 7] [38, 5, 30, 8]
[-16, -10, 3, -8] [-3, -19, -39, -6] [-10, 9, 27, 0] [-9, 6, -42, -9] [42, 21, -8, 32] [42, -22, -47, 21] [-13, 4, 6, -5]
Food (up, right, down, left):
[14, 22, 5, 8] [-9, 18, 7, -23] [25, -7, 23, 15] [-21, -22, 40, 32] [-7, -3, 40, -18] [-3, -22, -15, -28] [-37, 24, -1, -13]
[-67, -13, -22, -22] [3, 3, -22, -14] [6, 16, 28, 35] [-3, 21, -44, 19] [36, 6, -12, -34] [28, 4, -43, 16] [16, 5, 33, 21]
[-13, 0, 43, -34] [13, 6, -14, 30] [-66, -25, -24, 34] [42, -39, 33, 0] [3, -6, -9, -24] [-1, 22, -41, -27] [38, 25, -6, 32]
[16, 28, 11, 57] [-11, -8, -19, 35] [5, 5, -42, -14] [0, 0, 0, 0] [-17, 64, -32, -12] [-13, -26, -23, -4] [-9, 41, -26, 24]
[-8, 12, -11, 16] [7, 30, 9, 25] [24, -9, 35, 16] [-8, -32, 8, -22] [10, -7, 10, -34] [12, 44, 25, 14] [-6, -18, 7, -18]
[5, -15, -6, -5] [11, 8, 15, 1] [0, 12, 10, 15] [-27, -28, 39, -35] [-37, -29, -3, -48] [-17, 42, 2, 18] [0, 42, 0, 25]
[12, 13, -22, -6] [14, 9, 8, -53] [20, 17, 7, -27] [4, 6, 32, -43] [52, 35, -5, -13] [23, 30, 19, -3] [22, -14, 26, -24]
------------------------------
ALIVE
Head: (3 43)
Body: (3 43) (3 44) (4 44) (5 44) (5 43) (6 43) (6 44) (6 45) (5 45) (4 45) (3 45) (2 45) (1 45) 
Length: 13, 4
Vision: 3
Hungry, suplies: 4/10
Reproductive: 16, mutating: 0.25
Generation: 42342
####################################
Wall (up, right, down, left):
[8, -4, -9, -11] [-5, 2, 7, 2] [-25, 2, 9, -5] [10, 1, 24, 11] [-22, 4, 21, -10] [4, -9, -1, -1] [-11, -22, -9, -10]
[-36, -18, 19, -23] [1, 16, -6, -2] [-39, 6, -9, -3] [-31, 9, 8, 9] [26, 10, 3, 1] [-37, -28, 5, 6] [-13, 5, -5, 5]
[-11, -5, 37, 8] [-5, 23, -11, -9] [-19, 0, 44, -13] [-78, 27, 48, 15] [-40, -52, -22, 35] [-14, -10, -4, 17] [-25, -5, -25, -16]
[4, 45, -8, -46] [22, 1, 20, -25] [-2, 43, -5, -89] [0, 0, 0, 0] [42, -95, 34, 8] [9, -1, -1, 17] [8, -2, 5, -2]
[-14, -28, -8, 7] [22, -2, -10, -1] [1, -2, -43, -39] [49, 16, -96, 9] [11, -16, -33, 30] [0, 16, -1, 15] [-38, -68, -13, 28]
[17, 12, 14, -10] [-12, 5, -16, -1] [26, -7, 21, -12] [-5, 10, -25, 10] [14, -3, -27, 0] [19, -1, -29, 7] [38, 5, 30, 8]
[-16, -14, 3, -8] [-3, -19, -39, -6] [-10, 9, 27, 0] [-9, 6, -42, -9] [42, 21, -8, 32] [42, -22, -47, 21] [-13, 3, 6, -5]
Food (up, right, down, left):
[14, 22, 5, 8] [-9, 18, 7, -23] [25, -7, 23, 15] [-21, -22, 40, 32] [-7, -3, 40, -18] [-8, -22, -15, -28] [-37, 24, -1, -13]
[-67, -13, -22, -22] [3, 3, -22, -12] [6, 16, 29, 35] [-3, 21, -44, 19] [36, 6, -12, -34] [28, 4, -43, 16] [16, 5, 33, 21]
[-13, 0, 43, -34] [13, 6, -14, 30] [-66, -25, -24, 34] [42, -39, 33, 0] [3, -6, -9, -24] [-1, 22, -41, -27] [38, 25, -6, 32]
[16, 28, 11, 57] [-11, -8, -19, 35] [5, 0, -42, -14] [0, 0, 0, 0] [-16, 64, -32, -12] [-9, -26, -23, -4] [-9, 41, -26, 23]
[-8, 12, -11, 16] [7, 30, 9, 25] [24, -9, 35, 16] [-8, -32, 8, -22] [10, -7, 10, -34] [12, 44, 26, 14] [-6, -18, 7, -18]
[5, -15, -6, -5] [11, 8, 15, 1] [0, 12, 10, 15] [-27, -28, 39, -35] [-37, -29, -3, -48] [-17, 42, 2, 18] [0, 42, 0, 25]
[12, 13, -22, -5] [14, 9, 8, -53] [20, 17, 7, -27] [4, 6, 32, -43] [52, 35, -5, -13] [23, 30, 19, -3] [22, -15, 26, -24]
------------------------------
ALIVE
Head: (7 11)
Body: (7 11) (6 11) (5 11) (5 12) (5 13) (6 13) (6 14) (6 15) (6 16) (6 17) (6 18) (6 19) 
Length: 12, 4
Vision: 3
Hungry, suplies: 6/10
Reproductive: 16, mutating: 0.25
Generation: 42341
####################################
Wall (up, right, down, left):
[8, -4, -9, -11] [-3, 2, 7, 2] [-25, 2, 9, -5] [10, 1, 24, 11] [-22, 4, 21, -10] [4, -9, -1, -1] [-11, -22, -9, -10]
[-36, -18, 19, -23] [1, 16, -6, -2] [-35, 6, -9, -3] [-31, 9, 8, 9] [31, 10, 3, 1] [-37, -28, 5, 6] [-13, 5, -5, 5]
[-11, -5, 37, 8] [-5, 23, -11, -9] [-19, 0, 44, -13] [-78, 27, 48, 15] [-40, -52, -22, 35] [-14, -10, -4, 17] [-25, -5, -25, -16]
[4, 45, -8, -46] [22, 1, 20, -25] [-2, 43, -5, -89] [0, 0, 0, 0] [42, -96, 34, 8] [9, -1, -1, 21] [5, -2, 5, -2]
[-14, -28, -8, 7] [22, -2, -10, -1] [5, -2, -43, -39] [49, 16, -96, 9] [11, -16, -33, 30] [0, 16, -1, 19] [-38, -68, -13, 28]
[17, 12, 14, -10] [-12, 5, -16, -1] [26, -7, 21, -12] [-5, 10, -25, 10] [14, -3, -27, 0] [19, -1, -29, 7] [38, 3, 30, 8]
[-16, -10, 3, -8] [-3, -19, -39, -6] [-10, 9, 27, 0] [-9, 6, -42, -9] [42, 21, -8, 32] [42, -22, -45, 21] [-13, 3, 6, -5]
Food (up, right, down, left):
[14, 22, 5, 8] [-9, 18, 7, -23] [25, -7, 23, 15] [-21, -22, 40, 32] [-7, -3, 40, -18] [-8, -22, -15, -28] [-37, 24, -1, -13]
[-67, -13, -22, -22] [3, 3, -22, -12] [6, 16, 28, 35] [-3, 21, -44, 19] [36, 6, -12, -39] [28, 4, -43, 16] [16, 5, 33, 21]
[-13, 0, 43, -34] [13, 6, -14, 30] [-66, -25, -24, 34] [42, -39, 33, 0] [3, -6, -9, -24] [-1, 22, -41, -27] [38, 25, -6, 32]
[16, 28, 11, 57] [-11, -8, -19, 35] [5, 0, -42, -14] [0, 0, 0, 0] [-17, 64, -32, -12] [-13, -26, -23, -4] [-9, 41, -26, 24]
[-8, 12, -11, 16] [7, 30, 9, 25] [24, -9, 40, 16] [-8, -32, 8, -22] [10, -7, 10, -34] [12, 44, 25, 14] [-6, -18, 7, -18]
[5, -15, -6, -5] [11, 8, 15, 1] [0, 12, 10, 15] [-27, -28, 39, -35] [-37, -29, -3, -48] [-17, 42, 2, 18] [0, 42, 2, 25]
[12, 13, -22, -6] [14, 9, 8, -53] [20, 17, 7, -27] [4, 6, 32, -43] [52, 35, -5, -13] [23, 30, 24, -3] [22, -15, 26, -24]
------------------------------
ALIVE
Head: (6 7)
Body: (6 7) (6 8) (7 8) (8 8) (8 7) (8 6) (8 5) (8 4) (7 4) (7 3) (6 3) (6 2) (6 1) 
Length: 13, 4
Vision: 3
Hungry, suplies: 1/10
Reproductive: 16, mutating: 0.25
Generation: 42337
####################################
Wall (up, right, down, left):
[8, -4, -9, -11] [-3, 2, 7, 2] [-25, 2, 9, -5] [10, 1, 24, 11] [-22, 4, 21, -10] [4, -9, -1, -1] [-11, -22, -9, -10]
[-36, -18, 19, -23] [1, 16, -6, -2] [-35, 6, -9, -3] [-31, 9, 8, 9] [31, 10, 3, 1] [-37, -28, 5, 6] [-13, 5, -5, 5]
[-11, -5, 37, 8] [-5, 23, -11, -9] [-19, 0, 42, -13] [-78, 27, 48, 15] [-40, -52, -22, 35] [-14, -10, -4, 17] [-25, -5, -25, -16]
[4, 45, -8, -46] [22, 1, 20, -25] [-2, 43, -5, -89] [0, 0, 0, 0] [42, -96, 34, 8] [9, -1, -1, 21] [5, -2, 5, -2]
[-14, -28, -8, 7] [22, -2, -10, -1] [5, -2, -43, -39] [49, 16, -96, 9] [16, -16, -33, 30] [0, 16, -1, 19] [-38, -68, -13, 28]
[17, 12, 14, -10] [-12, 5, -16, -1] [26, -7, 21, -12] [-5, 10, -25, 10] [14, -3, -27, 0] [19, -1, -29, 7] [38, 3, 30, 8]
[-16, -10, 3, -8] [-3, -19, -39, -6] [-10, 9, 27, 0] [-9, 6, -42, -9] [42, 21, -8, 32] [42, -22, -47, 21] [-13, 3, 6, -5]
Food (up, right, down, left):
[14, 22, 5, 8] [-9, 18, 7, -23] [25, -7, 23, 15] [-21, -22, 40, 32] [-7, -3, 40, -18] [-8, -22, -15, -28] [-37, 24, -1, -13]
[-67, -13, -22, -22] [3, 3, -22, -12] [6, 16, 28, 35] [-3, 21, -44, 19] [36, 6, -12, -39] [28, 4, -43, 16] [16, 5, 33, 21]
[-13, 0, 43, -34] [13, 6, -14, 30] [-66, -25, -24, 34] [42, -39, 33, 0] [3, -6, -9, -24] [-1, 22, -41, -27] [38, 25, -6, 32]
[16, 28, 11, 57] [-11, -8, -19, 35] [5, 0, -42, -14] [0, 0, 0, 0] [-17, 64, -32, -12] [-13, -26, -23, -4] [-9, 41, -26, 24]
[-8, 12, -11, 16] [7, 30, 9, 25] [24, -9, 40, 16] [-8, -32, 8, -22] [11, -7, 10, -34] [12, 44, 25, 14] [-6, -18, 7, -18]
[5, -15, -6, -5] [11, 8, 15, 1] [0, 12, 10, 15] [-27, -28, 39, -35] [-37, -29, -3, -48] [-17, 42, 2, 18] [0, 42, 2, 25]
[12, 13, -22, -6] [14, 9, 8, -53] [20, 17, 7, -27] [4, 6, 32, -43] [52, 35, -5, -13] [23, 30, 19, -3] [22, -15, 26, -24]
------------------------------
ALIVE
Head: (19 12)
Body: (19 12) (20 12) (20 13) (21 13) (22 13) (22 14) (22 15) (21 15) (21 16) (21 17) (21 18) (22 18) (23 18) 
Length: 13, 4
Vision: 3
Hungry, suplies: 9/10
Reproductive: 16, mutating: 0.25
Generation: 42336
####################################
Wall (up, right, down, left):
[8, -4, -9, -11] [-3, 2, 7, 2] [-25, 2, 9, -5] [10, 1, 24, 11] [-22, 4, 21, -10] [4, -9, -1, -1] [-11, -22, -9, -10]
[-36, -18, 19, -23] [1, 16, -6, -2] [-35, 6, -9, -3] [-31, 9, 8, 9] [31, 10, 3, 1] [-37, -28, 5, 6] [-13, 5, -5, 5]
[-11, -5, 37, 8] [-5, 23, -11, -9] [-19, 0, 42, -13] [-78, 27, 48, 15] [-40, -52, -22, 35] [-14, -10, -4, 17] [-25, -5, -25, -16]
[4, 45, -8, -46] [22, 1, 20, -25] [-2, 43, -5, -89] [0, 0, 0, 0] [42, -96, 34, 8] [9, -1, -1, 21] [5, -2, 1, -2]
[-14, -28, -8, 7] [22, -2, -10, -1] [5, -2, -43, -39] [49, 16, -96, 9] [11, -16, -33, 30] [0, 16, -1, 19] [-38, -68, -13, 28]
[17, 12, 14, -10] [-12, 5, -16, -1] [26, -7, 21, -12] [-5, 10, -25, 10] [14, -3, -27, 0] [19, -1, -29, 7] [38, 3, 30, 8]
[-16, -10, 3, -8] [-3, -19, -39, -6] [-10, 9, 27, 0] [-9, 6, -42, -9] [42, 21, -8, 32] [42, -22, -47, 21] [-13, 3, 6, -5]
Food (up, right, down, left):
[14, 22, 5, 8] [-9, 18, 7, -23] [25, -7, 23, 15] [-21, -22, 40, 32] [-7, -3, 40, -18] [-8, -22, -15, -28] [-37, 24, -1, -13]
[-67, -13, -22, -22] [3, 3, -22, -12] [6, 16, 28, 35] [-3, 21, -44, 19] [36, 6, -12, -39] [28, 4, -43, 16] [16, 5, 33, 21]
[-13, 0, 43, -34] [13, 6, -14, 30] [-66, -25, -24, 34] [42, -39, 33, 0] [3, -6, -9, -24] [-1, 22, -41, -27] [38, 25, -6, 32]
[16, 28, 11, 57] [-11, -8, -19, 35] [5, 0, -42, -14] [0, 0, 0, 0] [-17, 64, -32, -12] [-13, -26, -23, -4] [-9, 41, -26, 24]
[-8, 12, -11, 16] [7, 30, 9, 25] [24, -9, 40, 16] [-8, -32, 8, -22] [10, -7, 10, -34] [12, 44, 25, 14] [-6, -18, 7, -18]
[5, -15, -6, -5] [11, 8, 15, 1] [0, 12, 10, 15] [-27, -28, 39, -35] [-37, -29, -3, -48] [-17, 42, 2, 18] [0, 42, 2, 25]
[12, 13, -22, -6] [14, 9, 8, -53] [20, 17, 7, -27] [4, 6, 32, -43] [52, 35, -5, -13] [23, 30, 19, -3] [22, -15, 26, -24]
------------------------------
ALIVE
Head: (0 11)
Body: (0 11) (0 12) (1 12) (1 13) (0 13) (24 13) (24 12) (24 11) (23 11) (22 11) 
Length: 10, 4
Vision: 3
Hungry, suplies: 6/10
Reproductive: 16, mutating: 0.25
Generation: 42336
####################################
Wall (up, right, down, left):
[8, -4, -9, -11] [-3, 2, 7, 2] [-25, 2, 9, -5] [10, 1, 24, 11] [-22, 4, 21, -10] [4, -9, -1, -1] [-11, -22, -9, -10]
[-36, -18, 19, -23] [1, 16, -6, -2] [-35, 6, -9, -3] [-31, 9, 8, 9] [31, 10, 3, 1] [-37, -28, 5, 6] [-13, 5, -5, 5]
[-11, -5, 37, 8] [-5, 23, -11, -9] [-19, 0, 44, -13] [-78, 27, 48, 15] [-40, -52, -22, 35] [-14, -10, -4, 17] [-25, -5, -25, -16]
[4, 45, -8, -46] [22, 1, 20, -25] [-2, 43, -5, -89] [0, 0, 0, 0] [42, -96, 34, 8] [9, -1, -1, 21] [5, -2, 5, -2]
[-14, -28, -8, 7] [22, -2, -10, -1] [5, -2, -43, -39] [49, 16, -96, 9] [11, -16, -33, 30] [0, 16, -1, 19] [-38, -68, -13, 28]
[17, 12, 14, -10] [-12, 5, -16, -1] [26, -7, 21, -12] [-5, 10, -25, 10] [14, -3, -27, 0] [19, -1, -29, 7] [38, 3, 30, 8]
[-16, -10, 3, -8] [-3, -19, -39, -6] [-10, 9, 27, 0] [-9, 6, -42, -9] [42, 21, -8, 32] [42, -22, -45, 21] [-13, 3, 6, -5]
Food (up, right, down, left):
[14, 22, 5, 8] [-9, 18, 7, -23] [25, -7, 23, 15] [-21, -22, 40, 32] [-7, -3, 40, -18] [-8, -22, -15, -28] [-37, 24, -1, -13]
[-67, -13, -22, -22] [3, 3, -22, -12] [6, 16, 28, 35] [-3, 21, -44, 19] [36, 6, -12, -39] [28, 4, -43, 16] [16, 5, 33, 21]
[-13, 0, 43, -34] [13, 6, -14, 30] [-66, -25, -24, 34] [42, -39, 33, 0] [3, -6, -9, -24] [-1, 22, -41, -27] [38, 25, -6, 32]
[16, 28, 11, 57] [-11, -8, -19, 35] [5, 0, -42, -14] [0, 0, 0, 0] [-17, 64, -32, -12] [-13, -26, -23, -4] [-9, 41, -26, 24]
[-8, 12, -11, 16] [7, 30, 9, 25] [24, -9, 40, 16] [-8, -32, 8, -22] [10, -7, 10, -34] [12, 44, 25, 14] [-6, -18, 7, -18]
[5, -15, -6, -5] [11, 8, 15, 1] [0, 12, 10, 15] [-27, -28, 39, -35] [-37, -29, -3, -48] [-17, 42, 2, 18] [0, 42, 2, 25]
[12, 13, -22, -6] [14, 9, 8, -53] [20, 17, 7, -27] [4, 6, 32, -43] [52, 35, -5, -13] [23, 30, 24, -3] [22, -15, 26, -24]
------------------------------
DEAD: Wall
Head: (10 24)
Body: (10 24) (11 24) (11 23) (12 23) (13 23) (13 22) (14 22) (14 21) (14 20) (13 20) 
Length: 10, 4
Vision: 3
Hungry, suplies: 9/10
Reproductive: 16, mutating: 0.25
Generation: 42337
####################################
Wall (up, right, down, left):
[8, -4, -9, -11] [-3, 2, 7, 2] [-25, 2, 9, -5] [10, 1, 24, 11] [-22, 4, 21, -10] [3, -9, -1, -1] [-11, -22, -9, -10]
[-36, -18, 19, -23] [1, 16, -6, -2] [-35, 6, -9, -3] [-31, 9, 8, 9] [26, 10, 3, 1] [-37, -28, 5, 6] [-13, 5, -5, 5]
[-11, -5, 37, 8] [-5, 23, -11, -9] [-19, 0, 44, -13] [-78, 27, 48, 15] [-40, -52, -22, 35] [-14, -10, -4, 17] [-25, -5, -25, -16]
[4, 45, -8, -46] [22, 1, 20, -25] [-4, 43, -5, -89] [0, 0, 0, 0] [42, -96, 34, 8] [9, -1, -1, 21] [5, -2, 5, -2]
[-14, -28, -8, 7] [22, -2, -10, -1] [1, -2, -43, -39] [49, 16, -96, 9] [11, -16, -33, 30] [0, 16, -1, 19] [-38, -68, -13, 28]
[17, 12, 14, -10] [-12, 5, -16, -1] [26, -7, 21, -12] [-5, 10, -25, 10] [14, -3, -27, 0] [19, -1, -29, 7] [38, 5, 30, 8]
[-16, -10, 3, -8] [-3, -19, -39, -6] [-10, 9, 27, 0] [-9, 6, -42, -9] [42, 21, -8, 32] [42, -22, -47, 21] [-13, 4, 6, -5]
Food (up, right, down, left):
[14, 22, 5, 8] [-9, 18, 7, -23] [25, -7, 23, 15] [-21, -22, 40, 32] [-7, -3, 40, -18] [-3, -22, -15, -28] [-37, 24, -1, -13]
[-67, -13, -22, -22] [3, 3, -22, -14] [6, 16, 28, 35] [-3, 21, -44, 19] [36, 6, -12, -34] [28, 4, -43, 16] [16, 5, 33, 21]
[-13, 0, 43, -34] [13, 6, -14, 30] [-66, -25, -24, 34] [42, -39, 33, 0] [3, -6, -9, -24] [-1, 22, -41, -27] [38, 25, -6, 32]
[16, 28, 11, 57] [-11, -8, -19, 35] [5, 5, -42, -14] [0, 0, 0, 0] [-17, 64, -32, -12] [-13, -26, -23, -4] [-9, 41, -26, 24]
[-8, 12, -11, 16] [7, 30, 9, 25] [24, -9, 35, 16] [-8, -32, 8, -22] [10, -7, 10, -34] [12, 44, 25, 14] [-6, -18, 7, -18]
[5, -15, -6, -5] [11, 8, 15, 1] [0, 12, 10, 15] [-27, -28, 39, -35] [-37, -29, -3, -48] [-17, 42, 2, 18] [0, 42, 0, 25]
[12, 13, -22, -6] [14, 9, 8, -53] [20, 17, 7, -27] [4, 6, 32, -43] [52, 35, -5, -13] [23, 30, 19, -3] [22, -14, 26, -24]
------------------------------
ALIVE
Head: (0 29)
Body: (0 29) (25 30) (24 30) (23 30) (22 30) (21 30) (20 30) (20 31) (20 32) (19 32) (18 32) (17 32) (17 31) 
Length: 13, 4
Vision: 3
Hungry, suplies: 4/10
Reproductive: 16, mutating: 0.25
Generation: 42343
####################################
Wall (up, right, down, left):
[8, -4, -9, -11] [-3, 2, 7, 2] [-25, 2, 9, -5] [10, 1, 24, 11] [-22, 4, 21, -10] [3, -9, -1, -1] [-11, -22, -9, -10]
[-36, -18, 19, -23] [1, 16, -6, -2] [-35, 6, -9, -3] [-31, 9, 8, 9] [26, 10, 3, -4] [-37, -28, 5, 6] [-13, 5, -5, 5]
[-11, -5, 37, 8] [-5, 23, -11, -9] [-19, 0, 44, -13] [-78, 27, 48, 15] [-40, -52, -22, 35] [-14, -10, -4, 17] [-25, -5, -25, -16]
[4, 45, -8, -46] [22, 1, 20, -25] [-4, 43, -5, -89] [0, 0, 0, 0] [42, -96, 34, 8] [9, -1, -1, 21] [5, -2, 5, -2]
[-14, -28, -8, 7] [22, -2, -10, -1] [1, -2, -43, -39] [49, 16, -96, 9] [11, -16, -33, 30] [0, 16, -1, 19] [-38, -68, -13, 28]
[17, 12, 14, -10] [-12, 5, -16, -1] [26, -7, 21, -12] [-5, 10, -25, 10] [14, -3, -27, 0] [19, -1, -29, 7] [38, 5, 30, 8]
[-16, -10, 3, -8] [-3, -19, -39, -6] [-10, 9, 27, 0] [-9, 6, -42, -9] [42, 21, -8, 32] [42, -22, -47, 21] [-13, 4, 6, -5]
Food (up, right, down, left):
[14, 22, 5, 8] [-9, 18, 7, -23] [25, -7, 23, 15] [-21, -22, 40, 32] [-7, -3, 40, -18] [-3, -22, -15, -28] [-37, 24, -1, -13]
[-67, -13, -22, -22] [3, 3, -22, -14] [6, 16, 28, 35] [-3, 21, -44, 19] [38, 6, -12, -34] [28, 4, -43, 16] [16, 5, 33, 21]
[-13, 0, 43, -34] [13, 6, -14, 30] [-66, -25, -24, 34] [42, -39, 33, 0] [3, -6, -9, -24] [-1, 22, -41, -27] [38, 25, -6, 32]
[16, 28, 11, 57] [-11, -8, -19, 35] [5, 5, -42, -14] [0, 0, 0, 0] [-17, 64, -32, -12] [-13, -26, -23, -4] [-9, 41, -26, 24]
[-8, 12, -11, 16] [7, 30, 9, 25] [24, -9, 35, 16] [-8, -32, 8, -22] [10, -7, 10, -34] [12, 44, 25, 14] [-6, -18, 7, -18]
[5, -15, -6, -5] [11, 8, 15, 1] [0, 12, 10, 15] [-27, -28, 39, -35] [-37, -29, -3, -48] [-17, 42, 2, 18] [0, 42, 0, 25]
[12, 13, -22, -6] [14, 9, 8, -53] [20, 17, 7, -27] [4, 6, 32, -43] [52, 35, -5, -13] [23, 30, 19, -3] [22, -14, 26, -24]
------------------------------
ALIVE
Head: (14 29)
Body: (14 29) (14 28) (14 27) (13 27) (12 27) (12 26) (12 25) (11 25) (10 25) (9 25) 
Length: 10, 4
Vision: 3
Hungry, suplies: 9/10
Reproductive: 16, mutating: 0.25
Generation: 42345
####################################
Wall (up, right, down, left):
[8, -4, -9, -11] [-5, 2, 7, 2] [-25, 2, 9, -5] [10, 1, 24, 11] [-22, 4, 21, -10] [4, -9, -1, -1] [-11, -22, -9, -10]
[-36, -18, 19, -23] [1, 16, -6, -2] [-39, 6, -9, -3] [-31, 9, 8, 9] [26, 10, 3, 1] [-37, -28, 5, 6] [-13, 5, -5, 5]
[-11, -5, 37, 8] [-5, 23, -11, -9] [-19, 0, 44, -13] [-78, 27, 48, 15] [-40, -52, -22, 35] [-14, -10, -4, 17] [-25, -5, -25, -16]
[4, 45, -8, -46] [22, 1, 20, -25] [-2, 43, -5, -89] [0, 0, 0, 0] [42, -95, 34, 8] [9, -1, -1, 17] [8, -2, 5, -2]
[-14, -28, -8, 7] [22, -2, -10, -1] [1, -2, -43, -39] [49, 16, -96, 9] [11, -16, -33, 30] [0, 16, -1, 15] [-38, -68, -13, 28]
[17, 12, 14, -10] [-12, 5, -16, -1] [26, -7, 21, -12] [-5, 10, -25, 10] [14, -3, -27, 0] [19, -1, -29, 7] [38, 5, 30, 8]
[-16, -14, 3, -8] [-3, -19, -39, -6] [-10, 9, 27, 0] [-9, 6, -42, -9] [42, 21, -7, 32] [42, -22, -47, 21] [-13, 3, 6, -5]
Food (up, right, down, left):
[14, 22, 5, 8] [-9, 18, 7, -23] [25, -7, 23, 15] [-21, -22, 40, 32] [-7, -3, 40, -18] [-8, -22, -15, -28] [-37, 24, -1, -13]
[-67, -13, -22, -22] [3, 3, -22, -12] [6, 16, 29, 35] [-3, 21, -44, 19] [36, 6, -12, -34] [28, 4, -43, 16] [16, 5, 33, 21]
[-13, 0, 43, -34] [13, 6, -14, 30] [-66, -25, -24, 34] [42, -39, 33, 0] [3, -6, -9, -24] [-1, 22, -41, -27] [38, 25, -6, 32]
[16, 28, 11, 57] [-11, -8, -19, 35] [5, 0, -42, -14] [0, 0, 0, 0] [-16, 64, -32, -12] [-9, -26, -23, -4] [-9, 41, -26, 23]
[-8, 12, -11, 16] [7, 30, 9, 25] [24, -9, 35, 16] [-8, -32, 8, -22] [10, -7, 10, -34] [12, 44, 26, 14] [-6, -18, 7, -18]
[5, -15, -6, -5] [11, 8, 15, 1] [0, 12, 10, 15] [-27, -28, 39, -35] [-37, -29, -3, -48] [-17, 42, 2, 18] [0, 42, 0, 25]
[12, 13, -22, -5] [14, 9, 8, -53] [20, 17, 7, -27] [4, 6, 32, -43] [55, 35, -5, -13] [23, 30, 19, -3] [22, -15, 26, -24]
------------------------------
ALIVE
Head: (6 10)
Body: (6 10) (6 9) (5 9) (4 9) (4 8) (4 7) (4 6) (4 5) 
Length: 8, 4
Vision: 3
Hungry, suplies: 6/10
Reproductive: 16, mutating: 0.25
Generation: 42343
####################################
Wall (up, right, down, left):
[8, -4, -9, -11] [-3, 2, 7, 2] [-25, 2, 9, -5] [10, 1, 24, 11] [-22, 4, 21, -10] [4, -9, -1, -1] [-11, -22, -9, -10]
[-36, -18, 19, -23] [1, 16, -6, -2] [-35, 6, -9, -3] [-31, 9, 10, 9] [31, 10, 3, 1] [-37, -28, 5, 6] [-13, 5, -5, 5]
[-11, -5, 37, 8] [-5, 23, -11, -9] [-19, 0, 44, -13] [-78, 27, 48, 15] [-40, -52, -22, 35] [-14, -10, -4, 17] [-25, -5, -25, -16]
[4, 45, -8, -46] [22, 1, 20, -25] [-2, 43, -5, -89] [0, 0, 0, 0] [42, -96, 34, 8] [9, -1, -1, 21] [5, -2, 5, -2]
[-14, -28, -8, 7] [22, -2, -10, -1] [5, -2, -43, -39] [49, 16, -96, 9] [11, -16, -33, 30] [0, 16, -1, 19] [-38, -68, -13, 28]
[17, 12, 14, -6] [-12, 5, -16, -1] [26, -7, 21, -12] [-5, 15, -25, 10] [14, -3, -27, 0] [19, -1, -29, 7] [38, 3, 30, 8]
[-16, -10, 3, -8] [-3, -19, -39, -6] [-10, 9, 27, 0] [-9, 6, -42, -9] [42, 21, -8, 32] [42, -22, -47, 21] [-13, 3, 6, -5]
Food (up, right, down, left):
[14, 22, 5, 8] [-9, 18, 7, -23] [25, -7, 23, 15] [-21, -22, 40, 32] [-7, -3, 40, -18] [-8, -22, -15, -28] [-37, 24, -1, -13]
[-67, -13, -22, -22] [3, 3, -22, -12] [6, 16, 28, 35] [-8, 21, -44, 19] [36, 6, -12, -39] [28, 4, -43, 16] [16, 5, 33, 21]
[-13, 0, 43, -34] [13, 6, -14, 30] [-66, -25, -24, 34] [42, -39, 33, 0] [3, -6, -9, -24] [-1, 22, -41, -27] [38, 25, -6, 32]
[16, 28, 11, 57] [-11, -8, -19, 35] [5, 0, -42, -14] [0, 0, 0, 0] [-17, 64, -32, -12] [-13, -26, -23, -4] [-9, 41, -26, 24]
[-8, 12, -11, 16] [7, 30, 9, 25] [24, -9, 40, 16] [-8, -32, 8, -22] [10, -7, 10, -34] [12, 44, 25, 14] [-6, -18, 7, -18]
[5, -13, -6, -5] [11, 8, 15, 1] [0, 12, 10, 15] [-27, -28, 43, -35] [-37, -29, -3, -48] [-17, 42, 2, 18] [0, 42, 2, 25]
[12, 13, -22, -6] [14, 9, 8, -53] [20, 17, 7, -27] [4, 6, 32, -43] [52, 35, -5, -13] [23, 30, 19, -3] [22, -15, 26, -24]
------------------------------
ALIVE
Head: (22 31)
Body: (22 31) (22 32) (22 33) (22 34) (23 34) (23 35) (-1 35) (0 35) (1 35) 
Length: 9, 4
Vision: 3
Hungry, suplies: 10/10
Reproductive: 16, mutating: 0.25
Generation: 42336
####################################
Wall (up, right, down, left):
[8, -4, -9, -11] [-3, 2, 7, 2] [-25, 2, 9, -5] [10, 1, 24, 11] [-22, 4, 21, -10] [4, -9, -1, -1] [-11, -22, -9, -10]
[-36, -18, 19, -23] [1, 16, -6, -2] [-35, 6, -9, -3] [-31, 9, 8, 9] [31, 10, 3, 1] [-37, -28, 5, 6] [-13, 5, -5, 5]
[-11, -5, 37, 8] [-5, 23, -11, -9] [-19, 0, 42, -13] [-78, 27, 48, 15] [-40, -52, -22, 35] [-14, -10, -4, 17] [-25, -5, -25, -16]
[4, 45, -8, -46] [22, 1, 20, -25] [-2, 43, -5, -89] [0, 0, 0, 0] [42, -96, 34, 8] [9, -1, -1, 21] [5, -2, 1, -2]
[-14, -28, -8, 7] [26, -2, -10, -1] [5, -2, -43, -39] [49, 16, -96, 9] [11, -16, -33, 30] [0, 16, -1, 19] [-38, -68, -13, 28]
[17, 12, 14, -10] [-12, 5, -16, -1] [26, -7, 21, -12] [-5, 10, -25, 10] [14, -3, -27, 0] [19, -1, -29, 7] [38, 3, 30, 8]
[-16, -10, 3, -8] [-3, -19, -39, -6] [-10, 9, 27, 0] [-9, 6, -42, -9] [42, 21, -8, 32] [42, -22, -47, 21] [-13, 3, 6, -5]
Food (up, right, down, left):
[14, 22, 5, 8] [-9, 18, 7, -23] [25, -7, 23, 15] [-21, -22, 40, 32] [-7, -3, 40, -18] [-8, -22, -15, -28] [-37, 24, -1, -13]
[-67, -13, -22, -22] [3, 3, -22, -12] [6, 16, 28, 35] [-3, 21, -44, 19] [36, 6, -12, -39] [28, 4, -43, 16] [16, 5, 33, 21]
[-13, 0, 43, -34] [13, 6, -14, 30] [-66, -25, -24, 34] [42, -39, 33, 0] [3, -6, -9, -24] [-1, 22, -41, -27] [38, 25, -6, 32]
[16, 28, 11, 57] [-11, -8, -19, 35] [5, 0, -42, -14] [0, 0, 0, 0] [-17, 64, -32, -12] [-13, -26, -23, -4] [-9, 41, -26, 24]
[-8, 12, -11, 16] [7, 30, 9, 25] [24, -9, 40, 16] [-8, -32, 8, -22] [10, -7, 10, -34] [12, 44, 25, 14] [-6, -18, 7, -18]
[5, -15, -6, -5] [11, 8, 15, 1] [0, 12, 10, 15] [-27, -28, 39, -35] [-37, -29, -3, -48] [-17, 42, 2, 18] [0, 42, 2, 25]
[12, 13, -22, -6] [14, 9, 8, -53] [20, 17, 7, -27] [4, 6, 32, -43] [52, 35, -5, -13] [23, 30, 19, -3] [22, -15, 26, -24]
------------------------------
ALIVE
Head: (0 2)
Body: (0 2) (0 1) (0 57) (0 56) (24 56) (23 56) (23 55) (23 54) (23 53) 
Length: 9, 4
Vision: 3
Hungry, suplies: 7/10
Reproductive: 16, mutating: 0.25
Generation: 42337
####################################
Wall (up, right, down, left):
[8, -4, -9, -11] [-3, 2, 7, 2] [-25, 2, 9, -5] [10, 1, 24, 11] [-22, 4, 21, -10] [4, -9, -1, -1] [-11, -22, -9, -10]
[-36, -18, 19, -23] [1, 16, -6, -2] [-35, 6, -9, -3] [-31, 9, 8, 9] [31, 10, 3, 1] [-37, -28, 5, 6] [-13, 5, -5, 5]
[-11, -5, 37, 8] [-5, 23, -11, -9] [-19, 0, 42, -13] [-78, 27, 48, 15] [-40, -52, -22, 35] [-14, -10, -4, 17] [-25, -5, -25, -16]
[4, 45, -8, -46] [22, 1, 20, -25] [-2, 43, -5, -89] [0, 0, 0, 0] [42, -96, 34, 8] [9, -1, -1, 21] [5, -2, 1, -2]
[-14, -28, -8, 7] [22, -2, -10, -1] [5, -2, -43, -39] [49, 16, -96, 9] [11, -16, -33, 30] [0, 16, -1, 19] [-38, -68, -13, 28]
[17, 12, 14, -10] [-12, 5, -16, -1] [26, -7, 21, -12] [-5, 10, -25, 10] [14, -3, -27, 0] [19, -1, -29, 7] [38, 3, 30, 8]
[-16, -10, 3, -8] [-3, -19, -39, -6] [-10, 9, 27, 0] [-9, 6, -42, -9] [42, 21, -8, 32] [42, -22, -47, 21] [-13, 3, 6, -5]
Food (up, right, down, left):
[14, 22, 5, 8] [-9, 18, 7, -23] [25, -7, 23, 15] [-21, -22, 40, 32] [-7, -3, 40, -18] [-8, -22, -15, -28] [-37, 24, -1, -13]
[-67, -13, -22, -22] [3, 3, -22, -12] [6, 16, 28, 35] [-3, 21, -44, 19] [36, 6, -12, -39] [28, 4, -43, 16] [16, 5, 33, 21]
[-13, 0, 43, -34] [13, 6, -14, 30] [-66, -25, -24, 34] [42, -39, 33, 0] [3, -6, -9, -24] [-1, 22, -41, -27] [38, 25, -6, 32]
[16, 28, 11, 57] [-11, -8, -19, 35] [5, 0, -42, -14] [0, 0, 0, 0] [-17, 64, -32, -12] [-13, -26, -23, -4] [-9, 41, -26, 24]
[-8, 12, -11, 16] [7, 30, 9, 25] [24, -9, 40, 16] [-8, -32, 8, -22] [10, -7, 10, -34] [12, 44, 25, 14] [-6, -18, 7, -18]
[5, -15, -6, -5] [11, 8, 15, 1] [0, 12, 10, 15] [-27, -28, 39, -35] [-37, -29, -3, -48] [-17, 42, 2, 18] [0, 42, 2, 25]
[12, 13, -22, -6] [14, 9, 8, -53] [20, 17, 7, -27] [4, 6, 32, -43] [52, 35, -5, -13] [23, 30, 19, -3] [22, -15, 26, -24]
------------------------------
ALIVE
Head: (9 10)
Body: (9 10) (9 9) (9 8) (10 8) (10 7) (9 7) (9 6) (10 6) (11 6) (12 6) (13 6) (13 7) (13 8) (14 8) (15 8) 
Length: 15, 4
Vision: 3
Hungry, suplies: 1/10
Reproductive: 16, mutating: 0.25
Generation: 42337
####################################
Wall (up, right, down, left):
[8, -4, -9, -11] [-5, 2, 7, 2] [-25, 2, 9, -5] [10, 1, 24, 11] [-22, 4, 21, -10] [4, -9, -1, -1] [-11, -22, -9, -10]
[-36, -18, 19, -23] [1, 16, -6, -2] [-39, 6, -9, -3] [-31, 9, 8, 9] [26, 10, 3, 1] [-37, -28, 5, 6] [-13, 5, -5, 5]
[-11, -5, 37, 8] [-5, 23, -11, -9] [-19, 0, 44, -13] [-78, 27, 48, 15] [-40, -52, -22, 35] [-14, -10, -4, 17] [-25, -5, -25, -16]
[4, 45, -8, -46] [22, 1, 20, -25] [-2, 43, -5, -89] [0, 0, 0, 0] [42, -95, 34, 8] [9, -1, -1, 17] [8, -2, 5, -2]
[-14, -28, -8, 7] [22, -2, -10, -1] [1, -2, -43, -39] [49, 16, -96, 9] [11, -16, -33, 30] [0, 16, -1, 15] [-38, -68, -13, 28]
[17, 12, 14, -10] [-12, 5, -16, -1] [26, -7, 21, -12] [-5, 10, -25, 10] [14, -3, -27, 0] [19, -1, -29, 7] [38, 5, 30, 8]
[-16, -14, 3, -8] [-3, -19, -39, -6] [-10, 9, 27, 0] [-9, 6, -42, -9] [42, 21, -8, 32] [42, -22, -47, 21] [-13, 3, 6, -5]
Food (up, right, down, left):
[14, 22, 5, 8] [-9, 18, 7, -23] [25, -7, 23, 15] [-21, -22, 40, 32] [-7, -3, 40, -18] [-8, -22, -15, -28] [-37, 24, -1, -13]
[-67, -13, -22, -22] [3, 3, -22, -12] [6, 16, 29, 35] [-3, 21, -44, 19] [36, 6, -12, -34] [28, 4, -43, 16] [16, 5, 33, 21]
[-13, 0, 43, -34] [13, 6, -14, 30] [-66, -25, -24, 34] [42, -39, 33, 0] [3, -6, -9, -24] [-1, 22, -41, -27] [38, 25, -6, 32]
[16, 28, 11, 57] [-11, -8, -19, 35] [5, 0, -42, -14] [0, 0, 0, 0] [-16, 64, -32, -12] [-9, -26, -23, -4] [-9, 41, -26, 23]
[-8, 12, -11, 16] [7, 30, 9, 25] [24, -9, 35, 16] [-8, -32, 8, -22] [10, -7, 10, -34] [12, 44, 26, 14] [-6, -18, 7, -18]
[5, -15, -6, -5] [11, 8, 15, 1] [0, 12, 10, 15] [-27, -28, 39, -35] [-37, -29, -3, -48] [-17, 42, 2, 18] [0, 42, 0, 25]
[12, 13, -22, -5] [14, 9, 8, -53] [20, 17, 7, -27] [4, 6, 32, -43] [52, 35, -5, -13] [23, 30, 19, -3] [22, -15, 26, -24]
------------------------------
ALIVE
Head: (5 42)
Body: (5 42) (6 42) (6 41) (5 41) (5 40) (6 40) (7 40) (7 39) (7 38) (8 38) (9 38) (9 37) (9 36) (8 36) (7 36) 
Length: 15, 4
Vision: 3
Hungry, suplies: 9/10
Reproductive: 16, mutating: 0.25
Generation: 42342
####################################
Wall (up, right, down, left):
[8, -4, -9, -11] [-3, 2, 7, 2] [-25, 2, 9, -5] [10, 1, 24, 11] [-22, 4, 21, -10] [4, -9, -1, -1] [-11, -22, -9, -10]
[-36, -18, 19, -23] [1, 16, -6, -2] [-35, 6, -9, -3] [-31, 9, 8, 9] [31, 10, 3, 1] [-37, -28, 5, 6] [-13, 5, -5, 5]
[-11, -5, 37, 8] [-5, 23, -11, -9] [-19, 0, 44, -13] [-78, 27, 48, 15] [-40, -52, -22, 35] [-14, -10, -4, 17] [-25, -5, -25, -16]
[4, 45, -8, -46] [22, 1, 20, -25] [-2, 43, -5, -89] [0, 0, 0, 0] [42, -96, 34, 8] [9, -1, -1, 21] [5, -2, 5, -2]
[-14, -28, -8, 7] [22, -2, -10, -1] [5, -2, -43, -39] [49, 16, -96, 9] [11, -16, -33, 30] [0, 16, -1, 19] [-38, -68, -13, 28]
[17, 12, 14, -10] [-12, 5, -16, -1] [26, -7, 21, -12] [-5, 10, -25, 10] [14, -3, -27, 0] [19, -1, -29, 7] [38, 3, 30, 8]
[-16, -10, 3, -8] [-3, -19, -39, -6] [-10, 9, 27, 0] [-9, 6, -42, -9] [42, 21, -8, 32] [42, -22, -45, 21] [-13, 3, 6, -5]
Food (up, right, down, left):
[14, 22, 5, 8] [-9, 18, 7, -23] [25, -7, 23, 15] [-21, -22, 40, 32] [-7, -3, 40, -18] [-8, -22, -15, -28] [-37, 24, -1, -13]
[-67, -13, -22, -22] [3, 3, -22, -12] [6, 16, 28, 35] [-3, 21, -44, 19] [36, 6, -12, -39] [28, 4, -43, 16] [16, 5, 33, 21]
[-13, 0, 43, -34] [13, 6, -14, 30] [-66, -25, -24, 34] [42, -39, 33, 0] [3, -6, -9, -24] [-1, 22, -41, -27] [38, 25, -6, 32]
[16, 28, 11, 57] [-11, -8, -19, 35] [5, 0, -42, -14] [0, 0, 0, 0] [-17, 64, -32, -12] [-13, -26, -23, -4] [-9, 41, -26, 24]
[-8, 12, -11, 16] [7, 30, 9, 25] [24, -9, 40, 16] [-8, -32, 8, -22] [10, -7, 10, -34] [12, 44, 25, 14] [-6, -18, 7, -18]
[5, -15, -6, -5] [11, 8, 15, 1] [0, 12, 10, 15] [-27, -28, 39, -35] [-37, -29, -3, -48] [-17, 42, 2, 18] [0, 42, 2, 25]
[12, 13, -22, -6] [14, 9, 8, -53] [20, 17, 7, -27] [4, 6, 32, -43] [52, 35, -5, -13] [23, 30, 24, -3] [22, -15, 26, -24]
------------------------------
ALIVE
Head: (8 42)
Body: (8 42) (8 41) (8 40) (9 40) (10 40) (11 40) (11 41) (12 41) (12 42) (13 42) (14 42) 
Length: 11, 4
Vision: 3
Hungry, suplies: 9/10
Reproductive: 16, mutating: 0.25
Generation: 42338
####################################
Wall (up, right, down, left):
[8, -4, -9, -11] [-3, 2, 7, 2] [-25, 2, 9, -5] [10, 1, 24, 11] [-22, 4, 21, -10] [4, -9, -1, -1] [-11, -22, -9, -10]
[-36, -18, 19, -23] [1, 16, -6, -2] [-35, 6, -9, -3] [-31, 9, 8, 9] [31, 10, 3, 1] [-37, -28, 5, 6] [-13, 5, -5, 5]
[-11, -5, 37, 8] [-5, 23, -11, -9] [-19, 0, 44, -13] [-78, 27, 44, 15] [-40, -52, -22, 35] [-14, -10, -4, 17] [-25, -5, -25, -16]
[4, 45, -8, -46] [22, 1, 20, -25] [-2, 43, -5, -89] [0, 0, 0, 0] [42, -96, 34, 8] [9, -1, -1, 21] [5, -2, 5, -2]
[-14, -28, -8, 7] [22, -2, -10, -1] [5, -2, -43, -39] [49, 16, -96, 9] [11, -16, -33, 30] [0, 16, -1, 19] [-38, -68, -13, 28]
[17, 12, 14, -10] [-12, 5, -16, -1] [26, -7, 21, -12] [-5, 10, -25, 10] [14, -3, -27, 0] [19, -1, -29, 7] [38, 3, 30, 8]
[-16, -10, 3, -8] [-3, -19, -39, -6] [-10, 9, 27, 0] [-9, 6, -42, -9] [42, 21, -8, 32] [42, -22, -47, 21] [-13, 3, 6, -5]
Food (up, right, down, left):
[14, 22, 5, 8] [-9, 18, 7, -23] [25, -7, 23, 15] [-21, -22, 40, 32] [-7, -3, 40, -18] [-8, -22, -15, -28] [-37, 24, -1, -13]
[-67, -13, -22, -22] [3, 3, -22, -12] [6, 16, 28, 35] [-3, 21, -44, 19] [36, 6, -12, -39] [28, 4, -43, 16] [16, 5, 33, 21]
[-13, 0, 43, -34] [13, 6, -14, 30] [-66, -25, -24, 34] [42, -39, 33, 0] [3, -6, -9, -24] [-1, 22, -41, -27] [38, 25, -6, 32]
[16, 28, 11, 57] [-11, -8, -19, 35] [5, 0, -42, -14] [0, 0, 0, 0] [-17, 64, -32, -12] [-13, -26, -23, -4] [-9, 41, -26, 24]
[-8, 12, -11, 16] [7, 30, 9, 25] [24, -9, 40, 16] [-8, -32, 8, -22] [10, -7, 10, -34] [12, 44, 25, 14] [-6, -18, 7, -18]
[5, -15, -6, -5] [11, 8, 15, 1] [0, 12, 10, 15] [-27, -28, 39, -35] [-37, -29, -3, -48] [-17, 42, 2, 18] [0, 42, 2, 25]
[12, 13, -22, -6] [14, 9, 8, -53] [20, 17, 7, -27] [4, 6, 32, -43] [52, 35, -5, -13] [23, 30, 19, -3] [22, -15, 26, -24]
------------------------------
ALIVE
Head: (19 33)
Body: (19 33) (19 34) (20 34) (20 35) (20 36) (20 37) (19 37) (19 36) (18 36) (18 35) 
Length: 10, 4
Vision: 3
Hungry, suplies: 7/10
Reproductive: 16, mutating: 0.25
Generation: 42338
####################################
Wall (up, right, down, left):
[8, -4, -9, -11] [-5, 2, 7, 2] [-25, 2, 9, -5] [10, 1, 24, 11] [-22, 4, 21, -10] [4, -9, -1, -1] [-11, -22, -9, -10]
[-36, -18, 19, -23] [1, 16, -6, -2] [-39, 6, -9, -3] [-31, 9, 8, 9] [26, 10, 3, 1] [-37, -28, 5, 6] [-13, 5, -5, 5]
[-11, -5, 37, 8] [-5, 23, -11, -9] [-19, 0, 44, -13] [-78, 27, 48, 15] [-40, -52, -22, 30] [-14, -10, -4, 17] [-25, -5, -25, -16]
[4, 45, -8, -46] [22, 1, 20, -25] [-2, 43, -5, -89] [0, 0, 0, 0] [42, -95, 34, 8] [9, -1, -1, 17] [8, -2, 5, -2]
[-14, -28, -8, 7] [22, -2, -10, -1] [1, -2, -43, -39] [49, 16, -96, 9] [11, -16, -33, 30] [0, 16, -1, 15] [-38, -68, -13, 28]
[17, 12, 14, -10] [-12, 5, -16, -1] [26, -7, 21, -12] [-5, 10, -25, 10] [14, -3, -27, 0] [19, -1, -29, 7] [38, 5, 30, 8]
[-16, -14, 3, -8] [-3, -19, -39, -6] [-10, 9, 27, 0] [-9, 6, -42, -9] [42, 21, -8, 32] [42, -22, -47, 21] [-13, 3, 6, -5]
Food (up, right, down, left):
[14, 22, 5, 8] [-9, 18, 7, -23] [25, -7, 23, 15] [-21, -22, 40, 32] [-7, -3, 40, -18] [-8, -22, -15, -28] [-37, 24, -1, -13]
[-67, -13, -22, -22] [3, 3, -22, -12] [6, 16, 29, 35] [-3, 21, -44, 19] [36, 6, -12, -34] [28, 4, -43, 16] [16, 5, 33, 21]
[-13, 0, 43, -34] [13, 6, -14, 30] [-66, -25, -24, 34] [42, -39, 33, 0] [3, -6, -9, -22] [-1, 22, -41, -27] [38, 25, -6, 32]
[16, 28, 11, 57] [-11, -8, -19, 35] [5, 0, -42, -14] [0, 0, 0, 0] [-16, 64, -32, -12] [-9, -26, -23, -4] [-9, 41, -26, 23]
[-8, 12, -11, 16] [7, 30, 9, 25] [24, -9, 35, 16] [-8, -32, 8, -22] [10, -7, 10, -34] [12, 44, 26, 14] [-6, -18, 7, -18]
[5, -15, -6, -5] [11, 8, 15, 1] [0, 12, 10, 15] [-27, -28, 39, -35] [-37, -29, -3, -48] [-17, 42, 2, 18] [0, 42, 0, 25]
[12, 13, -22, -5] [14, 9, 8, -53] [20, 17, 7, -27] [4, 6, 32, -43] [52, 35, -5, -13] [23, 30, 19, -3] [22, -15, 26, -24]
------------------------------
ALIVE
Head: (3 29)
Body: (3 29) (3 30) (3 31) (3 32) (4 32) (4 31) (4 30) (4 29) 
Length: 8, 4
Vision: 3
Hungry, suplies: 3/10
Reproductive: 16, mutating: 0.25
Generation: 42342
####################################
Wall (up, right, down, left):
[8, -4, -9, -11] [-3, 2, 7, 2] [-25, 2, 9, -5] [10, 1, 24, 11] [-22, 4, 21, -10] [4, -9, -1, -1] [-11, -22, -9, -10]
[-36, -18, 19, -23] [1, 16, -6, -2] [-35, 6, -9, -3] [-31, 9, 10, 9] [31, 10, 3, 1] [-37, -28, 5, 6] [-13, 5, -5, 5]
[-11, -5, 37, 8] [-5, 23, -11, -9] [-19, 0, 44, -13] [-78, 27, 48, 15] [-40, -52, -22, 35] [-14, -10, -4, 17] [-25, -5, -25, -16]
[4, 45, -8, -46] [22, 1, 20, -25] [-2, 43, -5, -89] [0, 0, 0, 0] [42, -96, 34, 8] [9, -1, -1, 21] [5, -2, 5, -2]
[-14, -28, -5, 7] [22, -2, -10, -1] [5, -2, -43, -39] [49, 16, -96, 9] [11, -16, -33, 30] [0, 16, -1, 19] [-38, -68, -13, 28]
[17, 12, 14, -6] [-12, 5, -16, -1] [26, -7, 21, -12] [-5, 15, -25, 10] [14, -3, -27, 0] [19, -1, -29, 7] [38, 3, 30, 8]
[-16, -10, 3, -8] [-3, -19, -39, -6] [-10, 9, 27, 0] [-9, 6, -42, -9] [42, 21, -8, 32] [42, -22, -47, 21] [-13, 3, 6, -5]
Food (up, right, down, left):
[14, 22, 5, 8] [-9, 18, 7, -23] [25, -7, 23, 15] [-21, -22, 40, 32] [-7, -3, 40, -18] [-8, -22, -15, -28] [-37, 24, -1, -13]
[-67, -13, -22, -22] [3, 3, -22, -12] [6, 16, 28, 35] [-8, 21, -44, 19] [36, 6, -12, -39] [28, 4, -43, 16] [16, 5, 33, 21]
[-13, 0, 43, -34] [13, 6, -14, 30] [-66, -25, -24, 34] [42, -39, 33, 0] [3, -6, -9, -24] [-1, 22, -41, -27] [38, 25, -6, 32]
[16, 28, 11, 57] [-11, -8, -19, 35] [5, 0, -42, -14] [0, 0, 0, 0] [-17, 64, -32, -12] [-13, -26, -23, -4] [-9, 41, -26, 24]
[-8, 12, -11, 11] [7, 30, 9, 25] [24, -9, 40, 16] [-8, -32, 8, -22] [10, -7, 10, -34] [12, 44, 25, 14] [-6, -18, 7, -18]
[5, -13, -6, -5] [11, 8, 15, 1] [0, 12, 10, 15] [-27, -28, 43, -35] [-37, -29, -3, -48] [-17, 42, 2, 18] [0, 42, 2, 25]
[12, 13, -22, -6] [14, 9, 8, -53] [20, 17, 7, -27] [4, 6, 32, -43] [52, 35, -5, -13] [23, 30, 19, -3] [22, -15, 26, -24]
------------------------------
ALIVE
Head: (10 33)
Body: (10 33) (9 33) (8 33) (7 33) (6 33) (6 32) (6 31) 
Length: 7, 4
Vision: 3
Hungry, suplies: 10/10
Reproductive: 16, mutating: 0.25
Generation: 42337
####################################
Wall (up, right, down, left):
[8, -4, -9, -11] [-3, 2, 7, 2] [-25, 2, 9, -5] [10, 1, 24, 11] [-22, 4, 21, -10] [3, -9, -1, -1] [-11, -22, -9, -10]
[-36, -18, 19, -23] [1, 16, -6, -2] [-35, 6, -9, -3] [-31, 9, 8, 9] [26, 10, 3, -4] [-37, -28, 5, 6] [-13, 5, -5, 5]
[-11, -5, 37, 8] [-5, 23, -11, -9] [-19, 0, 44, -13] [-78, 27, 48, 15] [-40, -52, -22, 35] [-14, -10, -4, 17] [-25, -5, -25, -16]
[4, 45, -8, -46] [22, 1, 20, -25] [-4, 43, -5, -89] [0, 0, 0, 0] [42, -96, 34, 8] [9, -1, -1, 21] [5, -2, 5, -2]
[-14, -28, -8, 7] [22, -2, -10, -1] [1, -2, -43, -39] [49, 16, -96, 9] [11, -16, -33, 30] [0, 16, -1, 19] [-38, -68, -13, 28]
[17, 12, 14, -10] [-12, 5, -16, -1] [26, -7, 21, -12] [-5, 10, -25, 10] [14, -3, -27, 0] [19, -1, -29, 7] [38, 5, 30, 8]
[-16, -10, 3, -8] [-3, -19, -39, -6] [-10, 9, 27, 0] [-9, 6, -42, -9] [42, 21, -8, 32] [42, -22, -47, 21] [-13, 4, 6, -5]
Food (up, right, down, left):
[14, 22, 5, 8] [-9, 18, 7, -23] [25, -7, 23, 15] [-21, -22, 40, 32] [-7, -3, 40, -18] [-3, -22, -15, -28] [-37, 24, -1, -13]
[-67, -13, -22, -22] [3, 3, -22, -14] [6, 16, 28, 35] [-3, 21, -44, 19] [38, 6, -12, -34] [28, 4, -43, 16] [16, 5, 33, 21]
[-13, 0, 43, -34] [13, 6, -14, 30] [-66, -25, -24, 34] [42, -39, 33, 0] [3, -6, -9, -24] [-1, 22, -41, -27] [38, 25, -6, 32]
[16, 28, 11, 57] [-11, -8, -19, 35] [5, 5, -42, -14] [0, 0, 0, 0] [-17, 64, -32, -12] [-13, -26, -23, -4] [-9, 41, -26, 24]
[-8, 12, -11, 16] [7, 30, 9, 25] [24, -9, 35, 16] [-8, -32, 8, -22] [10, -7, 10, -34] [12, 44, 25, 14] [-6, -18, 7, -18]
[5, -15, -6, -5] [11, 8, 15, 1] [0, 12, 10, 15] [-27, -28, 39, -35] [-37, -29, -3, -48] [-17, 42, 2, 18] [0, 42, 0, 25]
[12, 13, -22, -6] [14, 9, 8, -53] [20, 17, 7, -27] [4, 6, 32, -43] [52, 35, -5, -13] [23, 30, 19, -3] [22, -14, 26, -24]
------------------------------
ALIVE
Head: (20 2)
Body: (20 2) (20 1) (20 0) (20 56) (20 55) (21 55) (22 55) (22 54) (22 53) (22 52) 
Length: 10, 4
Vision: 3
Hungry, suplies: 9/10
Reproductive: 16, mutating: 0.25
Generation: 42345
####################################
Wall (up, right, down, left):
[8, -4, -9, -11] [-5, 2, 7, 2] [-25, 2, 9, -5] [10, 1, 24, 11] [-22, 4, 21, -10] [4, -9, -1, -1] [-11, -22, -9, -10]
[-36, -18, 19, -23] [1, 16, -6, -2] [-39, 6, -9, -3] [-31, 9, 8, 9] [26, 10, 3, 1] [-37, -28, 5, 6] [-13, 5, -5, 5]
[-11, -5, 37, 8] [-5, 23, -11, -9] [-19, 0, 44, -13] [-78, 27, 48, 15] [-40, -52, -22, 35] [-14, -10, -4, 17] [-25, -5, -25, -16]
[4, 45, -8, -46] [22, 1, 20, -25] [-2, 43, -5, -89] [0, 0, 0, 0] [42, -95, 34, 8] [9, -1, -1, 17] [8, -2, 5, -2]
[-14, -28, -8, 7] [22, -2, -10, -1] [1, -2, -43, -39] [49, 16, -96, 9] [11, -16, -33, 30] [0, 16, -1, 15] [-38, -68, -13, 28]
[17, 12, 14, -10] [-12, 5, -16, -1] [26, -7, 21, -12] [-5, 10, -25, 10] [14, -3, -27, 0] [19, -1, -29, 7] [38, 5, 30, 8]
[-16, -14, 3, -8] [-3, -19, -39, -6] [-10, 9, 27, 0] [-9, 6, -42, -9] [42, 21, -8, 32] [42, -22, -47, 21] [-13, 3, 6, -5]
Food (up, right, down, left):
[14, 22, 5, 8] [-9, 18, 7, -23] [25, -7, 23, 15] [-21, -22, 40, 32] [-7, -3, 40, -18] [-8, -22, -15, -28] [-37, 24, -1, -13]
[-67, -13, -22, -22] [3, 3, -22, -12] [6, 16, 29, 35] [-3, 21, -44, 19] [36, 6, -12, -34] [28, 4, -43, 16] [16, 5, 33, 21]
[-13, 0, 43, -34] [13, 6, -14, 30] [-66, -25, -24, 34] [42, -39, 33, 0] [3, -6, -9, -24] [-1, 22, -41, -27] [38, 25, -6, 32]
[16, 28, 11, 57] [-11, -8, -19, 35] [5, 0, -42, -14] [0, 0, 0, 0] [-16, 64, -32, -12] [-9, -26, -23, -4] [-9, 41, -26, 23]
[-8, 12, -11, 16] [7, 30, 9, 25] [24, -9, 35, 16] [-8, -32, 8, -22] [10, -7, 10, -34] [12, 44, 26, 14] [-6, -18, 7, -18]
[5, -15, -6, -5] [11, 8, 15, 1] [0, 12, 10, 15] [-27, -28, 39, -35] [-37, -29, -3, -48] [-17, 42, 2, 18] [0, 42, 0, 25]
[12, 13, -22, -5] [14, 9, 8, -53] [20, 17, 7, -27] [4, 6, 32, -43] [52, 35, -5, -13] [23, 30, 19, -3] [22, -15, 26, -24]
------------------------------
ALIVE
Head: (3 11)
Body: (3 11) (3 12) (4 12) (4 13) (3 13) (2 13) (2 12) (2 11) (2 10) (1 10) (25 10) (24 10) 
Length: 12, 4
Vision: 3
Hungry, suplies: 7/10
Reproductive: 16, mutating: 0.25
Generation: 42339
####################################
Wall (up, right, down, left):
[8, -4, -9, -11] [-3, 2, 7, 2] [-25, 2, 9, -5] [10, 1, 24, 11] [-22, 4, 21, -10] [3, -9, -1, -1] [-11, -22, -9, -10]
[-36, -18, 19, -23] [1, 16, -6, -2] [-35, 6, -9, -3] [-31, 9, 8, 9] [26, 10, 3, 1] [-37, -28, 5, 6] [-13, 5, -5, 5]
[-11, -5, 37, 8] [-5, 23, -11, -9] [-19, 0, 44, -13] [-78, 27, 48, 15] [-40, -52, -22, 35] [-14, -10, -4, 17] [-25, -5, -25, -16]
[4, 45, -8, -46] [22, 1, 20, -25] [-4, 43, -5, -89] [0, 0, 0, 0] [42, -96, 34, 8] [9, -1, -1, 21] [5, -2, 5, -2]
[-14, -28, -8, 7] [22, -2, -10, -1] [1, -2, -43, -39] [49, 16, -96, 9] [11, -16, -33, 30] [0, 16, -1, 19] [-38, -68, -13, 28]
[17, 12, 14, -10] [-12, 5, -16, -1] [26, -7, 21, -12] [-5, 10, -25, 10] [14, -3, -27, 0] [19, -1, -29, 7] [38, 5, 30, 8]
[-16, -10, 3, -8] [-3, -19, -39, -6] [-10, 9, 27, 0] [-9, 6, -42, -9] [42, 21, -8, 32] [42, -22, -47, 21] [-13, 4, 6, -5]
Food (up, right, down, left):
[14, 22, 5, 8] [-9, 18, 7, -23] [25, -7, 23, 15] [-21, -22, 40, 32] [-7, -3, 40, -18] [-3, -22, -15, -28] [-37, 24, -1, -13]
[-67, -13, -22, -22] [3, 3, -22, -14] [6, 16, 28, 35] [-3, 21, -44, 19] [36, 6, -12, -34] [28, 4, -43, 16] [16, 5, 33, 21]
[-13, 0, 43, -34] [13, 6, -14, 30] [-66, -25, -24, 34] [42, -39, 33, 0] [3, -6, -9, -24] [-1, 22, -41, -27] [38, 25, -6, 32]
[16, 28, 11, 57] [-11, -8, -19, 35] [5, 5, -42, -14] [0, 0, 0, 0] [-17, 64, -32, -12] [-13, -26, -23, -4] [-9, 41, -26, 24]
[-8, 12, -11, 16] [7, 30, 9, 25] [24, -9, 35, 16] [-8, -32, 8, -22] [10, -7, 10, -34] [12, 44, 25, 14] [-6, -18, 7, -18]
[5, -15, -6, -5] [11, 8, 15, 1] [0, 12, 10, 15] [-27, -28, 39, -35] [-37, -29, -3, -48] [-17, 42, 2, 18] [0, 42, 0, 25]
[12, 13, -22, -6] [14, 9, 8, -53] [20, 17, 7, -27] [4, 6, 32, -43] [52, 35, -5, -13] [23, 30, 19, -3] [22, -14, 26, -24]
------------------------------
ALIVE
Head: (13 0)
Body: (13 57) (13 56) (13 55) (13 54) (13 53) (13 52) (13 51) (12 51) 
Length: 8, 4
Vision: 3
Hungry, suplies: 9/10
Reproductive: 16, mutating: 0.25
Generation: 42343
####################################
Wall (up, right, down, left):
[8, -4, -9, -11] [-3, 2, 7, 2] [-25, 2, 9, -5] [10, 1, 24, 11] [-22, 4, 21, -10] [4, -9, -1, -1] [-11, -22, -9, -10]
[-36, -18, 19, -23] [1, 16, -6, -2] [-35, 6, -9, -3] [-31, 9, 8, 9] [31, 10, 3, 1] [-37, -28, 5, 6] [-13, 5, -5, 5]
[-11, -5, 37, 8] [-5, 23, -11, -9] [-19, 0, 44, -13] [-78, 27, 48, 15] [-40, -52, -22, 35] [-14, -10, -4, 17] [-25, -5, -25, -16]
[4, 45, -8, -46] [22, 1, 20, -25] [-2, 43, -5, -89] [0, 0, 0, 0] [42, -96, 34, 8] [9, -1, -1, 21] [5, -2, 5, -2]
[-14, -28, -8, 7] [22, -2, -10, -1] [5, -2, -43, -39] [49, 16, -96, 9] [11, -16, -33, 30] [0, 16, -1, 19] [-38, -68, -13, 28]
[17, 12, 14, -10] [-12, 5, -16, -1] [26, -7, 21, -12] [-5, 10, -25, 10] [14, -3, -27, 0] [19, -1, -29, 7] [38, 3, 30, 8]
[-16, -10, 3, -8] [-3, -19, -39, -6] [-10, 9, 27, 0] [-9, 6, -42, -9] [42, 21, -8, 32] [42, -22, -45, 21] [-13, 3, 6, -5]
Food (up, right, down, left):
[14, 22, 5, 8] [-9, 18, 7, -23] [25, -7, 23, 15] [-21, -22, 40, 32] [-7, -3, 40, -18] [-8, -22, -15, -28] [-37, 24, -1, -13]
[-67, -13, -22, -22] [3, 3, -22, -12] [6, 16, 28, 35] [-3, 21, -44, 19] [36, 6, -12, -39] [28, 4, -43, 16] [16, 5, 33, 21]
[-13, 0, 43, -34] [13, 6, -14, 30] [-66, -25, -24, 34] [42, -39, 33, 0] [3, -6, -9, -24] [-1, 22, -41, -27] [38, 25, -6, 32]
[16, 28, 11, 57] [-11, -8, -19, 35] [5, 0, -42, -14] [0, 0, 0, 0] [-17, 64, -32, -12] [-13, -26, -23, -4] [-9, 41, -26, 24]
[-8, 12, -11, 16] [7, 30, 9, 25] [24, -9, 40, 16] [-8, -32, 8, -22] [10, -7, 10, -34] [12, 44, 25, 14] [-6, -18, 7, -18]
[5, -15, -6, -5] [11, 8, 15, 1] [0, 12, 10, 15] [-27, -28, 39, -35] [-37, -29, -3, -48] [-17, 42, 2, 18] [0, 42, 2, 25]
[12, 13, -22, -6] [14, 9, 8, -53] [20, 17, 7, -27] [4, 6, 32, -43] [52, 35, -5, -13] [23, 30, 24, -3] [22, -15, 26, -24]
------------------------------
ALIVE
Head: (13 35)
Body: (13 35) (12 35) (12 36) (12 37) (12 38) (13 38) (13 39) (14 39) (14 40) (15 40) 
Length: 10, 4
Vision: 3
Hungry, suplies: 10/10
Reproductive: 16, mutating: 0.25
Generation: 42339
####################################
Wall (up, right, down, left):
[8, -4, -9, -11] [-3, 2, 7, 2] [-25, 2, 9, -5] [10, 1, 24, 11] [-22, 4, 21, -10] [4, -9, -1, -1] [-11, -22, -9, -10]
[-36, -18, 19, -23] [1, 16, -6, -2] [-35, 6, -9, -3] [-31, 9, 8, 9] [31, 10, 3, 1] [-37, -28, 5, 6] [-13, 5, -5, 5]
[-11, -5, 37, 8] [-5, 23, -11, -9] [-19, 0, 44, -13] [-78, 27, 48, 15] [-40, -52, -22, 35] [-14, -10, -4, 17] [-25, -5, -25, -16]
[4, 45, -8, -46] [22, 1, 20, -25] [-2, 43, -5, -89] [0, 0, 0, 0] [42, -96, 34, 8] [9, -1, -1, 21] [5, -2, 5, -2]
[-14, -28, -8, 7] [22, -2, -10, -1] [5, -2, -43, -39] [49, 16, -96, 9] [11, -16, -33, 30] [0, 16, -1, 19] [-38, -68, -13, 28]
[17, 12, 14, -10] [-12, 5, -16, -1] [26, -7, 21, -12] [-5, 10, -25, 10] [14, -3, -27, 0] [19, -1, -29, 7] [38, 3, 30, 8]
[-16, -10, 3, -8] [-3, -19, -39, -6] [-10, 9, 27, 0] [-9, 6, -42, -9] [42, 21, -8, 32] [42, -22, -45, 21] [-13, 3, 6, -5]
Food (up, right, down, left):
[14, 22, 5, 8] [-9, 18, 7, -23] [25, -7, 23, 15] [-21, -22, 40, 32] [-7, -3, 40, -18] [-8, -22, -15, -28] [-37, 24, -1, -13]
[-67, -13, -22, -22] [3, 3, -22, -12] [6, 16, 28, 35] [-3, 21, -44, 19] [36, 6, -12, -39] [28, 4, -43, 16] [16, 5, 33, 21]
[-13, 0, 43, -34] [13, 6, -14, 30] [-66, -25, -24, 34] [42, -39, 33, 0] [3, -6, -9, -24] [-1, 22, -41, -27] [38, 25, -6, 32]
[16, 28, 11, 57] [-11, -8, -19, 35] [5, 0, -42, -14] [0, 0, 0, 0] [-17, 64, -32, -12] [-13, -26, -23, -4] [-9, 41, -26, 24]
[-8, 12, -11, 16] [7, 30, 9, 25] [24, -9, 40, 16] [-8, -32, 8, -22] [10, -7, 10, -34] [12, 44, 25, 14] [-6, -18, 7, -18]
[5, -15, -6, -5] [11, 8, 15, 1] [0, 12, 10, 15] [-27, -28, 39, -35] [-37, -29, -3, -48] [-17, 42, 2, 18] [0, 42, 2, 25]
[12, 13, -22, -6] [14, 9, 8, -53] [20, 17, 7, -27] [4, 6, 32, -43] [52, 35, -5, -13] [23, 30, 24, -3] [22, -15, 26, -24]
------------------------------
ALIVE
Head: (18 1)
Body: (18 1) (18 57) (18 56) (18 55) (18 54) (17 54) (16 54) (16 53) (15 53) (15 52) 
Length: 10, 4
Vision: 3
Hungry, suplies: 7/10
Reproductive: 16, mutating: 0.25
Generation: 42338
####################################
Wall (up, right, down, left):
[8, -4, -9, -11] [-3, 2, 7, 2] [-25, 2, 9, -5] [10, 1, 24, 11] [-22, 4, 21, -10] [3, -9, -1, -1] [-11, -22, -9, -10]
[-36, -18, 19, -23] [1, 16, -6, -2] [-35, 6, -9, -3] [-31, 9, 8, 9] [26, 10, 3, -4] [-37, -28, 5, 6] [-13, 5, -5, 5]
[-11, -5, 37, 8] [-5, 23, -11, -9] [-19, 0, 44, -13] [-78, 27, 48, 15] [-40, -52, -22, 35] [-14, -10, -4, 17] [-25, -5, -25, -16]
[4, 45, -8, -46] [22, 1, 20, -25] [-4, 43, -5, -89] [0, 0, 0, 0] [42, -96, 34, 8] [9, -1, -1, 21] [5, -2, 5, -2]
[-14, -28, -8, 7] [22, -2, -10, -1] [1, -2, -43, -39] [49, 16, -96, 9] [11, -16, -33, 30] [0, 16, -1, 19] [-38, -68, -13, 28]
[17, 12, 14, -10] [-12, 5, -16, -1] [26, -7, 21, -12] [-5, 10, -25, 10] [14, -3, -27, 0] [19, -1, -29, 7] [38, 5, 30, 8]
[-16, -10, 3, -8] [-3, -19, -39, -6] [-10, 9, 27, 0] [-9, 6, -42, -9] [42, 21, -8, 32] [42, -22, -47, 21] [-13, 4, 6, -5]
Food (up, right, down, left):
[14, 22, 5, 8] [-9, 18, 7, -23] [25, -7, 23, 15] [-21, -22, 40, 32] [-7, -3, 40, -18] [-3, -22, -15, -28] [-37, 24, -1, -13]
[-67, -13, -22, -22] [3, 3, -22, -14] [6, 16, 28, 35] [-3, 21, -44, 19] [38, 6, -12, -34] [28, 4, -43, 16] [16, 5, 33, 21]
[-13, 0, 43, -34] [13, 6, -14, 30] [-66, -25, -24, 34] [42, -39, 33, 0] [3, -6, -9, -24] [-1, 22, -41, -27] [38, 25, -6, 32]
[16, 28, 11, 57] [-11, -8, -19, 35] [5, 5, -42, -14] [0, 0, 0, 0] [-17, 64, -32, -12] [-13, -26, -23, -4] [-9, 41, -26, 24]
[-8, 12, -11, 16] [7, 30, 9, 25] [24, -9, 35, 16] [-8, -32, 8, -22] [10, -7, 10, -34] [12, 44, 25, 14] [-6, -18, 7, -18]
[5, -15, -6, -5] [11, 8, 15, 1] [0, 12, 10, 15] [-27, -28, 39, -35] [-37, -29, -3, -48] [-17, 42, 2, 18] [0, 42, 0, 25]
[12, 13, -22, -6] [14, 9, 8, -53] [20, 17, 7, -27] [4, 6, 32, -43] [52, 35, -5, -13] [23, 30, 19, -3] [22, -14, 26, -24]
------------------------------
ALIVE
Head: (5 16)
Body: (5 16) (5 15) (5 14) (4 14) (3 14) (3 15) (3 16) (3 17) (4 17) (4 18) 
Length: 10, 4
Vision: 3
Hungry, suplies: 7/10
Reproductive: 16, mutating: 0.25
Generation: 42346
####################################
Wall (up, right, down, left):
[8, -4, -9, -11] [-3, 2, 7, 2] [-25, 2, 9, -5] [10, 1, 24, 11] [-22, 4, 21, -10] [4, -9, -1, -1] [-11, -22, -9, -10]
[-36, -18, 19, -23] [1, 16, -6, -2] [-35, 6, -9, -3] [-31, 9, 8, 9] [31, 10, 3, 1] [-37, -28, 5, 6] [-13, 5, -5, 5]
[-11, -5, 37, 8] [-5, 23, -11, -9] [-19, 0, 44, -13] [-78, 27, 48, 15] [-40, -52, -22, 35] [-14, -10, -4, 17] [-25, -5, -25, -16]
[4, 45, -8, -46] [22, 1, 20, -25] [-2, 43, -5, -89] [0, 0, 0, 0] [42, -96, 34, 8] [9, -1, -1, 21] [5, -2, 5, -2]
[-14, -28, -8, 7] [22, -2, -10, -1] [5, -2, -43, -39] [49, 16, -96, 9] [11, -16, -33, 30] [0, 16, -1, 19] [-38, -68, -13, 28]
[17, 12, 14, -10] [-12, 5, -16, -1] [26, -7, 21, -12] [-5, 10, -25, 10] [14, -3, -27, 0] [19, -1, -29, 7] [38, 3, 30, 8]
[-16, -10, 3, -8] [-3, -19, -39, -6] [-10, 9, 27, 0] [-9, 6, -42, -9] [42, 21, -8, 32] [42, -22, -45, 21] [-13, 3, 6, -5]
Food (up, right, down, left):
[14, 22, 5, 8] [-9, 18, 7, -23] [25, -7, 23, 15] [-21, -22, 40, 32] [-7, -3, 40, -18] [-8, -22, -15, -28] [-37, 24, -1, -13]
[-67, -13, -22, -22] [3, 3, -22, -12] [6, 16, 28, 35] [-3, 21, -44, 19] [36, 6, -12, -39] [28, 4, -43, 16] [16, 5, 33, 21]
[-13, 0, 43, -34] [13, 6, -14, 30] [-66, -25, -24, 34] [42, -39, 33, 0] [3, -6, -9, -24] [-1, 22, -41, -27] [38, 25, -6, 32]
[16, 28, 11, 57] [-11, -8, -19, 35] [5, 0, -42, -14] [0, 0, 0, 0] [-17, 64, -32, -12] [-13, -26, -23, -4] [-9, 41, -26, 24]
[-8, 12, -11, 16] [7, 30, 9, 25] [24, -9, 40, 16] [-8, -32, 8, -22] [10, -7, 10, -34] [12, 44, 25, 14] [-6, -18, 7, -18]
[5, -15, -6, -5] [11, 8, 15, 1] [0, 12, 10, 15] [-27, -28, 39, -35] [-37, -29, -3, -48] [-17, 42, 2, 18] [0, 42, 2, 25]
[12, 13, -22, -6] [14, 9, 8, -53] [20, 17, 7, -27] [4, 6, 32, -43] [52, 35, -5, -13] [23, 30, 24, -3] [22, -15, 26, -24]
------------------------------
ALIVE
Head: (14 11)
Body: (14 11) (14 10) (14 9) (13 9) (12 9) (12 10) (11 10) (11 11) 
Length: 8, 4
Vision: 3
Hungry, suplies: 4/10
Reproductive: 16, mutating: 0.25
Generation: 42338
####################################
Wall (up, right, down, left):
[8, -4, -9, -11] [-3, 2, 7, 2] [-25, 2, 9, -5] [10, 1, 24, 11] [-22, 4, 21, -10] [4, -9, -1, -1] [-11, -22, -9, -10]
[-36, -18, 19, -23] [1, 16, -6, -2] [-35, 6, -9, -3] [-31, 9, 8, 9] [31, 10, 3, 1] [-37, -28, 5, 6] [-13, 5, -5, 5]
[-11, -5, 37, 8] [-5, 23, -11, -9] [-19, 0, 44, -13] [-78, 27, 48, 15] [-40, -52, -22, 35] [-14, -10, -4, 17] [-25, -5, -25, -16]
[4, 45, -8, -46] [22, 1, 20, -25] [-2, 43, -5, -89] [0, 0, 0, 0] [42, -96, 34, 8] [9, -1, -1, 21] [5, -2, 5, -2]
[-14, -28, -8, 7] [22, -2, -10, -1] [5, -2, -43, -39] [49, 16, -96, 9] [11, -16, -33, 30] [0, 16, -1, 19] [-38, -68, -13, 28]
[17, 12, 14, -10] [-12, 5, -16, -1] [26, -7, 21, -12] [-5, 10, -25, 10] [14, -3, -27, 0] [19, -1, -29, 7] [38, 3, 30, 8]
[-16, -10, 3, -8] [-3, -19, -39, -6] [-10, 9, 27, 0] [-9, 6, -42, -9] [42, 21, -8, 32] [42, -22, -47, 21] [-13, 3, 6, -5]
Food (up, right, down, left):
[14, 22, 5, 8] [-9, 18, 7, -23] [25, -7, 23, 15] [-21, -22, 40, 32] [-7, -3, 40, -18] [-8, -22, -15, -28] [-37, 24, -1, -13]
[-67, -13, -22, -22] [3, 3, -22, -12] [6, 16, 28, 35] [-3, 21, -44, 19] [36, 6, -12, -39] [28, 4, -43, 16] [16, 5, 33, 21]
[-13, 0, 43, -34] [13, 6, -14, 30] [-66, -25, -24, 34] [42, -39, 33, 0] [3, -6, -9, -24] [-1, 22, -41, -27] [38, 25, -6, 32]
[16, 28, 11, 57] [-11, -8, -19, 35] [5, 0, -42, -14] [0, 0, 0, 0] [-17, 64, -32, -12] [-13, -26, -23, -4] [-9, 41, -26, 24]
[-8, 12, -11, 16] [7, 30, 9, 25] [24, -9, 40, 16] [-8, -32, 8, -22] [10, -7, 10, -34] [12, 44, 25, 14] [-6, -18, 7, -18]
[5, -15, -6, -5] [11, 8, 15, 1] [0, 12, 10, 15] [-27, -28, 39, -35] [-37, -29, -3, -48] [-17, 42, 2, 18] [0, 42, 2, 25]
[12, 13, -22, -6] [14, 9, 8, -53] [20, 17, 7, -27] [4, 6, 32, -43] [52, 35, -5, -13] [23, 30, 19, -3] [22, -15, 26, -24]
------------------------------
ALIVE
Head: (20 22)
Body: (20 22) (20 23) (19 23) (19 24) (18 24) (18 25) (18 26) (18 27) (17 27) 
Length: 9, 4
Vision: 3
Hungry, suplies: 6/10
Reproductive: 16, mutating: 0.25
Generation: 42337
####################################
Wall (up, right, down, left):
[8, -4, -9, -11] [-3, 2, 7, 2] [-25, 2, 9, -5] [10, 1, 24, 11] [-22, 4, 21, -10] [4, -9, -1, -1] [-11, -22, -9, -10]
[-36, -18, 19, -23] [1, 16, -6, -2] [-35, 6, -9, -3] [-31, 9, 8, 9] [31, 10, 3, 1] [-37, -28, 5, 6] [-13, 5, -5, 5]
[-11, -5, 37, 8] [-5, 23, -11, -9] [-19, 0, 44, -13] [-78, 27, 48, 15] [-40, -52, -22, 35] [-14, -10, -4, 17] [-25, -5, -25, -16]
[4, 45, -8, -46] [22, 1, 20, -25] [-2, 43, -5, -89] [0, 0, 0, 0] [42, -96, 34, 8] [9, -1, -1, 21] [5, -2, 5, -2]
[-14, -28, -8, 7] [22, -2, -10, -1] [5, -2, -43, -39] [49, 16, -96, 9] [11, -16, -33, 30] [0, 16, -1, 19] [-38, -68, -13, 28]
[17, 12, 14, -6] [-12, 5, -16, -1] [26, -7, 21, -12] [-5, 13, -25, 10] [14, -3, -27, 0] [19, -1, -29, 7] [38, 3, 30, 8]
[-16, -10, 3, -8] [-3, -19, -39, -6] [-10, 9, 27, 0] [-9, 6, -42, -9] [42, 21, -8, 32] [42, -22, -47, 21] [-13, 3, 6, -5]
Food (up, right, down, left):
[14, 22, 5, 8] [-9, 18, 7, -23] [25, -7, 23, 15] [-21, -22, 40, 32] [-7, -3, 40, -18] [-8, -22, -15, -28] [-37, 24, -1, -13]
[-67, -13, -22, -22] [3, 3, -22, -12] [6, 16, 28, 35] [-3, 21, -44, 19] [36, 6, -12, -39] [28, 4, -43, 16] [16, 5, 33, 21]
[-13, 0, 43, -34] [13, 6, -14, 30] [-66, -25, -24, 34] [42, -39, 33, 0] [3, -6, -9, -24] [-1, 22, -41, -27] [38, 25, -6, 32]
[16, 28, 11, 57] [-11, -8, -19, 35] [5, 0, -42, -14] [0, 0, 0, 0] [-17, 64, -32, -12] [-13, -26, -23, -4] [-9, 41, -26, 24]
[-8, 12, -11, 16] [7, 30, 9, 25] [24, -9, 40, 16] [-8, -32, 8, -22] [10, -7, 10, -34] [12, 44, 25, 14] [-6, -18, 7, -18]
[5, -13, -6, -5] [11, 8, 15, 1] [0, 12, 10, 15] [-27, -33, 43, -35] [-37, -29, -3, -48] [-17, 42, 2, 18] [0, 42, 2, 25]
[12, 13, -22, -6] [14, 9, 8, -53] [20, 17, 7, -27] [4, 6, 32, -43] [52, 35, -5, -13] [23, 30, 19, -3] [22, -15, 26, -24]
------------------------------
ALIVE
Head: (10 44)
Body: (10 44) (10 43) (10 42) (10 41) (9 41) (9 42) (9 43) (9 44) 
Length: 8, 4
Vision: 3
Hungry, suplies: 7/10
Reproductive: 16, mutating: 0.25
Generation: 42337
####################################
