Wall (up, right, down, left):
[9, -8, -26, -7] [3, -2, -9, -1] [-2, 1, 1, -9] [12, 5, 2, 5] [-2, 14, 17, -15] [-9, 4, 3, -14] [-28, -13, -8, -8]
[7, 5, 10, -12] [6, 13, 7, 4] [-4, 8, 1, -4] [-28, 13, 4, 13] [27, 6, 0, -4] [-12, -2, 9, 9] [-15, -9, 11, -1]
[-3, 6, 26, -3] [-4, 12, -2, 18] [-14, -7, 29, -11] [-51, 21, 35, 30] [-41, -25, -26, 11] [-4, -27, 5, 31] [-9, -8, -5, -5]
[-4, -1, -4, -31] [5, 11, 16, -15] [7, 23, 12, -90] [0, 0, 0, 0] [24, -78, 9, -3] [21, -3, -6, 12] [9, -13, 4, 3]
[-25, -11, -5, -15] [0, 19, -6, 7] [-2, 13, -22, -4] [11, 6, -53, 14] [-1, -6, -10, 36] [3, 13, -16, 18] [-12, -25, 11, -2]
[16, 20, -4, 7] [-7, -4, -3, -22] [9, 4, 11, 0] [-3, -6, -21, 8] [8, 6, -7, 11] [38, -2, 2, -6] [17, 11, 3, 15]
[-6, -16, -10, -20] [19, -11, -12, -12] [-14, -5, 8, -3] [-10, 21, -12, -9] [23, 16, 8, 0] [21, -10, -14, 6] [10, 7, -3, -3]
Food (up, right, down, left):
[34, 2, -4, 22] [-7, 10, -11, -12] [10, -6, -25, 0] [-11, 0, 31, 1] [-9, 11, 3, 21] [5, -17, 0, -6] [-22, 23, -8, -25]
[-36, -13, -8, -18] [-5, -11, -3, -3] [2, 14, -1, 27] [-18, 20, -23, 22] [7, -2, 6, -33] [20, -13, -23, 20] [3, -15, -8, 6]
[-17, 18, 6, -22] [-15, 3, 1, 11] [-32, -33, -13, 5] [34, -20, 10, -12] [-11, -14, 4, -18] [6, 3, -22, -21] [-3, 15, 10, 17]
[6, -2, 19, 29] [-28, -9, -28, 19] [-8, 10, -14, -22] [0, 0, 0, 0] [-38, 26, -15, 2] [-18, 7, -24, -1] [7, 11, 0, -11]
[11, 15, -1, 18] [2, 3, 12, 3] [8, -7, 28, 8] [-9, -15, 18, -13] [-4, -13, 17, -23] [-9, 28, 15, 14] [7, 9, -1, -40]
[10, -7, 4, -8] [18, -4, 25, 15] [1, 12, 5, 16] [-11, -15, 10, -32] [-15, -5, -7, -19] [-2, 16, -17, 13] [8, 34, -8, -1]
[-10, 0, -16, -13] [5, 3, 9, -19] [5, 14, 3, -5] [-5, -10, 29, -31] [29, 27, -4, 5] [5, 29, 12, 10] [14, -19, 17, -1]
------------------------------
ALIVE
Head: (10 25)
Body: (10 25) (11 25) (11 26) (12 26) (13 26) (13 27) (13 28) (14 28) (14 29) (14 30) (15 30) (16 30) 
Length: 12, 4
Vision: 3
Hungry, suplies: 5/10
Reproductive: 16, mutating: 0.25
Generation: 22291
####################################
Wall (up, right, down, left):
[9, -8, -26, -7] [3, -2, -9, -1] [-2, 1, 1, -9] [12, 5, 2, 5] [-2, 14, 17, -15] [-9, 4, 3, -14] [-28, -13, -8, -8]
[7, 5, 10, -12] [6, 13, 7, 4] [-4, 8, 1, -4] [-28, 13, 4, 13] [27, 6, 0, -4] [-12, -2, 9, 9] [-15, -9, 11, -1]
[-3, 6, 26, -3] [-4, 12, -2, 18] [-14, -7, 29, -11] [-51, 21, 35, 30] [-41, -25, -26, 11] [-4, -27, 5, 31] [-9, -8, -5, -5]
[-4, -1, -4, -31] [5, 11, 16, -15] [7, 23, 12, -90] [0, 0, 0, 0] [24, -78, 9, -3] [21, -3, -6, 12] [9, -13, 4, 3]
[-25, -11, 0, -15] [0, 19, -6, 7] [-2, 13, -22, -4] [11, 6, -53, 14] [-1, -6, -10, 36] [3, 13, -16, 18] [-12, -25, 11, -2]
[16, 20, -4, 7] [-7, -4, -3, -22] [9, 4, 11, 0] [-3, -6, -21, 8] [8, 6, -7, 11] [38, -2, 2, -6] [17, 11, 3, 15]
[-6, -16, -10, -20] [19, -11, -12, -12] [-14, -5, 8, -3] [-10, 21, -12, -9] [23, 16, 8, 0] [21, -10, -14, 6] [10, 7, -3, -3]
Food (up, right, down, left):
[34, 2, -4, 22] [-7, 10, -11, -12] [10, -6, -25, 0] [-11, 0, 31, 1] [-9, 11, 3, 21] [5, -17, 0, -6] [-22, 23, -8, -25]
[-36, -13, -8, -18] [-5, -11, -3, -3] [2, 14, -1, 27] [-18, 20, -23, 22] [7, -2, 6, -33] [20, -13, -23, 20] [3, -15, -8, 6]
[-17, 18, 6, -22] [-15, 3, 1, 11] [-32, -33, -13, 5] [34, -20, 10, -12] [-11, -14, 4, -18] [6, 3, -22, -21] [-3, 15, 10, 17]
[6, -2, 19, 29] [-28, -9, -28, 19] [-8, 10, -14, -22] [0, 0, 0, 0] [-38, 26, -15, 2] [-18, 7, -24, -1] [7, 11, 0, -11]
[9, 15, -1, 18] [2, 3, 12, 3] [8, -7, 28, 8] [-9, -15, 18, -13] [-4, -13, 17, -23] [-9, 28, 15, 14] [7, 9, -1, -40]
[10, -7, 4, -8] [18, -4, 25, 15] [1, 12, 5, 16] [-11, -15, 10, -32] [-15, -5, -7, -19] [-2, 16, -17, 13] [8, 34, -8, -1]
[-10, 0, -16, -13] [5, 3, 9, -19] [5, 14, 3, -5] [-5, -10, 29, -31] [29, 27, -4, 5] [5, 29, 12, 10] [14, -19, 17, -1]
------------------------------
ALIVE
Head: (21 48)
Body: (21 48) (21 47) (20 47) (19 47) (19 46) (18 46) (17 46) (17 45) (16 45) (15 45) (15 44) (15 43) (15 42) (16 42) (17 42) 
Length: 15, 4
Vision: 3
Hungry, suplies: 7/10
Reproductive: 16, mutating: 0.25
Generation: 22289
####################################
Wall (up, right, down, left):
[9, -8, -26, -7] [3, -2, -9, -1] [-2, 0, 1, -9] [12, 5, 2, 5] [-2, 14, 17, -15] [-9, 4, 3, -14] [-28, -13, -8, -8]
[7, 5, 10, -12] [6, 13, 7, 4] [-4, 8, 1, -4] [-28, 13, 4, 13] [27, 6, 0, -4] [-12, -2, 9, 9] [-15, -9, 11, -1]
[-3, 6, 26, -3] [-4, 12, -2, 18] [-14, -7, 29, -11] [-51, 21, 35, 30] [-41, -25, -26, 11] [-4, -27, 5, 31] [-9, -8, -5, -5]
[-4, -1, -4, -31] [5, 11, 20, -15] [7, 23, 12, -90] [0, 0, 0, 0] [24, -76, 9, -3] [19, -3, -6, 12] [9, -13, 4, 3]
[-25, -11, -5, -15] [0, 19, -2, 7] [-2, 13, -22, -4] [11, 6, -53, 14] [-1, -6, -10, 36] [3, 13, -16, 18] [-12, -20, 11, -2]
[16, 20, -4, 7] [-7, -4, -3, -22] [9, 4, 11, 0] [-3, -6, -21, 8] [8, 6, -7, 11] [38, -2, 2, -6] [17, 11, 3, 15]
[-6, -15, -10, -20] [19, -11, -12, -12] [-14, -5, 8, -3] [-10, 21, -12, -9] [23, 16, 8, 0] [22, -10, -14, 6] [10, 7, -3, -3]
Food (up, right, down, left):
[34, 2, -4, 22] [-7, 10, -11, -12] [10, -2, -25, 0] [-11, 0, 31, 1] [-9, 11, 3, 21] [5, -17, 0, -6] [-22, 23, -8, -25]
[-36, -13, -8, -18] [-5, -11, -3, -3] [2, 14, -1, 27] [-18, 20, -23, 22] [7, -2, 6, -33] [20, -13, -23, 20] [3, -15, -8, 6]
[-17, 18, 6, -22] [-15, 3, 1, 11] [-32, -33, -13, 5] [34, -20, 10, -12] [-11, -14, 4, -18] [6, 3, -22, -21] [-3, 15, 10, 17]
[6, -2, 19, 29] [-28, -9, -31, 19] [-8, 10, -14, -22] [0, 0, 0, 0] [-38, 26, -11, 2] [-17, 7, -24, -1] [7, 11, 0, -11]
[11, 15, -1, 18] [2, 3, 12, 3] [8, -7, 28, 8] [-9, -15, 18, -13] [-4, -13, 17, -23] [-9, 28, 15, 14] [7, 9, 3, -40]
[10, -7, 4, -8] [18, -4, 25, 15] [1, 12, 5, 16] [-11, -15, 10, -32] [-15, -5, -7, -19] [-2, 16, -17, 13] [8, 34, -8, -1]
[-10, 0, -16, -15] [5, 3, 9, -19] [5, 14, 3, -5] [-5, -10, 29, -31] [29, 27, -4, 5] [4, 29, 12, 10] [14, -19, 17, -1]
------------------------------
ALIVE
Head: (16 28)
Body: (16 28) (16 27) (15 27) (14 27) (14 26) (14 25) (14 24) (15 24) (16 24) (17 24) 
Length: 10, 4
Vision: 3
Hungry, suplies: 10/10
Reproductive: 16, mutating: 0.25
Generation: 22297
####################################
Wall (up, right, down, left):
[9, -8, -26, -7] [3, -2, -9, -1] [-2, 1, 1, -9] [12, 5, 2, 5] [-2, 14, 17, -15] [-9, 4, 5, -14] [-28, -13, -8, -8]
[7, 5, 10, -12] [6, 13, 7, 4] [-4, 8, 1, -4] [-28, 13, 4, 13] [27, 6, 0, -4] [-12, -2, 9, 9] [-15, -9, 11, -1]
[-3, 6, 26, -3] [-4, 12, -2, 18] [-14, -7, 29, -11] [-51, 21, 35, 30] [-41, -25, -26, 11] [-4, -27, 5, 31] [-9, -8, -5, -5]
[-4, -1, -4, -31] [5, 11, 16, -15] [7, 23, 12, -90] [0, 0, 0, 0] [24, -78, 9, -3] [21, -3, -6, 12] [9, -13, 4, 3]
[-25, -11, -5, -15] [0, 19, -6, 7] [-2, 13, -22, -4] [11, 6, -53, 14] [-1, -6, -10, 36] [3, 13, -16, 18] [-12, -25, 11, -2]
[16, 20, -4, 7] [-7, -4, -3, -22] [9, 4, 11, 0] [-3, -6, -21, 8] [8, 6, -7, 11] [38, -2, 2, -6] [17, 11, 3, 15]
[-6, -16, -10, -20] [19, -11, -12, -12] [-14, -5, 8, -3] [-10, 21, -12, -9] [23, 16, 8, 0] [21, -10, -14, 6] [10, 7, -3, -3]
Food (up, right, down, left):
[34, 2, -4, 22] [-7, 10, -11, -12] [10, -6, -25, 0] [-11, 0, 31, 1] [-9, 11, 3, 21] [5, -19, 0, -6] [-22, 23, -8, -25]
[-36, -13, -8, -18] [-5, -11, -3, -3] [2, 14, -1, 27] [-18, 20, -23, 22] [7, -2, 6, -33] [20, -13, -23, 20] [3, -15, -8, 6]
[-17, 18, 6, -22] [-15, 3, 1, 11] [-32, -33, -13, 5] [34, -20, 10, -12] [-11, -14, 4, -18] [6, 3, -22, -21] [-3, 15, 10, 17]
[6, -2, 19, 29] [-28, -9, -28, 19] [-8, 10, -14, -22] [0, 0, 0, 0] [-38, 26, -15, 2] [-18, 7, -24, -1] [7, 11, 0, -11]
[11, 15, -1, 18] [2, 3, 12, 3] [8, -7, 28, 8] [-9, -15, 18, -13] [-4, -13, 17, -23] [-9, 28, 15, 14] [7, 9, -1, -40]
[10, -7, 4, -8] [18, -4, 25, 15] [1, 12, 5, 16] [-11, -15, 10, -32] [-15, -5, -7, -19] [-2, 16, -17, 13] [8, 34, -8, -1]
[-10, 0, -16, -13] [5, 3, 9, -19] [5, 14, 3, -5] [-5, -10, 29, -31] [29, 27, -4, 5] [5, 29, 12, 10] [14, -19, 17, -1]
------------------------------
ALIVE
Head: (15 22)
Body: (15 22) (16 22) (16 23) (17 23) (18 23) (18 24) (19 24) (19 23) 
Length: 8, 4
Vision: 3
Hungry, suplies: 4/10
Reproductive: 16, mutating: 0.25
Generation: 22290
####################################
Wall (up, right, down, left):
[9, -8, -26, -7] [3, -2, -9, -1] [-2, 1, 1, -9] [12, 5, 2, 5] [-2, 14, 17, -15] [-9, 4, 3, -14] [-28, -13, -8, -8]
[7, 5, 10, -12] [6, 13, 7, 4] [-4, 8, 1, -4] [-28, 13, 4, 13] [27, 6, 0, -4] [-12, -2, 9, 9] [-15, -9, 11, -1]
[-3, 6, 26, -3] [-4, 12, -2, 18] [-14, -7, 29, -11] [-51, 21, 35, 30] [-41, -25, -26, 11] [-4, -27, 5, 31] [-9, -8, -5, -5]
[-4, -1, -4, -31] [5, 11, 16, -15] [7, 23, 12, -90] [0, 0, 0, 0] [24, -78, 9, -3] [21, -3, -6, 12] [9, -13, 4, 3]
[-25, -11, -5, -15] [0, 19, -6, 7] [-2, 13, -22, -4] [11, 6, -53, 14] [-1, -6, -10, 36] [3, 13, -16, 18] [-12, -25, 11, -2]
[16, 20, -4, 7] [-7, -4, -3, -22] [9, 4, 11, 0] [-3, -6, -21, 8] [8, 6, -7, 11] [38, -2, 2, -6] [17, 11, 3, 15]
[-6, -16, -10, -20] [19, -11, -12, -12] [-14, -5, 8, -3] [-10, 21, -12, -9] [23, 16, 8, 0] [21, -10, -14, 6] [10, 7, -3, -3]
Food (up, right, down, left):
[34, 2, -4, 22] [-7, 10, -11, -12] [10, -6, -25, 0] [-11, 0, 31, 1] [-9, 11, 3, 21] [5, -17, 0, -6] [-22, 23, -8, -25]
[-36, -13, -8, -18] [-5, -11, -3, -3] [2, 14, -1, 27] [-18, 20, -23, 22] [7, -2, 6, -33] [20, -13, -23, 20] [3, -15, -8, 6]
[-17, 18, 6, -22] [-15, 3, 1, 11] [-32, -33, -13, 5] [34, -20, 10, -12] [-11, -14, 4, -18] [6, 3, -22, -21] [-3, 15, 10, 17]
[6, -2, 19, 29] [-28, -9, -28, 19] [-8, 10, -14, -22] [0, 0, 0, 0] [-38, 26, -15, 2] [-18, 7, -24, -1] [7, 11, 0, -11]
[11, 15, -1, 18] [2, 3, 12, 3] [8, -7, 28, 8] [-9, -15, 18, -13] [-4, -13, 17, -23] [-9, 28, 15, 14] [7, 9, -1, -40]
[10, -7, 4, -8] [18, -4, 25, 15] [1, 12, 5, 16] [-11, -15, 10, -32] [-15, -5, -7, -19] [-2, 16, -17, 13] [8, 34, -8, -1]
[-10, 0, -16, -13] [5, 3, 9, -19] [5, 14, 3, -5] [-5, -10, 29, -31] [29, 27, -4, 5] [5, 29, 12, 10] [14, -19, 17, -1]
------------------------------
ALIVE
Head: (8 7)
Body: (8 7) (8 6) (8 5) (7 5) (6 5) (6 6) (5 6) (5 7) (5 8) (4 8) (3 8) 
Length: 11, 4
Vision: 3
Hungry, suplies: 9/10
Reproductive: 16, mutating: 0.25
Generation: 22291
####################################
Wall (up, right, down, left):
[9, -8, -26, -7] [3, -2, -9, -1] [-2, 0, 1, -9] [12, 5, 2, 5] [-2, 14, 17, -15] [-9, 4, 3, -14] [-28, -13, -8, -8]
[7, 5, 10, -12] [6, 13, 7, 4] [-4, 8, 1, -4] [-28, 13, 4, 13] [27, 6, 0, -4] [-12, -2, 9, 9] [-15, -9, 11, -1]
[-3, 6, 26, -3] [-4, 12, -2, 18] [-14, -7, 29, -11] [-51, 21, 35, 30] [-41, -25, -26, 11] [-4, -27, 5, 31] [-9, -8, -5, -5]
[-4, -1, -4, -31] [5, 11, 20, -15] [7, 23, 12, -90] [0, 0, 0, 0] [24, -78, 9, -3] [19, -3, -6, 12] [9, -13, 4, 3]
[-25, -11, -5, -15] [0, 19, -2, 7] [-2, 13, -22, -4] [11, 6, -53, 14] [-1, -6, -10, 36] [3, 13, -16, 18] [-12, -20, 11, -2]
[16, 20, -4, 7] [-7, -4, -3, -22] [9, 4, 11, 0] [-3, -6, -21, 8] [8, 6, -7, 11] [38, -2, 2, -6] [17, 11, 3, 15]
[-6, -15, -10, -20] [19, -11, -12, -12] [-14, -5, 8, -3] [-10, 21, -12, -9] [23, 16, 8, 0] [22, -10, -14, 6] [10, 7, -3, -3]
Food (up, right, down, left):
[34, 2, -4, 22] [-7, 10, -11, -12] [10, -2, -25, 0] [-11, 0, 31, 1] [-9, 11, 3, 21] [5, -17, 0, -6] [-22, 23, -8, -25]
[-36, -13, -8, -18] [-5, -11, -3, -3] [2, 14, -1, 27] [-18, 20, -23, 22] [7, -2, 6, -33] [20, -13, -23, 20] [3, -15, -8, 6]
[-17, 18, 6, -22] [-15, 3, 1, 11] [-32, -33, -13, 5] [34, -20, 10, -12] [-11, -14, 4, -18] [6, 3, -22, -21] [-3, 15, 10, 17]
[6, -2, 19, 29] [-28, -9, -31, 19] [-8, 10, -14, -22] [0, 0, 0, 0] [-38, 26, -15, 2] [-17, 7, -24, -1] [7, 11, 0, -11]
[11, 15, -1, 18] [2, 3, 12, 3] [8, -7, 28, 8] [-9, -15, 18, -13] [-4, -13, 17, -23] [-9, 28, 15, 14] [7, 9, 3, -40]
[10, -7, 4, -8] [18, -4, 25, 15] [1, 12, 5, 16] [-11, -15, 10, -32] [-15, -5, -7, -19] [-2, 16, -17, 13] [8, 34, -8, -1]
[-10, 0, -16, -15] [5, 3, 9, -19] [5, 14, 3, -5] [-5, -10, 29, -31] [29, 27, -4, 5] [4, 29, 12, 10] [14, -19, 17, -1]
------------------------------
ALIVE
Head: (18 39)
Body: (18 39) (17 39) (17 38) (17 37) (17 36) (16 36) (15 36) (14 36) (13 36) (12 36) (12 35) (11 35) 
Length: 12, 4
Vision: 3
Hungry, suplies: 2/10
Reproductive: 16, mutating: 0.25
Generation: 22295
####################################
Wall (up, right, down, left):
[9, -8, -26, -7] [3, -2, -9, -1] [-2, 1, 1, -9] [12, 5, 2, 5] [-2, 14, 17, -15] [-9, 4, 3, -13] [-28, -13, -8, -8]
[7, 5, 10, -12] [6, 13, 7, 4] [-4, 8, 1, -4] [-28, 13, 4, 13] [27, 6, 0, -4] [-12, -2, 9, 9] [-15, -9, 11, -1]
[-3, 6, 26, -3] [-4, 12, -2, 18] [-14, -7, 29, -11] [-51, 21, 35, 30] [-41, -25, -26, 11] [-4, -27, 5, 31] [-9, -8, -5, -5]
[-4, -1, -4, -31] [5, 11, 16, -15] [7, 23, 12, -90] [0, 0, 0, 0] [24, -78, 9, -3] [19, -3, -6, 12] [9, -13, 4, 3]
[-25, -11, -5, -15] [0, 19, -2, 7] [-2, 13, -22, -4] [11, 6, -53, 14] [-1, -6, -10, 36] [3, 13, -16, 18] [-12, -20, 11, -2]
[16, 20, -4, 7] [-7, -4, -3, -22] [9, 4, 11, 0] [-3, -6, -21, 8] [8, 6, -7, 11] [38, -2, 2, -6] [17, 11, 3, 15]
[-6, -15, -10, -20] [18, -11, -12, -12] [-14, -5, 8, -3] [-10, 21, -12, -9] [23, 16, 8, 0] [22, -10, -14, 6] [10, 7, -3, -3]
Food (up, right, down, left):
[34, 2, -4, 22] [-7, 10, -11, -12] [10, -6, -25, 0] [-11, 0, 31, 1] [-9, 11, 3, 21] [5, -17, -2, -6] [-22, 23, -8, -25]
[-36, -13, -8, -18] [-5, -11, -3, -3] [2, 14, -1, 27] [-18, 20, -23, 22] [7, -2, 6, -33] [20, -13, -23, 20] [3, -15, -8, 6]
[-17, 18, 6, -22] [-15, 3, 1, 11] [-32, -33, -13, 5] [34, -20, 10, -12] [-11, -14, 4, -18] [6, 3, -19, -21] [-3, 15, 10, 17]
[6, -2, 19, 29] [-28, -9, -28, 19] [-8, 10, -14, -22] [0, 0, 0, 0] [-38, 26, -15, 2] [-17, 7, -24, -1] [7, 11, 0, -11]
[11, 15, -1, 18] [2, 3, 12, 3] [8, -7, 28, 8] [-9, -15, 18, -13] [-4, -13, 17, -23] [-9, 28, 15, 14] [7, 9, 3, -40]
[10, -7, 4, -8] [18, -4, 25, 15] [1, 12, 5, 16] [-11, -15, 10, -32] [-15, -5, -7, -19] [-2, 16, -17, 13] [8, 34, -8, -1]
[-10, 0, -16, -15] [5, 3, 12, -19] [5, 14, 3, -5] [-5, -10, 29, -31] [29, 27, -4, 5] [4, 29, 12, 10] [14, -19, 17, -1]
------------------------------
ALIVE
Head: (12 20)
Body: (12 20) (13 20) (13 19) (14 19) (15 19) (16 19) (17 19) (18 19) (18 20) (18 21) 
Length: 10, 4
Vision: 3
Hungry, suplies: 5/10
Reproductive: 16, mutating: 0.25
Generation: 22292
####################################
Wall (up, right, down, left):
[9, -8, -26, -7] [3, -2, -9, -1] [-2, 1, 1, -9] [12, 5, 2, 5] [-2, 14, 17, -15] [-9, 4, 3, -14] [-28, -13, -8, -8]
[7, 5, 10, -12] [6, 13, 7, 4] [-4, 8, 1, -4] [-28, 13, 4, 13] [27, 6, 0, -4] [-12, -2, 9, 9] [-15, -9, 11, -1]
[-3, 6, 26, -3] [-4, 12, -2, 18] [-14, -7, 29, -11] [-51, 21, 35, 30] [-41, -25, -26, 11] [-4, -27, 5, 31] [-9, -8, -5, -5]
[-4, -1, -4, -31] [5, 11, 16, -15] [7, 23, 12, -90] [0, 0, 0, 0] [24, -78, 9, -3] [21, -3, -6, 12] [9, -13, 4, 3]
[-25, -11, -5, -15] [0, 19, -6, 7] [-2, 13, -22, -4] [11, 6, -53, 14] [-1, -6, -10, 36] [3, 13, -16, 18] [-12, -25, 11, -2]
[16, 20, -4, 7] [-6, -4, -3, -22] [9, 4, 11, 0] [-3, -6, -21, 8] [8, 6, -7, 11] [38, -2, 2, -6] [17, 11, 3, 15]
[-6, -16, -10, -20] [19, -11, -12, -12] [-14, -5, 8, -3] [-10, 21, -12, -9] [23, 16, 8, 0] [21, -10, -14, 6] [10, 7, -3, -3]
Food (up, right, down, left):
[34, 2, -4, 22] [-7, 10, -11, -12] [10, -6, -25, 0] [-11, 0, 31, 1] [-9, 11, 3, 21] [5, -17, 0, -6] [-22, 23, -8, -25]
[-36, -13, -8, -18] [-5, -11, -3, -3] [2, 14, -1, 27] [-18, 20, -23, 22] [7, -2, 6, -33] [20, -13, -23, 20] [3, -15, -8, 6]
[-17, 18, 6, -22] [-15, 3, 1, 11] [-32, -33, -13, 5] [34, -20, 10, -12] [-11, -14, 4, -18] [6, 3, -22, -21] [-3, 15, 10, 17]
[6, -2, 19, 29] [-28, -9, -28, 19] [-8, 10, -14, -22] [0, 0, 0, 0] [-38, 26, -15, 2] [-18, 7, -24, -1] [7, 11, 0, -11]
[11, 15, -1, 18] [2, 3, 12, 3] [8, -7, 28, 8] [-9, -15, 18, -13] [-4, -13, 17, -23] [-9, 28, 15, 14] [7, 9, -1, -40]
[10, -7, 4, -8] [15, -4, 25, 15] [1, 12, 5, 16] [-11, -15, 10, -32] [-15, -5, -7, -19] [-2, 16, -17, 13] [8, 34, -8, -1]
[-10, 0, -16, -13] [5, 3, 9, -19] [5, 14, 3, -5] [-5, -10, 29, -31] [29, 27, -4, 5] [5, 29, 12, 10] [14, -19, 17, -1]
------------------------------
ALIVE
Head: (0 6)
Body: (0 6) (1 6) (2 6) (2 5) (2 4) (3 4) (3 3) (3 2) 
Length: 8, 4
Vision: 3
Hungry, suplies: 7/10
Reproductive: 16, mutating: 0.25
Generation: 22293
####################################
Wall (up, right, down, left):
[9, -8, -26, -7] [3, -2, -9, -1] [-2, 1, 1, -9] [12, 5, 2, 5] [-2, 14, 17, -15] [-9, 4, 5, -14] [-28, -13, -8, -8]
[7, 5, 10, -12] [6, 13, 7, 4] [-4, 8, 1, -4] [-28, 13, 4, 13] [27, 6, 0, -4] [-12, -2, 9, 9] [-15, -9, 11, -1]
[-3, 6, 26, -3] [-4, 12, -2, 18] [-14, -7, 29, -11] [-51, 21, 35, 30] [-41, -25, -26, 11] [-4, -27, 5, 31] [-9, -8, -5, -5]
[-4, -1, -4, -31] [5, 11, 16, -15] [7, 23, 12, -90] [0, 0, 0, 0] [24, -78, 9, -3] [21, -3, -6, 12] [9, -13, 4, 3]
[-25, -11, -5, -15] [0, 19, -6, 7] [-2, 13, -22, -4] [11, 6, -53, 14] [-1, -6, -10, 36] [3, 13, -16, 18] [-12, -25, 11, -2]
[16, 20, -4, 7] [-7, -4, -3, -22] [9, 4, 11, 0] [-3, -6, -21, 8] [8, 6, -7, 11] [38, -2, 2, -6] [17, 11, 3, 15]
[-6, -16, -10, -20] [19, -11, -12, -12] [-14, -5, 8, -3] [-10, 21, -12, -9] [23, 16, 8, 0] [21, -10, -14, 6] [10, 7, -3, -3]
Food (up, right, down, left):
[34, 2, -4, 22] [-7, 10, -11, -12] [10, -6, -25, 0] [-11, 0, 31, 1] [-9, 11, 3, 21] [5, -19, 0, -6] [-22, 23, -8, -25]
[-36, -13, -8, -18] [-5, -11, -3, -3] [2, 14, -1, 27] [-18, 20, -23, 22] [7, -2, 6, -33] [20, -13, -23, 20] [3, -15, -8, 6]
[-17, 18, 6, -22] [-15, 3, 1, 11] [-32, -33, -13, 5] [34, -20, 10, -12] [-11, -14, 4, -18] [6, 3, -22, -21] [-3, 15, 10, 17]
[6, -2, 19, 29] [-28, -9, -28, 19] [-8, 10, -14, -22] [0, 0, 0, 0] [-38, 26, -15, 2] [-18, 7, -24, -1] [7, 11, 0, -11]
[11, 15, -1, 18] [2, 3, 12, 3] [8, -7, 28, 8] [-9, -15, 18, -13] [-4, -13, 17, -23] [-9, 28, 15, 14] [7, 9, -1, -40]
[10, -7, 4, -8] [18, -4, 25, 15] [1, 12, 5, 16] [-11, -15, 10, -32] [-15, -5, -7, -19] [-2, 16, -17, 13] [8, 34, -8, -1]
[-10, 0, -16, -13] [5, 3, 9, -19] [5, 14, 3, -5] [-5, -10, 29, -31] [29, 27, -4, 5] [5, 29, 12, 10] [14, -19, 17, -1]
------------------------------
ALIVE
Head: (9 8)
Body: (9 8) (9 7) (9 6) (9 5) (9 4) (9 3) (9 2) 
Length: 7, 4
Vision: 3
Hungry, suplies: 6/10
Reproductive: 16, mutating: 0.25
Generation: 22290
####################################
Wall (up, right, down, left):
[9, -8, -26, -7] [3, -2, -9, -1] [-2, 0, 1, -9] [12, 5, 2, 5] [-2, 14, 17, -15] [-9, 4, 3, -14] [-28, -13, -8, -8]
[7, 5, 10, -12] [6, 13, 7, 4] [-4, 8, 1, -4] [-28, 13, 4, 13] [27, 6, 0, -4] [-12, -2, 9, 9] [-15, -9, 11, -1]
[-3, 6, 26, -3] [-4, 12, -2, 18] [-14, -7, 29, -11] [-51, 21, 35, 30] [-41, -25, -26, 11] [-4, -27, 5, 31] [-9, -8, -5, -5]
[-4, -1, -4, -31] [5, 11, 20, -15] [7, 23, 12, -90] [0, 0, 0, 0] [24, -78, 9, -3] [19, -3, -6, 12] [9, -13, 4, 3]
[-25, -11, -5, -15] [0, 19, -2, 7] [-2, 13, -22, -4] [11, 6, -53, 14] [-1, -6, -10, 36] [3, 13, -16, 18] [-12, -20, 11, -2]
[16, 20, -4, 7] [-7, -4, -3, -22] [9, 4, 11, 0] [-3, -6, -21, 8] [8, 6, -7, 11] [38, -2, 2, -6] [17, 11, 3, 15]
[-6, -15, -10, -20] [19, -11, -12, -12] [-14, -5, 8, -3] [-10, 21, -12, -9] [23, 16, 8, 0] [22, -10, -14, 6] [10, 7, -3, -3]
Food (up, right, down, left):
[34, 2, -4, 22] [-7, 10, -11, -12] [10, -2, -25, 0] [-11, 0, 31, 1] [-9, 11, 3, 21] [5, -17, 0, -6] [-22, 23, -8, -25]
[-36, -13, -8, -18] [-5, -11, -3, -3] [2, 14, -1, 27] [-18, 20, -23, 22] [7, -2, 6, -33] [20, -13, -23, 20] [3, -15, -8, 6]
[-17, 18, 6, -22] [-15, 3, 1, 11] [-32, -33, -13, 5] [34, -20, 10, -12] [-11, -14, 4, -18] [6, 3, -22, -21] [-3, 15, 10, 17]
[6, -2, 19, 29] [-28, -9, -31, 19] [-8, 10, -14, -22] [0, 0, 0, 0] [-38, 26, -15, 2] [-17, 7, -24, -1] [7, 11, 0, -11]
[11, 15, -1, 18] [2, 3, 12, 3] [8, -7, 28, 8] [-9, -15, 18, -13] [-4, -13, 17, -23] [-9, 28, 15, 14] [7, 9, 3, -40]
[10, -7, 4, -8] [18, -4, 25, 15] [1, 12, 5, 16] [-11, -15, 10, -32] [-15, -5, -7, -19] [-2, 16, -17, 13] [8, 34, -8, -1]
[-10, 0, -16, -15] [5, 3, 9, -19] [5, 14, 3, -5] [-5, -10, 29, -31] [29, 27, -4, 5] [4, 29, 12, 10] [14, -19, 17, -1]
------------------------------
ALIVE
Head: (17 48)
Body: (17 48) (16 48) (16 47) (15 47) (14 47) (13 47) (12 47) (12 46) (12 45) (12 44) (13 44) (13 43) (13 42) (13 41) 
Length: 14, 4
Vision: 3
Hungry, suplies: 8/10
Reproductive: 16, mutating: 0.25
Generation: 22295
####################################
Wall (up, right, down, left):
[9, -8, -26, -7] [3, -2, -9, -1] [-2, 0, 1, -9] [12, 5, 2, 5] [-2, 14, 17, -15] [-9, 4, 3, -14] [-28, -13, -8, -8]
[7, 5, 10, -12] [6, 13, 7, 4] [-4, 8, 1, -4] [-28, 13, 4, 13] [27, 6, 0, -4] [-12, -2, 9, 9] [-15, -9, 11, -1]
[-3, 6, 26, -3] [-4, 12, -2, 18] [-14, -7, 29, -11] [-51, 21, 35, 30] [-41, -25, -26, 11] [-4, -27, 5, 31] [-9, -8, -5, -5]
[-4, -1, -4, -31] [5, 11, 20, -15] [7, 23, 12, -90] [0, 0, 0, 0] [24, -78, 9, -3] [19, -3, -6, 12] [9, -13, 4, 3]
[-25, -11, -5, -15] [0, 19, -2, 7] [-2, 13, -22, -4] [11, 6, -53, 14] [-1, -6, -10, 36] [3, 13, -16, 18] [-12, -20, 11, -2]
[16, 20, -4, 7] [-7, -4, -3, -22] [9, 4, 11, 0] [-3, -6, -21, 8] [8, 6, -7, 11] [38, -2, 2, -6] [17, 11, 3, 15]
[-6, -15, -10, -20] [19, -11, -12, -12] [-14, -5, 8, -3] [-10, 21, -12, -9] [23, 16, 8, 0] [22, -10, -14, 6] [10, 7, -3, -3]
Food (up, right, down, left):
[34, 2, -4, 22] [-7, 10, -11, -12] [10, -2, -25, 0] [-11, 0, 31, 1] [-9, 11, 3, 21] [5, -17, 0, -6] [-22, 23, -8, -25]
[-36, -13, -8, -18] [-5, -11, -3, -3] [2, 14, -1, 27] [-18, 20, -23, 22] [7, -2, 6, -33] [20, -13, -23, 20] [3, -15, -8, 6]
[-17, 18, 6, -22] [-15, 3, 1, 11] [-32, -33, -13, 5] [34, -20, 10, -12] [-11, -14, 4, -18] [6, 3, -22, -21] [-3, 15, 10, 17]
[6, -2, 19, 29] [-28, -9, -31, 19] [-8, 10, -14, -22] [0, 0, 0, 0] [-38, 26, -15, 2] [-17, 7, -24, -1] [7, 11, 0, -11]
[11, 15, -1, 18] [2, 3, 12, 3] [8, -7, 28, 8] [-9, -15, 18, -13] [-4, -13, 17, -23] [-9, 28, 15, 14] [7, 9, 3, -40]
[10, -7, 4, -8] [18, -4, 25, 15] [1, 12, 5, 16] [-11, -15, 10, -32] [-15, -5, -7, -19] [-2, 16, -17, 13] [8, 34, -8, -1]
[-10, 0, -16, -15] [5, 3, 9, -19] [5, 14, 3, -5] [-5, -10, 29, -31] [29, 27, -4, 5] [4, 29, 12, 10] [14, -19, 17, -1]
------------------------------
ALIVE
Head: (22 33)
Body: (22 33) (23 33) (24 33) (24 34) (-1 35) (0 35) (1 35) (1 36) 
Length: 8, 4
Vision: 3
Hungry, suplies: 9/10
Reproductive: 16, mutating: 0.25
Generation: 22296
####################################
Wall (up, right, down, left):
[9, -8, -26, -7] [3, -2, -9, -1] [-2, 1, 1, -9] [12, 5, 2, 5] [-2, 14, 17, -15] [-9, 4, 3, -13] [-28, -13, -8, -8]
[7, 5, 10, -12] [6, 13, 7, 4] [-4, 8, 1, -4] [-28, 13, 4, 13] [27, 6, 0, -4] [-12, -2, 9, 9] [-15, -9, 11, -1]
[-3, 6, 26, -3] [-4, 12, -2, 18] [-14, -7, 29, -11] [-51, 21, 35, 30] [-41, -25, -26, 11] [-4, -27, 5, 31] [-9, -8, -5, -5]
[-4, -1, -4, -31] [5, 11, 16, -15] [7, 23, 12, -90] [0, 0, 0, 0] [24, -78, 9, -3] [19, -3, -6, 12] [9, -13, 4, 3]
[-25, -11, -5, -15] [0, 19, -2, 7] [-2, 13, -22, -4] [11, 6, -53, 14] [-1, -6, -10, 36] [3, 13, -16, 18] [-12, -20, 11, -2]
[16, 20, -4, 7] [-7, -4, -3, -22] [9, 4, 11, 0] [-3, -6, -21, 8] [8, 6, -7, 11] [38, -2, 2, -6] [17, 11, 3, 15]
[-6, -15, -10, -20] [19, -11, -12, -12] [-14, -5, 8, -3] [-10, 21, -12, -9] [23, 16, 8, 0] [22, -10, -14, 6] [10, 7, -3, -3]
Food (up, right, down, left):
[34, 2, -4, 22] [-7, 10, -11, -12] [10, -6, -25, 0] [-11, 0, 31, 1] [-9, 11, 3, 21] [5, -17, -2, -6] [-22, 23, -8, -25]
[-36, -13, -8, -18] [-5, -11, -3, -3] [2, 14, -1, 27] [-18, 20, -23, 22] [7, -2, 6, -33] [20, -13, -23, 20] [3, -15, -8, 6]
[-17, 18, 6, -22] [-15, 3, 1, 11] [-32, -33, -13, 5] [34, -20, 10, -12] [-11, -14, 4, -18] [6, 3, -19, -21] [-3, 15, 10, 17]
[6, -2, 19, 29] [-28, -9, -28, 19] [-8, 10, -14, -22] [0, 0, 0, 0] [-38, 26, -15, 2] [-17, 7, -24, -1] [7, 11, 0, -11]
[11, 15, -1, 18] [2, 3, 12, 3] [8, -7, 28, 8] [-9, -15, 18, -13] [-4, -13, 17, -23] [-9, 28, 15, 14] [7, 9, 3, -40]
[10, -7, 4, -8] [18, -4, 25, 15] [1, 12, 5, 16] [-11, -15, 10, -32] [-15, -5, -7, -19] [-2, 16, -17, 13] [8, 34, -8, -1]
[-10, 0, -16, -15] [5, 3, 9, -19] [5, 14, 3, -5] [-5, -10, 29, -31] [29, 27, -4, 5] [4, 29, 12, 10] [14, -19, 17, -1]
------------------------------
ALIVE
Head: (1 40)
Body: (1 40) (25 40) (24 40) (24 39) (23 39) (22 39) (22 40) (22 41) (22 42) (23 42) (24 42) (24 43) (23 43) (22 43) 
Length: 14, 4
Vision: 3
Hungry, suplies: 1/10
Reproductive: 16, mutating: 0.25
Generation: 22293
####################################
Wall (up, right, down, left):
[9, -8, -26, -7] [3, -2, -9, -1] [-2, 1, 1, -9] [12, 5, 2, 5] [-2, 14, 17, -15] [-9, 4, 3, -14] [-28, -13, -8, -8]
[7, 5, 10, -12] [6, 13, 7, 4] [-4, 8, 1, -4] [-28, 13, 4, 13] [27, 6, 0, -4] [-12, -2, 9, 9] [-15, -9, 11, -1]
[-3, 6, 26, -3] [-4, 12, -2, 18] [-14, -7, 29, -11] [-51, 21, 35, 30] [-41, -25, -26, 11] [-4, -27, 5, 31] [-9, -8, -5, -5]
[-4, -1, -4, -31] [5, 11, 16, -15] [7, 23, 12, -90] [0, 0, 0, 0] [24, -78, 9, -3] [21, -3, -6, 12] [9, -13, 4, 3]
[-25, -11, -5, -15] [0, 19, -6, 7] [-2, 13, -22, -4] [11, 6, -53, 14] [-1, -6, -10, 36] [3, 13, -16, 18] [-12, -25, 11, -2]
[16, 20, -4, 7] [-7, -4, -3, -22] [9, 4, 11, 0] [-3, -6, -21, 8] [8, 6, -7, 11] [38, -2, 2, -6] [17, 11, 3, 15]
[-6, -16, -10, -20] [19, -11, -12, -12] [-14, -5, 8, -3] [-10, 21, -12, -9] [23, 16, 8, 0] [21, -10, -14, 6] [10, 7, -3, -3]
Food (up, right, down, left):
[34, 2, -4, 22] [-7, 10, -11, -12] [10, -6, -25, 0] [-11, 0, 31, 1] [-9, 11, 3, 21] [5, -17, 0, -6] [-22, 23, -8, -25]
[-36, -13, -8, -18] [-5, -11, -3, -3] [2, 14, -1, 27] [-18, 20, -23, 22] [7, -2, 6, -33] [20, -13, -23, 20] [3, -15, -8, 6]
[-17, 18, 6, -22] [-15, 3, 1, 11] [-32, -33, -13, 5] [34, -20, 10, -12] [-11, -14, 4, -18] [6, 3, -22, -21] [-3, 15, 10, 17]
[6, -2, 19, 29] [-28, -9, -28, 19] [-8, 10, -14, -22] [0, 0, 0, 0] [-38, 26, -15, 2] [-18, 7, -24, -1] [7, 11, 0, -11]
[11, 15, -1, 18] [2, 3, 12, 3] [8, -7, 28, 8] [-9, -15, 18, -13] [-4, -13, 17, -23] [-9, 28, 15, 14] [7, 9, -1, -40]
[10, -7, 4, -8] [18, -4, 25, 15] [1, 12, 5, 16] [-11, -15, 10, -32] [-15, -5, -7, -19] [-2, 16, -17, 13] [8, 34, -8, -1]
[-10, 0, -16, -13] [5, 3, 9, -19] [5, 14, 3, -5] [-5, -10, 29, -31] [29, 27, -4, 5] [5, 29, 12, 10] [14, -19, 17, -1]
------------------------------
ALIVE
Head: (24 51)
Body: (24 51) (0 51) (1 51) (2 51) (2 52) (2 53) (3 53) (4 53) (4 52) 
Length: 9, 4
Vision: 3
Hungry, suplies: 10/10
Reproductive: 16, mutating: 0.25
Generation: 22292
####################################
Wall (up, right, down, left):
[9, -8, -26, -7] [3, -2, -9, -1] [-2, 0, 1, -9] [12, 5, 2, 5] [-2, 14, 17, -15] [-9, 4, 3, -14] [-28, -13, -8, -8]
[7, 5, 10, -12] [6, 13, 7, 4] [-4, 8, 1, -4] [-28, 13, 4, 13] [27, 6, 0, -4] [-12, -2, 9, 9] [-15, -9, 11, -1]
[-3, 6, 26, -3] [-4, 12, -2, 18] [-14, -7, 29, -11] [-51, 21, 35, 30] [-41, -25, -26, 11] [-4, -27, 5, 31] [-9, -8, -5, -5]
[-4, -1, -5, -31] [5, 11, 20, -15] [7, 23, 12, -90] [0, 0, 0, 0] [24, -78, 9, -3] [19, -3, -6, 12] [9, -13, 4, 3]
[-25, -11, -5, -15] [0, 19, -2, 7] [-2, 13, -22, -4] [11, 6, -53, 14] [-1, -6, -10, 36] [3, 13, -16, 18] [-12, -20, 11, -2]
[16, 20, -4, 7] [-7, -4, -3, -22] [9, 4, 11, 0] [-3, -6, -21, 8] [8, 6, -7, 11] [38, -2, 2, -6] [17, 11, 3, 15]
[-6, -15, -10, -20] [19, -11, -12, -12] [-14, -5, 8, -3] [-10, 21, -12, -9] [23, 16, 8, 0] [22, -10, -14, 6] [10, 7, -3, -3]
Food (up, right, down, left):
[34, 2, -4, 22] [-7, 10, -11, -12] [10, -2, -25, 0] [-11, 0, 31, 1] [-9, 11, 3, 21] [5, -17, 0, -6] [-22, 23, -8, -25]
[-36, -13, -8, -18] [-5, -11, -3, -3] [2, 14, -1, 27] [-18, 20, -23, 22] [7, -2, 6, -33] [20, -13, -23, 20] [3, -15, -8, 6]
[-17, 18, 6, -22] [-15, 3, 1, 11] [-32, -33, -13, 5] [34, -20, 10, -12] [-11, -14, 4, -18] [6, 3, -22, -21] [-3, 15, 10, 17]
[6, 3, 19, 29] [-28, -9, -31, 19] [-8, 10, -14, -22] [0, 0, 0, 0] [-38, 26, -15, 2] [-17, 7, -24, -1] [7, 11, 0, -11]
[11, 15, -1, 18] [2, 3, 12, 3] [8, -7, 28, 8] [-9, -15, 18, -13] [-4, -13, 17, -23] [-9, 28, 15, 14] [7, 9, 3, -40]
[10, -7, 4, -8] [18, -4, 25, 15] [1, 12, 5, 16] [-11, -15, 10, -32] [-15, -5, -7, -19] [-2, 16, -17, 13] [8, 34, -8, -1]
[-10, 0, -16, -15] [5, 3, 9, -19] [5, 14, 3, -5] [-5, -10, 29, -31] [29, 27, -4, 5] [4, 29, 12, 10] [14, -19, 17, -1]
------------------------------
ALIVE
Head: (24 3)
Body: (24 3) (24 2) (23 2) (22 2) (21 2) (21 1) (21 0) (21 56) (21 55) 
Length: 9, 4
Vision: 3
Hungry, suplies: 9/10
Reproductive: 16, mutating: 0.25
Generation: 22296
####################################
Wall (up, right, down, left):
[9, -8, -26, -7] [3, -2, -9, -1] [-2, 1, 1, -9] [12, 5, 2, 5] [-2, 14, 17, -15] [-9, 4, 3, -14] [-28, -13, -8, -8]
[7, 5, 10, -12] [6, 13, 7, 4] [-4, 8, 1, -4] [-28, 13, 4, 13] [27, 6, 0, -4] [-12, -2, 9, 9] [-15, -9, 11, -1]
[-3, 6, 26, -3] [-4, 12, -2, 18] [-14, -7, 29, -11] [-51, 21, 35, 30] [-41, -25, -26, 11] [-4, -27, 5, 31] [-9, -8, -5, -5]
[-4, -1, -4, -31] [5, 11, 16, -15] [7, 23, 12, -90] [0, 0, 0, 0] [24, -78, 9, -3] [21, -3, -6, 12] [9, -13, 4, 3]
[-25, -11, -5, -15] [0, 19, -6, 7] [-2, 13, -22, -4] [11, 6, -53, 14] [-1, -6, -10, 36] [3, 13, -16, 18] [-12, -25, 11, -2]
[16, 20, -4, 7] [-6, -4, -3, -22] [9, 4, 11, 0] [-3, -6, -21, 8] [8, 6, -7, 11] [38, -2, 2, -6] [17, 11, 3, 15]
[-6, -16, -10, -20] [19, -11, -12, -12] [-14, -5, 8, -3] [-10, 21, -12, -9] [23, 16, 8, 0] [21, -10, -14, 6] [10, 7, -3, -3]
Food (up, right, down, left):
[34, 2, -4, 22] [-7, 10, -11, -12] [10, -6, -25, 0] [-11, 0, 31, 1] [-9, 11, 3, 21] [5, -17, 0, -6] [-22, 23, -8, -25]
[-36, -13, -8, -18] [-5, -11, -3, -3] [2, 14, -1, 27] [-18, 20, -23, 22] [7, -2, 6, -33] [20, -13, -23, 20] [3, -15, -8, 6]
[-17, 18, 6, -22] [-15, 3, 1, 11] [-32, -33, -13, 5] [34, -20, 10, -12] [-11, -14, 4, -18] [6, 3, -22, -21] [-3, 15, 10, 17]
[6, -2, 19, 29] [-28, -9, -28, 19] [-8, 10, -14, -22] [0, 0, 0, 0] [-38, 26, -15, 2] [-18, 7, -24, -1] [7, 11, 0, -11]
[11, 15, -1, 18] [2, 3, 12, 3] [8, -7, 28, 8] [-9, -15, 18, -13] [-4, -13, 17, -23] [-9, 28, 15, 14] [7, 9, -1, -40]
[10, -7, 4, -8] [15, -4, 25, 15] [1, 12, 5, 16] [-11, -15, 10, -32] [-15, -5, -7, -19] [-2, 16, -17, 13] [8, 34, -8, -1]
[-10, 0, -16, -13] [5, 3, 9, -19] [5, 14, 3, -5] [-5, -10, 29, -31] [29, 27, -4, 5] [5, 29, 12, 10] [14, -19, 17, -1]
------------------------------
ALIVE
Head: (8 48)
Body: (8 48) (9 48) (9 47) (9 46) (9 45) (9 44) (9 43) (9 42) (9 41) (9 40) (8 40) (7 40) (6 40) (5 40) (4 40) 
Length: 15, 4
Vision: 3
Hungry, suplies: 5/10
Reproductive: 16, mutating: 0.25
Generation: 22294
####################################
Wall (up, right, down, left):
[9, -8, -26, -7] [3, -2, -9, -1] [-2, 0, 1, -9] [12, 5, 2, 5] [-2, 14, 17, -15] [-9, 4, 3, -14] [-28, -13, -8, -8]
[7, 5, 10, -12] [6, 13, 7, 4] [-4, 8, 1, -4] [-28, 13, 4, 13] [27, 6, 0, -4] [-12, -2, 9, 9] [-15, -9, 11, -1]
[-3, 6, 26, -3] [-4, 12, -2, 18] [-14, -7, 29, -11] [-51, 20, 35, 30] [-41, -25, -26, 11] [-4, -27, 5, 31] [-9, -8, -5, -5]
[-4, -1, -4, -31] [5, 11, 20, -15] [7, 23, 12, -90] [0, 0, 0, 0] [24, -76, 9, -3] [19, -3, -6, 12] [9, -13, 4, 3]
[-25, -11, -5, -15] [0, 19, -2, 7] [-2, 13, -22, -4] [11, 6, -53, 14] [-1, -6, -10, 36] [3, 13, -16, 18] [-12, -20, 11, -2]
[16, 20, -4, 7] [-7, -4, -3, -22] [9, 4, 11, 0] [-3, -6, -21, 8] [8, 6, -7, 11] [38, -2, 2, -6] [17, 11, 3, 15]
[-6, -15, -10, -20] [19, -11, -12, -12] [-14, -5, 8, -3] [-10, 21, -12, -9] [23, 16, 8, 0] [22, -10, -14, 6] [10, 7, -3, -3]
Food (up, right, down, left):
[34, 2, -4, 22] [-7, 10, -11, -12] [10, -2, -25, 0] [-11, 0, 31, 1] [-9, 11, 3, 21] [5, -17, 0, -6] [-22, 23, -8, -25]
[-36, -13, -8, -18] [-5, -11, -3, -3] [2, 14, -1, 27] [-18, 20, -23, 22] [7, -2, 6, -33] [20, -13, -23, 20] [3, -15, -8, 6]
[-17, 18, 6, -22] [-15, 3, 1, 11] [-32, -33, -13, 5] [37, -20, 10, -12] [-11, -14, 4, -18] [6, 3, -22, -21] [-3, 15, 10, 17]
[6, -2, 19, 29] [-28, -9, -31, 19] [-8, 10, -14, -22] [0, 0, 0, 0] [-38, 26, -11, 2] [-17, 7, -24, -1] [7, 11, 0, -11]
[11, 15, -1, 18] [2, 3, 12, 3] [8, -7, 28, 8] [-9, -15, 18, -13] [-4, -13, 17, -23] [-9, 28, 15, 14] [7, 9, 3, -40]
[10, -7, 4, -8] [18, -4, 25, 15] [1, 12, 5, 16] [-11, -15, 10, -32] [-15, -5, -7, -19] [-2, 16, -17, 13] [8, 34, -8, -1]
[-10, 0, -16, -15] [5, 3, 9, -19] [5, 14, 3, -5] [-5, -10, 29, -31] [29, 27, -4, 5] [4, 29, 12, 10] [14, -19, 17, -1]
------------------------------
ALIVE
Head: (2 11)
Body: (2 11) (2 10) (2 9) (1 9) (0 9) (25 10) (24 10) (23 10) 
Length: 8, 4
Vision: 3
Hungry, suplies: 8/10
Reproductive: 16, mutating: 0.25
Generation: 22299
####################################
Wall (up, right, down, left):
[9, -8, -26, -7] [3, -2, -9, -1] [-2, 1, 1, -9] [12, 5, 2, 5] [-2, 14, 17, -15] [-9, 4, 3, -14] [-28, -13, -8, -8]
[7, 5, 10, -12] [6, 13, 7, 4] [-4, 8, 1, -4] [-28, 13, 4, 13] [27, 6, 0, -4] [-12, -2, 9, 9] [-15, -9, 11, -1]
[-3, 6, 26, -3] [-4, 12, -2, 18] [-14, -7, 29, -11] [-51, 21, 38, 30] [-41, -25, -26, 11] [-4, -27, 5, 31] [-9, -8, -5, -5]
[-4, -1, -4, -31] [5, 11, 16, -15] [7, 23, 12, -90] [0, 0, 0, 0] [24, -78, 9, -3] [21, -3, -6, 12] [9, -13, 4, 3]
[-25, -11, -5, -15] [0, 19, -6, 7] [-2, 13, -22, -4] [11, 6, -53, 14] [-1, -6, -10, 36] [3, 13, -16, 18] [-12, -25, 11, -2]
[16, 20, -4, 7] [-7, -4, -3, -22] [9, 4, 11, 0] [-3, -6, -21, 8] [8, 6, -7, 11] [38, -2, 2, -6] [17, 11, 3, 15]
[-6, -16, -10, -20] [19, -11, -12, -12] [-14, -5, 8, -3] [-10, 21, -12, -9] [23, 16, 8, 0] [21, -10, -14, 6] [10, 7, -3, -3]
Food (up, right, down, left):
[34, 2, -4, 22] [-7, 10, -11, -12] [10, -6, -25, 0] [-11, 0, 31, 1] [-9, 11, 3, 21] [5, -17, 0, -6] [-22, 23, -8, -25]
[-36, -13, -8, -18] [-5, -11, -3, -3] [2, 14, -1, 27] [-18, 20, -23, 22] [7, -2, 6, -33] [20, -13, -23, 20] [3, -15, -8, 6]
[-17, 18, 6, -22] [-15, 3, 1, 11] [-32, -33, -13, 5] [34, -18, 10, -12] [-11, -14, 4, -18] [6, 3, -22, -21] [-3, 15, 10, 17]
[6, -2, 19, 29] [-28, -9, -28, 19] [-8, 10, -14, -22] [0, 0, 0, 0] [-38, 26, -15, 2] [-18, 7, -24, -1] [7, 11, 0, -11]
[11, 15, -1, 18] [2, 3, 12, 3] [8, -7, 28, 8] [-9, -15, 18, -13] [-4, -13, 17, -23] [-9, 28, 15, 14] [7, 9, -1, -40]
[10, -7, 4, -8] [18, -4, 25, 15] [1, 12, 5, 16] [-11, -15, 10, -32] [-15, -5, -7, -19] [-2, 16, -17, 13] [8, 34, -8, -1]
[-10, 0, -16, -13] [5, 3, 9, -19] [5, 14, 3, -5] [-5, -10, 29, -31] [29, 27, -4, 5] [5, 29, 12, 10] [14, -19, 17, -1]
------------------------------
ALIVE
Head: (11 8)
Body: (11 8) (11 9) (12 9) (12 10) (11 10) (10 10) (10 11) (10 12) (11 12) (11 13) (10 13) (9 13) (8 13) (8 12) (8 11) 
Length: 15, 4
Vision: 3
Hungry, suplies: 9/10
Reproductive: 16, mutating: 0.25
Generation: 22292
####################################
Wall (up, right, down, left):
[9, -8, -26, -7] [3, -2, -9, -1] [-2, 0, 1, -9] [12, 5, 2, 5] [-2, 14, 17, -15] [-9, 4, 3, -14] [-28, -13, -8, -8]
[7, 5, 10, -12] [6, 13, 7, 4] [-4, 8, 1, -4] [-28, 13, 4, 13] [27, 6, 0, -4] [-12, -2, 9, 9] [-15, -9, 11, -1]
[-3, 6, 26, -3] [-4, 12, -2, 18] [-14, -7, 29, -11] [-51, 21, 35, 30] [-41, -25, -26, 11] [-4, -27, 5, 31] [-9, -8, -5, -5]
[-4, -1, -4, -31] [5, 11, 20, -15] [7, 23, 12, -90] [0, 0, 0, 0] [24, -78, 9, -3] [19, -3, -6, 12] [9, -13, 4, 3]
[-25, -11, -5, -15] [0, 19, -2, 7] [-2, 13, -22, -4] [11, 6, -53, 14] [-1, -6, -10, 36] [3, 13, -16, 18] [-12, -20, 11, -2]
[16, 20, -4, 7] [-7, -4, -3, -22] [9, 4, 11, 0] [-3, -6, -21, 8] [8, 6, -7, 11] [38, -2, 2, -6] [17, 11, 3, 15]
[-6, -15, -10, -20] [19, -11, -12, -12] [-14, -5, 8, -3] [-10, 21, -12, -9] [23, 16, 8, 0] [22, -10, -14, 6] [10, 7, -3, -3]
Food (up, right, down, left):
[34, 2, -4, 22] [-7, 10, -11, -12] [10, -2, -25, 0] [-11, 0, 31, 1] [-9, 11, 3, 21] [5, -17, 0, -6] [-22, 23, -8, -25]
[-36, -13, -8, -18] [-5, -11, -3, -3] [2, 14, -1, 27] [-18, 20, -23, 22] [7, -2, 6, -33] [20, -13, -23, 20] [3, -15, -8, 6]
[-17, 18, 6, -22] [-15, 3, 1, 11] [-32, -33, -13, 5] [34, -20, 10, -12] [-11, -14, 4, -18] [6, 3, -22, -21] [-3, 15, 10, 17]
[6, -2, 19, 29] [-28, -9, -31, 19] [-8, 10, -14, -22] [0, 0, 0, 0] [-38, 26, -15, 2] [-17, 7, -24, -1] [7, 11, 0, -11]
[11, 15, -1, 18] [2, 3, 12, 3] [8, -7, 28, 8] [-9, -15, 18, -13] [-4, -13, 17, -23] [-9, 28, 15, 14] [7, 9, 3, -40]
[10, -7, 4, -8] [18, -4, 25, 15] [1, 12, 5, 16] [-11, -15, 10, -32] [-15, -5, -7, -19] [-2, 16, -17, 13] [8, 34, -8, -1]
[-10, 0, -16, -15] [5, 3, 9, -19] [5, 14, 3, -5] [-5, -10, 29, -31] [29, 27, -4, 5] [4, 29, 12, 10] [14, -19, 17, -1]
------------------------------
ALIVE
Head: (19 7)
Body: (19 7) (18 7) (18 6) (18 5) (17 5) (17 6) (16 6) (16 7) 
Length: 8, 4
Vision: 3
Hungry, suplies: 6/10
Reproductive: 16, mutating: 0.25
Generation: 22295
####################################
Wall (up, right, down, left):
[9, -8, -26, -7] [3, -2, -9, -1] [-2, 1, 1, -9] [12, 5, 2, 9] [-2, 14, 17, -15] [-9, 4, 5, -14] [-28, -13, -8, -8]
[7, 5, 10, -12] [6, 13, 7, 4] [-4, 8, 1, -4] [-28, 13, 4, 13] [27, 6, 0, -4] [-12, -2, 9, 9] [-15, -9, 11, -1]
[-3, 6, 26, -3] [-4, 12, -2, 18] [-14, -7, 29, -11] [-51, 21, 35, 30] [-41, -25, -26, 11] [-4, -27, 5, 31] [-9, -8, -5, -5]
[-4, -1, -4, -31] [5, 11, 16, -15] [7, 23, 12, -90] [0, 0, 0, 0] [24, -78, 9, -3] [21, -3, -6, 12] [9, -13, 4, 3]
[-25, -11, -5, -15] [0, 19, -6, 7] [-2, 13, -22, -4] [11, 6, -53, 14] [-1, -6, -10, 36] [3, 13, -16, 18] [-12, -25, 11, -2]
[16, 20, -4, 7] [-7, -4, -3, -22] [9, 4, 11, 0] [-3, -6, -21, 8] [8, 6, -7, 11] [38, -2, 2, -6] [17, 11, 3, 15]
[-6, -16, -10, -20] [19, -11, -12, -12] [-14, -5, 8, -3] [-10, 21, -12, -9] [23, 16, 8, 0] [21, -10, -14, 6] [10, 7, -3, -3]
Food (up, right, down, left):
[34, 2, -4, 22] [-7, 10, -11, -12] [10, -6, -25, 0] [-11, 0, 34, 1] [-9, 11, 3, 21] [5, -19, 0, -6] [-22, 23, -8, -25]
[-36, -13, -8, -18] [-5, -11, -3, -3] [2, 14, -1, 27] [-18, 20, -23, 22] [7, -2, 6, -33] [20, -13, -23, 20] [3, -15, -8, 6]
[-17, 18, 6, -22] [-15, 3, 1, 11] [-32, -33, -13, 5] [34, -20, 10, -12] [-11, -14, 4, -18] [6, 3, -22, -21] [-3, 15, 10, 17]
[6, -2, 19, 29] [-28, -9, -28, 19] [-8, 10, -14, -22] [0, 0, 0, 0] [-38, 26, -15, 2] [-18, 7, -24, -1] [7, 11, 0, -11]
[11, 15, -1, 18] [2, 3, 12, 3] [8, -7, 28, 8] [-9, -15, 18, -13] [-4, -13, 17, -23] [-9, 28, 15, 14] [7, 9, -1, -40]
[10, -7, 4, -8] [18, -4, 25, 15] [1, 12, 5, 16] [-11, -15, 10, -32] [-15, -5, -7, -19] [-2, 16, -17, 13] [8, 34, -8, -1]
[-10, 0, -16, -13] [5, 3, 9, -19] [5, 14, 3, -5] [-5, -10, 29, -31] [29, 27, -4, 5] [5, 29, 12, 10] [14, -19, 17, -1]
------------------------------
ALIVE
Head: (9 18)
Body: (9 18) (9 19) (9 20) (8 20) (8 21) (8 22) (8 23) (7 23) (7 22) (6 22) (5 22) (5 21) 
Length: 12, 4
Vision: 3
Hungry, suplies: 6/10
Reproductive: 16, mutating: 0.25
Generation: 22290
####################################
Wall (up, right, down, left):
[9, -8, -26, -7] [3, -2, -9, -1] [-2, 1, 1, -9] [12, 5, 2, 5] [-2, 14, 17, -15] [-9, 4, 5, -14] [-28, -13, -8, -8]
[7, 5, 10, -12] [6, 13, 7, 4] [-4, 8, 1, -4] [-28, 13, 4, 13] [27, 6, 0, -4] [-12, -2, 9, 9] [-15, -9, 11, -1]
[-3, 6, 26, -3] [-4, 12, -2, 18] [-14, -7, 29, -11] [-51, 21, 35, 30] [-41, -25, -26, 11] [-4, -27, 5, 31] [-9, -8, -5, -5]
[-4, -1, -4, -31] [5, 11, 16, -15] [7, 23, 12, -90] [0, 0, 0, 0] [24, -78, 9, -3] [21, -3, -6, 12] [9, -13, 4, 3]
[-25, -11, -5, -15] [0, 19, -6, 7] [-2, 13, -22, -4] [11, 6, -53, 14] [-1, -6, -10, 36] [3, 13, -16, 18] [-12, -25, 11, -2]
[16, 20, -4, 7] [-7, -4, -3, -22] [9, 4, 11, 0] [-3, -6, -21, 8] [8, 6, -7, 11] [38, -2, 2, -6] [17, 11, 3, 15]
[-6, -16, -10, -20] [19, -11, -12, -12] [-14, -5, 8, -3] [-10, 21, -12, -9] [23, 16, 8, 0] [21, -10, -14, 6] [10, 7, -3, -3]
Food (up, right, down, left):
[34, 2, -4, 22] [-7, 10, -11, -12] [10, -6, -25, 0] [-11, 0, 31, 1] [-9, 11, 3, 21] [5, -19, 0, -6] [-22, 23, -8, -25]
[-36, -13, -8, -18] [-5, -11, -3, -3] [2, 14, -1, 27] [-18, 20, -23, 22] [7, -2, 6, -33] [20, -13, -23, 20] [3, -15, -8, 6]
[-17, 18, 6, -22] [-15, 3, 1, 11] [-32, -33, -13, 5] [34, -20, 10, -12] [-11, -14, 4, -18] [6, 3, -22, -21] [-3, 15, 10, 17]
[6, -2, 19, 29] [-28, -9, -28, 19] [-8, 10, -14, -22] [0, 0, 0, 0] [-38, 26, -15, 2] [-18, 7, -24, -1] [7, 11, 0, -11]
[11, 15, -1, 18] [2, 3, 12, 3] [8, -7, 28, 8] [-9, -15, 18, -13] [-4, -13, 17, -23] [-9, 28, 15, 14] [7, 9, -1, -40]
[10, -7, 4, -8] [18, -4, 25, 15] [1, 12, 5, 16] [-11, -15, 10, -32] [-15, -5, -7, -19] [-2, 16, -17, 13] [8, 34, -8, -1]
[-10, 0, -16, -13] [5, 3, 9, -19] [5, 14, 3, -5] [-5, -10, 29, -31] [29, 27, -4, 5] [5, 29, 12, 10] [14, -19, 17, -1]
------------------------------
ALIVE
Head: (7 31)
Body: (7 31) (7 30) (7 29) (7 28) (7 27) (8 27) (8 26) (8 25) 
Length: 8, 4
Vision: 3
Hungry, suplies: 5/10
Reproductive: 16, mutating: 0.25
Generation: 22291
####################################
Wall (up, right, down, left):
[9, -8, -26, -7] [3, -2, -9, -1] [-2, 1, 1, -9] [12, 5, 2, 5] [-2, 14, 17, -15] [-9, 4, 3, -14] [-28, -13, -8, -8]
[7, 5, 10, -12] [6, 13, 7, 4] [-4, 8, 1, -4] [-28, 13, 4, 13] [27, 6, 0, -4] [-12, -2, 9, 9] [-15, -9, 11, -1]
[-3, 6, 26, -3] [-4, 12, -2, 18] [-14, -7, 29, -11] [-51, 21, 35, 30] [-41, -25, -26, 11] [-4, -27, 5, 31] [-9, -8, -5, -5]
[-4, -1, -4, -31] [5, 11, 16, -15] [7, 23, 12, -90] [0, 0, 0, 0] [24, -78, 9, -3] [21, -3, -6, 12] [9, -13, 4, 3]
[-25, -11, -5, -15] [0, 19, -6, 7] [-2, 13, -22, -4] [11, 6, -53, 14] [-1, -6, -10, 36] [3, 13, -16, 18] [-12, -25, 11, -2]
[16, 20, -4, 7] [-7, -4, -3, -22] [9, 4, 11, 0] [-3, -6, -21, 8] [8, 6, -7, 11] [38, -2, 2, -6] [17, 11, 3, 15]
[-6, -16, -10, -20] [19, -11, -12, -12] [-14, -5, 8, -3] [-10, 21, -12, -9] [23, 16, 8, 0] [21, -10, -14, 6] [10, 7, -3, -3]
Food (up, right, down, left):
[34, 2, -4, 22] [-7, 10, -11, -12] [10, -6, -25, 0] [-11, 0, 31, 1] [-9, 11, 3, 21] [5, -17, 0, -6] [-22, 23, -8, -25]
[-36, -13, -8, -18] [-5, -11, -3, -3] [2, 14, -1, 27] [-18, 20, -23, 22] [7, -2, 6, -33] [20, -13, -23, 20] [3, -15, -8, 6]
[-17, 18, 6, -22] [-15, 3, 1, 11] [-32, -33, -13, 5] [34, -20, 10, -12] [-11, -14, 4, -18] [6, 3, -22, -21] [-3, 15, 10, 17]
[6, -2, 19, 29] [-28, -9, -28, 19] [-8, 10, -14, -22] [0, 0, 0, 0] [-38, 26, -15, 2] [-18, 7, -24, -1] [7, 11, 0, -11]
[11, 15, -1, 18] [2, 3, 12, 3] [8, -7, 28, 8] [-9, -15, 18, -13] [-4, -13, 17, -23] [-9, 28, 15, 14] [7, 9, -1, -40]
[10, -7, 4, -8] [18, -4, 25, 15] [1, 12, 5, 16] [-11, -15, 10, -32] [-15, -5, -7, -19] [-2, 16, -17, 13] [8, 34, -8, -1]
[-10, 0, -16, -13] [5, 3, 9, -19] [5, 14, 3, -5] [-5, -10, 29, -31] [29, 27, -4, 5] [5, 29, 12, 10] [14, -19, 17, -1]
------------------------------
ALIVE
Head: (18 32)
Body: (18 32) (19 32) (19 33) (18 33) (17 33) (17 32) (16 32) (15 32) 
Length: 8, 4
Vision: 3
Hungry, suplies: 10/10
Reproductive: 16, mutating: 0.25
Generation: 22291
####################################
Wall (up, right, down, left):
[9, -8, -26, -7] [3, -2, -9, -1] [-2, 0, 1, -9] [12, 5, 2, 5] [-2, 14, 17, -15] [-9, 4, 3, -14] [-28, -13, -8, -8]
[7, 5, 10, -12] [6, 13, 7, 4] [-4, 8, 1, -4] [-28, 13, 4, 13] [27, 6, 0, -4] [-12, -2, 9, 9] [-15, -9, 11, -1]
[-3, 6, 26, -3] [-4, 12, -2, 18] [-14, -7, 29, -11] [-51, 21, 35, 30] [-41, -25, -26, 11] [-4, -27, 5, 31] [-9, -8, -5, -5]
[-4, -1, -4, -31] [5, 11, 20, -15] [7, 23, 12, -90] [0, 0, 0, 0] [24, -78, 9, -3] [19, -3, -6, 12] [9, -13, 4, 3]
[-25, -11, -5, -15] [0, 19, -2, 7] [-2, 13, -22, -4] [11, 6, -53, 14] [-1, -6, -10, 36] [3, 13, -16, 18] [-12, -20, 11, -2]
[16, 20, -4, 7] [-7, -4, -3, -22] [9, 4, 11, 0] [-3, -6, -21, 8] [8, 6, -7, 11] [38, -2, 2, -6] [17, 11, 3, 15]
[-6, -15, -10, -20] [19, -11, -12, -12] [-14, -5, 8, -3] [-10, 21, -12, -9] [23, 16, 8, 0] [22, -10, -14, 6] [10, 7, -3, -3]
Food (up, right, down, left):
[34, 2, -4, 22] [-7, 10, -11, -12] [10, -2, -25, 0] [-11, 0, 31, 1] [-9, 11, 3, 21] [5, -17, 0, -6] [-22, 23, -8, -25]
[-36, -13, -8, -18] [-5, -11, -3, -3] [2, 14, -1, 27] [-18, 20, -23, 22] [7, -2, 6, -33] [20, -13, -23, 20] [3, -15, -8, 6]
[-17, 18, 6, -22] [-15, 3, 1, 11] [-32, -33, -13, 5] [34, -20, 10, -12] [-11, -14, 4, -18] [6, 3, -22, -21] [-3, 15, 10, 17]
[6, -2, 19, 29] [-28, -9, -31, 19] [-8, 10, -14, -22] [0, 0, 0, 0] [-38, 26, -15, 2] [-17, 7, -24, -1] [7, 11, 0, -11]
[11, 15, -1, 18] [2, 3, 12, 3] [8, -7, 28, 8] [-9, -15, 18, -13] [-4, -13, 17, -23] [-9, 28, 15, 14] [7, 9, 3, -40]
[10, -7, 4, -8] [18, -4, 25, 15] [1, 12, 5, 16] [-11, -15, 10, -32] [-15, -5, -7, -19] [-2, 16, -17, 13] [8, 34, -8, -1]
[-10, 0, -16, -15] [5, 3, 9, -19] [5, 14, 3, -5] [-5, -10, 29, -31] [29, 27, -4, 5] [4, 29, 12, 10] [14, -19, 17, -1]
------------------------------
ALIVE
Head: (12 28)
Body: (12 28) (11 28) (10 28) (9 28) (9 29) (10 29) (11 29) (11 30) 
Length: 8, 4
Vision: 3
Hungry, suplies: 10/10
Reproductive: 16, mutating: 0.25
Generation: 22296
####################################
Wall (up, right, down, left):
[9, -8, -26, -7] [3, -2, -9, -1] [-2, 1, 1, -9] [12, 5, 2, 5] [-2, 14, 17, -15] [-9, 4, 3, -13] [-28, -13, -8, -8]
[7, 5, 10, -12] [6, 13, 7, 4] [-4, 8, 1, -4] [-28, 13, 4, 13] [27, 6, 0, -4] [-12, -2, 9, 9] [-15, -9, 11, -1]
[-3, 6, 26, -3] [-4, 12, -2, 18] [-14, -7, 29, -11] [-51, 21, 35, 30] [-41, -25, -26, 11] [-4, -27, 5, 31] [-9, -8, -5, -5]
[-4, -1, -4, -31] [5, 11, 16, -15] [7, 23, 12, -90] [0, 0, 0, 0] [24, -78, 9, -3] [19, -3, -6, 12] [9, -13, 4, 3]
[-25, -11, -5, -15] [0, 19, -2, 7] [-2, 13, -22, -4] [11, 6, -53, 14] [-1, -6, -10, 36] [3, 13, -16, 18] [-12, -20, 11, -2]
[16, 20, -4, 7] [-7, -4, -3, -22] [9, 4, 11, 0] [-3, -6, -21, 8] [8, 6, -7, 11] [38, -2, 2, -6] [17, 11, 3, 15]
[-6, -15, -10, -20] [19, -11, -12, -12] [-14, -5, 8, -3] [-10, 21, -12, -9] [23, 16, 8, 0] [22, -10, -14, 6] [10, 7, -3, -3]
Food (up, right, down, left):
[34, 2, -4, 22] [-7, 10, -11, -12] [10, -6, -25, 0] [-11, 0, 31, 1] [-9, 11, 3, 21] [5, -17, -2, -6] [-22, 23, -8, -25]
[-36, -13, -8, -18] [-5, -11, -3, -3] [2, 14, -1, 27] [-18, 20, -23, 22] [7, -2, 6, -33] [20, -13, -23, 20] [3, -15, -8, 6]
[-17, 18, 6, -22] [-15, 3, 1, 11] [-32, -33, -13, 5] [34, -20, 10, -12] [-11, -14, 4, -18] [6, 3, -19, -21] [-3, 15, 10, 17]
[6, -2, 19, 29] [-28, -9, -28, 19] [-8, 10, -14, -22] [0, 0, 0, 0] [-38, 26, -15, 2] [-17, 7, -24, -1] [7, 11, 0, -11]
[11, 15, -1, 18] [2, 3, 12, 3] [8, -7, 28, 8] [-9, -15, 18, -13] [-4, -13, 17, -23] [-9, 28, 15, 14] [7, 9, 3, -40]
[10, -7, 4, -8] [18, -4, 25, 15] [1, 12, 5, 16] [-11, -15, 10, -32] [-15, -5, -7, -19] [-2, 16, -17, 13] [8, 34, -8, -1]
[-10, 0, -16, -15] [5, 3, 9, -19] [5, 14, 3, -5] [-5, -10, 29, -31] [29, 27, -4, 5] [4, 29, 12, 10] [14, -19, 17, -1]
------------------------------
ALIVE
Head: (19 2)
Body: (19 2) (18 2) (18 3) (17 3) (16 3) (15 3) (15 2) (14 2) (13 2) (13 3) (13 4) (13 5) (12 5) (11 5) (11 4) 
Length: 15, 4
Vision: 3
Hungry, suplies: 1/10
Reproductive: 16, mutating: 0.25
Generation: 22291
####################################
Wall (up, right, down, left):
[9, -8, -26, -7] [3, -2, -9, -1] [-2, 1, 1, -9] [12, 5, 2, 5] [-2, 14, 17, -15] [-9, 4, 5, -14] [-28, -13, -8, -8]
[7, 5, 10, -12] [6, 13, 7, 4] [-4, 8, 1, -4] [-28, 13, 4, 13] [27, 6, 0, -4] [-12, -2, 9, 9] [-15, -9, 11, -1]
[-3, 6, 26, -3] [-4, 12, -2, 18] [-14, -7, 29, -11] [-51, 21, 35, 30] [-41, -25, -26, 11] [-4, -27, 5, 31] [-9, -8, -5, -5]
[-4, -1, -4, -31] [5, 11, 16, -15] [7, 23, 12, -90] [0, 0, 0, 0] [24, -78, 9, -3] [21, -3, -6, 12] [9, -13, 4, 3]
[-25, -11, -5, -15] [0, 19, -6, 7] [-2, 13, -22, -4] [11, 6, -53, 14] [-1, -6, -10, 36] [3, 13, -16, 18] [-12, -25, 11, -2]
[16, 20, -4, 7] [-7, -4, -3, -22] [9, 4, 11, 0] [-3, -6, -21, 8] [8, 6, -7, 11] [38, -2, 2, -6] [17, 11, 3, 15]
[-6, -16, -10, -20] [19, -11, -12, -12] [-14, -5, 8, -3] [-10, 21, -12, -9] [23, 16, 8, 0] [21, -10, -14, 6] [10, 7, -3, -3]
Food (up, right, down, left):
[34, 2, -4, 22] [-7, 10, -11, -12] [10, -6, -25, 0] [-11, 0, 31, 1] [-9, 11, 3, 21] [5, -19, 0, -6] [-22, 23, -8, -25]
[-36, -13, -8, -18] [-5, -11, -3, -3] [2, 14, -1, 27] [-18, 20, -23, 22] [7, -2, 6, -33] [20, -13, -23, 20] [3, -15, -8, 6]
[-17, 18, 6, -22] [-15, 3, 1, 11] [-32, -33, -13, 5] [34, -20, 10, -12] [-11, -14, 4, -18] [6, 3, -22, -21] [-3, 15, 10, 17]
[6, -2, 19, 29] [-28, -9, -28, 19] [-8, 10, -14, -22] [0, 0, 0, 0] [-38, 26, -15, 2] [-18, 7, -24, -1] [7, 11, 0, -11]
[11, 15, -1, 18] [2, 3, 12, 3] [8, -7, 28, 8] [-9, -15, 18, -13] [-4, -13, 17, -23] [-9, 28, 15, 14] [7, 9, -1, -40]
[10, -7, 4, -8] [18, -4, 25, 15] [1, 12, 5, 16] [-11, -15, 10, -32] [-15, -5, -7, -19] [-2, 16, -17, 13] [8, 34, -8, -1]
[-10, 0, -16, -13] [5, 3, 9, -19] [5, 14, 3, -5] [-5, -10, 29, -31] [29, 27, -4, 5] [5, 29, 12, 10] [14, -19, 17, -1]
------------------------------
ALIVE
Head: (11 47)
Body: (11 47) (11 46) (11 45) (11 44) (11 43) (11 42) (11 41) (11 40) (11 39) (11 38) (10 38) (9 38) (8 38) (8 37) (7 37) 
Length: 15, 4
Vision: 3
Hungry, suplies: 6/10
Reproductive: 16, mutating: 0.25
Generation: 22291
####################################
Wall (up, right, down, left):
[9, -8, -26, -7] [3, -2, -9, -1] [-2, 1, 1, -9] [12, 5, 2, 5] [-2, 14, 17, -15] [-9, 4, 3, -13] [-28, -13, -8, -8]
[7, 5, 10, -12] [6, 13, 7, 4] [-4, 8, 1, -4] [-28, 13, 4, 13] [27, 6, 0, -4] [-12, -2, 9, 9] [-15, -9, 11, -1]
[-3, 6, 26, -3] [-4, 12, -2, 18] [-14, -7, 29, -11] [-51, 21, 35, 30] [-41, -25, -26, 11] [-4, -27, 5, 31] [-9, -8, -5, -5]
[-4, -1, -4, -31] [5, 11, 16, -15] [7, 23, 12, -90] [0, 0, 0, 0] [24, -78, 9, -3] [19, -3, -6, 12] [9, -13, 4, 3]
[-25, -11, -5, -15] [0, 19, -2, 7] [-2, 13, -22, -4] [11, 6, -53, 14] [-1, -6, -10, 36] [3, 13, -16, 18] [-12, -20, 11, -2]
[16, 20, -4, 7] [-7, -4, -3, -22] [9, 4, 11, 0] [-3, -6, -21, 8] [8, 6, -7, 11] [38, -2, 2, -6] [17, 11, 3, 15]
[-6, -15, -10, -20] [19, -11, -12, -12] [-14, -5, 8, -3] [-10, 21, -12, -9] [23, 16, 8, 0] [22, -10, -14, 6] [10, 7, -3, -3]
Food (up, right, down, left):
[34, 2, -4, 22] [-7, 10, -11, -12] [10, -6, -25, 0] [-11, 0, 31, 1] [-9, 11, 3, 21] [5, -17, -2, -6] [-22, 23, -8, -25]
[-36, -13, -8, -18] [-5, -11, -3, -3] [2, 14, -1, 27] [-18, 20, -23, 22] [7, -2, 6, -33] [20, -13, -23, 20] [3, -15, -8, 6]
[-17, 18, 6, -22] [-15, 3, 1, 11] [-32, -33, -13, 5] [34, -20, 10, -12] [-11, -14, 4, -18] [6, 3, -19, -21] [-3, 15, 10, 17]
[6, -2, 19, 29] [-28, -9, -28, 19] [-8, 10, -14, -22] [0, 0, 0, 0] [-38, 26, -15, 2] [-17, 7, -24, -1] [7, 11, 0, -11]
[11, 15, -1, 18] [2, 3, 12, 3] [8, -7, 28, 8] [-9, -15, 18, -13] [-4, -13, 17, -23] [-9, 28, 15, 14] [7, 9, 3, -40]
[10, -7, 4, -8] [18, -4, 25, 15] [1, 12, 5, 16] [-11, -15, 10, -32] [-15, -5, -7, -19] [-2, 16, -17, 13] [8, 34, -8, -1]
[-10, 0, -16, -15] [5, 3, 9, -19] [5, 14, 3, -5] [-5, -10, 29, -31] [29, 27, -4, 5] [4, 29, 12, 10] [14, -19, 17, -1]
------------------------------
ALIVE
Head: (10 48)
Body: (10 48) (10 47) (10 46) (10 45) (10 44) (10 43) (10 42) (10 41) (10 40) (10 39) (9 39) 
Length: 11, 4
Vision: 3
Hungry, suplies: 7/10
Reproductive: 16, mutating: 0.25
Generation: 22294
####################################
Wall (up, right, down, left):
[9, -8, -26, -7] [3, -2, -9, -1] [-2, 0, 1, -9] [12, 5, 2, 5] [-2, 14, 17, -15] [-9, 4, 3, -14] [-28, -13, -8, -8]
[7, 5, 10, -12] [6, 13, 7, 4] [-4, 8, 1, -4] [-28, 13, 4, 13] [27, 6, 0, -4] [-12, -2, 9, 9] [-15, -9, 11, -1]
[-3, 6, 26, -3] [-4, 12, -2, 18] [-14, -7, 29, -11] [-51, 21, 35, 30] [-41, -25, -26, 11] [-4, -27, 5, 31] [-9, -8, -5, -5]
[-4, -1, -4, -31] [5, 11, 20, -15] [7, 23, 12, -90] [0, 0, 0, 0] [24, -76, 9, -3] [19, -3, -6, 12] [9, -13, 4, 3]
[-25, -11, -5, -15] [0, 19, -2, 7] [-2, 13, -22, -4] [11, 6, -53, 14] [-1, -6, -10, 36] [3, 13, -16, 18] [-12, -20, 11, -2]
[16, 20, -4, 7] [-7, -4, -3, -22] [9, 4, 11, 0] [-3, -6, -21, 8] [8, 6, -7, 11] [38, -2, 2, -6] [17, 11, 3, 15]
[-6, -15, -10, -20] [19, -11, -12, -12] [-14, -5, 8, -3] [-10, 21, -12, -9] [23, 16, 8, 0] [22, -10, -14, 6] [10, 7, -3, -3]
Food (up, right, down, left):
[34, 2, -4, 22] [-7, 10, -11, -12] [10, -2, -25, 0] [-11, 0, 31, 1] [-9, 11, 3, 21] [5, -17, 0, -6] [-22, 23, -8, -25]
[-36, -13, -8, -18] [-5, -11, -3, -3] [2, 14, -1, 27] [-18, 20, -23, 22] [7, -2, 6, -33] [20, -13, -23, 20] [3, -15, -8, 6]
[-17, 18, 6, -22] [-15, 3, 1, 11] [-32, -33, -13, 5] [34, -20, 10, -12] [-11, -14, 4, -18] [6, 3, -22, -21] [-3, 15, 10, 17]
[6, -2, 19, 29] [-28, -9, -31, 19] [-8, 10, -14, -22] [0, 0, 0, 0] [-38, 26, -11, 2] [-17, 7, -24, -1] [7, 11, 0, -11]
[11, 15, -1, 18] [2, 3, 12, 3] [8, -7, 28, 8] [-9, -15, 18, -13] [-4, -13, 17, -23] [-9, 28, 15, 14] [7, 9, 3, -40]
[10, -7, 4, -8] [18, -4, 25, 15] [1, 12, 5, 16] [-11, -15, 10, -32] [-15, -5, -7, -19] [-2, 16, -17, 13] [8, 34, -8, -1]
[-10, 0, -16, -15] [5, 3, 9, -19] [5, 14, 3, -5] [-5, -10, 29, -31] [29, 27, -4, 5] [4, 29, 12, 10] [14, -19, 17, -1]
------------------------------
ALIVE
Head: (21 22)
Body: (21 22) (22 22) (23 22) (24 22) (-1 23) (0 23) (0 22) (0 21) (0 20) (0 19) (0 18) 
Length: 11, 4
Vision: 3
Hungry, suplies: 8/10
Reproductive: 16, mutating: 0.25
Generation: 22298
####################################
Wall (up, right, down, left):
[9, -8, -26, -7] [3, -2, -9, -1] [-2, 0, 1, -9] [12, 5, 2, 5] [-2, 14, 17, -15] [-9, 4, 3, -14] [-28, -13, -8, -8]
[7, 5, 10, -12] [6, 13, 7, 4] [-4, 8, 1, -4] [-28, 13, 4, 13] [27, 6, 0, -4] [-12, -2, 9, 9] [-15, -9, 11, -1]
[-3, 6, 26, -3] [-4, 12, -2, 18] [-14, -7, 29, -11] [-51, 21, 35, 30] [-41, -25, -26, 11] [-4, -27, 5, 31] [-9, -8, -5, -5]
[-4, -1, -4, -31] [5, 11, 20, -15] [7, 23, 12, -90] [0, 0, 0, 0] [24, -78, 9, -3] [19, -3, -6, 12] [9, -13, 4, 3]
[-25, -11, -5, -15] [0, 19, -2, 7] [-2, 13, -22, -4] [11, 6, -53, 14] [-1, -6, -10, 36] [3, 13, -16, 18] [-12, -20, 11, -2]
[16, 20, -4, 7] [-7, -4, -3, -22] [9, 4, 11, 0] [-3, -6, -21, 8] [8, 6, -7, 11] [38, -2, 2, -6] [17, 11, 3, 15]
[-6, -15, -10, -20] [19, -11, -12, -12] [-14, -5, 8, -3] [-10, 21, -12, -9] [23, 16, 8, 0] [22, -10, -14, 6] [10, 7, -3, -3]
Food (up, right, down, left):
[34, 2, -4, 22] [-7, 10, -11, -12] [10, -2, -25, 0] [-11, 0, 31, 1] [-9, 11, 3, 21] [5, -17, 0, -6] [-22, 23, -8, -25]
[-36, -13, -8, -18] [-5, -11, -3, -3] [2, 14, -1, 27] [-18, 20, -23, 22] [7, -2, 6, -33] [20, -13, -23, 20] [3, -15, -8, 6]
[-17, 18, 6, -22] [-15, 3, 1, 11] [-32, -33, -13, 5] [34, -20, 10, -12] [-11, -14, 4, -18] [6, 3, -22, -21] [-3, 15, 10, 17]
[6, -2, 19, 29] [-28, -9, -31, 19] [-8, 10, -14, -22] [0, 0, 0, 0] [-38, 26, -15, 2] [-17, 7, -24, -1] [7, 11, 0, -11]
[11, 15, -1, 18] [2, 3, 12, 3] [8, -7, 28, 8] [-9, -15, 18, -13] [-4, -13, 17, -23] [-9, 28, 15, 14] [7, 9, 3, -40]
[10, -7, 4, -8] [18, -4, 25, 15] [1, 12, 5, 16] [-11, -15, 10, -32] [-15, -5, -7, -19] [-2, 16, -17, 13] [8, 34, -8, -1]
[-10, 0, -16, -15] [5, 3, 9, -19] [5, 14, 3, -5] [-5, -10, 29, -31] [29, 27, -4, 5] [4, 29, 12, 10] [14, -19, 17, -1]
------------------------------
ALIVE
Head: (9 52)
Body: (9 52) (9 53) (10 53) (10 54) (10 55) (10 -1) (10 0) (10 1) 
Length: 8, 4
Vision: 3
Hungry, suplies: 7/10
Reproductive: 16, mutating: 0.25
Generation: 22296
####################################
Wall (up, right, down, left):
[9, -8, -26, -7] [3, -2, -9, -1] [-2, 1, 1, -9] [12, 5, 2, 5] [-2, 14, 17, -15] [-9, 4, 3, -13] [-28, -13, -8, -8]
[7, 5, 10, -12] [6, 13, 7, 4] [-4, 8, 1, -4] [-28, 13, 4, 13] [27, 6, 0, -4] [-12, -2, 9, 9] [-15, -9, 11, -1]
[-3, 6, 26, -3] [-4, 12, -2, 18] [-14, -7, 29, -11] [-51, 21, 35, 30] [-41, -25, -26, 11] [-4, -27, 5, 31] [-9, -8, -5, -5]
[-4, -1, -4, -31] [5, 11, 16, -15] [7, 23, 12, -90] [0, 0, 0, 0] [24, -78, 9, -3] [19, -3, -6, 12] [9, -13, 4, 3]
[-25, -11, -5, -15] [0, 19, -2, 7] [-2, 13, -22, -4] [11, 6, -53, 14] [-1, -6, -10, 36] [3, 13, -16, 18] [-12, -20, 11, -2]
[16, 20, -4, 7] [-7, -4, -3, -22] [9, 4, 11, 0] [-3, -6, -21, 8] [8, 6, -7, 11] [38, -2, 2, -6] [17, 11, 3, 15]
[-6, -15, -10, -20] [18, -11, -12, -12] [-14, -5, 8, -3] [-10, 21, -12, -9] [23, 16, 8, 0] [22, -10, -14, 6] [10, 7, -3, -3]
Food (up, right, down, left):
[34, 2, -4, 22] [-7, 10, -11, -12] [10, -6, -25, 0] [-11, 0, 31, 1] [-9, 11, 3, 21] [5, -17, -2, -6] [-22, 23, -8, -25]
[-36, -13, -8, -18] [-5, -11, -3, -3] [2, 14, -1, 27] [-18, 20, -23, 22] [7, -2, 6, -33] [20, -13, -23, 20] [3, -15, -8, 6]
[-17, 18, 6, -22] [-15, 3, 1, 11] [-32, -33, -13, 5] [34, -20, 10, -12] [-11, -14, 4, -18] [6, 3, -19, -21] [-3, 15, 10, 17]
[6, -2, 19, 29] [-28, -9, -28, 19] [-8, 10, -14, -22] [0, 0, 0, 0] [-38, 26, -15, 2] [-17, 7, -24, -1] [7, 11, 0, -11]
[11, 15, -1, 18] [2, 3, 12, 3] [8, -7, 28, 8] [-9, -15, 18, -13] [-4, -13, 17, -23] [-9, 28, 15, 14] [7, 9, 3, -40]
[10, -7, 4, -8] [18, -4, 25, 15] [1, 12, 5, 16] [-11, -15, 10, -32] [-15, -5, -7, -19] [-2, 16, -17, 13] [8, 34, -8, -1]
[-10, 0, -16, -15] [5, 3, 12, -19] [5, 14, 3, -5] [-5, -10, 29, -31] [29, 27, -4, 5] [4, 29, 12, 10] [14, -19, 17, -1]
------------------------------
ALIVE
Head: (15 15)
Body: (15 15) (15 16) (14 16) (14 15) (14 14) (14 13) (14 12) (14 11) (14 10) (14 9) (14 8) (14 7) 
Length: 12, 4
Vision: 3
Hungry, suplies: 10/10
Reproductive: 16, mutating: 0.25
Generation: 22293
####################################
Wall (up, right, down, left):
[9, -8, -26, -7] [3, -2, -9, -1] [-2, 1, 1, -9] [12, 5, 2, 5] [-2, 14, 17, -15] [-9, 4, 3, -13] [-28, -13, -8, -8]
[7, 5, 10, -12] [6, 13, 7, 4] [-4, 8, 1, -4] [-28, 13, 4, 13] [27, 6, 0, -4] [-12, -2, 9, 9] [-15, -9, 11, -1]
[-3, 6, 26, -3] [-4, 12, -2, 18] [-14, -7, 29, -11] [-51, 21, 35, 30] [-41, -25, -26, 11] [-4, -27, 5, 31] [-9, -8, -5, -5]
[-4, -1, -4, -31] [5, 11, 16, -15] [7, 23, 12, -90] [0, 0, 0, 0] [24, -78, 9, -3] [19, -3, -6, 12] [9, -13, 4, 3]
[-25, -11, -5, -15] [0, 19, -2, 7] [-2, 13, -22, -4] [11, 6, -53, 14] [-1, -6, -10, 36] [3, 13, -16, 18] [-12, -20, 11, -2]
[16, 20, -4, 7] [-7, -4, -3, -22] [9, 4, 11, 0] [-3, -6, -21, 8] [8, 6, -7, 11] [38, -2, 2, -6] [17, 11, 3, 15]
[-6, -15, -10, -20] [19, -11, -12, -12] [-14, -5, 8, -3] [-10, 21, -12, -9] [23, 16, 8, 0] [22, -10, -14, 6] [10, 7, -3, -3]
Food (up, right, down, left):
[34, 2, -4, 22] [-7, 10, -11, -12] [10, -6, -25, 0] [-11, 0, 31, 1] [-9, 11, 3, 21] [5, -17, -2, -6] [-22, 23, -8, -25]
[-36, -13, -8, -18] [-5, -11, -3, -3] [2, 14, -1, 27] [-18, 20, -23, 22] [7, -2, 6, -33] [20, -13, -23, 20] [3, -15, -8, 6]
[-17, 18, 6, -22] [-15, 3, 1, 11] [-32, -33, -13, 5] [34, -20, 10, -12] [-11, -14, 4, -18] [6, 3, -19, -21] [-3, 15, 10, 17]
[6, -2, 19, 29] [-28, -9, -28, 19] [-8, 10, -14, -22] [0, 0, 0, 0] [-38, 26, -15, 2] [-17, 7, -24, -1] [7, 11, 0, -11]
[11, 15, -1, 18] [2, 3, 12, 3] [8, -7, 28, 8] [-9, -15, 18, -13] [-4, -13, 17, -23] [-9, 28, 15, 14] [7, 9, 3, -40]
[10, -7, 4, -8] [18, -4, 25, 15] [1, 12, 5, 16] [-11, -15, 10, -32] [-15, -5, -7, -19] [-2, 16, -17, 13] [8, 34, -8, -1]
[-10, 0, -16, -15] [5, 3, 9, -19] [5, 14, 3, -5] [-5, -10, 29, -31] [29, 27, -4, 5] [4, 29, 12, 10] [14, -19, 17, -1]
------------------------------
ALIVE
Head: (1 32)
Body: (1 32) (25 32) (24 32) (24 31) (23 31) (22 31) (22 30) (22 29) (22 28) 
Length: 9, 4
Vision: 3
Hungry, suplies: 8/10
Reproductive: 16, mutating: 0.25
Generation: 22295
####################################
Wall (up, right, down, left):
[9, -8, -26, -7] [3, -2, -9, -1] [-2, 1, 1, -9] [12, 5, 2, 5] [-2, 14, 17, -15] [-9, 4, 5, -14] [-28, -13, -8, -8]
[7, 5, 10, -12] [6, 13, 7, 4] [-4, 8, 1, -4] [-28, 13, 4, 13] [27, 6, 0, -4] [-12, -2, 9, 9] [-15, -9, 11, -1]
[-3, 6, 26, -3] [-4, 12, -2, 18] [-14, -7, 29, -11] [-51, 21, 35, 30] [-41, -25, -26, 11] [-4, -27, 5, 31] [-9, -8, -5, -5]
[-4, -1, -4, -31] [5, 11, 16, -15] [7, 23, 12, -90] [0, 0, 0, 0] [24, -78, 9, -3] [21, -3, -6, 12] [9, -13, 4, 3]
[-25, -11, -5, -15] [0, 19, -6, 7] [-2, 13, -22, -4] [11, 6, -53, 14] [-1, -6, -10, 36] [3, 13, -16, 18] [-12, -25, 11, -2]
[16, 20, -4, 7] [-7, -4, -3, -22] [9, 4, 11, 0] [-3, -6, -21, 8] [8, 6, -7, 11] [38, -2, 2, -6] [17, 11, 3, 15]
[-6, -16, -12, -20] [19, -11, -12, -12] [-14, -5, 8, -3] [-10, 21, -12, -9] [23, 16, 8, 0] [21, -10, -14, 6] [10, 7, -3, -3]
Food (up, right, down, left):
[34, 2, -4, 22] [-7, 10, -11, -12] [10, -6, -25, 0] [-11, 0, 31, 1] [-9, 11, 3, 21] [5, -19, 0, -6] [-22, 23, -8, -25]
[-36, -13, -8, -18] [-5, -11, -3, -3] [2, 14, -1, 27] [-18, 20, -23, 22] [7, -2, 6, -33] [20, -13, -23, 20] [3, -15, -8, 6]
[-17, 18, 6, -22] [-15, 3, 1, 11] [-32, -33, -13, 5] [34, -20, 10, -12] [-11, -14, 4, -18] [6, 3, -22, -21] [-3, 15, 10, 17]
[6, -2, 19, 29] [-28, -9, -28, 19] [-8, 10, -14, -22] [0, 0, 0, 0] [-38, 26, -15, 2] [-18, 7, -24, -1] [7, 11, 0, -11]
[11, 15, -1, 18] [2, 3, 12, 3] [8, -7, 28, 8] [-9, -15, 18, -13] [-4, -13, 17, -23] [-9, 28, 15, 14] [7, 9, -1, -40]
[10, -7, 4, -8] [18, -4, 25, 15] [1, 12, 5, 16] [-11, -15, 10, -32] [-15, -5, -7, -19] [-2, 16, -17, 13] [8, 34, -8, -1]
[-10, 0, -16, -11] [5, 3, 9, -19] [5, 14, 3, -5] [-5, -10, 29, -31] [29, 27, -4, 5] [5, 29, 12, 10] [14, -19, 17, -1]
------------------------------
ALIVE
Head: (7 49)
Body: (7 49) (6 49) (6 48) (6 47) (6 46) (6 45) (6 44) (7 44) (8 44) (8 43) 
Length: 10, 4
Vision: 3
Hungry, suplies: 6/10
Reproductive: 16, mutating: 0.25
Generation: 22291
####################################
Wall (up, right, down, left):
[9, -8, -26, -7] [3, -2, -9, -1] [-2, 0, 1, -9] [12, 5, 2, 5] [-2, 14, 17, -15] [-9, 4, 3, -14] [-28, -13, -8, -8]
[7, 5, 10, -12] [6, 13, 7, 4] [-4, 8, 1, -4] [-28, 13, 4, 13] [27, 6, 0, -4] [-12, -2, 9, 9] [-15, -9, 11, -1]
[-3, 6, 26, -3] [-4, 10, -2, 18] [-14, -7, 29, -11] [-51, 21, 35, 30] [-41, -25, -26, 11] [-4, -27, 5, 31] [-9, -8, -5, -5]
[-4, -1, -4, -31] [5, 11, 20, -15] [7, 23, 12, -90] [0, 0, 0, 0] [24, -76, 9, -3] [19, -3, -6, 12] [9, -13, 4, 3]
[-25, -11, -5, -15] [0, 19, -2, 7] [-2, 13, -22, -4] [11, 6, -53, 14] [-1, -6, -10, 36] [3, 13, -16, 18] [-12, -20, 11, -2]
[16, 20, -4, 7] [-7, -4, -3, -22] [9, 4, 11, 0] [-3, -6, -21, 8] [8, 6, -7, 11] [38, -2, 2, -6] [17, 11, 3, 15]
[-6, -15, -10, -20] [19, -11, -12, -12] [-14, -5, 8, -3] [-10, 21, -12, -9] [23, 16, 8, 0] [22, -10, -14, 6] [10, 7, -3, -3]
Food (up, right, down, left):
[34, 2, -4, 22] [-7, 10, -11, -12] [10, -2, -25, 0] [-11, 0, 31, 1] [-9, 11, 3, 21] [5, -17, 0, -6] [-22, 23, -8, -25]
[-36, -13, -8, -18] [-5, -11, -3, -3] [2, 14, -1, 27] [-18, 20, -23, 22] [7, -2, 6, -33] [20, -13, -23, 20] [3, -15, -8, 6]
[-17, 18, 6, -22] [-15, 3, 1, 14] [-32, -33, -13, 5] [34, -20, 10, -12] [-11, -14, 4, -18] [6, 3, -22, -21] [-3, 15, 10, 17]
[6, -2, 19, 29] [-28, -9, -31, 19] [-8, 10, -14, -22] [0, 0, 0, 0] [-38, 26, -11, 2] [-17, 7, -24, -1] [7, 11, 0, -11]
[11, 15, -1, 18] [2, 3, 12, 3] [8, -7, 28, 8] [-9, -15, 18, -13] [-4, -13, 17, -23] [-9, 28, 15, 14] [7, 9, 3, -40]
[10, -7, 4, -8] [18, -4, 25, 15] [1, 12, 5, 16] [-11, -15, 10, -32] [-15, -5, -7, -19] [-2, 16, -17, 13] [8, 34, -8, -1]
[-10, 0, -16, -15] [5, 3, 9, -19] [5, 14, 3, -5] [-5, -10, 29, -31] [29, 27, -4, 5] [4, 29, 12, 10] [14, -19, 17, -1]
------------------------------
ALIVE
Head: (15 17)
Body: (15 17) (16 17) (17 17) (17 16) (17 15) (18 15) (19 15) (20 15) (21 15) 
Length: 9, 4
Vision: 3
Hungry, suplies: 2/10
Reproductive: 16, mutating: 0.25
Generation: 22298
####################################
Wall (up, right, down, left):
[9, -8, -26, -7] [3, -2, -9, -1] [-2, 1, 1, -9] [12, 5, 2, 5] [-2, 14, 17, -15] [-9, 4, 5, -14] [-28, -13, -8, -8]
[7, 5, 10, -12] [6, 13, 7, 4] [-4, 8, 1, -4] [-28, 13, 4, 13] [27, 6, 0, -4] [-12, -2, 9, 9] [-15, -9, 11, -1]
[-3, 6, 26, -3] [-4, 12, -2, 18] [-14, -7, 29, -11] [-51, 21, 35, 30] [-41, -25, -26, 11] [-4, -27, 5, 31] [-9, -8, -5, -5]
[-4, -1, -4, -31] [5, 11, 16, -15] [7, 23, 12, -90] [0, 0, 0, 0] [24, -78, 9, -3] [21, -3, -6, 12] [9, -13, 4, 3]
[-25, -11, -5, -15] [0, 19, -6, 7] [-2, 13, -22, -4] [11, 6, -53, 14] [-1, -6, -10, 36] [3, 13, -16, 18] [-12, -25, 11, -2]
[16, 20, -4, 7] [-7, -4, -3, -22] [9, 4, 11, 0] [-3, -6, -21, 8] [8, 6, -7, 11] [38, -2, 2, -6] [17, 11, 3, 15]
[-6, -16, -10, -20] [19, -11, -12, -12] [-14, -5, 8, -3] [-10, 21, -12, -9] [23, 16, 8, 0] [21, -10, -14, 6] [10, 7, -3, -3]
Food (up, right, down, left):
[34, 2, -4, 22] [-7, 10, -11, -12] [10, -6, -25, 0] [-11, 0, 31, 1] [-9, 11, 3, 21] [5, -19, 0, -6] [-22, 23, -8, -25]
[-36, -13, -8, -18] [-5, -11, -3, -3] [2, 14, -1, 27] [-18, 20, -23, 22] [7, -2, 6, -33] [20, -13, -23, 20] [3, -15, -8, 6]
[-17, 18, 6, -22] [-15, 3, 1, 11] [-32, -33, -13, 5] [34, -20, 10, -12] [-11, -14, 4, -18] [6, 3, -22, -21] [-3, 15, 10, 17]
[6, -2, 19, 29] [-28, -9, -28, 19] [-8, 10, -14, -22] [0, 0, 0, 0] [-38, 26, -15, 2] [-18, 7, -24, -1] [7, 11, 0, -11]
[11, 15, -1, 18] [2, 3, 12, 3] [8, -7, 28, 8] [-9, -15, 18, -13] [-4, -13, 17, -23] [-9, 28, 15, 14] [7, 9, -1, -40]
[10, -7, 4, -8] [18, -4, 25, 15] [1, 12, 5, 16] [-11, -15, 10, -32] [-15, -5, -7, -19] [-2, 16, -17, 13] [8, 34, -8, -1]
[-10, 0, -16, -13] [5, 3, 9, -19] [5, 14, 3, -5] [-5, -10, 29, -31] [29, 27, -4, 5] [5, 29, 12, 10] [14, -19, 17, -1]
------------------------------
ALIVE
Head: (2 32)
Body: (2 32) (2 31) (3 31) (4 31) (5 31) (5 30) (5 29) (5 28) (5 27) (5 26) 
Length: 10, 4
Vision: 3
Hungry, suplies: 5/10
Reproductive: 16, mutating: 0.25
Generation: 22292
####################################
Wall (up, right, down, left):
[9, -8, -26, -7] [3, -2, -9, -1] [-2, 1, 1, -9] [12, 5, 2, 5] [-2, 14, 17, -15] [-9, 4, 5, -14] [-28, -13, -8, -8]
[7, 5, 10, -12] [6, 13, 7, 4] [-4, 8, 1, -4] [-28, 13, 4, 13] [27, 6, 0, -4] [-12, -2, 9, 9] [-15, -9, 11, -1]
[-3, 6, 26, -3] [-4, 12, -2, 18] [-14, -7, 29, -11] [-51, 21, 35, 30] [-41, -25, -26, 11] [-4, -27, 5, 31] [-9, -8, -5, -5]
[-4, -1, -4, -31] [5, 11, 16, -15] [7, 23, 12, -90] [0, 0, 0, 0] [24, -78, 9, -3] [21, -3, -6, 12] [9, -13, 4, 3]
[-25, -11, -5, -15] [0, 19, -6, 7] [-2, 13, -22, -4] [11, 6, -53, 14] [-1, -6, -10, 36] [3, 13, -16, 18] [-12, -25, 11, -2]
[16, 20, -4, 7] [-7, -4, -3, -22] [9, 4, 11, 0] [-3, -6, -21, 8] [8, 6, -7, 11] [38, -2, 2, -6] [17, 11, 3, 15]
[-6, -16, -10, -20] [19, -11, -12, -12] [-14, -5, 8, -3] [-10, 21, -12, -9] [23, 16, 8, 0] [21, -10, -14, 6] [10, 7, -3, -3]
Food (up, right, down, left):
[34, 2, -4, 22] [-7, 10, -11, -12] [10, -6, -25, 0] [-11, 0, 31, 1] [-9, 11, 3, 21] [5, -19, 0, -6] [-22, 23, -8, -25]
[-36, -13, -8, -18] [-5, -11, -3, -3] [2, 14, -1, 27] [-18, 20, -23, 22] [7, -2, 6, -33] [20, -13, -23, 20] [3, -15, -8, 6]
[-17, 18, 6, -22] [-15, 3, 1, 11] [-32, -33, -13, 5] [34, -20, 10, -12] [-11, -14, 4, -18] [6, 3, -22, -21] [-3, 15, 10, 17]
[6, -2, 19, 29] [-28, -9, -28, 19] [-8, 10, -14, -22] [0, 0, 0, 0] [-38, 26, -15, 2] [-18, 7, -24, -1] [7, 11, 0, -11]
[11, 15, -1, 18] [2, 3, 12, 3] [8, -7, 28, 8] [-9, -15, 18, -13] [-4, -13, 17, -23] [-9, 28, 15, 14] [7, 9, -1, -40]
[10, -7, 4, -8] [18, -4, 25, 15] [1, 12, 5, 16] [-11, -15, 10, -32] [-15, -5, -7, -19] [-2, 16, -17, 13] [8, 34, -8, -1]
[-10, 0, -16, -13] [5, 3, 9, -19] [5, 14, 3, -5] [-5, -10, 29, -31] [29, 27, -4, 5] [5, 29, 12, 10] [14, -19, 17, -1]
------------------------------
ALIVE
Head: (19 20)
Body: (19 20) (19 19) (19 18) (19 17) (19 16) (20 16) (21 16) (21 17) 
Length: 8, 4
Vision: 3
Hungry, suplies: 4/10
Reproductive: 16, mutating: 0.25
Generation: 22291
####################################
Wall (up, right, down, left):
[9, -8, -26, -7] [3, -2, -9, -1] [-2, 1, 1, -9] [12, 5, 2, 5] [-2, 14, 17, -15] [-9, 4, 3, -14] [-28, -13, -8, -8]
[7, 5, 10, -12] [6, 13, 7, 4] [-4, 8, 1, -4] [-28, 13, 4, 13] [27, 6, 0, -4] [-12, -2, 9, 9] [-15, -9, 11, -1]
[-3, 6, 26, -3] [-4, 12, -2, 18] [-14, -7, 29, -11] [-51, 21, 35, 30] [-41, -25, -26, 11] [-4, -27, 5, 31] [-9, -8, -5, -5]
[-4, -1, -4, -31] [5, 11, 16, -15] [7, 23, 12, -90] [0, 0, 0, 0] [24, -78, 9, -3] [21, -3, -6, 12] [9, -13, 4, 3]
[-25, -11, -5, -15] [0, 19, -6, 7] [-2, 13, -22, -4] [11, 6, -53, 14] [-1, -6, -10, 36] [3, 13, -16, 18] [-12, -25, 11, -2]
[16, 20, -4, 7] [-7, -4, -3, -22] [9, 4, 11, 0] [-3, -6, -21, 8] [8, 6, -7, 11] [38, -2, 2, -6] [17, 11, 3, 15]
[-6, -16, -10, -20] [19, -11, -12, -12] [-14, -5, 8, -3] [-10, 21, -12, -9] [23, 16, 8, 0] [21, -10, -14, 6] [10, 7, -3, -3]
Food (up, right, down, left):
[34, 2, -4, 22] [-7, 10, -11, -12] [10, -6, -25, 0] [-11, 0, 31, 1] [-9, 11, 3, 21] [5, -17, 0, -6] [-22, 23, -8, -25]
[-36, -13, -8, -18] [-5, -11, -3, -3] [2, 14, -1, 27] [-18, 20, -23, 22] [7, -2, 6, -33] [20, -13, -23, 20] [3, -15, -8, 6]
[-17, 18, 6, -22] [-15, 3, 1, 11] [-32, -33, -13, 5] [34, -20, 10, -12] [-11, -14, 4, -18] [6, 3, -22, -21] [-3, 15, 10, 17]
[6, -2, 19, 29] [-28, -9, -28, 19] [-8, 10, -14, -22] [0, 0, 0, 0] [-38, 26, -15, 2] [-18, 7, -24, -1] [7, 11, 0, -11]
[11, 15, -1, 18] [2, 3, 12, 3] [8, -7, 28, 8] [-9, -15, 18, -13] [-4, -13, 17, -23] [-9, 28, 15, 14] [7, 9, -1, -40]
[10, -7, 4, -8] [18, -4, 25, 15] [1, 12, 5, 16] [-11, -15, 10, -32] [-15, -5, -7, -19] [-2, 16, -17, 13] [8, 34, -8, -1]
[-10, 0, -16, -13] [5, 3, 9, -19] [5, 14, 3, -5] [-5, -10, 29, -31] [29, 27, -4, 5] [5, 29, 12, 10] [14, -19, 17, -1]
------------------------------
ALIVE
Head: (4 5)
Body: (4 5) (5 5) (5 4) (6 4) (6 3) (6 2) (7 2) (7 1) (7 0) 
Length: 9, 4
Vision: 3
Hungry, suplies: 9/10
Reproductive: 16, mutating: 0.25
Generation: 22293
####################################
Wall (up, right, down, left):
[9, -8, -26, -7] [3, -2, -9, -1] [-2, 1, 1, -9] [12, 5, 2, 5] [-2, 14, 17, -15] [-9, 4, 3, -14] [-28, -13, -8, -8]
[7, 5, 10, -12] [6, 13, 7, 4] [-4, 8, 1, -4] [-28, 13, 4, 13] [27, 6, 0, -4] [-12, -2, 9, 9] [-15, -9, 11, -1]
[-3, 6, 26, -3] [-4, 12, -2, 18] [-14, -7, 29, -11] [-51, 21, 35, 30] [-41, -25, -26, 11] [-4, -27, 5, 31] [-9, -8, -5, -5]
[-4, -1, -4, -31] [5, 11, 16, -15] [7, 23, 12, -90] [0, 0, 0, 0] [24, -78, 9, -3] [21, -3, -6, 12] [9, -13, 4, 3]
[-25, -11, -5, -15] [0, 19, -6, 7] [-2, 13, -22, -4] [11, 6, -53, 14] [-1, -6, -10, 36] [3, 13, -16, 18] [-12, -25, 11, -2]
[16, 20, -4, 7] [-6, -4, -3, -22] [9, 4, 11, 0] [-3, -6, -21, 8] [8, 6, -7, 11] [38, -2, 2, -6] [17, 11, 3, 15]
[-6, -16, -10, -20] [19, -11, -12, -12] [-14, -5, 8, -3] [-10, 21, -12, -9] [23, 16, 8, 0] [21, -10, -14, 6] [10, 7, -3, -3]
Food (up, right, down, left):
[34, 2, -4, 22] [-7, 10, -11, -12] [10, -6, -25, 0] [-11, 0, 31, 1] [-9, 11, 3, 21] [5, -17, 0, -6] [-22, 23, -8, -25]
[-36, -13, -8, -18] [-5, -11, -3, -3] [2, 14, -1, 27] [-18, 20, -23, 22] [7, -2, 6, -33] [20, -13, -23, 20] [3, -15, -8, 6]
[-17, 18, 6, -22] [-15, 3, 1, 11] [-32, -33, -13, 5] [34, -20, 10, -12] [-11, -14, 4, -18] [6, 3, -22, -21] [-3, 15, 10, 17]
[6, -2, 19, 29] [-28, -9, -28, 19] [-8, 10, -14, -22] [0, 0, 0, 0] [-38, 26, -15, 2] [-18, 7, -24, -1] [7, 11, 0, -11]
[11, 15, -1, 18] [2, 3, 12, 3] [8, -7, 28, 8] [-9, -15, 18, -13] [-4, -13, 17, -23] [-9, 28, 15, 14] [7, 9, -1, -40]
[10, -7, 4, -8] [15, -4, 25, 15] [1, 12, 5, 16] [-11, -15, 10, -32] [-15, -5, -7, -19] [-2, 16, -17, 13] [8, 34, -8, -1]
[-10, 0, -16, -13] [5, 3, 9, -19] [5, 14, 3, -5] [-5, -10, 29, -31] [29, 27, -4, 5] [5, 29, 12, 10] [14, -19, 17, -1]
------------------------------
ALIVE
Head: (23 52)
Body: (23 52) (-1 52) (0 52) (1 52) (1 53) (1 54) (2 54) (3 54) 
Length: 8, 4
Vision: 3
Hungry, suplies: 8/10
Reproductive: 16, mutating: 0.25
Generation: 22294
####################################
Wall (up, right, down, left):
[9, -8, -26, -7] [3, -2, -9, -1] [-2, 0, 1, -9] [12, 5, 2, 5] [-2, 14, 17, -15] [-9, 4, 3, -14] [-28, -13, -8, -8]
[7, 5, 10, -12] [6, 13, 7, 4] [-4, 8, 1, -4] [-28, 13, 4, 13] [27, 6, 0, -4] [-12, -2, 9, 9] [-15, -9, 11, -1]
[-3, 6, 26, -3] [-4, 12, -2, 18] [-14, -7, 29, -11] [-51, 21, 35, 30] [-41, -25, -26, 7] [-4, -27, 5, 31] [-9, -8, -5, -5]
[-4, -1, -5, -31] [5, 11, 20, -15] [7, 23, 12, -90] [0, 0, 0, 0] [24, -78, 9, -3] [19, -3, -6, 12] [9, -13, 4, 3]
[-25, -11, -5, -15] [0, 19, -2, 7] [-2, 13, -22, -4] [11, 6, -53, 14] [-1, -6, -10, 36] [3, 13, -16, 18] [-12, -20, 11, -2]
[16, 20, -4, 7] [-7, -4, -3, -22] [9, 4, 11, 0] [-3, -6, -21, 8] [8, 6, -7, 11] [38, -2, 2, -6] [17, 11, 3, 15]
[-6, -15, -10, -20] [19, -11, -12, -12] [-14, -5, 8, -3] [-10, 21, -12, -9] [23, 16, 8, 0] [22, -10, -14, 6] [10, 7, -3, -3]
Food (up, right, down, left):
[34, 2, -4, 22] [-7, 10, -11, -12] [10, -2, -25, 0] [-11, 0, 31, 1] [-9, 11, 3, 21] [5, -17, 0, -6] [-22, 23, -8, -25]
[-36, -13, -8, -18] [-5, -11, -3, -3] [2, 14, -1, 27] [-18, 20, -23, 22] [7, -2, 6, -33] [20, -13, -23, 20] [3, -15, -8, 6]
[-17, 18, 6, -22] [-15, 3, 1, 11] [-32, -33, -13, 5] [34, -20, 10, -12] [-13, -14, 4, -18] [6, 3, -22, -21] [-3, 15, 10, 17]
[6, 3, 19, 29] [-28, -9, -31, 19] [-8, 10, -14, -22] [0, 0, 0, 0] [-38, 26, -15, 2] [-17, 7, -24, -1] [7, 11, 0, -11]
[11, 15, -1, 18] [2, 3, 12, 3] [8, -7, 28, 8] [-9, -15, 18, -13] [-4, -13, 17, -23] [-9, 28, 15, 14] [7, 9, 3, -40]
[10, -7, 4, -8] [18, -4, 25, 15] [1, 12, 5, 16] [-11, -15, 10, -32] [-15, -5, -7, -19] [-2, 16, -17, 13] [8, 34, -8, -1]
[-10, 0, -16, -15] [5, 3, 9, -19] [5, 14, 3, -5] [-5, -10, 29, -31] [29, 27, -4, 5] [4, 29, 12, 10] [14, -19, 17, -1]
------------------------------
ALIVE
Head: (14 52)
Body: (14 52) (14 51) (14 50) (15 50) (16 50) (16 51) (17 51) (18 51) 
Length: 8, 4
Vision: 3
Hungry, suplies: 7/10
Reproductive: 16, mutating: 0.25
Generation: 22297
####################################
Wall (up, right, down, left):
[9, -8, -26, -7] [3, -2, -9, -1] [-2, 0, 1, -9] [12, 5, 2, 5] [-2, 14, 17, -15] [-9, 4, 3, -14] [-28, -13, -8, -8]
[7, 5, 10, -12] [6, 13, 7, 4] [-4, 8, 1, -4] [-28, 13, 4, 13] [27, 6, 0, -4] [-12, -2, 9, 9] [-15, -9, 11, -1]
[-3, 6, 26, -3] [-4, 12, -2, 18] [-14, -7, 29, -11] [-51, 21, 35, 30] [-41, -25, -26, 11] [-4, -27, 5, 31] [-9, -8, -5, -5]
[-4, -1, -4, -31] [5, 11, 20, -15] [7, 23, 12, -90] [0, 0, 0, 0] [24, -78, 9, -3] [19, -3, -6, 12] [9, -13, 4, 3]
[-25, -11, -5, -15] [0, 19, -2, 7] [-2, 13, -22, -4] [11, 6, -53, 14] [-1, -6, -10, 36] [3, 13, -16, 18] [-12, -20, 11, -2]
[16, 20, -4, 7] [-7, -4, -3, -22] [9, 4, 11, 0] [-3, -6, -21, 8] [8, 6, -7, 11] [38, -2, 2, -6] [17, 11, 3, 15]
[-6, -15, -10, -20] [19, -11, -12, -12] [-14, -5, 8, -3] [-10, 21, -12, -9] [23, 16, 8, 0] [22, -10, -14, 6] [10, 7, -3, -3]
Food (up, right, down, left):
[34, 2, -4, 22] [-7, 10, -11, -12] [10, -2, -25, 0] [-11, 0, 31, 1] [-9, 11, 3, 21] [5, -17, 0, -6] [-22, 23, -8, -25]
[-36, -13, -8, -18] [-5, -11, -3, -3] [2, 14, -1, 27] [-18, 20, -23, 22] [7, -2, 6, -33] [20, -13, -23, 20] [3, -15, -8, 6]
[-17, 18, 6, -22] [-15, 3, 1, 11] [-32, -33, -13, 5] [34, -20, 10, -12] [-11, -14, 4, -18] [6, 3, -22, -21] [-3, 15, 10, 17]
[6, -2, 19, 29] [-28, -9, -31, 19] [-8, 10, -14, -22] [0, 0, 0, 0] [-38, 26, -15, 2] [-17, 7, -24, -1] [7, 11, 0, -11]
[11, 15, -1, 18] [2, 3, 12, 3] [8, -7, 28, 8] [-9, -15, 18, -13] [-4, -13, 17, -23] [-9, 28, 15, 14] [7, 9, 3, -40]
[10, -7, 4, -8] [18, -4, 25, 15] [1, 12, 5, 16] [-11, -15, 10, -32] [-15, -5, -7, -19] [-2, 16, -17, 13] [8, 34, -8, -1]
[-10, 0, -16, -15] [5, 3, 9, -19] [5, 14, 3, -5] [-5, -10, 29, -31] [29, 27, -4, 5] [4, 29, 12, 10] [14, -19, 17, -1]
------------------------------
ALIVE
Head: (13 50)
Body: (13 50) (13 49) (13 48) (12 48) (11 48) (11 49) (11 50) (11 51) (11 52) 
Length: 9, 4
Vision: 3
Hungry, suplies: 9/10
Reproductive: 16, mutating: 0.25
Generation: 22297
####################################
Wall (up, right, down, left):
[9, -8, -26, -7] [3, -2, -9, -1] [-2, 0, 1, -9] [12, 5, 2, 5] [-2, 14, 17, -15] [-9, 4, 3, -14] [-28, -13, -8, -8]
[7, 5, 10, -12] [6, 13, 7, 4] [-4, 8, 1, -4] [-28, 13, 4, 13] [27, 6, 0, -4] [-12, -2, 9, 9] [-15, -9, 11, -1]
[-3, 6, 26, -3] [-4, 12, -2, 18] [-14, -7, 29, -11] [-51, 20, 35, 30] [-41, -25, -26, 11] [-4, -27, 5, 31] [-9, -8, -5, -5]
[-4, -1, -4, -31] [5, 11, 20, -15] [7, 23, 12, -90] [0, 0, 0, 0] [24, -76, 9, -3] [19, -3, -6, 12] [9, -13, 4, 3]
[-25, -11, -5, -15] [0, 19, -2, 7] [-2, 13, -22, -4] [11, 6, -53, 14] [-1, -6, -10, 36] [3, 13, -16, 18] [-12, -20, 11, -2]
[16, 20, -4, 7] [-7, -4, -3, -22] [9, 4, 11, 0] [-3, -6, -21, 8] [8, 6, -7, 11] [38, -2, 2, -6] [17, 11, 3, 15]
[-6, -15, -10, -20] [19, -11, -12, -12] [-14, -5, 8, -3] [-10, 21, -12, -9] [23, 16, 8, 0] [22, -10, -14, 6] [10, 7, -3, -3]
Food (up, right, down, left):
[34, 2, -4, 22] [-7, 10, -11, -12] [10, -2, -25, 0] [-11, 0, 31, 1] [-9, 11, 3, 21] [5, -17, 0, -6] [-22, 23, -8, -25]
[-36, -13, -8, -18] [-5, -11, -3, -3] [2, 14, -1, 27] [-18, 20, -23, 22] [7, -2, 6, -33] [20, -13, -23, 20] [3, -15, -8, 6]
[-17, 18, 6, -22] [-15, 3, 1, 11] [-32, -33, -13, 5] [37, -20, 10, -12] [-11, -14, 4, -18] [6, 3, -22, -21] [-3, 15, 10, 17]
[6, -2, 19, 29] [-28, -9, -31, 19] [-8, 10, -14, -22] [0, 0, 0, 0] [-38, 26, -11, 2] [-17, 7, -24, -1] [7, 11, 0, -11]
[11, 15, -1, 18] [2, 3, 12, 3] [8, -7, 28, 8] [-9, -15, 18, -13] [-4, -13, 17, -23] [-9, 28, 15, 14] [7, 9, 3, -40]
[10, -7, 4, -8] [18, -4, 25, 15] [1, 12, 5, 16] [-11, -15, 10, -32] [-15, -5, -7, -19] [-2, 16, -17, 13] [8, 34, -8, -1]
[-10, 0, -16, -15] [5, 3, 9, -19] [5, 14, 3, -5] [-5, -10, 29, -31] [29, 27, -4, 5] [4, 29, 12, 10] [14, -19, 17, -1]
------------------------------
ALIVE
Head: (16 10)
Body: (16 10) (17 10) (18 10) (19 10) (19 11) (19 12) (20 12) (21 12) 
Length: 8, 4
Vision: 3
Hungry, suplies: 8/10
Reproductive: 16, mutating: 0.25
Generation: 22300
####################################
Wall (up, right, down, left):
[9, -8, -26, -7] [3, -2, -9, -1] [-2, 0, 1, -9] [12, 5, 2, 5] [-2, 14, 17, -15] [-9, 4, 3, -14] [-28, -13, -8, -8]
[7, 5, 10, -12] [6, 13, 7, 4] [-4, 8, 1, -4] [-28, 13, 4, 13] [27, 6, 0, -4] [-12, -2, 9, 9] [-15, -9, 11, -1]
[-3, 6, 26, -3] [-4, 12, -2, 18] [-14, -7, 29, -11] [-51, 21, 35, 30] [-41, -25, -26, 11] [-4, -27, 5, 31] [-9, -8, -5, -5]
[-4, -1, -4, -31] [5, 11, 20, -15] [7, 23, 12, -90] [0, 0, 0, 0] [24, -78, 9, -3] [19, -3, -6, 12] [9, -13, 4, 3]
[-25, -11, -5, -15] [0, 19, -2, 7] [-2, 13, -22, -4] [11, 6, -53, 14] [-1, -6, -10, 36] [3, 13, -16, 18] [-12, -20, 11, -2]
[16, 20, -4, 7] [-7, -4, -3, -22] [9, 4, 11, 0] [-3, -6, -21, 8] [8, 6, -7, 11] [38, -2, 2, -6] [17, 11, 3, 15]
[-6, -15, -10, -20] [19, -11, -12, -12] [-14, -5, 8, -3] [-10, 21, -12, -9] [23, 16, 8, 0] [22, -10, -14, 6] [10, 7, -3, -3]
Food (up, right, down, left):
[34, 2, -4, 22] [-7, 10, -11, -12] [10, -2, -25, 0] [-11, 0, 31, 1] [-9, 11, 3, 21] [5, -17, 0, -6] [-22, 23, -8, -25]
[-36, -13, -8, -18] [-5, -11, -3, -3] [2, 14, -1, 27] [-18, 20, -23, 22] [7, -2, 6, -33] [20, -13, -23, 20] [3, -15, -8, 6]
[-17, 18, 6, -22] [-15, 3, 1, 11] [-32, -33, -13, 5] [34, -20, 10, -12] [-11, -14, 4, -18] [6, 3, -22, -21] [-3, 15, 10, 17]
[6, -2, 19, 29] [-28, -9, -31, 19] [-8, 10, -14, -22] [0, 0, 0, 0] [-38, 26, -15, 2] [-17, 7, -24, -1] [7, 11, 0, -11]
[11, 15, -1, 18] [2, 3, 12, 3] [8, -7, 28, 8] [-9, -15, 18, -13] [-4, -13, 17, -23] [-9, 28, 15, 14] [7, 9, 3, -40]
[10, -7, 4, -8] [18, -4, 25, 15] [1, 12, 5, 16] [-11, -15, 10, -32] [-15, -5, -7, -19] [-2, 16, -17, 13] [8, 34, -8, -1]
[-10, 0, -16, -15] [5, 3, 9, -19] [5, 14, 3, -5] [-5, -10, 29, -31] [29, 27, -4, 5] [4, 29, 12, 10] [14, -19, 17, -1]
------------------------------
ALIVE
Head: (20 31)
Body: (20 31) (20 32) (20 33) (20 34) (21 34) (22 34) (23 34) (23 35) 
Length: 8, 4
Vision: 3
Hungry, suplies: 9/10
Reproductive: 16, mutating: 0.25
Generation: 22297
####################################
Wall (up, right, down, left):
[9, -8, -26, -7] [3, -2, -9, -1] [-2, 0, 1, -9] [12, 5, 2, 5] [-2, 14, 17, -15] [-9, 4, 3, -14] [-28, -13, -8, -8]
[7, 5, 10, -12] [6, 13, 7, 4] [-4, 8, 1, -4] [-28, 13, 4, 13] [27, 6, 0, -4] [-12, -2, 9, 9] [-15, -9, 11, -1]
[-3, 6, 26, -3] [-4, 12, -2, 18] [-14, -7, 29, -11] [-51, 21, 35, 30] [-41, -25, -26, 11] [-4, -27, 5, 31] [-9, -8, -5, -5]
[-4, -1, -4, -31] [5, 11, 20, -15] [7, 23, 12, -90] [0, 0, 0, 0] [24, -78, 9, -3] [19, -3, -6, 12] [9, -13, 4, 3]
[-25, -11, -5, -15] [0, 19, -2, 7] [-2, 13, -22, -4] [11, 6, -53, 14] [-1, -6, -10, 36] [3, 13, -16, 18] [-12, -20, 11, -2]
[16, 20, -4, 7] [-7, -4, -3, -22] [9, 4, 11, 0] [-3, -6, -21, 8] [8, 6, -7, 11] [38, -2, 2, -6] [17, 11, 3, 15]
[-6, -15, -10, -20] [19, -11, -12, -12] [-14, -5, 8, -3] [-10, 21, -12, -9] [23, 16, 8, 0] [22, -10, -14, 6] [10, 7, -3, -3]
Food (up, right, down, left):
[34, 2, -4, 22] [-7, 10, -11, -12] [10, -2, -25, 0] [-11, 0, 31, 1] [-9, 11, 3, 21] [5, -17, 0, -6] [-22, 23, -8, -25]
[-36, -13, -8, -18] [-5, -11, -3, -3] [2, 14, -1, 27] [-18, 20, -23, 22] [7, -2, 6, -33] [20, -13, -23, 20] [3, -15, -8, 6]
[-17, 18, 6, -22] [-15, 3, 1, 11] [-32, -33, -13, 5] [34, -20, 10, -12] [-11, -14, 4, -18] [6, 3, -22, -21] [-3, 15, 10, 17]
[6, -2, 19, 29] [-28, -9, -31, 19] [-8, 10, -14, -22] [0, 0, 0, 0] [-38, 26, -15, 2] [-17, 7, -24, -1] [7, 11, 0, -11]
[11, 15, -1, 18] [2, 3, 12, 3] [8, -7, 28, 8] [-9, -15, 18, -13] [-4, -13, 17, -23] [-9, 28, 15, 14] [7, 9, 3, -40]
[10, -7, 4, -8] [18, -4, 25, 15] [1, 12, 5, 16] [-11, -15, 10, -32] [-15, -5, -7, -19] [-2, 16, -17, 13] [8, 34, -8, -1]
[-10, 0, -16, -15] [5, 3, 9, -19] [5, 14, 3, -5] [-5, -10, 29, -31] [29, 27, -4, 5] [4, 29, 12, 10] [14, -19, 17, -1]
------------------------------
ALIVE
Head: (12 34)
Body: (12 34) (13 34) (13 33) (12 33) (11 33) (10 33) (10 32) (10 31) 
Length: 8, 4
Vision: 3
Hungry, suplies: 10/10
Reproductive: 16, mutating: 0.25
Generation: 22297
####################################
