Wall (up, right, down, left):
[9, -5, -18, 5] [5, -16, -18, -6] [-13, 4, 1, -9] [10, 8, 20, 8] [-17, 5, 31, -23] [-1, 3, 9, -19] [-30, -11, -15, -17]
[-1, 4, 14, -7] [15, 21, 7, 0] [-11, 11, -1, -7] [-22, 13, 6, 4] [23, 7, -6, -1] [-12, -13, 4, 6] [-18, -4, 20, -14]
[-5, 1, 43, -5] [-6, 11, -10, 12] [-13, -4, 21, -5] [-69, 17, 34, 28] [-39, -30, -31, 12] [-7, -24, 10, 22] [-21, -7, -11, -17]
[5, 10, 2, -50] [11, 2, 11, -34] [0, 15, -1, -90] [0, 0, 0, 0] [31, -85, 20, 11] [15, -7, 2, 17] [3, 10, 12, 0]
[-15, -15, -11, -7] [13, 12, -8, 5] [2, 10, -14, -5] [39, 14, -72, 24] [-1, -15, -19, 37] [2, 12, -12, 4] [-19, -36, 7, 16]
[9, 13, 2, 7] [14, 4, -6, -19] [7, -8, 11, 0] [-13, 0, -21, 1] [2, 10, -10, 10] [23, 4, -19, 2] [28, 5, 6, 13]
[4, -9, -12, -10] [1, 1, -8, -3] [3, 4, 15, -5] [-12, 20, -22, -11] [29, 9, -12, 8] [22, -6, -27, 11] [-5, -1, 3, 1]
Food (up, right, down, left):
[30, 14, -7, 10] [-9, 6, -8, -31] [23, -15, -9, 14] [-8, -4, 16, 24] [-4, 14, -1, -1] [-2, -6, 10, -12] [-25, 19, -3, -7]
[-60, -5, -17, -26] [-2, -10, -14, -14] [-11, 18, 3, 17] [-4, 14, -25, 28] [11, 7, 5, -39] [31, -10, -18, 8] [11, -2, 13, 16]
[-18, 18, 4, -26] [-7, -9, -5, 29] [-33, -21, -23, 12] [32, -16, 18, -1] [-13, -7, -6, -4] [-5, 3, -39, -35] [14, 26, -3, 25]
[11, -1, 11, 29] [-15, -8, -34, 26] [-4, 0, -25, -11] [0, 0, 0, 0] [-22, 53, -23, 1] [-26, -4, -16, -6] [-7, 16, -8, 7]
[-15, 19, -6, 19] [8, -1, 16, 19] [22, -14, 29, -8] [-21, -16, 17, -8] [-1, -5, 18, -34] [-6, 48, 17, 23] [16, 2, -4, -44]
[19, -12, -1, -6] [-3, 14, 24, 15] [5, 14, 8, 14] [-4, -18, 11, -19] [-24, -25, -8, -28] [-14, 22, -8, 21] [12, 50, -8, 18]
[-5, 8, -23, -5] [8, -2, 11, -25] [10, 15, 1, -11] [4, 17, 38, -36] [28, 33, -6, -4] [9, 30, 5, -10] [24, -31, 14, -19]
------------------------------
ALIVE
Head: (4 4)
Body: (4 4) (5 4) (5 3) (5 2) (6 2) (6 1) (6 0) (5 0) 
Length: 8, 4
Vision: 3
Hungry, suplies: 5/10
Reproductive: 16, mutating: 0.25
Generation: 29849
####################################
Wall (up, right, down, left):
[9, -5, -18, 5] [5, -16, -18, -6] [-13, 4, 1, -9] [10, 8, 20, 12] [-17, 5, 31, -23] [-1, 3, 9, -19] [-30, -11, -15, -17]
[-1, 4, 14, -7] [15, 21, 7, 0] [-11, 11, -1, -7] [-22, 13, 6, 4] [23, 7, -6, -1] [-12, -13, 4, 6] [-18, -4, 20, -14]
[-5, -1, 43, -5] [-6, 11, -10, 12] [-13, -4, 21, -5] [-69, 17, 34, 28] [-39, -30, -31, 12] [-7, -24, 10, 22] [-21, -7, -11, -17]
[5, 10, 2, -50] [11, 2, 11, -34] [0, 15, -1, -90] [0, 0, 0, 0] [31, -85, 20, 11] [15, -7, 2, 17] [3, 10, 12, 0]
[-15, -15, -11, -7] [13, 12, -8, 5] [2, 10, -14, -5] [39, 14, -72, 24] [-1, -15, -19, 37] [2, 12, -12, 4] [-19, -36, 7, 16]
[9, 13, 2, 7] [14, 4, -6, -19] [7, -8, 11, 0] [-13, 0, -21, 1] [2, 10, -10, 10] [23, 2, -19, 2] [28, 5, 6, 13]
[4, -9, -12, -10] [1, 1, -8, -3] [3, 4, 15, -5] [-12, 20, -22, -11] [29, 9, -12, 8] [22, -6, -27, 11] [-5, -1, 3, 1]
Food (up, right, down, left):
[30, 14, -7, 10] [-9, 6, -8, -31] [23, -15, -9, 14] [-11, -4, 16, 24] [-3, 14, -1, -1] [-2, -6, 10, -12] [-25, 19, -3, -7]
[-60, -5, -17, -26] [-2, -10, -14, -14] [-11, 18, 3, 17] [-4, 14, -25, 28] [11, 7, 5, -39] [31, -10, -18, 8] [11, -2, 13, 16]
[-18, 18, 2, -26] [-7, -9, -5, 29] [-33, -21, -23, 12] [32, -16, 18, -1] [-13, -7, -6, -4] [-5, 3, -39, -35] [14, 26, -3, 25]
[11, -1, 11, 29] [-15, -8, -34, 26] [-4, 0, -25, -11] [0, 0, 0, 0] [-22, 53, -23, 1] [-26, -4, -16, -6] [-7, 16, -8, 7]
[-15, 19, -6, 19] [8, -1, 16, 19] [22, -14, 29, -8] [-21, -16, 17, -8] [-1, -5, 18, -34] [-6, 48, 17, 23] [16, 2, -4, -44]
[19, -12, -1, -6] [-3, 14, 24, 15] [5, 14, 8, 14] [-4, -18, 11, -19] [-24, -25, -8, -28] [-9, 22, -8, 21] [12, 50, -8, 18]
[-5, 8, -23, -5] [8, -2, 11, -25] [10, 15, 1, -11] [4, 17, 38, -36] [28, 33, -6, -4] [9, 30, 5, -10] [24, -31, 14, -19]
------------------------------
ALIVE
Head: (18 27)
Body: (18 27) (19 27) (19 26) (19 25) (19 24) (19 23) (19 22) (18 22) (18 21) (19 21) (20 21) (21 21) (21 20) (21 19) (20 19) 
Length: 15, 4
Vision: 3
Hungry, suplies: 5/10
Reproductive: 16, mutating: 0.25
Generation: 29845
####################################
Wall (up, right, down, left):
[9, -5, -18, 5] [5, -16, -18, -6] [-13, 4, 1, -9] [10, 8, 20, 8] [-17, 5, 31, -23] [-1, 3, 9, -19] [-30, -11, -15, -17]
[-1, 4, 14, -7] [15, 21, 7, 0] [-11, 11, -1, -7] [-22, 13, 6, 4] [23, 7, -6, -1] [-12, -13, 4, 6] [-18, -4, 20, -14]
[-5, 1, 43, -5] [-6, 11, -10, 12] [-13, -4, 21, -5] [-69, 17, 34, 28] [-39, -30, -31, 12] [-7, -24, 10, 22] [-21, -7, -11, -17]
[5, 10, 2, -50] [11, 2, 11, -34] [0, 15, -1, -90] [0, 0, 0, 0] [31, -85, 20, 11] [15, -7, 2, 17] [3, 10, 12, 0]
[-15, -15, -11, -7] [13, 12, -8, 5] [2, 10, -14, -5] [39, 14, -72, 24] [-1, -15, -19, 37] [2, 12, -12, 4] [-19, -36, 7, 16]
[9, 13, 2, 7] [14, 4, -6, -19] [7, -8, 11, 0] [-13, 0, -21, 1] [2, 10, -10, 10] [23, 2, -19, 2] [28, 5, 6, 13]
[4, -9, -12, -10] [1, 1, -8, -3] [3, 4, 15, -5] [-12, 20, -22, -11] [29, 9, -12, 8] [22, -6, -27, 11] [-5, -1, 3, 1]
Food (up, right, down, left):
[30, 14, -7, 10] [-9, 6, -8, -31] [23, -15, -9, 14] [-8, -4, 16, 24] [-3, 14, -1, -1] [-2, -6, 10, -12] [-25, 19, -3, -7]
[-60, -5, -17, -26] [-2, -10, -14, -14] [-11, 18, 3, 17] [-4, 14, -25, 28] [11, 7, 5, -39] [31, -10, -18, 8] [11, -2, 13, 16]
[-18, 18, 4, -26] [-7, -9, -5, 29] [-33, -21, -23, 12] [32, -16, 18, -1] [-13, -7, -6, -4] [-5, 3, -39, -35] [14, 26, -3, 25]
[11, -1, 11, 29] [-15, -8, -34, 26] [-4, 0, -25, -11] [0, 0, 0, 0] [-22, 53, -23, 1] [-26, -4, -16, -6] [-7, 16, -8, 7]
[-15, 19, -6, 19] [8, -1, 16, 19] [22, -14, 29, -8] [-21, -16, 17, -8] [-1, -5, 18, -34] [-6, 48, 17, 23] [16, 2, -4, -44]
[19, -12, -1, -6] [-3, 14, 24, 15] [5, 14, 8, 14] [-4, -18, 11, -19] [-24, -25, -8, -28] [-9, 22, -8, 21] [12, 50, -8, 18]
[-5, 8, -23, -5] [8, -2, 11, -25] [10, 15, 1, -11] [4, 17, 38, -36] [28, 33, -6, -4] [9, 30, 5, -10] [24, -31, 14, -19]
------------------------------
ALIVE
Head: (2 55)
Body: (2 55) (3 55) (4 55) (4 54) (3 54) (2 54) (2 53) (2 52) 
Length: 8, 4
Vision: 3
Hungry, suplies: 8/10
Reproductive: 16, mutating: 0.25
Generation: 29850
####################################
Wall (up, right, down, left):
[9, -5, -18, 5] [5, -16, -18, -6] [-13, 4, 1, -9] [9, 8, 20, 12] [-17, 5, 31, -23] [-1, 3, 9, -19] [-30, -11, -15, -17]
[-1, 4, 14, -7] [15, 21, 7, 0] [-11, 11, -1, -7] [-22, 13, 6, 4] [23, 3, -6, -1] [-12, -13, 4, 6] [-18, -4, 20, -14]
[-5, -1, 43, -5] [-6, 11, -10, 12] [-13, -4, 21, -5] [-69, 17, 34, 28] [-39, -30, -31, 12] [-7, -24, 10, 22] [-21, -7, -11, -17]
[5, 10, 2, -50] [11, 2, 11, -34] [0, 15, -1, -90] [0, 0, 0, 0] [31, -85, 20, 11] [15, -7, 2, 17] [3, 10, 12, 0]
[-15, -15, -11, -7] [13, 12, -8, 5] [2, 10, -14, -5] [39, 14, -72, 24] [-1, -15, -19, 37] [2, 12, -12, 4] [-19, -36, 7, 16]
[9, 13, 2, 7] [14, 4, -6, -19] [7, -8, 11, 0] [-13, 0, -21, 1] [2, 10, -10, 10] [23, 2, -19, 2] [28, 5, 6, 13]
[4, -9, -12, -10] [1, 1, -8, -3] [3, 4, 15, -5] [-12, 20, -22, -11] [29, 9, -12, 8] [22, -6, -27, 11] [-5, -1, 3, 1]
Food (up, right, down, left):
[30, 14, -7, 10] [-9, 6, -8, -31] [23, -15, -9, 14] [-11, -4, 18, 24] [-3, 14, -1, -1] [-2, -6, 10, -12] [-25, 19, -3, -7]
[-60, -5, -17, -26] [-2, -10, -14, -14] [-11, 18, 3, 17] [-4, 14, -25, 28] [15, 7, 5, -39] [31, -10, -18, 8] [11, -2, 13, 16]
[-18, 18, 2, -26] [-7, -9, -5, 29] [-33, -21, -23, 12] [32, -16, 18, -1] [-13, -7, -6, -4] [-5, 3, -39, -35] [14, 26, -3, 25]
[11, -1, 11, 29] [-15, -8, -34, 26] [-4, 0, -25, -11] [0, 0, 0, 0] [-22, 53, -23, 1] [-26, -4, -16, -6] [-7, 16, -8, 7]
[-15, 19, -6, 19] [8, -1, 16, 19] [22, -14, 29, -8] [-21, -16, 17, -8] [-1, -5, 18, -34] [-6, 48, 17, 23] [16, 2, -4, -44]
[19, -12, -1, -6] [-3, 14, 24, 15] [5, 14, 8, 14] [-4, -18, 11, -19] [-24, -25, -8, -28] [-9, 22, -8, 21] [12, 50, -8, 18]
[-5, 8, -23, -5] [8, -2, 11, -25] [10, 15, 1, -11] [4, 17, 38, -36] [28, 33, -6, -4] [9, 30, 5, -10] [24, -31, 14, -19]
------------------------------
ALIVE
Head: (20 10)
Body: (20 10) (21 10) (22 10) (22 9) (23 9) (24 9) 
Length: 6, 4
Vision: 3
Hungry, suplies: 8/10
Reproductive: 16, mutating: 0.25
Generation: 29848
####################################
Wall (up, right, down, left):
[9, -5, -18, 5] [5, -16, -18, -6] [-13, 4, 1, -9] [10, 8, 20, 8] [-17, 5, 31, -23] [-1, 3, 9, -19] [-30, -11, -15, -17]
[-1, 4, 14, -7] [15, 21, 7, 0] [-11, 11, -1, -7] [-22, 13, 6, 4] [23, 7, -6, -1] [-12, -13, 4, 6] [-18, -4, 20, -14]
[-5, 1, 43, -5] [-6, 11, -10, 12] [-13, -4, 21, -5] [-69, 17, 34, 28] [-39, -30, -31, 12] [-7, -24, 10, 22] [-21, -7, -11, -17]
[5, 10, 2, -50] [11, 2, 11, -34] [0, 15, -1, -90] [0, 0, 0, 0] [31, -85, 20, 11] [15, -7, 2, 17] [3, 10, 12, 0]
[-15, -15, -11, -7] [13, 12, -8, 5] [2, 10, -14, -5] [39, 14, -72, 24] [-1, -15, -19, 37] [2, 12, -12, 4] [-19, -36, 7, 16]
[9, 13, 2, 7] [14, 4, -6, -19] [7, -8, 11, 0] [-13, 0, -21, 1] [2, 10, -10, 10] [23, 2, -19, 2] [28, 5, 6, 13]
[4, -9, -12, -10] [1, 1, -8, -3] [3, 4, 15, -5] [-12, 20, -22, -11] [29, 9, -12, 8] [22, -6, -27, 11] [-5, -1, 3, 1]
Food (up, right, down, left):
[30, 14, -7, 10] [-9, 6, -8, -31] [23, -15, -9, 14] [-8, -4, 16, 24] [-3, 14, -1, -1] [-2, -6, 10, -12] [-25, 19, -3, -7]
[-60, -5, -17, -26] [-2, -10, -14, -14] [-11, 18, 3, 17] [-4, 14, -25, 28] [11, 7, 5, -39] [31, -10, -18, 8] [11, -2, 13, 16]
[-18, 18, 4, -26] [-7, -9, -5, 29] [-33, -21, -23, 12] [32, -16, 18, -1] [-13, -7, -6, -4] [-5, 3, -39, -35] [14, 26, -3, 25]
[11, -1, 11, 29] [-15, -8, -34, 26] [-4, 0, -25, -11] [0, 0, 0, 0] [-22, 53, -23, 1] [-26, -4, -16, -6] [-7, 16, -8, 7]
[-15, 19, -6, 19] [8, -1, 16, 19] [22, -14, 29, -8] [-21, -16, 17, -8] [-1, -5, 18, -34] [-6, 48, 17, 23] [16, 2, -4, -44]
[19, -12, -1, -6] [-3, 14, 24, 15] [5, 14, 8, 14] [-4, -18, 11, -19] [-24, -25, -8, -28] [-9, 22, -8, 21] [12, 50, -8, 18]
[-5, 8, -23, -5] [8, -2, 11, -25] [10, 15, 1, -11] [4, 17, 38, -36] [28, 33, -6, -4] [9, 30, 5, -10] [24, -31, 14, -19]
------------------------------
ALIVE
Head: (6 54)
Body: (6 54) (5 54) (5 53) (5 52) (5 51) (5 50) (5 49) (5 48) (6 48) (6 47) (5 47) (5 46) (5 45) (5 44) (4 44) 
Length: 15, 4
Vision: 3
Hungry, suplies: 3/10
Reproductive: 16, mutating: 0.25
Generation: 29851
####################################
Wall (up, right, down, left):
[9, -5, -18, 5] [5, -16, -18, -6] [-13, 4, 1, -9] [10, 8, 20, 8] [-17, 5, 31, -23] [-1, 3, 9, -19] [-30, -11, -15, -17]
[-1, 4, 14, -7] [15, 21, 7, 0] [-11, 11, -1, -7] [-22, 13, 6, 4] [23, 7, -6, -1] [-12, -13, 4, 6] [-18, -4, 20, -14]
[-5, 1, 43, -5] [-6, 11, -10, 12] [-13, -4, 21, -5] [-69, 17, 34, 28] [-39, -30, -31, 12] [-7, -24, 10, 22] [-21, -7, -11, -17]
[5, 10, 2, -50] [11, 2, 11, -34] [0, 15, -1, -90] [0, 0, 0, 0] [31, -85, 20, 11] [15, -7, 2, 17] [3, 10, 15, 0]
[-15, -15, -11, -7] [13, 12, -8, 5] [2, 10, -14, -5] [39, 14, -72, 24] [-1, -15, -19, 37] [2, 12, -12, 4] [-19, -36, 7, 16]
[9, 13, 2, 7] [14, 4, -6, -19] [7, -8, 11, 0] [-13, 0, -21, 1] [2, 10, -10, 10] [23, 2, -19, 2] [28, 5, 6, 13]
[4, -9, -12, -10] [1, 1, -8, -3] [3, 4, 15, -5] [-12, 20, -22, -11] [29, 9, -12, 8] [22, -6, -27, 11] [-5, -1, 3, 1]
Food (up, right, down, left):
[30, 14, -7, 10] [-9, 6, -8, -31] [23, -15, -9, 14] [-8, -4, 16, 24] [-3, 14, -1, -1] [-2, -6, 10, -12] [-25, 19, -3, -7]
[-60, -5, -17, -26] [-2, -10, -14, -14] [-11, 18, 3, 17] [-4, 14, -25, 28] [11, 7, 5, -39] [31, -10, -18, 8] [11, -2, 13, 16]
[-18, 18, 4, -26] [-7, -9, -5, 29] [-33, -21, -23, 12] [32, -16, 18, -1] [-13, -7, -6, -4] [-5, 3, -39, -35] [14, 26, -3, 25]
[11, -1, 11, 29] [-15, -8, -34, 26] [-4, 0, -25, -11] [0, 0, 0, 0] [-22, 53, -23, 1] [-26, -4, -16, -6] [-7, 13, -8, 7]
[-15, 19, -6, 19] [8, -1, 16, 19] [22, -14, 29, -8] [-21, -16, 17, -8] [-1, -5, 18, -34] [-6, 48, 17, 23] [16, 2, -4, -44]
[19, -12, -1, -6] [-3, 14, 24, 15] [5, 14, 8, 14] [-4, -18, 11, -19] [-24, -25, -8, -28] [-9, 22, -8, 21] [12, 50, -8, 18]
[-5, 8, -23, -5] [8, -2, 11, -25] [10, 15, 1, -11] [4, 17, 38, -36] [28, 33, -6, -4] [9, 30, 5, -10] [24, -31, 14, -19]
------------------------------
ALIVE
Head: (9 29)
Body: (9 29) (9 30) (10 30) (10 31) (10 32) (10 33) (10 34) (11 34) (12 34) (12 33) (12 32) 
Length: 11, 4
Vision: 3
Hungry, suplies: 6/10
Reproductive: 16, mutating: 0.25
Generation: 29853
####################################
Wall (up, right, down, left):
[9, -5, -18, 5] [5, -16, -18, -6] [-13, 4, 1, -9] [10, 8, 20, 12] [-17, 5, 31, -23] [-1, 3, 9, -19] [-30, -11, -15, -17]
[-1, 4, 14, -7] [15, 21, 7, 0] [-11, 11, -1, -7] [-22, 13, 6, 4] [23, 3, -6, -1] [-12, -13, 4, 6] [-18, -4, 20, -14]
[-5, -1, 43, -5] [-6, 11, -10, 12] [-13, -4, 21, -5] [-69, 17, 34, 28] [-39, -30, -31, 12] [-7, -24, 10, 22] [-21, -7, -11, -17]
[5, 10, 2, -50] [11, 2, 11, -34] [0, 15, -1, -90] [0, 0, 0, 0] [31, -85, 20, 11] [15, -7, 2, 17] [3, 10, 12, 0]
[-15, -15, -11, -7] [13, 12, -8, 5] [2, 10, -14, -5] [39, 14, -72, 24] [-1, -15, -19, 37] [2, 12, -12, 4] [-19, -36, 7, 16]
[9, 13, 2, 7] [14, 4, -6, -19] [7, -8, 11, 0] [-13, 0, -21, 1] [2, 10, -10, 10] [23, 2, -19, 2] [28, 5, 6, 13]
[4, -9, -12, -10] [1, 1, -8, -3] [3, 4, 15, -5] [-12, 20, -22, -11] [29, 9, -12, 8] [22, -6, -27, 11] [-5, -1, 3, 1]
Food (up, right, down, left):
[30, 14, -7, 10] [-9, 6, -8, -31] [23, -15, -9, 14] [-11, -4, 16, 24] [-3, 14, -1, -1] [-2, -6, 10, -12] [-25, 19, -3, -7]
[-60, -5, -17, -26] [-2, -10, -14, -14] [-11, 18, 3, 17] [-4, 14, -25, 28] [15, 7, 5, -39] [31, -10, -18, 8] [11, -2, 13, 16]
[-18, 18, 2, -26] [-7, -9, -5, 29] [-33, -21, -23, 12] [32, -16, 18, -1] [-13, -7, -6, -4] [-5, 3, -39, -35] [14, 26, -3, 25]
[11, -1, 11, 29] [-15, -8, -34, 26] [-4, 0, -25, -11] [0, 0, 0, 0] [-22, 53, -23, 1] [-26, -4, -16, -6] [-7, 16, -8, 7]
[-15, 19, -6, 19] [8, -1, 16, 19] [22, -14, 29, -8] [-21, -16, 17, -8] [-1, -5, 18, -34] [-6, 48, 17, 23] [16, 2, -4, -44]
[19, -12, -1, -6] [-3, 14, 24, 15] [5, 14, 8, 14] [-4, -18, 11, -19] [-24, -25, -8, -28] [-9, 22, -8, 21] [12, 50, -8, 18]
[-5, 8, -23, -5] [8, -2, 11, -25] [10, 15, 1, -11] [4, 17, 38, -36] [28, 33, -6, -4] [9, 30, 5, -10] [24, -31, 14, -19]
------------------------------
ALIVE
Head: (14 3)
Body: (14 3) (15 3) (16 3) (17 3) (18 3) (18 2) (17 2) (17 1) 
Length: 8, 4
Vision: 3
Hungry, suplies: 6/10
Reproductive: 16, mutating: 0.25
Generation: 29848
####################################
Wall (up, right, down, left):
[9, -5, -18, 5] [5, -16, -18, -6] [-13, 4, 1, -9] [10, 8, 20, 8] [-17, 5, 31, -23] [-1, 3, 9, -19] [-30, -11, -15, -17]
[-1, 4, 14, -7] [15, 21, 7, 0] [-11, 11, -1, -7] [-22, 13, 6, 4] [23, 7, -6, -1] [-12, -13, 4, 6] [-18, -4, 20, -14]
[-5, 1, 43, -5] [-6, 11, -10, 12] [-13, -4, 21, -5] [-69, 17, 34, 28] [-39, -30, -31, 12] [-7, -24, 10, 22] [-21, -7, -11, -17]
[5, 10, 2, -50] [11, 2, 11, -34] [0, 15, -1, -90] [0, 0, 0, 0] [31, -85, 20, 11] [15, -7, 2, 17] [3, 10, 12, 0]
[-15, -15, -11, -7] [13, 12, -8, 5] [2, 10, -14, -5] [39, 14, -72, 24] [-1, -15, -19, 37] [2, 12, -12, 4] [-19, -36, 7, 16]
[9, 13, 2, 7] [14, 4, -6, -19] [7, -8, 11, 0] [-13, 0, -21, 1] [2, 10, -10, 10] [23, 2, -19, 2] [28, 5, 6, 13]
[4, -9, -12, -10] [1, 1, -8, -3] [3, 4, 15, -5] [-12, 20, -22, -11] [29, 9, -12, 8] [22, -6, -27, 11] [-5, -1, 3, 1]
Food (up, right, down, left):
[30, 14, -7, 10] [-9, 6, -8, -31] [23, -15, -9, 14] [-8, -4, 16, 24] [-3, 14, -1, -1] [-2, -6, 10, -12] [-25, 19, -3, -7]
[-60, -5, -17, -26] [-2, -10, -14, -14] [-11, 18, 3, 17] [-4, 14, -25, 28] [11, 7, 5, -39] [31, -10, -18, 8] [11, -2, 13, 16]
[-18, 18, 4, -26] [-7, -9, -5, 29] [-33, -21, -23, 12] [32, -16, 18, -1] [-13, -7, -6, -4] [-5, 3, -39, -35] [14, 26, -3, 25]
[11, -1, 11, 29] [-15, -8, -34, 26] [-4, 0, -25, -11] [0, 0, 0, 0] [-22, 53, -23, 1] [-26, -4, -16, -6] [-7, 16, -8, 7]
[-15, 19, -6, 19] [8, -1, 16, 19] [22, -14, 29, -8] [-21, -16, 17, -8] [-1, -5, 18, -34] [-6, 48, 17, 23] [16, 2, -4, -44]
[19, -12, -1, -6] [-3, 14, 24, 15] [5, 14, 8, 14] [-4, -18, 11, -19] [-24, -25, -8, -28] [-9, 22, -8, 21] [12, 50, -8, 18]
[-5, 8, -23, -5] [8, -2, 11, -25] [10, 15, 1, -11] [4, 17, 38, -36] [28, 33, -6, -4] [9, 30, 5, -10] [24, -31, 14, -19]
------------------------------
ALIVE
Head: (16 52)
Body: (16 52) (17 52) (17 51) (17 50) (17 49) (17 48) (17 47) (17 46) (17 45) (16 45) (16 44) (15 44) (15 45) (14 45) (14 44) 
Length: 15, 4
Vision: 3
Hungry, suplies: 9/10
Reproductive: 16, mutating: 0.25
Generation: 29851
####################################
Wall (up, right, down, left):
[9, -5, -18, 5] [5, -16, -18, -6] [-13, 4, 1, -9] [10, 8, 20, 8] [-17, 5, 31, -23] [-1, 3, 9, -16] [-30, -11, -15, -17]
[-1, 4, 14, -7] [15, 21, 7, 0] [-11, 11, -1, -7] [-22, 13, 6, 4] [23, 7, -6, -1] [-12, -13, 4, 6] [-18, -4, 20, -14]
[-5, 1, 43, -5] [-6, 11, -10, 12] [-13, -4, 21, -5] [-69, 17, 34, 28] [-39, -30, -31, 12] [-7, -24, 9, 22] [-21, -7, -11, -17]
[5, 10, 2, -50] [11, 2, 11, -34] [0, 15, -1, -90] [0, 0, 0, 0] [31, -85, 20, 11] [15, -7, 2, 17] [3, 10, 12, 0]
[-15, -15, -11, -7] [13, 12, -8, 5] [2, 10, -14, -5] [39, 14, -72, 24] [-1, -15, -19, 37] [2, 12, -12, 4] [-19, -36, 7, 16]
[9, 13, 2, 7] [14, 4, -6, -19] [7, -8, 11, 0] [-13, 0, -21, 1] [2, 10, -10, 10] [23, 2, -19, 2] [28, 5, 6, 13]
[4, -9, -12, -10] [1, 1, -8, -3] [3, 4, 15, -5] [-12, 20, -22, -11] [29, 9, -12, 8] [22, -6, -27, 11] [-5, -1, 3, 1]
Food (up, right, down, left):
[30, 14, -7, 10] [-9, 6, -8, -31] [23, -15, -9, 14] [-8, -4, 16, 24] [-4, 14, -1, -1] [-2, -8, 10, -12] [-25, 19, -3, -7]
[-60, -5, -17, -26] [-2, -10, -14, -14] [-11, 18, 3, 17] [-4, 14, -25, 28] [11, 7, 5, -39] [31, -10, -18, 8] [11, -2, 13, 16]
[-18, 18, 4, -26] [-7, -9, -5, 29] [-33, -21, -23, 12] [32, -16, 18, -1] [-13, -7, -6, -4] [0, 3, -39, -35] [14, 26, -3, 25]
[11, -1, 11, 29] [-15, -8, -34, 26] [-4, 0, -25, -11] [0, 0, 0, 0] [-22, 53, -23, 1] [-26, -4, -16, -6] [-7, 16, -8, 7]
[-15, 19, -6, 19] [8, -1, 16, 19] [22, -14, 29, -8] [-21, -16, 17, -8] [-1, -5, 18, -34] [-6, 48, 17, 23] [16, 2, -4, -44]
[19, -12, -1, -6] [-3, 14, 24, 15] [5, 14, 8, 14] [-4, -18, 11, -19] [-24, -25, -8, -28] [-9, 22, -8, 21] [12, 50, -8, 18]
[-5, 8, -23, -5] [8, -2, 11, -25] [10, 15, 1, -11] [4, 17, 38, -36] [28, 33, -6, -4] [9, 30, 5, -10] [24, -31, 14, -19]
------------------------------
ALIVE
Head: (5 21)
Body: (5 21) (5 20) (4 20) (4 19) (4 18) (3 18) (3 17) (2 17) (1 17) (0 17) 
Length: 10, 4
Vision: 3
Hungry, suplies: 4/10
Reproductive: 16, mutating: 0.25
Generation: 29851
####################################
Wall (up, right, down, left):
[9, -5, -18, 5] [5, -16, -18, -6] [-13, 4, 1, -9] [10, 8, 20, 8] [-17, 5, 31, -23] [-1, 3, 9, -19] [-30, -11, -15, -17]
[-1, 4, 14, -7] [15, 21, 7, 0] [-11, 11, -1, -7] [-22, 13, 6, 4] [23, 7, -6, -1] [-12, -13, 4, 6] [-18, -4, 20, -14]
[-5, 1, 43, -5] [-6, 11, -10, 12] [-13, -4, 21, -5] [-69, 17, 34, 28] [-39, -30, -31, 12] [-7, -24, 10, 22] [-21, -7, -11, -17]
[5, 10, 2, -50] [11, 2, 11, -34] [0, 15, -1, -90] [0, 0, 0, 0] [31, -85, 20, 11] [15, -7, 2, 17] [3, 10, 12, 0]
[-15, -15, -11, -7] [13, 12, -8, 5] [2, 10, -14, -5] [39, 14, -72, 24] [-1, -15, -19, 37] [2, 12, -12, 4] [-19, -36, 7, 16]
[9, 13, 2, 7] [14, 4, -6, -19] [7, -8, 11, 0] [-13, 0, -21, 1] [2, 10, -10, 10] [23, 2, -19, 2] [28, 5, 6, 13]
[4, -9, -12, -10] [1, 1, -8, -3] [3, 4, 15, -5] [-12, 20, -22, -11] [29, 9, -12, 8] [22, -6, -27, 11] [-5, -1, 3, 1]
Food (up, right, down, left):
[30, 14, -7, 10] [-9, 6, -8, -31] [23, -15, -9, 14] [-8, -4, 16, 24] [-3, 14, -1, -1] [-2, -6, 10, -12] [-25, 19, -3, -7]
[-60, -5, -17, -26] [-2, -10, -14, -14] [-11, 18, 3, 17] [-4, 14, -25, 28] [11, 7, 5, -39] [31, -10, -18, 8] [11, -2, 13, 16]
[-18, 18, 4, -26] [-7, -9, -5, 29] [-33, -21, -23, 12] [32, -16, 18, -1] [-13, -7, -6, -4] [-5, 3, -39, -35] [14, 26, -3, 25]
[11, -1, 11, 29] [-15, -8, -34, 26] [-4, 0, -25, -11] [0, 0, 0, 0] [-22, 53, -23, 1] [-26, -4, -16, -6] [-7, 16, -8, 7]
[-15, 19, -6, 19] [8, -1, 16, 19] [22, -14, 29, -8] [-21, -16, 17, -8] [-1, -5, 18, -34] [-6, 48, 17, 23] [16, 2, -4, -44]
[19, -12, -1, -6] [-3, 14, 24, 15] [5, 14, 8, 14] [-4, -18, 11, -19] [-24, -25, -8, -28] [-9, 22, -8, 21] [12, 50, -8, 18]
[-5, 8, -23, -5] [8, -2, 11, -25] [10, 15, 1, -11] [4, 17, 38, -36] [28, 33, -6, -4] [9, 30, 5, -10] [24, -31, 14, -19]
------------------------------
ALIVE
Head: (17 7)
Body: (17 7) (18 7) (19 7) (19 6) (19 5) (19 4) (19 3) (19 2) (19 1) 
Length: 9, 4
Vision: 3
Hungry, suplies: 6/10
Reproductive: 16, mutating: 0.25
Generation: 29852
####################################
Wall (up, right, down, left):
[9, -5, -18, 5] [5, -16, -18, -6] [-13, 4, 1, -9] [10, 8, 20, 8] [-17, 5, 31, -23] [-1, 3, 9, -19] [-30, -11, -15, -17]
[-1, 4, 14, -7] [15, 21, 7, 0] [-11, 11, -1, -7] [-22, 13, 6, 4] [23, 7, -6, -1] [-12, -13, 4, 6] [-18, -4, 20, -14]
[-5, 1, 43, -5] [-6, 11, -10, 12] [-13, -4, 21, -5] [-69, 17, 34, 28] [-39, -30, -31, 12] [-7, -24, 10, 22] [-21, -7, -11, -17]
[5, 10, 2, -50] [11, 2, 11, -34] [0, 15, -1, -90] [0, 0, 0, 0] [31, -85, 20, 11] [15, -7, 2, 17] [3, 10, 12, 0]
[-15, -15, -11, -7] [13, 12, -8, 5] [2, 10, -14, -5] [39, 14, -72, 24] [-1, -15, -19, 37] [2, 12, -12, 4] [-19, -36, 7, 16]
[9, 13, 2, 7] [14, 4, -6, -19] [7, -8, 11, 0] [-13, 0, -21, 1] [2, 10, -10, 10] [23, 2, -19, 2] [28, 5, 3, 13]
[4, -9, -12, -10] [1, 1, -8, -3] [3, 4, 15, -5] [-12, 20, -22, -11] [29, 9, -12, 8] [22, -6, -27, 11] [-5, -1, 3, 1]
Food (up, right, down, left):
[30, 14, -7, 10] [-9, 6, -8, -31] [23, -15, -9, 14] [-8, -4, 16, 24] [-3, 14, -1, -1] [-2, -6, 10, -12] [-25, 19, -3, -7]
[-60, -5, -17, -26] [-2, -10, -14, -14] [-11, 18, 3, 17] [-4, 14, -25, 28] [11, 7, 5, -39] [31, -10, -18, 8] [11, -2, 13, 16]
[-18, 18, 4, -26] [-7, -9, -5, 29] [-33, -21, -23, 12] [32, -16, 18, -1] [-13, -7, -6, -4] [-5, 3, -39, -35] [14, 26, -3, 25]
[11, -1, 11, 29] [-15, -8, -34, 26] [-4, 0, -25, -11] [0, 0, 0, 0] [-22, 53, -23, 1] [-26, -4, -16, -6] [-7, 16, -8, 7]
[-15, 19, -6, 19] [8, -1, 16, 19] [22, -14, 29, -8] [-21, -16, 17, -8] [-1, -5, 18, -34] [-6, 48, 17, 23] [16, 2, -4, -44]
[19, -12, -1, -6] [-3, 14, 24, 15] [5, 14, 8, 14] [-4, -18, 11, -19] [-24, -25, -8, -28] [-9, 22, -8, 21] [17, 50, -8, 18]
[-5, 8, -23, -5] [8, -2, 11, -25] [10, 15, 1, -11] [4, 17, 38, -36] [28, 33, -6, -4] [9, 30, 5, -10] [24, -31, 14, -19]
------------------------------
ALIVE
Head: (8 1)
Body: (8 1) (8 0) (9 0) (10 57) (10 56) (9 56) (9 55) (9 54) 
Length: 8, 4
Vision: 3
Hungry, suplies: 9/10
Reproductive: 16, mutating: 0.25
Generation: 29851
####################################
Wall (up, right, down, left):
[9, -5, -18, 5] [5, -16, -18, -6] [-13, 4, 1, -9] [10, 8, 20, 12] [-17, 5, 31, -23] [-1, 3, 9, -19] [-30, -11, -15, -17]
[-1, 4, 14, -7] [15, 21, 7, 0] [-11, 11, -1, -7] [-22, 13, 6, 4] [23, 7, -6, -1] [-12, -13, 4, 6] [-18, -1, 20, -14]
[-4, 1, 43, -5] [-6, 11, -10, 12] [-13, -4, 21, -5] [-69, 17, 34, 28] [-39, -30, -31, 12] [-7, -24, 10, 22] [-21, -7, -11, -15]
[5, 10, 2, -50] [11, 2, 11, -34] [0, 15, -1, -90] [0, 0, 0, 0] [31, -85, 20, 11] [15, -7, 2, 17] [3, 10, 12, -3]
[-15, -15, -11, -7] [16, 12, -8, 5] [2, 10, -14, -5] [39, 14, -72, 24] [-1, -15, -19, 37] [2, 12, -12, 4] [-19, -36, 7, 16]
[9, 13, 2, 7] [14, 4, -6, -19] [7, -8, 11, 0] [-13, 0, -21, 1] [2, 10, -10, 10] [23, 2, -19, 2] [28, 5, 6, 13]
[4, -11, -12, -10] [1, 1, -8, -3] [3, 4, 15, -5] [-12, 20, -22, -11] [29, 9, -12, 8] [22, -6, -27, 11] [-5, -1, 3, 1]
Food (up, right, down, left):
[30, 14, -7, 10] [-9, 6, -8, -31] [23, -15, -9, 14] [-11, -4, 16, 24] [-3, 14, -1, -1] [-2, -6, 10, -12] [-25, 19, -3, -7]
[-60, -5, -17, -26] [-2, -10, -14, -14] [-11, 18, 3, 17] [-4, 14, -25, 28] [11, 7, 5, -39] [31, -10, -18, 8] [11, -2, 13, 13]
[-18, 21, 4, -26] [-7, -9, -5, 29] [-33, -21, -23, 12] [32, -16, 18, -1] [-13, -7, -6, -4] [-5, 3, -39, -35] [14, 26, -3, 27]
[11, -1, 11, 29] [-15, -8, -34, 26] [-4, 0, -25, -11] [0, 0, 0, 0] [-22, 53, -23, 1] [-26, -4, -16, -6] [-12, 16, -8, 7]
[-15, 19, -6, 19] [8, -1, 15, 19] [22, -14, 29, -8] [-21, -16, 17, -8] [-1, -5, 18, -34] [-6, 48, 17, 23] [16, 2, -4, -44]
[19, -12, -1, -6] [-3, 14, 24, 15] [5, 14, 8, 14] [-4, -18, 11, -19] [-24, -25, -8, -28] [-9, 22, -8, 21] [12, 50, -8, 18]
[-5, 8, -23, -4] [8, -2, 11, -25] [10, 15, 1, -11] [4, 17, 38, -36] [28, 33, -6, -4] [9, 30, 5, -10] [24, -31, 14, -19]
------------------------------
ALIVE
Head: (1 27)
Body: (1 27) (1 26) (1 25) (1 24) (1 23) (1 22) (1 21) (25 21) 
Length: 8, 4
Vision: 3
Hungry, suplies: 9/10
Reproductive: 16, mutating: 0.25
Generation: 29855
####################################
Wall (up, right, down, left):
[9, -5, -18, 5] [5, -16, -18, -6] [-13, 4, 1, -9] [10, 8, 20, 12] [-17, 5, 31, -23] [-1, 3, 9, -19] [-30, -11, -15, -17]
[-1, 4, 14, -7] [15, 21, 7, 0] [-11, 11, -1, -7] [-22, 13, 6, 4] [23, 7, -6, -1] [-12, -13, 4, 6] [-18, -4, 20, -14]
[-5, -1, 43, -5] [-6, 11, -10, 12] [-13, -4, 21, -5] [-69, 17, 34, 28] [-39, -30, -31, 12] [-7, -24, 10, 22] [-21, -7, -11, -17]
[5, 10, 2, -50] [11, 2, 11, -34] [0, 15, -1, -90] [0, 0, 0, 0] [31, -85, 20, 11] [15, -7, 2, 17] [3, 10, 12, 0]
[-15, -15, -11, -7] [13, 12, -8, 5] [2, 10, -14, -5] [39, 14, -72, 24] [-1, -15, -19, 37] [2, 12, -12, 4] [-19, -36, 7, 16]
[9, 13, 2, 7] [14, 4, -6, -19] [7, -8, 11, 0] [-13, 0, -21, 1] [2, 10, -10, 10] [23, 2, -19, 2] [28, 5, 6, 13]
[4, -9, -12, -10] [1, 1, -8, -3] [3, 4, 15, -5] [-12, 20, -22, -11] [29, 9, -12, 8] [22, -6, -27, 11] [-5, -1, 3, 1]
Food (up, right, down, left):
[30, 14, -7, 10] [-9, 6, -8, -31] [23, -15, -9, 14] [-11, -4, 16, 24] [-3, 14, -1, -1] [-2, -6, 10, -12] [-25, 19, -3, -7]
[-60, -5, -17, -26] [-2, -10, -14, -14] [-11, 18, 3, 17] [-4, 14, -25, 28] [11, 7, 5, -39] [31, -10, -18, 8] [11, -2, 13, 16]
[-18, 18, 2, -26] [-7, -9, -5, 29] [-33, -21, -23, 12] [32, -16, 18, -1] [-13, -7, -6, -4] [-5, 3, -39, -35] [14, 26, -3, 25]
[11, -1, 11, 29] [-15, -8, -34, 26] [-4, 0, -25, -11] [0, 0, 0, 0] [-22, 53, -23, 1] [-26, -4, -16, -6] [-7, 16, -8, 7]
[-15, 19, -6, 19] [8, -1, 16, 19] [22, -14, 29, -8] [-21, -16, 17, -8] [-1, -5, 18, -34] [-6, 48, 17, 23] [16, 2, -4, -44]
[19, -12, -1, -6] [-3, 14, 24, 15] [5, 14, 8, 14] [-4, -18, 11, -19] [-24, -25, -8, -28] [-9, 22, -8, 21] [12, 50, -8, 18]
[-5, 8, -23, -5] [8, -2, 11, -25] [10, 15, 1, -11] [4, 17, 38, -36] [28, 33, -6, -4] [9, 30, 5, -10] [24, -31, 14, -19]
------------------------------
ALIVE
Head: (7 29)
Body: (7 29) (7 28) (7 27) (6 27) (6 26) (6 25) (5 25) (5 24) (5 23) 
Length: 9, 4
Vision: 3
Hungry, suplies: 2/10
Reproductive: 16, mutating: 0.25
Generation: 29846
####################################
Wall (up, right, down, left):
[9, -5, -18, 5] [5, -16, -18, -6] [-13, 4, 1, -9] [10, 8, 20, 8] [-17, 5, 31, -23] [-1, 3, 9, -19] [-30, -11, -15, -17]
[-1, 4, 14, -7] [15, 21, 7, 0] [-11, 11, -1, -7] [-22, 13, 6, 4] [23, 7, -6, -1] [-12, -13, 4, 6] [-18, -4, 20, -14]
[-5, 1, 43, -5] [-6, 11, -10, 12] [-13, -4, 21, -5] [-69, 17, 34, 28] [-39, -30, -31, 12] [-7, -24, 10, 22] [-21, -7, -11, -17]
[5, 10, 2, -50] [11, 2, 11, -34] [0, 15, -1, -90] [0, 0, 0, 0] [31, -85, 20, 11] [15, -7, 2, 17] [3, 10, 12, 0]
[-15, -15, -11, -7] [13, 12, -8, 5] [2, 10, -14, -5] [39, 14, -72, 24] [-1, -15, -19, 37] [2, 12, -12, 4] [-19, -36, 7, 16]
[9, 13, 2, 7] [14, 4, -6, -19] [7, -8, 11, 0] [-13, 0, -21, 1] [2, 10, -10, 10] [23, 2, -19, 2] [28, 5, 6, 13]
[4, -9, -12, -10] [1, 1, -8, -3] [3, 4, 15, -5] [-12, 20, -22, -11] [29, 9, -12, 8] [22, -6, -27, 11] [-5, -1, 3, 1]
Food (up, right, down, left):
[30, 14, -7, 10] [-9, 6, -8, -31] [23, -15, -9, 14] [-8, -4, 16, 24] [-3, 14, -1, -1] [-2, -6, 10, -12] [-25, 19, -3, -7]
[-60, -5, -17, -26] [-2, -10, -14, -14] [-11, 18, 3, 17] [-4, 14, -25, 28] [11, 7, 5, -39] [31, -10, -18, 8] [11, -2, 13, 16]
[-18, 18, 4, -26] [-7, -9, -5, 29] [-33, -21, -23, 12] [32, -16, 18, -1] [-13, -7, -6, -4] [-5, 3, -39, -35] [14, 26, -3, 25]
[11, -1, 11, 29] [-15, -8, -34, 26] [-4, 0, -25, -11] [0, 0, 0, 0] [-22, 53, -23, 1] [-26, -4, -16, -6] [-7, 16, -8, 7]
[-15, 19, -6, 19] [8, -1, 16, 19] [22, -14, 29, -8] [-21, -16, 17, -8] [-1, -5, 18, -34] [-6, 48, 17, 23] [16, 2, -4, -44]
[19, -12, -1, -6] [-3, 14, 24, 15] [5, 14, 8, 14] [-4, -18, 11, -19] [-24, -25, -8, -28] [-9, 22, -8, 21] [12, 50, -8, 18]
[-5, 8, -23, -5] [8, -2, 11, -25] [10, 15, 1, -11] [4, 17, 38, -36] [28, 33, -6, -4] [9, 30, 5, -10] [24, -31, 14, -19]
------------------------------
ALIVE
Head: (21 8)
Body: (21 8) (21 7) (21 6) (20 6) (20 5) (20 4) (21 4) (22 4) 
Length: 8, 4
Vision: 3
Hungry, suplies: 6/10
Reproductive: 16, mutating: 0.25
Generation: 29852
####################################
Wall (up, right, down, left):
[9, -5, -18, 5] [5, -16, -18, -6] [-13, 4, 1, -9] [10, 8, 20, 12] [-17, 5, 31, -23] [-1, 3, 9, -19] [-30, -11, -15, -17]
[-1, 4, 14, -7] [15, 21, 7, 0] [-11, 11, -1, -7] [-22, 13, 6, 4] [23, 7, -6, -1] [-12, -13, 4, 6] [-18, -4, 20, -14]
[-5, -1, 43, -5] [-6, 11, -10, 12] [-13, -4, 21, -5] [-69, 17, 34, 28] [-39, -30, -31, 12] [-7, -24, 10, 22] [-21, -7, -11, -17]
[5, 10, 2, -50] [11, 2, 11, -34] [0, 15, -1, -90] [0, 0, 0, 0] [31, -85, 20, 11] [15, -7, 2, 17] [3, 10, 12, 0]
[-15, -15, -11, -7] [13, 12, -8, 5] [2, 10, -14, -5] [39, 14, -72, 24] [-1, -15, -19, 37] [2, 12, -12, 4] [-19, -36, 7, 16]
[9, 13, 2, 7] [14, 4, -6, -19] [7, -8, 11, 0] [-13, 0, -21, 1] [2, 10, -10, 10] [23, 2, -19, 2] [28, 5, 6, 13]
[4, -9, -12, -10] [1, 1, -8, -3] [3, 4, 15, -5] [-12, 20, -22, -11] [29, 9, -12, 8] [22, -6, -27, 11] [-5, -1, 3, 1]
Food (up, right, down, left):
[30, 14, -7, 10] [-9, 6, -8, -31] [23, -15, -9, 14] [-11, -4, 16, 24] [-3, 14, -1, -1] [-2, -6, 10, -12] [-25, 19, -3, -7]
[-60, -5, -17, -26] [-2, -10, -14, -14] [-11, 18, 3, 17] [-4, 14, -25, 28] [11, 7, 5, -39] [31, -10, -18, 8] [11, -2, 13, 16]
[-18, 18, 2, -26] [-7, -9, -5, 29] [-33, -21, -23, 12] [32, -16, 18, -1] [-13, -7, -6, -4] [-5, 3, -39, -35] [14, 26, -3, 25]
[11, -1, 11, 29] [-15, -8, -34, 26] [-4, 0, -25, -11] [0, 0, 0, 0] [-22, 53, -23, 1] [-26, -4, -16, -6] [-7, 16, -8, 7]
[-15, 19, -6, 19] [8, -1, 16, 19] [22, -14, 29, -8] [-21, -16, 17, -8] [-1, -5, 18, -34] [-6, 48, 17, 23] [16, 2, -4, -44]
[19, -12, -1, -6] [-3, 14, 24, 15] [5, 14, 8, 14] [-4, -18, 11, -19] [-24, -25, -8, -28] [-9, 22, -8, 21] [12, 50, -8, 18]
[-5, 8, -23, -5] [8, -2, 11, -25] [10, 15, 1, -11] [4, 17, 38, -36] [28, 33, -6, -4] [9, 30, 5, -10] [24, -31, 14, -19]
------------------------------
ALIVE
Head: (0 43)
Body: (25 43) (24 43) (24 42) (-1 41) (0 41) (25 40) (24 40) (23 40) (23 39) (23 38) (22 38) 
Length: 11, 4
Vision: 3
Hungry, suplies: 9/10
Reproductive: 16, mutating: 0.25
Generation: 29847
####################################
Wall (up, right, down, left):
[9, -5, -18, 5] [5, -16, -18, -6] [-13, 4, 1, -9] [10, 8, 20, 8] [-17, 5, 31, -23] [-1, 3, 9, -19] [-30, -11, -15, -17]
[-1, 4, 14, -7] [15, 21, 7, 0] [-11, 11, -1, -7] [-22, 13, 6, 4] [23, 7, -6, -1] [-12, -13, 4, 6] [-18, -4, 20, -14]
[-5, 1, 43, -5] [-6, 11, -10, 12] [-13, -4, 21, -5] [-69, 17, 34, 28] [-39, -30, -31, 12] [-7, -24, 10, 22] [-21, -7, -11, -17]
[5, 10, 2, -50] [11, 2, 11, -34] [0, 15, -1, -90] [0, 0, 0, 0] [31, -85, 20, 11] [15, -7, 2, 17] [3, 10, 12, 0]
[-15, -15, -11, -7] [13, 12, -8, 5] [2, 10, -14, -5] [39, 14, -72, 24] [-1, -15, -19, 37] [2, 12, -12, 4] [-19, -36, 7, 16]
[9, 13, 2, 7] [14, 4, -6, -19] [7, -8, 11, 0] [-13, 0, -21, 1] [2, 10, -10, 10] [23, 2, -19, 2] [28, 5, 6, 13]
[4, -9, -12, -10] [1, 1, -8, -3] [3, 4, 15, -5] [-12, 20, -22, -11] [29, 9, -12, 8] [22, -6, -27, 11] [-5, -1, 3, 1]
Food (up, right, down, left):
[30, 14, -7, 10] [-9, 6, -8, -31] [23, -15, -9, 14] [-8, -4, 16, 24] [-3, 14, -1, -1] [-2, -6, 10, -12] [-25, 19, -3, -7]
[-60, -5, -17, -26] [-2, -10, -14, -14] [-11, 18, 3, 17] [-4, 14, -25, 28] [11, 7, 5, -39] [31, -10, -18, 8] [11, -2, 13, 16]
[-18, 18, 4, -26] [-7, -9, -5, 29] [-33, -21, -23, 12] [32, -16, 18, -1] [-13, -7, -6, -4] [-5, 3, -39, -35] [14, 26, -3, 25]
[11, -1, 11, 29] [-15, -8, -34, 26] [-4, 0, -25, -11] [0, 0, 0, 0] [-22, 53, -23, 1] [-26, -4, -16, -6] [-7, 16, -8, 7]
[-15, 19, -6, 19] [8, -1, 16, 19] [22, -14, 29, -8] [-21, -16, 17, -8] [-1, -5, 18, -34] [-6, 48, 17, 23] [16, 2, -4, -44]
[19, -12, -1, -6] [-3, 14, 24, 15] [5, 14, 8, 14] [-4, -18, 11, -19] [-24, -25, -8, -28] [-9, 22, -8, 21] [12, 50, -8, 18]
[-5, 8, -23, -5] [8, -2, 11, -25] [10, 15, 1, -11] [4, 17, 38, -36] [28, 33, -6, -4] [9, 30, 5, -10] [24, -31, 14, -19]
------------------------------
ALIVE
Head: (10 3)
Body: (10 3) (11 3) (11 2) (12 2) (13 2) (14 2) (15 2) 
Length: 7, 4
Vision: 3
Hungry, suplies: 7/10
Reproductive: 16, mutating: 0.25
Generation: 29851
####################################
Wall (up, right, down, left):
[9, -5, -18, 5] [5, -16, -18, -6] [-13, 4, 1, -9] [10, 8, 20, 8] [-17, 5, 31, -23] [-1, 3, 9, -19] [-30, -11, -15, -17]
[-1, 4, 14, -7] [15, 21, 7, 0] [-11, 11, -1, -7] [-22, 13, 6, 4] [23, 7, -6, -1] [-12, -13, 4, 6] [-18, -4, 20, -14]
[-5, 1, 43, -5] [-6, 11, -10, 12] [-13, -4, 21, -5] [-69, 17, 34, 28] [-39, -30, -31, 12] [-7, -24, 10, 22] [-21, -7, -11, -17]
[5, 10, 2, -50] [11, 2, 11, -34] [0, 15, -1, -90] [0, 0, 0, 0] [31, -85, 20, 11] [15, -7, 2, 17] [3, 10, 12, 0]
[-15, -15, -11, -7] [13, 12, -8, 5] [2, 10, -14, -5] [39, 14, -72, 24] [-1, -15, -19, 37] [2, 12, -12, 4] [-19, -36, 7, 16]
[9, 13, 2, 7] [14, 4, -6, -19] [7, -8, 11, 0] [-13, 0, -21, 1] [2, 10, -10, 10] [23, 2, -19, 2] [28, 5, 6, 13]
[4, -9, -12, -10] [1, 1, -8, -3] [3, 4, 15, -5] [-12, 20, -22, -11] [29, 9, -12, 8] [22, -6, -27, 11] [-5, -1, 3, 1]
Food (up, right, down, left):
[30, 14, -7, 10] [-9, 6, -8, -31] [23, -15, -9, 14] [-8, -4, 16, 24] [-4, 14, -1, -1] [-2, -6, 10, -12] [-25, 19, -3, -7]
[-60, -5, -17, -26] [-2, -10, -14, -14] [-11, 18, 3, 17] [-4, 14, -25, 28] [11, 7, 5, -39] [31, -10, -18, 8] [11, -2, 13, 16]
[-18, 18, 4, -26] [-7, -9, -5, 29] [-33, -21, -23, 12] [32, -16, 18, -1] [-13, -7, -6, -4] [-5, 3, -39, -35] [14, 26, -3, 25]
[11, -1, 11, 29] [-15, -8, -34, 26] [-4, 0, -25, -11] [0, 0, 0, 0] [-22, 53, -23, 1] [-26, -4, -16, -6] [-7, 16, -8, 7]
[-15, 19, -6, 19] [8, -1, 16, 19] [22, -14, 29, -8] [-21, -16, 17, -8] [-1, -5, 18, -34] [-6, 48, 17, 23] [16, 2, -4, -44]
[19, -12, -1, -6] [-3, 14, 24, 15] [5, 14, 8, 14] [-4, -18, 11, -19] [-24, -25, -8, -28] [-9, 22, -8, 21] [12, 50, -8, 18]
[-5, 8, -23, -5] [8, -2, 11, -25] [10, 15, 1, -11] [4, 17, 38, -36] [28, 33, -6, -4] [9, 30, 5, -10] [24, -31, 14, -19]
------------------------------
ALIVE
Head: (2 39)
Body: (2 39) (3 39) (4 39) (4 38) (4 37) (5 37) (6 37) (6 36) 
Length: 8, 4
Vision: 3
Hungry, suplies: 10/10
Reproductive: 16, mutating: 0.25
Generation: 29850
####################################
Wall (up, right, down, left):
[9, -5, -18, 5] [5, -16, -18, -6] [-13, 4, 1, -9] [10, 8, 20, 12] [-17, 5, 31, -23] [-1, 3, 9, -19] [-30, -11, -15, -17]
[-1, 4, 14, -7] [15, 21, 7, 0] [-11, 11, -1, -7] [-22, 13, 6, 4] [23, 3, -6, -1] [-12, -13, 4, 6] [-18, -2, 20, -14]
[-5, -1, 43, -5] [-6, 11, -10, 12] [-13, -4, 21, -5] [-69, 17, 34, 28] [-39, -30, -31, 12] [-7, -24, 10, 22] [-21, -7, -11, -17]
[5, 10, 2, -50] [11, 2, 11, -34] [0, 15, -1, -90] [0, 0, 0, 0] [31, -85, 20, 11] [15, -7, 2, 17] [3, 10, 12, 0]
[-15, -15, -11, -7] [13, 12, -8, 5] [2, 10, -14, -5] [39, 14, -72, 24] [-1, -15, -19, 37] [2, 12, -12, 4] [-19, -36, 7, 16]
[9, 13, 2, 7] [14, 4, -6, -19] [7, -8, 11, 0] [-13, 0, -21, 1] [2, 10, -10, 10] [23, 2, -19, 2] [28, 5, 6, 13]
[4, -9, -12, -10] [1, 1, -8, -3] [3, 4, 15, -5] [-12, 20, -22, -11] [29, 9, -12, 8] [22, -6, -27, 11] [-5, -1, 3, 1]
Food (up, right, down, left):
[30, 14, -7, 10] [-9, 6, -8, -31] [23, -15, -9, 14] [-11, -4, 16, 24] [-3, 14, -1, -1] [-2, -6, 10, -12] [-25, 19, -3, -7]
[-60, -5, -17, -26] [-2, -10, -14, -14] [-11, 18, 3, 17] [-4, 14, -25, 28] [15, 7, 5, -39] [31, -10, -18, 8] [11, 1, 13, 16]
[-18, 18, 2, -26] [-7, -9, -5, 29] [-33, -21, -23, 12] [32, -16, 18, -1] [-13, -7, -6, -4] [-5, 3, -39, -35] [14, 26, -3, 25]
[11, -1, 11, 29] [-15, -8, -34, 26] [-4, 0, -25, -11] [0, 0, 0, 0] [-22, 53, -23, 1] [-26, -4, -16, -6] [-7, 16, -8, 7]
[-15, 19, -6, 19] [8, -1, 16, 19] [22, -14, 29, -8] [-21, -16, 17, -8] [-1, -5, 18, -34] [-6, 48, 17, 23] [16, 2, -4, -44]
[19, -12, -1, -6] [-3, 14, 24, 15] [5, 14, 8, 14] [-4, -18, 11, -19] [-24, -25, -8, -28] [-9, 22, -8, 21] [12, 50, -8, 18]
[-5, 8, -23, -5] [8, -2, 11, -25] [10, 15, 1, -11] [4, 17, 38, -36] [28, 33, -6, -4] [9, 30, 5, -10] [24, -31, 14, -19]
------------------------------
ALIVE
Head: (13 43)
Body: (13 43) (13 42) (13 41) (13 40) (13 39) (13 38) (14 38) (14 37) (14 36) (15 36) (15 35) 
Length: 11, 4
Vision: 3
Hungry, suplies: 10/10
Reproductive: 16, mutating: 0.25
Generation: 29850
####################################
Wall (up, right, down, left):
[9, -5, -18, 5] [5, -16, -18, -6] [-13, 4, 1, -9] [10, 8, 20, 12] [-17, 5, 31, -23] [-1, 3, 9, -19] [-30, -11, -15, -17]
[-1, 4, 14, -7] [15, 21, 7, 0] [-11, 11, -1, -7] [-22, 13, 6, 4] [23, 7, -6, -1] [-12, -13, 4, 6] [-18, -4, 20, -14]
[-5, -1, 43, -5] [-6, 11, -10, 12] [-13, -4, 21, -5] [-69, 17, 34, 28] [-39, -30, -31, 12] [-7, -24, 10, 22] [-21, -7, -11, -17]
[5, 10, 2, -50] [11, 2, 11, -34] [0, 15, -1, -90] [0, 0, 0, 0] [31, -85, 20, 11] [15, -7, 2, 17] [3, 10, 12, 0]
[-15, -15, -11, -7] [13, 12, -8, 5] [2, 10, -14, -5] [39, 14, -72, 24] [-1, -15, -19, 37] [2, 12, -12, 4] [-19, -36, 7, 16]
[9, 13, 2, 7] [14, 4, -6, -19] [7, -8, 11, 0] [-13, 0, -21, 1] [2, 10, -10, 10] [23, 2, -19, 2] [28, 5, 6, 13]
[4, -9, -12, -10] [1, 1, -8, -3] [3, 4, 15, -5] [-12, 20, -22, -11] [29, 9, -12, 8] [22, -6, -27, 11] [-5, -1, 3, 1]
Food (up, right, down, left):
[30, 14, -7, 10] [-9, 6, -8, -31] [23, -15, -9, 14] [-11, -4, 16, 24] [-3, 14, -1, -1] [-2, -6, 10, -12] [-25, 19, -3, -7]
[-60, -5, -17, -26] [-2, -10, -14, -14] [-11, 18, 3, 17] [-4, 14, -25, 28] [11, 7, 5, -39] [31, -10, -18, 8] [11, -2, 13, 16]
[-18, 18, 2, -26] [-7, -9, -5, 29] [-33, -21, -23, 12] [32, -16, 18, -1] [-13, -7, -6, -4] [-5, 3, -39, -35] [14, 26, -3, 25]
[11, -1, 11, 29] [-15, -8, -34, 26] [-4, 0, -25, -11] [0, 0, 0, 0] [-22, 53, -23, 1] [-26, -4, -16, -6] [-7, 16, -8, 7]
[-15, 19, -6, 19] [8, -1, 16, 19] [22, -14, 29, -8] [-21, -16, 17, -8] [-1, -5, 18, -34] [-6, 48, 17, 23] [16, 2, -4, -44]
[19, -12, -1, -6] [-3, 14, 24, 15] [5, 14, 8, 14] [-4, -18, 11, -19] [-24, -25, -8, -28] [-9, 22, -8, 21] [12, 50, -8, 18]
[-5, 8, -23, -5] [8, -2, 11, -25] [10, 15, 1, -11] [4, 17, 38, -36] [28, 33, -6, -4] [9, 30, 5, -10] [24, -31, 14, -19]
------------------------------
ALIVE
Head: (13 20)
Body: (13 20) (13 21) (13 22) (13 23) (14 23) (14 24) (14 25) (13 25) (13 24) (12 24) (12 25) (12 26) 
Length: 12, 4
Vision: 3
Hungry, suplies: 7/10
Reproductive: 16, mutating: 0.25
Generation: 29846
####################################
Wall (up, right, down, left):
[9, -5, -18, 5] [5, -16, -18, -6] [-13, 4, 1, -9] [9, 8, 20, 12] [-17, 5, 31, -23] [-1, 3, 9, -19] [-30, -11, -15, -17]
[-1, 4, 14, -7] [15, 21, 7, 0] [-11, 11, -1, -7] [-22, 13, 6, 4] [23, 3, -6, -1] [-12, -13, 4, 6] [-18, -4, 20, -14]
[-5, -1, 43, -5] [-6, 11, -10, 12] [-13, -4, 21, -5] [-69, 17, 34, 28] [-39, -30, -31, 12] [-7, -24, 10, 22] [-21, -7, -11, -17]
[5, 10, 2, -50] [11, 2, 11, -34] [0, 15, -1, -90] [0, 0, 0, 0] [31, -85, 20, 11] [15, -7, 2, 17] [3, 10, 12, 0]
[-15, -15, -11, -7] [13, 12, -8, 5] [2, 10, -14, -5] [39, 14, -72, 24] [-1, -15, -19, 37] [2, 12, -12, 4] [-19, -36, 7, 16]
[9, 13, 2, 7] [14, 4, -6, -19] [7, -8, 11, 0] [-13, 0, -21, 1] [2, 10, -10, 10] [23, 2, -19, 2] [28, 5, 6, 13]
[4, -9, -12, -10] [1, 1, -8, -3] [3, 4, 15, -5] [-12, 20, -22, -11] [29, 9, -12, 8] [22, -6, -27, 11] [-5, -1, 3, 1]
Food (up, right, down, left):
[30, 14, -7, 10] [-9, 6, -8, -31] [23, -15, -9, 14] [-11, -4, 18, 24] [-3, 14, -1, -1] [-2, -6, 10, -12] [-25, 19, -3, -7]
[-60, -5, -17, -26] [-2, -10, -14, -14] [-11, 18, 3, 17] [-4, 14, -25, 28] [15, 7, 5, -39] [31, -10, -18, 8] [11, -2, 13, 16]
[-18, 18, 2, -26] [-7, -9, -5, 29] [-33, -21, -23, 12] [32, -16, 18, -1] [-13, -7, -6, -4] [-5, 3, -39, -35] [14, 26, -3, 25]
[11, -1, 11, 29] [-15, -8, -34, 26] [-4, 0, -25, -11] [0, 0, 0, 0] [-22, 53, -23, 1] [-26, -4, -16, -6] [-7, 16, -8, 7]
[-15, 19, -6, 19] [8, -1, 16, 19] [22, -14, 29, -8] [-21, -16, 17, -8] [-1, -5, 18, -34] [-6, 48, 17, 23] [16, 2, -4, -44]
[19, -12, -1, -6] [-3, 14, 24, 15] [5, 14, 8, 14] [-4, -18, 11, -19] [-24, -25, -8, -28] [-9, 22, -8, 21] [12, 50, -8, 18]
[-5, 8, -23, -5] [8, -2, 11, -25] [10, 15, 1, -11] [4, 17, 38, -36] [28, 33, -6, -4] [9, 30, 5, -10] [24, -31, 14, -19]
------------------------------
ALIVE
Head: (16 12)
Body: (16 12) (16 11) (15 11) (14 11) (14 10) (14 9) 
Length: 6, 4
Vision: 3
Hungry, suplies: 3/10
Reproductive: 16, mutating: 0.25
Generation: 29849
####################################
Wall (up, right, down, left):
[9, -5, -18, 5] [5, -16, -18, -6] [-13, 4, 1, -9] [10, 8, 20, 8] [-17, 5, 31, -23] [-1, 3, 9, -16] [-30, -11, -15, -17]
[-1, 4, 14, -7] [15, 21, 7, 0] [-11, 11, -1, -7] [-22, 13, 6, 4] [23, 7, -6, -1] [-12, -13, 4, 6] [-18, -4, 20, -14]
[-5, 1, 43, -5] [-6, 11, -10, 12] [-13, -4, 21, -5] [-69, 17, 34, 28] [-39, -30, -31, 12] [-7, -24, 9, 22] [-21, -7, -11, -17]
[5, 10, 2, -50] [11, 2, 11, -34] [0, 15, -1, -90] [0, 0, 0, 0] [31, -85, 20, 11] [15, -7, 2, 17] [3, 10, 12, 0]
[-15, -15, -11, -7] [13, 12, -8, 5] [2, 10, -14, -5] [39, 14, -72, 24] [-1, -15, -19, 37] [2, 12, -12, 4] [-19, -36, 7, 16]
[9, 13, 2, 7] [14, 4, -6, -19] [7, -8, 11, 0] [-13, 0, -21, 1] [2, 10, -10, 10] [23, 2, -19, 2] [28, 5, 6, 13]
[4, -9, -12, -10] [1, 1, -8, -3] [3, 4, 15, -5] [-12, 20, -22, -11] [29, 9, -12, 8] [22, -6, -27, 11] [-5, -1, 3, 1]
Food (up, right, down, left):
[30, 14, -7, 10] [-9, 6, -8, -31] [23, -15, -9, 14] [-8, -4, 16, 24] [-4, 14, -1, -1] [-2, -8, 10, -12] [-25, 19, -3, -7]
[-60, -5, -17, -26] [-2, -10, -14, -14] [-11, 18, 3, 17] [-4, 14, -25, 28] [11, 7, 5, -39] [31, -10, -18, 8] [11, -2, 13, 16]
[-18, 18, 4, -26] [-7, -9, -5, 29] [-33, -21, -23, 12] [32, -16, 18, -1] [-13, -7, -6, -4] [0, 3, -39, -35] [14, 26, -3, 25]
[11, -1, 11, 29] [-15, -8, -34, 26] [-4, 0, -25, -11] [0, 0, 0, 0] [-22, 53, -23, 1] [-26, -4, -16, -6] [-7, 16, -8, 7]
[-15, 19, -6, 19] [8, -1, 16, 19] [22, -14, 29, -8] [-21, -16, 17, -8] [-1, -5, 18, -34] [-6, 48, 17, 23] [16, 2, -4, -44]
[19, -12, -1, -6] [-3, 14, 24, 15] [5, 14, 8, 14] [-4, -18, 11, -19] [-24, -25, -8, -28] [-9, 22, -8, 21] [12, 50, -8, 18]
[-5, 8, -23, -5] [8, -2, 11, -25] [10, 15, 1, -11] [4, 17, 38, -36] [28, 33, -6, -4] [9, 30, 5, -10] [24, -31, 14, -19]
------------------------------
ALIVE
Head: (11 16)
Body: (11 16) (11 15) (10 15) (9 15) (9 14) (9 13) (9 12) (9 11) (9 10) (10 10) 
Length: 10, 4
Vision: 3
Hungry, suplies: 10/10
Reproductive: 16, mutating: 0.25
Generation: 29852
####################################
Wall (up, right, down, left):
[9, -5, -18, 5] [5, -16, -18, -6] [-13, 4, 1, -9] [10, 8, 20, 8] [-17, 5, 31, -23] [-1, 3, 9, -19] [-30, -11, -15, -17]
[-1, 4, 14, -7] [15, 21, 7, 0] [-11, 11, -1, -7] [-22, 13, 6, 4] [23, 7, -6, -1] [-12, -13, 4, 6] [-18, -4, 20, -14]
[-5, 1, 43, -5] [-6, 11, -10, 12] [-13, -4, 21, -5] [-69, 17, 34, 28] [-39, -30, -31, 12] [-7, -24, 10, 22] [-21, -7, -11, -17]
[5, 10, 2, -50] [11, 2, 11, -34] [0, 15, -1, -90] [0, 0, 0, 0] [31, -85, 20, 11] [15, -7, 2, 17] [3, 10, 12, 0]
[-15, -15, -11, -7] [13, 12, -8, 5] [2, 10, -14, -5] [39, 14, -72, 24] [-1, -15, -19, 37] [2, 12, -12, 4] [-19, -36, 7, 16]
[9, 13, 2, 7] [14, 4, -6, -19] [7, -8, 11, 0] [-13, 0, -21, 1] [2, 10, -10, 10] [23, 2, -19, 2] [28, 5, 6, 13]
[4, -9, -12, -10] [1, 1, -8, -3] [3, 4, 15, -5] [-12, 20, -22, -11] [29, 9, -12, 8] [22, -6, -27, 11] [-5, -1, 3, 1]
Food (up, right, down, left):
[30, 14, -7, 10] [-9, 6, -8, -31] [23, -15, -9, 14] [-8, -4, 16, 24] [-3, 14, -1, -1] [-2, -6, 10, -12] [-25, 19, -3, -7]
[-60, -5, -17, -26] [-2, -10, -14, -14] [-11, 18, 3, 17] [-4, 14, -25, 28] [11, 7, 5, -39] [31, -10, -18, 8] [11, -2, 13, 16]
[-18, 18, 4, -26] [-7, -9, -5, 29] [-33, -21, -23, 12] [32, -16, 18, -1] [-13, -7, -6, -4] [-5, 3, -39, -35] [14, 26, -3, 25]
[11, -1, 11, 29] [-15, -8, -34, 26] [-4, 0, -25, -11] [0, 0, 0, 0] [-22, 53, -23, 1] [-26, -4, -16, -6] [-7, 16, -8, 7]
[-15, 19, -6, 19] [8, -1, 16, 19] [22, -14, 29, -8] [-21, -16, 17, -8] [-1, -5, 18, -34] [-6, 48, 17, 23] [16, 2, -4, -44]
[19, -12, -1, -6] [-3, 14, 24, 15] [5, 14, 8, 14] [-4, -18, 11, -19] [-24, -25, -8, -28] [-9, 22, -8, 21] [12, 50, -8, 18]
[-5, 8, -23, -5] [8, -2, 11, -25] [10, 15, 1, -11] [4, 17, 38, -36] [28, 33, -6, -4] [9, 30, 5, -10] [24, -31, 14, -19]
------------------------------
ALIVE
Head: (12 46)
Body: (12 46) (12 45) (11 45) (11 44) (11 43) (11 42) (11 41) (10 41) (9 41) (8 41) 
Length: 10, 4
Vision: 3
Hungry, suplies: 4/10
Reproductive: 16, mutating: 0.25
Generation: 29852
####################################
Wall (up, right, down, left):
[9, -5, -18, 5] [5, -16, -18, -6] [-13, 4, 1, -9] [10, 8, 20, 8] [-17, 5, 31, -23] [-1, 3, 9, -19] [-30, -11, -15, -17]
[-1, 4, 14, -7] [15, 21, 7, 0] [-11, 11, -1, -7] [-22, 13, 6, 4] [23, 7, -6, -1] [-12, -13, 4, 6] [-18, -4, 20, -14]
[-5, 1, 43, -5] [-6, 11, -10, 12] [-13, -4, 21, -5] [-69, 17, 34, 28] [-39, -30, -31, 12] [-7, -24, 10, 22] [-21, -7, -11, -17]
[5, 10, 2, -50] [11, 2, 11, -34] [0, 15, -1, -90] [0, 0, 0, 0] [31, -85, 20, 11] [15, -7, 2, 17] [3, 10, 15, 0]
[-15, -15, -11, -7] [13, 12, -8, 5] [2, 10, -14, -5] [39, 14, -72, 24] [-1, -15, -19, 37] [2, 12, -12, 4] [-19, -36, 7, 16]
[9, 13, 2, 7] [14, 4, -6, -19] [7, -8, 11, 0] [-13, 0, -21, 1] [2, 10, -10, 10] [23, 2, -19, 2] [28, 5, 6, 13]
[4, -9, -12, -10] [1, 1, -8, -3] [3, 4, 15, -5] [-12, 20, -22, -11] [29, 9, -12, 8] [22, -6, -27, 11] [-5, -1, 3, 1]
Food (up, right, down, left):
[30, 14, -7, 10] [-9, 6, -8, -31] [23, -15, -9, 14] [-8, -4, 16, 24] [-3, 14, -1, -1] [-2, -6, 10, -12] [-25, 19, -3, -7]
[-60, -5, -17, -26] [-2, -10, -14, -14] [-11, 18, 3, 17] [-4, 14, -25, 28] [11, 7, 5, -39] [31, -10, -18, 8] [11, -2, 13, 16]
[-18, 18, 4, -26] [-7, -9, -5, 29] [-33, -21, -23, 12] [32, -16, 18, -1] [-13, -7, -6, -4] [-5, 3, -39, -35] [14, 26, -3, 25]
[11, -1, 11, 29] [-15, -8, -34, 26] [-4, 0, -25, -11] [0, 0, 0, 0] [-22, 53, -23, 1] [-26, -4, -16, -6] [-7, 13, -8, 7]
[-15, 19, -6, 19] [8, -1, 16, 19] [22, -14, 29, -8] [-21, -16, 17, -8] [-1, -5, 18, -34] [-6, 48, 17, 23] [16, 2, -4, -44]
[19, -12, -1, -6] [-3, 14, 24, 15] [5, 14, 8, 14] [-4, -18, 11, -19] [-24, -25, -8, -28] [-9, 22, -8, 21] [12, 50, -8, 18]
[-5, 8, -23, -5] [8, -2, 11, -25] [10, 15, 1, -11] [4, 17, 38, -36] [28, 33, -6, -4] [9, 30, 5, -10] [24, -31, 14, -19]
------------------------------
DEAD: Wall
Head: (12 38)
Body: (12 38) (12 39) (11 39) (11 38) (11 37) (11 36) (11 35) (12 35) (13 35) 
Length: 9, 4
Vision: 3
Hungry, suplies: 8/10
Reproductive: 16, mutating: 0.25
Generation: 29854
####################################
Wall (up, right, down, left):
[9, -5, -18, 5] [5, -16, -18, -6] [-13, 4, 1, -9] [10, 8, 20, 8] [-17, 5, 31, -23] [-1, 3, 9, -19] [-30, -11, -15, -17]
[-1, 4, 14, -7] [15, 21, 7, 0] [-11, 11, -1, -7] [-22, 13, 6, 4] [23, 7, -6, -1] [-12, -13, 4, 6] [-18, -4, 20, -14]
[-5, 1, 43, -5] [-6, 11, -10, 12] [-13, -4, 21, -5] [-69, 17, 34, 28] [-39, -30, -31, 12] [-7, -24, 10, 22] [-21, -7, -11, -17]
[5, 10, 2, -50] [11, 2, 11, -34] [0, 15, -1, -90] [0, 0, 0, 0] [31, -85, 20, 11] [15, -7, 2, 17] [3, 10, 12, 0]
[-15, -15, -11, -7] [13, 12, -8, 5] [2, 10, -14, -5] [39, 14, -72, 24] [-1, -15, -19, 37] [2, 12, -12, 4] [-19, -36, 7, 16]
[9, 13, 2, 7] [14, 4, -6, -19] [7, -8, 11, 0] [-13, 0, -21, 1] [2, 10, -10, 10] [23, 2, -19, 2] [28, 5, 6, 13]
[4, -9, -12, -10] [1, 1, -8, -3] [3, 4, 15, -5] [-12, 20, -22, -11] [29, 9, -12, 8] [22, -6, -27, 11] [-5, -1, 3, 1]
Food (up, right, down, left):
[30, 14, -7, 10] [-9, 6, -8, -31] [23, -15, -9, 14] [-8, -4, 16, 24] [-4, 14, -1, -1] [-2, -6, 10, -12] [-25, 19, -3, -7]
[-60, -5, -17, -26] [-2, -10, -14, -14] [-11, 18, 3, 17] [-4, 14, -25, 28] [11, 7, 5, -39] [31, -10, -18, 8] [11, -2, 13, 16]
[-18, 18, 4, -26] [-7, -9, -5, 29] [-33, -21, -23, 12] [32, -16, 18, -1] [-13, -7, -6, -4] [-5, 3, -39, -35] [14, 26, -3, 25]
[11, -1, 11, 29] [-15, -8, -34, 26] [-4, 0, -25, -11] [0, 0, 0, 0] [-22, 53, -23, 1] [-26, -4, -16, -6] [-7, 16, -8, 7]
[-15, 19, -6, 19] [8, -1, 16, 19] [22, -14, 29, -8] [-21, -16, 17, -8] [-1, -5, 18, -34] [-6, 48, 17, 23] [16, 2, -4, -44]
[19, -12, -1, -6] [-3, 14, 24, 15] [5, 14, 8, 14] [-4, -18, 11, -19] [-24, -25, -8, -28] [-9, 22, -8, 21] [12, 50, -8, 18]
[-5, 8, -23, -5] [8, -2, 11, -25] [10, 15, 1, -11] [4, 17, 38, -36] [28, 33, -6, -4] [9, 30, 5, -10] [24, -31, 14, -19]
------------------------------
ALIVE
Head: (11 35)
Body: (11 35) (10 35) (10 36) (10 37) (10 38) (9 38) (9 37) (9 36) (9 35) (9 34) (9 33) (8 33) (8 32) (7 32) 
Length: 14, 4
Vision: 3
Hungry, suplies: 3/10
Reproductive: 16, mutating: 0.25
Generation: 29851
####################################
Wall (up, right, down, left):
[9, -5, -18, 5] [5, -16, -18, -6] [-13, 4, 1, -9] [10, 8, 20, 8] [-17, 5, 31, -23] [-1, 3, 9, -19] [-30, -11, -15, -17]
[-1, 4, 14, -7] [15, 21, 7, 0] [-11, 11, -1, -7] [-22, 13, 6, 4] [23, 7, -6, -1] [-12, -13, 4, 6] [-18, -4, 20, -14]
[-5, 1, 43, -5] [-6, 11, -10, 12] [-13, -4, 21, -5] [-69, 17, 34, 28] [-39, -30, -31, 12] [-7, -24, 10, 22] [-21, -7, -11, -17]
[5, 10, 2, -50] [11, 2, 11, -34] [0, 15, -1, -90] [0, 0, 0, 0] [31, -85, 20, 11] [15, -7, 2, 17] [3, 10, 12, 0]
[-15, -15, -11, -7] [13, 12, -8, 5] [2, 10, -14, -5] [39, 14, -72, 24] [-1, -15, -19, 37] [2, 12, -12, 4] [-19, -36, 7, 16]
[9, 13, 2, 7] [14, 4, -6, -19] [7, -8, 11, 0] [-13, 0, -21, 1] [2, 10, -10, 10] [23, 2, -19, 2] [28, 5, 6, 13]
[4, -9, -12, -10] [1, 1, -8, -3] [3, 4, 15, -5] [-12, 20, -22, -11] [29, 9, -12, 8] [22, -6, -27, 11] [-5, -1, 3, 1]
Food (up, right, down, left):
[30, 14, -7, 10] [-9, 6, -8, -31] [23, -15, -9, 14] [-8, -4, 16, 24] [-4, 14, -1, -1] [-2, -6, 10, -12] [-25, 19, -3, -7]
[-60, -5, -17, -26] [-2, -10, -14, -14] [-11, 18, 3, 17] [-4, 14, -25, 28] [11, 7, 5, -39] [31, -10, -18, 8] [11, -2, 13, 16]
[-18, 18, 4, -26] [-7, -9, -5, 29] [-33, -21, -23, 12] [32, -16, 18, -1] [-13, -7, -6, -4] [-5, 3, -39, -35] [14, 26, -3, 25]
[11, -1, 11, 29] [-15, -8, -34, 26] [-4, 0, -25, -11] [0, 0, 0, 0] [-22, 53, -23, 1] [-26, -4, -16, -6] [-7, 16, -8, 7]
[-15, 19, -6, 19] [8, -1, 16, 19] [22, -14, 29, -8] [-21, -16, 17, -8] [-1, -5, 18, -34] [-6, 48, 17, 23] [16, 2, -4, -44]
[19, -12, -1, -6] [-3, 14, 24, 15] [5, 14, 8, 14] [-4, -18, 11, -19] [-24, -25, -8, -28] [-9, 22, -8, 21] [12, 50, -8, 18]
[-5, 8, -23, -5] [8, -2, 11, -25] [10, 15, 1, -11] [4, 17, 38, -36] [28, 33, -6, -4] [9, 30, 5, -10] [24, -31, 14, -19]
------------------------------
ALIVE
Head: (8 8)
Body: (8 8) (8 9) (7 9) (7 8) (6 8) (6 9) (6 10) (7 10) (7 11) (6 11) (5 11) (5 10) (4 10) (3 10) 
Length: 14, 4
Vision: 3
Hungry, suplies: 8/10
Reproductive: 16, mutating: 0.25
Generation: 29850
####################################
Wall (up, right, down, left):
[9, -5, -18, 5] [5, -16, -18, -6] [-13, 4, 1, -9] [10, 8, 20, 8] [-17, 5, 31, -23] [-1, 3, 9, -19] [-30, -11, -15, -17]
[-1, 4, 14, -7] [15, 21, 7, 0] [-11, 11, -1, -7] [-22, 13, 6, 4] [23, 7, -6, -1] [-12, -13, 4, 6] [-18, -4, 20, -14]
[-5, 1, 43, -5] [-6, 11, -10, 12] [-13, -4, 21, -5] [-69, 17, 34, 28] [-39, -30, -31, 12] [-7, -24, 10, 22] [-21, -7, -11, -17]
[5, 10, 2, -50] [11, 2, 11, -34] [0, 15, -1, -90] [0, 0, 0, 0] [31, -85, 20, 11] [15, -7, 2, 17] [3, 10, 12, 0]
[-15, -15, -11, -7] [13, 12, -8, 5] [2, 10, -14, -5] [39, 14, -72, 24] [-1, -15, -19, 37] [2, 12, -12, 4] [-19, -36, 7, 16]
[9, 13, 2, 7] [14, 4, -6, -19] [7, -8, 11, 0] [-13, 0, -21, 1] [2, 10, -10, 10] [23, 2, -19, 2] [28, 5, 6, 13]
[4, -9, -12, -10] [1, 1, -8, -3] [3, 4, 15, -5] [-12, 20, -22, -11] [29, 9, -12, 8] [22, -6, -27, 11] [-5, -1, 3, 1]
Food (up, right, down, left):
[30, 14, -7, 10] [-9, 6, -8, -31] [23, -15, -9, 14] [-8, -4, 16, 24] [-3, 14, -1, -1] [-2, -6, 10, -12] [-25, 19, -3, -7]
[-60, -5, -17, -26] [-2, -10, -14, -14] [-11, 18, 3, 17] [-4, 14, -25, 28] [11, 7, 5, -39] [31, -10, -18, 8] [11, -2, 13, 16]
[-18, 18, 4, -26] [-7, -9, -5, 29] [-33, -21, -23, 12] [32, -16, 18, -1] [-13, -7, -6, -4] [-5, 3, -39, -35] [14, 26, -3, 25]
[11, -1, 11, 29] [-15, -8, -34, 26] [-4, 0, -25, -11] [0, 0, 0, 0] [-22, 53, -23, 1] [-26, -4, -16, -6] [-7, 16, -8, 7]
[-15, 19, -6, 19] [8, -1, 16, 19] [22, -14, 29, -8] [-21, -16, 17, -8] [-1, -5, 18, -34] [-6, 48, 17, 23] [16, 2, -4, -44]
[19, -12, -1, -6] [-3, 14, 24, 15] [5, 14, 8, 14] [-4, -18, 11, -19] [-24, -25, -8, -28] [-9, 22, -8, 21] [12, 50, -8, 18]
[-5, 8, -23, -5] [8, -2, 11, -25] [10, 15, 1, -11] [4, 17, 38, -36] [28, 33, -6, -4] [9, 30, 5, -10] [24, -31, 14, -19]
------------------------------
ALIVE
Head: (20 42)
Body: (20 42) (19 42) (18 42) (17 42) (17 41) (17 40) (18 40) (19 40) 
Length: 8, 4
Vision: 3
Hungry, suplies: 5/10
Reproductive: 16, mutating: 0.25
Generation: 29853
####################################
Wall (up, right, down, left):
[9, -5, -18, 5] [5, -16, -18, -6] [-13, 4, 1, -9] [10, 8, 20, 8] [-17, 5, 31, -23] [-1, 3, 9, -19] [-30, -11, -15, -17]
[-1, 4, 14, -7] [15, 21, 7, 0] [-11, 11, -1, -7] [-22, 13, 6, 4] [23, 7, -6, -1] [-12, -13, 4, 6] [-18, -4, 20, -14]
[-5, 1, 43, -5] [-6, 11, -10, 12] [-13, -4, 21, -5] [-69, 17, 34, 28] [-39, -30, -31, 12] [-7, -24, 10, 22] [-21, -7, -11, -17]
[5, 10, 2, -50] [11, 2, 11, -34] [0, 15, -1, -90] [0, 0, 0, 0] [31, -85, 20, 11] [15, -7, 2, 17] [3, 10, 12, 0]
[-15, -15, -11, -7] [13, 12, -8, 5] [2, 10, -14, -8] [39, 14, -72, 24] [-1, -15, -19, 37] [2, 12, -12, 4] [-19, -36, 7, 16]
[9, 13, 2, 7] [14, 4, -6, -19] [7, -8, 11, 0] [-13, 0, -21, 1] [2, 10, -10, 10] [23, 2, -19, 2] [28, 5, 6, 13]
[4, -9, -12, -10] [1, 1, -8, -3] [3, 4, 15, -5] [-12, 20, -22, -11] [29, 9, -12, 8] [22, -6, -27, 11] [-5, -1, 3, 1]
Food (up, right, down, left):
[30, 14, -7, 10] [-9, 6, -8, -31] [23, -15, -9, 14] [-8, -4, 16, 24] [-3, 14, -1, -1] [-2, -6, 10, -12] [-25, 19, -3, -7]
[-60, -5, -17, -26] [-2, -10, -14, -14] [-11, 18, 3, 17] [-4, 14, -25, 28] [11, 7, 5, -39] [31, -10, -18, 8] [11, -2, 13, 16]
[-18, 18, 4, -26] [-7, -9, -5, 29] [-33, -21, -23, 12] [32, -16, 18, -1] [-13, -7, -6, -4] [-5, 3, -39, -35] [14, 26, -3, 25]
[11, -1, 11, 29] [-15, -8, -34, 26] [-4, 0, -25, -11] [0, 0, 0, 0] [-22, 53, -23, 1] [-26, -4, -16, -6] [-7, 16, -8, 7]
[-15, 19, -6, 19] [8, -1, 16, 19] [22, -11, 29, -8] [-21, -16, 17, -8] [-1, -5, 18, -34] [-6, 48, 17, 23] [16, 2, -4, -44]
[19, -12, -1, -6] [-3, 14, 24, 15] [5, 14, 8, 14] [-4, -18, 11, -19] [-24, -25, -8, -28] [-9, 22, -8, 21] [12, 50, -8, 18]
[-5, 8, -23, -5] [8, -2, 11, -25] [10, 15, 1, -11] [4, 17, 38, -36] [28, 33, -6, -4] [9, 30, 5, -10] [24, -31, 14, -19]
------------------------------
ALIVE
Head: (22 53)
Body: (22 53) (23 53) (23 52) (23 51) (-1 51) (0 51) (1 51) (1 50) (1 49) 
Length: 9, 4
Vision: 3
Hungry, suplies: 5/10
Reproductive: 16, mutating: 0.25
Generation: 29853
####################################
Wall (up, right, down, left):
[9, -5, -18, 5] [5, -16, -18, -6] [-13, 4, 1, -9] [10, 8, 20, 12] [-17, 5, 31, -23] [-1, 3, 9, -19] [-30, -11, -15, -17]
[-1, 4, 14, -7] [15, 21, 7, 0] [-11, 11, -1, -7] [-22, 13, 6, 4] [23, 7, -6, -1] [-12, -13, 4, 6] [-18, -4, 20, -14]
[-5, -1, 43, -5] [-6, 11, -10, 12] [-13, -4, 21, -5] [-69, 17, 34, 28] [-39, -30, -31, 12] [-7, -24, 10, 22] [-21, -7, -11, -17]
[5, 10, 2, -50] [11, 2, 11, -34] [0, 15, -1, -90] [0, 0, 0, 0] [31, -85, 20, 11] [15, -7, 2, 17] [3, 10, 12, 0]
[-15, -15, -11, -7] [13, 12, -8, 5] [2, 10, -14, -5] [39, 14, -72, 24] [-1, -15, -19, 37] [2, 12, -12, 4] [-19, -36, 7, 16]
[9, 13, 2, 7] [14, 4, -6, -19] [7, -8, 11, 0] [-13, 0, -21, 1] [2, 10, -10, 10] [23, 2, -19, 2] [28, 5, 6, 13]
[4, -9, -12, -10] [1, 1, -8, -3] [3, 4, 15, -5] [-12, 20, -22, -11] [29, 9, -12, 8] [22, -6, -27, 11] [-5, -1, 3, 1]
Food (up, right, down, left):
[30, 14, -7, 10] [-9, 6, -8, -31] [23, -15, -9, 14] [-11, -4, 16, 24] [-3, 14, -1, -1] [-2, -6, 10, -12] [-25, 19, -3, -7]
[-60, -5, -17, -26] [-2, -10, -14, -14] [-11, 18, 3, 17] [-4, 14, -25, 28] [11, 7, 5, -39] [31, -10, -18, 8] [11, -2, 13, 16]
[-18, 18, 2, -26] [-7, -9, -5, 29] [-33, -21, -23, 12] [32, -16, 18, -1] [-13, -7, -6, -4] [-5, 3, -39, -35] [14, 26, -3, 25]
[11, -1, 11, 29] [-15, -8, -34, 26] [-4, 0, -25, -11] [0, 0, 0, 0] [-22, 53, -23, 1] [-26, -4, -16, -6] [-7, 16, -8, 7]
[-15, 19, -6, 19] [8, -1, 16, 19] [22, -14, 29, -8] [-21, -16, 17, -8] [-1, -5, 18, -34] [-6, 48, 17, 23] [16, 2, -4, -44]
[19, -12, -1, -6] [-3, 14, 24, 15] [5, 14, 8, 14] [-4, -18, 11, -19] [-24, -25, -8, -28] [-9, 22, -8, 21] [12, 50, -8, 18]
[-5, 8, -23, -5] [8, -2, 11, -25] [10, 15, 1, -11] [4, 17, 38, -36] [28, 33, -6, -4] [9, 30, 5, -10] [24, -31, 14, -19]
------------------------------
ALIVE
Head: (10 27)
Body: (10 27) (10 26) (10 25) (9 25) (9 24) (9 23) (8 23) (8 22) (8 21) (8 20) (7 20) (7 19) (7 18) 
Length: 13, 4
Vision: 3
Hungry, suplies: 10/10
Reproductive: 16, mutating: 0.25
Generation: 29847
####################################
Wall (up, right, down, left):
[9, -5, -18, 5] [5, -16, -18, -6] [-13, 4, 1, -9] [10, 8, 20, 12] [-17, 5, 31, -23] [-1, 3, 9, -19] [-30, -11, -15, -17]
[-1, 4, 14, -7] [15, 21, 7, 0] [-11, 11, -1, -7] [-22, 13, 6, 4] [23, 3, -6, -1] [-12, -13, 4, 6] [-18, -4, 20, -14]
[-5, -1, 43, -5] [-6, 11, -10, 12] [-13, -4, 21, -5] [-69, 17, 34, 28] [-39, -30, -31, 12] [-7, -24, 10, 22] [-21, -7, -11, -17]
[5, 10, 2, -50] [11, 2, 11, -34] [0, 15, -1, -90] [0, 0, 0, 0] [31, -85, 20, 11] [15, -7, 2, 17] [3, 10, 12, 0]
[-15, -15, -11, -7] [13, 12, -8, 5] [2, 10, -14, -5] [39, 14, -72, 24] [-1, -15, -19, 37] [2, 12, -12, 4] [-19, -36, 7, 16]
[9, 13, 2, 7] [14, 4, -6, -19] [7, -8, 11, 0] [-13, 0, -21, 1] [2, 10, -10, 10] [23, 2, -19, 2] [28, 5, 6, 13]
[4, -9, -12, -10] [1, 1, -8, -3] [3, 4, 15, -5] [-12, 20, -22, -11] [29, 9, -12, 8] [22, -6, -27, 11] [-5, -1, 3, 1]
Food (up, right, down, left):
[30, 14, -7, 10] [-9, 6, -8, -31] [23, -15, -9, 14] [-11, -4, 16, 24] [-3, 14, -1, -1] [-2, -6, 10, -12] [-25, 19, -3, -7]
[-60, -5, -17, -26] [-2, -10, -14, -14] [-11, 18, 3, 17] [-4, 14, -25, 28] [15, 7, 5, -39] [31, -10, -18, 8] [11, -2, 13, 16]
[-18, 18, 2, -26] [-7, -9, -5, 29] [-33, -21, -23, 12] [32, -16, 18, -1] [-13, -7, -6, -4] [-5, 3, -39, -35] [14, 26, -3, 25]
[11, -1, 11, 29] [-15, -8, -34, 26] [-4, 0, -25, -11] [0, 0, 0, 0] [-22, 53, -23, 1] [-26, -4, -16, -6] [-7, 16, -8, 7]
[-15, 19, -6, 19] [8, -1, 16, 19] [22, -14, 29, -8] [-21, -16, 17, -8] [-1, -5, 18, -34] [-6, 48, 17, 23] [16, 2, -4, -44]
[19, -12, -1, -6] [-3, 14, 24, 15] [5, 14, 8, 14] [-4, -18, 11, -19] [-24, -25, -8, -28] [-9, 22, -8, 21] [12, 50, -8, 18]
[-5, 8, -23, -5] [8, -2, 11, -25] [10, 15, 1, -11] [4, 17, 38, -36] [28, 33, -6, -4] [9, 30, 5, -10] [24, -31, 14, -19]
------------------------------
ALIVE
Head: (20 53)
Body: (20 53) (20 52) (20 51) (19 51) (18 51) (18 50) (19 50) (20 50) (21 50) (21 49) (21 48) (22 48) (22 47) 
Length: 13, 4
Vision: 3
Hungry, suplies: 8/10
Reproductive: 16, mutating: 0.25
Generation: 29849
####################################
Wall (up, right, down, left):
[9, -5, -18, 5] [5, -16, -18, -6] [-13, 4, 1, -9] [10, 8, 20, 12] [-17, 5, 31, -23] [-1, 3, 9, -19] [-30, -11, -15, -17]
[-1, 4, 14, -7] [15, 21, 7, 0] [-11, 11, -1, -7] [-22, 13, 6, 4] [23, 7, -6, -1] [-12, -13, 4, 6] [-18, -1, 20, -14]
[-4, 1, 43, -5] [-6, 11, -10, 12] [-13, -4, 21, -5] [-69, 17, 34, 28] [-39, -30, -31, 12] [-7, -24, 10, 22] [-21, -7, -11, -15]
[5, 10, 2, -50] [11, 2, 11, -34] [0, 15, -1, -90] [0, 0, 0, 0] [31, -85, 20, 11] [15, -7, 2, 17] [3, 10, 12, -3]
[-15, -15, -11, -7] [16, 12, -8, 5] [2, 10, -14, -5] [39, 14, -72, 24] [-1, -15, -19, 37] [2, 12, -12, 4] [-19, -36, 7, 16]
[9, 13, 2, 7] [14, 4, -6, -19] [7, -8, 11, 0] [-13, 0, -21, 1] [2, 10, -10, 10] [23, 2, -19, 2] [28, 5, 6, 13]
[4, -11, -12, -10] [1, 1, -8, -3] [3, 4, 15, -5] [-12, 20, -22, -11] [29, 9, -12, 8] [22, -6, -27, 11] [-5, -1, 3, 1]
Food (up, right, down, left):
[30, 14, -7, 10] [-9, 6, -8, -31] [23, -15, -9, 14] [-11, -4, 16, 24] [-3, 14, -1, -1] [-2, -6, 10, -12] [-25, 19, -3, -7]
[-60, -5, -17, -26] [-2, -10, -14, -14] [-11, 18, 3, 17] [-4, 14, -25, 28] [11, 7, 5, -39] [31, -10, -18, 8] [11, -2, 13, 13]
[-18, 21, 4, -26] [-7, -9, -5, 29] [-33, -21, -23, 12] [32, -16, 18, -1] [-13, -7, -6, -4] [-5, 3, -39, -35] [14, 26, -3, 27]
[11, -1, 11, 29] [-15, -8, -34, 26] [-4, 0, -25, -11] [0, 0, 0, 0] [-22, 53, -23, 1] [-26, -4, -16, -6] [-12, 16, -8, 7]
[-15, 19, -6, 19] [8, -1, 15, 19] [22, -14, 29, -8] [-21, -16, 17, -8] [-1, -5, 18, -34] [-6, 48, 17, 23] [16, 2, -4, -44]
[19, -12, -1, -6] [-3, 14, 24, 15] [5, 14, 8, 14] [-4, -18, 11, -19] [-24, -25, -8, -28] [-9, 22, -8, 21] [12, 50, -8, 18]
[-5, 8, -23, -4] [8, -2, 11, -25] [10, 15, 1, -11] [4, 17, 38, -36] [28, 33, -6, -4] [9, 30, 5, -10] [24, -31, 14, -19]
------------------------------
ALIVE
Head: (13 5)
Body: (13 5) (13 4) (14 4) (15 4) (16 4) (17 4) (18 4) (18 5) (17 5) 
Length: 9, 4
Vision: 3
Hungry, suplies: 9/10
Reproductive: 16, mutating: 0.25
Generation: 29856
####################################
Wall (up, right, down, left):
[9, -5, -18, 5] [5, -16, -18, -6] [-13, 4, 1, -9] [10, 8, 20, 12] [-17, 5, 31, -23] [-1, 3, 9, -19] [-30, -11, -15, -17]
[-1, 4, 14, -7] [15, 21, 7, 0] [-11, 11, -1, -7] [-22, 13, 6, 4] [23, 3, -6, -1] [-12, -13, 4, 6] [-18, -2, 20, -14]
[-5, -1, 43, -5] [-6, 11, -10, 12] [-13, -4, 21, -5] [-69, 17, 34, 28] [-39, -30, -31, 12] [-7, -24, 10, 22] [-21, -7, -11, -17]
[5, 10, 2, -50] [11, 2, 11, -34] [0, 15, -1, -90] [0, 0, 0, 0] [31, -85, 20, 11] [15, -7, 2, 17] [3, 10, 12, 0]
[-15, -15, -11, -7] [13, 12, -8, 5] [2, 10, -14, -5] [39, 14, -72, 24] [-1, -15, -19, 37] [2, 12, -12, 4] [-19, -36, 7, 16]
[9, 13, 2, 7] [14, 4, -6, -19] [7, -8, 11, 0] [-13, 0, -21, 1] [2, 10, -10, 10] [23, 2, -19, 2] [28, 5, 6, 13]
[4, -9, -12, -10] [1, 1, -8, -3] [3, 4, 15, -5] [-12, 20, -22, -11] [29, 9, -12, 8] [22, -6, -27, 11] [-5, -1, 3, 1]
Food (up, right, down, left):
[30, 14, -7, 10] [-9, 6, -8, -31] [23, -15, -9, 14] [-11, -4, 16, 24] [-3, 14, -1, -1] [-2, -6, 10, -12] [-25, 19, -3, -7]
[-60, -5, -17, -26] [-2, -10, -14, -14] [-11, 18, 3, 17] [-4, 14, -25, 28] [15, 7, 5, -39] [31, -10, -18, 8] [11, 1, 13, 16]
[-18, 18, 2, -26] [-7, -9, -5, 29] [-33, -21, -23, 12] [32, -16, 18, -1] [-13, -7, -6, -4] [-5, 3, -39, -35] [14, 26, -3, 25]
[11, -1, 11, 29] [-15, -8, -34, 26] [-4, 0, -25, -11] [0, 0, 0, 0] [-22, 53, -23, 1] [-26, -4, -16, -6] [-7, 16, -8, 7]
[-15, 19, -6, 19] [8, -1, 16, 19] [22, -14, 29, -8] [-21, -16, 17, -8] [-1, -5, 18, -34] [-6, 48, 17, 23] [16, 2, -4, -44]
[19, -12, -1, -6] [-3, 14, 24, 15] [5, 14, 8, 14] [-4, -18, 11, -19] [-24, -25, -8, -28] [-9, 22, -8, 21] [12, 50, -8, 18]
[-5, 8, -23, -5] [8, -2, 11, -25] [10, 15, 1, -11] [4, 17, 38, -36] [28, 33, -6, -4] [9, 30, 5, -10] [24, -31, 14, -19]
------------------------------
ALIVE
Head: (16 40)
Body: (16 40) (16 39) (17 39) (18 39) (19 39) (20 39) (20 38) (20 37) 
Length: 8, 4
Vision: 3
Hungry, suplies: 9/10
Reproductive: 16, mutating: 0.25
Generation: 29851
####################################
Wall (up, right, down, left):
[9, -5, -18, 5] [5, -16, -18, -6] [-13, 4, 1, -9] [10, 8, 20, 8] [-17, 5, 31, -23] [-1, 3, 9, -16] [-30, -11, -15, -17]
[-1, 4, 14, -7] [15, 21, 7, 0] [-11, 11, -1, -7] [-22, 13, 6, 4] [23, 7, -6, -1] [-12, -13, 4, 6] [-18, -4, 20, -14]
[-5, 1, 43, -5] [-6, 11, -10, 12] [-13, -4, 21, -5] [-69, 17, 34, 28] [-39, -30, -31, 12] [-7, -24, 9, 22] [-21, -7, -11, -17]
[5, 10, 2, -50] [11, 2, 11, -34] [0, 15, -1, -90] [0, 0, 0, 0] [31, -85, 20, 11] [15, -7, 2, 17] [3, 10, 12, 0]
[-15, -15, -11, -7] [13, 12, -8, 5] [2, 10, -14, -5] [39, 14, -72, 24] [-1, -15, -19, 37] [2, 12, -12, 4] [-19, -36, 7, 16]
[9, 13, 2, 7] [14, 4, -6, -19] [7, -8, 11, 0] [-13, 0, -21, 1] [2, 10, -10, 10] [23, 2, -19, 2] [28, 5, 6, 13]
[4, -9, -12, -10] [1, 1, -8, -3] [3, 4, 15, -5] [-12, 20, -22, -11] [29, 9, -12, 8] [22, -6, -27, 11] [-5, -1, 3, 1]
Food (up, right, down, left):
[30, 14, -7, 10] [-9, 6, -8, -31] [23, -15, -9, 14] [-8, -4, 16, 24] [-4, 14, -1, -1] [-2, -8, 10, -12] [-25, 19, -3, -7]
[-60, -5, -17, -26] [-2, -10, -14, -14] [-11, 18, 3, 17] [-4, 14, -25, 28] [11, 7, 5, -39] [31, -10, -18, 8] [11, -2, 13, 16]
[-18, 18, 4, -26] [-7, -9, -5, 29] [-33, -21, -23, 12] [32, -16, 18, -1] [-13, -7, -6, -4] [0, 3, -39, -35] [14, 26, -3, 25]
[11, -1, 11, 29] [-15, -8, -34, 26] [-4, 0, -25, -11] [0, 0, 0, 0] [-22, 53, -23, 1] [-26, -4, -16, -6] [-7, 16, -8, 7]
[-15, 19, -6, 19] [8, -1, 16, 19] [22, -14, 29, -8] [-21, -16, 17, -8] [-1, -5, 18, -34] [-6, 48, 17, 23] [16, 2, -4, -44]
[19, -12, -1, -6] [-3, 14, 24, 15] [5, 14, 8, 14] [-4, -18, 11, -19] [-24, -25, -8, -28] [-9, 22, -8, 21] [12, 50, -8, 18]
[-5, 8, -23, -5] [8, -2, 11, -25] [10, 15, 1, -11] [4, 17, 38, -36] [28, 33, -6, -4] [9, 30, 5, -10] [24, -31, 14, -19]
------------------------------
ALIVE
Head: (7 15)
Body: (7 15) (6 15) (5 15) (5 14) (4 14) (3 14) (3 13) 
Length: 7, 4
Vision: 3
Hungry, suplies: 8/10
Reproductive: 16, mutating: 0.25
Generation: 29852
####################################
Wall (up, right, down, left):
[9, -5, -18, 5] [5, -16, -18, -6] [-13, 4, 1, -9] [10, 8, 20, 8] [-17, 5, 31, -23] [-1, 3, 9, -19] [-30, -11, -15, -17]
[-1, 4, 14, -7] [15, 21, 7, 0] [-11, 11, -1, -7] [-22, 13, 6, 4] [23, 7, -6, -1] [-12, -13, 4, 6] [-18, -4, 20, -14]
[-5, 1, 43, -5] [-6, 11, -10, 12] [-13, -4, 21, -5] [-69, 17, 34, 28] [-39, -30, -31, 12] [-7, -24, 10, 22] [-21, -7, -11, -17]
[5, 10, 2, -50] [11, 2, 11, -34] [0, 15, -1, -90] [0, 0, 0, 0] [31, -85, 20, 12] [15, -7, 2, 17] [3, 10, 15, 0]
[-15, -15, -11, -7] [13, 12, -8, 5] [2, 10, -14, -5] [39, 14, -72, 24] [-1, -15, -19, 37] [2, 12, -12, 4] [-19, -36, 7, 16]
[9, 13, 2, 7] [14, 4, -6, -19] [7, -8, 11, 0] [-13, 0, -21, 1] [2, 10, -10, 10] [23, 2, -19, 2] [28, 5, 6, 13]
[4, -9, -12, -10] [1, 1, -8, -3] [3, 4, 15, -5] [-12, 20, -22, -11] [29, 9, -12, 8] [22, -6, -27, 11] [-5, -1, 3, 1]
Food (up, right, down, left):
[30, 14, -7, 10] [-9, 6, -8, -31] [23, -15, -9, 14] [-8, -4, 16, 24] [-3, 14, -1, -1] [-2, -6, 10, -12] [-25, 19, -3, -7]
[-60, -5, -17, -26] [-2, -10, -14, -14] [-11, 18, 3, 17] [-4, 14, -25, 28] [11, 7, 5, -39] [31, -10, -18, 8] [11, -2, 13, 16]
[-18, 18, 4, -26] [-7, -9, -5, 29] [-33, -21, -23, 12] [32, -16, 18, -1] [-13, -7, -6, -4] [-5, 3, -39, -35] [14, 26, -3, 25]
[11, -1, 11, 29] [-15, -8, -34, 26] [-4, 0, -25, -11] [0, 0, 0, 0] [-22, 53, -23, -3] [-26, -4, -16, -6] [-7, 13, -8, 7]
[-15, 19, -6, 19] [8, -1, 16, 19] [22, -14, 29, -8] [-21, -16, 17, -8] [-1, -5, 18, -34] [-6, 48, 17, 23] [16, 2, -4, -44]
[19, -12, -1, -6] [-3, 14, 24, 15] [5, 14, 8, 14] [-4, -18, 11, -19] [-24, -25, -8, -28] [-9, 22, -8, 21] [12, 50, -8, 18]
[-5, 8, -23, -5] [8, -2, 11, -25] [10, 15, 1, -11] [4, 17, 38, -36] [28, 33, -6, -4] [9, 30, 5, -10] [24, -31, 14, -19]
------------------------------
ALIVE
Head: (14 19)
Body: (14 19) (14 20) (15 20) (16 20) (16 21) (16 22) (15 22) (15 23) (15 24) (16 24) (16 25) 
Length: 11, 4
Vision: 3
Hungry, suplies: 9/10
Reproductive: 16, mutating: 0.25
Generation: 29855
####################################
Wall (up, right, down, left):
[9, -5, -18, 5] [5, -16, -18, -6] [-13, 4, 1, -9] [10, 8, 20, 12] [-17, 5, 31, -23] [-1, 3, 9, -19] [-30, -11, -15, -17]
[-1, 4, 14, -7] [15, 21, 7, 0] [-11, 11, -1, -7] [-22, 13, 6, 4] [23, 3, -6, -1] [-12, -13, 4, 6] [-18, -2, 20, -14]
[-5, -1, 43, -5] [-6, 11, -10, 12] [-13, -4, 21, -5] [-72, 17, 34, 28] [-39, -30, -31, 12] [-7, -24, 10, 22] [-21, -7, -11, -17]
[5, 10, 2, -50] [11, 2, 11, -34] [0, 15, -1, -90] [0, 0, 0, 0] [31, -85, 20, 11] [15, -7, 2, 17] [3, 10, 12, 0]
[-15, -15, -11, -7] [13, 12, -8, 5] [2, 10, -14, -5] [39, 14, -72, 24] [-1, -15, -19, 37] [2, 12, -12, 4] [-19, -36, 7, 16]
[9, 13, 2, 7] [14, 4, -6, -19] [7, -8, 11, 0] [-13, 0, -21, 1] [2, 10, -10, 10] [23, 2, -19, 2] [28, 5, 6, 13]
[4, -9, -12, -10] [1, 1, -8, -3] [3, 4, 15, -5] [-12, 20, -22, -11] [29, 9, -12, 8] [22, -6, -27, 11] [-5, -1, 3, 1]
Food (up, right, down, left):
[30, 14, -7, 10] [-9, 6, -8, -31] [23, -15, -9, 14] [-11, -4, 16, 24] [-3, 14, -1, -1] [-2, -6, 10, -12] [-25, 19, -3, -7]
[-60, -5, -17, -26] [-2, -10, -14, -14] [-11, 18, 3, 17] [-4, 14, -25, 28] [15, 7, 5, -39] [31, -10, -18, 8] [11, 1, 13, 16]
[-18, 18, 2, -26] [-7, -9, -5, 29] [-33, -21, -23, 12] [32, -16, 18, 3] [-13, -7, -6, -4] [-5, 3, -39, -35] [14, 26, -3, 25]
[11, -1, 11, 29] [-15, -8, -34, 26] [-4, 0, -25, -11] [0, 0, 0, 0] [-22, 53, -23, 1] [-26, -4, -16, -6] [-7, 16, -8, 7]
[-15, 19, -6, 19] [8, -1, 16, 19] [22, -14, 29, -8] [-21, -16, 17, -8] [-1, -5, 18, -34] [-6, 48, 17, 23] [16, 2, -4, -44]
[19, -12, -1, -6] [-3, 14, 24, 15] [5, 14, 8, 14] [-4, -18, 11, -19] [-24, -25, -8, -28] [-9, 22, -8, 21] [12, 50, -8, 18]
[-5, 8, -23, -5] [8, -2, 11, -25] [10, 15, 1, -11] [4, 17, 38, -36] [28, 33, -6, -4] [9, 30, 5, -10] [24, -31, 14, -19]
------------------------------
ALIVE
Head: (21 29)
Body: (21 29) (20 29) (20 28) (19 28) (19 29) (19 30) (18 30) (18 31) (18 32) 
Length: 9, 4
Vision: 3
Hungry, suplies: 9/10
Reproductive: 16, mutating: 0.25
Generation: 29850
####################################
Wall (up, right, down, left):
[9, -5, -18, 5] [5, -16, -18, -6] [-13, 4, 1, -9] [10, 8, 20, 8] [-17, 5, 31, -23] [-1, 3, 9, -19] [-30, -11, -15, -17]
[-1, 4, 14, -7] [15, 21, 7, 0] [-11, 11, -1, -7] [-22, 13, 6, 4] [23, 7, -6, -1] [-12, -13, 4, 6] [-18, -4, 20, -14]
[-5, 1, 43, -5] [-6, 11, -10, 12] [-13, -4, 21, -5] [-69, 17, 34, 28] [-39, -30, -31, 12] [-7, -24, 10, 22] [-21, -7, -11, -17]
[5, 10, 2, -50] [11, 2, 11, -34] [0, 15, -1, -90] [0, 0, 0, 0] [31, -85, 20, 11] [15, -7, 2, 17] [3, 10, 12, 0]
[-15, -15, -11, -7] [13, 12, -8, 5] [2, 10, -14, -5] [39, 14, -72, 24] [-1, -15, -19, 37] [2, 12, -12, 4] [-19, -36, 7, 16]
[9, 13, 2, 7] [14, 4, -6, -19] [7, -8, 11, 0] [-13, 0, -21, 1] [2, 10, -10, 10] [23, 2, -19, 2] [28, 5, 6, 13]
[4, -9, -12, -10] [1, 1, -8, -3] [3, 4, 15, -5] [-12, 20, -22, -11] [29, 9, -12, 8] [22, -6, -27, 11] [-5, -1, 3, 1]
Food (up, right, down, left):
[30, 14, -7, 10] [-9, 6, -8, -31] [23, -15, -9, 14] [-8, -4, 16, 24] [-3, 14, -1, -1] [-2, -6, 10, -12] [-25, 19, -3, -7]
[-60, -5, -17, -26] [-2, -10, -14, -14] [-11, 18, 3, 17] [-4, 14, -25, 28] [11, 7, 5, -39] [31, -10, -18, 8] [11, -2, 13, 16]
[-18, 18, 4, -26] [-7, -9, -5, 29] [-33, -21, -23, 12] [32, -16, 18, -1] [-13, -7, -6, -4] [-5, 3, -39, -35] [14, 26, -3, 25]
[11, -1, 11, 29] [-15, -8, -34, 26] [-4, 0, -25, -11] [0, 0, 0, 0] [-22, 53, -23, 1] [-26, -4, -16, -6] [-7, 16, -8, 7]
[-15, 19, -6, 19] [8, -1, 16, 19] [22, -14, 29, -8] [-21, -16, 17, -8] [-1, -5, 18, -34] [-6, 48, 17, 23] [16, 2, -4, -44]
[19, -12, -1, -6] [-3, 14, 24, 15] [5, 14, 8, 14] [-4, -18, 11, -19] [-24, -25, -8, -28] [-9, 22, -8, 21] [12, 50, -8, 18]
[-5, 8, -23, -5] [8, -2, 11, -25] [10, 15, 1, -11] [4, 17, 38, -36] [28, 33, -6, -4] [9, 30, 5, -10] [24, -31, 14, -19]
------------------------------
ALIVE
Head: (2 43)
Body: (2 43) (3 43) (3 44) (3 45) (4 45) (4 46) (4 47) (4 48) (4 49) 
Length: 9, 4
Vision: 3
Hungry, suplies: 10/10
Reproductive: 16, mutating: 0.25
Generation: 29851
####################################
Wall (up, right, down, left):
[9, -5, -18, 5] [5, -16, -18, -6] [-13, 4, 1, -9] [10, 8, 20, 8] [-17, 5, 31, -23] [-1, 3, 9, -19] [-30, -11, -15, -17]
[-1, 4, 14, -7] [15, 21, 7, 0] [-11, 11, -1, -7] [-22, 13, 6, 4] [23, 10, -6, -1] [-12, -13, 4, 6] [-18, -4, 20, -14]
[-5, 1, 43, -5] [-6, 11, -10, 12] [-13, -4, 21, -5] [-69, 17, 34, 28] [-39, -30, -31, 12] [-7, -24, 10, 22] [-21, -7, -11, -17]
[5, 10, 2, -50] [11, 2, 11, -34] [0, 15, -1, -90] [0, 0, 0, 0] [31, -85, 20, 11] [15, -7, 2, 17] [3, 10, 12, 0]
[-15, -15, -11, -7] [13, 12, -8, 5] [2, 10, -14, -5] [39, 14, -72, 24] [-1, -15, -19, 37] [2, 12, -12, 4] [-19, -36, 7, 16]
[9, 13, 2, 7] [14, 4, -6, -19] [7, -8, 11, 0] [-13, 0, -21, 1] [2, 10, -10, 10] [23, 2, -19, 2] [28, 5, 3, 13]
[4, -9, -12, -10] [1, 1, -8, -3] [3, 4, 15, -5] [-12, 20, -22, -11] [29, 9, -12, 8] [22, -6, -27, 11] [-5, -1, 3, 1]
Food (up, right, down, left):
[30, 14, -7, 10] [-9, 6, -8, -31] [23, -15, -9, 14] [-8, -4, 16, 24] [-3, 14, -1, -1] [-2, -6, 10, -12] [-25, 19, -3, -7]
[-60, -5, -17, -26] [-2, -10, -14, -14] [-11, 18, 3, 17] [-4, 14, -25, 28] [8, 7, 5, -39] [31, -10, -18, 8] [11, -2, 13, 16]
[-18, 18, 4, -26] [-7, -9, -5, 29] [-33, -21, -23, 12] [32, -16, 18, -1] [-13, -7, -6, -4] [-5, 3, -39, -35] [14, 26, -3, 25]
[11, -1, 11, 29] [-15, -8, -34, 26] [-4, 0, -25, -11] [0, 0, 0, 0] [-22, 53, -23, 1] [-26, -4, -16, -6] [-7, 16, -8, 7]
[-15, 19, -6, 19] [8, -1, 16, 19] [22, -14, 29, -8] [-21, -16, 17, -8] [-1, -5, 18, -34] [-6, 48, 17, 23] [16, 2, -4, -44]
[19, -12, -1, -6] [-3, 14, 24, 15] [5, 14, 8, 14] [-4, -18, 11, -19] [-24, -25, -8, -28] [-9, 22, -8, 21] [17, 50, -8, 18]
[-5, 8, -23, -5] [8, -2, 11, -25] [10, 15, 1, -11] [4, 17, 38, -36] [28, 33, -6, -4] [9, 30, 5, -10] [24, -31, 14, -19]
------------------------------
ALIVE
Head: (9 49)
Body: (9 49) (8 49) (7 49) (6 49) (6 50) (6 51) (6 52) (6 53) (7 53) 
Length: 9, 4
Vision: 3
Hungry, suplies: 10/10
Reproductive: 16, mutating: 0.25
Generation: 29852
####################################
Wall (up, right, down, left):
[9, -5, -18, 5] [5, -16, -18, -6] [-13, 4, 1, -9] [10, 8, 20, 8] [-17, 5, 31, -23] [-1, 3, 9, -19] [-30, -11, -15, -17]
[-1, 4, 14, -7] [15, 21, 7, 0] [-11, 11, -1, -7] [-22, 13, 6, 4] [23, 7, -6, -1] [-12, -13, 4, 6] [-18, -4, 20, -14]
[-5, 1, 43, -5] [-6, 11, -10, 12] [-13, -4, 21, -5] [-69, 17, 34, 28] [-39, -30, -31, 12] [-7, -24, 10, 22] [-21, -7, -11, -17]
[5, 10, 2, -50] [11, 2, 11, -34] [0, 15, -1, -90] [0, 0, 0, 0] [31, -85, 20, 11] [15, -7, 2, 17] [3, 10, 12, 0]
[-15, -15, -11, -7] [13, 12, -8, 5] [2, 10, -14, -5] [39, 14, -72, 24] [-1, -15, -19, 37] [2, 12, -12, 4] [-19, -36, 7, 16]
[9, 13, 2, 7] [14, 4, -6, -19] [7, -8, 11, 0] [-13, 0, -21, 1] [2, 10, -10, 10] [23, 2, -19, 2] [28, 5, 6, 13]
[4, -9, -12, -10] [1, 1, -8, -3] [3, 4, 15, -5] [-12, 20, -22, -11] [29, 9, -12, 8] [22, -6, -27, 11] [-5, -1, 3, 1]
Food (up, right, down, left):
[30, 14, -7, 10] [-9, 6, -8, -31] [23, -15, -9, 14] [-8, -4, 16, 24] [-4, 14, -1, -1] [-2, -6, 10, -12] [-25, 19, -3, -7]
[-60, -5, -17, -26] [-2, -10, -14, -14] [-11, 18, 3, 17] [-4, 14, -25, 28] [11, 7, 5, -39] [31, -10, -18, 8] [11, -2, 13, 16]
[-18, 18, 4, -26] [-7, -9, -5, 29] [-33, -21, -23, 12] [32, -16, 18, -1] [-13, -7, -6, -4] [-5, 3, -39, -35] [14, 26, -3, 25]
[11, -1, 11, 29] [-15, -8, -34, 26] [-4, 0, -25, -11] [0, 0, 0, 0] [-22, 53, -23, 1] [-26, -4, -16, -6] [-7, 16, -8, 7]
[-15, 19, -6, 19] [8, -1, 16, 19] [22, -14, 29, -8] [-21, -16, 17, -8] [-1, -5, 18, -34] [-6, 48, 17, 23] [16, 2, -4, -44]
[19, -12, -1, -6] [-3, 14, 24, 15] [5, 14, 8, 14] [-4, -18, 11, -19] [-24, -25, -8, -28] [-9, 22, -8, 21] [12, 50, -8, 18]
[-5, 8, -23, -5] [8, -2, 11, -25] [10, 15, 1, -11] [4, 17, 38, -36] [28, 33, -6, -4] [9, 30, 5, -10] [24, -31, 14, -19]
------------------------------
ALIVE
Head: (3 34)
Body: (3 34) (3 33) (3 32) (4 32) (4 33) (5 33) (5 34) (5 35) (5 36) 
Length: 9, 4
Vision: 3
Hungry, suplies: 10/10
Reproductive: 16, mutating: 0.25
Generation: 29851
####################################
