Wall (up, right, down, left):
[-6, -2, 0, -14] [-3, 7, -3, -31] [-28, -22, -5, -14] [5, 4, 21, 4] [-2, 32, 40, 2] [5, -21, -33, -15] [14, -22, -11, -9]
[-39, -6, 22, -13] [40, 25, -7, 3] [-49, 19, 11, 0] [-34, -1, 21, 9] [23, 29, 11, 10] [-28, -17, 0, -20] [-19, -8, 7, -4]
[-10, 27, 30, 42] [-14, 33, -18, -15] [-20, -3, 62, -1] [-103, 16, 51, 2] [-39, -61, -17, 26] [-17, -20, -13, 1] [0, -23, -25, 3]
[-17, 53, -13, -29] [10, -3, 27, -42] [7, 40, 11, -136] [0, 0, 0, 0] [48, -124, 23, 17] [15, -23, -9, -1] [11, 3, 36, -2]
[-1, -44, 20, 8] [3, -11, -27, -30] [-30, -16, -31, -41] [62, 11, -131, 36] [12, -9, -54, 58] [1, 20, -19, 12] [-11, -69, -25, 31]
[20, 30, 7, -13] [-35, 18, -2, 1] [36, -7, 32, -3] [-7, -8, -8, -1] [-14, -16, -31, -16] [-6, -31, -29, 13] [44, 15, 14, 1]
[-26, 15, 17, -22] [-1, -8, -47, -24] [18, 10, 26, 14] [-33, 13, -66, -25] [22, 4, -14, 36] [35, -11, -29, 28] [5, 1, 26, -5]
Food (up, right, down, left):
[16, 32, -32, 8] [-36, 28, 15, -25] [2, -10, 1, 10] [-13, 4, 54, 12] [22, -25, 58, -5] [11, -33, -21, -31] [-80, 17, 12, -32]
[-91, 18, -41, -15] [5, -34, -38, -6] [-4, 12, 39, 30] [-23, 6, -56, 49] [14, 27, 11, -58] [36, 10, -51, 3] [4, 10, 17, 63]
[-28, -20, 39, -32] [27, 21, -5, 21] [-30, -41, -34, 38] [70, -42, 22, -10] [-8, -17, -25, -24] [-16, 3, -50, -26] [66, 35, 33, 25]
[14, 38, -8, 45] [-17, -7, -20, 9] [-19, -16, -27, -9] [0, 0, 0, 0] [-11, 52, -60, -2] [-10, -32, -44, -13] [-20, 68, -19, -5]
[16, 9, -21, 32] [21, 32, 3, 45] [25, -18, 36, 25] [0, -60, 51, -8] [-1, 20, 5, -6] [7, 38, 20, 8] [-14, -28, -20, -8]
[5, -42, -18, 6] [12, 20, 15, -18] [22, -14, 26, 38] [-41, -33, 47, -20] [-49, -18, 17, -53] [-25, 48, 47, 21] [-7, 53, 33, 31]
[38, 9, -13, -10] [-11, -2, 33, -80] [35, 20, 2, -21] [-3, -3, -10, -10] [73, 38, 17, -31] [-13, 41, -2, 2] [28, -26, 25, -19]
------------------------------
ALIVE
Head: (6 9)
Body: (6 9) (7 9) (8 9) (8 8) (8 7) (7 7) (7 6) (6 6) (5 6) (4 6) (3 6) 
Length: 11, 4
Vision: 3
Hungry, suplies: 9/10
Reproductive: 16, mutating: 0.25
Generation: 65912
####################################
Wall (up, right, down, left):
[-6, -2, 0, -14] [-3, 7, -3, -31] [-28, -22, -5, -14] [5, 4, 21, 4] [-2, 32, 35, 2] [5, -21, -33, -15] [14, -22, -16, -9]
[-39, -6, 22, -11] [40, 25, -7, 3] [-49, 19, 11, 0] [-34, -4, 21, 9] [23, 29, 11, 10] [-28, -17, 0, -20] [-20, -8, 7, -4]
[-10, 31, 30, 42] [-14, 33, -16, -15] [-20, -3, 62, -1] [-103, 16, 51, 2] [-39, -61, -16, 26] [-17, -20, -11, 1] [0, -23, -25, 3]
[-17, 53, -13, -29] [10, 0, 31, -42] [7, 40, 11, -136] [0, 0, 0, 0] [48, -120, 23, 17] [15, -23, -9, -1] [11, 3, 36, -2]
[-1, -44, 20, 6] [3, -13, -27, -30] [-35, -16, -31, -40] [62, 11, -131, 36] [12, -9, -54, 58] [1, 20, -16, 15] [-11, -69, -25, 31]
[19, 30, 7, -13] [-35, 23, -2, 1] [36, -7, 37, -3] [-7, -8, -8, -1] [-14, -16, -33, -16] [-6, -31, -29, 8] [44, 15, 14, 1]
[-26, 15, 17, -22] [-1, -8, -47, -24] [18, 10, 26, 14] [-33, 13, -66, -25] [22, 4, -14, 36] [35, -11, -29, 28] [5, 1, 26, -5]
Food (up, right, down, left):
[16, 32, -32, 8] [-36, 28, 15, -25] [2, -10, 1, 10] [-13, 4, 54, 12] [22, -25, 61, -5] [11, -33, -21, -31] [-79, 17, 12, -32]
[-91, 18, -41, -20] [5, -34, -38, -6] [-4, 12, 39, 30] [-20, 6, -56, 49] [14, 27, 11, -58] [36, 10, -51, 3] [4, 10, 17, 61]
[-28, -17, 42, -32] [27, 26, -5, 21] [-30, -41, -33, 38] [70, -42, 22, -10] [-8, -17, -23, -20] [-16, 1, -46, -31] [66, 39, 33, 25]
[14, 38, -8, 45] [-17, -7, -19, 12] [-19, -16, -27, -9] [0, 0, 0, 0] [-11, 52, -60, 3] [-10, -32, -44, -13] [-20, 68, -19, -5]
[16, 6, -21, 32] [21, 32, 3, 47] [25, -19, 36, 21] [0, -60, 51, -8] [-1, 20, 5, -6] [7, 38, 20, 4] [-14, -28, -20, -8]
[5, -42, -20, 6] [12, 20, 15, -16] [22, -11, 26, 38] [-41, -33, 47, -20] [-49, -23, 17, -53] [-25, 48, 44, 21] [-7, 53, 33, 31]
[38, 9, -13, -10] [-11, -2, 33, -80] [35, 20, 2, -21] [-3, -3, -10, -10] [73, 38, 17, -31] [-13, 41, -2, 2] [28, -26, 25, -19]
------------------------------
ALIVE
Head: (13 13)
Body: (13 13) (13 12) (12 12) (11 12) (10 12) (10 11) (11 11) (12 11) (13 11) (14 11) 
Length: 10, 4
Vision: 3
Hungry, suplies: 5/10
Reproductive: 16, mutating: 0.25
Generation: 65915
####################################
Wall (up, right, down, left):
[-6, -2, 0, -14] [-3, 7, -3, -31] [-28, -22, -5, -14] [5, 4, 21, 4] [-2, 32, 40, 2] [5, -21, -33, -15] [14, -22, -11, -9]
[-39, -6, 22, -13] [40, 25, -7, 3] [-49, 19, 11, 0] [-34, -1, 21, 9] [23, 29, 11, 10] [-28, -17, 0, -20] [-19, -8, 7, -4]
[-10, 27, 30, 42] [-14, 33, -18, -15] [-20, -3, 62, -1] [-103, 16, 51, 2] [-39, -61, -17, 26] [-17, -20, -13, 1] [0, -23, -25, 3]
[-17, 53, -13, -29] [10, -3, 27, -42] [7, 40, 11, -136] [0, 0, 0, 0] [48, -124, 23, 17] [15, -23, -9, -1] [11, 3, 36, -2]
[-1, -44, 20, 8] [3, -11, -27, -30] [-30, -16, -31, -41] [62, 11, -131, 36] [12, -9, -54, 58] [1, 20, -19, 12] [-11, -69, -25, 31]
[20, 30, 7, -13] [-35, 18, -2, 1] [36, -7, 32, -3] [-7, -8, -8, -1] [-14, -16, -33, -16] [-6, -31, -29, 13] [44, 15, 14, 1]
[-26, 15, 17, -22] [-1, -8, -47, -24] [18, 10, 26, 14] [-33, 13, -66, -25] [22, 4, -14, 36] [35, -11, -29, 28] [5, 1, 26, -5]
Food (up, right, down, left):
[16, 32, -32, 8] [-36, 28, 15, -25] [2, -10, 1, 10] [-13, 4, 54, 12] [22, -25, 58, -5] [11, -33, -21, -31] [-80, 17, 12, -32]
[-91, 18, -41, -15] [5, -34, -38, -6] [-4, 12, 39, 30] [-23, 6, -56, 49] [14, 27, 11, -58] [36, 10, -51, 3] [4, 10, 17, 63]
[-28, -20, 39, -32] [27, 21, -5, 21] [-30, -41, -34, 38] [70, -42, 22, -10] [-8, -17, -25, -24] [-16, 3, -50, -26] [66, 35, 33, 25]
[14, 38, -8, 45] [-17, -7, -20, 9] [-19, -16, -27, -9] [0, 0, 0, 0] [-11, 52, -60, -2] [-10, -32, -44, -13] [-20, 68, -19, -5]
[16, 9, -21, 32] [21, 32, 3, 45] [25, -18, 36, 25] [0, -60, 51, -8] [-1, 20, 5, -6] [7, 38, 20, 8] [-14, -28, -20, -8]
[5, -42, -18, 6] [12, 20, 15, -18] [22, -14, 26, 38] [-41, -33, 47, -20] [-49, -23, 17, -53] [-25, 48, 47, 21] [-7, 53, 33, 31]
[38, 9, -13, -10] [-11, -2, 33, -80] [35, 20, 2, -21] [-3, -3, -10, -10] [73, 38, 17, -31] [-13, 41, -2, 2] [28, -26, 25, -19]
------------------------------
ALIVE
Head: (12 15)
Body: (12 15) (12 16) (13 16) (13 17) (13 18) (14 18) (14 19) (15 19) (16 19) (17 19) (17 20) 
Length: 11, 4
Vision: 3
Hungry, suplies: 9/10
Reproductive: 16, mutating: 0.25
Generation: 65912
####################################
Wall (up, right, down, left):
[-6, -2, -2, -14] [-5, 7, -3, -31] [-28, -22, -5, -14] [5, 4, 21, 4] [-2, 32, 40, 2] [5, -21, -33, -15] [14, -22, -11, -9]
[-39, -6, 22, -13] [40, 25, -7, 3] [-49, 19, 11, 0] [-34, -1, 21, 9] [23, 29, 11, 10] [-28, -17, 0, -20] [-20, -8, 7, -4]
[-10, 27, 30, 42] [-14, 33, -18, -15] [-20, -3, 62, -1] [-103, 16, 51, 2] [-39, -61, -17, 26] [-17, -20, -13, 1] [0, -23, -25, 3]
[-17, 53, -13, -29] [10, -3, 27, -42] [7, 40, 11, -136] [0, 0, 0, 0] [48, -124, 23, 17] [15, -23, -9, -1] [11, 3, 36, -2]
[-1, -44, 20, 8] [3, -11, -27, -30] [-30, -16, -31, -41] [62, 11, -131, 36] [12, -9, -54, 58] [1, 20, -19, 12] [-11, -69, -25, 31]
[20, 30, 7, -13] [-35, 18, -2, 1] [36, -7, 32, -3] [-7, -8, -8, -1] [-14, -16, -33, -16] [-6, -31, -29, 13] [44, 15, 14, 1]
[-26, 15, 17, -22] [-1, -8, -47, -24] [18, 10, 26, 14] [-33, 13, -66, -25] [22, 4, -14, 36] [35, -11, -29, 28] [5, 1, 26, -5]
Food (up, right, down, left):
[16, 28, -32, 8] [-36, 31, 15, -25] [2, -10, 1, 10] [-13, 4, 54, 12] [22, -25, 58, -5] [11, -33, -21, -31] [-80, 17, 12, -32]
[-91, 18, -41, -15] [5, -34, -38, -6] [-4, 12, 39, 30] [-23, 6, -56, 49] [14, 27, 11, -58] [36, 10, -51, 3] [4, 10, 17, 61]
[-28, -20, 39, -32] [27, 21, -5, 21] [-30, -41, -34, 38] [70, -42, 22, -10] [-8, -17, -25, -24] [-16, 3, -50, -26] [66, 35, 33, 25]
[14, 38, -8, 45] [-17, -7, -20, 9] [-19, -16, -27, -9] [0, 0, 0, 0] [-11, 52, -60, -2] [-10, -32, -44, -13] [-20, 68, -19, -5]
[16, 9, -21, 32] [21, 32, 3, 45] [25, -18, 36, 25] [0, -60, 51, -8] [-1, 20, 5, -6] [7, 38, 20, 8] [-14, -28, -20, -8]
[5, -42, -18, 6] [12, 20, 15, -18] [22, -14, 26, 38] [-41, -33, 47, -20] [-49, -23, 17, -53] [-25, 48, 47, 21] [-7, 53, 33, 31]
[38, 9, -13, -10] [-11, -2, 33, -80] [35, 20, 2, -21] [-3, -3, -10, -10] [73, 38, 17, -31] [-13, 41, -2, 2] [28, -26, 25, -19]
------------------------------
ALIVE
Head: (12 19)
Body: (12 19) (11 19) (10 19) (9 19) (8 19) (7 19) (6 19) (6 18) (5 18) (5 19) (4 19) (3 19) (3 20) (4 20) 
Length: 14, 4
Vision: 3
Hungry, suplies: 4/10
Reproductive: 16, mutating: 0.25
Generation: 65911
####################################
Wall (up, right, down, left):
[-6, -2, 0, -14] [-3, 7, -3, -31] [-28, -22, -5, -14] [5, 4, 21, 4] [-2, 32, 35, 2] [5, -21, -33, -15] [14, -22, -16, -9]
[-39, -6, 22, -11] [40, 25, -7, 3] [-49, 19, 11, 0] [-34, -4, 21, 9] [23, 29, 11, 10] [-28, -17, 0, -20] [-20, -8, 7, -4]
[-10, 31, 30, 42] [-14, 33, -18, -15] [-20, -3, 62, -1] [-103, 16, 51, 2] [-39, -61, -16, 26] [-17, -20, -11, 1] [0, -23, -25, 3]
[-17, 53, -13, -29] [10, 0, 31, -42] [7, 40, 11, -136] [0, 0, 0, 0] [48, -120, 23, 17] [15, -23, -9, -1] [11, 3, 36, -2]
[-1, -44, 20, 6] [3, -13, -27, -30] [-35, -16, -31, -40] [62, 11, -131, 36] [12, -9, -54, 58] [1, 20, -16, 15] [-11, -69, -25, 31]
[19, 30, 7, -13] [-35, 23, -2, 1] [36, -7, 37, -3] [-7, -8, -8, -1] [-14, -16, -33, -16] [-6, -31, -29, 8] [44, 15, 14, 1]
[-26, 15, 17, -22] [-1, -8, -47, -24] [18, 10, 26, 14] [-33, 13, -66, -25] [22, 4, -14, 36] [35, -11, -29, 28] [5, 1, 26, -5]
Food (up, right, down, left):
[16, 32, -32, 8] [-36, 28, 15, -25] [2, -10, 1, 10] [-13, 4, 54, 12] [22, -25, 61, -5] [11, -33, -21, -31] [-79, 17, 12, -32]
[-91, 18, -41, -20] [5, -34, -38, -6] [-4, 12, 39, 30] [-20, 6, -56, 49] [14, 27, 11, -58] [36, 10, -51, 3] [4, 10, 17, 61]
[-28, -17, 42, -32] [27, 21, -5, 21] [-30, -41, -33, 38] [70, -42, 22, -10] [-8, -17, -23, -20] [-16, 1, -46, -31] [66, 39, 33, 25]
[14, 38, -8, 45] [-17, -7, -19, 12] [-19, -16, -27, -9] [0, 0, 0, 0] [-11, 52, -60, 3] [-10, -32, -44, -13] [-20, 68, -19, -5]
[16, 6, -21, 32] [21, 32, 3, 47] [25, -19, 36, 21] [0, -60, 51, -8] [-1, 20, 5, -6] [7, 38, 20, 4] [-14, -28, -20, -8]
[5, -42, -20, 6] [12, 20, 15, -16] [22, -11, 26, 38] [-41, -33, 47, -20] [-49, -23, 17, -53] [-25, 48, 44, 21] [-7, 53, 33, 31]
[38, 9, -13, -10] [-11, -2, 33, -80] [35, 20, 2, -21] [-3, -3, -10, -10] [73, 38, 17, -31] [-13, 41, -2, 2] [28, -26, 25, -19]
------------------------------
ALIVE
Head: (9 32)
Body: (9 32) (10 32) (11 32) (12 32) (13 32) (13 31) (14 31) (15 31) (16 31) (16 32) (16 33) (17 33) 
Length: 12, 4
Vision: 3
Hungry, suplies: 3/10
Reproductive: 16, mutating: 0.25
Generation: 65916
####################################
Wall (up, right, down, left):
[-6, -2, 0, -14] [-3, 7, -3, -31] [-28, -22, -5, -14] [5, 4, 21, 4] [-2, 32, 40, 2] [5, -21, -33, -15] [14, -22, -11, -9]
[-39, -6, 22, -13] [40, 25, -7, 3] [-49, 19, 11, 0] [-34, -1, 21, 9] [23, 29, 11, 10] [-28, -17, 0, -20] [-19, -8, 7, -4]
[-10, 27, 30, 42] [-14, 33, -18, -15] [-20, -3, 62, -1] [-103, 16, 51, 2] [-39, -61, -17, 26] [-17, -20, -13, 1] [0, -23, -25, 3]
[-17, 53, -13, -29] [10, -3, 27, -42] [7, 40, 11, -136] [0, 0, 0, 0] [48, -124, 23, 17] [15, -23, -9, -1] [11, 3, 34, -2]
[-1, -44, 20, 8] [3, -11, -27, -30] [-30, -16, -31, -41] [62, 11, -131, 36] [12, -9, -54, 58] [1, 20, -19, 12] [-11, -69, -25, 31]
[20, 30, 7, -13] [-35, 18, -2, 1] [36, -7, 32, -3] [-7, -8, -4, -1] [-14, -16, -31, -16] [-6, -31, -29, 13] [44, 15, 14, 1]
[-26, 15, 17, -22] [-1, -8, -47, -24] [18, 10, 26, 14] [-33, 13, -66, -25] [22, 4, -14, 36] [35, -11, -29, 28] [5, 1, 26, -5]
Food (up, right, down, left):
[16, 32, -32, 8] [-36, 28, 15, -25] [2, -10, 1, 10] [-13, 4, 54, 12] [22, -25, 58, -5] [11, -33, -21, -31] [-80, 17, 12, -32]
[-91, 18, -41, -15] [5, -34, -38, -6] [-4, 12, 39, 30] [-23, 6, -56, 49] [14, 27, 11, -58] [36, 10, -51, 3] [4, 10, 17, 63]
[-28, -20, 39, -32] [27, 21, -5, 21] [-30, -41, -34, 38] [70, -42, 22, -10] [-8, -17, -25, -24] [-16, 3, -50, -26] [66, 35, 33, 25]
[14, 38, -8, 45] [-17, -7, -20, 9] [-19, -16, -27, -9] [0, 0, 0, 0] [-11, 52, -60, -2] [-10, -32, -44, -13] [-21, 68, -19, -5]
[16, 9, -21, 32] [21, 32, 3, 45] [25, -18, 36, 25] [0, -60, 51, -8] [-1, 20, 5, -6] [7, 38, 20, 8] [-14, -28, -20, -8]
[5, -42, -18, 6] [12, 20, 15, -18] [22, -14, 26, 38] [-41, -38, 47, -20] [-49, -18, 17, -53] [-25, 48, 47, 21] [-7, 53, 33, 31]
[38, 9, -13, -10] [-11, -2, 33, -80] [35, 20, 2, -21] [-3, -3, -10, -10] [73, 38, 17, -31] [-13, 41, -2, 2] [28, -26, 25, -19]
------------------------------
ALIVE
Head: (1 52)
Body: (1 52) (2 52) (3 52) (3 53) (4 53) (5 53) (6 53) (7 53) (8 53) (9 53) (9 52) 
Length: 11, 4
Vision: 3
Hungry, suplies: 7/10
Reproductive: 16, mutating: 0.25
Generation: 65915
####################################
Wall (up, right, down, left):
[-6, -2, 0, -14] [-3, 7, -3, -31] [-28, -22, -5, -14] [5, 4, 21, 4] [-2, 32, 40, 2] [5, -21, -33, -15] [14, -22, -11, -9]
[-39, -6, 22, -13] [40, 25, -7, 3] [-49, 22, 11, 0] [-34, -1, 21, 9] [23, 29, 11, 10] [-28, -17, 0, -20] [-20, -8, 7, -4]
[-10, 27, 30, 42] [-14, 33, -18, -15] [-20, -3, 62, -1] [-103, 16, 51, 2] [-39, -61, -18, 26] [-17, -20, -13, 1] [0, -23, -25, 3]
[-17, 53, -13, -29] [10, 0, 27, -42] [7, 40, 11, -136] [0, 0, 0, 0] [48, -124, 23, 17] [15, -23, -9, -1] [11, 3, 36, -2]
[-1, -44, 20, 8] [3, -11, -27, -30] [-30, -16, -31, -41] [62, 11, -131, 36] [12, -9, -54, 58] [1, 20, -19, 12] [-11, -69, -25, 31]
[20, 30, 7, -13] [-35, 18, -2, 1] [36, -7, 32, -3] [-7, -8, -8, -1] [-14, -16, -33, -16] [-6, -31, -29, 13] [44, 15, 14, 1]
[-26, 15, 17, -22] [-1, -8, -47, -24] [18, 10, 26, 14] [-33, 13, -66, -25] [22, 4, -14, 36] [35, -11, -29, 28] [5, 1, 26, -5]
Food (up, right, down, left):
[16, 32, -32, 8] [-36, 28, 15, -25] [2, -10, 1, 10] [-13, 4, 54, 12] [22, -25, 58, -5] [11, -33, -21, -31] [-79, 17, 12, -32]
[-91, 18, -41, -15] [5, -34, -38, -6] [-4, 12, 34, 30] [-23, 6, -56, 49] [14, 27, 11, -58] [36, 10, -51, 3] [4, 10, 17, 61]
[-28, -20, 39, -32] [27, 21, -5, 21] [-30, -41, -34, 38] [70, -42, 22, -10] [-8, -17, -25, -20] [-16, 3, -50, -26] [66, 35, 33, 25]
[14, 38, -8, 45] [-17, -7, -19, 9] [-19, -16, -27, -9] [0, 0, 0, 0] [-11, 52, -60, -2] [-10, -32, -44, -13] [-20, 68, -19, -5]
[16, 9, -21, 32] [21, 32, 3, 45] [25, -18, 36, 25] [0, -60, 51, -8] [-1, 20, 5, -6] [7, 38, 20, 8] [-14, -28, -20, -8]
[5, -42, -18, 6] [12, 20, 15, -18] [22, -14, 26, 38] [-41, -33, 47, -20] [-49, -23, 17, -53] [-25, 48, 47, 21] [-7, 53, 33, 31]
[38, 9, -13, -10] [-11, -2, 33, -80] [35, 20, 2, -21] [-3, -3, -10, -10] [73, 38, 17, -31] [-13, 41, -2, 2] [28, -26, 25, -19]
------------------------------
ALIVE
Head: (7 13)
Body: (7 13) (7 12) (6 12) (5 12) (4 12) (3 12) (2 12) (2 11) (2 10) (2 9) (2 8) 
Length: 11, 4
Vision: 3
Hungry, suplies: 9/10
Reproductive: 16, mutating: 0.25
Generation: 65909
####################################
Wall (up, right, down, left):
[-6, -2, -2, -14] [-5, 7, -3, -31] [-28, -22, -5, -14] [5, 4, 22, 4] [-2, 32, 40, 2] [5, -21, -33, -15] [14, -22, -11, -9]
[-39, -6, 22, -13] [40, 25, -7, 3] [-49, 19, 11, 0] [-34, -1, 21, 9] [23, 29, 11, 10] [-28, -17, 0, -20] [-20, -8, 7, -4]
[-10, 27, 30, 42] [-14, 33, -18, -15] [-20, -3, 62, -1] [-103, 16, 51, 2] [-39, -61, -17, 26] [-17, -20, -13, 1] [0, -23, -25, 3]
[-17, 53, -13, -29] [10, -3, 27, -42] [7, 40, 11, -136] [0, 0, 0, 0] [48, -124, 23, 17] [15, -23, -9, -1] [11, 3, 36, -2]
[-1, -44, 20, 8] [3, -11, -27, -30] [-30, -16, -31, -41] [62, 11, -131, 36] [12, -9, -54, 58] [1, 20, -19, 12] [-11, -69, -25, 31]
[20, 30, 7, -13] [-35, 18, -2, 1] [36, -7, 32, -3] [-7, -8, -8, -1] [-14, -16, -33, -16] [-6, -31, -29, 13] [44, 15, 14, 1]
[-26, 15, 17, -22] [-1, -8, -47, -24] [18, 10, 26, 14] [-33, 13, -66, -25] [22, 4, -14, 36] [35, -11, -29, 28] [5, 1, 26, -5]
Food (up, right, down, left):
[16, 28, -32, 8] [-36, 31, 15, -25] [2, -10, 1, 10] [-13, 4, 49, 12] [22, -25, 58, -5] [11, -33, -21, -31] [-80, 17, 12, -32]
[-91, 18, -41, -15] [5, -34, -38, -6] [-4, 12, 39, 30] [-23, 6, -56, 49] [14, 27, 11, -58] [36, 10, -51, 3] [4, 10, 17, 61]
[-28, -20, 39, -32] [27, 21, -5, 21] [-30, -41, -34, 38] [70, -42, 22, -10] [-8, -17, -25, -24] [-16, 3, -50, -26] [66, 35, 33, 25]
[14, 38, -8, 45] [-17, -7, -20, 9] [-19, -16, -27, -9] [0, 0, 0, 0] [-11, 52, -60, -2] [-10, -32, -44, -13] [-20, 68, -19, -5]
[16, 9, -21, 32] [21, 32, 3, 45] [25, -18, 36, 25] [0, -60, 51, -8] [-1, 20, 5, -6] [7, 38, 20, 8] [-14, -28, -20, -8]
[5, -42, -18, 6] [12, 20, 15, -18] [22, -14, 26, 38] [-41, -33, 47, -20] [-49, -23, 17, -53] [-25, 48, 47, 21] [-7, 53, 33, 31]
[38, 9, -13, -10] [-11, -2, 33, -80] [35, 20, 2, -21] [-3, -3, -10, -10] [73, 38, 17, -31] [-13, 41, -2, 2] [28, -26, 25, -19]
------------------------------
ALIVE
Head: (2 32)
Body: (2 32) (2 31) (2 30) (3 30) (3 29) (3 28) (4 28) (4 29) (5 29) (5 30) (5 31) (5 32) 
Length: 12, 4
Vision: 3
Hungry, suplies: 6/10
Reproductive: 16, mutating: 0.25
Generation: 65913
####################################
Wall (up, right, down, left):
[-6, -2, 0, -14] [-3, 7, -3, -31] [-28, -22, -5, -14] [5, 4, 21, 4] [-2, 32, 35, 2] [5, -21, -33, -15] [14, -22, -16, -9]
[-39, -6, 22, -11] [40, 25, -7, 3] [-49, 19, 11, 0] [-34, -4, 21, 9] [23, 29, 11, 10] [-28, -17, 0, -20] [-20, -8, 7, -4]
[-10, 31, 30, 42] [-14, 33, -18, -15] [-20, -3, 62, -1] [-103, 16, 51, 2] [-39, -61, -16, 26] [-17, -20, -11, 1] [0, -23, -25, 3]
[-17, 53, -13, -29] [10, 0, 31, -42] [7, 40, 11, -136] [0, 0, 0, 0] [48, -120, 23, 17] [15, -23, -9, -1] [11, 3, 36, -2]
[-1, -44, 20, 6] [3, -13, -27, -30] [-35, -16, -31, -40] [62, 11, -131, 36] [12, -9, -54, 58] [1, 20, -16, 15] [-11, -69, -25, 31]
[19, 30, 7, -13] [-35, 23, -2, 1] [36, -7, 37, -3] [-7, -8, -8, -1] [-14, -16, -33, -16] [-6, -31, -29, 8] [44, 15, 14, 1]
[-26, 15, 17, -22] [-1, -8, -47, -24] [18, 10, 26, 14] [-33, 13, -66, -25] [22, 4, -14, 36] [35, -11, -29, 28] [5, 1, 26, -5]
Food (up, right, down, left):
[16, 32, -32, 8] [-36, 28, 15, -25] [2, -10, 1, 10] [-13, 4, 54, 12] [22, -25, 61, -5] [11, -33, -21, -31] [-79, 17, 12, -32]
[-91, 18, -41, -20] [5, -34, -38, -6] [-4, 12, 39, 30] [-20, 6, -56, 49] [14, 27, 11, -58] [36, 10, -51, 3] [4, 10, 17, 61]
[-28, -17, 42, -32] [27, 21, -5, 21] [-30, -41, -33, 38] [70, -42, 22, -10] [-8, -17, -23, -20] [-16, 1, -46, -31] [66, 39, 33, 25]
[14, 38, -8, 45] [-17, -7, -19, 12] [-19, -16, -27, -9] [0, 0, 0, 0] [-11, 52, -60, 3] [-10, -32, -44, -13] [-20, 68, -19, -5]
[16, 6, -21, 32] [21, 32, 3, 47] [25, -19, 36, 21] [0, -60, 51, -8] [-1, 20, 5, -6] [7, 38, 20, 4] [-14, -28, -20, -8]
[5, -42, -20, 6] [12, 20, 15, -16] [22, -11, 26, 38] [-41, -33, 47, -20] [-49, -23, 17, -53] [-25, 48, 44, 21] [-7, 53, 33, 31]
[38, 9, -13, -10] [-11, -2, 33, -80] [35, 20, 2, -21] [-3, -3, -10, -10] [73, 38, 17, -31] [-13, 41, -2, 2] [28, -26, 25, -19]
------------------------------
ALIVE
Head: (12 26)
Body: (12 26) (11 26) (10 26) (9 26) (8 26) (7 26) (6 26) (5 26) (4 26) (3 26) (2 26) (1 26) (0 26) (0 27) 
Length: 14, 4
Vision: 3
Hungry, suplies: 10/10
Reproductive: 16, mutating: 0.25
Generation: 65917
####################################
Wall (up, right, down, left):
[-6, -2, 0, -14] [-3, 7, -3, -31] [-28, -22, -5, -14] [5, 4, 21, 4] [-2, 32, 40, 2] [5, -21, -33, -15] [14, -22, -11, -9]
[-39, -6, 22, -13] [40, 25, -7, 3] [-49, 19, 11, 0] [-34, -1, 21, 9] [23, 29, 11, 10] [-28, -17, 0, -20] [-20, -8, 7, -4]
[-10, 27, 30, 42] [-14, 33, -18, -15] [-20, -3, 62, -1] [-103, 16, 51, 2] [-39, -61, -18, 26] [-17, -20, -13, 1] [0, -23, -25, 3]
[-17, 53, -13, -29] [10, 0, 27, -42] [7, 40, 11, -136] [0, 0, 0, 0] [48, -124, 23, 17] [15, -23, -9, -1] [11, 3, 36, -2]
[-1, -44, 20, 8] [3, -11, -27, -30] [-30, -16, -31, -41] [62, 11, -131, 36] [12, -9, -54, 58] [1, 20, -19, 12] [-11, -69, -25, 31]
[20, 30, 7, -13] [-35, 18, -2, 1] [36, -7, 32, -3] [-7, -8, -8, -1] [-14, -16, -33, -16] [-6, -31, -29, 13] [44, 15, 14, 1]
[-26, 15, 17, -22] [-1, -8, -47, -24] [18, 10, 26, 14] [-33, 13, -66, -25] [22, 4, -14, 34] [35, -11, -29, 28] [5, 1, 26, -5]
Food (up, right, down, left):
[16, 32, -32, 8] [-36, 28, 15, -25] [2, -10, 1, 10] [-13, 4, 54, 12] [22, -25, 58, -5] [11, -33, -21, -31] [-79, 17, 12, -32]
[-91, 18, -41, -15] [5, -34, -38, -6] [-4, 12, 39, 30] [-23, 6, -56, 49] [14, 27, 11, -58] [36, 10, -51, 3] [4, 10, 17, 61]
[-28, -20, 39, -32] [27, 21, -5, 21] [-30, -41, -34, 38] [70, -42, 22, -10] [-8, -17, -25, -20] [-16, 3, -50, -26] [66, 35, 33, 25]
[14, 38, -8, 45] [-17, -7, -19, 9] [-19, -16, -27, -9] [0, 0, 0, 0] [-11, 52, -60, -2] [-10, -32, -44, -13] [-20, 68, -19, -5]
[16, 9, -21, 32] [21, 32, 3, 45] [25, -18, 36, 25] [0, -60, 51, -8] [-1, 20, 5, -6] [7, 38, 20, 8] [-14, -28, -20, -8]
[5, -42, -18, 6] [12, 20, 15, -18] [22, -14, 26, 38] [-41, -33, 47, -20] [-49, -23, 17, -53] [-25, 48, 47, 21] [-7, 53, 33, 31]
[38, 9, -13, -10] [-11, -2, 33, -80] [35, 20, 2, -21] [-3, -3, -10, -10] [71, 38, 17, -31] [-13, 41, -2, 2] [28, -26, 25, -19]
------------------------------
ALIVE
Head: (5 3)
Body: (5 3) (4 3) (3 3) (3 2) (4 2) (5 2) (6 2) (6 1) (7 1) (7 0) (8 0) (9 0) (9 56) (8 56) (7 56) 
Length: 15, 4
Vision: 3
Hungry, suplies: 2/10
Reproductive: 16, mutating: 0.25
Generation: 65908
####################################
Wall (up, right, down, left):
[-6, -2, 0, -14] [-3, 7, -3, -31] [-28, -22, -5, -14] [5, 4, 21, 4] [-2, 32, 35, 2] [5, -21, -33, -15] [14, -22, -16, -9]
[-39, -6, 22, -11] [40, 25, -7, 3] [-49, 19, 11, 0] [-34, -4, 21, 9] [23, 29, 11, 10] [-27, -17, 0, -20] [-20, -8, 7, -4]
[-10, 31, 30, 42] [-14, 33, -18, -15] [-20, -3, 62, -1] [-103, 16, 51, 2] [-39, -61, -16, 26] [-17, -20, -11, 1] [0, -23, -25, 3]
[-17, 53, -13, -29] [10, 0, 31, -42] [7, 40, 11, -136] [0, 0, 0, 0] [48, -120, 23, 17] [15, -23, -9, -1] [11, 3, 36, -2]
[-1, -44, 20, 6] [3, -13, -27, -30] [-35, -16, -31, -40] [62, 11, -131, 36] [12, -9, -54, 58] [1, 20, -16, 15] [-11, -69, -25, 31]
[19, 30, 7, -13] [-35, 23, -2, 1] [36, -7, 32, -3] [-7, -8, -8, -1] [-14, -16, -33, -16] [-6, -31, -29, 8] [44, 15, 14, 1]
[-26, 15, 17, -22] [-1, -8, -47, -24] [18, 10, 26, 14] [-33, 13, -66, -25] [22, 4, -14, 36] [35, -11, -29, 28] [5, 1, 26, -5]
Food (up, right, down, left):
[16, 32, -32, 8] [-36, 28, 15, -25] [2, -10, 1, 10] [-13, 4, 54, 12] [22, -25, 61, -5] [11, -33, -21, -31] [-79, 17, 12, -32]
[-91, 18, -41, -20] [5, -34, -38, -6] [-4, 12, 39, 30] [-20, 6, -56, 49] [14, 27, 11, -58] [36, 9, -51, 3] [4, 10, 17, 61]
[-28, -17, 42, -32] [27, 21, -5, 21] [-30, -41, -33, 38] [70, -42, 22, -10] [-8, -17, -23, -20] [-16, 1, -46, -31] [66, 39, 33, 25]
[14, 38, -8, 45] [-17, -7, -19, 12] [-19, -16, -27, -9] [0, 0, 0, 0] [-11, 52, -60, 3] [-10, -32, -44, -13] [-20, 68, -19, -5]
[16, 6, -21, 32] [21, 32, 3, 47] [25, -19, 36, 21] [0, -60, 51, -8] [-1, 20, 5, -6] [7, 38, 20, 4] [-14, -28, -20, -8]
[5, -42, -20, 6] [12, 20, 15, -16] [22, -14, 26, 38] [-41, -33, 47, -20] [-49, -23, 17, -53] [-25, 48, 44, 21] [-7, 53, 33, 31]
[38, 9, -13, -10] [-11, -2, 33, -80] [35, 20, 2, -21] [-3, -3, -10, -10] [73, 38, 17, -31] [-13, 41, -2, 2] [28, -26, 25, -19]
------------------------------
ALIVE
Head: (16 45)
Body: (16 45) (15 45) (14 45) (13 45) (13 46) (14 46) (14 47) (14 48) (13 48) (12 48) (12 47) (11 47) (10 47) 
Length: 13, 4
Vision: 3
Hungry, suplies: 8/10
Reproductive: 16, mutating: 0.25
Generation: 65923
####################################
Wall (up, right, down, left):
[-6, -2, -2, -14] [-5, 7, -3, -31] [-28, -22, -5, -14] [5, 4, 22, 4] [-2, 32, 40, 2] [5, -21, -33, -15] [14, -22, -11, -9]
[-39, -6, 22, -13] [40, 25, -7, 3] [-49, 19, 11, 0] [-34, -1, 21, 9] [23, 29, 11, 10] [-28, -17, 0, -20] [-20, -8, 7, -4]
[-10, 27, 30, 42] [-14, 33, -18, -13] [-20, -3, 62, -1] [-103, 16, 51, 2] [-39, -61, -17, 26] [-17, -20, -13, 1] [0, -23, -25, 3]
[-17, 53, -13, -29] [10, -3, 27, -42] [12, 40, 11, -136] [0, 0, 0, 0] [48, -124, 23, 17] [15, -23, -9, -1] [11, 3, 36, -2]
[-1, -44, 20, 8] [3, -11, -27, -30] [-30, -16, -31, -41] [62, 11, -131, 36] [12, -9, -54, 58] [1, 20, -19, 12] [-11, -69, -25, 31]
[20, 30, 7, -13] [-35, 18, -2, 1] [36, -7, 32, -3] [-7, -8, -8, -1] [-14, -16, -33, -16] [-6, -31, -29, 13] [44, 15, 14, 1]
[-26, 15, 17, -22] [-1, -8, -47, -24] [18, 10, 26, 14] [-33, 13, -66, -25] [22, 4, -14, 36] [35, -11, -29, 28] [5, 1, 26, -5]
Food (up, right, down, left):
[16, 28, -32, 8] [-36, 31, 15, -25] [2, -10, 1, 10] [-13, 4, 49, 12] [22, -25, 58, -5] [11, -33, -21, -31] [-80, 17, 12, -32]
[-91, 18, -41, -15] [5, -34, -38, -6] [-4, 12, 39, 30] [-23, 6, -56, 49] [14, 27, 11, -58] [36, 10, -51, 3] [4, 10, 17, 61]
[-28, -20, 39, -32] [27, 21, 0, 21] [-30, -41, -34, 38] [70, -42, 22, -10] [-8, -17, -25, -24] [-16, 3, -50, -26] [66, 35, 33, 25]
[14, 38, -8, 45] [-17, -7, -20, 9] [-19, -16, -22, -9] [0, 0, 0, 0] [-11, 52, -60, -2] [-10, -32, -44, -13] [-20, 68, -19, -5]
[16, 9, -21, 32] [21, 32, 3, 45] [25, -18, 36, 25] [0, -60, 51, -8] [-1, 20, 5, -6] [7, 38, 20, 8] [-14, -28, -20, -8]
[5, -42, -18, 6] [12, 20, 15, -18] [22, -14, 26, 38] [-41, -33, 47, -20] [-49, -23, 17, -53] [-25, 48, 47, 21] [-7, 53, 33, 31]
[38, 9, -13, -10] [-11, -2, 33, -80] [35, 20, 2, -21] [-3, -3, -10, -10] [73, 38, 17, -31] [-13, 41, -2, 2] [28, -26, 25, -19]
------------------------------
ALIVE
Head: (5 49)
Body: (5 49) (5 48) (5 47) (5 46) (5 45) (5 44) (5 43) (4 43) 
Length: 8, 4
Vision: 3
Hungry, suplies: 10/10
Reproductive: 16, mutating: 0.25
Generation: 65915
####################################
Wall (up, right, down, left):
[-6, -2, 0, -14] [-3, 7, -3, -31] [-28, -22, -5, -14] [5, 4, 21, 4] [-2, 32, 40, 2] [5, -21, -33, -15] [14, -22, -11, -9]
[-39, -6, 22, -13] [40, 25, -7, 3] [-49, 19, 11, 0] [-34, -1, 21, 9] [23, 29, 11, 10] [-28, -17, 0, -20] [-19, -8, 7, -4]
[-10, 27, 30, 42] [-14, 33, -18, -15] [-20, -3, 62, -1] [-103, 16, 51, 2] [-39, -61, -17, 26] [-17, -24, -13, 1] [0, -23, -25, 3]
[-17, 53, -13, -29] [10, -3, 27, -42] [7, 40, 11, -136] [0, 0, 0, 0] [48, -124, 23, 17] [15, -23, -9, -1] [11, 3, 36, -2]
[-1, -44, 20, 8] [3, -11, -27, -30] [-30, -16, -31, -41] [62, 11, -131, 36] [12, -9, -54, 58] [1, 20, -19, 12] [-11, -69, -25, 31]
[20, 30, 7, -13] [-35, 18, -2, 1] [36, -7, 32, -3] [-7, -8, -8, -1] [-14, -16, -33, -16] [-6, -31, -29, 13] [44, 15, 14, 1]
[-26, 15, 17, -22] [-1, -8, -47, -24] [18, 10, 26, 14] [-33, 13, -66, -25] [22, 4, -14, 36] [35, -11, -29, 28] [5, 1, 26, -5]
Food (up, right, down, left):
[16, 32, -32, 8] [-36, 28, 15, -25] [2, -10, 1, 10] [-13, 4, 54, 12] [22, -25, 58, -5] [11, -33, -21, -31] [-80, 17, 12, -32]
[-91, 18, -41, -15] [5, -34, -38, -6] [-4, 12, 39, 30] [-23, 6, -56, 49] [14, 27, 11, -58] [36, 10, -51, 3] [4, 10, 17, 63]
[-28, -20, 39, -32] [27, 21, -5, 21] [-30, -41, -34, 38] [70, -42, 22, -10] [-8, -17, -25, -24] [-16, 3, -50, -26] [66, 35, 33, 25]
[14, 38, -8, 45] [-17, -7, -20, 9] [-19, -16, -27, -9] [0, 0, 0, 0] [-11, 52, -60, -2] [-10, -32, -44, -13] [-20, 68, -19, -5]
[16, 9, -21, 32] [21, 32, 3, 45] [25, -18, 36, 25] [0, -60, 51, -8] [-1, 20, 5, -6] [7, 38, 20, 8] [-14, -28, -20, -8]
[5, -42, -18, 6] [12, 20, 15, -18] [22, -14, 26, 38] [-41, -33, 47, -20] [-49, -23, 17, -53] [-25, 48, 47, 21] [-7, 53, 33, 31]
[38, 9, -13, -10] [-11, -2, 33, -80] [35, 20, 2, -21] [-3, -3, -10, -10] [73, 38, 17, -31] [-13, 41, -2, 2] [28, -26, 25, -19]
------------------------------
ALIVE
Head: (22 4)
Body: (22 4) (21 4) (20 4) (19 4) (19 5) (19 6) (18 6) (17 6) (17 5) (16 5) (15 5) (14 5) (14 4) (13 4) (12 4) 
Length: 15, 4
Vision: 3
Hungry, suplies: 3/10
Reproductive: 16, mutating: 0.25
Generation: 65914
####################################
Wall (up, right, down, left):
[-6, -2, 0, -14] [-3, 7, -3, -31] [-28, -22, -5, -14] [5, 4, 21, 4] [-2, 32, 40, 2] [5, -21, -33, -15] [14, -22, -11, -9]
[-39, -6, 22, -13] [40, 25, -7, 3] [-49, 19, 11, 0] [-34, -1, 21, 9] [23, 29, 11, 10] [-28, -17, 0, -20] [-19, -8, 7, -4]
[-10, 27, 30, 42] [-14, 33, -18, -15] [-20, -3, 62, -1] [-103, 16, 51, 2] [-39, -61, -17, 26] [-17, -20, -13, 1] [0, -23, -25, 3]
[-17, 53, -13, -29] [10, -3, 27, -42] [7, 40, 11, -136] [0, 0, 0, 0] [48, -124, 28, 17] [15, -23, -9, -1] [11, 3, 36, -2]
[-1, -44, 20, 8] [3, -11, -27, -30] [-30, -16, -31, -41] [62, 11, -131, 36] [12, -9, -54, 58] [1, 20, -19, 8] [-11, -69, -25, 31]
[20, 30, 7, -13] [-35, 18, -2, 1] [36, -7, 32, -3] [-7, -8, -8, -1] [-14, -16, -33, -16] [-6, -31, -29, 13] [44, 15, 14, 1]
[-26, 15, 17, -22] [-1, -8, -47, -24] [18, 10, 26, 14] [-33, 13, -66, -25] [22, 4, -14, 36] [35, -11, -29, 28] [5, 1, 26, -5]
Food (up, right, down, left):
[16, 32, -32, 8] [-36, 28, 15, -25] [2, -10, 1, 10] [-13, 4, 54, 12] [22, -25, 58, -5] [11, -33, -21, -31] [-80, 17, 12, -32]
[-91, 18, -41, -15] [5, -34, -38, -6] [-4, 12, 39, 30] [-23, 6, -56, 49] [14, 27, 11, -58] [36, 10, -51, 3] [4, 10, 17, 63]
[-28, -20, 39, -32] [27, 21, -5, 21] [-30, -41, -34, 38] [70, -42, 22, -10] [-8, -17, -25, -24] [-16, 3, -50, -26] [66, 35, 33, 25]
[14, 38, -8, 45] [-17, -7, -20, 9] [-19, -16, -27, -9] [0, 0, 0, 0] [-11, 52, -56, -2] [-10, -32, -44, -13] [-20, 68, -19, -5]
[16, 9, -21, 32] [21, 32, 3, 45] [25, -18, 36, 25] [0, -60, 51, -8] [-1, 20, 5, -6] [7, 38, 20, 4] [-14, -28, -20, -8]
[5, -42, -18, 6] [12, 20, 15, -18] [22, -14, 26, 38] [-41, -33, 47, -20] [-49, -23, 17, -53] [-25, 48, 47, 21] [-7, 53, 33, 31]
[38, 9, -13, -10] [-11, -2, 33, -80] [35, 20, 2, -21] [-3, -3, -10, -10] [73, 38, 17, -31] [-13, 41, -2, 2] [28, -26, 25, -19]
------------------------------
ALIVE
Head: (22 2)
Body: (22 2) (21 2) (20 2) (19 2) (18 2) (17 2) (17 1) (16 1) (15 1) (14 1) (13 1) 
Length: 11, 4
Vision: 3
Hungry, suplies: 1/10
Reproductive: 16, mutating: 0.25
Generation: 65914
####################################
Wall (up, right, down, left):
[-6, -2, 0, -14] [-3, 7, -3, -31] [-28, -22, -5, -14] [5, 4, 21, 4] [-2, 32, 35, 2] [5, -21, -33, -15] [14, -22, -16, -9]
[-39, -6, 22, -11] [40, 25, -7, 3] [-49, 19, 11, 0] [-34, -4, 21, 9] [23, 29, 11, 10] [-28, -17, 0, -20] [-20, -8, 7, -4]
[-10, 31, 30, 42] [-14, 33, -18, -15] [-20, -3, 62, -1] [-103, 16, 51, 2] [-39, -61, -16, 26] [-17, -20, -11, 1] [0, -23, -25, 3]
[-17, 53, -13, -29] [10, 0, 31, -42] [7, 40, 11, -136] [0, 0, 0, 0] [48, -120, 23, 17] [15, -23, -9, -1] [11, 3, 36, -2]
[-1, -44, 20, 6] [3, -13, -27, -30] [-35, -16, -31, -40] [62, 11, -131, 36] [12, -9, -54, 58] [1, 20, -16, 15] [-11, -69, -25, 31]
[19, 30, 7, -13] [-35, 23, -2, 1] [36, -7, 37, -3] [-7, -8, -8, -1] [-14, -16, -33, -16] [-6, -31, -29, 8] [44, 15, 14, 1]
[-26, 15, 17, -22] [-1, -8, -47, -24] [18, 10, 26, 14] [-33, 13, -66, -25] [22, 4, -14, 36] [35, -11, -29, 28] [5, 1, 26, -5]
Food (up, right, down, left):
[16, 32, -32, 8] [-36, 28, 15, -25] [2, -10, 1, 10] [-13, 4, 54, 12] [22, -25, 61, -5] [11, -33, -21, -31] [-79, 17, 12, -32]
[-91, 18, -41, -20] [5, -34, -38, -6] [-4, 12, 39, 30] [-20, 6, -56, 49] [14, 27, 11, -58] [36, 10, -51, 3] [4, 10, 17, 61]
[-28, -17, 42, -32] [27, 21, -5, 21] [-30, -41, -33, 38] [70, -42, 22, -10] [-8, -17, -23, -20] [-16, 1, -46, -31] [66, 39, 33, 25]
[14, 38, -8, 45] [-17, -7, -19, 12] [-19, -16, -27, -9] [0, 0, 0, 0] [-11, 52, -60, 3] [-10, -32, -44, -13] [-20, 68, -19, -5]
[16, 6, -21, 32] [21, 32, 3, 47] [25, -19, 36, 21] [0, -60, 51, -8] [-1, 20, 5, -6] [7, 38, 20, 4] [-14, -28, -20, -8]
[5, -42, -20, 6] [12, 20, 15, -16] [22, -11, 26, 38] [-41, -33, 47, -20] [-49, -23, 17, -53] [-25, 48, 44, 21] [-7, 53, 33, 31]
[38, 9, -13, -10] [-11, -2, 33, -80] [35, 20, 2, -21] [-3, -3, -10, -10] [73, 38, 17, -31] [-13, 41, -2, 2] [28, -26, 25, -19]
------------------------------
ALIVE
Head: (5 23)
Body: (5 23) (6 23) (7 23) (8 23) (9 23) (10 23) (10 22) 
Length: 7, 4
Vision: 3
Hungry, suplies: 2/10
Reproductive: 16, mutating: 0.25
Generation: 65917
####################################
Wall (up, right, down, left):
[-6, -2, 0, -14] [-3, 7, -3, -31] [-28, -22, -5, -14] [5, 4, 21, 4] [-2, 32, 40, 2] [5, -21, -33, -15] [14, -22, -11, -9]
[-39, -6, 22, -13] [40, 25, -7, 3] [-49, 22, 11, 0] [-34, -1, 21, 9] [23, 29, 11, 10] [-28, -17, 0, -20] [-20, -8, 7, -4]
[-10, 27, 30, 42] [-14, 33, -18, -15] [-20, -3, 62, -1] [-103, 16, 51, 2] [-39, -61, -18, 26] [-17, -20, -13, 1] [0, -23, -25, 3]
[-17, 53, -13, -29] [10, 0, 27, -42] [7, 40, 11, -136] [0, 0, 0, 0] [48, -124, 23, 17] [15, -23, -9, -1] [11, 3, 36, -2]
[-1, -44, 20, 8] [3, -11, -27, -30] [-30, -16, -31, -41] [62, 11, -131, 36] [12, -9, -54, 58] [1, 20, -19, 12] [-11, -69, -25, 31]
[20, 30, 7, -13] [-35, 18, -2, 1] [36, -7, 32, -3] [-7, -8, -8, -1] [-14, -16, -33, -16] [-6, -31, -29, 13] [44, 15, 14, 1]
[-26, 15, 17, -22] [-1, -8, -47, -24] [18, 10, 26, 14] [-33, 13, -66, -25] [22, 4, -14, 36] [35, -11, -29, 28] [5, 1, 26, -5]
Food (up, right, down, left):
[16, 32, -32, 8] [-36, 28, 15, -25] [2, -10, 1, 10] [-13, 4, 54, 12] [22, -25, 58, -5] [11, -33, -21, -31] [-79, 17, 12, -32]
[-91, 18, -41, -15] [5, -34, -38, -6] [-4, 12, 34, 30] [-23, 6, -56, 49] [14, 27, 11, -58] [36, 10, -51, 3] [4, 10, 17, 61]
[-28, -20, 39, -32] [27, 21, -5, 21] [-30, -41, -34, 38] [70, -42, 22, -10] [-8, -17, -25, -20] [-16, 3, -50, -26] [66, 35, 33, 25]
[14, 38, -8, 45] [-17, -7, -19, 9] [-19, -16, -27, -9] [0, 0, 0, 0] [-11, 52, -60, -2] [-10, -32, -44, -13] [-20, 68, -19, -5]
[16, 9, -21, 32] [21, 32, 3, 45] [25, -18, 36, 25] [0, -60, 51, -8] [-1, 20, 5, -6] [7, 38, 20, 8] [-14, -28, -20, -8]
[5, -42, -18, 6] [12, 20, 15, -18] [22, -14, 26, 38] [-41, -33, 47, -20] [-49, -23, 17, -53] [-25, 48, 47, 21] [-7, 53, 33, 31]
[38, 9, -13, -10] [-11, -2, 33, -80] [35, 20, 2, -21] [-3, -3, -10, -10] [73, 38, 17, -31] [-13, 41, -2, 2] [28, -26, 25, -19]
------------------------------
ALIVE
Head: (23 7)
Body: (23 7) (22 7) (21 7) (20 7) (19 7) (18 7) (17 7) 
Length: 7, 4
Vision: 3
Hungry, suplies: 6/10
Reproductive: 16, mutating: 0.25
Generation: 65911
####################################
Wall (up, right, down, left):
[-6, -2, 0, -14] [-3, 7, -3, -31] [-28, -22, -5, -14] [5, 4, 21, 4] [-2, 32, 40, 2] [5, -21, -33, -15] [14, -22, -11, -9]
[-39, -6, 22, -13] [40, 25, -7, 3] [-49, 19, 11, 0] [-34, -1, 21, 9] [23, 29, 11, 10] [-28, -17, 0, -20] [-19, -8, 7, -4]
[-10, 27, 30, 42] [-14, 33, -18, -15] [-20, -3, 62, -1] [-103, 16, 51, 2] [-39, -61, -17, 26] [-17, -20, -13, 1] [0, -23, -25, 3]
[-17, 53, -13, -29] [10, -3, 27, -42] [7, 40, 11, -136] [0, 0, 0, 0] [48, -124, 23, 17] [15, -23, -9, -1] [11, 3, 36, -2]
[1, -44, 20, 8] [3, -11, -27, -30] [-30, -16, -31, -41] [62, 11, -131, 36] [12, -9, -54, 58] [1, 20, -19, 12] [-11, -69, -25, 31]
[20, 30, 7, -13] [-35, 18, -2, 1] [36, -7, 32, -3] [-7, -8, -8, -1] [-14, -16, -31, -16] [-6, -31, -29, 13] [44, 15, 14, 1]
[-26, 15, 17, -22] [-1, -8, -47, -24] [18, 10, 26, 14] [-33, 13, -66, -25] [22, 4, -14, 36] [35, -11, -29, 28] [5, 1, 26, -5]
Food (up, right, down, left):
[16, 32, -32, 8] [-36, 28, 15, -25] [2, -10, 1, 10] [-13, 4, 54, 12] [22, -25, 58, -5] [11, -33, -21, -31] [-80, 17, 12, -32]
[-91, 18, -41, -15] [5, -34, -38, -6] [-4, 12, 39, 30] [-23, 6, -56, 49] [14, 27, 11, -58] [36, 10, -51, 3] [4, 10, 17, 63]
[-28, -20, 39, -32] [27, 21, -5, 21] [-30, -41, -34, 38] [70, -42, 22, -10] [-8, -17, -25, -24] [-16, 3, -50, -26] [66, 35, 33, 25]
[14, 38, -8, 45] [-17, -7, -20, 9] [-19, -16, -27, -9] [0, 0, 0, 0] [-11, 52, -60, -2] [-10, -32, -44, -13] [-20, 68, -19, -5]
[16, 9, -16, 32] [21, 32, 3, 45] [25, -18, 36, 25] [0, -60, 51, -8] [-1, 20, 5, -6] [7, 38, 20, 8] [-14, -28, -20, -8]
[5, -42, -18, 6] [12, 20, 15, -18] [22, -14, 26, 38] [-41, -33, 47, -20] [-49, -18, 17, -53] [-25, 48, 47, 21] [-7, 53, 33, 31]
[38, 9, -13, -10] [-11, -2, 33, -80] [35, 20, 2, -21] [-3, -3, -10, -10] [73, 38, 17, -31] [-13, 41, -2, 2] [28, -26, 25, -19]
------------------------------
ALIVE
Head: (0 50)
Body: (25 50) (24 50) (23 50) (23 49) (22 49) (21 49) (20 49) (19 49) (18 49) (17 49) (16 49) (15 49) (14 49) (13 49) (12 49) 
Length: 15, 4
Vision: 3
Hungry, suplies: 8/10
Reproductive: 16, mutating: 0.25
Generation: 65915
####################################
Wall (up, right, down, left):
[-6, -2, 0, -14] [-3, 7, -3, -31] [-28, -22, -5, -14] [5, 4, 21, 4] [-2, 32, 35, 2] [5, -21, -33, -15] [14, -22, -16, -9]
[-39, -6, 22, -11] [40, 25, -7, 3] [-49, 19, 11, 0] [-34, -4, 21, 9] [23, 29, 11, 10] [-28, -17, 0, -20] [-20, -8, 7, -4]
[-10, 31, 30, 42] [-14, 33, -18, -15] [-20, -3, 62, -1] [-103, 16, 51, 2] [-39, -61, -16, 26] [-17, -20, -11, 1] [0, -23, -25, 3]
[-17, 53, -13, -29] [10, 0, 31, -42] [7, 40, 11, -136] [0, 0, 0, 0] [48, -120, 23, 17] [15, -23, -9, -1] [11, 3, 36, -2]
[-1, -44, 20, 6] [3, -13, -27, -30] [-35, -16, -31, -40] [62, 11, -131, 36] [12, -9, -54, 58] [1, 20, -16, 15] [-11, -69, -25, 31]
[19, 30, 7, -13] [-35, 23, -2, 1] [36, -7, 37, -3] [-7, -8, -8, -1] [-14, -16, -33, -16] [-6, -31, -29, 8] [44, 15, 14, 1]
[-26, 15, 17, -22] [-1, -8, -47, -24] [18, 10, 26, 14] [-33, 13, -66, -25] [22, 4, -14, 36] [35, -11, -29, 28] [5, 1, 26, -5]
Food (up, right, down, left):
[16, 32, -32, 8] [-36, 28, 15, -25] [2, -10, 1, 10] [-13, 4, 54, 12] [22, -25, 61, -5] [11, -33, -21, -31] [-79, 17, 12, -32]
[-91, 18, -41, -20] [5, -34, -38, -6] [-4, 12, 39, 30] [-20, 6, -56, 49] [14, 27, 11, -58] [36, 10, -51, 3] [4, 10, 17, 61]
[-28, -17, 42, -32] [27, 21, -5, 21] [-30, -41, -33, 38] [70, -42, 22, -10] [-8, -17, -23, -20] [-16, 1, -46, -31] [66, 39, 33, 25]
[14, 38, -8, 45] [-17, -7, -19, 12] [-19, -16, -27, -9] [0, 0, 0, 0] [-11, 52, -60, 3] [-10, -32, -44, -13] [-20, 68, -19, -5]
[16, 6, -21, 32] [21, 32, 3, 47] [25, -19, 36, 21] [0, -60, 51, -8] [-1, 20, 5, -6] [7, 38, 20, 4] [-14, -28, -20, -8]
[5, -42, -20, 6] [12, 20, 15, -16] [22, -11, 26, 38] [-41, -33, 47, -20] [-49, -23, 17, -53] [-25, 48, 44, 21] [-7, 53, 33, 31]
[38, 9, -13, -10] [-11, -2, 33, -80] [35, 20, 2, -21] [-3, -3, -10, -10] [73, 38, 17, -31] [-13, 41, -2, 2] [28, -26, 25, -19]
------------------------------
ALIVE
Head: (16 43)
Body: (16 43) (15 43) (14 43) (13 43) (13 44) (12 44) (12 43) (12 42) (12 41) (11 41) (10 41) (10 40) (9 40) (8 40) (8 41) 
Length: 15, 4
Vision: 3
Hungry, suplies: 4/10
Reproductive: 16, mutating: 0.25
Generation: 65918
####################################
Wall (up, right, down, left):
[-6, -2, 0, -14] [-3, 7, -3, -31] [-28, -22, -5, -14] [5, 4, 21, 4] [-2, 32, 35, 2] [5, -21, -33, -15] [14, -22, -16, -9]
[-39, -6, 22, -11] [40, 25, -7, 3] [-49, 19, 11, 0] [-34, -4, 21, 9] [23, 29, 11, 10] [-27, -17, 0, -20] [-20, -8, 7, -4]
[-10, 31, 30, 42] [-14, 33, -18, -15] [-20, -3, 62, -1] [-103, 16, 51, 2] [-39, -61, -16, 26] [-17, -20, -11, 1] [0, -23, -25, 3]
[-17, 53, -13, -29] [10, 0, 31, -42] [7, 40, 11, -136] [0, 0, 0, 0] [48, -120, 23, 17] [15, -23, -9, -1] [11, 3, 36, -2]
[-1, -44, 20, 6] [3, -13, -27, -30] [-35, -16, -31, -40] [62, 11, -131, 36] [12, -9, -54, 58] [1, 20, -16, 15] [-11, -69, -25, 31]
[19, 30, 7, -13] [-35, 23, -2, 1] [36, -7, 32, -3] [-7, -8, -8, -1] [-14, -16, -33, -16] [-6, -31, -29, 8] [44, 15, 14, 1]
[-26, 15, 17, -22] [-1, -8, -47, -24] [18, 10, 26, 14] [-33, 13, -66, -25] [22, 4, -14, 36] [35, -11, -29, 28] [5, 1, 26, -5]
Food (up, right, down, left):
[16, 32, -32, 8] [-36, 28, 15, -25] [2, -10, 1, 10] [-13, 4, 54, 12] [22, -25, 61, -5] [11, -33, -21, -31] [-79, 17, 12, -32]
[-91, 18, -41, -20] [5, -34, -38, -6] [-4, 12, 39, 30] [-20, 6, -56, 49] [14, 27, 11, -58] [36, 9, -51, 3] [4, 10, 17, 61]
[-28, -17, 42, -32] [27, 21, -5, 21] [-30, -41, -33, 38] [70, -42, 22, -10] [-8, -17, -23, -20] [-16, 1, -46, -31] [66, 39, 33, 25]
[14, 38, -8, 45] [-17, -7, -19, 12] [-19, -16, -27, -9] [0, 0, 0, 0] [-11, 52, -60, 3] [-10, -32, -44, -13] [-20, 68, -19, -5]
[16, 6, -21, 32] [21, 32, 3, 47] [25, -19, 36, 21] [0, -60, 51, -8] [-1, 20, 5, -6] [7, 38, 20, 4] [-14, -28, -20, -8]
[5, -42, -20, 6] [12, 20, 15, -16] [22, -14, 26, 38] [-41, -33, 47, -20] [-49, -23, 17, -53] [-25, 48, 44, 21] [-7, 53, 33, 31]
[38, 9, -13, -10] [-11, -2, 33, -80] [35, 20, 2, -21] [-3, -3, -10, -10] [73, 38, 17, -31] [-13, 41, -2, 2] [28, -26, 25, -19]
------------------------------
ALIVE
Head: (15 40)
Body: (15 40) (14 40) (14 39) (14 38) (13 38) (13 37) (12 37) (11 37) (10 37) (9 37) (9 36) (8 36) (7 36) (6 36) 
Length: 14, 4
Vision: 3
Hungry, suplies: 8/10
Reproductive: 16, mutating: 0.25
Generation: 65924
####################################
Wall (up, right, down, left):
[-6, -2, -2, -14] [-5, 7, -3, -31] [-28, -22, -5, -14] [6, 4, 21, 4] [-2, 32, 40, 2] [5, -21, -33, -15] [14, -22, -11, -9]
[-39, -6, 22, -13] [40, 25, -7, 3] [-49, 19, 11, 0] [-34, -1, 21, 9] [23, 29, 11, 10] [-28, -17, 0, -20] [-20, -8, 7, -4]
[-10, 27, 30, 42] [-14, 33, -18, -15] [-20, -3, 62, -1] [-103, 16, 51, 2] [-39, -61, -17, 26] [-17, -20, -13, 1] [0, -23, -25, 3]
[-17, 53, -13, -29] [10, -3, 27, -42] [7, 40, 11, -136] [0, 0, 0, 0] [48, -124, 23, 17] [15, -23, -9, -1] [11, 3, 36, -2]
[-1, -44, 20, 8] [3, -11, -27, -30] [-30, -16, -31, -41] [62, 11, -131, 36] [12, -9, -54, 58] [1, 20, -19, 12] [-11, -69, -25, 31]
[20, 30, 7, -13] [-35, 18, -2, 1] [36, -7, 32, -3] [-7, -8, -8, -1] [-14, -16, -33, -16] [-6, -31, -29, 13] [44, 15, 14, 1]
[-26, 15, 17, -22] [-1, -8, -47, -24] [18, 10, 26, 14] [-33, 13, -66, -25] [22, 4, -14, 36] [35, -11, -29, 28] [5, 1, 26, -5]
Food (up, right, down, left):
[16, 28, -32, 8] [-36, 31, 15, -25] [2, -10, 1, 10] [-13, 4, 54, 14] [22, -25, 58, -5] [11, -33, -21, -31] [-80, 17, 12, -32]
[-91, 18, -41, -15] [5, -34, -38, -6] [-4, 12, 39, 30] [-23, 6, -56, 49] [14, 27, 11, -58] [36, 10, -51, 3] [4, 10, 17, 61]
[-28, -20, 39, -32] [27, 21, -5, 21] [-30, -41, -34, 38] [70, -42, 22, -10] [-8, -17, -25, -24] [-16, 3, -50, -26] [66, 35, 33, 25]
[14, 38, -8, 45] [-17, -7, -20, 9] [-19, -16, -27, -9] [0, 0, 0, 0] [-11, 52, -60, -2] [-10, -32, -44, -13] [-20, 68, -19, -5]
[16, 9, -21, 32] [21, 32, 3, 45] [25, -18, 36, 25] [0, -60, 51, -8] [-1, 20, 5, -6] [7, 38, 20, 8] [-14, -28, -20, -8]
[5, -42, -18, 6] [12, 20, 15, -18] [22, -14, 26, 38] [-41, -33, 47, -20] [-49, -23, 17, -53] [-25, 48, 47, 21] [-7, 53, 33, 31]
[38, 9, -13, -10] [-11, -2, 33, -80] [35, 20, 2, -21] [-3, -3, -10, -10] [73, 38, 17, -31] [-13, 41, -2, 2] [28, -26, 25, -19]
------------------------------
ALIVE
Head: (24 41)
Body: (-1 41) (0 41) (0 40) (1 40) (2 40) (3 40) (3 39) (3 38) (3 37) 
Length: 9, 4
Vision: 3
Hungry, suplies: 8/10
Reproductive: 16, mutating: 0.25
Generation: 65912
####################################
Wall (up, right, down, left):
[-6, -2, 0, -14] [-3, 7, -3, -31] [-28, -22, -5, -14] [5, 4, 21, 4] [-2, 32, 40, 2] [5, -21, -33, -15] [14, -22, -11, -9]
[-39, -6, 22, -13] [40, 25, -7, 3] [-49, 19, 11, 0] [-34, -1, 21, 9] [23, 29, 11, 10] [-28, -17, 0, -20] [-19, -8, 7, -4]
[-10, 27, 30, 42] [-14, 33, -18, -15] [-20, -3, 62, -1] [-103, 16, 51, 2] [-39, -61, -17, 26] [-17, -24, -13, 1] [0, -23, -25, 3]
[-17, 53, -13, -29] [10, -3, 27, -42] [7, 40, 11, -136] [0, 0, 0, 0] [48, -124, 23, 17] [15, -23, -9, -1] [11, 3, 36, -2]
[-1, -44, 20, 8] [3, -11, -27, -30] [-30, -16, -31, -41] [62, 11, -131, 36] [12, -9, -54, 58] [1, 20, -19, 12] [-11, -69, -25, 31]
[20, 30, 7, -13] [-35, 18, -2, 1] [36, -7, 32, -3] [-7, -8, -8, -1] [-14, -16, -33, -16] [-6, -31, -29, 13] [44, 15, 14, 1]
[-26, 15, 17, -22] [-1, -8, -47, -24] [18, 10, 26, 14] [-33, 13, -66, -25] [22, 4, -14, 36] [35, -11, -29, 28] [5, 1, 26, -5]
Food (up, right, down, left):
[16, 32, -32, 8] [-36, 28, 15, -25] [2, -10, 1, 10] [-13, 4, 54, 12] [22, -25, 58, -5] [11, -33, -21, -31] [-80, 17, 12, -32]
[-91, 18, -41, -15] [5, -34, -38, -6] [-4, 12, 39, 30] [-23, 6, -56, 49] [14, 27, 11, -58] [36, 10, -51, 3] [4, 10, 17, 63]
[-28, -20, 39, -32] [27, 21, -5, 21] [-30, -41, -34, 38] [70, -42, 22, -10] [-8, -17, -25, -24] [-16, 3, -50, -26] [66, 35, 33, 25]
[14, 38, -8, 45] [-17, -7, -20, 9] [-19, -16, -27, -9] [0, 0, 0, 0] [-11, 52, -60, -2] [-10, -32, -44, -13] [-20, 68, -19, -5]
[16, 9, -21, 32] [21, 32, 3, 45] [25, -18, 36, 25] [0, -60, 51, -8] [-1, 20, 5, -6] [7, 38, 20, 8] [-14, -28, -20, -8]
[5, -42, -18, 6] [12, 20, 15, -18] [22, -14, 26, 38] [-41, -33, 47, -20] [-49, -23, 17, -53] [-25, 48, 47, 21] [-7, 53, 33, 31]
[38, 9, -13, -10] [-11, -2, 33, -80] [35, 20, 2, -21] [-3, -3, -10, -10] [73, 38, 17, -31] [-13, 41, -2, 2] [28, -26, 25, -19]
------------------------------
ALIVE
Head: (15 53)
Body: (15 53) (15 54) (16 54) (17 54) (18 54) (18 55) (18 56) (17 56) (16 56) (15 56) (14 56) (13 56) (13 55) (12 55) (11 55) 
Length: 15, 4
Vision: 3
Hungry, suplies: 7/10
Reproductive: 16, mutating: 0.25
Generation: 65915
####################################
Wall (up, right, down, left):
[-6, -2, 0, -14] [-3, 7, -3, -31] [-28, -22, -5, -14] [5, 4, 21, 4] [-2, 32, 40, 2] [5, -21, -33, -15] [14, -22, -11, -9]
[-39, -6, 22, -13] [40, 25, -7, 3] [-49, 19, 11, 0] [-34, -1, 21, 9] [23, 29, 11, 10] [-28, -17, 0, -20] [-19, -8, 7, -4]
[-10, 27, 30, 42] [-14, 33, -18, -15] [-20, -3, 62, -1] [-103, 16, 51, 2] [-39, -61, -17, 24] [-17, -20, -13, 1] [0, -23, -25, 3]
[-17, 53, -13, -29] [10, -3, 27, -42] [7, 40, 11, -136] [0, 0, 0, 0] [48, -124, 23, 17] [15, -23, -9, -1] [11, 3, 36, -2]
[-1, -44, 20, 8] [3, -11, -27, -30] [-30, -16, -31, -41] [62, 11, -131, 36] [12, -9, -54, 58] [1, 20, -19, 12] [-11, -69, -25, 31]
[20, 30, 7, -13] [-35, 18, -2, 1] [36, -7, 32, -3] [-7, -8, -8, -1] [-14, -16, -31, -16] [-6, -31, -29, 13] [44, 15, 14, 1]
[-26, 15, 22, -22] [-1, -8, -47, -24] [18, 10, 26, 14] [-33, 13, -66, -25] [22, 4, -14, 36] [35, -11, -29, 28] [5, 1, 26, -5]
Food (up, right, down, left):
[16, 32, -32, 8] [-36, 28, 15, -25] [2, -10, 1, 10] [-13, 4, 54, 12] [22, -25, 58, -5] [11, -33, -21, -31] [-80, 17, 12, -32]
[-91, 18, -41, -15] [5, -34, -38, -6] [-4, 12, 39, 30] [-23, 6, -56, 49] [14, 27, 11, -58] [36, 10, -51, 3] [4, 10, 17, 63]
[-28, -20, 39, -32] [27, 21, -5, 21] [-30, -41, -34, 38] [70, -42, 22, -10] [-12, -17, -25, -24] [-16, 3, -50, -26] [66, 35, 33, 25]
[14, 38, -8, 45] [-17, -7, -20, 9] [-19, -16, -27, -9] [0, 0, 0, 0] [-11, 52, -60, -2] [-10, -32, -44, -13] [-20, 68, -19, -5]
[16, 9, -21, 32] [21, 32, 3, 45] [25, -18, 36, 25] [0, -60, 51, -8] [-1, 20, 5, -6] [7, 38, 20, 8] [-14, -28, -20, -8]
[5, -42, -18, 6] [12, 20, 15, -18] [22, -14, 26, 38] [-41, -33, 47, -20] [-49, -18, 17, -53] [-25, 48, 47, 21] [-7, 53, 33, 31]
[34, 9, -13, -10] [-11, -2, 33, -80] [35, 20, 2, -21] [-3, -3, -10, -10] [73, 38, 17, -31] [-13, 41, -2, 2] [28, -26, 25, -19]
------------------------------
ALIVE
Head: (21 14)
Body: (21 14) (22 14) (23 14) (-1 14) (0 14) (0 13) (0 12) (1 12) 
Length: 8, 4
Vision: 3
Hungry, suplies: 8/10
Reproductive: 16, mutating: 0.25
Generation: 65917
####################################
Wall (up, right, down, left):
[-6, -2, 0, -14] [-3, 7, -3, -31] [-28, -22, -5, -14] [5, 4, 21, 4] [-2, 32, 40, 2] [5, -21, -33, -15] [14, -22, -11, -9]
[-39, -6, 22, -13] [40, 25, -7, 3] [-49, 19, 11, 0] [-34, -1, 21, 9] [23, 29, 11, 10] [-28, -17, 0, -20] [-20, -8, 7, -4]
[-10, 27, 30, 42] [-14, 33, -18, -15] [-20, -3, 62, -1] [-103, 16, 51, 2] [-39, -61, -18, 26] [-17, -20, -13, 1] [0, -23, -25, 3]
[-17, 53, -13, -29] [10, 0, 27, -42] [7, 40, 11, -136] [0, 0, 0, 0] [48, -124, 23, 17] [15, -23, -9, -1] [11, 3, 36, -2]
[-1, -44, 20, 8] [3, -11, -27, -30] [-30, -16, -31, -41] [62, 11, -131, 36] [12, -9, -54, 58] [1, 20, -19, 12] [-11, -69, -25, 31]
[20, 30, 7, -13] [-35, 18, -2, 1] [36, -7, 32, -3] [-7, -8, -8, -1] [-14, -16, -33, -16] [-6, -31, -29, 13] [44, 15, 14, 1]
[-26, 15, 17, -22] [-1, -8, -47, -24] [18, 10, 26, 14] [-33, 13, -66, -25] [22, 4, -14, 34] [35, -11, -29, 28] [5, 1, 26, -5]
Food (up, right, down, left):
[16, 32, -32, 8] [-36, 28, 15, -25] [2, -10, 1, 10] [-13, 4, 54, 12] [22, -25, 58, -5] [11, -33, -21, -31] [-79, 17, 12, -32]
[-91, 18, -41, -15] [5, -34, -38, -6] [-4, 12, 39, 30] [-23, 6, -56, 49] [14, 27, 11, -58] [36, 10, -51, 3] [4, 10, 17, 61]
[-28, -20, 39, -32] [27, 21, -5, 21] [-30, -41, -34, 38] [70, -42, 22, -10] [-8, -17, -25, -20] [-16, 3, -50, -26] [66, 35, 33, 25]
[14, 38, -8, 45] [-17, -7, -19, 9] [-19, -16, -27, -9] [0, 0, 0, 0] [-11, 52, -60, -2] [-10, -32, -44, -13] [-20, 68, -19, -5]
[16, 9, -21, 32] [21, 32, 3, 45] [25, -18, 36, 25] [0, -60, 51, -8] [-1, 20, 5, -6] [7, 38, 20, 8] [-14, -28, -20, -8]
[5, -42, -18, 6] [12, 20, 15, -18] [22, -14, 26, 38] [-41, -33, 47, -20] [-49, -23, 17, -53] [-25, 48, 47, 21] [-7, 53, 33, 31]
[38, 9, -13, -10] [-11, -2, 33, -80] [35, 20, 2, -21] [-3, -3, -10, -10] [71, 38, 17, -31] [-13, 41, -2, 2] [28, -26, 25, -19]
------------------------------
ALIVE
Head: (21 20)
Body: (21 20) (21 21) (21 22) (22 22) (22 23) (22 24) (23 24) (24 24) (24 23) (24 22) (24 21) (24 20) (23 20) (22 20) 
Length: 14, 4
Vision: 3
Hungry, suplies: 2/10
Reproductive: 16, mutating: 0.25
Generation: 65908
####################################
Wall (up, right, down, left):
[-6, -2, 0, -14] [-3, 7, -3, -31] [-28, -22, -5, -14] [5, 4, 21, 4] [-2, 32, 35, 2] [5, -21, -33, -15] [14, -22, -16, -9]
[-39, -6, 22, -11] [40, 25, -7, 3] [-49, 19, 11, 0] [-34, -4, 21, 9] [23, 29, 11, 10] [-28, -17, 0, -20] [-20, -8, 7, -4]
[-10, 31, 30, 42] [-14, 33, -18, -15] [-20, -3, 62, -1] [-103, 16, 51, 2] [-39, -61, -16, 26] [-17, -20, -11, 1] [0, -23, -25, 3]
[-17, 53, -13, -29] [10, 0, 31, -42] [7, 40, 11, -136] [0, 0, 0, 0] [48, -120, 23, 17] [15, -23, -9, -1] [11, 3, 36, -2]
[-1, -44, 20, 6] [3, -13, -27, -30] [-35, -16, -31, -40] [62, 11, -131, 36] [12, -9, -54, 58] [1, 20, -16, 15] [-11, -69, -25, 31]
[19, 30, 7, -13] [-35, 23, -2, 1] [36, -7, 37, -3] [-7, -8, -8, -1] [-14, -16, -33, -16] [-6, -31, -29, 8] [44, 15, 14, 1]
[-26, 15, 17, -22] [-1, -8, -47, -24] [18, 10, 26, 14] [-33, 13, -66, -25] [22, 4, -14, 36] [35, -11, -29, 28] [5, 1, 26, -5]
Food (up, right, down, left):
[16, 32, -32, 8] [-36, 28, 15, -25] [2, -10, 1, 10] [-13, 4, 54, 12] [22, -25, 61, -5] [11, -33, -21, -31] [-79, 17, 12, -32]
[-91, 18, -41, -20] [5, -34, -38, -6] [-4, 12, 39, 30] [-20, 6, -56, 49] [14, 27, 11, -58] [36, 10, -51, 3] [4, 10, 17, 61]
[-28, -17, 42, -32] [27, 21, -5, 21] [-30, -41, -33, 38] [70, -42, 22, -10] [-8, -17, -23, -20] [-16, 1, -46, -31] [66, 39, 33, 25]
[14, 38, -8, 45] [-17, -7, -19, 12] [-19, -16, -27, -9] [0, 0, 0, 0] [-11, 52, -60, 3] [-10, -32, -44, -13] [-20, 68, -19, -5]
[16, 6, -21, 32] [21, 32, 3, 47] [25, -19, 36, 21] [0, -60, 51, -8] [-1, 20, 5, -6] [7, 38, 20, 4] [-14, -28, -20, -8]
[5, -42, -20, 6] [12, 20, 15, -16] [22, -11, 26, 38] [-41, -33, 47, -20] [-49, -23, 17, -53] [-25, 48, 44, 21] [-7, 53, 33, 31]
[38, 9, -13, -10] [-11, -2, 33, -80] [35, 20, 2, -21] [-3, -3, -10, -10] [73, 38, 17, -31] [-13, 41, -2, 2] [28, -26, 25, -19]
------------------------------
ALIVE
Head: (24 39)
Body: (24 39) (24 38) (-1 37) (0 37) (0 36) (25 35) (24 35) (23 35) (23 34) (23 33) (22 33) 
Length: 11, 4
Vision: 3
Hungry, suplies: 3/10
Reproductive: 16, mutating: 0.25
Generation: 65917
####################################
Wall (up, right, down, left):
[-6, -2, 0, -14] [-3, 7, -3, -31] [-28, -22, -5, -14] [5, 4, 21, 4] [-2, 32, 40, 2] [5, -21, -33, -15] [14, -22, -11, -9]
[-39, -6, 22, -13] [40, 25, -7, 3] [-49, 19, 11, 0] [-34, -1, 21, 9] [23, 29, 11, 10] [-28, -17, 0, -20] [-19, -8, 7, -4]
[-10, 27, 30, 42] [-14, 33, -18, -15] [-20, -3, 62, -1] [-103, 16, 51, 2] [-39, -61, -17, 26] [-17, -20, -13, 1] [0, -23, -25, 3]
[-17, 53, -13, -29] [10, -3, 27, -42] [7, 40, 11, -136] [0, 0, 0, 0] [48, -124, 23, 17] [15, -23, -9, -1] [11, 3, 36, -2]
[-1, -44, 20, 8] [3, -11, -27, -30] [-30, -16, -31, -41] [62, 11, -131, 36] [12, -9, -54, 58] [1, 20, -19, 12] [-11, -69, -25, 31]
[20, 30, 7, -13] [-35, 18, -2, 1] [36, -7, 32, -3] [-7, -8, -8, -1] [-14, -16, -33, -16] [-6, -31, -29, 13] [44, 15, 14, 1]
[-26, 15, 17, -22] [-1, -8, -47, -24] [18, 10, 26, 14] [-33, 13, -66, -25] [22, 4, -14, 36] [35, -11, -29, 28] [5, 1, 26, -5]
Food (up, right, down, left):
[16, 32, -32, 8] [-36, 28, 15, -25] [2, -10, 1, 10] [-13, 4, 54, 12] [22, -25, 58, -5] [11, -33, -21, -31] [-80, 17, 12, -32]
[-91, 18, -41, -15] [5, -34, -38, -6] [-4, 12, 39, 30] [-23, 6, -56, 49] [14, 27, 11, -58] [36, 10, -51, 3] [4, 10, 17, 63]
[-28, -20, 39, -32] [27, 21, -5, 21] [-30, -41, -34, 38] [70, -42, 22, -10] [-8, -17, -25, -24] [-16, 3, -50, -26] [66, 35, 33, 25]
[14, 38, -8, 45] [-17, -7, -20, 9] [-19, -16, -27, -9] [0, 0, 0, 0] [-11, 52, -60, -2] [-10, -32, -44, -13] [-20, 68, -19, -5]
[16, 9, -21, 32] [21, 32, 3, 45] [25, -18, 36, 25] [0, -60, 51, -8] [-1, 20, 5, -6] [7, 38, 20, 8] [-14, -28, -20, -8]
[5, -42, -18, 6] [12, 20, 15, -18] [22, -14, 26, 38] [-41, -33, 47, -20] [-49, -23, 17, -53] [-25, 48, 47, 21] [-7, 53, 33, 31]
[38, 9, -13, -10] [-11, -2, 33, -80] [35, 20, 2, -21] [-3, -3, -10, -10] [73, 38, 17, -31] [-13, 41, -2, 2] [28, -26, 25, -19]
------------------------------
ALIVE
Head: (13 8)
Body: (13 8) (12 8) (11 8) (11 7) (10 7) (10 6) (11 6) (12 6) (13 6) (13 7) 
Length: 10, 4
Vision: 3
Hungry, suplies: 9/10
Reproductive: 16, mutating: 0.25
Generation: 65913
####################################
Wall (up, right, down, left):
[-6, -2, 0, -14] [-3, 7, -3, -31] [-28, -22, -5, -14] [5, 4, 21, 4] [-2, 32, 35, 2] [5, -21, -33, -15] [14, -22, -16, -9]
[-39, -6, 22, -11] [40, 25, -7, 3] [-49, 19, 11, 0] [-34, -4, 21, 9] [23, 29, 11, 10] [-28, -17, 0, -20] [-20, -8, 7, -4]
[-10, 31, 30, 42] [-14, 33, -16, -15] [-20, -3, 62, -1] [-103, 16, 51, 2] [-39, -61, -16, 26] [-17, -20, -11, 1] [0, -23, -25, 3]
[-17, 53, -13, -29] [10, 0, 31, -42] [7, 40, 11, -136] [0, 0, 0, 0] [48, -120, 23, 17] [15, -23, -9, -1] [11, 3, 36, -2]
[-1, -44, 20, 6] [3, -13, -27, -30] [-35, -16, -31, -40] [62, 11, -131, 36] [12, -9, -54, 58] [1, 20, -16, 15] [-11, -69, -25, 31]
[19, 30, 7, -13] [-35, 23, -2, 1] [36, -7, 37, -3] [-7, -8, -8, -1] [-14, -16, -33, -16] [-6, -31, -29, 8] [44, 15, 14, 1]
[-26, 15, 17, -22] [-1, -8, -47, -24] [18, 10, 26, 14] [-33, 13, -66, -25] [22, 4, -14, 36] [35, -11, -29, 28] [5, 1, 26, -5]
Food (up, right, down, left):
[16, 32, -32, 8] [-36, 28, 15, -25] [2, -10, 1, 10] [-13, 4, 54, 12] [22, -25, 61, -5] [11, -33, -21, -31] [-79, 17, 12, -32]
[-91, 18, -41, -20] [5, -34, -38, -6] [-4, 12, 39, 30] [-20, 6, -56, 49] [14, 27, 11, -58] [36, 10, -51, 3] [4, 10, 17, 61]
[-28, -17, 42, -32] [27, 26, -5, 21] [-30, -41, -33, 38] [70, -42, 22, -10] [-8, -17, -23, -20] [-16, 1, -46, -31] [66, 39, 33, 25]
[14, 38, -8, 45] [-17, -7, -19, 12] [-19, -16, -27, -9] [0, 0, 0, 0] [-11, 52, -60, 3] [-10, -32, -44, -13] [-20, 68, -19, -5]
[16, 6, -21, 32] [21, 32, 3, 47] [25, -19, 36, 21] [0, -60, 51, -8] [-1, 20, 5, -6] [7, 38, 20, 4] [-14, -28, -20, -8]
[5, -42, -20, 6] [12, 20, 15, -16] [22, -11, 26, 38] [-41, -33, 47, -20] [-49, -23, 17, -53] [-25, 48, 44, 21] [-7, 53, 33, 31]
[38, 9, -13, -10] [-11, -2, 33, -80] [35, 20, 2, -21] [-3, -3, -10, -10] [73, 38, 17, -31] [-13, 41, -2, 2] [28, -26, 25, -19]
------------------------------
ALIVE
Head: (10 16)
Body: (10 16) (10 15) (9 15) (9 16) (8 16) (7 16) (6 16) (5 16) (4 16) 
Length: 9, 4
Vision: 3
Hungry, suplies: 10/10
Reproductive: 16, mutating: 0.25
Generation: 65916
####################################
Wall (up, right, down, left):
[-6, -2, 0, -14] [-3, 7, -3, -31] [-28, -22, -5, -14] [5, 4, 21, 4] [-2, 32, 35, 2] [5, -21, -33, -15] [14, -22, -16, -9]
[-39, -6, 22, -11] [40, 25, -7, 3] [-49, 19, 11, 0] [-34, -4, 21, 9] [23, 29, 11, 10] [-28, -17, 0, -20] [-20, -8, 7, -4]
[-10, 31, 30, 42] [-14, 33, -18, -15] [-20, -3, 62, -1] [-103, 16, 51, 2] [-39, -61, -16, 26] [-17, -20, -11, 1] [0, -23, -25, 3]
[-17, 53, -13, -29] [10, 0, 31, -42] [7, 40, 11, -136] [0, 0, 0, 0] [48, -120, 23, 17] [15, -23, -9, -1] [11, 3, 36, -2]
[-1, -44, 20, 6] [3, -13, -27, -30] [-35, -16, -31, -40] [62, 11, -131, 36] [12, -9, -54, 58] [1, 20, -16, 15] [-11, -69, -25, 31]
[19, 30, 7, -13] [-35, 23, -2, 1] [36, -7, 37, -3] [-7, -8, -8, -1] [-14, -16, -33, -16] [-6, -31, -29, 8] [44, 15, 14, 1]
[-26, 15, 17, -22] [-1, -8, -47, -24] [18, 10, 26, 14] [-33, 13, -66, -25] [22, 4, -14, 36] [35, -11, -29, 28] [5, 1, 26, -5]
Food (up, right, down, left):
[16, 32, -32, 8] [-36, 28, 15, -25] [2, -10, 1, 10] [-13, 4, 54, 12] [22, -25, 61, -5] [11, -33, -21, -31] [-79, 17, 12, -32]
[-91, 18, -41, -20] [5, -34, -38, -6] [-4, 12, 39, 30] [-20, 6, -56, 49] [14, 27, 11, -58] [36, 10, -51, 3] [4, 10, 17, 61]
[-28, -17, 42, -32] [27, 21, -5, 21] [-30, -41, -33, 38] [70, -42, 22, -10] [-8, -17, -23, -20] [-16, 1, -46, -31] [66, 39, 33, 25]
[14, 38, -8, 45] [-17, -7, -19, 12] [-19, -16, -27, -9] [0, 0, 0, 0] [-11, 52, -60, 3] [-10, -32, -44, -13] [-20, 68, -19, -5]
[16, 6, -21, 32] [21, 32, 3, 47] [25, -19, 36, 21] [0, -60, 51, -8] [-1, 20, 5, -6] [7, 38, 20, 4] [-14, -28, -20, -8]
[5, -42, -20, 6] [12, 20, 15, -16] [22, -11, 26, 38] [-41, -33, 47, -20] [-49, -23, 17, -53] [-25, 48, 44, 21] [-7, 53, 33, 31]
[38, 9, -13, -10] [-11, -2, 33, -80] [35, 20, 2, -21] [-3, -3, -10, -10] [73, 38, 17, -31] [-13, 41, -2, 2] [28, -26, 25, -19]
------------------------------
ALIVE
Head: (17 23)
Body: (17 23) (18 23) (18 22) (19 22) (20 22) (20 23) (20 24) (19 24) 
Length: 8, 4
Vision: 3
Hungry, suplies: 5/10
Reproductive: 16, mutating: 0.25
Generation: 65918
####################################
Wall (up, right, down, left):
[-6, -2, 0, -14] [-3, 7, -3, -31] [-28, -22, -5, -14] [5, 4, 21, 4] [-2, 32, 40, 2] [5, -21, -33, -15] [11, -22, -11, -9]
[-39, -6, 22, -13] [40, 25, -7, 3] [-49, 19, 11, 0] [-34, -1, 21, 9] [23, 29, 11, 11] [-28, -17, 0, -20] [-19, -8, 7, -4]
[-10, 27, 30, 42] [-14, 33, -18, -15] [-20, -3, 62, -1] [-103, 16, 51, 2] [-39, -61, -17, 26] [-17, -20, -13, 1] [0, -23, -25, 3]
[-17, 53, -13, -29] [10, -5, 27, -42] [7, 40, 11, -136] [0, 0, 0, 0] [48, -124, 23, 17] [15, -23, -9, -1] [11, 3, 36, -2]
[-1, -44, 20, 8] [3, -11, -27, -30] [-30, -16, -31, -41] [62, 11, -131, 36] [12, -9, -54, 58] [1, 20, -19, 12] [-11, -69, -25, 31]
[20, 30, 7, -13] [-35, 18, -2, 1] [36, -7, 32, -3] [-7, -8, -8, -1] [-14, -16, -33, -16] [-6, -31, -29, 13] [44, 15, 14, 1]
[-26, 15, 17, -22] [-1, -8, -47, -24] [14, 10, 26, 14] [-33, 13, -66, -25] [22, 4, -14, 36] [35, -11, -29, 28] [5, 1, 26, -5]
Food (up, right, down, left):
[16, 32, -32, 8] [-36, 28, 15, -25] [2, -10, 1, 10] [-13, 4, 54, 12] [22, -25, 58, -5] [11, -33, -21, -31] [-84, 17, 12, -32]
[-91, 18, -41, -15] [5, -34, -38, -6] [-4, 12, 39, 30] [-23, 6, -56, 49] [14, 27, 13, -58] [36, 10, -51, 3] [4, 10, 17, 63]
[-28, -20, 39, -32] [27, 21, -5, 21] [-30, -41, -34, 38] [70, -42, 22, -10] [-8, -17, -25, -24] [-16, 3, -50, -26] [66, 35, 33, 25]
[14, 38, -8, 45] [-17, -7, -20, 9] [-19, -16, -27, -9] [0, 0, 0, 0] [-11, 52, -60, -2] [-10, -32, -44, -13] [-20, 68, -19, -5]
[16, 9, -21, 32] [21, 32, 3, 45] [25, -18, 36, 25] [0, -60, 51, -8] [-1, 20, 5, -6] [7, 38, 20, 8] [-14, -28, -20, -8]
[5, -42, -18, 6] [12, 20, 15, -18] [22, -14, 26, 38] [-41, -33, 47, -20] [-49, -23, 17, -53] [-25, 48, 47, 21] [-7, 53, 33, 31]
[38, 9, -13, -10] [-11, -2, 33, -80] [35, 20, 3, -21] [-3, -3, -10, -10] [73, 38, 17, -31] [-13, 41, -2, 2] [28, -26, 25, -19]
------------------------------
ALIVE
Head: (6 13)
Body: (6 13) (5 13) (4 13) (3 13) (2 13) (1 13) (1 14) (1 15) 
Length: 8, 4
Vision: 3
Hungry, suplies: 6/10
Reproductive: 16, mutating: 0.25
Generation: 65915
####################################
Wall (up, right, down, left):
[-6, -2, -2, -14] [-5, 7, -3, -31] [-28, -22, -5, -14] [5, 4, 22, 4] [-2, 32, 40, 2] [5, -21, -33, -15] [14, -22, -11, -9]
[-39, -6, 22, -13] [40, 25, -7, 3] [-49, 19, 11, 0] [-34, -1, 21, 9] [23, 29, 11, 10] [-28, -17, 0, -20] [-20, -8, 7, -4]
[-10, 27, 30, 42] [-14, 33, -18, -13] [-20, -3, 62, -1] [-103, 16, 51, 2] [-39, -61, -17, 26] [-17, -20, -13, 1] [0, -23, -25, 3]
[-17, 53, -13, -29] [10, -3, 27, -42] [12, 40, 11, -136] [0, 0, 0, 0] [48, -124, 23, 17] [15, -23, -9, -1] [11, 3, 36, -2]
[-1, -44, 20, 8] [3, -11, -27, -30] [-30, -16, -31, -41] [62, 11, -131, 36] [12, -9, -54, 58] [1, 20, -19, 12] [-11, -69, -25, 31]
[20, 30, 7, -13] [-35, 18, -2, 1] [36, -7, 32, -3] [-7, -8, -8, -1] [-14, -16, -33, -16] [-6, -31, -29, 13] [44, 15, 14, 1]
[-26, 15, 17, -22] [-1, -8, -47, -24] [18, 10, 26, 14] [-33, 13, -66, -25] [22, 4, -14, 36] [35, -11, -29, 28] [5, 1, 26, -5]
Food (up, right, down, left):
[16, 28, -32, 8] [-36, 31, 15, -25] [2, -10, 1, 10] [-13, 4, 49, 12] [22, -25, 58, -5] [11, -33, -21, -31] [-80, 17, 12, -32]
[-91, 18, -41, -15] [5, -34, -38, -6] [-4, 12, 39, 30] [-23, 6, -56, 49] [14, 27, 11, -58] [36, 10, -51, 3] [4, 10, 17, 61]
[-28, -20, 39, -32] [27, 21, 0, 21] [-30, -41, -34, 38] [70, -42, 22, -10] [-8, -17, -25, -24] [-16, 3, -50, -26] [66, 35, 33, 25]
[14, 38, -8, 45] [-17, -7, -20, 9] [-19, -16, -22, -9] [0, 0, 0, 0] [-11, 52, -60, -2] [-10, -32, -44, -13] [-20, 68, -19, -5]
[16, 9, -21, 32] [21, 32, 3, 45] [25, -18, 36, 25] [0, -60, 51, -8] [-1, 20, 5, -6] [7, 38, 20, 8] [-14, -28, -20, -8]
[5, -42, -18, 6] [12, 20, 15, -18] [22, -14, 26, 38] [-41, -33, 47, -20] [-49, -23, 17, -53] [-25, 48, 47, 21] [-7, 53, 33, 31]
[38, 9, -13, -10] [-11, -2, 33, -80] [35, 20, 2, -21] [-3, -3, -10, -10] [73, 38, 17, -31] [-13, 41, -2, 2] [28, -26, 25, -19]
------------------------------
ALIVE
Head: (21 42)
Body: (21 42) (22 42) (22 43) (23 43) (24 43) (0 43) (1 43) (2 43) 
Length: 8, 4
Vision: 3
Hungry, suplies: 10/10
Reproductive: 16, mutating: 0.25
Generation: 65916
####################################
