Wall (up, right, down, left):
[11, -4, -6, -13] [2, 1, 4, -3] [-15, 9, 12, -10] [7, 3, 28, 13] [-27, 1, 26, -11] [4, -12, -3, -5] [-11, -15, -18, -10]
[-38, -17, 21, -17] [1, 21, -6, -3] [-22, 6, -4, -1] [-26, 12, 8, 7] [23, 7, 12, -2] [-23, -32, 12, 5] [-12, 1, -5, 11]
[-7, -3, 36, 1] [2, 23, -16, -9] [-19, 0, 47, -13] [-77, 27, 48, 28] [-41, -34, -22, 35] [-19, -23, -6, 18] [-21, -8, -17, -22]
[4, 43, -5, -41] [20, 7, 21, -25] [-4, 38, 2, -94] [0, 0, 0, 0] [43, -94, 39, 8] [14, 4, -1, 18] [11, -2, 12, -3]
[-9, -27, -9, 7] [15, 0, -10, -2] [-4, -2, -38, -39] [44, 11, -90, 6] [11, -11, -24, 34] [-4, 23, 4, 14] [-33, -70, -15, 23]
[8, 14, 12, -4] [-10, 2, -11, -7] [26, -4, 18, -17] [-6, 10, -28, 6] [14, 3, -24, 0] [19, -4, -29, 4] [37, 4, 24, 19]
[-9, -7, 6, -12] [-7, -11, -24, -5] [-8, 12, 25, 0] [-9, 6, -41, -9] [39, 15, -14, 31] [42, -25, -47, 18] [-13, 7, 9, -9]
Food (up, right, down, left):
[13, 24, 7, 6] [-9, 15, 7, -28] [34, -13, 18, 19] [-19, -24, 41, 24] [-11, 8, 40, -14] [-8, -25, -8, -28] [-31, 24, -2, -8]
[-57, -7, -21, -22] [5, 3, -26, -12] [0, 16, 25, 34] [-6, 24, -37, 17] [37, 9, -8, -32] [29, -1, -37, 12] [16, 5, 30, 13]
[-15, 3, 33, -34] [13, 11, -1, 34] [-60, -25, -34, 34] [47, -43, 25, 5] [2, -2, 1, -25] [-6, 11, -50, -27] [28, 30, -1, 24]
[19, 26, 9, 52] [-10, -7, -24, 28] [7, -4, -40, -20] [0, 0, 0, 0] [-20, 60, -32, -12] [-20, -18, -25, -6] [-6, 34, -26, 13]
[-8, 3, 0, 14] [3, 17, 5, 16] [20, -6, 37, 9] [-6, -33, 8, -22] [13, 3, 6, -29] [8, 40, 21, 20] [0, -12, 3, -25]
[6, -11, 3, -8] [13, 12, 11, -1] [9, 10, 10, 10] [-23, -29, 37, -39] [-42, -29, 0, -47] [-13, 37, -5, 22] [6, 29, -5, 24]
[10, 5, -24, -19] [18, -1, 8, -54] [8, 17, 7, -29] [4, 18, 35, -42] [55, 32, -4, -9] [18, 30, 14, -3] [21, -18, 26, -19]
------------------------------
ALIVE
Head: (6 14)
Body: (6 14) (5 14) (5 13) (4 13) (3 13) (3 12) (3 11) (2 11) (2 10) (1 10) (0 10) (25 11) (24 11) (24 12) 
Length: 14, 4
Vision: 3
Hungry, suplies: 10/10
Reproductive: 16, mutating: 0.25
Generation: 40446
####################################
Wall (up, right, down, left):
[11, -4, -6, -13] [2, 1, 4, -3] [-15, 9, 12, -10] [7, 3, 28, 13] [-27, 1, 26, -11] [4, -12, -3, -5] [-11, -15, -18, -10]
[-38, -17, 21, -17] [1, 21, -6, -3] [-22, 6, -4, -1] [-26, 12, 8, 7] [23, 7, 12, -2] [-23, -32, 12, 5] [-12, 1, -5, 11]
[-7, -3, 36, 1] [2, 23, -16, -9] [-19, 0, 47, -13] [-77, 27, 48, 28] [-41, -34, -22, 35] [-19, -23, -6, 18] [-21, -8, -17, -22]
[4, 43, -5, -41] [20, 7, 21, -25] [-4, 38, 2, -94] [0, 0, 0, 0] [43, -94, 39, 8] [14, 4, -1, 18] [11, -2, 12, -3]
[-9, -27, -9, 7] [15, 0, -10, -2] [-4, -2, -38, -39] [44, 11, -90, 6] [11, -11, -24, 34] [-4, 23, 4, 14] [-33, -70, -15, 23]
[8, 14, 12, -4] [-10, 2, -11, -7] [26, -4, 18, -17] [-6, 10, -28, 6] [14, 3, -24, 0] [19, -4, -29, 4] [37, 4, 24, 19]
[-9, -7, 6, -12] [-7, -11, -24, -5] [-8, 12, 25, 0] [-9, 6, -41, -9] [39, 15, -14, 31] [42, -25, -47, 18] [-13, 7, 9, -9]
Food (up, right, down, left):
[13, 24, 7, 6] [-9, 15, 7, -28] [34, -13, 18, 19] [-19, -24, 41, 24] [-11, 8, 40, -14] [-8, -25, -8, -28] [-31, 24, -2, -8]
[-57, -7, -21, -22] [5, 3, -26, -12] [0, 16, 25, 34] [-6, 24, -37, 17] [37, 9, -8, -32] [29, -1, -37, 12] [16, 5, 30, 13]
[-15, 3, 33, -34] [13, 11, -1, 34] [-60, -25, -34, 34] [47, -43, 25, 5] [2, -2, 1, -25] [-6, 11, -50, -27] [28, 30, -1, 24]
[19, 26, 9, 52] [-10, -7, -24, 28] [7, -4, -40, -20] [0, 0, 0, 0] [-20, 60, -32, -12] [-20, -18, -25, -6] [-6, 34, -26, 13]
[-8, 3, 0, 14] [3, 17, 5, 16] [20, -6, 37, 9] [-6, -33, 8, -22] [13, 3, 6, -29] [8, 40, 21, 20] [0, -12, 3, -25]
[6, -11, 3, -8] [13, 12, 11, -1] [9, 10, 10, 10] [-23, -29, 37, -39] [-42, -29, 0, -47] [-13, 37, -5, 22] [6, 29, -5, 24]
[10, 5, -24, -19] [18, -1, 8, -54] [8, 17, 7, -29] [4, 18, 35, -42] [55, 32, -4, -9] [18, 30, 14, -3] [21, -18, 26, -19]
------------------------------
ALIVE
Head: (12 55)
Body: (12 55) (12 56) (11 56) (10 56) (10 55) (10 54) (10 53) (9 53) (8 53) (8 52) 
Length: 10, 4
Vision: 3
Hungry, suplies: 4/10
Reproductive: 16, mutating: 0.25
Generation: 40445
####################################
Wall (up, right, down, left):
[11, -4, -6, -13] [2, 1, 4, -3] [-15, 9, 12, -10] [7, 7, 28, 13] [-27, 1, 26, -11] [4, -12, -3, -5] [-11, -15, -18, -10]
[-38, -17, 21, -17] [-1, 21, -6, -3] [-22, 7, -4, -1] [-26, 12, 8, 7] [23, 7, 12, -2] [-23, -32, 12, 5] [-12, 1, -5, 11]
[-7, -3, 36, 1] [2, 23, -16, -9] [-19, 0, 47, -13] [-77, 27, 48, 28] [-41, -34, -26, 35] [-19, -23, -6, 18] [-21, -8, -17, -22]
[4, 43, -5, -41] [20, 7, 21, -25] [-4, 38, 2, -94] [0, 0, 0, 0] [43, -94, 39, 8] [14, 4, -1, 18] [11, -2, 12, -3]
[-9, -27, -9, 7] [15, 0, -10, -2] [-4, -2, -38, -39] [44, 11, -90, 6] [11, -11, -24, 34] [-4, 18, 4, 14] [-33, -70, -15, 23]
[8, 14, 12, -4] [-10, 2, -11, -7] [26, -4, 18, -17] [-6, 10, -28, 6] [14, 3, -24, 0] [19, -4, -29, 4] [37, 4, 24, 19]
[-9, -7, 6, -12] [-7, -11, -24, -5] [-8, 12, 25, 0] [-9, 6, -41, -9] [39, 15, -14, 31] [42, -25, -47, 18] [-13, 7, 9, -9]
Food (up, right, down, left):
[13, 24, 7, 6] [-9, 15, 7, -28] [34, -13, 18, 19] [-19, -24, 39, 24] [-11, 8, 40, -14] [-8, -25, -8, -28] [-31, 24, -2, -8]
[-57, -7, -21, -22] [5, 0, -26, -12] [0, 12, 25, 34] [-6, 24, -37, 17] [37, 9, -8, -36] [29, -1, -37, 12] [16, 5, 30, 13]
[-15, 3, 33, -34] [13, 11, -1, 34] [-60, -25, -34, 34] [47, -43, 25, 5] [2, -3, 1, -25] [-6, 11, -50, -27] [28, 30, -1, 24]
[19, 26, 9, 52] [-10, -7, -24, 28] [7, -4, -40, -20] [0, 0, 0, 0] [-20, 60, -32, -12] [-20, -18, -25, -6] [-6, 34, -26, 13]
[-8, 3, 0, 14] [3, 17, 5, 16] [20, -6, 37, 9] [-6, -33, 8, -22] [13, 3, 6, -29] [8, 45, 21, 20] [0, -12, 3, -25]
[6, -11, 3, -8] [13, 12, 11, -1] [9, 10, 10, 10] [-23, -29, 37, -39] [-42, -29, 0, -47] [-13, 37, -5, 22] [6, 29, -5, 24]
[10, 5, -24, -19] [18, -1, 8, -54] [8, 17, 7, -29] [4, 18, 35, -42] [55, 32, -4, -9] [18, 30, 14, -3] [21, -18, 26, -19]
------------------------------
ALIVE
Head: (10 14)
Body: (10 14) (11 14) (11 13) (11 12) (12 12) (13 12) (14 12) (14 11) (14 10) 
Length: 9, 4
Vision: 3
Hungry, suplies: 5/10
Reproductive: 16, mutating: 0.25
Generation: 40440
####################################
Wall (up, right, down, left):
[11, -4, -6, -13] [2, 1, 4, -3] [-15, 9, 12, -10] [7, 3, 28, 13] [-27, 1, 26, -11] [4, -12, -3, -5] [-11, -15, -18, -10]
[-38, -17, 21, -17] [1, 21, -6, -3] [-22, 6, -4, -1] [-23, 12, 8, 7] [23, 7, 12, -2] [-23, -32, 12, 5] [-12, 1, -5, 11]
[-7, -3, 36, 1] [2, 23, -16, -9] [-19, 0, 47, -13] [-77, 27, 48, 28] [-41, -34, -22, 35] [-19, -23, -6, 18] [-21, -8, -17, -22]
[4, 43, -5, -41] [20, 7, 21, -25] [-4, 38, 2, -94] [0, 0, 0, 0] [43, -94, 35, 8] [14, 4, -1, 18] [11, -2, 12, -3]
[-9, -27, -9, 7] [15, 0, -10, -2] [-4, -2, -38, -39] [44, 11, -90, 6] [11, -11, -24, 34] [-4, 18, 4, 14] [-33, -70, -15, 23]
[8, 14, 12, -4] [-10, 2, -11, -7] [26, -4, 18, -17] [-6, 10, -28, 6] [14, 3, -24, 0] [19, -4, -29, 4] [37, 4, 24, 19]
[-9, -7, 6, -12] [-7, -11, -24, -5] [-8, 12, 25, 0] [-9, 6, -41, -9] [39, 15, -14, 31] [42, -25, -47, 18] [-13, 7, 9, -9]
Food (up, right, down, left):
[13, 24, 7, 6] [-9, 15, 7, -28] [34, -13, 18, 19] [-19, -24, 41, 24] [-11, 8, 40, -14] [-8, -25, -8, -28] [-31, 24, -2, -8]
[-57, -7, -21, -22] [5, 3, -26, -12] [0, 16, 25, 34] [-11, 24, -37, 17] [37, 9, -8, -36] [29, -1, -37, 12] [16, 5, 30, 13]
[-15, 3, 33, -34] [13, 11, -1, 34] [-60, -25, -34, 34] [47, -43, 25, 5] [2, -2, 1, -25] [-6, 11, -50, -27] [28, 30, -1, 24]
[19, 26, 9, 52] [-10, -7, -24, 28] [7, -4, -40, -20] [0, 0, 0, 0] [-16, 60, -32, -12] [-20, -18, -25, -6] [-6, 34, -26, 13]
[-8, 3, 0, 14] [3, 17, 5, 16] [20, -6, 37, 9] [-6, -33, 8, -22] [13, 3, 6, -29] [8, 45, 21, 20] [0, -12, 3, -25]
[6, -11, 3, -8] [13, 12, 11, -1] [9, 10, 10, 10] [-23, -29, 37, -39] [-42, -29, 0, -47] [-13, 37, -5, 22] [6, 29, -5, 24]
[10, 5, -24, -19] [18, -1, 8, -54] [8, 17, 7, -29] [4, 18, 35, -42] [55, 32, -4, -9] [18, 30, 14, -3] [21, -18, 26, -19]
------------------------------
ALIVE
Head: (5 36)
Body: (5 36) (6 36) (7 36) (8 36) (9 36) (9 37) (8 37) (7 37) (6 37) (5 37) (5 38) 
Length: 11, 4
Vision: 3
Hungry, suplies: 7/10
Reproductive: 16, mutating: 0.25
Generation: 40444
####################################
Wall (up, right, down, left):
[11, -4, -6, -13] [2, 1, 4, -3] [-15, 9, 12, -10] [7, 3, 28, 13] [-27, 1, 26, -11] [4, -12, -3, -5] [-11, -15, -18, -10]
[-38, -17, 21, -17] [1, 21, -6, -3] [-22, 6, -4, -1] [-26, 12, 8, 7] [23, 7, 12, -2] [-28, -32, 12, 5] [-12, 1, -5, 11]
[-7, -3, 36, 1] [2, 23, -16, -9] [-19, 0, 47, -13] [-77, 27, 48, 28] [-41, -34, -26, 35] [-19, -23, -6, 18] [-21, -8, -17, -22]
[4, 43, -5, -41] [20, 7, 21, -25] [-4, 38, 2, -94] [0, 0, 0, 0] [43, -94, 39, 8] [14, 4, -1, 18] [11, -2, 13, -3]
[-9, -27, -9, 7] [15, 0, -10, -2] [-4, -2, -38, -39] [44, 11, -90, 6] [11, -11, -24, 34] [-4, 20, 4, 14] [-33, -70, -15, 23]
[8, 14, 12, -4] [-10, 2, -11, -7] [26, -4, 18, -17] [-6, 10, -28, 6] [14, 3, -24, 0] [19, -4, -29, 4] [37, 4, 24, 19]
[-9, -7, 6, -12] [-9, -11, -24, -5] [-8, 12, 25, 0] [-9, 6, -41, -9] [39, 15, -14, 31] [42, -25, -47, 18] [-13, 7, 9, -9]
Food (up, right, down, left):
[13, 24, 7, 6] [-9, 15, 7, -28] [34, -13, 18, 19] [-19, -24, 41, 24] [-11, 8, 40, -14] [-8, -25, -8, -28] [-31, 24, -2, -8]
[-57, -7, -21, -22] [5, 3, -26, -12] [0, 16, 25, 34] [-6, 24, -37, 17] [37, 9, -8, -36] [29, -1, -37, 9] [16, 5, 30, 13]
[-15, 3, 33, -34] [13, 11, -1, 34] [-60, -25, -34, 34] [47, -43, 25, 5] [2, -3, 1, -25] [-6, 11, -50, -27] [28, 30, -1, 24]
[19, 26, 9, 52] [-10, -7, -24, 28] [7, -4, -40, -20] [0, 0, 0, 0] [-20, 60, -32, -12] [-20, -18, -25, -6] [-6, 37, -26, 13]
[-8, 3, 0, 14] [3, 17, 5, 16] [20, -6, 37, 9] [-6, -33, 8, -22] [13, 3, 6, -29] [8, 45, 21, 20] [0, -12, 3, -25]
[6, -11, 3, -8] [13, 12, 11, -1] [9, 10, 10, 10] [-23, -29, 37, -39] [-42, -29, 0, -47] [-13, 37, -5, 22] [6, 29, -5, 24]
[10, 5, -24, -19] [18, -1, 11, -54] [8, 17, 7, -29] [4, 18, 35, -42] [55, 32, -4, -9] [18, 30, 14, -3] [21, -18, 26, -19]
------------------------------
ALIVE
Head: (8 30)
Body: (8 30) (7 30) (6 30) (5 30) (4 30) (3 30) (2 30) (1 30) 
Length: 8, 4
Vision: 3
Hungry, suplies: 9/10
Reproductive: 16, mutating: 0.25
Generation: 40441
####################################
Wall (up, right, down, left):
[11, -4, -6, -13] [2, 1, 4, -3] [-15, 9, 12, -10] [7, 3, 28, 13] [-27, 1, 26, -11] [4, -12, -3, -5] [-11, -15, -18, -10]
[-38, -17, 21, -17] [1, 21, -6, -7] [-22, 6, -4, -1] [-26, 12, 8, 7] [23, 7, 12, -4] [-23, -32, 12, 5] [-12, 1, -5, 11]
[-7, -3, 36, 1] [2, 23, -16, -9] [-19, 0, 47, -13] [-77, 27, 48, 28] [-41, -34, -26, 35] [-19, -23, -6, 18] [-21, -8, -17, -22]
[4, 43, -5, -41] [20, 7, 21, -25] [-4, 38, 2, -94] [0, 0, 0, 0] [43, -94, 39, 8] [14, 4, -1, 18] [11, -2, 12, -3]
[-9, -27, -9, 7] [15, 0, -10, -2] [-4, -2, -38, -39] [44, 11, -90, 6] [11, -11, -24, 34] [-4, 18, 4, 14] [-33, -70, -15, 23]
[8, 14, 12, -4] [-10, 2, -11, -7] [26, -4, 18, -17] [-6, 10, -28, 6] [14, 3, -24, 0] [19, -4, -29, 4] [37, 4, 24, 19]
[-9, -7, 6, -12] [-7, -11, -24, -5] [-8, 12, 25, 0] [-9, 6, -41, -9] [39, 15, -14, 31] [42, -25, -47, 18] [-13, 7, 9, -9]
Food (up, right, down, left):
[13, 24, 4, 6] [-9, 15, 7, -28] [34, -13, 18, 19] [-19, -24, 41, 24] [-11, 8, 40, -14] [-8, -25, -8, -28] [-31, 24, -2, -8]
[-57, -7, -21, -22] [5, 5, -26, -12] [0, 16, 25, 34] [-6, 24, -37, 17] [37, 9, -8, -35] [29, -1, -37, 12] [16, 5, 30, 13]
[-15, 3, 33, -34] [13, 11, -1, 34] [-60, -25, -34, 34] [47, -43, 25, 5] [2, -3, 1, -25] [-6, 11, -50, -27] [28, 30, -1, 24]
[19, 26, 9, 52] [-10, -7, -24, 28] [7, -4, -40, -20] [0, 0, 0, 0] [-20, 60, -32, -12] [-20, -18, -25, -6] [-6, 34, -26, 13]
[-8, 3, 0, 14] [3, 17, 5, 16] [20, -6, 37, 9] [-6, -33, 8, -22] [13, 3, 6, -29] [8, 45, 21, 20] [0, -12, 3, -25]
[6, -11, 3, -8] [13, 12, 11, -1] [9, 10, 10, 10] [-23, -29, 37, -39] [-42, -29, 0, -47] [-13, 37, -5, 22] [6, 29, -5, 24]
[10, 5, -24, -19] [18, -1, 8, -54] [8, 17, 7, -29] [4, 18, 35, -42] [55, 32, -4, -9] [18, 30, 14, -3] [21, -18, 26, -19]
------------------------------
ALIVE
Head: (14 5)
Body: (14 5) (14 6) (14 7) (14 8) (15 8) (15 9) (15 10) (16 10) (16 11) (17 11) 
Length: 10, 4
Vision: 3
Hungry, suplies: 10/10
Reproductive: 16, mutating: 0.25
Generation: 40441
####################################
Wall (up, right, down, left):
[11, -4, -6, -13] [2, 1, 4, -3] [-15, 9, 12, -10] [7, 3, 28, 13] [-27, 1, 26, -11] [4, -12, -3, -5] [-11, -15, -18, -10]
[-38, -17, 21, -17] [1, 21, -6, -3] [-22, 6, -4, -1] [-26, 12, 8, 7] [23, 7, 12, -2] [-23, -32, 12, 5] [-12, 1, -5, 11]
[-7, -3, 36, 1] [2, 23, -16, -9] [-19, 0, 47, -13] [-77, 27, 48, 28] [-41, -34, -22, 35] [-19, -23, -6, 18] [-21, -8, -17, -22]
[4, 43, -5, -41] [20, 7, 21, -25] [-4, 38, 2, -94] [0, 0, 0, 0] [43, -94, 35, 8] [14, 4, -1, 18] [11, -2, 12, -3]
[-9, -27, -9, 7] [15, 0, -10, -2] [-4, -2, -38, -39] [44, 11, -90, 6] [11, -11, -24, 34] [-4, 18, 4, 14] [-33, -70, -17, 23]
[8, 14, 12, -4] [-10, 2, -11, -7] [26, -4, 18, -17] [-6, 10, -28, 6] [14, 3, -24, 0] [19, -4, -29, 4] [37, 4, 24, 19]
[-9, -7, 6, -12] [-7, -11, -24, -5] [-8, 12, 25, 0] [-9, 6, -41, -9] [39, 15, -14, 31] [42, -25, -47, 18] [-13, 7, 9, -9]
Food (up, right, down, left):
[13, 24, 7, 6] [-9, 15, 7, -28] [34, -13, 18, 19] [-19, -24, 41, 24] [-11, 8, 40, -14] [-8, -25, -8, -28] [-31, 24, -2, -8]
[-57, -7, -21, -22] [5, 3, -26, -12] [0, 16, 25, 34] [-6, 24, -37, 17] [37, 9, -8, -36] [29, -1, -37, 12] [16, 5, 30, 13]
[-15, 3, 33, -34] [13, 11, -1, 34] [-60, -25, -34, 34] [47, -43, 25, 5] [2, -2, 1, -25] [-6, 11, -50, -27] [28, 30, -1, 24]
[19, 26, 9, 52] [-10, -7, -24, 28] [7, -4, -40, -20] [0, 0, 0, 0] [-16, 60, -32, -12] [-20, -18, -25, -6] [-6, 34, -26, 13]
[-8, 3, 0, 14] [3, 17, 5, 16] [20, -6, 37, 9] [-6, -33, 8, -22] [13, 3, 6, -29] [8, 45, 21, 20] [-1, -12, 3, -25]
[6, -11, 3, -8] [13, 12, 11, -1] [9, 10, 10, 10] [-23, -29, 37, -39] [-42, -29, 0, -47] [-13, 37, -5, 22] [6, 29, -5, 24]
[10, 5, -24, -19] [18, -1, 8, -54] [8, 17, 7, -29] [4, 18, 35, -42] [55, 32, -4, -9] [18, 30, 14, -3] [21, -18, 26, -19]
------------------------------
ALIVE
Head: (17 43)
Body: (17 43) (17 42) (17 41) (18 41) (19 41) (19 40) (20 40) (21 40) (22 40) (22 39) (23 39) 
Length: 11, 4
Vision: 3
Hungry, suplies: 9/10
Reproductive: 16, mutating: 0.25
Generation: 40444
####################################
Wall (up, right, down, left):
[11, -4, -6, -13] [2, 1, 4, -3] [-15, 9, 12, -10] [7, 3, 28, 13] [-27, 1, 26, -11] [4, -12, -3, -5] [-11, -15, -18, -10]
[-38, -17, 21, -17] [1, 21, -6, -3] [-22, 6, -4, -1] [-26, 12, 8, 7] [23, 7, 12, -2] [-23, -32, 12, 5] [-12, 1, -5, 11]
[-7, -3, 36, 1] [2, 23, -16, -9] [-19, 0, 47, -13] [-77, 27, 48, 28] [-41, -34, -22, 35] [-19, -23, -6, 18] [-21, -8, -17, -22]
[4, 43, -9, -41] [20, 7, 21, -25] [-4, 38, 2, -94] [0, 0, 0, 0] [43, -94, 39, 8] [14, 4, -1, 18] [11, -2, 12, -3]
[-9, -27, -9, 7] [15, 0, -10, -2] [-4, -2, -38, -39] [44, 11, -90, 6] [11, -11, -24, 34] [-4, 23, 4, 14] [-33, -70, -15, 23]
[8, 14, 12, -4] [-10, 2, -11, -7] [26, -4, 18, -17] [-6, 10, -28, 6] [14, 3, -24, 0] [19, -4, -29, 4] [37, 4, 24, 19]
[-9, -7, 6, -12] [-7, -11, -24, -5] [-8, 12, 25, 0] [-9, 6, -41, -9] [39, 15, -14, 31] [42, -25, -47, 18] [-13, 7, 9, -9]
Food (up, right, down, left):
[13, 24, 7, 6] [-9, 15, 7, -28] [34, -13, 18, 19] [-19, -24, 41, 24] [-11, 8, 40, -14] [-8, -25, -8, -28] [-31, 24, -2, -8]
[-57, -7, -21, -22] [5, 3, -26, -12] [0, 16, 25, 34] [-6, 24, -37, 17] [37, 9, -8, -32] [29, -1, -37, 12] [16, 5, 30, 13]
[-15, 3, 33, -34] [13, 11, -1, 34] [-60, -25, -34, 34] [47, -43, 25, 5] [2, -2, 1, -25] [-6, 11, -50, -27] [28, 30, -1, 24]
[19, 26, 9, 57] [-10, -7, -24, 28] [7, -4, -40, -20] [0, 0, 0, 0] [-20, 60, -32, -12] [-20, -18, -25, -6] [-6, 34, -26, 13]
[-8, 3, 0, 14] [3, 17, 5, 16] [20, -6, 37, 9] [-6, -33, 8, -22] [13, 3, 6, -29] [8, 40, 21, 20] [0, -12, 3, -25]
[6, -11, 3, -8] [13, 12, 11, -1] [9, 10, 10, 10] [-23, -29, 37, -39] [-42, -29, 0, -47] [-13, 37, -5, 22] [6, 29, -5, 24]
[10, 5, -24, -19] [18, -1, 8, -54] [8, 17, 7, -29] [4, 18, 35, -42] [55, 32, -4, -9] [18, 30, 14, -3] [21, -18, 26, -19]
------------------------------
ALIVE
Head: (1 20)
Body: (1 20) (2 20) (2 21) (2 22) (3 22) (4 22) (4 21) (5 21) 
Length: 8, 4
Vision: 3
Hungry, suplies: 9/10
Reproductive: 16, mutating: 0.25
Generation: 40446
####################################
Wall (up, right, down, left):
[11, -4, -6, -13] [2, 1, 4, -3] [-15, 9, 12, -10] [7, 7, 28, 13] [-27, 1, 26, -11] [4, -12, -3, -5] [-11, -15, -18, -10]
[-38, -17, 21, -17] [-1, 21, -6, -3] [-22, 7, -4, -1] [-26, 12, 8, 7] [23, 7, 12, -2] [-23, -32, 12, 5] [-12, 1, -5, 11]
[-7, -3, 36, 1] [2, 23, -16, -9] [-19, 0, 47, -13] [-77, 27, 48, 28] [-41, -34, -26, 35] [-19, -23, -6, 18] [-21, -8, -17, -22]
[4, 43, -5, -41] [20, 7, 21, -25] [-4, 38, 2, -94] [0, 0, 0, 0] [43, -94, 39, 8] [14, 4, -1, 18] [11, -2, 12, -3]
[-9, -27, -9, 7] [15, 0, -10, -2] [-4, -2, -38, -39] [44, 11, -90, 6] [11, -11, -24, 34] [-4, 18, 4, 14] [-33, -70, -15, 23]
[8, 14, 12, -4] [-10, 2, -11, -7] [26, -4, 18, -17] [-6, 10, -28, 6] [14, 3, -24, 0] [19, -4, -29, 4] [37, 4, 24, 19]
[-9, -7, 6, -12] [-7, -11, -24, -5] [-8, 12, 25, 0] [-9, 6, -41, -9] [39, 15, -14, 31] [42, -25, -47, 18] [-13, 7, 9, -8]
Food (up, right, down, left):
[13, 24, 7, 6] [-9, 15, 7, -28] [34, -13, 18, 19] [-19, -24, 39, 24] [-11, 8, 40, -14] [-8, -25, -8, -28] [-31, 24, -2, -8]
[-57, -7, -21, -22] [5, 0, -26, -12] [0, 12, 25, 34] [-6, 24, -37, 17] [37, 9, -8, -36] [29, -1, -37, 12] [16, 5, 30, 13]
[-15, 3, 33, -34] [13, 11, -1, 34] [-60, -25, -34, 34] [47, -43, 25, 5] [2, -3, 1, -25] [-6, 11, -50, -27] [28, 30, -1, 24]
[19, 26, 9, 52] [-10, -7, -24, 28] [7, -4, -40, -20] [0, 0, 0, 0] [-20, 60, -32, -12] [-20, -18, -25, -6] [-6, 34, -26, 13]
[-8, 3, 0, 14] [3, 17, 5, 16] [20, -6, 37, 9] [-6, -33, 8, -22] [13, 3, 6, -29] [8, 45, 21, 20] [0, -12, 3, -25]
[6, -11, 3, -8] [13, 12, 11, -1] [9, 10, 10, 10] [-23, -29, 37, -39] [-42, -29, 0, -47] [-13, 34, -5, 22] [6, 29, -5, 24]
[10, 5, -24, -19] [18, -1, 8, -54] [8, 17, 7, -29] [4, 18, 35, -42] [55, 32, -4, -9] [18, 30, 14, -3] [22, -18, 26, -19]
------------------------------
ALIVE
Head: (7 29)
Body: (7 29) (7 28) (7 27) (6 27) (5 27) (4 27) (3 27) (2 27) (2 26) (1 26) (0 26) (0 25) 
Length: 12, 4
Vision: 3
Hungry, suplies: 3/10
Reproductive: 16, mutating: 0.25
Generation: 40442
####################################
Wall (up, right, down, left):
[11, -4, -6, -13] [2, 1, 4, -3] [-15, 9, 12, -10] [7, 3, 28, 13] [-27, 1, 26, -11] [4, -12, -3, -5] [-11, -15, -18, -10]
[-38, -17, 21, -17] [1, 21, -6, -3] [-22, 6, -4, -1] [-26, 12, 8, 7] [23, 7, 12, -2] [-23, -32, 12, 5] [-12, 1, -5, 11]
[-7, -3, 36, 1] [2, 23, -16, -9] [-19, 0, 47, -13] [-77, 27, 48, 28] [-41, -34, -22, 35] [-19, -23, -6, 18] [-21, -8, -17, -22]
[4, 43, -5, -41] [20, 7, 21, -25] [-4, 38, 2, -94] [0, 0, 0, 0] [43, -94, 39, 8] [14, 4, -1, 18] [11, -2, 12, -3]
[-9, -27, -9, 7] [15, 0, -10, -2] [-4, -2, -38, -39] [44, 11, -90, 6] [11, -11, -24, 34] [-4, 23, 4, 14] [-33, -70, -15, 23]
[8, 14, 12, -4] [-10, 2, -11, -7] [26, -4, 18, -17] [-6, 10, -28, 6] [14, 3, -24, 0] [19, -4, -29, 4] [37, 4, 24, 19]
[-9, -7, 6, -12] [-7, -11, -24, -5] [-8, 12, 25, 0] [-9, 6, -41, -9] [39, 15, -14, 31] [42, -25, -47, 18] [-13, 7, 9, -9]
Food (up, right, down, left):
[13, 24, 7, 6] [-9, 15, 7, -28] [34, -13, 18, 19] [-19, -24, 41, 24] [-11, 8, 40, -14] [-8, -25, -8, -28] [-31, 24, -2, -8]
[-57, -7, -21, -22] [5, 3, -26, -12] [0, 16, 25, 34] [-6, 24, -37, 17] [37, 9, -8, -32] [29, -1, -37, 12] [16, 5, 30, 13]
[-15, 3, 33, -34] [13, 11, -1, 34] [-60, -25, -34, 34] [47, -43, 25, 5] [2, -2, 1, -25] [-6, 11, -50, -27] [28, 30, -1, 24]
[19, 26, 9, 52] [-10, -7, -24, 28] [7, -4, -40, -20] [0, 0, 0, 0] [-20, 60, -32, -12] [-20, -18, -25, -6] [-6, 34, -26, 13]
[-8, 3, 0, 14] [3, 17, 5, 16] [20, -6, 37, 9] [-6, -33, 8, -22] [13, 3, 6, -29] [8, 40, 21, 20] [0, -12, 3, -25]
[6, -11, 3, -8] [13, 12, 11, -1] [9, 10, 10, 10] [-23, -29, 37, -39] [-42, -29, 0, -47] [-13, 37, -5, 22] [6, 29, -5, 24]
[10, 5, -24, -19] [18, -1, 8, -54] [8, 17, 7, -29] [4, 18, 35, -42] [55, 32, -4, -9] [18, 30, 14, -3] [21, -18, 26, -19]
------------------------------
ALIVE
Head: (4 5)
Body: (4 5) (4 6) (4 7) (4 8) (5 8) (6 8) (7 8) (7 9) (6 9) (5 9) (4 9) (3 9) (3 8) (3 7) 
Length: 14, 4
Vision: 3
Hungry, suplies: 7/10
Reproductive: 16, mutating: 0.25
Generation: 40447
####################################
Wall (up, right, down, left):
[11, -4, -6, -13] [2, 1, 4, -3] [-15, 9, 12, -10] [7, 3, 28, 13] [-27, 1, 26, -11] [4, -12, -3, -5] [-11, -15, -18, -10]
[-38, -17, 21, -17] [0, 21, -6, -3] [-22, 6, -4, -1] [-26, 12, 8, 7] [23, 7, 12, -2] [-23, -32, 12, 5] [-12, 1, -5, 11]
[-7, -3, 36, 1] [2, 23, -16, -9] [-19, 0, 47, -13] [-77, 27, 48, 28] [-41, -34, -22, 35] [-19, -23, -6, 18] [-21, -8, -17, -22]
[4, 43, -5, -41] [20, 7, 21, -25] [-4, 38, 2, -94] [0, 0, 0, 0] [43, -94, 35, 8] [14, 4, -1, 18] [11, -2, 12, -3]
[-9, -27, -9, 7] [15, 0, -10, -2] [-4, -2, -38, -39] [44, 11, -90, 6] [11, -11, -24, 34] [-4, 18, 4, 14] [-33, -70, -15, 23]
[8, 14, 12, -4] [-10, 2, -11, -7] [26, -4, 18, -17] [-6, 10, -28, 6] [14, 3, -24, 0] [19, -4, -29, 4] [37, 4, 24, 19]
[-9, -7, 6, -12] [-7, -11, -24, -5] [-8, 12, 25, 0] [-9, 6, -41, -9] [39, 15, -14, 31] [42, -25, -47, 18] [-13, 7, 9, -9]
Food (up, right, down, left):
[13, 24, 7, 6] [-9, 15, 7, -28] [34, -13, 18, 19] [-19, -24, 41, 24] [-11, 8, 40, -14] [-8, -25, -8, -28] [-31, 24, -2, -8]
[-57, -7, -21, -22] [5, 3, -27, -12] [0, 16, 25, 34] [-6, 24, -37, 17] [37, 9, -8, -36] [29, -1, -37, 12] [16, 5, 30, 13]
[-15, 3, 33, -34] [13, 11, -1, 34] [-60, -25, -34, 34] [47, -43, 25, 5] [2, -2, 1, -25] [-6, 11, -50, -27] [28, 30, -1, 24]
[19, 26, 9, 52] [-10, -7, -24, 28] [7, -4, -40, -20] [0, 0, 0, 0] [-16, 60, -32, -12] [-20, -18, -25, -6] [-6, 34, -26, 13]
[-8, 3, 0, 14] [3, 17, 5, 16] [20, -6, 37, 9] [-6, -33, 8, -22] [13, 3, 6, -29] [8, 45, 21, 20] [0, -12, 3, -25]
[6, -11, 3, -8] [13, 12, 11, -1] [9, 10, 10, 10] [-23, -29, 37, -39] [-42, -29, 0, -47] [-13, 37, -5, 22] [6, 29, -5, 24]
[10, 5, -24, -19] [18, -1, 8, -54] [8, 17, 7, -29] [4, 18, 35, -42] [55, 32, -4, -9] [18, 30, 14, -3] [21, -18, 26, -19]
------------------------------
ALIVE
Head: (13 55)
Body: (13 55) (13 54) (13 53) (13 52) (13 51) (13 50) (12 50) (11 50) 
Length: 8, 4
Vision: 3
Hungry, suplies: 6/10
Reproductive: 16, mutating: 0.25
Generation: 40444
####################################
Wall (up, right, down, left):
[11, -4, -6, -13] [2, 1, 4, -3] [-15, 9, 12, -10] [7, 3, 28, 13] [-27, 1, 26, -11] [4, -12, -3, -5] [-11, -15, -18, -10]
[-38, -17, 21, -17] [1, 21, -6, -3] [-22, 6, -4, -1] [-26, 12, 8, 7] [23, 7, 12, -2] [-23, -32, 12, 5] [-12, 1, -5, 11]
[-7, -3, 36, 1] [2, 23, -16, -9] [-19, 0, 47, -13] [-77, 27, 48, 28] [-41, -34, -22, 35] [-19, -23, -6, 18] [-21, -8, -17, -22]
[4, 43, -5, -41] [20, 7, 21, -25] [-4, 38, 2, -94] [0, 0, 0, 0] [43, -94, 35, 8] [14, 4, -1, 18] [11, -2, 12, -3]
[-9, -27, -9, 7] [15, 0, -10, -2] [-4, -2, -38, -39] [44, 11, -90, 6] [11, -11, -24, 34] [-4, 18, 4, 14] [-33, -70, -15, 23]
[8, 14, 12, -4] [-10, 2, -11, -7] [26, -4, 18, -17] [-6, 10, -28, 6] [14, 3, -24, 0] [19, -4, -29, 4] [37, 4, 24, 19]
[-9, -7, 6, -12] [-7, -11, -24, -5] [-8, 12, 25, 0] [-9, 6, -41, -9] [39, 15, -14, 31] [42, -25, -47, 18] [-13, 7, 9, -9]
Food (up, right, down, left):
[13, 24, 7, 6] [-9, 15, 7, -28] [34, -13, 18, 19] [-19, -24, 41, 24] [-11, 8, 40, -14] [-8, -25, -8, -28] [-31, 24, -2, -8]
[-57, -7, -21, -22] [5, 3, -26, -12] [0, 16, 25, 34] [-6, 24, -37, 17] [37, 9, -8, -36] [29, -1, -37, 12] [16, 5, 30, 13]
[-15, 3, 33, -34] [13, 11, -1, 34] [-60, -25, -34, 34] [47, -43, 25, 5] [2, -2, 1, -25] [-6, 11, -50, -27] [28, 30, -1, 24]
[19, 26, 9, 52] [-10, -7, -24, 28] [7, -4, -40, -20] [0, 0, 0, 0] [-16, 60, -32, -12] [-20, -18, -25, -6] [-6, 34, -26, 13]
[-8, 3, 0, 14] [3, 17, 5, 16] [20, -6, 37, 9] [-6, -33, 8, -22] [13, 3, 6, -29] [8, 45, 21, 20] [0, -12, 3, -25]
[6, -11, 3, -8] [13, 12, 11, -1] [9, 10, 10, 10] [-23, -29, 37, -39] [-42, -29, 0, -47] [-13, 37, -5, 22] [6, 29, -5, 24]
[10, 5, -24, -19] [18, -1, 8, -54] [8, 17, 7, -29] [4, 18, 35, -42] [55, 32, -4, -9] [18, 30, 14, -3] [21, -18, 26, -19]
------------------------------
ALIVE
Head: (7 5)
Body: (7 5) (7 6) (8 6) (8 7) (9 7) (9 6) (10 6) (10 5) (11 5) (12 5) (12 6) 
Length: 11, 4
Vision: 3
Hungry, suplies: 7/10
Reproductive: 16, mutating: 0.25
Generation: 40443
####################################
Wall (up, right, down, left):
[11, -4, -6, -13] [2, 1, 4, -3] [-15, 9, 12, -10] [7, 7, 28, 13] [-27, 1, 26, -11] [4, -12, -3, -5] [-11, -15, -18, -10]
[-38, -17, 21, -17] [-1, 21, -6, -3] [-22, 7, -4, -1] [-26, 12, 8, 7] [23, 7, 12, -2] [-23, -32, 12, 5] [-12, 1, -5, 11]
[-7, -3, 36, 1] [2, 23, -16, -9] [-19, 0, 47, -13] [-77, 27, 48, 28] [-41, -34, -26, 35] [-19, -23, -6, 18] [-21, -8, -17, -22]
[4, 43, -5, -41] [20, 7, 21, -25] [-4, 38, 2, -94] [0, 0, 0, 0] [43, -94, 39, 8] [14, 4, -1, 18] [11, -2, 12, -3]
[-9, -27, -9, 7] [15, 0, -10, -2] [-4, -2, -38, -39] [44, 11, -90, 6] [11, -11, -24, 34] [-4, 18, 4, 14] [-33, -70, -15, 23]
[8, 14, 12, -4] [-10, 2, -11, -7] [26, -4, 18, -17] [-6, 10, -28, 6] [14, 3, -24, 0] [19, -4, -29, 4] [37, 4, 24, 19]
[-9, -7, 6, -12] [-7, -11, -24, -5] [-8, 12, 25, 0] [-9, 6, -41, -9] [39, 15, -14, 31] [42, -25, -47, 18] [-13, 7, 9, -9]
Food (up, right, down, left):
[13, 24, 7, 6] [-9, 15, 7, -28] [34, -13, 18, 19] [-19, -24, 39, 24] [-11, 8, 40, -14] [-8, -25, -8, -28] [-31, 24, -2, -8]
[-57, -7, -21, -22] [5, 0, -21, -12] [0, 12, 25, 34] [-6, 24, -37, 17] [37, 9, -8, -36] [29, -1, -37, 12] [16, 5, 30, 13]
[-15, 3, 33, -34] [13, 11, -1, 34] [-60, -25, -34, 34] [47, -43, 25, 5] [2, -3, 1, -25] [-6, 11, -50, -27] [28, 30, -1, 24]
[19, 26, 9, 52] [-10, -7, -24, 28] [7, -4, -40, -20] [0, 0, 0, 0] [-20, 60, -32, -12] [-20, -18, -25, -6] [-6, 34, -26, 13]
[-8, 3, 0, 14] [3, 17, 5, 16] [20, -6, 37, 9] [-6, -33, 8, -22] [13, 3, 6, -29] [8, 45, 21, 20] [0, -12, 3, -25]
[6, -11, 3, -8] [13, 12, 11, -1] [9, 10, 10, 10] [-23, -29, 37, -39] [-42, -29, 0, -47] [-13, 37, -5, 22] [6, 29, -5, 24]
[10, 5, -24, -19] [18, -1, 8, -54] [8, 17, 7, -29] [4, 18, 35, -42] [55, 32, -4, -9] [18, 30, 14, -3] [21, -18, 26, -19]
------------------------------
ALIVE
Head: (19 21)
Body: (19 21) (18 21) (18 22) (19 22) (19 23) (19 24) (19 25) (19 26) (20 26) 
Length: 9, 4
Vision: 3
Hungry, suplies: 3/10
Reproductive: 16, mutating: 0.25
Generation: 40441
####################################
Wall (up, right, down, left):
[11, -4, -6, -13] [2, 1, 4, -3] [-15, 9, 12, -10] [7, 3, 28, 13] [-27, 1, 26, -11] [4, -12, -3, -5] [-11, -15, -18, -10]
[-38, -17, 21, -17] [1, 21, -6, -7] [-22, 6, -4, -1] [-26, 12, 8, 7] [23, 7, 12, -4] [-23, -32, 12, 5] [-12, 1, -5, 11]
[-7, -3, 36, 1] [2, 23, -16, -9] [-19, 0, 47, -13] [-77, 27, 48, 28] [-41, -34, -26, 35] [-19, -23, -6, 18] [-21, -8, -17, -22]
[4, 43, -5, -41] [20, 7, 21, -25] [-4, 38, 2, -94] [0, 0, 0, 0] [43, -94, 39, 8] [14, 4, -1, 18] [11, -2, 12, 0]
[-9, -27, -9, 7] [15, 0, -10, -2] [-4, -2, -38, -39] [44, 11, -90, 6] [11, -11, -24, 34] [-4, 18, 4, 14] [-33, -70, -15, 23]
[8, 14, 12, -4] [-10, 2, -11, -7] [26, -4, 18, -17] [-6, 10, -28, 6] [14, 3, -24, 0] [19, -4, -29, 4] [37, 4, 24, 19]
[-9, -7, 6, -12] [-7, -11, -24, -5] [-8, 12, 25, 0] [-9, 6, -41, -9] [39, 15, -14, 31] [42, -25, -47, 18] [-13, 7, 9, -9]
Food (up, right, down, left):
[13, 24, 4, 6] [-9, 15, 7, -28] [34, -13, 18, 19] [-19, -24, 41, 24] [-11, 8, 40, -14] [-8, -25, -8, -28] [-31, 24, -2, -8]
[-57, -7, -21, -22] [5, 5, -26, -12] [0, 16, 25, 34] [-6, 24, -37, 17] [37, 9, -8, -35] [29, -1, -37, 12] [16, 5, 30, 13]
[-15, 3, 33, -34] [13, 11, -1, 34] [-60, -25, -34, 34] [47, -43, 25, 5] [2, -3, 1, -25] [-6, 11, -50, -27] [28, 30, -1, 24]
[19, 26, 9, 52] [-10, -7, -24, 28] [7, -4, -40, -20] [0, 0, 0, 0] [-20, 60, -32, -12] [-20, -18, -25, -6] [-6, 34, -22, 13]
[-8, 3, 0, 14] [3, 17, 5, 16] [20, -6, 37, 9] [-6, -33, 8, -22] [13, 3, 6, -29] [8, 45, 21, 20] [0, -12, 3, -25]
[6, -11, 3, -8] [13, 12, 11, -1] [9, 10, 10, 10] [-23, -29, 37, -39] [-42, -29, 0, -47] [-13, 37, -5, 22] [6, 29, -5, 24]
[10, 5, -24, -19] [18, -1, 8, -54] [8, 17, 7, -29] [4, 18, 35, -42] [55, 32, -4, -9] [18, 30, 14, -3] [21, -18, 26, -19]
------------------------------
ALIVE
Head: (16 12)
Body: (16 12) (16 13) (15 13) (15 14) (16 14) (16 15) (16 16) (15 16) 
Length: 8, 4
Vision: 3
Hungry, suplies: 9/10
Reproductive: 16, mutating: 0.25
Generation: 40442
####################################
Wall (up, right, down, left):
[11, -4, -6, -13] [2, 1, 4, -3] [-15, 9, 12, -10] [7, 3, 28, 13] [-27, 1, 26, -11] [4, -12, -3, -5] [-11, -15, -18, -10]
[-38, -17, 21, -17] [1, 21, -6, -3] [-22, 6, -4, -1] [-26, 12, 8, 7] [23, 7, 12, -2] [-23, -32, 12, 5] [-12, 1, -5, 11]
[-7, -3, 36, 1] [2, 23, -16, -9] [-19, 0, 47, -13] [-77, 27, 48, 28] [-41, -34, -22, 35] [-19, -23, -6, 18] [-21, -8, -17, -22]
[4, 43, -5, -41] [20, 7, 21, -25] [-4, 38, 2, -94] [0, 0, 0, 0] [43, -94, 39, 8] [14, 4, -1, 18] [11, -2, 12, -3]
[-9, -27, -9, 7] [15, 0, -10, -2] [-4, -2, -38, -39] [44, 11, -90, 6] [11, -11, -24, 34] [-4, 23, 4, 14] [-33, -70, -15, 23]
[8, 14, 12, -4] [-10, 2, -11, -7] [26, -4, 18, -17] [-6, 10, -28, 6] [14, 3, -24, 0] [19, -4, -29, 4] [37, 4, 24, 19]
[-9, -7, 6, -12] [-7, -11, -24, -5] [-8, 12, 25, 0] [-9, 6, -41, -9] [39, 15, -14, 31] [42, -25, -47, 18] [-13, 7, 9, -9]
Food (up, right, down, left):
[13, 24, 7, 6] [-9, 15, 7, -28] [34, -13, 18, 19] [-19, -24, 41, 24] [-11, 8, 40, -14] [-8, -25, -8, -28] [-31, 24, -2, -8]
[-57, -7, -21, -22] [5, 3, -26, -12] [0, 16, 25, 34] [-6, 24, -37, 17] [37, 9, -8, -32] [29, -1, -37, 12] [16, 5, 30, 13]
[-15, 3, 33, -34] [13, 11, -1, 34] [-60, -25, -34, 34] [47, -43, 25, 5] [2, -2, 1, -25] [-6, 11, -50, -27] [28, 30, -1, 24]
[19, 26, 9, 52] [-10, -7, -24, 28] [7, -4, -40, -20] [0, 0, 0, 0] [-20, 60, -32, -12] [-20, -18, -25, -6] [-6, 34, -26, 13]
[-8, 3, 0, 14] [3, 17, 5, 16] [20, -6, 37, 9] [-6, -33, 8, -22] [13, 3, 6, -29] [8, 40, 21, 20] [0, -12, 3, -25]
[6, -11, 3, -8] [13, 12, 11, -1] [9, 10, 10, 10] [-23, -29, 37, -39] [-42, -29, 0, -47] [-13, 37, -5, 22] [6, 29, -5, 24]
[10, 5, -24, -19] [18, -1, 8, -54] [8, 17, 7, -29] [4, 18, 35, -42] [55, 32, -4, -9] [18, 30, 14, -3] [21, -18, 26, -19]
------------------------------
ALIVE
Head: (16 43)
Body: (16 43) (16 42) (15 42) (15 41) (15 40) (16 40) (16 39) (15 39) (14 39) (14 38) (13 38) (12 38) 
Length: 12, 4
Vision: 3
Hungry, suplies: 10/10
Reproductive: 16, mutating: 0.25
Generation: 40446
####################################
Wall (up, right, down, left):
[11, -4, -6, -13] [2, 1, 4, -3] [-15, 9, 12, -10] [7, 3, 28, 13] [-27, 1, 26, -11] [4, -12, -3, -5] [-11, -15, -18, -10]
[-38, -17, 21, -17] [1, 21, -6, -3] [-22, 6, -4, -1] [-26, 12, 8, 7] [23, 7, 12, -2] [-23, -32, 12, 5] [-12, 1, -5, 11]
[-7, -3, 36, 1] [2, 23, -16, -9] [-19, 0, 47, -13] [-77, 27, 48, 28] [-41, -34, -22, 35] [-19, -23, -6, 18] [-21, -8, -17, -23]
[4, 43, -5, -41] [20, 7, 21, -25] [-4, 38, 2, -94] [0, 0, 0, 0] [43, -94, 39, 8] [14, 4, -1, 18] [11, -2, 12, -3]
[-9, -27, -9, 7] [15, 0, -10, -2] [-4, -2, -38, -39] [44, 11, -90, 6] [11, -11, -24, 34] [-4, 23, 4, 14] [-33, -70, -15, 23]
[8, 14, 12, -4] [-10, 2, -11, -7] [26, -4, 18, -17] [-6, 10, -28, 6] [14, 3, -24, 0] [19, -4, -29, 4] [37, 4, 24, 19]
[-9, -7, 6, -12] [-7, -11, -24, -5] [-8, 12, 25, 0] [-9, 6, -41, -9] [39, 15, -14, 31] [42, -25, -47, 18] [-13, 7, 9, -9]
Food (up, right, down, left):
[13, 24, 7, 6] [-9, 15, 7, -28] [34, -13, 18, 19] [-19, -24, 41, 24] [-11, 8, 40, -14] [-8, -25, -8, -28] [-31, 24, -2, -8]
[-57, -7, -21, -22] [5, 3, -26, -12] [0, 16, 25, 34] [-6, 24, -37, 17] [37, 9, -8, -32] [29, -1, -37, 12] [16, 5, 30, 13]
[-15, 3, 33, -34] [13, 11, -1, 34] [-60, -25, -34, 34] [47, -43, 25, 5] [2, -2, 1, -25] [-6, 11, -50, -27] [28, 31, -1, 24]
[19, 26, 9, 52] [-10, -7, -24, 28] [7, -4, -40, -20] [0, 0, 0, 0] [-20, 60, -32, -12] [-20, -18, -25, -6] [-6, 34, -26, 13]
[-8, 3, 0, 14] [3, 17, 5, 16] [20, -6, 37, 9] [-6, -33, 8, -22] [13, 3, 6, -29] [8, 40, 21, 20] [0, -12, 3, -25]
[6, -11, 3, -8] [13, 12, 11, -1] [9, 10, 10, 10] [-23, -29, 37, -39] [-42, -29, 0, -47] [-13, 37, -5, 22] [6, 29, -5, 24]
[10, 5, -24, -19] [18, -1, 8, -54] [8, 17, 7, -29] [4, 18, 35, -42] [55, 32, -4, -9] [18, 30, 14, -3] [21, -18, 26, -19]
------------------------------
ALIVE
Head: (18 18)
Body: (18 18) (18 17) (18 16) (18 15) (19 15) (19 14) (19 13) (20 13) (21 13) (21 14) 
Length: 10, 4
Vision: 3
Hungry, suplies: 5/10
Reproductive: 16, mutating: 0.25
Generation: 40447
####################################
Wall (up, right, down, left):
[11, -4, -6, -13] [2, 1, 4, -3] [-15, 9, 12, -10] [7, 3, 28, 13] [-27, 1, 26, -11] [4, -12, -3, -5] [-11, -15, -18, -10]
[-38, -17, 21, -17] [1, 21, -6, -7] [-22, 6, -4, -1] [-26, 12, 8, 7] [23, 7, 12, -4] [-23, -32, 12, 5] [-12, 1, -5, 11]
[-7, -3, 36, 1] [2, 23, -16, -9] [-19, 0, 47, -13] [-77, 27, 48, 28] [-41, -34, -26, 35] [-19, -23, -6, 18] [-21, -8, -17, -22]
[4, 43, -5, -41] [20, 7, 21, -25] [-4, 38, 2, -94] [0, 0, 0, 0] [43, -94, 39, 8] [14, 4, -1, 18] [11, -2, 12, 0]
[-9, -27, -9, 7] [15, 0, -10, -2] [-4, -2, -38, -39] [44, 11, -90, 6] [11, -11, -24, 34] [-4, 18, 4, 14] [-33, -70, -15, 23]
[8, 14, 12, -4] [-10, 2, -11, -7] [26, -4, 18, -17] [-6, 10, -28, 6] [14, 3, -24, 0] [19, -4, -29, 4] [37, 4, 24, 19]
[-9, -7, 6, -12] [-7, -11, -24, -5] [-8, 12, 25, 0] [-9, 6, -41, -9] [39, 15, -14, 31] [42, -25, -47, 18] [-13, 7, 9, -9]
Food (up, right, down, left):
[13, 24, 4, 6] [-9, 15, 7, -28] [34, -13, 18, 19] [-19, -24, 41, 24] [-11, 8, 40, -14] [-8, -25, -8, -28] [-31, 24, -2, -8]
[-57, -7, -21, -22] [5, 5, -26, -12] [0, 16, 25, 34] [-6, 24, -37, 17] [37, 9, -8, -35] [29, -1, -37, 12] [16, 5, 30, 13]
[-15, 3, 33, -34] [13, 11, -1, 34] [-60, -25, -34, 34] [47, -43, 25, 5] [2, -3, 1, -25] [-6, 11, -50, -27] [28, 30, -1, 24]
[19, 26, 9, 52] [-10, -7, -24, 28] [7, -4, -40, -20] [0, 0, 0, 0] [-20, 60, -32, -12] [-20, -18, -25, -6] [-6, 34, -22, 13]
[-8, 3, 0, 14] [3, 17, 5, 16] [20, -6, 37, 9] [-6, -33, 8, -22] [13, 3, 6, -29] [8, 45, 21, 20] [0, -12, 3, -25]
[6, -11, 3, -8] [13, 12, 11, -1] [9, 10, 10, 10] [-23, -29, 37, -39] [-42, -29, 0, -47] [-13, 37, -5, 22] [6, 29, -5, 24]
[10, 5, -24, -19] [18, -1, 8, -54] [8, 17, 7, -29] [4, 18, 35, -42] [55, 32, -4, -9] [18, 30, 14, -3] [21, -18, 26, -19]
------------------------------
ALIVE
Head: (6 3)
Body: (6 3) (6 2) (5 2) (4 2) (4 1) (4 0) (5 57) (5 56) (6 56) (7 56) 
Length: 10, 4
Vision: 3
Hungry, suplies: 7/10
Reproductive: 16, mutating: 0.25
Generation: 40443
####################################
Wall (up, right, down, left):
[11, -4, -6, -13] [2, 1, 4, -3] [-15, 9, 12, -10] [7, 3, 28, 13] [-27, 1, 26, -11] [4, -12, -3, -5] [-11, -15, -18, -10]
[-38, -17, 21, -17] [1, 21, -6, -3] [-22, 6, -4, -1] [-26, 12, 8, 7] [23, 7, 12, -2] [-23, -32, 12, 5] [-12, 1, -5, 11]
[-7, -3, 36, 1] [2, 23, -16, -9] [-19, 0, 47, -13] [-77, 27, 48, 28] [-41, -34, -22, 35] [-19, -23, -6, 18] [-21, -8, -17, -22]
[4, 43, -5, -41] [20, 7, 21, -25] [-4, 38, 2, -94] [0, 0, 0, 0] [43, -94, 35, 8] [14, 4, -1, 18] [11, -2, 12, -3]
[-9, -27, -9, 7] [15, 0, -10, -2] [-4, -2, -38, -39] [44, 11, -90, 6] [11, -11, -24, 34] [-4, 18, 4, 14] [-33, -70, -15, 23]
[8, 14, 12, -4] [-10, 2, -11, -7] [26, -4, 18, -17] [-6, 10, -28, 6] [14, 3, -24, 0] [19, -4, -29, 4] [37, 4, 24, 19]
[-9, -7, 6, -12] [-7, -11, -24, -5] [-8, 12, 25, 0] [-9, 6, -41, -9] [39, 15, -14, 31] [42, -25, -47, 18] [-13, 7, 9, -9]
Food (up, right, down, left):
[13, 24, 7, 6] [-9, 15, 7, -28] [34, -13, 18, 19] [-19, -24, 41, 24] [-11, 8, 40, -14] [-8, -25, -8, -28] [-31, 24, -2, -8]
[-57, -7, -21, -22] [5, 3, -26, -12] [0, 16, 25, 34] [-6, 24, -37, 17] [37, 9, -8, -36] [29, -1, -37, 12] [16, 5, 30, 13]
[-15, 3, 33, -34] [13, 11, -1, 34] [-60, -25, -34, 34] [47, -43, 25, 5] [2, -2, 1, -25] [-6, 11, -50, -27] [28, 30, -1, 24]
[19, 26, 9, 52] [-10, -7, -24, 28] [7, -4, -40, -20] [0, 0, 0, 0] [-16, 60, -32, -12] [-20, -18, -25, -6] [-6, 34, -26, 13]
[-8, 3, 0, 14] [3, 17, 5, 16] [20, -6, 37, 9] [-6, -33, 8, -22] [13, 3, 6, -29] [8, 45, 21, 20] [0, -12, 3, -25]
[6, -11, 3, -8] [13, 12, 11, -1] [9, 10, 10, 10] [-23, -29, 37, -39] [-42, -29, 0, -47] [-13, 37, -5, 22] [6, 29, -5, 24]
[10, 5, -24, -19] [18, -1, 8, -54] [8, 17, 7, -29] [4, 18, 35, -42] [55, 32, -4, -9] [18, 30, 14, -3] [21, -18, 26, -19]
------------------------------
ALIVE
Head: (0 3)
Body: (0 3) (1 3) (2 3) (3 3) (3 2) (3 1) (3 57) 
Length: 7, 4
Vision: 3
Hungry, suplies: 8/10
Reproductive: 16, mutating: 0.25
Generation: 40444
####################################
Wall (up, right, down, left):
[11, -4, -6, -13] [2, 1, 4, -3] [-15, 9, 12, -10] [7, 3, 28, 13] [-27, 1, 26, -11] [4, -12, -3, -5] [-11, -15, -18, -10]
[-38, -17, 21, -17] [1, 21, -6, -3] [-22, 6, -4, -1] [-26, 12, 8, 7] [23, 7, 12, -2] [-23, -32, 12, 5] [-12, 1, -5, 11]
[-7, -3, 36, 1] [2, 23, -16, -9] [-19, 0, 47, -13] [-77, 27, 48, 28] [-41, -34, -26, 35] [-19, -23, -6, 18] [-21, -8, -17, -22]
[4, 43, -5, -41] [20, 7, 21, -25] [-4, 38, 2, -94] [0, 0, 0, 0] [43, -94, 39, 8] [14, 4, -1, 18] [11, -2, 13, -3]
[-9, -27, -9, 7] [15, 0, -10, -2] [-4, -2, -38, -39] [44, 11, -90, 6] [11, -11, -24, 34] [-4, 20, 4, 14] [-33, -70, -15, 23]
[8, 14, 12, -4] [-10, 2, -11, -7] [26, -4, 18, -17] [-6, 10, -28, 6] [14, 3, -24, 0] [19, -4, -29, 4] [37, 4, 24, 19]
[-9, -7, 6, -12] [-9, -11, -24, -5] [-8, 12, 25, 0] [-9, 6, -41, -9] [39, 15, -14, 31] [42, -25, -47, 18] [-13, 7, 9, -9]
Food (up, right, down, left):
[13, 24, 7, 6] [-9, 15, 7, -28] [34, -13, 18, 19] [-19, -24, 41, 24] [-11, 8, 40, -14] [-8, -25, -8, -28] [-31, 24, -2, -8]
[-57, -7, -21, -22] [5, 3, -26, -12] [0, 16, 25, 34] [-6, 24, -37, 17] [37, 9, -8, -36] [29, -1, -37, 12] [16, 5, 30, 13]
[-15, 3, 33, -34] [13, 11, -1, 34] [-60, -25, -34, 34] [47, -43, 25, 5] [2, -3, 1, -25] [-6, 11, -50, -27] [28, 30, -1, 24]
[19, 26, 9, 52] [-10, -7, -24, 28] [7, -4, -40, -20] [0, 0, 0, 0] [-20, 60, -32, -12] [-20, -18, -25, -6] [-6, 37, -26, 13]
[-8, 3, 0, 14] [3, 17, 5, 16] [20, -6, 37, 9] [-6, -33, 8, -22] [13, 3, 6, -29] [8, 45, 21, 20] [0, -12, 3, -25]
[6, -11, 3, -8] [13, 12, 11, -1] [9, 10, 10, 10] [-23, -29, 37, -39] [-42, -29, 0, -47] [-13, 37, -5, 22] [6, 29, -5, 24]
[10, 5, -24, -19] [18, -1, 11, -54] [8, 17, 7, -29] [4, 18, 35, -42] [55, 32, -4, -9] [18, 30, 14, -3] [21, -18, 26, -19]
------------------------------
ALIVE
Head: (14 3)
Body: (14 3) (13 3) (12 3) (12 2) (13 2) (14 2) (15 2) (15 1) (15 57) (15 56) (15 55) 
Length: 11, 4
Vision: 3
Hungry, suplies: 5/10
Reproductive: 16, mutating: 0.25
Generation: 40445
####################################
Wall (up, right, down, left):
[11, -4, -6, -13] [2, 1, 4, -3] [-15, 9, 12, -10] [7, 3, 28, 13] [-27, 1, 26, -11] [4, -12, -3, -5] [-11, -15, -18, -10]
[-38, -17, 21, -17] [1, 21, -6, -3] [-22, 6, -4, -1] [-26, 12, 8, 7] [23, 7, 12, -2] [-23, -32, 12, 5] [-12, 1, -5, 11]
[-7, -3, 36, 1] [2, 23, -16, -9] [-19, 0, 47, -13] [-77, 27, 48, 28] [-41, -34, -22, 35] [-19, -23, -6, 18] [-21, -8, -17, -22]
[4, 43, -5, -41] [20, 7, 21, -25] [-4, 38, 2, -94] [0, 0, 0, 0] [43, -94, 39, 8] [14, 4, -1, 18] [11, -2, 12, -3]
[-9, -27, -9, 7] [15, 0, -10, -2] [-4, -2, -38, -38] [44, 11, -90, 6] [11, -11, -24, 34] [-4, 23, 4, 14] [-33, -70, -15, 23]
[8, 14, 12, -4] [-10, 2, -11, -7] [26, -4, 18, -17] [-6, 10, -28, 6] [14, 3, -24, 0] [19, -4, -29, 4] [37, 4, 24, 19]
[-9, -7, 6, -12] [-7, -11, -24, -5] [-8, 12, 25, 0] [-9, 6, -41, -9] [39, 15, -14, 31] [42, -25, -47, 18] [-13, 7, 9, -9]
Food (up, right, down, left):
[13, 24, 7, 6] [-9, 15, 7, -28] [34, -13, 18, 19] [-19, -24, 41, 24] [-11, 8, 40, -14] [-8, -25, -8, -28] [-31, 24, -2, -8]
[-57, -7, -21, -22] [5, 3, -26, -12] [0, 16, 25, 34] [-6, 24, -37, 17] [37, 9, -8, -32] [29, -1, -37, 12] [16, 5, 30, 13]
[-15, 3, 33, -34] [13, 11, -1, 34] [-60, -25, -34, 34] [47, -43, 25, 5] [2, -2, 1, -25] [-6, 11, -50, -27] [28, 30, -1, 24]
[19, 26, 9, 52] [-10, -7, -24, 28] [7, -4, -40, -20] [0, 0, 0, 0] [-20, 60, -32, -12] [-20, -18, -25, -6] [-6, 34, -26, 13]
[-8, 3, 0, 14] [3, 17, 5, 16] [20, -6, 37, 7] [-6, -33, 8, -22] [13, 3, 6, -29] [8, 40, 21, 20] [0, -12, 3, -25]
[6, -11, 3, -8] [13, 12, 11, -1] [9, 10, 10, 10] [-23, -29, 37, -39] [-42, -29, 0, -47] [-13, 37, -5, 22] [6, 29, -5, 24]
[10, 5, -24, -19] [18, -1, 8, -54] [8, 17, 7, -29] [4, 18, 35, -42] [55, 32, -4, -9] [18, 30, 14, -3] [21, -18, 26, -19]
------------------------------
ALIVE
Head: (18 5)
Body: (18 5) (17 5) (16 5) (16 6) (16 7) (17 7) (17 8) (17 9) 
Length: 8, 4
Vision: 3
Hungry, suplies: 6/10
Reproductive: 16, mutating: 0.25
Generation: 40448
####################################
Wall (up, right, down, left):
[11, -4, -6, -13] [2, 1, 4, -3] [-15, 9, 12, -10] [7, 3, 28, 13] [-27, 1, 26, -11] [4, -12, -3, -5] [-11, -15, -18, -10]
[-38, -17, 21, -17] [1, 21, -6, -3] [-22, 6, -4, -1] [-26, 12, 8, 7] [23, 7, 12, -2] [-23, -32, 12, 5] [-12, 1, -5, 11]
[-7, -3, 36, 1] [2, 23, -16, -9] [-19, 0, 47, -13] [-77, 27, 48, 28] [-41, -34, -26, 35] [-19, -23, -6, 18] [-21, -8, -17, -22]
[4, 43, -5, -41] [20, 7, 21, -25] [-4, 38, 2, -94] [0, 0, 0, 0] [43, -94, 39, 8] [14, 4, -1, 18] [11, -2, 13, -3]
[-9, -27, -9, 7] [15, 0, -10, -2] [-4, -2, -38, -39] [44, 11, -90, 6] [11, -11, -24, 34] [-4, 20, 4, 14] [-33, -70, -15, 23]
[8, 14, 12, -4] [-10, 2, -11, -7] [26, -4, 18, -17] [-6, 10, -28, 6] [14, 3, -24, 0] [19, -4, -29, 4] [37, 4, 24, 19]
[-9, -7, 6, -12] [-9, -11, -24, -5] [-8, 12, 25, 0] [-9, 6, -41, -9] [39, 15, -14, 31] [42, -25, -47, 18] [-13, 7, 9, -9]
Food (up, right, down, left):
[13, 24, 7, 6] [-9, 15, 7, -28] [34, -13, 18, 19] [-19, -24, 41, 24] [-11, 8, 40, -14] [-8, -25, -8, -28] [-31, 24, -2, -8]
[-57, -7, -21, -22] [5, 3, -26, -12] [0, 16, 25, 34] [-6, 24, -37, 17] [37, 9, -8, -36] [29, -1, -37, 12] [16, 5, 30, 13]
[-15, 3, 33, -34] [13, 11, -1, 34] [-60, -25, -34, 34] [47, -43, 25, 5] [2, -3, 1, -25] [-6, 11, -50, -27] [28, 30, -1, 24]
[19, 26, 9, 52] [-10, -7, -24, 28] [7, -4, -40, -20] [0, 0, 0, 0] [-20, 60, -32, -12] [-20, -18, -25, -6] [-6, 37, -26, 13]
[-8, 3, 0, 14] [3, 17, 5, 16] [20, -6, 37, 9] [-6, -33, 8, -22] [13, 3, 6, -29] [8, 45, 21, 20] [0, -12, 3, -25]
[6, -11, 3, -8] [13, 12, 11, -1] [9, 10, 10, 10] [-23, -29, 37, -39] [-42, -29, 0, -47] [-13, 37, -5, 22] [6, 29, -5, 24]
[10, 5, -24, -19] [18, -1, 11, -54] [8, 17, 7, -29] [4, 18, 35, -42] [55, 32, -4, -9] [18, 30, 14, -3] [21, -18, 26, -19]
------------------------------
ALIVE
Head: (1 45)
Body: (1 45) (0 45) (25 44) (24 44) (24 45) (24 46) (23 46) (23 45) (22 45) (21 45) (21 44) (21 43) (20 43) (19 43) (19 42) 
Length: 15, 4
Vision: 3
Hungry, suplies: 7/10
Reproductive: 16, mutating: 0.25
Generation: 40445
####################################
Wall (up, right, down, left):
[11, -4, -6, -13] [2, 1, 4, -3] [-15, 9, 12, -10] [7, 7, 28, 13] [-27, 1, 26, -11] [4, -12, -3, -5] [-11, -15, -18, -9]
[-38, -17, 21, -17] [-1, 21, -6, -3] [-22, 7, -4, -1] [-26, 12, 8, 7] [23, 7, 12, -2] [-23, -32, 12, 5] [-12, 1, -5, 11]
[-7, -3, 36, 1] [2, 23, -16, -9] [-19, 0, 47, -13] [-77, 27, 48, 28] [-41, -34, -26, 35] [-19, -23, -6, 18] [-21, -8, -17, -22]
[4, 43, -5, -41] [20, 7, 21, -25] [-4, 38, 2, -94] [0, 0, 0, 0] [43, -94, 39, 8] [14, 4, -1, 18] [11, -2, 12, -3]
[-9, -27, -9, 7] [15, 0, -10, -2] [-4, -2, -38, -39] [44, 11, -90, 6] [11, -11, -24, 34] [-4, 18, 4, 14] [-33, -70, -15, 23]
[8, 14, 12, -4] [-10, 2, -11, -7] [26, -4, 18, -17] [-6, 10, -28, 6] [14, 3, -24, 0] [19, -4, -29, 4] [37, 4, 24, 19]
[-9, -7, 6, -12] [-7, -11, -24, -5] [-8, 12, 25, 0] [-9, 6, -41, -9] [39, 15, -14, 31] [42, -25, -47, 18] [-13, 7, 9, -9]
Food (up, right, down, left):
[13, 24, 7, 6] [-9, 15, 7, -28] [34, -13, 18, 19] [-19, -24, 39, 24] [-11, 8, 40, -14] [-8, -25, -8, -28] [-35, 24, -2, -8]
[-57, -7, -21, -22] [5, 0, -21, -12] [0, 12, 25, 34] [-6, 24, -37, 17] [37, 9, -8, -36] [29, -1, -37, 12] [16, 5, 30, 13]
[-15, 3, 33, -34] [13, 11, -1, 34] [-60, -25, -34, 34] [47, -43, 25, 5] [2, -3, 1, -25] [-6, 11, -50, -27] [28, 30, -1, 24]
[19, 26, 9, 52] [-10, -7, -24, 28] [7, -4, -40, -20] [0, 0, 0, 0] [-20, 60, -32, -12] [-20, -18, -25, -6] [-6, 34, -26, 13]
[-8, 3, 0, 14] [3, 17, 5, 16] [20, -6, 37, 9] [-6, -33, 8, -22] [13, 3, 6, -29] [8, 45, 21, 20] [0, -12, 3, -25]
[6, -11, 3, -8] [13, 12, 11, -1] [9, 10, 10, 10] [-23, -29, 37, -39] [-42, -29, 0, -47] [-13, 37, -5, 22] [6, 29, -5, 24]
[10, 5, -24, -19] [18, -1, 8, -54] [8, 17, 7, -29] [4, 18, 35, -42] [55, 32, -4, -9] [18, 30, 14, -3] [21, -18, 26, -19]
------------------------------
ALIVE
Head: (23 31)
Body: (23 31) (22 31) (21 31) (20 31) (19 31) (18 31) (18 30) (18 29) (18 28) (18 27) (17 27) (16 27) (15 27) (14 27) 
Length: 14, 4
Vision: 3
Hungry, suplies: 7/10
Reproductive: 16, mutating: 0.25
Generation: 40442
####################################
Wall (up, right, down, left):
[11, -4, -6, -13] [2, 1, 4, -3] [-15, 9, 12, -10] [7, 3, 28, 13] [-27, 1, 26, -11] [4, -12, -3, -5] [-11, -15, -18, -10]
[-38, -17, 21, -17] [1, 21, -6, -3] [-22, 6, -4, -1] [-26, 12, 8, 7] [23, 7, 12, -2] [-23, -32, 12, 5] [-12, 1, -5, 11]
[-7, -3, 36, 1] [2, 23, -16, -9] [-19, 0, 47, -13] [-77, 27, 48, 28] [-41, -34, -26, 35] [-19, -23, -6, 18] [-21, -8, -17, -22]
[4, 43, -5, -41] [20, 7, 21, -25] [-4, 38, 2, -94] [0, 0, 0, 0] [43, -94, 39, 8] [14, 4, -1, 18] [11, -2, 13, -3]
[-9, -27, -9, 7] [15, 0, -5, -2] [-4, -2, -38, -39] [44, 11, -90, 6] [11, -11, -24, 34] [-4, 20, 4, 14] [-33, -70, -15, 23]
[8, 14, 12, -4] [-10, 2, -11, -7] [26, -4, 18, -17] [-6, 10, -28, 6] [14, 3, -24, 0] [19, -4, -29, 4] [37, 4, 24, 19]
[-9, -7, 6, -12] [-9, -11, -24, -5] [-8, 12, 25, 0] [-9, 6, -41, -9] [39, 15, -14, 31] [42, -25, -47, 18] [-13, 7, 9, -9]
Food (up, right, down, left):
[13, 24, 7, 6] [-9, 15, 7, -28] [34, -13, 18, 19] [-19, -24, 41, 24] [-11, 8, 40, -14] [-8, -25, -8, -28] [-31, 24, -2, -8]
[-57, -7, -21, -22] [5, 3, -26, -12] [0, 16, 25, 34] [-6, 24, -37, 17] [37, 9, -8, -36] [29, -1, -37, 12] [16, 5, 30, 13]
[-15, 3, 33, -34] [13, 11, -1, 34] [-60, -25, -34, 34] [47, -43, 25, 5] [2, -3, 1, -25] [-6, 11, -50, -27] [28, 30, -1, 24]
[19, 26, 9, 52] [-10, -7, -24, 28] [7, -4, -40, -20] [0, 0, 0, 0] [-20, 60, -32, -12] [-20, -18, -25, -6] [-6, 37, -26, 13]
[-8, 3, 0, 14] [6, 17, 5, 16] [20, -6, 37, 9] [-6, -33, 8, -22] [13, 3, 6, -29] [8, 45, 21, 20] [0, -12, 3, -25]
[6, -11, 3, -8] [13, 12, 11, -1] [9, 10, 10, 10] [-23, -29, 37, -39] [-42, -29, 0, -47] [-13, 37, -5, 22] [6, 29, -5, 24]
[10, 5, -24, -19] [18, -1, 11, -54] [8, 17, 7, -29] [4, 18, 35, -42] [55, 32, -4, -9] [18, 30, 14, -3] [21, -18, 26, -19]
------------------------------
ALIVE
Head: (16 46)
Body: (16 46) (16 45) (16 44) (15 44) (14 44) (13 44) (12 44) (11 44) (11 43) (11 42) (11 41) (11 40) (10 40) 
Length: 13, 4
Vision: 3
Hungry, suplies: 9/10
Reproductive: 16, mutating: 0.25
Generation: 40446
####################################
Wall (up, right, down, left):
[11, -4, -6, -13] [2, 1, 4, -3] [-15, 9, 12, -10] [7, 7, 28, 13] [-27, 1, 26, -11] [4, -12, -3, -5] [-11, -15, -18, -10]
[-38, -17, 21, -17] [-1, 21, -6, -3] [-22, 7, -4, -1] [-26, 12, 8, 7] [23, 7, 12, -2] [-23, -32, 12, 5] [-12, 1, -5, 11]
[-7, -3, 36, 1] [2, 23, -16, -9] [-19, 0, 47, -13] [-77, 27, 48, 28] [-41, -34, -26, 35] [-19, -23, -6, 18] [-21, -8, -17, -22]
[4, 43, -5, -41] [20, 7, 21, -25] [-4, 38, 2, -94] [0, 0, 0, 0] [43, -94, 39, 8] [14, 4, -1, 18] [11, -2, 12, -3]
[-9, -27, -9, 7] [15, 0, -10, -2] [-4, -2, -38, -39] [44, 11, -90, 6] [11, -11, -24, 34] [-4, 18, 4, 14] [-33, -70, -15, 23]
[8, 14, 12, -4] [-10, 2, -11, -7] [26, -4, 18, -17] [-6, 10, -28, 6] [14, 3, -24, 0] [19, -4, -29, 4] [37, 4, 24, 19]
[-9, -7, 6, -12] [-7, -11, -24, -5] [-8, 12, 25, 0] [-9, 6, -41, -9] [39, 15, -14, 31] [42, -25, -47, 18] [-13, 7, 9, -9]
Food (up, right, down, left):
[13, 24, 7, 6] [-9, 15, 7, -28] [34, -13, 18, 19] [-19, -24, 39, 24] [-11, 8, 40, -14] [-8, -25, -8, -28] [-31, 24, -2, -8]
[-57, -7, -21, -22] [5, 0, -26, -12] [0, 12, 25, 34] [-6, 24, -37, 17] [37, 9, -8, -36] [29, -1, -37, 12] [16, 5, 30, 13]
[-15, 3, 33, -34] [13, 11, -1, 34] [-60, -25, -34, 34] [47, -43, 25, 5] [2, -3, 1, -25] [-6, 11, -50, -27] [28, 30, -1, 24]
[19, 26, 9, 52] [-10, -7, -24, 28] [7, -4, -40, -20] [0, 0, 0, 0] [-20, 60, -32, -12] [-20, -18, -25, -6] [-6, 34, -26, 13]
[-8, 3, 0, 14] [3, 17, 5, 16] [20, -6, 37, 9] [-6, -33, 8, -22] [13, 3, 6, -29] [8, 45, 21, 20] [0, -12, 3, -25]
[6, -11, 3, -8] [13, 12, 11, -1] [9, 10, 10, 10] [-23, -29, 37, -39] [-42, -29, 0, -47] [-13, 37, -5, 22] [6, 29, -5, 24]
[10, 5, -24, -19] [18, -1, 8, -54] [8, 17, 7, -29] [4, 18, 35, -42] [55, 32, -4, -9] [18, 30, 14, -3] [21, -18, 26, -19]
------------------------------
ALIVE
Head: (22 52)
Body: (22 52) (22 53) (22 54) (23 54) (23 55) (23 -1) (23 0) (22 0) (21 0) (20 0) (19 0) 
Length: 11, 4
Vision: 3
Hungry, suplies: 10/10
Reproductive: 16, mutating: 0.25
Generation: 40441
####################################
Wall (up, right, down, left):
[11, -4, -6, -13] [2, 1, 4, -3] [-15, 9, 12, -10] [7, 3, 28, 13] [-27, 1, 26, -11] [4, -12, -3, -5] [-11, -15, -18, -10]
[-38, -17, 21, -17] [1, 21, -6, -3] [-22, 6, -4, -1] [-26, 12, 8, 7] [23, 7, 12, -2] [-23, -32, 12, 5] [-12, 1, -5, 11]
[-7, -3, 36, 1] [2, 23, -16, -9] [-19, 0, 47, -13] [-77, 27, 48, 28] [-41, -34, -22, 35] [-19, -23, -6, 18] [-21, -8, -17, -22]
[4, 43, -5, -41] [20, 7, 21, -25] [-4, 38, 2, -94] [0, 0, 0, 0] [43, -94, 39, 8] [14, 4, -1, 18] [11, -2, 12, -3]
[-9, -27, -9, 7] [15, 0, -10, -2] [-4, -2, -38, -39] [44, 11, -90, 6] [11, -9, -24, 34] [-4, 23, 4, 14] [-33, -70, -15, 23]
[11, 14, 12, -4] [-10, 2, -11, -7] [26, -4, 18, -17] [-6, 10, -28, 6] [14, 3, -24, 0] [19, -4, -29, 4] [37, 4, 24, 19]
[-9, -7, 6, -12] [-7, -11, -24, -5] [-8, 12, 25, 0] [-9, 6, -41, -9] [39, 15, -14, 31] [42, -25, -47, 18] [-13, 7, 9, -9]
Food (up, right, down, left):
[13, 24, 7, 6] [-9, 15, 7, -28] [34, -13, 18, 19] [-19, -24, 41, 24] [-11, 8, 40, -14] [-8, -25, -8, -28] [-31, 24, -2, -8]
[-57, -7, -21, -22] [5, 3, -26, -12] [0, 16, 25, 34] [-6, 24, -37, 17] [37, 9, -8, -32] [29, -1, -37, 12] [16, 5, 30, 13]
[-15, 3, 33, -34] [13, 11, -1, 34] [-60, -25, -34, 34] [47, -43, 25, 5] [2, -2, 1, -25] [-6, 11, -50, -27] [28, 30, -1, 24]
[19, 26, 9, 52] [-10, -7, -24, 28] [7, -4, -40, -20] [0, 0, 0, 0] [-20, 60, -32, -12] [-20, -18, -25, -6] [-6, 34, -26, 13]
[-8, 3, 0, 14] [3, 17, 5, 16] [20, -6, 37, 9] [-6, -33, 8, -22] [13, 3, 11, -29] [8, 40, 21, 20] [0, -12, 3, -25]
[6, -11, -2, -8] [13, 12, 11, -1] [9, 10, 10, 10] [-23, -29, 37, -39] [-42, -29, 0, -47] [-13, 37, -5, 22] [6, 29, -5, 24]
[10, 5, -24, -19] [18, -1, 8, -54] [8, 17, 7, -29] [4, 18, 35, -42] [55, 32, -4, -9] [18, 30, 14, -3] [21, -18, 26, -19]
------------------------------
ALIVE
Head: (9 27)
Body: (9 27) (8 27) (8 26) (7 26) (7 25) (7 24) (8 24) (9 24) (9 23) (9 22) (9 21) 
Length: 11, 4
Vision: 3
Hungry, suplies: 9/10
Reproductive: 16, mutating: 0.25
Generation: 40449
####################################
Wall (up, right, down, left):
[11, -4, -6, -13] [2, 1, 4, -3] [-15, 9, 12, -10] [7, 3, 28, 13] [-27, 1, 26, -11] [4, -12, -3, -5] [-11, -15, -18, -10]
[-38, -17, 21, -17] [1, 21, -6, -7] [-22, 6, -4, -1] [-26, 12, 8, 7] [23, 7, 12, -4] [-23, -32, 12, 5] [-12, 1, -5, 11]
[-7, -3, 36, 1] [2, 23, -16, -9] [-19, 0, 47, -13] [-77, 27, 48, 28] [-41, -34, -26, 35] [-19, -23, -6, 18] [-21, -8, -17, -22]
[4, 43, -5, -41] [20, 7, 21, -25] [-4, 38, 2, -94] [0, 0, 0, 0] [43, -94, 39, 8] [14, 4, -1, 18] [11, -2, 12, 0]
[-9, -27, -9, 7] [15, 0, -10, -2] [-4, -2, -38, -39] [44, 11, -90, 6] [11, -11, -24, 34] [-4, 18, 4, 14] [-33, -70, -15, 23]
[8, 14, 12, -4] [-10, 2, -11, -7] [26, -4, 18, -17] [-6, 10, -28, 6] [14, 3, -24, 0] [19, -4, -29, 4] [37, 4, 24, 19]
[-9, -7, 6, -12] [-7, -11, -24, -5] [-8, 12, 25, 0] [-9, 6, -41, -9] [39, 15, -14, 31] [42, -25, -47, 18] [-13, 7, 9, -9]
Food (up, right, down, left):
[13, 24, 4, 6] [-9, 15, 7, -28] [34, -13, 18, 19] [-19, -24, 41, 24] [-11, 8, 40, -14] [-8, -25, -8, -28] [-31, 24, -2, -8]
[-57, -7, -21, -22] [5, 5, -26, -12] [0, 16, 25, 34] [-6, 24, -37, 17] [37, 9, -8, -35] [29, -1, -37, 12] [16, 5, 30, 13]
[-15, 3, 33, -34] [13, 11, -1, 34] [-60, -25, -34, 34] [47, -43, 25, 5] [2, -3, 1, -25] [-6, 11, -50, -27] [28, 30, -1, 24]
[19, 26, 9, 52] [-10, -7, -24, 28] [7, -4, -40, -20] [0, 0, 0, 0] [-20, 60, -32, -12] [-20, -18, -25, -6] [-6, 34, -22, 13]
[-8, 3, 0, 14] [3, 17, 5, 16] [20, -6, 37, 9] [-6, -33, 8, -22] [13, 3, 6, -29] [8, 45, 21, 20] [0, -12, 3, -25]
[6, -11, 3, -8] [13, 12, 11, -1] [9, 10, 10, 10] [-23, -29, 37, -39] [-42, -29, 0, -47] [-13, 37, -5, 22] [6, 29, -5, 24]
[10, 5, -24, -19] [18, -1, 8, -54] [8, 17, 7, -29] [4, 18, 35, -42] [55, 32, -4, -9] [18, 30, 14, -3] [21, -18, 26, -19]
------------------------------
ALIVE
Head: (20 8)
Body: (20 8) (21 8) (22 8) (23 8) (24 8) (-1 9) (0 9) (0 8) (25 7) (24 7) (23 7) (23 6) 
Length: 12, 4
Vision: 3
Hungry, suplies: 6/10
Reproductive: 16, mutating: 0.25
Generation: 40443
####################################
Wall (up, right, down, left):
[11, -4, -6, -13] [2, 1, 4, -3] [-15, 9, 12, -10] [7, 3, 28, 13] [-27, 1, 26, -11] [4, -12, -3, -5] [-11, -15, -18, -10]
[-38, -17, 21, -17] [1, 21, -6, -3] [-22, 6, -4, -1] [-26, 12, 8, 7] [23, 7, 12, -2] [-23, -32, 12, 5] [-12, 1, -5, 11]
[-7, -3, 36, 1] [2, 23, -16, -9] [-19, 0, 47, -13] [-77, 27, 48, 28] [-41, -34, -22, 35] [-19, -23, -6, 18] [-21, -8, -17, -22]
[4, 43, -5, -41] [20, 7, 21, -25] [-4, 38, 2, -94] [0, 0, 0, 0] [43, -94, 39, 8] [14, 4, -1, 18] [11, -2, 12, -3]
[-9, -27, -9, 7] [15, 0, -10, -2] [-4, -2, -38, -39] [44, 11, -90, 6] [11, -11, -24, 34] [-4, 23, 4, 14] [-33, -70, -15, 23]
[8, 14, 12, -4] [-10, 2, -11, -7] [26, -4, 18, -17] [-6, 10, -28, 6] [14, 3, -24, 0] [19, -4, -29, 4] [37, 4, 24, 19]
[-9, -7, 6, -12] [-7, -11, -24, -5] [-8, 12, 25, 0] [-9, 6, -41, -9] [39, 15, -14, 31] [42, -25, -47, 18] [-13, 7, 9, -9]
Food (up, right, down, left):
[13, 24, 7, 6] [-9, 15, 7, -28] [34, -13, 18, 19] [-19, -24, 41, 24] [-11, 8, 40, -14] [-8, -25, -8, -28] [-31, 24, -2, -8]
[-57, -7, -21, -22] [5, 3, -26, -12] [0, 16, 25, 34] [-6, 24, -37, 17] [37, 9, -8, -32] [29, -1, -37, 12] [16, 5, 30, 13]
[-15, 3, 33, -34] [13, 11, -1, 34] [-60, -25, -34, 34] [47, -43, 25, 5] [2, -2, 1, -25] [-6, 11, -50, -27] [28, 30, -1, 24]
[19, 26, 9, 52] [-10, -7, -24, 28] [7, -4, -40, -20] [0, 0, 0, 0] [-20, 60, -32, -12] [-20, -18, -25, -6] [-6, 34, -26, 13]
[-8, 3, 0, 14] [3, 17, 5, 16] [20, -6, 37, 9] [-6, -33, 8, -22] [13, 3, 6, -29] [8, 40, 21, 20] [0, -12, 3, -25]
[6, -11, 3, -8] [13, 12, 11, -1] [9, 10, 10, 10] [-23, -29, 37, -39] [-42, -29, 0, -47] [-13, 37, -5, 22] [6, 29, -5, 24]
[10, 5, -24, -19] [18, -1, 8, -54] [8, 17, 7, -29] [4, 18, 35, -42] [55, 32, -4, -9] [18, 30, 14, -3] [21, -18, 26, -19]
------------------------------
ALIVE
Head: (18 20)
Body: (18 20) (18 19) (17 19) (16 19) (16 18) (15 18) (14 18) 
Length: 7, 4
Vision: 3
Hungry, suplies: 8/10
Reproductive: 16, mutating: 0.25
Generation: 40447
####################################
Wall (up, right, down, left):
[11, -4, -6, -13] [2, 1, 4, -3] [-15, 9, 12, -10] [7, 3, 28, 13] [-27, 1, 26, -11] [4, -12, -3, -5] [-11, -15, -18, -10]
[-38, -17, 21, -17] [1, 21, -6, -3] [-22, 6, -4, -1] [-26, 12, 8, 7] [23, 7, 12, -2] [-23, -32, 12, 5] [-12, 1, -5, 11]
[-7, -3, 36, 1] [2, 23, -16, -9] [-19, 0, 47, -13] [-77, 27, 48, 28] [-41, -34, -22, 35] [-19, -23, -6, 18] [-21, -8, -17, -22]
[4, 43, -5, -41] [20, 7, 21, -25] [-4, 38, 2, -94] [0, 0, 0, 0] [43, -94, 35, 8] [14, 4, -1, 18] [11, -2, 12, -3]
[-9, -27, -9, 7] [15, 0, -10, -2] [-4, -2, -38, -39] [44, 11, -90, 6] [11, -11, -24, 34] [-4, 18, 4, 14] [-33, -70, -15, 23]
[8, 14, 12, -4] [-10, 2, -11, -7] [26, -4, 18, -17] [-6, 10, -28, 6] [14, 3, -24, 0] [19, -4, -29, 4] [37, 4, 24, 19]
[-9, -7, 6, -12] [-7, -11, -24, -5] [-8, 12, 25, 0] [-9, 6, -41, -9] [39, 15, -14, 31] [42, -25, -47, 18] [-13, 7, 9, -9]
Food (up, right, down, left):
[13, 24, 7, 6] [-9, 15, 7, -28] [34, -13, 18, 19] [-19, -24, 41, 24] [-11, 8, 40, -14] [-8, -25, -8, -28] [-31, 24, -2, -8]
[-57, -7, -21, -22] [5, 3, -26, -12] [0, 16, 25, 34] [-6, 24, -37, 17] [37, 9, -8, -36] [29, -1, -37, 12] [16, 5, 30, 13]
[-15, 3, 33, -34] [13, 11, -1, 34] [-60, -25, -34, 34] [47, -43, 25, 5] [2, -2, 1, -25] [-6, 11, -50, -27] [28, 30, -1, 24]
[19, 26, 9, 52] [-10, -7, -24, 28] [7, -4, -40, -20] [0, 0, 0, 0] [-16, 60, -32, -12] [-20, -18, -25, -6] [-6, 34, -26, 13]
[-8, 3, 0, 14] [3, 17, 5, 16] [20, -6, 37, 9] [-6, -33, 8, -22] [13, 3, 6, -29] [8, 45, 21, 20] [0, -12, 3, -25]
[6, -11, 3, -8] [13, 12, 11, -1] [9, 10, 10, 10] [-23, -29, 37, -39] [-42, -29, 0, -47] [-13, 37, -5, 22] [6, 29, -5, 24]
[10, 5, -24, -19] [18, -1, 8, -54] [8, 17, 7, -29] [4, 18, 35, -42] [55, 32, -4, -9] [18, 30, 14, -3] [21, -18, 26, -19]
------------------------------
ALIVE
Head: (22 4)
Body: (22 4) (22 3) (21 3) (20 3) (19 3) (19 2) (18 2) (17 2) 
Length: 8, 4
Vision: 3
Hungry, suplies: 10/10
Reproductive: 16, mutating: 0.25
Generation: 40445
####################################
Wall (up, right, down, left):
[11, -4, -6, -13] [2, 1, 4, -3] [-15, 9, 12, -10] [7, 7, 28, 13] [-27, 1, 26, -11] [4, -12, -3, -5] [-11, -15, -18, -10]
[-38, -17, 21, -17] [-1, 21, -6, -3] [-22, 7, -4, -1] [-26, 12, 8, 7] [23, 7, 12, -2] [-23, -32, 12, 5] [-12, 1, -5, 11]
[-7, -3, 36, 1] [2, 23, -16, -9] [-19, 0, 47, -13] [-77, 27, 48, 28] [-41, -34, -26, 35] [-19, -23, -6, 18] [-21, -8, -17, -22]
[4, 43, -5, -41] [20, 7, 21, -25] [-4, 38, 2, -94] [0, 0, 0, 0] [43, -94, 39, 8] [14, 4, -1, 18] [11, -2, 12, -3]
[-9, -27, -9, 7] [15, 0, -10, -2] [-4, -2, -38, -39] [44, 11, -90, 6] [11, -11, -24, 34] [-4, 18, 4, 14] [-33, -70, -15, 23]
[8, 14, 12, -4] [-10, 2, -11, -7] [26, -4, 18, -17] [-6, 10, -28, 6] [14, 3, -24, 0] [19, -4, -29, 4] [37, 4, 24, 19]
[-9, -7, 6, -12] [-7, -11, -24, -5] [-8, 12, 25, 0] [-9, 6, -41, -9] [39, 15, -14, 31] [42, -25, -47, 18] [-13, 7, 9, -9]
Food (up, right, down, left):
[13, 24, 7, 6] [-9, 15, 7, -28] [34, -13, 18, 19] [-19, -24, 39, 24] [-11, 8, 40, -14] [-8, -25, -8, -28] [-31, 24, -2, -8]
[-57, -7, -21, -22] [5, 0, -26, -12] [0, 12, 25, 34] [-6, 24, -37, 17] [37, 9, -8, -36] [29, -1, -37, 12] [16, 5, 30, 13]
[-15, 3, 33, -34] [13, 11, -1, 34] [-60, -25, -34, 34] [47, -43, 25, 5] [2, -3, 1, -25] [-6, 11, -50, -27] [28, 30, -1, 24]
[19, 26, 9, 52] [-10, -7, -24, 28] [7, -4, -40, -20] [0, 0, 0, 0] [-20, 60, -32, -12] [-20, -18, -25, -6] [-6, 34, -26, 13]
[-8, 3, 0, 14] [3, 17, 5, 16] [20, -6, 37, 9] [-6, -33, 8, -22] [13, 3, 6, -29] [8, 45, 21, 20] [0, -12, 3, -25]
[6, -11, 3, -8] [13, 12, 11, -1] [9, 10, 10, 10] [-23, -29, 37, -39] [-42, -29, 0, -47] [-13, 37, -5, 22] [6, 29, -5, 24]
[10, 5, -24, -19] [18, -1, 8, -54] [8, 17, 7, -29] [4, 18, 35, -42] [55, 32, -4, -9] [18, 30, 14, -3] [21, -18, 26, -19]
------------------------------
ALIVE
Head: (9 42)
Body: (9 42) (9 41) (8 41) (7 41) (6 41) (5 41) (5 40) (4 40) (4 41) 
Length: 9, 4
Vision: 3
Hungry, suplies: 8/10
Reproductive: 16, mutating: 0.25
Generation: 40442
####################################
Wall (up, right, down, left):
[11, -4, -6, -13] [2, 1, 4, -3] [-15, 9, 12, -10] [7, 3, 28, 13] [-27, 1, 26, -11] [4, -12, -3, -5] [-11, -15, -18, -10]
[-38, -17, 21, -17] [0, 21, -6, -3] [-22, 6, -4, -1] [-26, 12, 8, 7] [23, 7, 12, -2] [-23, -32, 12, 5] [-12, 1, -5, 11]
[-7, -3, 36, 1] [2, 23, -16, -9] [-19, 0, 47, -13] [-77, 27, 48, 28] [-41, -34, -22, 35] [-19, -23, -6, 18] [-21, -8, -17, -22]
[4, 43, -5, -41] [20, 7, 21, -25] [-4, 38, 2, -94] [0, 0, 0, 0] [43, -94, 35, 8] [14, 4, -1, 18] [11, -2, 12, -3]
[-9, -27, -9, 7] [15, 0, -10, -2] [-4, -2, -38, -39] [44, 11, -90, 6] [11, -11, -24, 34] [-4, 18, 4, 14] [-33, -70, -15, 23]
[8, 14, 12, -4] [-10, 2, -11, -7] [26, -4, 18, -17] [-6, 10, -28, 6] [14, 3, -24, 0] [19, -4, -29, 4] [37, 4, 24, 19]
[-9, -7, 6, -12] [-7, -11, -24, -5] [-8, 12, 25, 0] [-9, 6, -41, -9] [39, 15, -14, 31] [42, -25, -47, 18] [-13, 7, 9, -9]
Food (up, right, down, left):
[13, 24, 7, 6] [-9, 15, 7, -28] [34, -13, 18, 19] [-19, -24, 41, 24] [-11, 8, 40, -14] [-8, -25, -8, -28] [-31, 24, -2, -8]
[-57, -7, -21, -22] [5, 3, -27, -12] [0, 16, 25, 34] [-6, 24, -37, 17] [37, 9, -8, -36] [29, -1, -37, 12] [16, 5, 30, 13]
[-15, 3, 33, -34] [13, 11, -1, 34] [-60, -25, -34, 34] [47, -43, 25, 5] [2, -2, 1, -25] [-6, 11, -50, -27] [28, 30, -1, 24]
[19, 26, 9, 52] [-10, -7, -24, 28] [7, -4, -40, -20] [0, 0, 0, 0] [-16, 60, -32, -12] [-20, -18, -25, -6] [-6, 34, -26, 13]
[-8, 3, 0, 14] [3, 17, 5, 16] [20, -6, 37, 9] [-6, -33, 8, -22] [13, 3, 6, -29] [8, 45, 21, 20] [0, -12, 3, -25]
[6, -11, 3, -8] [13, 12, 11, -1] [9, 10, 10, 10] [-23, -29, 37, -39] [-42, -29, 0, -47] [-13, 37, -5, 22] [6, 29, -5, 24]
[10, 5, -24, -19] [18, -1, 8, -54] [8, 17, 7, -29] [4, 18, 35, -42] [55, 32, -4, -9] [18, 30, 14, -3] [21, -18, 26, -19]
------------------------------
ALIVE
Head: (13 47)
Body: (13 47) (12 47) (11 47) (11 46) (10 46) (9 46) (8 46) (7 46) 
Length: 8, 4
Vision: 3
Hungry, suplies: 6/10
Reproductive: 16, mutating: 0.25
Generation: 40445
####################################
Wall (up, right, down, left):
[11, -4, -6, -13] [2, 1, 4, -3] [-15, 9, 12, -10] [7, 3, 28, 13] [-27, 1, 26, -11] [4, -12, -3, -5] [-11, -15, -18, -10]
[-38, -17, 21, -17] [1, 21, -6, -3] [-22, 6, -4, -1] [-26, 12, 8, 7] [23, 7, 12, -2] [-23, -32, 12, 5] [-12, 1, -5, 11]
[-7, -3, 36, 1] [2, 23, -16, -9] [-19, 0, 47, -13] [-77, 27, 48, 28] [-41, -34, -22, 35] [-19, -23, -6, 18] [-21, -8, -17, -22]
[4, 43, -5, -41] [20, 7, 21, -25] [-4, 38, 2, -94] [0, 0, 0, 0] [43, -94, 39, 8] [14, 4, -1, 18] [11, -2, 12, -3]
[-9, -27, -9, 7] [15, 0, -10, -2] [-4, -2, -38, -38] [44, 11, -90, 6] [11, -11, -24, 34] [-4, 23, 4, 14] [-33, -70, -15, 23]
[8, 14, 12, -4] [-10, 2, -11, -7] [26, -4, 18, -17] [-6, 10, -28, 6] [14, 3, -24, 0] [19, -4, -29, 4] [37, 4, 24, 19]
[-9, -7, 6, -12] [-7, -11, -20, -5] [-8, 12, 25, 0] [-9, 6, -41, -9] [39, 15, -14, 31] [42, -25, -47, 18] [-13, 7, 9, -9]
Food (up, right, down, left):
[13, 24, 7, 6] [-9, 15, 7, -28] [34, -13, 18, 19] [-19, -24, 41, 24] [-11, 8, 40, -14] [-8, -25, -8, -28] [-31, 24, -2, -8]
[-57, -7, -21, -22] [5, 3, -26, -12] [0, 16, 25, 34] [-6, 24, -37, 17] [37, 9, -8, -32] [29, -1, -37, 12] [16, 5, 30, 13]
[-15, 3, 33, -34] [13, 11, -1, 34] [-60, -25, -34, 34] [47, -43, 25, 5] [2, -2, 1, -25] [-6, 11, -50, -27] [28, 30, -1, 24]
[19, 26, 9, 52] [-10, -7, -24, 28] [7, -4, -40, -20] [0, 0, 0, 0] [-20, 60, -32, -12] [-20, -18, -25, -6] [-6, 34, -26, 13]
[-8, 3, 0, 14] [3, 17, 5, 16] [20, -6, 37, 7] [-6, -33, 8, -22] [13, 3, 6, -29] [8, 40, 21, 20] [0, -12, 3, -25]
[6, -11, 3, -8] [13, 12, 11, -1] [9, 10, 10, 10] [-23, -29, 37, -39] [-42, -29, 0, -47] [-13, 37, -5, 22] [6, 29, -5, 24]
[10, 5, -24, -19] [18, 0, 8, -54] [8, 17, 7, -29] [4, 18, 35, -42] [55, 32, -4, -9] [18, 30, 14, -3] [21, -18, 26, -19]
------------------------------
ALIVE
Head: (23 16)
Body: (23 16) (23 15) (23 14) (23 13) (22 13) (22 12) (22 11) (23 11) 
Length: 8, 4
Vision: 3
Hungry, suplies: 6/10
Reproductive: 16, mutating: 0.25
Generation: 40449
####################################
Wall (up, right, down, left):
[11, -4, -6, -13] [2, 1, 4, -3] [-15, 9, 12, -10] [7, 3, 28, 13] [-27, 1, 26, -11] [4, -12, -3, -5] [-11, -15, -18, -10]
[-38, -17, 21, -17] [1, 21, -6, -3] [-22, 6, -4, -1] [-26, 12, 8, 7] [23, 7, 12, -2] [-28, -32, 12, 5] [-12, 1, -5, 11]
[-7, -3, 36, 1] [2, 23, -16, -9] [-19, 0, 47, -13] [-77, 27, 48, 28] [-41, -34, -26, 35] [-19, -23, -6, 18] [-21, -8, -17, -22]
[4, 43, -5, -41] [20, 7, 21, -25] [-4, 38, 2, -94] [0, 0, 0, 0] [43, -94, 39, 8] [14, 4, -1, 18] [11, -2, 13, -3]
[-9, -27, -9, 7] [15, 0, -10, -2] [-4, -2, -38, -39] [44, 11, -90, 6] [11, -11, -24, 34] [-4, 20, 4, 14] [-33, -70, -15, 23]
[8, 14, 12, -4] [-10, 2, -11, -7] [26, -4, 18, -17] [-6, 10, -28, 6] [14, 3, -24, 0] [19, -4, -29, 4] [37, 4, 24, 19]
[-9, -7, 6, -12] [-9, -11, -24, -5] [-8, 12, 25, 0] [-9, 6, -41, -9] [39, 15, -14, 31] [42, -25, -47, 18] [-13, 7, 9, -9]
Food (up, right, down, left):
[13, 24, 7, 6] [-9, 15, 7, -28] [34, -13, 18, 19] [-19, -24, 41, 24] [-11, 8, 40, -14] [-8, -25, -8, -28] [-31, 24, -2, -8]
[-57, -7, -21, -22] [5, 3, -26, -12] [0, 16, 25, 34] [-6, 24, -37, 17] [37, 9, -8, -36] [29, -1, -37, 9] [16, 5, 30, 13]
[-15, 3, 33, -34] [13, 11, -1, 34] [-60, -25, -34, 34] [47, -43, 25, 5] [2, -3, 1, -25] [-6, 11, -50, -27] [28, 30, -1, 24]
[19, 26, 9, 52] [-10, -7, -24, 28] [7, -4, -40, -20] [0, 0, 0, 0] [-20, 60, -32, -12] [-20, -18, -25, -6] [-6, 37, -26, 13]
[-8, 3, 0, 14] [3, 17, 5, 16] [20, -6, 37, 9] [-6, -33, 8, -22] [13, 3, 6, -29] [8, 45, 21, 20] [0, -12, 3, -25]
[6, -11, 3, -8] [13, 12, 11, -1] [9, 10, 10, 10] [-23, -29, 37, -39] [-42, -29, 0, -47] [-13, 37, -5, 22] [6, 29, -5, 24]
[10, 5, -24, -19] [18, -1, 11, -54] [8, 17, 7, -29] [4, 18, 35, -42] [55, 32, -4, -9] [18, 30, 14, -3] [21, -18, 26, -19]
------------------------------
ALIVE
Head: (22 23)
Body: (22 23) (22 24) (23 24) (23 25) (23 26) (23 27) (23 28) (23 29) 
Length: 8, 4
Vision: 3
Hungry, suplies: 9/10
Reproductive: 16, mutating: 0.25
Generation: 40442
####################################
Wall (up, right, down, left):
[11, -4, -6, -13] [2, 1, 4, -3] [-15, 9, 12, -10] [7, 3, 28, 13] [-27, 1, 26, -11] [4, -12, -3, -5] [-11, -15, -18, -10]
[-38, -17, 21, -17] [1, 21, -6, -3] [-22, 6, -4, -1] [-26, 12, 8, 7] [23, 7, 12, -2] [-23, -32, 12, 5] [-12, 1, -5, 11]
[-7, -3, 36, 1] [2, 23, -16, -9] [-19, 0, 47, -13] [-77, 27, 48, 28] [-41, -34, -22, 35] [-19, -23, -6, 18] [-21, -8, -17, -22]
[4, 43, -9, -41] [20, 7, 21, -25] [-4, 38, 2, -94] [0, 0, 0, 0] [43, -94, 39, 8] [14, 4, -1, 18] [11, -2, 12, -3]
[-9, -27, -9, 7] [15, 0, -10, -2] [-4, -2, -38, -39] [44, 11, -90, 6] [11, -11, -24, 34] [-4, 23, 4, 14] [-33, -70, -15, 23]
[8, 14, 12, -4] [-10, 2, -11, -7] [26, -4, 18, -17] [-6, 10, -28, 6] [14, 3, -24, 0] [19, -4, -29, 4] [37, 4, 24, 19]
[-9, -7, 6, -12] [-7, -11, -24, -5] [-8, 12, 25, 0] [-9, 6, -41, -9] [39, 15, -14, 31] [42, -25, -47, 18] [-13, 7, 9, -9]
Food (up, right, down, left):
[13, 24, 7, 6] [-9, 15, 7, -28] [34, -13, 18, 19] [-19, -24, 41, 24] [-11, 8, 40, -14] [-8, -25, -8, -28] [-31, 24, -2, -8]
[-57, -7, -21, -22] [5, 3, -26, -12] [0, 16, 25, 34] [-6, 24, -37, 17] [37, 9, -8, -32] [29, -1, -37, 12] [16, 5, 30, 13]
[-15, 3, 33, -34] [13, 11, -1, 34] [-60, -25, -34, 34] [47, -43, 25, 5] [2, -2, 1, -25] [-6, 11, -50, -27] [28, 30, -1, 24]
[19, 26, 9, 57] [-10, -7, -24, 28] [7, -4, -40, -20] [0, 0, 0, 0] [-20, 60, -32, -12] [-20, -18, -25, -6] [-6, 34, -26, 13]
[-8, 3, 0, 14] [3, 17, 5, 16] [20, -6, 37, 9] [-6, -33, 8, -22] [13, 3, 6, -29] [8, 40, 21, 20] [0, -12, 3, -25]
[6, -11, 3, -8] [13, 12, 11, -1] [9, 10, 10, 10] [-23, -29, 37, -39] [-42, -29, 0, -47] [-13, 37, -5, 22] [6, 29, -5, 24]
[10, 5, -24, -19] [18, -1, 8, -54] [8, 17, 7, -29] [4, 18, 35, -42] [55, 32, -4, -9] [18, 30, 14, -3] [21, -18, 26, -19]
------------------------------
ALIVE
Head: (2 17)
Body: (2 17) (3 17) (4 17) (5 17) (5 18) (6 18) (7 18) (7 19) 
Length: 8, 4
Vision: 3
Hungry, suplies: 9/10
Reproductive: 16, mutating: 0.25
Generation: 40447
####################################
