Wall (up, right, down, left):
[6, 0, -7, -16] [-3, 4, 8, 2] [-27, -1, 9, -11] [-1, 0, 21, 16] [-13, 5, 26, -2] [20, -5, -2, -1] [-2, -20, -12, -15]
[-38, -23, 18, -21] [5, 10, -6, -3] [-35, 4, 2, -2] [-34, 9, 16, 11] [34, 17, 9, -3] [-36, -26, 2, 2] [-13, 5, -12, 6]
[-15, 1, 23, 2] [-2, 23, -11, 2] [-6, 2, 48, -11] [-81, 27, 46, 19] [-40, -45, -14, 45] [-13, -16, 1, 4] [-25, -21, -21, -2]
[2, 45, -5, -44] [24, 1, 18, -23] [-12, 39, -3, -102] [0, 0, 0, 0] [44, -103, 34, 8] [20, -2, -6, 19] [6, -4, 11, 3]
[-11, -32, -9, 2] [18, -3, -15, -4] [5, -11, -47, -42] [49, 18, -96, 14] [7, -12, -32, 25] [-1, 13, 4, 25] [-38, -67, -14, 24]
[23, 16, 5, -4] [-14, 6, -16, -3] [26, -9, 24, -15] [-5, 13, -23, 13] [16, -1, -27, -5] [7, -7, -24, 9] [37, -2, 23, 7]
[-15, -5, 6, -6] [-6, -17, -51, -6] [-9, 6, 24, -2] [-2, 8, -42, -12] [42, 23, -3, 31] [43, -22, -42, 21] [-14, 12, 12, -2]
Food (up, right, down, left):
[7, 19, 6, 13] [-9, 23, 7, -17] [26, -9, 19, 10] [-21, -20, 46, 24] [-7, 5, 38, -14] [-7, -23, -14, -28] [-37, 22, 1, -17]
[-67, -6, -22, -20] [0, 2, -24, -4] [5, 11, 28, 32] [-12, 31, -48, 18] [30, -1, -3, -39] [40, 4, -47, 19] [17, 5, 35, 23]
[-19, -2, 32, -49] [6, 2, -11, 29] [-61, -23, -27, 31] [42, -38, 36, 9] [-1, -9, -22, -27] [2, 17, -46, -29] [41, 35, 3, 27]
[13, 30, 11, 52] [-11, -5, -27, 39] [7, 2, -34, -17] [0, 0, 0, 0] [-19, 62, -33, -8] [-4, -21, -31, -5] [-11, 46, -26, 26]
[-5, 15, -15, 16] [12, 27, 9, 33] [20, -17, 33, 17] [-5, -35, 12, -21] [9, -3, 9, -30] [15, 47, 27, 15] [-9, -16, 6, -17]
[5, -25, -11, -2] [11, 12, 11, -1] [2, 16, 12, 27] [-30, -28, 44, -42] [-42, -30, 6, -52] [-17, 43, 11, 16] [-3, 39, -2, 27]
[6, 10, -28, -11] [14, 14, 10, -55] [20, 15, 7, -22] [-4, 5, 30, -48] [53, 32, -6, -16] [23, 31, 21, 2] [18, -17, 29, -33]
------------------------------
ALIVE
Head: (15 46)
Body: (15 46) (14 46) (13 46) (13 45) (13 44) (12 44) (12 45) (11 45) (11 46) (11 47) 
Length: 10, 4
Vision: 3
Hungry, suplies: 7/10
Reproductive: 16, mutating: 0.25
Generation: 44293
####################################
Wall (up, right, down, left):
[6, 0, -7, -16] [-3, 4, 8, 2] [-27, -1, 9, -11] [-1, 0, 21, 16] [-13, 5, 26, -2] [20, -5, -2, -1] [-2, -20, -12, -15]
[-38, -23, 18, -21] [5, 15, -6, -3] [-35, 4, 2, -2] [-34, 9, 16, 11] [34, 17, 9, -3] [-36, -26, 2, 2] [-13, 5, -12, 6]
[-17, 1, 23, 2] [-2, 23, -11, 2] [-6, 2, 48, -11] [-81, 27, 46, 19] [-40, -45, -14, 40] [-13, -16, 1, 4] [-25, -21, -21, -2]
[2, 45, -5, -44] [24, 1, 18, -23] [-12, 39, -3, -102] [0, 0, 0, 0] [44, -103, 34, 8] [20, -2, -6, 19] [6, -4, 11, 3]
[-11, -32, -9, 2] [18, -3, -15, -4] [5, -11, -47, -42] [49, 18, -96, 14] [7, -12, -32, 25] [-1, 13, 4, 25] [-38, -67, -14, 24]
[23, 16, 5, -4] [-14, 6, -16, -3] [26, -9, 24, -15] [-5, 13, -23, 13] [16, -1, -27, -5] [7, -7, -24, 9] [37, -2, 23, 7]
[-15, -5, 6, -6] [-6, -17, -51, -6] [-9, 6, 24, -2] [-2, 8, -42, -12] [42, 23, -3, 31] [44, -22, -42, 21] [-14, 12, 12, -2]
Food (up, right, down, left):
[7, 19, 6, 13] [-9, 23, 7, -17] [26, -9, 19, 10] [-21, -20, 46, 24] [-7, 5, 38, -14] [-7, -23, -14, -28] [-37, 22, 1, -17]
[-67, -6, -22, -20] [0, 2, -24, -5] [5, 11, 28, 32] [-12, 31, -48, 18] [30, -1, -3, -39] [40, 4, -47, 19] [17, 5, 35, 23]
[-19, -2, 32, -46] [6, 2, -11, 29] [-61, -23, -27, 31] [42, -38, 36, 9] [-1, -9, -22, -23] [2, 17, -46, -29] [41, 35, 3, 27]
[13, 30, 11, 52] [-11, -5, -27, 39] [7, 2, -34, -17] [0, 0, 0, 0] [-19, 62, -33, -8] [-4, -21, -31, -5] [-11, 46, -26, 26]
[-5, 15, -15, 16] [12, 27, 9, 33] [20, -17, 33, 17] [-5, -35, 12, -21] [9, -3, 9, -30] [15, 47, 27, 15] [-9, -16, 6, -17]
[5, -25, -11, -2] [11, 12, 11, -1] [2, 16, 12, 27] [-30, -28, 44, -42] [-42, -30, 6, -52] [-17, 43, 11, 16] [-3, 39, -2, 27]
[6, 10, -28, -11] [14, 14, 10, -55] [20, 15, 7, -22] [-4, 5, 30, -48] [53, 32, -6, -16] [23, 31, 19, 2] [18, -17, 29, -33]
------------------------------
ALIVE
Head: (21 6)
Body: (21 6) (21 7) (20 7) (19 7) (19 6) (18 6) (17 6) (16 6) (15 6) (15 5) (14 5) (14 4) (13 4) 
Length: 13, 4
Vision: 3
Hungry, suplies: 8/10
Reproductive: 16, mutating: 0.25
Generation: 44288
####################################
Wall (up, right, down, left):
[6, 0, -7, -16] [-3, 4, 8, 2] [-27, -1, 9, -11] [-1, 0, 20, 16] [-18, 5, 26, -2] [20, -5, -2, -1] [-2, -20, -12, -15]
[-38, -23, 18, -21] [0, 15, -6, -3] [-35, 4, 2, -2] [-34, 9, 16, 11] [34, 17, 9, -3] [-36, -26, 2, 2] [-13, 5, -12, 6]
[-15, 1, 23, 2] [-2, 23, -11, 2] [-6, 2, 48, -11] [-81, 27, 46, 19] [-40, -45, -14, 40] [-13, -16, 1, 4] [-25, -21, -21, -2]
[2, 45, -5, -44] [24, 1, 18, -23] [-12, 39, -3, -102] [0, 0, 0, 0] [44, -103, 34, 8] [20, -7, -6, 19] [6, -4, 10, 3]
[-11, -32, -9, 2] [18, -3, -15, -4] [5, -11, -47, -42] [49, 18, -96, 14] [7, -12, -32, 25] [-1, 13, 4, 25] [-38, -67, -14, 24]
[23, 16, 5, -4] [-14, 6, -16, -3] [26, -9, 24, -15] [-5, 13, -23, 13] [16, -1, -27, -5] [5, -7, -24, 9] [37, -2, 23, 7]
[-11, -5, 6, -6] [-6, -17, -51, -6] [-9, 6, 24, -2] [-2, 5, -42, -12] [42, 23, -3, 31] [43, -22, -42, 21] [-14, 8, 12, -2]
Food (up, right, down, left):
[7, 19, 6, 13] [-9, 23, 7, -17] [26, -9, 19, 10] [-21, -17, 46, 24] [-9, 5, 38, -14] [-7, -23, -14, -28] [-37, 22, 1, -17]
[-67, -6, -22, -20] [0, 2, -24, -10] [5, 11, 28, 32] [-12, 31, -48, 18] [30, -1, -3, -39] [40, 4, -47, 19] [17, 5, 35, 23]
[-19, -2, 32, -49] [6, 2, -11, 29] [-61, -23, -27, 31] [42, -38, 36, 9] [-1, -9, -22, -23] [2, 17, -46, -29] [41, 35, 3, 27]
[13, 30, 11, 52] [-11, -5, -27, 39] [7, 2, -34, -17] [0, 0, 0, 0] [-19, 62, -33, -8] [-4, -21, -30, -5] [-11, 46, -26, 27]
[-5, 15, -15, 16] [12, 27, 9, 33] [20, -17, 33, 17] [-5, -35, 12, -21] [9, -3, 9, -30] [15, 47, 27, 15] [-9, -16, 6, -17]
[5, -25, -11, -2] [11, 12, 11, -1] [2, 16, 12, 27] [-30, -28, 44, -42] [-42, -30, 6, -52] [-17, 43, 11, 16] [-3, 39, -2, 27]
[3, 10, -23, -11] [14, 14, 10, -55] [20, 15, 7, -22] [-4, 5, 30, -52] [53, 32, -6, -16] [23, 31, 21, 2] [14, -17, 29, -33]
------------------------------
ALIVE
Head: (16 26)
Body: (16 26) (17 26) (17 27) (17 28) (17 29) (17 30) (18 30) (18 31) (18 32) (19 32) 
Length: 10, 4
Vision: 3
Hungry, suplies: 9/10
Reproductive: 16, mutating: 0.25
Generation: 44292
####################################
Wall (up, right, down, left):
[6, 0, -7, -16] [-3, 4, 8, 2] [-27, -1, 9, -11] [-1, 0, 21, 16] [-13, 5, 26, -2] [20, -5, -2, -1] [-2, -20, -12, -15]
[-38, -23, 18, -21] [5, 15, -6, -3] [-35, 4, 2, -2] [-34, 9, 16, 11] [34, 17, 9, -3] [-36, -26, 2, 2] [-13, 5, -12, 6]
[-15, 1, 23, 2] [-2, 23, -11, 2] [-6, 2, 48, -11] [-81, 27, 46, 19] [-40, -45, -14, 40] [-13, -16, 1, 4] [-25, -21, -21, -2]
[2, 45, -5, -44] [24, 1, 18, -23] [-12, 39, -3, -102] [0, 0, 0, 0] [44, -103, 34, 8] [20, -2, -6, 19] [6, -4, 11, 3]
[-11, -32, -9, 2] [18, -3, -15, -4] [5, -11, -47, -42] [49, 18, -96, 14] [7, -12, -32, 25] [-1, 13, 4, 25] [-38, -67, -14, 24]
[23, 16, 5, -4] [-14, 6, -16, -3] [26, -9, 24, -15] [-5, 13, -23, 13] [16, -1, -27, -5] [7, -7, -24, 9] [37, -2, 23, 7]
[-15, -5, 6, -6] [-6, -17, -51, -6] [-9, 6, 24, -2] [-2, 8, -42, -12] [42, 23, -3, 31] [44, -22, -42, 21] [-14, 12, 12, -2]
Food (up, right, down, left):
[7, 19, 6, 13] [-9, 23, 7, -17] [26, -9, 19, 10] [-21, -20, 46, 24] [-7, 5, 38, -14] [-7, -23, -14, -28] [-37, 22, 1, -17]
[-67, -6, -22, -20] [0, 2, -24, -5] [5, 11, 28, 32] [-12, 31, -48, 18] [30, -1, -3, -39] [40, 4, -47, 19] [17, 5, 35, 23]
[-19, -2, 32, -49] [6, 2, -11, 29] [-61, -23, -27, 31] [42, -38, 36, 9] [-1, -9, -22, -23] [2, 17, -46, -29] [41, 35, 3, 27]
[13, 30, 11, 52] [-11, -5, -27, 39] [7, 2, -34, -17] [0, 0, 0, 0] [-19, 62, -33, -8] [-4, -21, -31, -5] [-11, 46, -26, 26]
[-5, 15, -15, 16] [12, 27, 9, 33] [20, -17, 33, 17] [-5, -35, 12, -21] [9, -3, 9, -30] [15, 47, 27, 15] [-9, -16, 6, -17]
[5, -25, -11, -2] [11, 12, 11, -1] [2, 16, 12, 27] [-30, -28, 44, -42] [-42, -30, 6, -52] [-17, 43, 11, 16] [-3, 39, -2, 27]
[6, 10, -28, -11] [14, 14, 10, -55] [20, 15, 7, -22] [-4, 5, 30, -48] [53, 32, -6, -16] [23, 31, 19, 2] [18, -17, 29, -33]
------------------------------
ALIVE
Head: (7 38)
Body: (7 38) (7 37) (6 37) (6 36) (7 36) (8 36) (9 36) (9 37) (9 38) (10 38) 
Length: 10, 4
Vision: 3
Hungry, suplies: 9/10
Reproductive: 16, mutating: 0.25
Generation: 44290
####################################
Wall (up, right, down, left):
[6, 0, -7, -19] [-3, 4, 8, 2] [-27, -1, 9, -11] [-1, 0, 21, 16] [-13, 5, 26, -2] [20, -5, -2, -1] [-2, -20, -12, -15]
[-38, -23, 18, -21] [5, 15, -6, -3] [-35, 4, 2, -2] [-34, 9, 16, 11] [34, 17, 9, -3] [-36, -26, 2, 2] [-13, 5, -12, 6]
[-15, 1, 23, 2] [-2, 23, -11, 2] [-6, 2, 48, -11] [-81, 27, 51, 19] [-40, -45, -14, 40] [-13, -16, 1, 4] [-25, -21, -21, -2]
[2, 45, -5, -44] [24, 1, 18, -23] [-12, 39, -3, -102] [0, 0, 0, 0] [44, -103, 34, 8] [20, -2, -6, 19] [6, -4, 10, 5]
[-11, -32, -9, 2] [18, -3, -15, -4] [5, -11, -47, -42] [49, 18, -96, 14] [7, -12, -32, 25] [-1, 13, 4, 25] [-38, -67, -14, 24]
[23, 16, 5, -4] [-14, 6, -16, -3] [26, -9, 24, -15] [-5, 13, -23, 13] [16, -1, -28, -5] [7, -7, -24, 9] [37, -2, 23, 6]
[-15, -5, 6, -6] [-6, -17, -51, -6] [-9, 6, 24, -2] [-2, 8, -42, -12] [42, 23, -3, 31] [43, -22, -42, 21] [-14, 12, 12, -2]
Food (up, right, down, left):
[7, 19, 8, 13] [-9, 23, 7, -17] [26, -9, 19, 10] [-21, -20, 46, 20] [-7, 5, 38, -14] [-7, -23, -14, -28] [-37, 22, 1, -17]
[-67, -6, -22, -20] [0, 2, -24, -5] [5, 11, 28, 32] [-12, 31, -48, 18] [30, -1, -3, -39] [40, 4, -47, 19] [17, 5, 35, 23]
[-19, -2, 32, -49] [6, 2, -11, 29] [-61, -23, -27, 31] [42, -33, 36, 9] [-1, -9, -22, -23] [2, 17, -46, -29] [41, 35, 3, 27]
[13, 30, 11, 52] [-11, -5, -27, 39] [7, 2, -34, -17] [0, 0, 0, 0] [-19, 62, -33, -8] [-4, -21, -31, -5] [-11, 48, -26, 27]
[-5, 15, -15, 16] [12, 27, 9, 33] [20, -17, 33, 17] [-5, -35, 12, -21] [9, -3, 9, -30] [15, 47, 27, 15] [-9, -16, 6, -17]
[5, -25, -11, -2] [11, 12, 11, -1] [2, 16, 12, 27] [-30, -28, 44, -42] [-42, -30, 4, -47] [-17, 43, 11, 16] [-1, 39, -2, 27]
[6, 10, -28, -11] [14, 14, 10, -55] [20, 15, 7, -22] [-4, 5, 30, -48] [53, 32, -6, -16] [23, 31, 21, 2] [18, -17, 29, -33]
------------------------------
ALIVE
Head: (12 2)
Body: (12 2) (12 3) (12 4) (11 4) (11 5) (12 5) (12 6) (12 7) (13 7) (13 8) 
Length: 10, 4
Vision: 3
Hungry, suplies: 6/10
Reproductive: 16, mutating: 0.25
Generation: 44289
####################################
Wall (up, right, down, left):
[6, 0, -7, -16] [-3, 4, 8, 2] [-27, -1, 9, -11] [-1, 0, 21, 16] [-13, 5, 26, -2] [20, -5, -2, -1] [-2, -20, -12, -15]
[-38, -23, 18, -21] [5, 10, -6, -3] [-35, 4, 2, -2] [-34, 9, 16, 11] [34, 17, 9, -3] [-36, -26, 2, 2] [-13, 5, -12, 6]
[-15, 1, 23, 2] [-2, 23, -11, 2] [-6, 2, 48, -11] [-81, 27, 46, 19] [-40, -45, -14, 45] [-13, -16, 1, 4] [-25, -21, -21, -2]
[2, 45, -5, -44] [24, 1, 18, -23] [-12, 39, -3, -102] [0, 0, 0, 0] [44, -103, 34, 8] [20, -2, -6, 19] [6, -4, 11, 3]
[-11, -32, -9, 2] [18, -3, -15, -4] [5, -11, -47, -42] [49, 18, -96, 14] [7, -12, -32, 25] [-1, 13, 4, 25] [-38, -67, -14, 24]
[21, 16, 5, -4] [-14, 6, -16, -3] [26, -9, 24, -15] [-5, 13, -23, 13] [16, -1, -27, -5] [7, -7, -24, 9] [37, -2, 23, 7]
[-15, -5, 6, -6] [-6, -17, -51, -6] [-9, 6, 24, -2] [-2, 8, -42, -12] [42, 23, -3, 31] [43, -22, -42, 21] [-14, 12, 12, -2]
Food (up, right, down, left):
[7, 19, 6, 13] [-9, 23, 7, -17] [26, -9, 19, 10] [-21, -20, 46, 24] [-7, 5, 38, -14] [-7, -23, -14, -28] [-37, 22, 1, -17]
[-67, -6, -22, -20] [0, 2, -24, -4] [5, 11, 28, 32] [-12, 31, -48, 18] [30, -1, -3, -39] [40, 4, -47, 19] [17, 5, 35, 23]
[-19, -2, 32, -49] [6, 2, -11, 29] [-61, -23, -27, 31] [42, -38, 36, 9] [-1, -9, -22, -27] [2, 17, -46, -29] [41, 35, 3, 27]
[13, 30, 11, 52] [-11, -5, -27, 39] [7, 2, -34, -17] [0, 0, 0, 0] [-19, 62, -33, -8] [-4, -21, -31, -5] [-11, 46, -26, 26]
[-5, 15, -15, 16] [12, 27, 9, 33] [20, -17, 33, 17] [-5, -35, 12, -21] [9, -3, 9, -30] [15, 47, 27, 15] [-9, -16, 6, -17]
[5, -25, -11, 1] [11, 12, 11, -1] [2, 16, 12, 27] [-30, -28, 44, -42] [-42, -30, 6, -52] [-17, 43, 11, 16] [-3, 39, -2, 27]
[6, 10, -28, -11] [14, 14, 10, -55] [20, 15, 7, -22] [-4, 5, 30, -48] [53, 32, -6, -16] [23, 31, 21, 2] [18, -17, 29, -33]
------------------------------
ALIVE
Head: (22 46)
Body: (22 46) (23 46) (-1 46) (0 46) (0 47) (0 48) (1 48) (1 49) (1 50) (0 50) (0 51) 
Length: 11, 4
Vision: 3
Hungry, suplies: 6/10
Reproductive: 16, mutating: 0.25
Generation: 44295
####################################
Wall (up, right, down, left):
[6, 0, -7, -16] [-3, 4, 8, 2] [-27, -1, 9, -11] [-1, 0, 21, 16] [-13, 5, 26, -2] [20, -5, -2, -1] [-2, -20, -12, -15]
[-38, -23, 18, -21] [5, 10, -6, -3] [-35, 4, 2, -2] [-34, 9, 16, 11] [34, 17, 9, -3] [-36, -26, 2, 2] [-13, 5, -12, 6]
[-15, 1, 23, 2] [-2, 23, -11, 2] [-6, 2, 48, -11] [-81, 27, 46, 19] [-40, -45, -14, 45] [-13, -16, 1, 4] [-25, -21, -21, -2]
[2, 45, -5, -44] [24, 1, 18, -23] [-12, 39, -3, -102] [0, 0, 0, 0] [44, -103, 34, 8] [20, -2, -6, 19] [6, -4, 11, 6]
[-11, -32, -9, 2] [18, -3, -15, -4] [5, -11, -47, -42] [49, 18, -96, 14] [7, -12, -32, 25] [-1, 13, 4, 25] [-38, -67, -14, 24]
[21, 16, 5, -4] [-14, 6, -16, -3] [26, -9, 24, -15] [-5, 13, -23, 13] [16, -1, -27, -5] [7, -7, -24, 9] [37, -2, 23, 7]
[-15, -5, 6, -6] [-6, -17, -51, -6] [-9, 6, 24, -2] [-2, 8, -42, -12] [42, 23, -3, 31] [43, -22, -42, 21] [-14, 12, 12, -2]
Food (up, right, down, left):
[7, 19, 6, 13] [-9, 23, 7, -17] [26, -9, 19, 10] [-21, -20, 46, 24] [-7, 5, 38, -14] [-7, -23, -14, -28] [-37, 22, 1, -17]
[-67, -6, -22, -20] [0, 2, -24, -4] [5, 11, 28, 32] [-12, 31, -48, 18] [30, -1, -3, -39] [40, 4, -47, 19] [17, 5, 35, 23]
[-19, -2, 32, -49] [6, 2, -11, 29] [-61, -23, -27, 31] [42, -38, 36, 9] [-1, -9, -22, -27] [2, 17, -46, -29] [41, 35, 3, 27]
[13, 30, 11, 52] [-11, -5, -27, 39] [7, 2, -34, -17] [0, 0, 0, 0] [-19, 62, -33, -8] [-4, -21, -31, -5] [-11, 46, -26, 30]
[-5, 15, -15, 16] [12, 27, 9, 33] [20, -17, 33, 17] [-5, -35, 12, -21] [9, -3, 9, -30] [15, 47, 27, 15] [-9, -16, 6, -17]
[5, -25, -11, 1] [11, 12, 11, -1] [2, 16, 12, 27] [-30, -28, 44, -42] [-42, -30, 6, -52] [-17, 43, 11, 16] [-3, 39, -2, 27]
[6, 10, -28, -11] [14, 14, 10, -55] [20, 15, 7, -22] [-4, 5, 30, -48] [53, 32, -6, -16] [23, 31, 21, 2] [18, -17, 29, -33]
------------------------------
ALIVE
Head: (7 56)
Body: (7 56) (6 56) (6 55) (5 55) (4 55) (3 55) (3 54) (3 53) (4 53) (4 52) 
Length: 10, 4
Vision: 3
Hungry, suplies: 10/10
Reproductive: 16, mutating: 0.25
Generation: 44295
####################################
Wall (up, right, down, left):
[6, 0, -7, -16] [-3, 4, 8, 2] [-27, -1, 9, -11] [-1, 0, 20, 16] [-18, 5, 26, -2] [20, -5, -2, -1] [-2, -20, -12, -15]
[-38, -23, 18, -21] [0, 15, -6, -3] [-35, 4, 2, -2] [-34, 9, 16, 11] [34, 17, 9, -3] [-36, -26, 2, 2] [-13, 5, -12, 6]
[-15, 1, 23, 2] [-2, 23, -11, 2] [-6, 2, 48, -11] [-81, 27, 46, 19] [-40, -45, -14, 40] [-13, -16, 1, 4] [-25, -21, -21, -2]
[2, 45, -5, -44] [24, 1, 18, -23] [-12, 39, -3, -102] [0, 0, 0, 0] [44, -103, 34, 8] [20, -7, -6, 19] [6, -4, 10, 3]
[-11, -32, -9, 2] [18, -3, -15, -4] [5, -11, -47, -42] [49, 18, -96, 14] [7, -12, -32, 25] [-1, 13, 4, 25] [-38, -67, -14, 24]
[23, 16, 5, -4] [-14, 6, -16, -3] [26, -9, 24, -15] [-5, 13, -23, 13] [16, -1, -27, -5] [5, -7, -24, 9] [37, -2, 23, 7]
[-11, -5, 6, -6] [-6, -17, -51, -6] [-9, 6, 24, -2] [-2, 5, -42, -12] [42, 23, -3, 31] [43, -22, -42, 21] [-14, 8, 12, -2]
Food (up, right, down, left):
[7, 19, 6, 13] [-9, 23, 7, -17] [26, -9, 19, 10] [-21, -17, 46, 24] [-9, 5, 38, -14] [-7, -23, -14, -28] [-37, 22, 1, -17]
[-67, -6, -22, -20] [0, 2, -24, -10] [5, 11, 28, 32] [-12, 31, -48, 18] [30, -1, -3, -39] [40, 4, -47, 19] [17, 5, 35, 23]
[-19, -2, 32, -49] [6, 2, -11, 29] [-61, -23, -27, 31] [42, -38, 36, 9] [-1, -9, -22, -23] [2, 17, -46, -29] [41, 35, 3, 27]
[13, 30, 11, 52] [-11, -5, -27, 39] [7, 2, -34, -17] [0, 0, 0, 0] [-19, 62, -33, -8] [-4, -21, -30, -5] [-11, 46, -26, 27]
[-5, 15, -15, 16] [12, 27, 9, 33] [20, -17, 33, 17] [-5, -35, 12, -21] [9, -3, 9, -30] [15, 47, 27, 15] [-9, -16, 6, -17]
[5, -25, -11, -2] [11, 12, 11, -1] [2, 16, 12, 27] [-30, -28, 44, -42] [-42, -30, 6, -52] [-17, 43, 11, 16] [-3, 39, -2, 27]
[3, 10, -23, -11] [14, 14, 10, -55] [20, 15, 7, -22] [-4, 5, 30, -52] [53, 32, -6, -16] [23, 31, 21, 2] [14, -17, 29, -33]
------------------------------
ALIVE
Head: (18 35)
Body: (18 35) (18 34) (19 34) (20 34) (21 34) (22 34) (23 34) (24 34) (24 33) (24 32) 
Length: 10, 4
Vision: 3
Hungry, suplies: 2/10
Reproductive: 16, mutating: 0.25
Generation: 44293
####################################
Wall (up, right, down, left):
[6, 0, -7, -16] [-3, 4, 8, 2] [-27, -1, 9, -11] [-1, 0, 21, 16] [-13, 5, 26, -2] [20, -5, -2, -1] [-2, -20, -12, -15]
[-38, -23, 18, -21] [5, 15, -6, -3] [-35, 4, 2, -2] [-34, 9, 16, 11] [34, 17, 9, -3] [-36, -26, 2, 2] [-13, 5, -12, 6]
[-15, 1, 23, 2] [-2, 23, -11, 2] [-6, 2, 48, -11] [-81, 27, 46, 19] [-40, -45, -14, 40] [-13, -16, 1, 4] [-25, -21, -21, -2]
[2, 45, -5, -44] [24, 1, 18, -23] [-12, 39, -3, -102] [0, 0, 0, 0] [44, -103, 34, 8] [20, -2, -6, 19] [6, -4, 11, 3]
[-11, -32, -9, 2] [18, -3, -15, -4] [5, -11, -47, -42] [49, 18, -96, 14] [7, -12, -32, 25] [-1, 13, 4, 25] [-38, -67, -14, 24]
[23, 16, 5, -4] [-14, 6, -16, -3] [26, -9, 24, -15] [-5, 13, -23, 13] [16, -1, -27, -5] [7, -7, -24, 9] [37, -2, 23, 7]
[-15, -5, 6, -6] [-6, -17, -51, -6] [-9, 6, 24, -2] [-2, 8, -42, -12] [42, 23, -3, 31] [44, -22, -42, 21] [-14, 12, 12, -2]
Food (up, right, down, left):
[7, 19, 6, 13] [-9, 23, 7, -17] [26, -9, 19, 10] [-21, -20, 46, 24] [-7, 5, 38, -14] [-7, -23, -14, -28] [-37, 22, 1, -17]
[-67, -6, -22, -20] [0, 2, -24, -5] [5, 11, 28, 32] [-12, 31, -48, 18] [30, -1, -3, -39] [40, 4, -47, 19] [17, 5, 35, 23]
[-19, -2, 32, -49] [6, 2, -11, 29] [-61, -23, -27, 31] [42, -38, 36, 9] [-1, -9, -22, -23] [2, 17, -46, -29] [41, 35, 3, 27]
[13, 30, 11, 52] [-11, -5, -27, 39] [7, 2, -34, -17] [0, 0, 0, 0] [-19, 62, -33, -8] [-4, -21, -31, -5] [-11, 46, -26, 26]
[-5, 15, -15, 16] [12, 27, 9, 33] [20, -17, 33, 17] [-5, -35, 12, -21] [9, -3, 9, -30] [15, 47, 27, 15] [-9, -16, 6, -17]
[5, -25, -11, -2] [11, 12, 11, -1] [2, 16, 12, 27] [-30, -28, 44, -42] [-42, -30, 6, -52] [-17, 43, 11, 16] [-3, 39, -2, 27]
[6, 10, -28, -11] [14, 14, 10, -55] [20, 15, 7, -22] [-4, 5, 30, -48] [53, 32, -6, -16] [23, 31, 19, 2] [18, -17, 29, -33]
------------------------------
ALIVE
Head: (19 44)
Body: (19 44) (18 44) (18 43) (18 42) (18 41) (18 40) (18 39) (18 38) 
Length: 8, 4
Vision: 3
Hungry, suplies: 3/10
Reproductive: 16, mutating: 0.25
Generation: 44291
####################################
Wall (up, right, down, left):
[6, 0, -7, -16] [-3, 4, 8, 2] [-27, -1, 9, -11] [-1, 0, 20, 16] [-18, 5, 26, -2] [20, -5, -2, -1] [-2, -20, -12, -15]
[-38, -23, 18, -21] [0, 15, -6, -3] [-35, 4, 2, -2] [-34, 9, 16, 11] [34, 17, 9, -3] [-36, -26, 2, 2] [-13, 5, -12, 6]
[-15, 1, 23, 2] [-2, 23, -11, 2] [-6, 2, 48, -11] [-81, 27, 46, 19] [-40, -45, -14, 40] [-13, -16, 1, 4] [-25, -21, -21, -2]
[2, 45, -5, -44] [24, 1, 18, -23] [-12, 39, -3, -102] [0, 0, 0, 0] [44, -103, 34, 8] [20, -7, -6, 19] [6, -4, 10, 3]
[-11, -32, -9, 2] [18, -3, -15, -4] [5, -11, -47, -42] [49, 18, -96, 14] [7, -12, -32, 25] [-1, 13, 4, 25] [-38, -67, -14, 24]
[23, 16, 5, -4] [-14, 6, -16, -3] [26, -9, 24, -15] [-5, 13, -23, 13] [16, -1, -27, -5] [5, -7, -24, 9] [37, -2, 23, 7]
[-11, -5, 6, -6] [-6, -17, -51, -6] [-9, 6, 24, -2] [-2, 5, -42, -12] [42, 23, -3, 31] [43, -22, -42, 21] [-14, 8, 12, -2]
Food (up, right, down, left):
[7, 19, 6, 13] [-9, 23, 7, -17] [26, -9, 19, 10] [-21, -17, 46, 24] [-9, 5, 38, -14] [-7, -23, -14, -28] [-37, 22, 1, -17]
[-67, -6, -22, -20] [0, 2, -24, -10] [5, 11, 28, 32] [-12, 31, -48, 18] [30, -1, -3, -39] [40, 4, -47, 19] [17, 5, 35, 23]
[-19, -2, 32, -49] [6, 2, -11, 29] [-61, -23, -27, 31] [42, -38, 36, 9] [-1, -9, -22, -23] [2, 17, -46, -29] [41, 35, 3, 27]
[13, 30, 11, 52] [-11, -5, -27, 39] [7, 2, -34, -17] [0, 0, 0, 0] [-19, 62, -33, -8] [-4, -21, -30, -5] [-11, 46, -26, 27]
[-5, 15, -15, 16] [12, 27, 9, 33] [20, -17, 33, 17] [-5, -35, 12, -21] [9, -3, 9, -30] [15, 47, 27, 15] [-9, -16, 6, -17]
[5, -25, -11, -2] [11, 12, 11, -1] [2, 16, 12, 27] [-30, -28, 44, -42] [-42, -30, 6, -52] [-17, 43, 11, 16] [-3, 39, -2, 27]
[3, 10, -23, -11] [14, 14, 10, -55] [20, 15, 7, -22] [-4, 5, 30, -52] [53, 32, -6, -16] [23, 31, 21, 2] [14, -17, 29, -33]
------------------------------
ALIVE
Head: (16 43)
Body: (16 43) (16 44) (16 45) (17 45) (17 46) (17 47) (16 47) 
Length: 7, 4
Vision: 3
Hungry, suplies: 7/10
Reproductive: 16, mutating: 0.25
Generation: 44293
####################################
Wall (up, right, down, left):
[6, 0, -7, -16] [-3, 4, 8, 2] [-27, -1, 9, -11] [-1, 0, 21, 16] [-18, 5, 26, -2] [20, -5, -2, -1] [-2, -20, -12, -15]
[-38, -23, 18, -21] [5, 15, -6, -3] [-35, 4, 2, -2] [-34, 9, 16, 11] [34, 17, 9, -3] [-36, -26, 2, 2] [-13, 5, -12, 6]
[-15, 1, 23, 2] [-2, 23, -11, 2] [-6, 2, 48, -11] [-81, 27, 46, 19] [-40, -45, -14, 40] [-13, -16, 1, 4] [-25, -21, -21, -2]
[2, 45, -5, -44] [24, 1, 18, -23] [-12, 39, -3, -102] [0, 0, 0, 0] [44, -103, 34, 8] [20, -2, -6, 19] [6, -4, 11, 3]
[-11, -32, -9, 2] [18, -3, -15, -4] [5, -11, -47, -42] [49, 18, -96, 14] [7, -12, -32, 25] [-1, 11, 4, 25] [-38, -67, -14, 24]
[23, 16, 5, -4] [-14, 6, -16, -3] [26, -9, 24, -15] [-5, 13, -23, 13] [16, -1, -27, -5] [7, -7, -24, 9] [37, -2, 23, 7]
[-15, -5, 6, -6] [-6, -17, -51, -6] [-9, 6, 24, -2] [-2, 8, -42, -12] [42, 23, -3, 31] [44, -22, -42, 21] [-14, 12, 12, -2]
Food (up, right, down, left):
[7, 19, 6, 13] [-9, 23, 7, -17] [26, -9, 19, 10] [-21, -20, 46, 24] [-2, 5, 38, -14] [-7, -23, -14, -28] [-37, 22, 1, -17]
[-67, -6, -22, -20] [0, 2, -24, -5] [5, 11, 28, 32] [-12, 31, -48, 18] [30, -1, -3, -39] [40, 4, -47, 19] [17, 5, 35, 23]
[-19, -2, 32, -49] [6, 2, -11, 29] [-61, -23, -27, 31] [42, -38, 36, 9] [-1, -9, -22, -23] [2, 17, -46, -29] [41, 35, 3, 27]
[13, 30, 11, 52] [-11, -5, -27, 39] [7, 2, -34, -17] [0, 0, 0, 0] [-19, 62, -33, -8] [-4, -21, -31, -5] [-11, 46, -26, 26]
[-5, 15, -15, 16] [12, 27, 9, 33] [20, -17, 33, 17] [-5, -35, 12, -21] [9, -3, 9, -30] [15, 47, 27, 12] [-9, -16, 6, -17]
[5, -25, -11, -2] [11, 12, 11, -1] [2, 16, 12, 27] [-30, -28, 44, -42] [-42, -30, 6, -52] [-17, 43, 11, 16] [-3, 39, -2, 27]
[6, 10, -28, -11] [14, 14, 10, -55] [20, 15, 7, -22] [-4, 5, 30, -48] [53, 32, -6, -16] [23, 31, 19, 2] [18, -17, 29, -33]
------------------------------
ALIVE
Head: (0 26)
Body: (0 26) (0 25) (24 25) (24 24) (-1 23) (0 23) (1 23) (2 23) (2 22) (2 21) (2 20) 
Length: 11, 4
Vision: 3
Hungry, suplies: 9/10
Reproductive: 16, mutating: 0.25
Generation: 44289
####################################
Wall (up, right, down, left):
[6, 0, -7, -16] [-3, 4, 8, 2] [-27, -1, 9, -11] [-1, 0, 21, 16] [-13, 5, 26, -2] [20, -5, -2, -1] [-2, -20, -12, -15]
[-38, -23, 18, -21] [5, 10, -6, -3] [-35, 4, 2, -2] [-34, 9, 16, 11] [34, 17, 9, -3] [-36, -26, 4, 2] [-13, 5, -12, 6]
[-15, 1, 23, 2] [-2, 23, -11, 2] [-6, 2, 48, -11] [-81, 27, 46, 19] [-40, -45, -14, 45] [-13, -16, 1, 4] [-25, -21, -21, -2]
[2, 45, -5, -44] [24, 1, 18, -23] [-12, 41, -3, -102] [0, 0, 0, 0] [44, -103, 34, 8] [20, -2, -6, 19] [6, -4, 11, 3]
[-11, -32, -9, 2] [18, -3, -15, -4] [5, -11, -47, -42] [49, 18, -96, 14] [7, -12, -32, 25] [-1, 13, 4, 25] [-38, -67, -14, 24]
[23, 16, 5, -4] [-14, 6, -16, -3] [26, -9, 24, -15] [-5, 13, -23, 13] [16, -1, -27, -5] [7, -7, -24, 9] [37, -2, 23, 7]
[-15, -5, 6, -6] [-6, -17, -51, -6] [-9, 6, 24, -2] [-2, 8, -42, -12] [42, 23, -3, 31] [43, -22, -42, 21] [-14, 12, 12, -2]
Food (up, right, down, left):
[7, 19, 6, 13] [-9, 23, 7, -17] [26, -9, 19, 10] [-21, -20, 46, 24] [-7, 5, 38, -14] [-7, -23, -14, -28] [-37, 22, 1, -17]
[-67, -6, -22, -20] [0, 2, -24, -4] [5, 11, 28, 32] [-12, 31, -48, 18] [30, -1, -3, -39] [40, 9, -47, 19] [17, 5, 35, 23]
[-19, -2, 32, -49] [6, 2, -11, 29] [-61, -23, -27, 31] [42, -38, 36, 9] [-1, -9, -22, -27] [2, 17, -46, -29] [41, 35, 3, 27]
[13, 30, 11, 52] [-11, -5, -27, 39] [7, 2, -32, -17] [0, 0, 0, 0] [-19, 62, -33, -8] [-4, -21, -31, -5] [-11, 46, -26, 26]
[-5, 15, -15, 16] [12, 27, 9, 33] [20, -17, 33, 17] [-5, -35, 12, -21] [9, -3, 9, -30] [15, 47, 27, 15] [-9, -16, 6, -17]
[5, -25, -11, -2] [11, 12, 11, -1] [2, 16, 12, 27] [-30, -28, 44, -42] [-42, -30, 6, -52] [-17, 43, 11, 16] [-3, 39, -2, 27]
[6, 10, -28, -11] [14, 14, 10, -55] [20, 15, 7, -22] [-4, 5, 30, -48] [53, 32, -6, -16] [23, 31, 21, 2] [18, -17, 29, -33]
------------------------------
ALIVE
Head: (6 42)
Body: (6 42) (5 42) (5 41) (5 40) (5 39) (4 39) (3 39) (3 38) (2 38) (1 38) 
Length: 10, 4
Vision: 3
Hungry, suplies: 9/10
Reproductive: 16, mutating: 0.25
Generation: 44292
####################################
Wall (up, right, down, left):
[6, 0, -7, -16] [-3, 4, 8, 2] [-27, -1, 9, -11] [-1, 0, 21, 16] [-13, 5, 26, -2] [20, -5, -2, -1] [-2, -20, -12, -15]
[-38, -23, 18, -21] [5, 10, -6, -3] [-35, 4, 2, -2] [-34, 9, 16, 11] [34, 17, 9, -3] [-36, -26, 2, 2] [-13, 5, -12, 6]
[-15, 1, 23, 2] [-2, 23, -11, 2] [-6, 2, 48, -11] [-81, 27, 46, 19] [-40, -45, -14, 45] [-13, -16, 1, 4] [-25, -21, -21, -2]
[2, 45, -5, -44] [24, 1, 18, -23] [-12, 39, -3, -102] [0, 0, 0, 0] [44, -103, 34, 8] [20, -2, -6, 19] [6, -4, 11, 6]
[-11, -32, -9, 2] [18, -3, -15, -4] [5, -11, -47, -42] [49, 18, -96, 14] [7, -12, -32, 25] [-1, 13, 4, 25] [-38, -67, -14, 24]
[21, 16, 5, -4] [-14, 6, -16, -3] [26, -9, 24, -15] [-5, 13, -23, 13] [16, -1, -27, -5] [7, -7, -24, 9] [37, -2, 23, 7]
[-15, -5, 6, -6] [-6, -17, -51, -6] [-9, 6, 24, -2] [-2, 8, -42, -12] [42, 23, -3, 31] [43, -22, -42, 21] [-14, 12, 12, -2]
Food (up, right, down, left):
[7, 19, 6, 13] [-9, 23, 7, -17] [26, -9, 19, 10] [-21, -20, 46, 24] [-7, 5, 38, -14] [-7, -23, -14, -28] [-37, 22, 1, -17]
[-67, -6, -22, -20] [0, 2, -24, -4] [5, 11, 28, 32] [-12, 31, -48, 18] [30, -1, -3, -39] [40, 4, -47, 19] [17, 5, 35, 23]
[-19, -2, 32, -49] [6, 2, -11, 29] [-61, -23, -27, 31] [42, -38, 36, 9] [-1, -9, -22, -27] [2, 17, -46, -29] [41, 35, 3, 27]
[13, 30, 11, 52] [-11, -5, -27, 39] [7, 2, -34, -17] [0, 0, 0, 0] [-19, 62, -33, -8] [-4, -21, -31, -5] [-11, 46, -26, 30]
[-5, 15, -15, 16] [12, 27, 9, 33] [20, -17, 33, 17] [-5, -35, 12, -21] [9, -3, 9, -30] [15, 47, 27, 15] [-9, -16, 6, -17]
[5, -25, -11, 1] [11, 12, 11, -1] [2, 16, 12, 27] [-30, -28, 44, -42] [-42, -30, 6, -52] [-17, 43, 11, 16] [-3, 39, -2, 27]
[6, 10, -28, -11] [14, 14, 10, -55] [20, 15, 7, -22] [-4, 5, 30, -48] [53, 32, -6, -16] [23, 31, 21, 2] [18, -17, 29, -33]
------------------------------
ALIVE
Head: (7 46)
Body: (7 46) (7 45) (8 45) (9 45) (10 45) (10 44) (11 44) (11 43) (12 43) (12 42) (12 41) 
Length: 11, 4
Vision: 3
Hungry, suplies: 9/10
Reproductive: 16, mutating: 0.25
Generation: 44296
####################################
Wall (up, right, down, left):
[6, 0, -7, -16] [-3, 4, 8, 2] [-27, -1, 9, -11] [-1, 0, 20, 16] [-18, 5, 26, -2] [20, -5, -2, -1] [-2, -20, -12, -15]
[-38, -23, 18, -21] [0, 15, -6, -3] [-35, 4, 2, -2] [-34, 9, 16, 11] [34, 17, 9, -3] [-36, -26, 2, 2] [-13, 5, -12, 6]
[-15, 1, 23, 2] [-2, 23, -11, 2] [-6, 2, 48, -11] [-81, 27, 46, 19] [-40, -45, -14, 40] [-13, -16, 1, 4] [-25, -21, -21, -2]
[2, 45, -5, -44] [24, 1, 18, -23] [-12, 39, -3, -102] [0, 0, 0, 0] [44, -98, 34, 8] [20, -7, -6, 19] [6, -4, 10, 3]
[-11, -32, -9, 2] [18, -3, -15, -4] [5, -11, -47, -42] [49, 18, -96, 14] [7, -12, -32, 25] [-1, 13, 4, 25] [-38, -67, -14, 24]
[23, 16, 5, -4] [-14, 6, -16, -3] [26, -9, 24, -15] [-5, 13, -23, 13] [16, -1, -27, -5] [5, -7, -24, 9] [37, -2, 23, 7]
[-11, -5, 6, -6] [-6, -17, -51, -6] [-9, 6, 24, -2] [-2, 5, -42, -12] [42, 23, -3, 31] [43, -22, -42, 21] [-14, 8, 12, -2]
Food (up, right, down, left):
[7, 19, 6, 13] [-9, 23, 7, -17] [26, -9, 19, 10] [-21, -17, 46, 24] [-9, 5, 38, -14] [-7, -23, -14, -28] [-37, 22, 1, -17]
[-67, -6, -22, -20] [0, 2, -24, -10] [5, 11, 28, 32] [-12, 31, -48, 18] [30, -1, -3, -39] [40, 4, -47, 19] [17, 5, 35, 23]
[-19, -2, 32, -49] [6, 2, -11, 29] [-61, -23, -27, 31] [42, -38, 36, 9] [-1, -9, -22, -23] [2, 17, -46, -29] [41, 35, 3, 27]
[13, 30, 11, 52] [-11, -5, -27, 39] [7, 2, -34, -17] [0, 0, 0, 0] [-14, 62, -33, -8] [-4, -21, -30, -5] [-11, 46, -26, 27]
[-5, 15, -15, 16] [12, 27, 9, 33] [20, -17, 33, 17] [-5, -35, 12, -21] [9, -3, 9, -30] [15, 47, 27, 15] [-9, -16, 6, -17]
[5, -25, -11, -2] [11, 12, 11, -1] [2, 16, 12, 27] [-30, -28, 44, -42] [-42, -30, 6, -52] [-17, 43, 11, 16] [-3, 39, -2, 27]
[3, 10, -23, -11] [14, 14, 10, -55] [20, 15, 7, -22] [-4, 5, 30, -52] [53, 32, -6, -16] [23, 31, 21, 2] [14, -17, 29, -33]
------------------------------
ALIVE
Head: (23 22)
Body: (23 22) (22 22) (21 22) (21 21) (22 21) (22 20) (22 19) (22 18) (22 17) (23 17) 
Length: 10, 4
Vision: 3
Hungry, suplies: 10/10
Reproductive: 16, mutating: 0.25
Generation: 44294
####################################
Wall (up, right, down, left):
[6, 0, -7, -16] [-3, 4, 8, 2] [-27, -1, 9, -11] [-1, 0, 21, 16] [-18, 5, 26, -2] [20, -5, -2, -1] [-2, -20, -12, -15]
[-38, -23, 18, -21] [0, 15, -6, -3] [-35, 4, 2, -2] [-34, 9, 16, 11] [34, 17, 9, -3] [-36, -25, 2, 1] [-13, 5, -12, 6]
[-15, 1, 23, 2] [-2, 23, -11, 2] [-6, 2, 48, -11] [-81, 27, 46, 19] [-40, -45, -14, 40] [-13, -16, 1, 4] [-25, -21, -21, -2]
[2, 45, -5, -44] [24, 1, 18, -23] [-12, 39, -3, -102] [0, 0, 0, 0] [44, -103, 34, 8] [20, -7, -6, 19] [6, -4, 10, 3]
[-11, -32, -9, 2] [18, -3, -15, -4] [5, -11, -47, -42] [49, 18, -96, 14] [7, -12, -32, 25] [-1, 13, 4, 25] [-38, -67, -14, 24]
[23, 16, 5, -4] [-14, 6, -16, -3] [26, -9, 24, -15] [-5, 13, -23, 13] [16, -1, -27, -5] [5, -7, -24, 9] [37, -2, 23, 7]
[-15, -5, 6, -6] [-6, -17, -51, -6] [-9, 6, 24, -2] [-2, 5, -42, -12] [42, 23, -3, 31] [43, -22, -42, 21] [-14, 12, 12, -2]
Food (up, right, down, left):
[7, 19, 6, 13] [-9, 23, 7, -17] [26, -9, 19, 10] [-21, -20, 46, 24] [-9, 5, 38, -14] [-7, -23, -14, -28] [-37, 22, 1, -17]
[-67, -6, -22, -20] [0, 2, -24, -10] [5, 11, 28, 32] [-12, 31, -48, 18] [30, -1, -3, -39] [40, -1, -47, 18] [17, 5, 35, 23]
[-19, -2, 32, -49] [6, 2, -11, 29] [-61, -23, -27, 31] [42, -38, 36, 9] [-1, -9, -22, -23] [2, 17, -46, -29] [41, 35, 3, 27]
[13, 30, 11, 52] [-11, -5, -27, 39] [7, 2, -34, -17] [0, 0, 0, 0] [-19, 62, -33, -8] [-4, -21, -30, -5] [-11, 46, -26, 27]
[-5, 15, -15, 16] [12, 27, 9, 33] [20, -17, 33, 17] [-5, -35, 12, -21] [9, -3, 9, -30] [15, 47, 27, 15] [-9, -16, 6, -17]
[5, -25, -11, -2] [11, 12, 11, -1] [2, 16, 12, 27] [-30, -28, 44, -42] [-42, -30, 6, -52] [-17, 43, 11, 16] [-3, 39, -2, 27]
[6, 10, -23, -11] [14, 14, 10, -55] [20, 15, 7, -22] [-4, 5, 30, -52] [53, 32, -6, -16] [23, 31, 21, 2] [18, -17, 29, -33]
------------------------------
ALIVE
Head: (12 10)
Body: (12 10) (11 10) (10 10) (10 9) (10 8) (9 8) (9 7) (9 6) (8 6) (7 6) (7 5) 
Length: 11, 4
Vision: 3
Hungry, suplies: 6/10
Reproductive: 16, mutating: 0.25
Generation: 44296
####################################
Wall (up, right, down, left):
[6, 0, -7, -16] [-3, 4, 8, 2] [-27, -1, 9, -11] [-1, 0, 21, 16] [-13, 5, 26, -2] [20, -5, -2, -1] [-2, -20, -12, -15]
[-38, -23, 18, -21] [5, 10, -6, -3] [-35, 4, 2, -2] [-34, 9, 16, 11] [34, 17, 9, -3] [-36, -26, 2, 2] [-13, 5, -12, 6]
[-15, 1, 23, 2] [-2, 23, -11, 2] [-6, 2, 48, -11] [-81, 27, 46, 19] [-40, -45, -14, 45] [-13, -16, 1, 4] [-25, -21, -21, -2]
[2, 45, -5, -44] [24, 1, 18, -23] [-12, 39, -3, -102] [0, 0, 0, 0] [44, -103, 34, 8] [20, -2, -6, 19] [6, -4, 11, 3]
[-11, -32, -9, 2] [18, -3, -15, -4] [5, -11, -47, -42] [49, 18, -96, 14] [7, -12, -32, 25] [-1, 13, 4, 25] [-38, -67, -14, 24]
[23, 16, 5, -4] [-14, 6, -16, -3] [26, -9, 24, -15] [-5, 13, -23, 13] [16, -1, -27, -5] [7, -7, -24, 8] [37, -2, 23, 7]
[-15, -5, 6, -6] [-6, -17, -51, -6] [-9, 6, 24, -2] [-2, 8, -42, -12] [42, 23, -3, 31] [43, -22, -42, 21] [-14, 12, 12, -2]
Food (up, right, down, left):
[7, 19, 6, 13] [-9, 23, 7, -17] [26, -9, 19, 10] [-21, -20, 46, 24] [-7, 5, 38, -14] [-7, -23, -14, -28] [-37, 22, 1, -17]
[-67, -6, -22, -20] [0, 2, -24, -4] [5, 11, 28, 32] [-12, 31, -48, 18] [30, -1, -3, -39] [40, 4, -47, 19] [17, 5, 35, 23]
[-19, -2, 32, -49] [6, 2, -11, 29] [-61, -23, -27, 31] [42, -38, 36, 9] [-1, -9, -22, -27] [2, 17, -46, -29] [41, 35, 3, 27]
[13, 30, 11, 52] [-11, -5, -27, 39] [7, 2, -34, -17] [0, 0, 0, 0] [-19, 62, -33, -8] [-4, -21, -31, -5] [-11, 46, -26, 26]
[-5, 15, -15, 16] [12, 27, 9, 33] [20, -17, 33, 17] [-5, -35, 12, -21] [9, -3, 9, -30] [15, 47, 27, 15] [-9, -16, 6, -17]
[5, -25, -11, -2] [11, 12, 11, -1] [2, 16, 12, 27] [-30, -28, 44, -42] [-42, -30, 6, -52] [-17, 47, 11, 16] [-3, 39, -2, 27]
[6, 10, -28, -11] [14, 14, 10, -55] [20, 15, 7, -22] [-4, 5, 30, -48] [53, 32, -6, -16] [23, 31, 21, 2] [18, -17, 29, -33]
------------------------------
ALIVE
Head: (6 17)
Body: (6 17) (6 16) (6 15) (7 15) (7 14) (7 13) (7 12) (6 12) (6 11) 
Length: 9, 4
Vision: 3
Hungry, suplies: 1/10
Reproductive: 16, mutating: 0.25
Generation: 44295
####################################
Wall (up, right, down, left):
[6, 0, -7, -16] [-3, 4, 8, 2] [-27, -1, 9, -11] [-1, 0, 21, 16] [-18, 5, 26, -2] [20, -5, -2, -1] [-2, -20, -12, -15]
[-38, -23, 18, -21] [0, 15, -6, -3] [-35, 4, 2, -2] [-34, 9, 16, 11] [34, 17, 9, -3] [-36, -26, 2, 2] [-13, 5, -12, 6]
[-15, 1, 23, 2] [-2, 23, -11, 2] [-6, 2, 48, -11] [-81, 27, 46, 19] [-40, -45, -14, 40] [-13, -16, 1, 4] [-25, -21, -21, -2]
[2, 45, -5, -44] [24, 1, 18, -23] [-12, 39, -3, -102] [0, 0, 0, 0] [44, -103, 34, 8] [20, -7, -6, 19] [6, -4, 10, 3]
[-11, -32, -9, 2] [18, -3, -15, -4] [5, -11, -47, -42] [49, 18, -96, 14] [7, -12, -32, 25] [-1, 13, 4, 25] [-38, -67, -14, 24]
[23, 16, 5, -4] [-14, 6, -16, -3] [26, -9, 24, -15] [-5, 13, -23, 13] [21, -1, -27, -5] [5, -7, -24, 9] [37, -2, 23, 7]
[-15, -5, 6, -8] [-6, -17, -51, -6] [-9, 6, 24, -2] [-2, 5, -42, -12] [42, 23, -3, 31] [43, -22, -42, 21] [-14, 12, 12, -2]
Food (up, right, down, left):
[7, 19, 6, 13] [-9, 23, 7, -17] [26, -9, 19, 10] [-21, -20, 46, 24] [-9, 5, 38, -14] [-7, -23, -14, -28] [-37, 22, 1, -17]
[-67, -6, -22, -20] [0, 2, -24, -10] [5, 11, 28, 32] [-12, 31, -48, 18] [30, -1, -3, -39] [40, 4, -47, 19] [17, 5, 35, 23]
[-19, -2, 32, -49] [6, 2, -11, 29] [-61, -23, -27, 31] [42, -38, 36, 9] [-1, -9, -22, -23] [2, 17, -46, -29] [41, 35, 3, 27]
[13, 30, 11, 52] [-11, -5, -27, 39] [7, 2, -34, -17] [0, 0, 0, 0] [-19, 62, -33, -8] [-4, -21, -30, -5] [-11, 46, -26, 27]
[-5, 15, -15, 16] [12, 27, 9, 33] [20, -17, 33, 17] [-5, -35, 12, -21] [9, -3, 9, -30] [15, 47, 27, 15] [-9, -16, 6, -17]
[5, -25, -11, -2] [11, 12, 11, -1] [2, 16, 12, 27] [-30, -28, 44, -42] [-42, -30, 5, -52] [-17, 43, 11, 16] [-3, 39, -2, 27]
[6, 10, -23, -12] [14, 14, 10, -55] [20, 15, 7, -22] [-4, 5, 30, -52] [53, 32, -6, -16] [23, 31, 21, 2] [18, -17, 29, -33]
------------------------------
ALIVE
Head: (19 19)
Body: (19 19) (18 19) (18 20) (17 20) (17 19) (17 18) (16 18) (15 18) (15 17) (14 17) (13 17) (12 17) 
Length: 12, 4
Vision: 3
Hungry, suplies: 7/10
Reproductive: 16, mutating: 0.25
Generation: 44294
####################################
Wall (up, right, down, left):
[6, 0, -7, -19] [-3, 4, 8, 2] [-27, -1, 9, -11] [-1, 0, 21, 16] [-13, 5, 26, -2] [20, -5, -2, -1] [-2, -20, -12, -15]
[-38, -23, 18, -21] [5, 15, -6, -3] [-35, 4, 2, -2] [-34, 9, 16, 11] [34, 17, 9, -3] [-36, -26, 2, 2] [-13, 5, -12, 6]
[-15, 1, 23, 2] [-2, 23, -11, 2] [-6, 2, 48, -11] [-81, 27, 51, 19] [-40, -45, -14, 40] [-13, -16, 1, 4] [-25, -21, -21, -2]
[2, 45, -5, -44] [24, 1, 18, -23] [-12, 39, -3, -102] [0, 0, 0, 0] [44, -103, 34, 8] [20, -2, -6, 19] [6, -4, 10, 5]
[-11, -32, -9, 2] [18, -3, -15, -4] [5, -11, -47, -42] [49, 18, -96, 14] [7, -12, -32, 25] [-1, 13, 4, 25] [-38, -67, -14, 24]
[23, 16, 5, -4] [-14, 6, -16, -3] [26, -9, 24, -15] [-5, 13, -23, 13] [16, -1, -28, -5] [7, -7, -24, 9] [37, -2, 23, 6]
[-15, -5, 6, -6] [-6, -17, -51, -6] [-9, 6, 24, -2] [-2, 8, -42, -12] [42, 23, -3, 31] [43, -22, -42, 21] [-14, 12, 12, -2]
Food (up, right, down, left):
[7, 19, 8, 13] [-9, 23, 7, -17] [26, -9, 19, 10] [-21, -20, 46, 20] [-7, 5, 38, -14] [-7, -23, -14, -28] [-37, 22, 1, -17]
[-67, -6, -22, -20] [0, 2, -24, -5] [5, 11, 28, 32] [-12, 31, -48, 18] [30, -1, -3, -39] [40, 4, -47, 19] [17, 5, 35, 23]
[-19, -2, 32, -49] [6, 2, -11, 29] [-61, -23, -27, 31] [42, -33, 36, 9] [-1, -9, -22, -23] [2, 17, -46, -29] [41, 35, 3, 27]
[13, 30, 11, 52] [-11, -5, -27, 39] [7, 6, -34, -17] [0, 0, 0, 0] [-19, 62, -33, -8] [-4, -21, -31, -5] [-11, 48, -26, 27]
[-5, 15, -15, 16] [12, 27, 9, 33] [20, -17, 33, 17] [-5, -35, 12, -21] [9, -3, 9, -30] [15, 47, 27, 15] [-9, -16, 6, -17]
[5, -25, -11, -2] [11, 12, 11, -1] [2, 16, 12, 27] [-30, -28, 44, -42] [-42, -30, 4, -47] [-17, 43, 11, 16] [-1, 39, -2, 27]
[6, 10, -28, -11] [14, 14, 10, -55] [20, 15, 7, -22] [-4, 5, 30, -48] [53, 32, -6, -16] [23, 31, 21, 2] [18, -17, 29, -33]
------------------------------
ALIVE
Head: (4 43)
Body: (4 43) (3 43) (3 42) (2 42) (1 42) (1 41) (25 41) (24 41) (24 40) (23 40) (22 40) (22 41) 
Length: 12, 4
Vision: 3
Hungry, suplies: 9/10
Reproductive: 16, mutating: 0.25
Generation: 44290
####################################
Wall (up, right, down, left):
[6, 0, -7, -16] [-3, 4, 8, 2] [-27, -1, 9, -11] [-1, 0, 21, 16] [-13, 5, 26, -2] [20, -5, -2, -1] [-2, -20, -12, -15]
[-38, -23, 18, -21] [5, 15, -6, -3] [-35, 4, 2, -2] [-34, 9, 16, 11] [34, 17, 9, -3] [-36, -26, 2, 2] [-13, 5, -12, 6]
[-15, 1, 23, 2] [-2, 23, -11, 2] [-6, 2, 48, -11] [-81, 27, 46, 19] [-40, -45, -14, 40] [-13, -16, 1, 4] [-25, -21, -21, -2]
[2, 45, -5, -44] [24, 1, 18, -23] [-12, 39, -3, -102] [0, 0, 0, 0] [44, -103, 34, 8] [20, -2, -6, 19] [6, -4, 11, 3]
[-11, -32, -9, 2] [18, -3, -15, -4] [5, -11, -47, -39] [49, 18, -96, 14] [7, -12, -32, 25] [-1, 13, 4, 25] [-38, -67, -14, 24]
[23, 16, 5, -4] [-14, 6, -16, -3] [26, -9, 24, -15] [-5, 13, -23, 13] [16, -1, -27, -5] [7, -7, -24, 9] [37, -2, 23, 7]
[-15, -5, 6, -6] [-6, -17, -51, -6] [-9, 6, 24, -2] [-2, 8, -42, -12] [42, 23, -3, 31] [44, -22, -42, 21] [-14, 12, 12, -2]
Food (up, right, down, left):
[7, 19, 6, 13] [-9, 23, 7, -17] [26, -9, 19, 10] [-21, -20, 46, 24] [-7, 5, 38, -14] [-7, -23, -14, -28] [-37, 22, 1, -17]
[-67, -6, -22, -20] [0, 2, -24, -5] [5, 11, 28, 32] [-12, 31, -48, 18] [30, -1, -3, -39] [40, 4, -47, 19] [17, 5, 35, 23]
[-19, -2, 32, -49] [6, 2, -11, 29] [-61, -23, -27, 31] [42, -38, 36, 9] [-1, -9, -22, -23] [2, 17, -46, -29] [41, 35, 3, 27]
[13, 30, 11, 52] [-11, -5, -27, 39] [7, 2, -34, -17] [0, 0, 0, 0] [-19, 62, -33, -8] [-4, -21, -31, -5] [-11, 46, -26, 26]
[-5, 15, -15, 16] [12, 27, 9, 33] [20, -16, 33, 17] [-5, -35, 12, -21] [9, -3, 9, -30] [15, 47, 27, 15] [-9, -16, 6, -17]
[5, -25, -11, -2] [11, 12, 11, -1] [2, 16, 12, 27] [-30, -28, 44, -42] [-42, -30, 6, -52] [-17, 43, 11, 16] [-3, 39, -2, 27]
[6, 10, -28, -11] [14, 14, 10, -55] [20, 15, 7, -22] [-4, 5, 30, -48] [53, 32, -6, -16] [23, 31, 19, 2] [18, -17, 29, -33]
------------------------------
ALIVE
Head: (5 37)
Body: (5 37) (5 36) (4 36) (4 35) (3 35) (3 36) (2 36) (1 36) (25 36) (24 36) (24 37) (23 37) (23 36) (22 36) (22 35) 
Length: 15, 4
Vision: 3
Hungry, suplies: 5/10
Reproductive: 16, mutating: 0.25
Generation: 44288
####################################
Wall (up, right, down, left):
[6, 0, -7, -16] [-3, 4, 8, 2] [-27, -1, 9, -11] [-1, 0, 21, 16] [-13, 5, 26, -2] [20, -5, -2, -1] [-2, -20, -12, -15]
[-38, -23, 18, -21] [5, 10, -6, -3] [-35, 4, 2, -2] [-34, 9, 16, 11] [34, 17, 9, -3] [-36, -26, 4, 2] [-13, 5, -12, 6]
[-15, 1, 23, 2] [-2, 23, -11, 2] [-6, 2, 48, -11] [-81, 27, 46, 19] [-40, -45, -14, 45] [-13, -16, 1, 4] [-25, -21, -21, -2]
[2, 45, -5, -44] [24, 1, 18, -23] [-12, 41, -3, -102] [0, 0, 0, 0] [44, -103, 34, 8] [20, -2, -6, 19] [6, -4, 11, 3]
[-11, -32, -9, 2] [18, -3, -15, -4] [5, -11, -47, -42] [49, 18, -96, 14] [7, -12, -32, 25] [-1, 13, 4, 25] [-38, -67, -14, 24]
[23, 16, 5, -4] [-14, 6, -16, -3] [26, -9, 24, -15] [-5, 13, -23, 13] [16, -1, -27, -5] [7, -7, -24, 9] [37, -2, 23, 7]
[-15, -5, 6, -6] [-6, -17, -51, -6] [-9, 6, 24, -2] [-2, 8, -42, -12] [42, 23, -3, 31] [43, -22, -42, 21] [-14, 12, 12, -2]
Food (up, right, down, left):
[7, 19, 6, 13] [-9, 23, 7, -17] [26, -9, 19, 10] [-21, -20, 46, 24] [-7, 5, 38, -14] [-7, -23, -14, -28] [-37, 22, 1, -17]
[-67, -6, -22, -20] [0, 2, -24, -4] [5, 11, 28, 32] [-12, 31, -48, 18] [30, -1, -3, -39] [40, 9, -47, 19] [17, 5, 35, 23]
[-19, -2, 32, -49] [6, 2, -11, 29] [-61, -23, -27, 31] [42, -38, 36, 9] [-1, -9, -22, -27] [2, 17, -46, -29] [41, 35, 3, 27]
[13, 30, 11, 52] [-11, -5, -27, 39] [7, 2, -32, -17] [0, 0, 0, 0] [-19, 62, -33, -8] [-4, -21, -31, -5] [-11, 46, -26, 26]
[-5, 15, -15, 16] [12, 27, 9, 33] [20, -17, 33, 17] [-5, -35, 12, -21] [9, -3, 9, -30] [15, 47, 27, 15] [-9, -16, 6, -17]
[5, -25, -11, -2] [11, 12, 11, -1] [2, 16, 12, 27] [-30, -28, 44, -42] [-42, -30, 6, -52] [-17, 43, 11, 16] [-3, 39, -2, 27]
[6, 10, -28, -11] [14, 14, 10, -55] [20, 15, 7, -22] [-4, 5, 30, -48] [53, 32, -6, -16] [23, 31, 21, 2] [18, -17, 29, -33]
------------------------------
ALIVE
Head: (20 50)
Body: (20 50) (19 50) (18 50) (17 50) (17 49) (16 49) (15 49) (14 49) (13 49) (12 49) (12 50) (12 51) (12 52) (13 52) 
Length: 14, 4
Vision: 3
Hungry, suplies: 7/10
Reproductive: 16, mutating: 0.25
Generation: 44293
####################################
Wall (up, right, down, left):
[6, 0, -7, -16] [-3, 4, 8, 2] [-27, -1, 9, -11] [-1, 0, 21, 16] [-13, 5, 26, -2] [20, -5, -2, -1] [-2, -20, -12, -15]
[-38, -23, 18, -21] [5, 10, -6, -3] [-35, 4, 2, -2] [-34, 9, 16, 11] [34, 17, 9, -3] [-36, -26, 2, 2] [-13, 5, -12, 6]
[-15, 1, 23, 2] [-2, 23, -11, 2] [-6, 2, 48, -11] [-81, 27, 46, 19] [-40, -45, -14, 45] [-13, -16, 1, 4] [-25, -21, -21, -2]
[2, 45, -5, -44] [24, 1, 18, -23] [-12, 39, -3, -102] [0, 0, 0, 0] [44, -103, 34, 8] [20, -2, -6, 19] [6, -4, 11, 3]
[-11, -32, -9, 2] [18, -3, -15, -4] [5, -11, -47, -42] [49, 18, -96, 14] [7, -12, -32, 25] [-1, 13, 4, 25] [-38, -67, -10, 24]
[23, 16, 5, -4] [-14, 6, -16, -3] [26, -9, 24, -15] [-5, 13, -23, 13] [16, -1, -27, -5] [7, -7, -24, 9] [37, -2, 23, 7]
[-15, -5, 6, -6] [-6, -17, -51, -6] [-9, 6, 24, -2] [-2, 8, -42, -12] [42, 23, -3, 31] [43, -22, -42, 21] [-14, 12, 12, -2]
Food (up, right, down, left):
[7, 19, 6, 13] [-9, 23, 7, -17] [26, -9, 19, 10] [-21, -20, 46, 24] [-7, 5, 38, -14] [-7, -23, -14, -28] [-37, 22, 1, -17]
[-67, -6, -22, -20] [0, 2, -24, -4] [5, 11, 28, 32] [-12, 31, -48, 18] [30, -1, -3, -39] [40, 4, -47, 19] [17, 5, 35, 23]
[-19, -2, 32, -49] [6, 2, -11, 29] [-61, -23, -27, 31] [42, -38, 36, 9] [-1, -9, -22, -27] [2, 17, -46, -29] [41, 35, 3, 27]
[13, 30, 11, 52] [-11, -5, -27, 39] [7, 2, -34, -17] [0, 0, 0, 0] [-19, 62, -33, -8] [-4, -21, -31, -5] [-11, 46, -26, 26]
[-5, 15, -15, 16] [12, 27, 9, 33] [20, -17, 33, 17] [-5, -35, 12, -21] [9, -3, 9, -30] [15, 47, 27, 15] [-9, -16, 4, -17]
[5, -25, -11, -2] [11, 12, 11, -1] [2, 16, 12, 27] [-30, -28, 44, -42] [-42, -30, 6, -52] [-17, 43, 11, 16] [-3, 39, -2, 27]
[6, 10, -28, -11] [14, 14, 10, -55] [20, 15, 7, -22] [-4, 5, 30, -48] [53, 32, -6, -16] [23, 31, 21, 2] [18, -17, 29, -33]
------------------------------
ALIVE
Head: (6 4)
Body: (6 4) (6 3) (6 2) (5 2) (4 2) (4 1) (3 1) (2 1) (1 1) (1 57) (1 56) (1 55) (0 55) 
Length: 13, 4
Vision: 3
Hungry, suplies: 8/10
Reproductive: 16, mutating: 0.25
Generation: 44294
####################################
Wall (up, right, down, left):
[6, 0, -7, -16] [-3, 4, 8, 2] [-27, -1, 9, -11] [-1, 0, 20, 16] [-18, 5, 26, -2] [20, -5, -2, -1] [-2, -20, -12, -15]
[-38, -23, 18, -21] [0, 15, -6, -3] [-35, 4, 2, -2] [-34, 9, 16, 11] [34, 17, 9, -3] [-36, -26, 2, 2] [-13, 5, -12, 6]
[-15, 1, 23, 2] [-2, 23, -11, 2] [-6, 2, 48, -11] [-81, 27, 46, 19] [-40, -45, -14, 40] [-13, -16, 1, 4] [-25, -21, -21, -2]
[2, 45, -5, -44] [24, 1, 18, -23] [-12, 39, -3, -102] [0, 0, 0, 0] [44, -98, 34, 8] [20, -7, -6, 19] [6, -4, 10, 3]
[-11, -32, -9, 2] [18, -3, -15, -4] [5, -11, -47, -42] [49, 18, -96, 14] [7, -12, -32, 25] [-1, 13, 4, 25] [-38, -67, -14, 24]
[23, 16, 5, -4] [-14, 6, -16, -3] [26, -9, 24, -15] [-5, 13, -23, 13] [16, -1, -27, -5] [5, -7, -24, 9] [37, -2, 23, 7]
[-11, -5, 6, -6] [-6, -17, -51, -6] [-9, 6, 24, -2] [-2, 5, -42, -12] [42, 23, -3, 31] [43, -22, -42, 21] [-14, 8, 12, -2]
Food (up, right, down, left):
[7, 19, 6, 13] [-9, 23, 7, -17] [26, -9, 19, 10] [-21, -17, 46, 24] [-9, 5, 38, -14] [-7, -23, -14, -28] [-37, 22, 1, -17]
[-67, -6, -22, -20] [0, 2, -24, -10] [5, 11, 28, 32] [-12, 31, -48, 18] [30, -1, -3, -39] [40, 4, -47, 19] [17, 5, 35, 23]
[-19, -2, 32, -49] [6, 2, -11, 29] [-61, -23, -27, 31] [42, -38, 36, 9] [-1, -9, -22, -23] [2, 17, -46, -29] [41, 35, 3, 27]
[13, 30, 11, 52] [-11, -5, -27, 39] [7, 2, -34, -17] [0, 0, 0, 0] [-14, 62, -33, -8] [-4, -21, -30, -5] [-11, 46, -26, 27]
[-5, 15, -15, 16] [12, 27, 9, 33] [20, -17, 33, 17] [-5, -35, 12, -21] [9, -3, 9, -30] [15, 47, 27, 15] [-9, -16, 6, -17]
[5, -25, -11, -2] [11, 12, 11, -1] [2, 16, 12, 27] [-30, -28, 44, -42] [-42, -30, 6, -52] [-17, 43, 11, 16] [-3, 39, -2, 27]
[3, 10, -23, -11] [14, 14, 10, -55] [20, 15, 7, -22] [-4, 5, 30, -52] [53, 32, -6, -16] [23, 31, 21, 2] [14, -17, 29, -33]
------------------------------
ALIVE
Head: (3 15)
Body: (3 15) (4 15) (4 16) (4 17) (4 18) (4 19) (3 19) (3 20) (3 21) (4 21) (4 22) (5 22) 
Length: 12, 4
Vision: 3
Hungry, suplies: 8/10
Reproductive: 16, mutating: 0.25
Generation: 44295
####################################
Wall (up, right, down, left):
[6, 0, -7, -16] [-3, 4, 8, 2] [-27, -1, 9, -11] [-1, 0, 21, 16] [-18, 5, 26, -2] [20, -5, -2, -1] [-2, -20, -12, -15]
[-38, -23, 18, -21] [5, 15, -6, -3] [-35, 4, 2, -2] [-34, 9, 16, 11] [34, 17, 9, -3] [-36, -26, 2, 2] [-13, 5, -12, 6]
[-15, 1, 23, 2] [-2, 23, -11, 2] [-6, 2, 48, -11] [-81, 27, 46, 19] [-40, -45, -14, 40] [-13, -16, 1, 4] [-25, -21, -21, -2]
[2, 45, -5, -44] [24, 1, 18, -23] [-12, 39, -3, -102] [0, 0, 0, 0] [44, -103, 34, 8] [20, -2, -6, 19] [6, -4, 11, 3]
[-11, -32, -9, 2] [18, -3, -15, -4] [5, -11, -47, -42] [49, 18, -96, 14] [7, -12, -32, 25] [-1, 11, 4, 25] [-38, -67, -14, 24]
[23, 16, 5, -4] [-14, 6, -16, -3] [26, -9, 24, -15] [-5, 13, -23, 13] [16, -1, -27, -5] [7, -7, -24, 9] [37, -2, 23, 7]
[-15, -5, 6, -6] [-6, -17, -51, -6] [-9, 6, 24, -2] [-2, 8, -42, -12] [42, 23, -3, 31] [44, -22, -42, 21] [-14, 12, 12, -2]
Food (up, right, down, left):
[7, 19, 6, 13] [-9, 23, 7, -17] [26, -9, 19, 10] [-21, -20, 46, 24] [-2, 5, 38, -14] [-7, -23, -14, -28] [-37, 22, 1, -17]
[-67, -6, -22, -20] [0, 2, -24, -5] [5, 11, 28, 32] [-12, 31, -48, 18] [30, -1, -3, -39] [40, 4, -47, 19] [17, 5, 35, 23]
[-19, -2, 32, -49] [6, 2, -11, 29] [-61, -23, -27, 31] [42, -38, 36, 9] [-1, -9, -22, -23] [2, 17, -46, -29] [41, 35, 3, 27]
[13, 30, 11, 52] [-11, -5, -27, 39] [7, 2, -34, -17] [0, 0, 0, 0] [-19, 62, -33, -8] [-4, -21, -31, -5] [-11, 46, -26, 26]
[-5, 15, -15, 16] [12, 27, 9, 33] [20, -17, 33, 17] [-5, -35, 12, -21] [9, -3, 9, -30] [15, 47, 27, 12] [-9, -16, 6, -17]
[5, -25, -11, -2] [11, 12, 11, -1] [2, 16, 12, 27] [-30, -28, 44, -42] [-42, -30, 6, -52] [-17, 43, 11, 16] [-3, 39, -2, 27]
[6, 10, -28, -11] [14, 14, 10, -55] [20, 15, 7, -22] [-4, 5, 30, -48] [53, 32, -6, -16] [23, 31, 19, 2] [18, -17, 29, -33]
------------------------------
ALIVE
Head: (7 8)
Body: (7 8) (7 9) (8 9) (8 10) (8 11) (8 12) (9 12) (10 12) (10 13) (11 13) (12 13) (13 13) (14 13) 
Length: 13, 4
Vision: 3
Hungry, suplies: 4/10
Reproductive: 16, mutating: 0.25
Generation: 44290
####################################
Wall (up, right, down, left):
[6, 0, -7, -16] [-3, 4, 8, 2] [-27, -1, 9, -11] [-1, 0, 21, 16] [-13, 5, 26, -2] [20, -5, -2, -1] [-2, -20, -12, -15]
[-38, -23, 18, -21] [5, 10, -6, -3] [-35, 4, 2, -2] [-34, 9, 16, 11] [34, 17, 9, -3] [-36, -26, 2, 2] [-13, 5, -12, 6]
[-15, 1, 23, 2] [-2, 23, -11, 2] [-6, 2, 48, -11] [-81, 27, 46, 19] [-40, -45, -14, 45] [-13, -16, 1, 4] [-25, -21, -19, -2]
[2, 45, -5, -44] [24, 1, 18, -23] [-12, 39, -3, -102] [0, 0, 0, 0] [44, -103, 34, 8] [20, -2, -6, 19] [6, -4, 11, 6]
[-11, -32, -9, 2] [18, -3, -15, -4] [5, -11, -47, -42] [49, 18, -96, 14] [7, -12, -32, 25] [-1, 13, 4, 25] [-38, -67, -14, 24]
[21, 16, 5, -4] [-14, 6, -16, -3] [26, -9, 24, -15] [-5, 13, -23, 13] [16, -1, -27, -5] [7, -7, -24, 9] [37, -2, 23, 7]
[-15, -5, 6, -6] [-6, -17, -51, -6] [-9, 6, 24, -2] [-2, 8, -42, -12] [42, 23, -3, 31] [43, -22, -42, 21] [-14, 12, 12, -2]
Food (up, right, down, left):
[7, 19, 6, 13] [-9, 23, 7, -17] [26, -9, 19, 10] [-21, -20, 46, 24] [-7, 5, 38, -14] [-7, -23, -14, -28] [-37, 22, 1, -17]
[-67, -6, -22, -20] [0, 2, -24, -4] [5, 11, 28, 32] [-12, 31, -48, 18] [30, -1, -3, -39] [40, 4, -47, 19] [17, 5, 35, 23]
[-19, -2, 32, -49] [6, 2, -11, 29] [-61, -23, -27, 31] [42, -38, 36, 9] [-1, -9, -22, -27] [2, 17, -46, -29] [45, 35, 3, 27]
[13, 30, 11, 52] [-11, -5, -27, 39] [7, 2, -34, -17] [0, 0, 0, 0] [-19, 62, -33, -8] [-4, -21, -31, -5] [-11, 46, -26, 30]
[-5, 15, -15, 16] [12, 27, 9, 33] [20, -17, 33, 17] [-5, -35, 12, -21] [9, -3, 9, -30] [15, 47, 27, 15] [-9, -16, 6, -17]
[5, -25, -11, 1] [11, 12, 11, -1] [2, 16, 12, 27] [-30, -28, 44, -42] [-42, -30, 6, -52] [-17, 43, 11, 16] [-3, 39, -2, 27]
[6, 10, -28, -11] [14, 14, 10, -55] [20, 15, 7, -22] [-4, 5, 30, -48] [53, 32, -6, -16] [23, 31, 21, 2] [18, -17, 29, -33]
------------------------------
ALIVE
Head: (12 30)
Body: (12 30) (12 31) (12 32) (13 32) (14 32) (15 32) (16 32) (16 31) 
Length: 8, 4
Vision: 3
Hungry, suplies: 4/10
Reproductive: 16, mutating: 0.25
Generation: 44297
####################################
Wall (up, right, down, left):
[6, 0, -7, -16] [-3, 4, 8, 2] [-27, -1, 9, -11] [-1, 0, 21, 16] [-18, 5, 26, -2] [20, -5, -2, -1] [-2, -20, -12, -15]
[-38, -23, 18, -21] [0, 15, -6, -3] [-35, 4, 2, -2] [-34, 9, 16, 11] [34, 17, 9, -3] [-36, -25, 2, 1] [-13, 5, -12, 6]
[-15, 1, 23, 2] [-2, 23, -11, 2] [-6, 2, 48, -11] [-81, 27, 46, 19] [-40, -45, -14, 40] [-13, -16, 1, 4] [-25, -21, -21, -2]
[2, 45, -5, -44] [24, 1, 18, -23] [-12, 39, -3, -102] [0, 0, 0, 0] [44, -103, 34, 8] [20, -7, -6, 19] [6, -4, 10, 3]
[-11, -32, -9, 2] [18, -3, -15, -4] [5, -11, -47, -42] [49, 18, -96, 14] [7, -12, -32, 25] [-1, 13, 4, 25] [-38, -67, -14, 24]
[23, 16, 5, -4] [-14, 6, -16, -3] [26, -9, 24, -15] [-5, 13, -23, 13] [16, -1, -27, -5] [5, -7, -24, 9] [37, -2, 23, 7]
[-15, -5, 6, -6] [-6, -17, -51, -6] [-9, 6, 24, -2] [-2, 5, -42, -12] [42, 23, -3, 31] [43, -22, -42, 21] [-14, 12, 12, -2]
Food (up, right, down, left):
[7, 19, 6, 13] [-9, 23, 7, -17] [26, -9, 19, 10] [-21, -20, 46, 24] [-9, 5, 38, -14] [-7, -23, -14, -28] [-37, 22, 1, -17]
[-67, -6, -22, -20] [0, 2, -24, -10] [5, 11, 28, 32] [-12, 31, -48, 18] [30, -1, -3, -39] [40, -1, -47, 18] [17, 5, 35, 23]
[-19, -2, 32, -49] [6, 2, -11, 29] [-61, -23, -27, 31] [42, -38, 36, 9] [-1, -9, -22, -23] [2, 17, -46, -29] [41, 35, 3, 27]
[13, 30, 11, 52] [-11, -5, -27, 39] [7, 2, -34, -17] [0, 0, 0, 0] [-19, 62, -33, -8] [-4, -21, -30, -5] [-11, 46, -26, 27]
[-5, 15, -15, 16] [12, 27, 9, 33] [20, -17, 33, 17] [-5, -35, 12, -21] [9, -3, 9, -30] [15, 47, 27, 15] [-9, -16, 6, -17]
[5, -25, -11, -2] [11, 12, 11, -1] [2, 16, 12, 27] [-30, -28, 44, -42] [-42, -30, 6, -52] [-17, 43, 11, 16] [-3, 39, -2, 27]
[6, 10, -23, -11] [14, 14, 10, -55] [20, 15, 7, -22] [-4, 5, 30, -52] [53, 32, -6, -16] [23, 31, 21, 2] [18, -17, 29, -33]
------------------------------
DEAD: Wall
Head: (4 4)
Body: (4 4) (3 4) (3 5) (4 5) (4 6) (3 6) (3 7) (3 8) (2 8) (1 8) (1 7) (1 6) (1 5) 
Length: 13, 4
Vision: 3
Hungry, suplies: 4/10
Reproductive: 16, mutating: 0.25
Generation: 44297
####################################
Wall (up, right, down, left):
[6, 0, -7, -19] [-3, 4, 8, 2] [-27, -1, 9, -11] [-1, 0, 21, 16] [-13, 5, 26, -2] [20, -5, -2, -1] [-2, -20, -12, -15]
[-38, -23, 18, -21] [5, 15, -6, -3] [-35, 4, 2, -2] [-34, 9, 16, 11] [34, 17, 9, -3] [-36, -26, 2, 2] [-13, 5, -12, 6]
[-15, 1, 23, 2] [-2, 23, -11, 2] [-6, 2, 48, -11] [-81, 27, 51, 19] [-40, -45, -14, 40] [-13, -16, 1, 4] [-25, -21, -21, -2]
[2, 45, -5, -44] [24, 1, 18, -23] [-12, 39, -3, -102] [0, 0, 0, 0] [44, -103, 34, 8] [20, -2, -6, 19] [1, -4, 10, 5]
[-11, -32, -9, 2] [18, -3, -15, -4] [5, -11, -47, -42] [49, 18, -96, 14] [7, -12, -32, 25] [-1, 13, 4, 25] [-38, -67, -14, 24]
[23, 16, 5, -4] [-14, 6, -16, -3] [26, -9, 24, -15] [-5, 13, -23, 13] [16, -1, -28, -5] [7, -7, -24, 9] [37, -2, 23, 7]
[-15, -5, 6, -6] [-6, -17, -51, -6] [-9, 6, 24, -2] [-2, 8, -42, -12] [42, 23, -3, 31] [43, -22, -42, 21] [-14, 12, 12, -2]
Food (up, right, down, left):
[7, 19, 8, 13] [-9, 23, 7, -17] [26, -9, 19, 10] [-21, -20, 46, 20] [-7, 5, 38, -14] [-7, -23, -14, -28] [-37, 22, 1, -17]
[-67, -6, -22, -20] [0, 2, -24, -5] [5, 11, 28, 32] [-12, 31, -48, 18] [30, -1, -3, -39] [40, 4, -47, 19] [17, 5, 35, 23]
[-19, -2, 32, -49] [6, 2, -11, 29] [-61, -23, -27, 31] [42, -33, 36, 9] [-1, -9, -22, -23] [2, 17, -46, -29] [41, 35, 3, 27]
[13, 30, 11, 52] [-11, -5, -27, 39] [7, 2, -34, -17] [0, 0, 0, 0] [-19, 62, -33, -8] [-4, -21, -31, -5] [-10, 49, -26, 27]
[-5, 15, -15, 16] [12, 27, 9, 33] [20, -17, 33, 17] [-5, -35, 12, -21] [9, -3, 9, -30] [15, 47, 27, 15] [-9, -16, 6, -17]
[5, -25, -11, -2] [11, 12, 11, -1] [2, 16, 12, 27] [-30, -28, 44, -42] [-42, -30, 4, -47] [-17, 43, 11, 16] [-3, 39, -2, 27]
[6, 10, -28, -11] [14, 14, 10, -55] [20, 15, 7, -22] [-4, 5, 30, -48] [53, 32, -6, -16] [23, 31, 21, 2] [18, -17, 29, -33]
------------------------------
ALIVE
Head: (8 29)
Body: (8 29) (7 29) (6 29) (6 28) (6 27) (6 26) (7 26) (8 26) (9 26) (9 27) (9 28) (10 28) (10 27) (10 26) 
Length: 14, 4
Vision: 3
Hungry, suplies: 3/10
Reproductive: 16, mutating: 0.25
Generation: 44291
####################################
Wall (up, right, down, left):
[6, 0, -7, -16] [-3, 4, 8, 2] [-27, -1, 9, -11] [-1, 0, 20, 16] [-18, 5, 26, -2] [20, -5, -2, -1] [-2, -20, -12, -15]
[-38, -23, 18, -21] [0, 15, -6, -3] [-35, 4, 2, -2] [-34, 9, 16, 11] [34, 17, 9, -3] [-36, -25, 2, 2] [-13, 5, -12, 6]
[-15, 1, 23, 2] [-2, 23, -11, 2] [-6, 2, 48, -11] [-81, 27, 46, 19] [-40, -45, -14, 40] [-13, -16, 1, 4] [-25, -21, -21, -2]
[2, 45, -5, -44] [24, 1, 18, -23] [-12, 39, -3, -102] [0, 0, 0, 0] [44, -103, 34, 8] [20, -7, -6, 19] [6, -4, 10, 3]
[-11, -32, -9, 2] [18, -3, -15, -4] [5, -11, -47, -42] [49, 18, -96, 14] [7, -12, -32, 25] [-1, 13, 4, 25] [-38, -67, -14, 24]
[23, 16, 5, -4] [-14, 6, -16, -3] [26, -9, 24, -15] [-5, 13, -23, 13] [16, -1, -27, -5] [5, -7, -24, 9] [37, -2, 23, 7]
[-11, -5, 6, -6] [-6, -17, -51, -6] [-9, 6, 24, -2] [-2, 5, -42, -12] [42, 23, -3, 31] [43, -22, -42, 21] [-14, 8, 12, -2]
Food (up, right, down, left):
[7, 19, 6, 13] [-9, 23, 7, -17] [26, -9, 19, 10] [-21, -17, 46, 24] [-9, 5, 38, -14] [-7, -23, -14, -28] [-37, 22, 1, -17]
[-67, -6, -22, -20] [0, 2, -24, -10] [5, 11, 28, 32] [-12, 31, -48, 18] [30, -1, -3, -39] [44, 4, -47, 19] [17, 5, 35, 23]
[-19, -2, 32, -49] [6, 2, -11, 29] [-61, -23, -27, 31] [42, -38, 36, 9] [-1, -9, -22, -23] [2, 17, -46, -29] [41, 35, 3, 27]
[13, 30, 11, 52] [-11, -5, -27, 39] [7, 2, -34, -17] [0, 0, 0, 0] [-19, 62, -33, -8] [-4, -21, -30, -5] [-11, 46, -26, 27]
[-5, 15, -15, 16] [12, 27, 9, 33] [20, -17, 33, 17] [-5, -35, 12, -21] [9, -3, 9, -30] [15, 47, 27, 15] [-9, -16, 6, -17]
[5, -25, -11, -2] [11, 12, 11, -1] [2, 16, 12, 27] [-30, -28, 44, -42] [-42, -30, 6, -52] [-17, 43, 11, 16] [-3, 39, -2, 27]
[3, 10, -23, -11] [14, 14, 10, -55] [20, 15, 7, -22] [-4, 5, 30, -52] [53, 32, -6, -16] [23, 31, 21, 2] [14, -17, 29, -33]
------------------------------
ALIVE
Head: (5 33)
Body: (5 33) (6 33) (7 33) (8 33) (8 34) (8 35) (9 35) (10 35) (10 34) (10 33) 
Length: 10, 4
Vision: 3
Hungry, suplies: 10/10
Reproductive: 16, mutating: 0.25
Generation: 44294
####################################
Wall (up, right, down, left):
[6, 0, -7, -16] [-3, 4, 8, 2] [-27, -1, 9, -11] [-1, 0, 21, 16] [-13, 5, 26, -2] [20, -5, -2, -1] [-2, -20, -12, -15]
[-38, -23, 18, -21] [5, 15, -6, -3] [-35, 4, 2, -2] [-34, 9, 16, 11] [34, 17, 9, -3] [-36, -26, 2, 2] [-13, 5, -12, 6]
[-15, 1, 23, 2] [-2, 23, -11, 2] [-6, 2, 48, -11] [-81, 27, 46, 19] [-40, -45, -14, 40] [-13, -16, 1, 4] [-25, -21, -21, -2]
[2, 45, -5, -44] [24, 1, 18, -23] [-12, 39, -3, -102] [0, 0, 0, 0] [44, -103, 34, 8] [20, -2, -6, 19] [6, -4, 11, 3]
[-11, -32, -9, 2] [18, -3, -15, -4] [5, -11, -47, -42] [49, 18, -96, 14] [7, -12, -32, 25] [-1, 13, 4, 25] [-38, -67, -14, 24]
[23, 16, 5, -4] [-14, 6, -16, -3] [26, -9, 24, -15] [-5, 13, -23, 13] [16, -1, -27, -5] [7, -7, -24, 9] [37, -2, 23, 7]
[-15, -5, 6, -6] [-6, -17, -51, -6] [-9, 6, 24, -2] [-2, 8, -42, -12] [42, 23, -3, 31] [44, -22, -42, 21] [-14, 12, 12, -2]
Food (up, right, down, left):
[7, 19, 6, 13] [-9, 23, 7, -17] [26, -9, 19, 10] [-21, -20, 46, 24] [-7, 5, 38, -14] [-7, -23, -14, -28] [-37, 22, 1, -17]
[-67, -6, -22, -20] [0, 2, -24, -5] [5, 11, 28, 32] [-12, 31, -48, 18] [30, -1, -3, -39] [40, 4, -47, 19] [17, 5, 35, 23]
[-19, -2, 32, -49] [6, 2, -11, 29] [-61, -23, -27, 31] [42, -38, 36, 9] [-1, -9, -22, -23] [2, 17, -46, -29] [41, 35, 3, 27]
[13, 30, 11, 52] [-11, -5, -27, 39] [7, 2, -34, -17] [0, 0, 0, 0] [-19, 62, -33, -8] [-4, -21, -31, -5] [-11, 46, -26, 26]
[-5, 15, -15, 16] [12, 27, 9, 33] [20, -17, 33, 17] [-5, -35, 12, -21] [9, -3, 9, -30] [15, 47, 27, 15] [-9, -16, 6, -17]
[5, -25, -11, -2] [11, 12, 11, -1] [2, 16, 12, 27] [-30, -28, 44, -42] [-42, -30, 6, -52] [-17, 43, 11, 16] [-3, 39, -2, 27]
[6, 10, -28, -11] [14, 14, 10, -55] [20, 15, 7, -22] [-4, 5, 30, -48] [53, 32, -6, -16] [23, 31, 19, 2] [18, -17, 29, -33]
------------------------------
ALIVE
Head: (8 1)
Body: (8 1) (8 57) (8 56) (8 55) (8 54) (8 53) (8 52) (8 51) (8 50) (9 50) 
Length: 10, 4
Vision: 3
Hungry, suplies: 10/10
Reproductive: 16, mutating: 0.25
Generation: 44291
####################################
Wall (up, right, down, left):
[6, 0, -7, -16] [-3, 4, 8, 2] [-27, -1, 9, -11] [-1, 0, 21, 16] [-18, 5, 26, -2] [20, -5, -2, -1] [-2, -20, -12, -15]
[-38, -23, 18, -21] [5, 15, -6, -3] [-35, 4, 2, -2] [-34, 9, 16, 11] [34, 17, 9, -3] [-36, -26, 2, 2] [-13, 5, -12, 6]
[-15, 1, 23, 2] [-2, 23, -11, 2] [-6, 2, 48, -11] [-81, 27, 46, 19] [-40, -45, -14, 40] [-13, -16, 1, 4] [-25, -21, -21, -2]
[2, 45, -5, -44] [24, 1, 18, -23] [-12, 39, -3, -102] [0, 0, 0, 0] [44, -103, 34, 8] [20, -2, -6, 19] [6, -4, 11, 3]
[-11, -32, -9, 2] [18, -3, -15, -4] [5, -11, -47, -42] [49, 18, -96, 14] [7, -12, -32, 25] [-1, 11, 4, 25] [-38, -67, -14, 24]
[23, 16, 5, -4] [-14, 6, -16, -3] [26, -9, 24, -15] [-5, 13, -23, 13] [16, -1, -27, -5] [7, -7, -24, 9] [37, -2, 23, 7]
[-15, -5, 6, -6] [-6, -17, -51, -6] [-9, 6, 24, -2] [-2, 8, -42, -12] [42, 27, -3, 31] [44, -22, -42, 21] [-14, 12, 12, -2]
Food (up, right, down, left):
[7, 19, 6, 13] [-9, 23, 7, -17] [26, -9, 19, 10] [-21, -20, 46, 24] [-2, 5, 38, -14] [-7, -23, -14, -28] [-37, 22, 1, -17]
[-67, -6, -22, -20] [0, 2, -24, -5] [5, 11, 28, 32] [-12, 31, -48, 18] [30, -1, -3, -39] [40, 4, -47, 19] [17, 5, 35, 23]
[-19, -2, 32, -49] [6, 2, -11, 29] [-61, -23, -27, 31] [42, -38, 36, 9] [-1, -9, -22, -23] [2, 17, -46, -29] [41, 35, 3, 27]
[13, 30, 11, 52] [-11, -5, -27, 39] [7, 2, -34, -17] [0, 0, 0, 0] [-19, 62, -33, -8] [-4, -21, -31, -5] [-11, 46, -26, 26]
[-5, 15, -15, 16] [12, 27, 9, 33] [20, -17, 33, 17] [-5, -35, 12, -21] [9, -3, 9, -30] [15, 47, 27, 12] [-9, -16, 6, -17]
[5, -25, -11, -2] [11, 12, 11, -1] [2, 16, 12, 27] [-30, -28, 44, -42] [-42, -30, 6, -52] [-17, 43, 11, 16] [-3, 39, -2, 27]
[6, 10, -28, -11] [14, 14, 10, -55] [20, 15, 7, -22] [-4, 5, 30, -48] [48, 32, -6, -16] [23, 31, 19, 2] [18, -17, 29, -33]
------------------------------
ALIVE
Head: (23 10)
Body: (23 10) (22 10) (21 10) (21 11) (20 11) (20 12) (19 12) (18 12) (17 12) (16 12) 
Length: 10, 4
Vision: 3
Hungry, suplies: 8/10
Reproductive: 16, mutating: 0.25
Generation: 44290
####################################
Wall (up, right, down, left):
[6, 0, -7, -16] [-3, 4, 8, 2] [-27, -1, 9, -11] [-1, 0, 21, 16] [-13, 5, 26, -2] [20, -5, -2, -1] [-2, -20, -12, -15]
[-38, -23, 18, -21] [5, 10, -6, -3] [-35, 4, 2, -2] [-34, 9, 16, 11] [34, 17, 9, -3] [-36, -26, 4, 2] [-13, 5, -12, 6]
[-15, 1, 23, 2] [-2, 23, -11, 2] [-6, 2, 48, -11] [-81, 27, 46, 19] [-40, -45, -14, 45] [-13, -16, 1, 4] [-25, -21, -21, -2]
[2, 45, -5, -44] [24, 1, 18, -23] [-12, 41, -3, -102] [0, 0, 0, 0] [44, -103, 34, 8] [20, -2, -6, 19] [6, -4, 11, 3]
[-11, -32, -9, 2] [18, -3, -15, -4] [5, -11, -47, -42] [49, 18, -96, 14] [7, -12, -32, 25] [-1, 13, 4, 25] [-38, -67, -14, 24]
[23, 16, 5, -4] [-14, 6, -16, -3] [26, -9, 24, -15] [-5, 13, -23, 13] [16, -1, -27, -5] [7, -7, -24, 9] [37, -2, 23, 7]
[-15, -5, 6, -6] [-6, -17, -51, -6] [-9, 6, 24, -2] [-2, 8, -42, -12] [42, 23, -3, 31] [43, -22, -42, 21] [-14, 12, 12, -2]
Food (up, right, down, left):
[7, 19, 6, 13] [-9, 23, 7, -17] [26, -9, 19, 10] [-21, -20, 46, 24] [-7, 5, 38, -14] [-7, -23, -14, -28] [-37, 22, 1, -17]
[-67, -6, -22, -20] [0, 2, -24, -4] [5, 11, 28, 32] [-12, 31, -48, 18] [30, -1, -3, -39] [40, 9, -47, 19] [17, 5, 35, 23]
[-19, -2, 32, -49] [6, 2, -11, 29] [-61, -23, -27, 31] [42, -38, 36, 9] [-1, -9, -22, -27] [2, 17, -46, -29] [41, 35, 3, 27]
[13, 30, 11, 52] [-11, -5, -27, 39] [7, 2, -32, -17] [0, 0, 0, 0] [-19, 62, -33, -8] [-4, -21, -31, -5] [-11, 46, -26, 26]
[-5, 15, -15, 16] [12, 27, 9, 33] [20, -17, 33, 17] [-5, -35, 12, -21] [9, -3, 9, -30] [15, 47, 27, 15] [-9, -16, 6, -17]
[5, -25, -11, -2] [11, 12, 11, -1] [2, 16, 12, 27] [-30, -28, 44, -42] [-42, -30, 6, -52] [-17, 43, 11, 16] [-3, 39, -2, 27]
[6, 10, -28, -11] [14, 14, 10, -55] [20, 15, 7, -22] [-4, 5, 30, -48] [53, 32, -6, -16] [23, 31, 21, 2] [18, -17, 29, -33]
------------------------------
ALIVE
Head: (12 37)
Body: (12 37) (13 37) (14 37) (14 36) (15 36) (15 37) (15 38) (14 38) 
Length: 8, 4
Vision: 3
Hungry, suplies: 10/10
Reproductive: 16, mutating: 0.25
Generation: 44293
####################################
Wall (up, right, down, left):
[6, 0, -7, -16] [-3, 4, 8, 2] [-27, -1, 9, -11] [-1, 0, 20, 16] [-18, 5, 26, -2] [20, -5, -2, -1] [-2, -20, -12, -15]
[-38, -23, 18, -21] [0, 15, -6, -3] [-35, 4, 2, -2] [-34, 9, 16, 11] [34, 17, 9, -3] [-36, -26, 2, 2] [-13, 5, -12, 6]
[-15, 1, 23, 2] [-2, 23, -11, 2] [-6, 2, 48, -11] [-81, 27, 46, 19] [-40, -45, -14, 40] [-13, -16, 1, 4] [-25, -21, -21, -2]
[2, 45, -5, -44] [24, 1, 18, -23] [-12, 39, -3, -102] [0, 0, 0, 0] [44, -98, 34, 8] [20, -7, -6, 19] [6, -4, 10, 3]
[-11, -32, -9, 2] [18, -3, -15, -4] [5, -11, -47, -42] [49, 18, -96, 14] [7, -12, -32, 25] [-1, 13, 4, 25] [-38, -70, -14, 24]
[23, 16, 5, -4] [-14, 6, -16, -3] [26, -9, 24, -15] [-5, 13, -23, 13] [16, -1, -27, -5] [5, -7, -24, 9] [37, -2, 23, 7]
[-11, -5, 6, -6] [-6, -17, -51, -6] [-9, 6, 24, -2] [-2, 5, -42, -12] [42, 23, -3, 31] [43, -22, -42, 21] [-14, 8, 12, -2]
Food (up, right, down, left):
[7, 19, 6, 13] [-9, 23, 7, -17] [26, -9, 19, 10] [-21, -17, 46, 24] [-9, 5, 38, -14] [-7, -23, -14, -28] [-37, 22, 1, -17]
[-67, -6, -22, -20] [0, 2, -24, -10] [5, 11, 28, 32] [-12, 31, -48, 18] [30, -1, -3, -39] [40, 4, -47, 19] [17, 5, 35, 23]
[-19, -2, 32, -49] [6, 2, -11, 29] [-61, -23, -27, 31] [42, -38, 36, 9] [-1, -9, -22, -23] [2, 17, -46, -29] [41, 35, 3, 27]
[13, 30, 11, 52] [-11, -5, -27, 39] [7, 2, -34, -17] [0, 0, 0, 0] [-14, 62, -33, -8] [-4, -21, -30, -5] [-11, 46, -26, 27]
[-5, 15, -15, 16] [12, 27, 9, 33] [20, -17, 33, 17] [-5, -35, 12, -21] [9, -3, 9, -30] [15, 47, 27, 15] [-11, -16, 6, -17]
[5, -25, -11, -2] [11, 12, 11, -1] [2, 16, 12, 27] [-30, -28, 44, -42] [-42, -30, 6, -52] [-17, 43, 11, 16] [-3, 39, -2, 27]
[3, 10, -23, -11] [14, 14, 10, -55] [20, 15, 7, -22] [-4, 5, 30, -52] [53, 32, -6, -16] [23, 31, 21, 2] [14, -17, 29, -33]
------------------------------
ALIVE
Head: (24 17)
Body: (24 17) (-1 16) (0 16) (1 16) (1 15) (1 14) (2 14) (2 13) (2 12) (1 12) (1 11) 
Length: 11, 4
Vision: 3
Hungry, suplies: 8/10
Reproductive: 16, mutating: 0.25
Generation: 44295
####################################
Wall (up, right, down, left):
[6, 0, -7, -16] [-3, 4, 8, 2] [-27, -1, 9, -11] [-1, 0, 21, 16] [-13, 5, 26, -2] [20, -5, -2, -1] [-2, -20, -12, -15]
[-38, -23, 18, -21] [5, 15, -6, -3] [-35, 4, 2, -2] [-34, 9, 16, 11] [34, 17, 9, -3] [-36, -26, 2, 2] [-13, 5, -12, 6]
[-15, 1, 23, 2] [-2, 23, -11, 2] [-6, 2, 48, -11] [-81, 27, 46, 19] [-40, -45, -14, 40] [-13, -16, 1, 4] [-25, -21, -21, -2]
[2, 45, -5, -44] [24, 1, 18, -23] [-12, 39, -3, -102] [0, 0, 0, 0] [44, -103, 34, 8] [20, -2, -6, 19] [6, -4, 11, 3]
[-11, -32, -9, 2] [18, -3, -15, -4] [5, -11, -47, -42] [49, 18, -96, 14] [7, -12, -32, 25] [-1, 13, 4, 25] [-38, -67, -14, 24]
[23, 16, 5, -4] [-14, 6, -16, -3] [26, -9, 24, -15] [-5, 13, -23, 13] [16, -1, -27, -5] [7, -7, -24, 9] [37, -2, 23, 7]
[-15, -5, 6, -6] [-6, -17, -51, -6] [-9, 6, 24, -2] [-2, 8, -42, -12] [42, 23, -3, 31] [44, -22, -42, 21] [-14, 12, 12, -2]
Food (up, right, down, left):
[7, 19, 6, 13] [-9, 23, 7, -17] [26, -9, 19, 10] [-21, -20, 46, 24] [-7, 5, 38, -14] [-7, -23, -14, -28] [-37, 22, 1, -17]
[-67, -6, -22, -20] [0, 2, -24, -5] [5, 11, 28, 32] [-12, 31, -48, 18] [30, -1, -3, -39] [40, 4, -47, 19] [17, 5, 35, 23]
[-19, -2, 32, -49] [6, 2, -11, 29] [-61, -23, -27, 31] [42, -38, 36, 9] [-1, -9, -22, -23] [2, 17, -46, -29] [41, 35, 3, 27]
[13, 30, 11, 52] [-11, -5, -27, 39] [7, 2, -34, -17] [0, 0, 0, 0] [-19, 62, -33, -8] [-4, -21, -31, -5] [-11, 46, -26, 26]
[-5, 15, -15, 16] [12, 27, 9, 33] [20, -17, 33, 17] [-5, -35, 12, -21] [9, -3, 9, -30] [15, 47, 27, 15] [-9, -16, 6, -17]
[5, -25, -11, -2] [11, 12, 11, -1] [2, 16, 12, 27] [-30, -28, 44, -42] [-42, -30, 6, -52] [-17, 43, 11, 16] [-3, 39, -2, 27]
[6, 10, -28, -11] [14, 14, 10, -55] [20, 15, 7, -22] [-4, 5, 30, -48] [53, 32, -6, -16] [23, 31, 19, 2] [18, -17, 29, -33]
------------------------------
ALIVE
Head: (9 32)
Body: (9 32) (10 32) (11 32) (11 33) (12 33) (13 33) (14 33) (15 33) 
Length: 8, 4
Vision: 3
Hungry, suplies: 3/10
Reproductive: 16, mutating: 0.25
Generation: 44292
####################################
Wall (up, right, down, left):
[6, 0, -7, -16] [-3, 4, 8, 2] [-27, -1, 9, -11] [-1, 0, 21, 16] [-13, 5, 26, -2] [20, -5, -2, -1] [-2, -20, -12, -15]
[-38, -23, 18, -21] [5, 10, -6, -3] [-35, 4, 2, -2] [-34, 9, 16, 11] [34, 17, 9, -3] [-36, -26, 2, 2] [-13, 5, -12, 6]
[-15, 1, 23, 2] [-2, 23, -11, 2] [-6, 2, 48, -11] [-81, 27, 46, 19] [-40, -45, -14, 45] [-13, -16, 1, 4] [-25, -21, -19, -2]
[2, 45, -5, -44] [24, 1, 18, -23] [-12, 39, -3, -102] [0, 0, 0, 0] [44, -103, 34, 8] [20, -2, -6, 19] [6, -4, 11, 6]
[-11, -32, -9, 2] [18, -3, -15, -4] [5, -11, -47, -42] [49, 18, -96, 14] [7, -12, -32, 25] [-1, 13, 4, 25] [-38, -67, -14, 24]
[21, 16, 5, -4] [-14, 6, -16, -3] [26, -9, 24, -15] [-5, 13, -23, 13] [16, -1, -27, -5] [7, -7, -24, 9] [37, -2, 23, 7]
[-15, -5, 6, -6] [-6, -17, -51, -6] [-9, 6, 24, -2] [-2, 8, -42, -12] [42, 23, -3, 31] [43, -22, -42, 21] [-14, 12, 12, -2]
Food (up, right, down, left):
[7, 19, 6, 13] [-9, 23, 7, -17] [26, -9, 19, 10] [-21, -20, 46, 24] [-7, 5, 38, -14] [-7, -23, -14, -28] [-37, 22, 1, -17]
[-67, -6, -22, -20] [0, 2, -24, -4] [5, 11, 28, 32] [-12, 31, -48, 18] [30, -1, -3, -39] [40, 4, -47, 19] [17, 5, 35, 23]
[-19, -2, 32, -49] [6, 2, -11, 29] [-61, -23, -27, 31] [42, -38, 36, 9] [-1, -9, -22, -27] [2, 17, -46, -29] [45, 35, 3, 27]
[13, 30, 11, 52] [-11, -5, -27, 39] [7, 2, -34, -17] [0, 0, 0, 0] [-19, 62, -33, -8] [-4, -21, -31, -5] [-11, 46, -26, 30]
[-5, 15, -15, 16] [12, 27, 9, 33] [20, -17, 33, 17] [-5, -35, 12, -21] [9, -3, 9, -30] [15, 47, 27, 15] [-9, -16, 6, -17]
[5, -25, -11, 1] [11, 12, 11, -1] [2, 16, 12, 27] [-30, -28, 44, -42] [-42, -30, 6, -52] [-17, 43, 11, 16] [-3, 39, -2, 27]
[6, 10, -28, -11] [14, 14, 10, -55] [20, 15, 7, -22] [-4, 5, 30, -48] [53, 32, -6, -16] [23, 31, 21, 2] [18, -17, 29, -33]
------------------------------
ALIVE
Head: (23 26)
Body: (23 26) (22 26) (22 25) (22 24) (21 24) (20 24) (20 23) (19 23) 
Length: 8, 4
Vision: 3
Hungry, suplies: 3/10
Reproductive: 16, mutating: 0.25
Generation: 44298
####################################
Wall (up, right, down, left):
[6, 0, -7, -16] [-3, 4, 8, 2] [-27, -1, 9, -11] [-1, 0, 21, 16] [-13, 5, 26, -2] [20, -5, -2, -1] [-2, -20, -12, -15]
[-38, -23, 18, -21] [5, 10, -6, -3] [-35, 4, 2, -2] [-34, 9, 16, 11] [34, 17, 9, -3] [-36, -26, 2, 2] [-13, 5, -12, 6]
[-15, 1, 23, 2] [-2, 23, -11, 2] [-6, 2, 48, -11] [-81, 27, 46, 19] [-40, -45, -14, 45] [-13, -16, 1, 4] [-25, -21, -21, -2]
[2, 45, -5, -44] [24, 1, 18, -23] [-12, 39, -3, -102] [0, 0, 0, 0] [44, -103, 34, 8] [20, -2, -6, 19] [6, -4, 11, 6]
[-11, -32, -9, 2] [18, -3, -15, -4] [5, -11, -47, -42] [49, 18, -96, 14] [7, -12, -32, 25] [-1, 13, 4, 25] [-38, -67, -14, 24]
[21, 16, 5, -4] [-14, 6, -16, -3] [26, -9, 24, -15] [-5, 13, -23, 13] [16, -1, -27, -5] [7, -7, -24, 9] [37, -2, 23, 7]
[-15, -5, 6, -6] [-6, -17, -51, -6] [-9, 6, 24, -2] [-2, 8, -42, -12] [42, 23, -3, 31] [43, -22, -42, 21] [-14, 12, 12, -2]
Food (up, right, down, left):
[7, 19, 6, 13] [-9, 23, 7, -17] [26, -9, 19, 10] [-21, -20, 46, 24] [-7, 5, 38, -14] [-7, -23, -14, -28] [-37, 22, 1, -17]
[-67, -6, -22, -20] [0, 2, -24, -4] [5, 11, 28, 32] [-12, 31, -48, 18] [30, -1, -3, -39] [40, 4, -47, 19] [17, 5, 35, 23]
[-19, -2, 32, -49] [6, 2, -11, 29] [-61, -23, -27, 31] [42, -38, 36, 9] [-1, -9, -22, -27] [2, 17, -46, -29] [41, 35, 3, 27]
[13, 30, 11, 52] [-11, -5, -27, 39] [7, 2, -34, -17] [0, 0, 0, 0] [-19, 62, -33, -8] [-4, -21, -31, -5] [-11, 46, -26, 30]
[-5, 15, -15, 16] [12, 27, 9, 33] [20, -17, 33, 17] [-5, -35, 12, -21] [9, -3, 9, -30] [15, 47, 27, 15] [-9, -16, 6, -17]
[5, -25, -11, 1] [11, 12, 11, -1] [2, 16, 12, 27] [-30, -28, 44, -42] [-42, -30, 6, -52] [-17, 43, 11, 16] [-3, 39, -2, 27]
[6, 10, -28, -11] [14, 14, 10, -55] [20, 15, 7, -22] [-4, 5, 30, -48] [53, 32, -6, -16] [23, 31, 21, 2] [18, -17, 29, -33]
------------------------------
ALIVE
Head: (0 43)
Body: (0 43) (0 44) (0 45) (1 45) (2 45) (3 45) (4 45) (4 46) 
Length: 8, 4
Vision: 3
Hungry, suplies: 7/10
Reproductive: 16, mutating: 0.25
Generation: 44296
####################################
