Wall (up, right, down, left):
[0, -3, -5, -1] [6, 8, -4, 15] [-1, 2, 10, -4] [0, -1, 1, 0] [7, 0, 2, 2] [-1, 2, 5, -5] [-3, -3, 3, -4]
[-6, 0, 0, 3] [4, 0, 1, 0] [1, 0, -5, 6] [-16, -3, 1, 7] [0, 0, 3, -6] [-6, 4, 1, 0] [0, -5, 3, 7]
[4, 7, 5, -10] [-1, 7, -5, 5] [6, 0, 5, -2] [-29, 0, 9, 5] [1, -3, 2, -7] [2, -6, -10, 9] [-5, -1, 5, -1]
[-3, 0, 2, -14] [6, 10, 2, -2] [1, -1, -1, -33] [0, 0, 0, 0] [-7, -27, -1, 5] [-3, -17, -2, 3] [-5, -7, -3, -10]
[-6, -4, -12, -4] [-5, 3, 9, 0] [3, 2, -5, 3] [-1, 3, -20, -5] [2, 3, -3, 7] [4, 1, 0, 4] [-1, -2, 2, 1]
[0, 1, 5, -2] [1, -1, -7, -11] [-1, -2, -1, -3] [5, 0, -6, 2] [3, -5, -8, 5] [8, 1, -2, 2] [-4, -5, -3, 2]
[-2, -4, -10, 4] [-2, -3, 0, 0] [-4, -3, 1, -5] [0, 2, -14, -4] [-1, 2, 0, 5] [1, 9, -6, -7] [1, -2, 2, 1]
Food (up, right, down, left):
[6, 5, -3, 2] [2, -1, 9, 2] [-3, 0, -2, 0] [2, -2, -8, 13] [0, -4, -3, -5] [2, 5, 6, -6] [0, 6, 0, 9]
[0, -5, 0, -1] [1, -10, -3, 0] [0, -5, 3, -3] [-4, 5, -1, 8] [0, 4, -4, -5] [-1, 4, 3, 9] [-7, -4, -2, 3]
[-3, -2, -4, 7] [3, 3, 6, -6] [4, -2, 0, -4] [21, 6, 9, 0] [1, 7, 0, 9] [-2, 0, -10, -3] [7, 2, -4, 2]
[-1, -1, -4, 4] [3, -6, -7, 9] [-3, 7, -8, 16] [0, 0, 0, 0] [3, 19, 1, 3] [1, -3, 2, 9] [2, 3, 4, -5]
[9, 8, -1, -4] [-5, -1, -13, 0] [-7, 0, -2, -1] [-5, 0, 23, -8] [1, -4, 2, -2] [-6, 13, 4, 3] [7, 0, -3, 0]
[0, 0, 5, 2] [-2, 0, 2, 1] [6, -7, -2, 1] [0, -4, 0, 0] [2, 0, 0, 1] [-2, -4, 0, 4] [-2, -2, 1, -2]
[-11, 1, 2, -5] [-4, 0, 3, -3] [10, -5, 0, -7] [2, -1, 7, -13] [-2, 2, 3, -3] [8, 7, -2, 1] [-5, 7, 6, -4]
------------------------------
ALIVE
Head: (19 27)
Body: (19 27) (19 28) (19 29) (19 30) (18 30) (17 30) (16 30) (16 29) (16 28) (16 27) (16 26) (16 25) (16 24) (16 23) 
Length: 14, 4
Vision: 3
Hungry, suplies: 7/10
Reproductive: 16, mutating: 0.25
Generation: 2263
####################################
Wall (up, right, down, left):
[0, 1, -5, -1] [6, 8, -4, 15] [-1, 2, 10, 0] [0, 0, 1, 0] [7, 0, 2, 2] [-1, 2, 5, -5] [-3, -4, 3, -4]
[0, 0, 0, 3] [4, 0, 1, 0] [1, 0, -2, 6] [-12, -3, 1, 7] [0, 0, 3, -6] [-3, 7, 1, 0] [0, -5, 3, 7]
[4, 7, 5, -10] [0, 7, -5, 1] [8, 0, 5, -2] [-29, 0, 9, 5] [-2, 2, 2, -7] [2, -6, -12, 9] [-4, -1, 5, 1]
[0, 0, 2, -14] [6, 6, 2, -2] [1, -2, -1, -33] [0, 0, 0, 0] [-7, -27, -1, 5] [-3, -17, -2, 3] [-5, -7, -3, -10]
[-2, -4, -9, -4] [-5, 4, 9, 0] [3, 2, -5, 3] [-1, 3, -20, -5] [2, 3, -3, 7] [4, 1, 0, 6] [-1, -2, 2, 1]
[0, -3, 7, 0] [4, -2, -7, -11] [-1, 3, -1, -3] [5, 0, -4, 2] [3, -5, -8, 0] [8, 1, -2, 2] [-4, -5, -3, 2]
[-2, -4, -10, 1] [-2, -7, 0, 0] [-4, -3, 1, -5] [0, 2, -14, -4] [-1, 2, 0, 5] [1, 9, -6, -7] [1, -2, 2, 1]
Food (up, right, down, left):
[6, 5, -5, 2] [2, -1, 9, 2] [-3, 0, -2, 0] [2, -2, -8, 9] [0, -4, -3, -5] [2, 7, 6, -6] [0, 6, -1, 9]
[0, -5, -9, -1] [1, -10, -3, 0] [0, -5, -2, -3] [-4, 6, -1, 8] [0, 4, -4, -5] [-1, 4, 3, 11] [-7, -4, -2, 3]
[-3, -2, -4, 7] [3, 0, 6, -7] [4, -2, 0, -5] [21, 6, 9, 0] [-1, 7, 0, 9] [-2, 0, -11, -3] [7, -3, -4, 0]
[-1, -1, -1, 8] [3, -6, -12, 9] [-3, 7, -8, 19] [0, 0, 0, 0] [3, 19, 1, 3] [1, -3, 2, 9] [-1, 3, 4, -5]
[11, 8, -1, -4] [-5, -1, -8, 0] [-7, 0, -2, -1] [-5, 0, 23, -8] [1, -4, 2, -2] [-6, 13, 4, 4] [7, 0, -3, 0]
[-5, -4, 5, 0] [-2, 0, 0, 1] [6, -7, -2, -1] [0, -7, 0, 0] [2, -4, 0, 1] [-2, -4, 0, 4] [-2, -2, 1, -2]
[-11, 1, -3, -5] [-4, 0, 7, -3] [10, -5, 0, -7] [2, -1, 7, -13] [-2, 2, 3, -3] [8, 7, -2, 1] [-5, 7, 6, -4]
------------------------------
ALIVE
Head: (21 5)
Body: (21 5) (21 6) (22 6) (22 7) (22 8) (22 9) (23 9) (24 9) (24 10) (24 11) 
Length: 10, 4
Vision: 3
Hungry, suplies: 9/10
Reproductive: 16, mutating: 0.25
Generation: 2250
####################################
Wall (up, right, down, left):
[0, 1, -5, -1] [6, 8, -4, 15] [-1, 2, 10, 0] [0, 0, 1, 0] [7, 0, 2, 2] [-1, 2, 5, -5] [-3, -3, 3, -4]
[0, 0, 0, 3] [4, 0, 1, 0] [1, 0, -2, 6] [-12, -3, 1, 7] [0, 0, 3, -6] [-3, 7, 1, 0] [0, -5, 3, 7]
[4, 7, 5, -10] [0, 7, -5, 1] [6, 0, 5, -2] [-29, 0, 9, 5] [-2, 2, 2, -7] [2, -6, -10, 9] [-4, 4, 5, 1]
[0, 0, 2, -14] [6, 6, 2, -2] [1, -2, -1, -33] [0, 0, 0, 0] [-7, -27, -1, 5] [-3, -17, -2, 3] [-5, -7, -3, -10]
[-2, -4, -9, -4] [-5, 2, 9, 0] [3, 2, -5, 3] [3, 3, -20, -5] [2, 3, -3, 7] [4, 3, 0, 6] [-1, -2, 2, 1]
[0, -3, 7, 0] [4, -2, -7, -11] [-1, 3, -1, -3] [5, 0, -4, -1] [3, -5, -8, 0] [8, 1, -2, 2] [-4, -5, -3, 2]
[-2, -4, -10, 1] [-2, -3, 0, 0] [-4, -3, 1, -5] [0, 1, -14, -4] [-1, 2, 0, 5] [1, 9, -6, -7] [1, -2, 2, 1]
Food (up, right, down, left):
[6, 5, -5, 2] [2, -1, 9, 2] [-3, 0, -2, 0] [2, -2, -8, 9] [0, -4, -3, -5] [2, 7, 6, -6] [0, 6, 0, 9]
[0, -5, -9, -1] [1, -10, -3, 0] [0, -5, -2, -3] [-4, 6, -1, 8] [0, 4, -4, -5] [-1, 4, 3, 11] [-7, -4, -2, 3]
[-3, -2, -4, 7] [3, 0, 6, -7] [4, -2, 0, -4] [21, 6, 9, 0] [-1, 7, 0, 9] [-2, 0, -10, -3] [7, -3, -1, 0]
[-1, -1, -1, 8] [3, -6, -12, 9] [-3, 7, -8, 19] [0, 0, 0, 0] [3, 19, 1, 3] [1, -3, 2, 9] [-1, 3, 4, -5]
[11, 8, -1, -4] [-5, -1, -8, 0] [-7, 0, -2, -1] [-5, 0, 23, -4] [1, -4, 2, -2] [-6, 13, 4, -1] [7, 0, -3, 0]
[-5, -4, 5, 0] [-2, 0, 0, 1] [6, -7, -2, -1] [0, -7, 0, 0] [2, -4, 0, 1] [-2, -4, 0, 4] [-2, -2, 1, -2]
[-11, 1, -3, -5] [-4, 0, 3, -3] [10, -5, 0, -7] [2, -1, 7, -14] [-2, 2, 3, -3] [8, 7, -2, 1] [-5, 7, 6, -4]
------------------------------
ALIVE
Head: (5 52)
Body: (5 52) (4 52) (4 51) (3 51) (3 52) (2 52) (2 51) (2 50) (2 49) (1 49) (1 48) (1 47) (1 46) (1 45) 
Length: 14, 4
Vision: 3
Hungry, suplies: 8/10
Reproductive: 16, mutating: 0.25
Generation: 2253
####################################
Wall (up, right, down, left):
[0, 1, -5, -1] [6, 8, -4, 15] [-1, 2, 10, 0] [0, 0, 1, 0] [7, 0, 2, 2] [-1, 2, 5, -5] [-3, -4, 3, -4]
[0, 0, 0, 3] [4, 0, 1, 0] [1, 0, -2, 6] [-12, -3, 1, 7] [0, 0, 3, -6] [-3, 7, 1, 0] [0, -5, 3, 7]
[4, 7, 5, -10] [0, 7, -5, 1] [6, 0, 5, -2] [-29, 0, 9, 5] [-2, 2, 2, -7] [2, -6, -10, 9] [-4, -1, 5, 1]
[0, 0, 2, -14] [6, 6, 2, -2] [1, -2, -1, -33] [0, 0, 0, 0] [-7, -27, -1, 5] [-3, -17, -2, 3] [-5, -7, -3, -10]
[0, -4, -9, -4] [-5, 4, 9, 0] [3, 2, -5, 3] [-1, 3, -20, -5] [2, 3, -3, 7] [4, 1, 0, 6] [-1, -2, 2, 1]
[0, -3, 7, 0] [4, -2, -7, -11] [-1, 3, -1, -3] [5, 0, -4, 2] [3, -5, -8, 0] [8, 1, -2, 2] [-4, -5, -3, 2]
[-2, -4, -10, 1] [-2, -3, 0, 0] [-4, -3, 1, -5] [0, 2, -14, -4] [-1, 2, 0, 5] [1, 9, -6, -7] [1, -2, 2, 1]
Food (up, right, down, left):
[6, 5, -5, 2] [2, -1, 9, 2] [-3, 0, -2, 0] [2, -2, -8, 9] [0, -4, -3, -5] [2, 7, 6, -6] [0, 6, -1, 9]
[0, -5, -9, -1] [1, -10, -3, 0] [0, -5, -2, -3] [-4, 6, -1, 8] [0, 4, -4, -5] [-1, 4, 3, 11] [-7, -4, -2, 3]
[-3, -2, -4, 7] [3, 0, 6, -7] [4, -2, 0, -4] [21, 6, 9, 0] [-1, 7, 0, 9] [-2, 0, -10, -3] [7, -3, -4, 0]
[-1, -1, -1, 8] [3, -6, -12, 9] [-3, 7, -8, 19] [0, 0, 0, 0] [3, 19, 1, 3] [1, -3, 2, 9] [-1, 3, 4, -5]
[11, 8, -3, -4] [-5, -1, -8, 0] [-7, 0, -2, -1] [-5, 0, 23, -8] [1, -4, 2, -2] [-6, 13, 4, 4] [7, 0, -3, 0]
[-5, -4, 5, 0] [-2, 0, 0, 1] [6, -7, -2, -1] [0, -7, 0, 0] [2, -4, 0, 1] [-2, -4, 0, 4] [-2, -2, 1, -2]
[-11, 1, -3, -5] [-4, 0, 3, -3] [10, -5, 0, -7] [2, -1, 7, -13] [-2, 2, 3, -3] [8, 7, -2, 1] [-5, 7, 6, -4]
------------------------------
ALIVE
Head: (3 37)
Body: (3 37) (3 36) (4 36) (4 35) (5 35) (5 34) (5 33) (5 32) (5 31) (5 30) (5 29) (6 29) 
Length: 12, 4
Vision: 3
Hungry, suplies: 7/10
Reproductive: 16, mutating: 0.25
Generation: 2244
####################################
Wall (up, right, down, left):
[0, -3, -5, -1] [6, 8, -4, 15] [-1, 2, 10, -4] [0, -1, 1, 0] [7, 0, 2, 2] [-1, 2, 5, -5] [-3, -3, 3, -4]
[-6, 0, 0, 3] [4, 0, 1, 0] [1, 0, -5, 6] [-16, -3, 1, 7] [0, 0, 3, -6] [-6, 4, 1, 0] [0, -5, 3, 7]
[4, 7, 5, -10] [-1, 7, -5, 5] [6, 0, 5, -2] [-29, 0, 9, 5] [1, -3, 2, -7] [2, -6, -10, 9] [-5, -1, 5, -1]
[-3, 0, 2, -14] [6, 10, 2, -2] [1, -1, -1, -33] [0, 0, 0, 0] [-7, -27, -1, 5] [-3, -17, -2, 3] [-5, -7, -3, -10]
[-6, -4, -12, -4] [-5, 3, 9, 0] [3, 2, -5, 3] [-1, 3, -20, -5] [2, 3, -3, 7] [4, 1, 0, 4] [-1, -2, 2, 1]
[0, 1, 5, -2] [1, -1, -7, -11] [-1, -2, -1, -3] [5, 0, -6, 2] [3, -5, -8, 5] [8, 1, -2, 2] [-4, -5, -3, 2]
[-2, -4, -10, 4] [-2, -3, 0, 0] [-4, -3, 1, -5] [0, 2, -14, -4] [-1, 2, 0, 5] [1, 9, -6, -7] [1, -2, 2, 1]
Food (up, right, down, left):
[6, 5, -3, 2] [2, -1, 9, 2] [-3, 0, -2, 0] [2, -2, -8, 13] [0, -4, -3, -5] [2, 5, 6, -6] [0, 6, 0, 9]
[0, -5, 0, -1] [1, -10, -3, 0] [0, -5, 3, -3] [-4, 5, -1, 8] [0, 4, -4, -5] [-1, 4, 3, 9] [-7, -4, -2, 3]
[-3, -2, -4, 7] [3, 3, 6, -6] [4, -2, 0, -4] [21, 6, 9, 0] [1, 7, 0, 9] [-2, 0, -10, -3] [7, 2, -4, 2]
[-1, -1, -4, 4] [3, -6, -7, 9] [-3, 7, -8, 16] [0, 0, 0, 0] [3, 19, 1, 3] [1, -3, 2, 9] [2, 3, 4, -5]
[9, 8, -1, -4] [-5, -1, -13, 0] [-7, 0, -2, -1] [-5, 0, 23, -8] [1, -4, 2, -2] [-6, 13, 4, 3] [7, 0, -3, 0]
[0, 0, 5, 2] [-2, 0, 2, 1] [6, -7, -2, 1] [0, -4, 0, 0] [2, 0, 0, 1] [-2, -4, 0, 4] [-2, -2, 1, -2]
[-11, 1, 2, -5] [-4, 0, 3, -3] [10, -5, 0, -7] [2, -1, 7, -13] [-2, 2, 3, -3] [8, 7, -2, 1] [-5, 7, 6, -4]
------------------------------
ALIVE
Head: (16 21)
Body: (16 21) (16 20) (16 19) (16 18) (16 17) (17 17) (17 18) (17 19) (18 19) (19 19) (19 18) (19 17) (19 16) (19 15) 
Length: 14, 4
Vision: 3
Hungry, suplies: 5/10
Reproductive: 16, mutating: 0.25
Generation: 2265
####################################
Wall (up, right, down, left):
[0, 1, -10, -1] [6, 8, -4, 15] [-1, 2, 10, 0] [0, 1, 1, 0] [7, 0, 2, 2] [-1, 2, 5, -5] [-3, -3, 3, -4]
[0, 0, 0, 3] [4, 0, 1, 0] [1, 0, -2, 6] [-12, -3, 1, 7] [0, 0, 3, -6] [-3, 7, 1, 0] [0, -5, 3, 7]
[4, 7, 5, -10] [0, 7, -5, 1] [6, 0, 5, -2] [-29, 0, 9, 5] [-2, 2, 2, -7] [2, -6, -10, 9] [-4, -1, 5, 1]
[0, 0, 2, -14] [6, 6, 2, -2] [1, -2, -1, -33] [0, 0, 0, 0] [-7, -27, -1, 5] [-3, -17, -2, 3] [-5, -7, -3, -10]
[-2, -4, -9, -4] [-5, 2, 9, 0] [3, 2, -5, 3] [3, 3, -20, -5] [2, 3, -3, 7] [4, 3, 0, 6] [-1, -2, 2, 1]
[0, -3, 7, 0] [4, -2, -7, -11] [-1, 3, -1, -3] [5, 0, -4, 2] [3, -5, -8, 0] [8, 1, -2, 2] [-4, -5, -3, 2]
[-2, -4, -10, 1] [-2, -3, 0, 0] [-4, -3, 1, -5] [0, 1, -14, -4] [-1, 2, 0, 5] [1, 9, -6, -7] [1, -2, 2, 1]
Food (up, right, down, left):
[6, 5, -5, 2] [2, -1, 9, 2] [-3, 0, -2, 0] [2, 3, -8, 9] [0, -4, -3, -5] [2, 7, 6, -6] [0, 6, 0, 9]
[0, -5, -9, -1] [1, -10, -3, 0] [0, -5, -2, -3] [-4, 6, -1, 8] [0, 4, -4, -5] [-1, 4, 3, 11] [-7, -4, -2, 3]
[-3, -2, -4, 7] [3, 0, 6, -7] [4, -2, 0, -4] [21, 6, 9, 0] [-1, 7, 0, 9] [-2, 0, -10, -3] [7, -3, -4, 0]
[-1, -1, -1, 8] [3, -6, -12, 9] [-3, 7, -8, 19] [0, 0, 0, 0] [3, 19, 1, 3] [1, -3, 2, 9] [-1, 3, 4, -5]
[11, 8, -1, -4] [-5, -1, -8, 0] [-7, 0, -2, -1] [-5, 0, 23, -4] [1, -4, 2, -2] [-6, 13, 4, -1] [7, 0, -3, 0]
[-5, -4, 5, 0] [-2, 0, 0, 1] [6, -7, -2, -1] [0, -7, 0, 0] [2, -4, 0, 1] [-2, -4, 0, 4] [-2, -2, 1, -2]
[-11, 1, -3, -5] [-4, 0, 3, -3] [10, -5, 0, -7] [2, -1, 7, -14] [-2, 2, 3, -3] [8, 7, -2, 1] [-5, 7, 6, -4]
------------------------------
ALIVE
Head: (12 46)
Body: (12 46) (12 47) (12 48) (12 49) (11 49) (11 48) (11 47) (10 47) (9 47) (9 48) 
Length: 10, 4
Vision: 3
Hungry, suplies: 8/10
Reproductive: 16, mutating: 0.25
Generation: 2252
####################################
Wall (up, right, down, left):
[0, -3, -5, -1] [6, 8, -4, 15] [-1, 2, 10, -4] [0, -1, 1, 0] [7, 0, 2, 2] [-1, 5, 5, -5] [-3, -3, 3, -4]
[-6, 0, 0, 3] [4, 0, 1, 3] [1, 0, -5, 6] [-14, -3, 1, 7] [0, 0, 3, -6] [-6, 4, 1, 0] [-2, -5, 3, 7]
[4, 7, 5, -10] [-1, 7, -5, 5] [6, 0, 5, -2] [-29, 0, 9, 5] [1, -3, 2, -7] [2, -6, -10, 9] [-5, -1, 5, -1]
[-3, 0, 2, -14] [6, 10, 2, -2] [1, -2, -1, -33] [0, 0, 0, 0] [-7, -27, -1, 5] [-3, -17, -2, 3] [-5, -7, -3, -10]
[-6, -4, -12, 1] [-5, 4, 9, 0] [3, 2, -5, 3] [-1, 3, -20, -5] [2, 3, -3, 7] [4, 1, 0, 4] [-1, -2, 2, 1]
[0, 1, 5, 0] [9, -1, -7, -11] [-1, -2, -1, -3] [5, 0, -6, 2] [3, -5, -8, 0] [8, 1, -2, 2] [-4, -5, -3, 2]
[-2, -4, -10, 1] [-2, -3, 0, 0] [-4, -3, 1, -5] [0, 2, -14, -4] [-1, 2, 0, 5] [1, 9, -6, -7] [1, -2, 2, 1]
Food (up, right, down, left):
[6, 5, -3, 2] [2, -1, 9, 2] [-3, 0, -2, 0] [2, -2, -8, 13] [0, -4, -3, -5] [-1, 5, 6, -6] [0, 6, 0, 9]
[0, -5, 0, -1] [5, -10, -3, 0] [0, -5, 3, -3] [-4, 6, -1, 10] [0, 4, -4, -5] [-1, 4, 3, 9] [-7, -4, -3, 3]
[-3, -2, -4, 7] [3, 3, 6, -6] [4, -2, 0, -4] [21, 6, 9, 0] [1, 7, 0, 9] [-2, 0, -10, -3] [7, 2, -4, 2]
[-1, -1, -1, 4] [3, -6, -7, 9] [-3, 7, -8, 19] [0, 0, 0, 0] [3, 19, 1, 3] [1, -3, 2, 9] [2, 3, 4, -5]
[9, 5, -1, -4] [-5, -1, -8, 0] [-7, 0, -2, -1] [-5, 0, 23, -8] [1, -4, 2, -2] [-6, 13, 4, 3] [7, 0, -3, 0]
[0, -4, 5, 2] [-2, 0, -5, 1] [6, -7, -2, 1] [0, -4, 0, 0] [2, -4, 0, 1] [-2, -4, 0, 4] [-2, -2, 1, -2]
[-11, 1, -3, -5] [-4, 0, 3, -3] [10, -5, 0, -7] [2, -1, 7, -13] [-2, 2, 3, -3] [8, 7, -2, 1] [-5, 7, 6, -4]
------------------------------
DEAD: Wall
Head: (6 33)
Body: (6 33) (7 33) (7 34) (7 35) (7 36) (8 36) (8 35) (8 34) (8 33) (8 32) (7 32) (7 31) (8 31) (9 31) (9 30) 
Length: 15, 4
Vision: 3
Hungry, suplies: 10/10
Reproductive: 16, mutating: 0.25
Generation: 2267
####################################
Wall (up, right, down, left):
[0, 1, -5, -1] [6, 8, -4, 15] [-1, 2, 10, 0] [0, 0, 1, 0] [7, 0, 2, 2] [-1, 2, 5, -5] [-3, -3, 3, -4]
[0, 0, 0, 3] [4, 0, 1, 0] [1, 0, -2, 6] [-12, -3, 1, 7] [0, 0, 3, -6] [-3, 7, 1, 0] [0, -5, 3, 7]
[4, 7, 5, -10] [0, 7, -5, 1] [6, 0, 5, -2] [-29, 0, 9, 5] [-2, 2, 2, -7] [2, -6, -10, 9] [-4, -1, 5, 1]
[0, 0, 2, -14] [6, 6, 2, -2] [1, -2, -1, -33] [0, 0, 0, 0] [-7, -27, -1, 5] [-3, -17, -2, 3] [-5, -7, -3, -10]
[-2, -4, -9, -4] [-5, 2, 9, 0] [3, 2, -5, 3] [3, 3, -20, -5] [2, 3, -3, 7] [4, 3, 0, 6] [-1, -2, 2, 1]
[0, -3, 7, 0] [4, -2, -7, -11] [-1, 3, -1, -3] [5, 0, -4, -1] [3, -5, -8, 0] [8, 1, -2, 2] [-4, -5, -3, 2]
[-2, -4, -10, 1] [-2, -3, 0, 0] [-4, -3, 1, -5] [0, 1, -14, -4] [-1, 2, 0, 5] [1, 9, -6, -7] [1, -2, 2, 1]
Food (up, right, down, left):
[6, 5, -5, 2] [2, -1, 9, 2] [-3, 0, -2, 0] [2, -2, -8, 9] [0, -4, -3, -5] [2, 7, 6, -6] [0, 6, 0, 9]
[0, -5, -9, -1] [1, -10, -3, 0] [0, -5, -2, -3] [-4, 6, -1, 8] [0, 4, -4, -5] [-1, 4, 3, 11] [-7, -4, -2, 3]
[-3, -2, -4, 7] [3, 0, 6, -7] [4, -2, 0, -4] [21, 6, 9, 0] [-1, 7, 0, 9] [-2, 0, -10, -3] [7, -3, -4, 0]
[-1, -1, -1, 8] [3, -6, -12, 9] [-3, 7, -8, 19] [0, 0, 0, 0] [3, 19, 1, 3] [1, -3, 2, 9] [-1, 3, 4, -5]
[11, 8, -1, -4] [-5, -1, -8, 0] [-7, 0, -2, -1] [-5, 0, 23, -4] [1, -4, 2, -2] [-6, 13, 4, -1] [7, 0, -3, 0]
[-5, -4, 5, 0] [-2, 0, 0, 1] [6, -7, -2, -1] [0, -7, 0, 0] [2, -4, 0, 1] [-2, -4, 0, 4] [-2, -2, 1, -2]
[-11, 1, -3, -5] [-4, 0, 3, -3] [10, -5, 0, -7] [2, -1, 7, -14] [-2, 2, 3, -3] [8, 7, -2, 1] [-5, 7, 6, -4]
------------------------------
ALIVE
Head: (1 35)
Body: (1 35) (1 34) (2 34) (3 34) (3 33) (2 33) (2 32) (1 32) (1 31) (1 30) (1 29) (1 28) 
Length: 12, 4
Vision: 3
Hungry, suplies: 9/10
Reproductive: 16, mutating: 0.25
Generation: 2253
####################################
Wall (up, right, down, left):
[0, 1, -10, -1] [6, 8, -4, 15] [-1, 2, 10, 0] [0, 1, 1, 0] [7, 0, 2, 2] [-1, 2, 5, -5] [-3, -3, 3, -4]
[0, 0, 0, 3] [4, 0, 1, 0] [1, 0, -2, 6] [-12, -3, 1, 7] [0, 0, 3, -6] [-3, 7, 1, 0] [0, -5, 3, 7]
[4, 7, 5, -10] [0, 7, -5, 1] [6, 0, 5, -2] [-29, 0, 9, 5] [-2, 2, 2, -7] [2, -6, -10, 9] [-4, -1, 5, 1]
[0, 0, 2, -14] [6, 6, 2, -2] [1, -2, -1, -33] [0, 0, 0, 0] [-7, -27, -1, 5] [-3, -17, -2, 3] [-5, -7, -3, -10]
[-2, -4, -9, -4] [-5, 2, 9, 0] [3, 2, -5, 3] [3, 3, -20, -5] [2, 3, -3, 7] [4, 3, 0, 6] [-1, -2, 2, 1]
[0, -3, 7, 0] [4, -2, -7, -11] [-1, 3, -1, -3] [5, 0, -4, 2] [3, -5, -8, 0] [8, 1, -2, 2] [-4, -5, -3, 2]
[-2, -4, -10, 1] [-2, -3, 2, 0] [-4, -3, 1, -5] [0, 1, -14, -4] [-1, 2, 0, 5] [1, 9, -6, -7] [1, -2, 2, 1]
Food (up, right, down, left):
[6, 5, -5, 2] [2, -1, 9, 2] [-3, 0, -2, 0] [2, 3, -8, 9] [0, -4, -3, -5] [2, 7, 6, -6] [0, 6, 0, 9]
[0, -5, -9, -1] [1, -10, -3, 0] [0, -5, -2, -3] [-4, 6, -1, 8] [0, 4, -4, -5] [-1, 4, 3, 11] [-7, -4, -2, 3]
[-3, -2, -4, 7] [3, 0, 6, -7] [4, -2, 0, -4] [21, 6, 9, 0] [-1, 7, 0, 9] [-2, 0, -10, -3] [7, -3, -4, 0]
[-1, -1, -1, 8] [3, -6, -12, 9] [-3, 7, -8, 19] [0, 0, 0, 0] [3, 19, 1, 3] [1, -3, 2, 9] [-1, 3, 4, -5]
[11, 8, -1, -4] [-5, -1, -8, 0] [-7, 0, -2, -1] [-5, 0, 23, -4] [1, -4, 2, -2] [-6, 13, 4, -1] [7, 0, -3, 0]
[-5, -4, 5, 0] [-2, 0, 0, 1] [6, -7, -2, -1] [0, -7, 0, 0] [2, -4, 0, 1] [-2, -4, 0, 4] [-2, -2, 1, -2]
[-11, 1, -3, -5] [0, 0, 3, -3] [10, -5, 0, -7] [2, -1, 7, -14] [-2, 2, 3, -3] [8, 7, -2, 1] [-5, 7, 6, -4]
------------------------------
ALIVE
Head: (13 37)
Body: (13 37) (13 38) (14 38) (14 39) (14 40) (14 41) (14 42) (14 43) (15 43) (16 43) (16 44) (15 44) (15 45) 
Length: 13, 4
Vision: 3
Hungry, suplies: 10/10
Reproductive: 16, mutating: 0.25
Generation: 2252
####################################
Wall (up, right, down, left):
[0, -3, -5, -1] [6, 8, -4, 15] [-1, 2, 10, -4] [0, -1, 1, 0] [7, 0, 2, 2] [-1, 5, 5, -5] [-3, -3, 3, -4]
[-6, 0, 0, 3] [4, 0, 1, 3] [1, 0, -5, 6] [-14, -3, 1, 7] [0, 0, 3, -6] [-6, 4, 1, 0] [-2, -5, 3, 7]
[4, 7, 5, -10] [-1, 7, -5, 5] [6, 0, 5, -2] [-29, 0, 9, 5] [1, -3, 2, -7] [2, -6, -10, 9] [-5, -1, 5, -1]
[-3, 0, 2, -14] [6, 10, 2, -2] [1, -2, -1, -33] [0, 0, 0, 0] [-7, -27, -1, 5] [-3, -17, -2, 3] [-5, -7, -3, -10]
[-6, -4, -12, 1] [-5, 4, 9, 0] [3, 2, -5, 3] [-1, 3, -20, -5] [2, 3, -3, 7] [4, 1, 0, 4] [-1, -2, 2, 1]
[0, 1, 5, 0] [9, -1, -7, -11] [-1, -2, -1, -3] [5, 0, -6, 2] [3, -5, -8, 0] [8, 1, -2, 2] [-4, -5, -3, 2]
[-2, -4, -10, 1] [-2, -3, 0, 0] [-4, -3, 1, -5] [0, 2, -14, -4] [-1, 2, 0, 5] [1, 9, -6, -7] [1, -2, 2, 1]
Food (up, right, down, left):
[6, 5, -3, 2] [2, -1, 9, 2] [-3, 0, -2, 0] [2, -2, -8, 13] [0, -4, -3, -5] [-1, 5, 6, -6] [0, 6, 0, 9]
[0, -5, 0, -1] [5, -10, -3, 0] [0, -5, 3, -3] [-4, 6, -1, 10] [0, 4, -4, -5] [-1, 4, 3, 9] [-7, -4, -3, 3]
[-3, -2, -4, 7] [3, 3, 6, -6] [4, -2, 0, -4] [21, 6, 9, 0] [1, 7, 0, 9] [-2, 0, -10, -3] [7, 2, -4, 2]
[-1, -1, -1, 4] [3, -6, -7, 9] [-3, 7, -8, 19] [0, 0, 0, 0] [3, 19, 1, 3] [1, -3, 2, 9] [2, 3, 4, -5]
[9, 5, -1, -4] [-5, -1, -8, 0] [-7, 0, -2, -1] [-5, 0, 23, -8] [1, -4, 2, -2] [-6, 13, 4, 3] [7, 0, -3, 0]
[0, -4, 5, 2] [-2, 0, -5, 1] [6, -7, -2, 1] [0, -4, 0, 0] [2, -4, 0, 1] [-2, -4, 0, 4] [-2, -2, 1, -2]
[-11, 1, -3, -5] [-4, 0, 3, -3] [10, -5, 0, -7] [2, -1, 7, -13] [-2, 2, 3, -3] [8, 7, -2, 1] [-5, 7, 6, -4]
------------------------------
ALIVE
Head: (19 42)
Body: (19 42) (18 42) (18 43) (18 44) (18 45) (18 46) (18 47) (19 47) (19 46) (19 45) (19 44) 
Length: 11, 4
Vision: 3
Hungry, suplies: 10/10
Reproductive: 16, mutating: 0.25
Generation: 2265
####################################
Wall (up, right, down, left):
[0, 1, -10, -1] [6, 8, -4, 15] [-1, 2, 10, 0] [0, 1, 1, 0] [7, 0, 2, 2] [-1, 2, 5, -5] [-3, -3, 3, -4]
[0, 0, 0, 3] [4, 0, 1, 0] [1, 0, -2, 6] [-12, -3, 1, 7] [0, 0, 3, -6] [-3, 7, 1, 0] [0, -5, 3, 7]
[4, 7, 5, -10] [0, 7, -5, 1] [6, 0, 5, -2] [-29, 0, 9, 5] [-2, 2, 2, -7] [2, -6, -10, 9] [-4, -1, 5, 1]
[0, 0, 2, -14] [6, 6, 2, -2] [1, -2, -1, -33] [0, 0, 0, 0] [-7, -27, -1, 5] [-3, -17, -2, 3] [-5, -7, -3, -10]
[-2, -4, -9, -4] [-5, 2, 9, 0] [3, 2, -5, 3] [3, 3, -20, -5] [2, 3, -3, 7] [4, 3, 0, 6] [-1, -2, 2, 1]
[0, -3, 7, 0] [4, -2, -7, -11] [-1, 3, -1, -3] [5, 0, -4, 2] [3, -5, -8, 0] [8, 1, -2, 2] [-4, -5, -3, 2]
[-2, -4, -10, 1] [-2, -3, 0, 0] [-4, -7, 1, -5] [0, 1, -14, -4] [-1, 2, 0, 5] [1, 9, -6, -7] [1, -2, 2, 1]
Food (up, right, down, left):
[6, 5, -5, 2] [2, -1, 9, 2] [-3, 0, -2, 0] [2, 3, -8, 9] [0, -4, -3, -5] [2, 7, 6, -6] [0, 6, 0, 9]
[0, -5, -9, -1] [1, -10, -3, 0] [0, -5, -2, -3] [-4, 6, -1, 8] [0, 4, -4, -5] [-1, 4, 3, 11] [-7, -4, -2, 3]
[-3, -2, -4, 7] [3, 0, 6, -7] [4, -2, 0, -4] [21, 6, 9, 0] [-1, 7, 0, 9] [-2, 0, -10, -3] [7, -3, -4, 0]
[-1, -1, -1, 8] [3, -6, -12, 9] [-3, 7, -8, 19] [0, 0, 0, 0] [3, 19, 1, 3] [1, -3, 2, 9] [-1, 3, 4, -5]
[11, 8, -1, -4] [-5, -1, -8, 0] [-7, 0, -2, -1] [-5, 0, 23, -4] [1, -4, 2, -2] [-6, 13, 4, -1] [7, 0, -3, 0]
[-5, -4, 5, 0] [-2, 0, 0, 1] [6, -7, -2, -1] [0, -7, 0, 0] [2, -4, 0, 1] [-2, -4, 0, 4] [-2, -2, 1, -2]
[-11, 1, -3, -5] [-4, 0, 3, -3] [10, -5, 0, -9] [2, -1, 7, -14] [-2, 2, 3, -3] [8, 7, -2, 1] [-5, 7, 6, -4]
------------------------------
ALIVE
Head: (7 43)
Body: (7 43) (7 44) (7 45) (8 45) (8 46) (9 46) (10 46) (10 45) 
Length: 8, 4
Vision: 3
Hungry, suplies: 9/10
Reproductive: 16, mutating: 0.25
Generation: 2255
####################################
Wall (up, right, down, left):
[0, 1, -5, -1] [6, 8, -4, 15] [-1, 3, 10, 0] [0, 0, 1, 0] [7, 0, 2, 2] [-1, 2, 5, -5] [-3, -4, 3, -4]
[0, 0, 0, 3] [4, 0, 1, 0] [1, 0, -2, 6] [-12, -3, 1, 7] [0, 0, 3, -6] [-3, 7, 1, 0] [0, -5, 3, 7]
[4, 7, 5, -10] [0, 7, -5, 1] [8, 0, 5, -2] [-29, 0, 9, 5] [-2, 2, 2, -7] [2, -6, -12, 9] [-4, -1, 5, 1]
[0, 0, 2, -14] [6, 6, 2, -2] [1, -2, -1, -33] [0, 0, 0, 0] [-7, -27, -1, 5] [-3, -17, -2, 3] [-5, -7, -3, -10]
[-2, -4, -9, -4] [-5, 4, 9, 0] [3, 2, -5, 3] [-1, 3, -20, -5] [2, 3, -3, 7] [4, 1, 0, 6] [-1, -2, 2, 1]
[0, -3, 7, 0] [4, -2, -7, -11] [-1, 3, -1, -3] [5, 0, -4, 2] [3, -5, -8, 0] [8, 1, -2, 2] [-4, -5, -3, 2]
[-2, -4, -10, 1] [-2, -7, 0, 0] [-4, -3, 1, -5] [0, 2, -14, -4] [-1, 2, 0, 5] [1, 9, -6, -7] [1, -2, 2, 1]
Food (up, right, down, left):
[6, 5, -5, 2] [2, -1, 9, 2] [-3, 0, -1, 0] [2, -2, -8, 9] [0, -4, -3, -5] [2, 7, 6, -6] [0, 6, -1, 9]
[0, -5, -9, -1] [1, -10, -3, 0] [0, -5, -2, -3] [-4, 6, -1, 8] [0, 4, -4, -5] [-1, 4, 3, 11] [-7, -4, -2, 3]
[-3, -2, -4, 7] [3, 0, 6, -7] [4, -2, 0, -5] [21, 6, 9, 0] [-1, 7, 0, 9] [-2, 0, -11, -3] [7, -3, -4, 0]
[-1, -1, -1, 8] [3, -6, -12, 9] [-3, 7, -8, 19] [0, 0, 0, 0] [3, 19, 1, 3] [1, -3, 2, 9] [-1, 3, 4, -5]
[11, 8, -1, -4] [-5, -1, -8, 0] [-7, 0, -2, -1] [-5, 0, 23, -8] [1, -4, 2, -2] [-6, 13, 4, 4] [7, 0, -3, 0]
[-5, -4, 5, 0] [-2, 0, 0, 1] [6, -7, -2, -1] [0, -7, 0, 0] [2, -4, 0, 1] [-2, -4, 0, 4] [-2, -2, 1, -2]
[-11, 1, -3, -5] [-4, 0, 7, -3] [10, -5, 0, -7] [2, -1, 7, -13] [-2, 2, 3, -3] [8, 7, -2, 1] [-5, 7, 6, -4]
------------------------------
ALIVE
Head: (4 4)
Body: (4 4) (5 4) (5 3) (6 3) (6 2) (7 2) (8 2) (8 3) (9 3) 
Length: 9, 4
Vision: 3
Hungry, suplies: 7/10
Reproductive: 16, mutating: 0.25
Generation: 2251
####################################
Wall (up, right, down, left):
[0, 1, -5, -1] [6, 8, -4, 15] [-1, 2, 10, 0] [0, 0, 1, 0] [7, 0, 2, 2] [-1, 2, 5, -5] [-3, -4, 3, -4]
[0, 0, 0, 3] [4, 0, 1, 0] [1, 0, -2, 6] [-12, -3, 1, 7] [0, 0, 3, -6] [-3, 7, 1, 0] [0, -5, 3, 7]
[4, 7, 5, -10] [0, 7, -5, 1] [6, 0, 5, -2] [-29, 0, 9, 5] [-2, 2, 2, -7] [2, -6, -10, 9] [-4, -1, 5, 1]
[0, 0, 2, -14] [6, 6, 2, -2] [1, -2, -1, -33] [0, 0, 0, 0] [-7, -27, -1, 5] [-3, -17, -2, 3] [-5, -7, -3, -10]
[0, -4, -9, -4] [-5, 4, 9, 0] [3, 2, -5, 3] [-1, 3, -20, -5] [2, 3, -3, 7] [4, 1, 0, 6] [-1, -2, 2, 1]
[0, -3, 7, 0] [4, -2, -7, -11] [-1, 3, -1, -3] [5, 0, -4, 2] [3, -5, -8, 0] [8, 1, -2, 2] [-4, -5, -3, 2]
[-2, -4, -10, 1] [-2, -3, 0, 0] [-4, -3, 1, -5] [0, 2, -14, -4] [-1, 2, 0, 5] [1, 9, -6, -7] [1, -2, 2, 1]
Food (up, right, down, left):
[6, 5, -5, 2] [2, -1, 9, 2] [-3, 0, -2, 0] [2, -2, -8, 9] [0, -4, -3, -5] [2, 7, 6, -6] [0, 6, -1, 9]
[0, -5, -9, -1] [1, -10, -3, 0] [0, -5, -2, -3] [-4, 6, -1, 8] [0, 4, -4, -5] [-1, 4, 3, 11] [-7, -4, -2, 3]
[-3, -2, -4, 7] [3, 0, 6, -7] [4, -2, 0, -4] [21, 6, 9, 0] [-1, 7, 0, 9] [-2, 0, -10, -3] [7, -3, -4, 0]
[-1, -1, -1, 8] [3, -6, -12, 9] [-3, 7, -8, 19] [0, 0, 0, 0] [3, 19, 1, 3] [1, -3, 2, 9] [-1, 3, 4, -5]
[11, 8, -3, -4] [-5, -1, -8, 0] [-7, 0, -2, -1] [-5, 0, 23, -8] [1, -4, 2, -2] [-6, 13, 4, 4] [7, 0, -3, 0]
[-5, -4, 5, 0] [-2, 0, 0, 1] [6, -7, -2, -1] [0, -7, 0, 0] [2, -4, 0, 1] [-2, -4, 0, 4] [-2, -2, 1, -2]
[-11, 1, -3, -5] [-4, 0, 3, -3] [10, -5, 0, -7] [2, -1, 7, -13] [-2, 2, 3, -3] [8, 7, -2, 1] [-5, 7, 6, -4]
------------------------------
ALIVE
Head: (6 18)
Body: (6 18) (5 18) (4 18) (3 18) (2 18) (1 18) (1 17) (1 16) (1 15) (1 14) (1 13) (1 12) 
Length: 12, 4
Vision: 3
Hungry, suplies: 1/10
Reproductive: 16, mutating: 0.25
Generation: 2245
####################################
Wall (up, right, down, left):
[0, -3, -5, -1] [6, 8, -4, 15] [-1, 2, 10, -4] [0, -1, 1, 0] [7, 0, 2, 2] [-1, 2, 5, -5] [-3, -3, 3, -4]
[-6, 0, 0, 3] [4, 0, 1, 0] [1, 0, -5, 6] [-16, -3, 1, 7] [0, 0, 3, -6] [-6, 4, 1, 0] [0, -5, 3, 7]
[4, 7, 5, -10] [-1, 7, -5, 5] [6, 0, 5, -2] [-29, 0, 9, 5] [1, -3, 2, -7] [2, -6, -10, 9] [-5, -1, 5, -1]
[-3, 0, 2, -14] [6, 10, 2, -2] [1, -1, -1, -33] [0, 0, 0, 0] [-7, -27, -1, 5] [-3, -17, -2, 3] [-5, -7, -3, -10]
[-6, -4, -12, -4] [-5, 3, 9, 0] [3, 2, -5, 3] [-1, 3, -20, -5] [2, 3, -3, 7] [4, 1, 0, 4] [-1, -2, 2, 1]
[0, 1, 5, -2] [1, -1, -7, -11] [-1, -2, -1, -3] [5, 0, -6, 2] [3, -5, -8, 5] [8, 1, -2, 2] [-4, -5, -3, 2]
[-2, -4, -10, 4] [-2, -3, 0, 0] [-4, -3, 1, -5] [0, 2, -14, -4] [-1, 2, 0, 5] [1, 9, -6, -7] [1, -2, 2, 1]
Food (up, right, down, left):
[6, 5, -3, 2] [2, -1, 9, 2] [-3, 0, -2, 0] [2, -2, -8, 13] [0, -4, -3, -5] [2, 5, 6, -6] [0, 6, 0, 9]
[0, -5, 0, -1] [1, -10, -3, 0] [0, -5, 3, -3] [-4, 5, -1, 8] [0, 4, -4, -5] [-1, 4, 3, 9] [-7, -4, -2, 3]
[-3, -2, -4, 7] [3, 3, 6, -6] [4, -2, 0, -4] [21, 6, 9, 0] [1, 7, 0, 9] [-2, 0, -10, -3] [7, 2, -4, 2]
[-1, -1, -4, 4] [3, -6, -7, 9] [-3, 7, -8, 16] [0, 0, 0, 0] [3, 19, 1, 3] [1, -3, 2, 9] [2, 3, 4, -5]
[9, 8, -1, -4] [-5, -1, -13, 0] [-7, 0, -2, -1] [-5, 0, 23, -8] [1, -4, 2, -2] [-6, 13, 4, 3] [7, 0, -3, 0]
[0, 0, 5, 2] [-2, 0, 2, 1] [6, -7, -2, 1] [0, -4, 0, 0] [2, 0, 0, 1] [-2, -4, 0, 4] [-2, -2, 1, -2]
[-11, 1, 2, -5] [-4, 0, 3, -3] [10, -5, 0, -7] [2, -1, 7, -13] [-2, 2, 3, -3] [8, 7, -2, 1] [-5, 7, 6, -4]
------------------------------
ALIVE
Head: (23 44)
Body: (23 44) (23 45) (23 46) (23 47) (23 48) (23 49) (23 50) (22 50) (21 50) (21 49) (22 49) 
Length: 11, 4
Vision: 3
Hungry, suplies: 10/10
Reproductive: 16, mutating: 0.25
Generation: 2266
####################################
Wall (up, right, down, left):
[0, -3, -5, -1] [6, 8, -4, 15] [-1, 2, 10, -4] [0, -1, 1, 0] [7, 0, 2, 2] [-1, 2, 5, -5] [-3, -3, 3, -4]
[-6, 0, 0, 3] [4, 0, 1, 0] [1, 0, -5, 6] [-16, -3, 1, 7] [0, 0, 3, -6] [-6, 4, 1, 0] [0, -5, 3, 7]
[4, 7, 5, -10] [-1, 7, -5, 5] [6, 0, 5, -2] [-29, 0, 9, 5] [1, -3, 2, -7] [2, -6, -10, 9] [-5, -1, 5, -1]
[-3, 0, 2, -14] [6, 10, 2, -2] [1, -1, -1, -33] [0, 0, 0, 0] [-7, -27, -1, 5] [-3, -17, -2, 3] [-5, -7, -3, -5]
[-6, -4, -12, -4] [-5, 3, 9, 0] [3, 2, -5, 3] [-1, 3, -20, -5] [2, 3, -3, 7] [4, 1, 0, 4] [-1, -2, 2, 1]
[0, 1, 5, -2] [1, -1, -7, -11] [-1, -2, -1, -3] [5, 0, -6, 2] [3, -5, -8, 5] [8, 1, -2, 2] [-4, -5, -3, 2]
[-2, -4, -10, 4] [-2, -3, 0, 0] [-4, -3, 1, -5] [0, 2, -14, -4] [-1, 2, 0, 5] [1, 9, -6, -7] [1, -2, 2, 1]
Food (up, right, down, left):
[6, 5, -3, 2] [2, -1, 9, 2] [-3, 0, -2, 0] [2, -2, -8, 13] [0, -4, -3, -5] [2, 5, 6, -6] [0, 6, 0, 9]
[0, -5, 0, -1] [1, -10, -3, 0] [0, -5, 3, -3] [-4, 5, -1, 8] [0, 4, -4, -5] [-1, 4, 3, 9] [-7, -4, -2, 3]
[-3, -2, -4, 7] [3, 3, 6, -6] [4, -2, 0, -4] [21, 6, 9, 0] [1, 7, 0, 9] [-2, 0, -10, -3] [7, 2, -4, 2]
[-1, -1, -4, 4] [3, -6, -7, 9] [-3, 7, -8, 16] [0, 0, 0, 0] [3, 19, 1, 3] [1, -3, 2, 9] [2, 1, 4, -5]
[9, 8, -1, -4] [-5, -1, -13, 0] [-7, 0, -2, -1] [-5, 0, 23, -8] [1, -4, 2, -2] [-6, 13, 4, 3] [7, 0, -3, 0]
[0, 0, 5, 2] [-2, 0, 2, 1] [6, -7, -2, 1] [0, -4, 0, 0] [2, 0, 0, 1] [-2, -4, 0, 4] [-2, -2, 1, -2]
[-11, 1, 2, -5] [-4, 0, 3, -3] [10, -5, 0, -7] [2, -1, 7, -13] [-2, 2, 3, -3] [8, 7, -2, 1] [-5, 7, 6, -4]
------------------------------
ALIVE
Head: (16 7)
Body: (16 7) (16 6) (17 6) (17 7) (18 7) (18 6) (18 5) (18 4) (18 3) (19 3) (19 4) (19 5) (19 6) (19 7) 
Length: 14, 4
Vision: 3
Hungry, suplies: 8/10
Reproductive: 16, mutating: 0.25
Generation: 2265
####################################
Wall (up, right, down, left):
[0, 1, -5, -1] [6, 8, -4, 15] [-1, 2, 10, 0] [0, 0, 1, 0] [7, 0, 2, 2] [-1, 2, 5, -5] [-3, -3, 3, -4]
[0, 0, 0, 3] [4, 0, 1, 0] [1, 0, -2, 6] [-12, -3, 1, 7] [0, 0, 3, -6] [-3, 7, 1, 0] [0, -5, 3, 7]
[4, 7, 5, -10] [0, 7, -5, 1] [6, 0, 5, -2] [-29, 0, 9, 5] [-2, 2, 2, -7] [2, -6, -10, 9] [-4, -1, 5, 1]
[0, 0, 2, -14] [6, 6, 2, -2] [1, -2, -1, -33] [0, 0, 0, 0] [-7, -27, -1, 5] [-3, -17, -2, 3] [-5, -7, -3, -10]
[-2, -4, -9, -4] [-5, 2, 9, 0] [3, 2, -5, 3] [3, 3, -20, -5] [2, 3, -3, 7] [4, 3, 0, 6] [-1, -2, 2, 1]
[0, -3, 7, 0] [4, -2, -7, -11] [-1, 3, -1, -3] [5, 0, -4, -1] [3, -5, -8, 0] [8, 1, -2, 2] [-4, -5, -3, 2]
[-2, -4, -10, 1] [-2, -3, 0, 0] [-4, -3, 1, -5] [0, 1, -14, -4] [-1, 2, 0, 5] [1, 9, -6, -7] [1, -2, 2, 1]
Food (up, right, down, left):
[6, 5, -5, 2] [2, -1, 9, 2] [-3, 0, -2, 0] [2, -2, -8, 9] [0, -4, -3, -5] [2, 7, 6, -6] [0, 6, 0, 9]
[0, -5, -9, -1] [1, -10, -3, 0] [0, -5, -2, -3] [-4, 6, -1, 8] [0, 4, -4, -5] [-1, 4, 3, 11] [-7, -4, -2, 3]
[-3, -2, -4, 7] [3, 0, 6, -7] [4, -2, 0, -4] [21, 6, 9, 0] [-1, 7, 0, 9] [-2, 0, -10, -3] [7, -3, -4, 0]
[-1, -1, -1, 8] [3, -6, -12, 9] [-3, 7, -8, 19] [0, 0, 0, 0] [3, 19, 1, 3] [1, -3, 2, 9] [-1, 3, 4, -5]
[11, 8, -1, -4] [-5, -1, -8, 0] [-7, 0, -2, -1] [-5, 0, 23, -4] [1, -4, 2, -2] [-6, 13, 4, -1] [7, 0, -3, 0]
[-5, -4, 5, 0] [-2, 0, 0, 1] [6, -7, -2, -1] [0, -7, 0, 0] [2, -4, 0, 1] [-2, -4, 0, 4] [-2, -2, 1, -2]
[-11, 1, -3, -5] [-4, 0, 3, -3] [10, -5, 0, -7] [2, -1, 7, -14] [-2, 2, 3, -3] [8, 7, -2, 1] [-5, 7, 6, -4]
------------------------------
ALIVE
Head: (13 20)
Body: (13 20) (12 20) (12 19) (12 18) (13 18) (13 17) (13 16) (13 15) (12 15) (11 15) 
Length: 10, 4
Vision: 3
Hungry, suplies: 10/10
Reproductive: 16, mutating: 0.25
Generation: 2253
####################################
Wall (up, right, down, left):
[0, 1, -5, -1] [6, 8, -4, 15] [-1, 2, 10, 0] [0, 0, 1, 0] [7, 0, 2, 2] [-1, 2, 5, -5] [-3, -4, 3, -4]
[0, 0, 0, 3] [4, 0, 1, 0] [1, 0, -2, 6] [-12, -3, 1, 7] [0, 0, 3, -6] [-3, 7, 1, 0] [0, -5, 3, 7]
[4, 7, 5, -10] [0, 7, -5, 1] [8, 0, 5, -2] [-29, 0, 9, 5] [-2, 2, 2, -7] [2, -6, -10, 9] [-4, -1, 5, 1]
[0, 0, 2, -14] [6, 6, 2, -2] [1, -2, -1, -33] [0, 0, 0, 0] [-7, -27, -1, 5] [-3, -17, -2, 3] [-5, -7, -3, -10]
[-2, -4, -9, -4] [-5, 4, 9, 0] [3, 2, -5, 3] [-1, 3, -20, -5] [2, 3, -3, 7] [4, 1, 0, 6] [-1, -2, 2, 1]
[0, -3, 7, 0] [4, -2, -7, -11] [-1, 3, -1, -3] [5, 0, -4, 2] [3, -5, -8, 0] [8, 1, -2, 2] [-4, -5, -3, 2]
[-2, -4, -10, 1] [-2, -7, 0, 0] [-4, -3, 1, -5] [0, 2, -14, -4] [-1, 2, 0, 5] [1, 9, -6, -7] [1, -2, 2, 1]
Food (up, right, down, left):
[6, 5, -5, 2] [2, -1, 9, 2] [-3, 0, -2, 0] [2, -2, -8, 9] [0, -4, -3, -5] [2, 7, 6, -6] [0, 6, -1, 9]
[0, -5, -9, -1] [1, -10, -3, 0] [0, -5, -2, -3] [-4, 6, -1, 8] [0, 4, -4, -5] [-1, 4, 3, 11] [-7, -4, -2, 3]
[-3, -2, -4, 7] [3, 0, 6, -7] [4, -2, 0, -5] [21, 6, 9, 0] [-1, 7, 0, 9] [-2, 0, -10, -3] [7, -3, -4, 0]
[-1, -1, -1, 8] [3, -6, -12, 9] [-3, 7, -8, 19] [0, 0, 0, 0] [3, 19, 1, 3] [1, -3, 2, 9] [-1, 3, 4, -5]
[11, 8, -1, -4] [-5, -1, -8, 0] [-7, 0, -2, -1] [-5, 0, 23, -8] [1, -4, 2, -2] [-6, 13, 4, 4] [7, 0, -3, 0]
[-5, -4, 5, 0] [-2, 0, 0, 1] [6, -7, -2, -1] [0, -7, 0, 0] [2, -4, 0, 1] [-2, -4, 0, 4] [-2, -2, 1, -2]
[-11, 1, -3, -5] [-4, 0, 7, -3] [10, -5, 0, -7] [2, -1, 7, -13] [-2, 2, 3, -3] [8, 7, -2, 1] [-5, 7, 6, -4]
------------------------------
ALIVE
Head: (15 12)
Body: (15 12) (15 13) (15 14) (15 15) (15 16) (16 16) (16 15) (16 14) (16 13) (16 12) (17 12) (18 12) (18 13) (19 13) 
Length: 14, 4
Vision: 3
Hungry, suplies: 10/10
Reproductive: 16, mutating: 0.25
Generation: 2249
####################################
Wall (up, right, down, left):
[0, 1, -5, -1] [6, 8, -4, 15] [-1, 2, 10, 0] [0, 0, 1, 0] [7, 0, 2, 2] [-1, 2, 5, -5] [-3, -4, 3, -4]
[0, 0, 0, 3] [4, 0, 1, 0] [1, 0, -2, 6] [-12, -3, 1, 7] [0, 0, 3, -6] [-3, 7, 1, 0] [0, -5, 3, 7]
[4, 7, 5, -10] [0, 7, -5, 1] [8, 0, 5, -2] [-29, 0, 9, 5] [-2, 2, 2, -7] [2, -6, -10, 9] [-4, -1, 5, 1]
[0, 0, 2, -14] [6, 6, 2, -2] [1, -2, -1, -33] [0, 0, 0, 0] [-7, -27, -1, 5] [-3, -17, -2, 3] [-5, -7, -3, -10]
[-2, -4, -9, -4] [-5, 4, 9, 0] [3, 2, -5, 3] [-1, 3, -20, -5] [2, 3, -3, 7] [4, 1, 0, 6] [-1, -2, 2, 1]
[0, -3, 7, 0] [4, -2, -7, -11] [-1, 3, -1, -3] [5, 0, -4, 2] [3, -5, -8, 0] [8, 1, -2, 2] [-4, -5, -3, 2]
[-2, -4, -10, 1] [-2, -7, 0, 0] [-4, -3, 1, -5] [0, 2, -14, -4] [-1, 2, 0, 5] [1, 9, -6, -7] [1, -2, 2, 1]
Food (up, right, down, left):
[6, 5, -5, 2] [2, -1, 9, 2] [-3, 0, -2, 0] [2, -2, -8, 9] [0, -4, -3, -5] [2, 7, 6, -6] [0, 6, -1, 9]
[0, -5, -9, -1] [1, -10, -3, 0] [0, -5, -2, -3] [-4, 6, -1, 8] [0, 4, -4, -5] [-1, 4, 3, 11] [-7, -4, -2, 3]
[-3, -2, -4, 7] [3, 0, 6, -7] [4, -2, 0, -5] [21, 6, 9, 0] [-1, 7, 0, 9] [-2, 0, -10, -3] [7, -3, -4, 0]
[-1, -1, -1, 8] [3, -6, -12, 9] [-3, 7, -8, 19] [0, 0, 0, 0] [3, 19, 1, 3] [1, -3, 2, 9] [-1, 3, 4, -5]
[11, 8, -1, -4] [-5, -1, -8, 0] [-7, 0, -2, -1] [-5, 0, 23, -8] [1, -4, 2, -2] [-6, 13, 4, 4] [7, 0, -3, 0]
[-5, -4, 5, 0] [-2, 0, 0, 1] [6, -7, -2, -1] [0, -7, 0, 0] [2, -4, 0, 1] [-2, -4, 0, 4] [-2, -2, 1, -2]
[-11, 1, -3, -5] [-4, 0, 7, -3] [10, -5, 0, -7] [2, -1, 7, -13] [-2, 2, 3, -3] [8, 7, -2, 1] [-5, 7, 6, -4]
------------------------------
ALIVE
Head: (10 2)
Body: (10 2) (11 2) (11 1) (10 1) (9 1) (8 1) (7 1) (6 1) (5 1) (4 1) (3 1) (2 1) 
Length: 12, 4
Vision: 3
Hungry, suplies: 9/10
Reproductive: 16, mutating: 0.25
Generation: 2250
####################################
Wall (up, right, down, left):
[0, -3, -5, -1] [6, 8, -4, 15] [-1, 2, 10, -4] [0, -1, 1, 0] [7, 0, 2, 2] [-1, 5, 5, -5] [-3, -3, 3, -4]
[-6, 0, 0, 3] [4, 0, 1, 3] [1, 0, -5, 6] [-14, -3, 1, 7] [0, 0, 3, -6] [-6, 4, 1, 0] [-2, -5, 3, 7]
[4, 7, 5, -10] [-1, 7, -5, 5] [6, 0, 5, -2] [-29, 0, 9, 5] [1, -3, 2, -7] [2, -6, -10, 9] [-5, -1, 5, -1]
[-3, 0, 2, -14] [6, 10, 2, -2] [1, -2, -1, -33] [0, 0, 0, 0] [-7, -27, -1, 5] [-3, -17, -2, 3] [-5, -7, -3, -10]
[-6, -4, -12, 1] [-5, 4, 9, 0] [3, 2, -5, 3] [-1, 3, -20, -5] [2, 3, -3, 7] [4, 1, 0, 4] [-1, -2, 2, 1]
[0, 1, 5, 0] [9, -1, -7, -11] [-1, -2, -1, -3] [5, 0, -6, 2] [3, -5, -8, 0] [8, 1, -2, 2] [-4, -5, -3, 2]
[-2, -4, -10, 1] [-2, -3, 0, 0] [-4, -3, 1, -5] [0, 2, -14, -4] [-1, 2, 0, 5] [1, 9, -6, -7] [1, -2, 2, 1]
Food (up, right, down, left):
[6, 5, -3, 2] [2, -1, 9, 2] [-3, 0, -2, 0] [2, -2, -8, 13] [0, -4, -3, -5] [-1, 5, 6, -6] [0, 6, 0, 9]
[0, -5, 0, -1] [5, -10, -3, 0] [0, -5, 3, -3] [-4, 6, -1, 10] [0, 4, -4, -5] [-1, 4, 3, 9] [-7, -4, -3, 3]
[-3, -2, -4, 7] [3, 3, 6, -6] [4, -2, 0, -4] [21, 6, 9, 0] [1, 7, 0, 9] [-2, 0, -10, -3] [7, 2, -4, 2]
[-1, -1, -1, 4] [3, -6, -7, 9] [-3, 7, -8, 19] [0, 0, 0, 0] [3, 19, 1, 3] [1, -3, 2, 9] [2, 3, 4, -5]
[9, 5, -1, -4] [-5, -1, -8, 0] [-7, 0, -2, -1] [-5, 0, 23, -8] [1, -4, 2, -2] [-6, 13, 4, 3] [7, 0, -3, 0]
[0, -4, 5, 2] [-2, 0, -5, 1] [6, -7, -2, 1] [0, -4, 0, 0] [2, -4, 0, 1] [-2, -4, 0, 4] [-2, -2, 1, -2]
[-11, 1, -3, -5] [-4, 0, 3, -3] [10, -5, 0, -7] [2, -1, 7, -13] [-2, 2, 3, -3] [8, 7, -2, 1] [-5, 7, 6, -4]
------------------------------
ALIVE
Head: (10 38)
Body: (10 38) (10 37) (10 36) (10 35) (10 34) (10 33) (10 32) (11 32) (12 32) (12 33) (13 33) (13 34) (13 35) 
Length: 13, 4
Vision: 3
Hungry, suplies: 7/10
Reproductive: 16, mutating: 0.25
Generation: 2266
####################################
Wall (up, right, down, left):
[0, 1, -5, -1] [6, 8, -4, 15] [-1, 2, 10, 0] [0, 0, 1, 0] [7, 0, 2, 2] [-1, 2, 5, -5] [-3, -4, 3, -4]
[0, 0, 0, 3] [4, 0, 1, 0] [1, 0, -2, 6] [-12, -3, 1, 7] [0, 0, 3, -6] [-3, 7, 1, 0] [0, -5, 3, 7]
[4, 7, 5, -10] [0, 7, -5, 1] [8, 0, 5, -2] [-29, 0, 9, 5] [-2, 2, 2, -7] [2, -6, -12, 9] [-4, -1, 5, 1]
[0, 0, 2, -14] [6, 6, 2, -2] [1, -2, -1, -33] [0, 0, 0, 0] [-7, -27, -1, 5] [-3, -17, -2, 3] [-5, -7, -3, -10]
[-2, -4, -9, -4] [-5, 4, 9, 0] [3, 2, -5, 3] [-1, 3, -20, -5] [2, 3, -3, 7] [4, 1, 0, 6] [-1, -2, 2, 1]
[0, -3, 7, 0] [4, -2, -7, -11] [-1, 3, -1, -3] [5, 0, -4, 2] [3, -5, -8, 0] [8, 1, -2, 2] [-4, -5, -3, 2]
[-2, -4, -10, 1] [-2, -7, 0, 0] [-4, -3, 1, -5] [0, 2, -14, -4] [-1, 2, 0, 5] [1, 9, -6, -7] [1, -2, 2, 1]
Food (up, right, down, left):
[6, 5, -5, 2] [2, -1, 9, 2] [-3, 0, -2, 0] [2, -2, -8, 9] [0, -4, -3, -5] [2, 7, 6, -6] [0, 6, -1, 9]
[0, -5, -9, -1] [1, -10, -3, 0] [0, -5, -2, -3] [-4, 6, -1, 8] [0, 4, -4, -5] [-1, 4, 3, 11] [-7, -4, -2, 3]
[-3, -2, -4, 7] [3, 0, 6, -7] [4, -2, 0, -5] [21, 6, 9, 0] [-1, 7, 0, 9] [-2, 0, -11, -3] [7, -3, -4, 0]
[-1, -1, -1, 8] [3, -6, -12, 9] [-3, 7, -8, 19] [0, 0, 0, 0] [3, 19, 1, 3] [1, -3, 2, 9] [-1, 3, 4, -5]
[11, 8, -1, -4] [-5, -1, -8, 0] [-7, 0, -2, -1] [-5, 0, 23, -8] [1, -4, 2, -2] [-6, 13, 4, 4] [7, 0, -3, 0]
[-5, -4, 5, 0] [-2, 0, 0, 1] [6, -7, -2, -1] [0, -7, 0, 0] [2, -4, 0, 1] [-2, -4, 0, 4] [-2, -2, 1, -2]
[-11, 1, -3, -5] [-4, 0, 7, -3] [10, -5, 0, -7] [2, -1, 7, -13] [-2, 2, 3, -3] [8, 7, -2, 1] [-5, 7, 6, -4]
------------------------------
ALIVE
Head: (21 23)
Body: (21 23) (21 22) (21 21) (21 20) (22 20) (22 19) (22 18) (22 17) (21 17) 
Length: 9, 4
Vision: 3
Hungry, suplies: 10/10
Reproductive: 16, mutating: 0.25
Generation: 2251
####################################
Wall (up, right, down, left):
[0, 1, -5, -1] [6, 8, -4, 15] [-1, 2, 10, 0] [0, 0, 1, 0] [7, 0, 2, 2] [-1, 2, 5, -5] [-3, -3, 3, -4]
[0, 0, 0, 3] [4, 0, 1, 0] [1, 0, -2, 6] [-12, -3, 1, 7] [0, 0, 3, -6] [-3, 7, 1, 0] [0, -5, 3, 7]
[4, 7, 5, -10] [0, 7, -5, 1] [6, 0, 5, -2] [-29, 0, 9, 5] [-2, 2, 2, -7] [2, -6, -10, 9] [-4, -1, 5, 1]
[0, 0, 2, -14] [6, 6, 2, -2] [1, -2, -1, -33] [0, 0, 0, 0] [-7, -27, -1, 5] [-3, -17, -2, 3] [-5, -7, -3, -10]
[-2, -4, -9, -4] [-5, 2, 9, 0] [3, 2, -5, 3] [3, 3, -20, -5] [2, 3, -3, 7] [4, 3, 0, 6] [-1, -2, 2, 1]
[0, -3, 7, 0] [4, -2, -7, -11] [-1, 3, -1, -3] [5, 0, -4, 2] [3, -5, -8, 0] [8, 1, -2, 2] [-4, -5, -3, 2]
[-2, -4, -10, 1] [-2, -3, 0, 0] [-4, -3, 1, -5] [0, 1, -14, -4] [-1, 2, 0, 5] [1, 9, -6, -7] [1, -2, 2, 1]
Food (up, right, down, left):
[6, 5, -5, 2] [2, -1, 9, 2] [-3, 0, -2, 0] [2, -2, -8, 9] [0, -4, -3, -5] [2, 7, 6, -6] [0, 6, 0, 9]
[0, -5, -9, -1] [1, -10, -3, 0] [0, -5, -2, -3] [-4, 6, -1, 8] [0, 4, -4, -5] [-1, 4, 3, 11] [-7, -4, -2, 3]
[-3, -2, -4, 7] [3, 0, 6, -7] [4, -2, 0, -4] [21, 6, 9, 0] [-1, 7, 0, 9] [-2, 0, -10, -3] [7, -3, -4, 0]
[-1, -1, -1, 8] [3, -6, -12, 9] [-3, 7, -8, 19] [0, 0, 0, 0] [3, 19, 1, 3] [1, -3, 2, 9] [-1, 3, 4, -5]
[11, 8, -1, -4] [-5, -1, -8, 0] [-7, 0, -2, -1] [-5, 0, 23, -4] [1, -4, 2, -2] [-6, 13, 4, -1] [7, 0, -3, 0]
[-5, -4, 5, 0] [-2, 0, 0, 1] [6, -7, -2, -1] [0, -7, 0, 0] [2, -4, 0, 1] [-2, -4, 0, 4] [-2, -2, 1, -2]
[-11, 1, -3, -5] [-4, 0, 3, -3] [10, -5, 0, -7] [2, -1, 7, -14] [-2, 2, 3, -3] [8, 7, -2, 1] [-5, 7, 6, -4]
------------------------------
ALIVE
Head: (13 52)
Body: (13 52) (12 52) (12 51) (12 50) (11 50) (11 51) (10 51) (9 51) (8 51) (8 52) (7 52) (6 52) (6 51) 
Length: 13, 4
Vision: 3
Hungry, suplies: 9/10
Reproductive: 16, mutating: 0.25
Generation: 2253
####################################
Wall (up, right, down, left):
[0, 1, -5, -1] [6, 8, -4, 15] [-1, 2, 10, 0] [0, 0, 1, 0] [7, 0, 2, 2] [-1, 2, 5, -5] [-3, -4, 3, -4]
[0, 0, 0, 3] [4, 0, 1, 0] [1, 0, -2, 6] [-12, -3, 1, 7] [0, 0, 3, -6] [-3, 7, 1, 0] [0, -5, 3, 7]
[4, 7, 5, -10] [0, 7, -5, 1] [8, 0, 5, -2] [-29, 0, 9, 5] [-2, 2, 2, -7] [2, -6, -10, 9] [-4, -1, 5, 1]
[0, 0, 2, -14] [6, 6, 2, -2] [1, -2, -1, -33] [0, 0, 0, 0] [-7, -27, -1, 5] [-3, -17, -2, 3] [-5, -7, -3, -10]
[-2, -4, -9, -4] [-5, 4, 9, 0] [3, 2, -5, 3] [-1, 3, -20, -5] [2, 3, -3, 7] [4, 1, 0, 6] [-1, -2, 2, 1]
[0, -3, 7, 0] [4, -2, -7, -11] [-1, 3, -1, -3] [5, 0, -4, 2] [3, -5, -8, 0] [8, 1, -2, 2] [-4, -5, -3, 2]
[-2, -4, -10, 1] [-2, -7, 0, 0] [-4, -3, 1, -5] [0, 2, -14, -4] [-1, 2, 0, 5] [1, 9, -6, -7] [1, -2, 2, 1]
Food (up, right, down, left):
[6, 5, -5, 2] [2, -1, 9, 2] [-3, 0, -2, 0] [2, -2, -8, 9] [0, -4, -3, -5] [2, 7, 6, -6] [0, 6, -1, 9]
[0, -5, -9, -1] [1, -10, -3, 0] [0, -5, -2, -3] [-4, 6, -1, 8] [0, 4, -4, -5] [-1, 4, 3, 11] [-7, -4, -2, 3]
[-3, -2, -4, 7] [3, 0, 6, -7] [4, -2, 0, -5] [21, 6, 9, 0] [-1, 7, 0, 9] [-2, 0, -10, -3] [7, -3, -4, 0]
[-1, -1, -1, 8] [3, -6, -12, 9] [-3, 7, -8, 19] [0, 0, 0, 0] [3, 19, 1, 3] [1, -3, 2, 9] [-1, 3, 4, -5]
[11, 8, -1, -4] [-5, -1, -8, 0] [-7, 0, -2, -1] [-5, 0, 23, -8] [1, -4, 2, -2] [-6, 13, 4, 4] [7, 0, -3, 0]
[-5, -4, 5, 0] [-2, 0, 0, 1] [6, -7, -2, -1] [0, -7, 0, 0] [2, -4, 0, 1] [-2, -4, 0, 4] [-2, -2, 1, -2]
[-11, 1, -3, -5] [-4, 0, 7, -3] [10, -5, 0, -7] [2, -1, 7, -13] [-2, 2, 3, -3] [8, 7, -2, 1] [-5, 7, 6, -4]
------------------------------
ALIVE
Head: (15 22)
Body: (15 22) (15 21) (15 20) (15 19) (15 18) (14 18) (14 17) (14 16) (14 15) (14 14) (14 13) (14 12) (13 12) 
Length: 13, 4
Vision: 3
Hungry, suplies: 9/10
Reproductive: 16, mutating: 0.25
Generation: 2250
####################################
Wall (up, right, down, left):
[0, 1, -5, -1] [6, 8, -4, 15] [-1, 2, 10, 0] [0, 0, 1, 0] [7, 0, 2, 2] [-1, 2, 5, -5] [-3, -4, 3, -4]
[0, 0, 0, 3] [4, 0, 1, 0] [1, 0, -2, 6] [-12, -3, 1, 7] [0, 0, 3, -6] [-3, 7, 1, 0] [0, -5, 3, 7]
[4, 7, 5, -10] [0, 7, -5, 1] [6, 0, 5, -2] [-29, 0, 9, 5] [-2, 2, 2, -7] [2, -6, -10, 9] [-4, -1, 5, 1]
[0, 0, 2, -14] [6, 6, 2, -2] [1, -2, -1, -33] [0, 0, 0, 0] [-7, -27, -1, 5] [-3, -17, -2, 3] [-5, -7, -3, -10]
[0, -4, -9, -4] [-5, 4, 9, 0] [3, 2, -5, 3] [-1, 3, -20, -5] [2, 3, -3, 7] [4, 1, 0, 6] [-1, -2, 2, 1]
[0, -3, 7, 0] [4, -2, -7, -11] [-1, 3, -1, -3] [5, 0, -4, 2] [3, -5, -8, 0] [8, 1, -2, 2] [-4, -5, -3, 2]
[-2, -4, -10, 1] [-2, -3, 0, 0] [-4, -3, 1, -5] [0, 2, -14, -4] [-1, 2, 0, 5] [1, 9, -6, -7] [1, -2, 2, 1]
Food (up, right, down, left):
[6, 5, -5, 2] [2, -1, 9, 2] [-3, 0, -2, 0] [2, -2, -8, 9] [0, -4, -3, -5] [2, 7, 6, -6] [0, 6, -1, 9]
[0, -5, -9, -1] [1, -10, -3, 0] [0, -5, -2, -3] [-4, 6, -1, 8] [0, 4, -4, -5] [-1, 4, 3, 11] [-7, -4, -2, 3]
[-3, -2, -4, 7] [3, 0, 6, -7] [4, -2, 0, -4] [21, 6, 9, 0] [-1, 7, 0, 9] [-2, 0, -10, -3] [7, -3, -4, 0]
[-1, -1, -1, 8] [3, -6, -12, 9] [-3, 7, -8, 19] [0, 0, 0, 0] [3, 19, 1, 3] [1, -3, 2, 9] [-1, 3, 4, -5]
[11, 8, -3, -4] [-5, -1, -8, 0] [-7, 0, -2, -1] [-5, 0, 23, -8] [1, -4, 2, -2] [-6, 13, 4, 4] [7, 0, -3, 0]
[-5, -4, 5, 0] [-2, 0, 0, 1] [6, -7, -2, -1] [0, -7, 0, 0] [2, -4, 0, 1] [-2, -4, 0, 4] [-2, -2, 1, -2]
[-11, 1, -3, -5] [-4, 0, 3, -3] [10, -5, 0, -7] [2, -1, 7, -13] [-2, 2, 3, -3] [8, 7, -2, 1] [-5, 7, 6, -4]
------------------------------
ALIVE
Head: (4 21)
Body: (4 21) (3 21) (3 20) (4 20) (4 19) (3 19) (2 19) (2 20) (2 21) (1 21) 
Length: 10, 4
Vision: 3
Hungry, suplies: 4/10
Reproductive: 16, mutating: 0.25
Generation: 2245
####################################
Wall (up, right, down, left):
[0, 1, -5, -1] [6, 8, -4, 15] [-1, 2, 10, 0] [0, 0, 1, 0] [7, 0, 2, 2] [-1, 2, 5, -5] [-3, -3, 3, -4]
[0, 0, 0, 3] [4, 0, 1, 0] [1, 0, -2, 6] [-12, -3, 1, 7] [0, 0, 3, -6] [-3, 7, 1, 0] [0, -5, 3, 7]
[4, 7, 5, -10] [0, 7, -5, 1] [6, 0, 5, -2] [-29, 0, 9, 5] [-2, 2, 2, -7] [2, -6, -10, 9] [-4, -1, 5, 1]
[0, 0, 2, -14] [6, 6, 2, -2] [1, -2, -1, -33] [0, 0, 0, 0] [-7, -27, -1, 5] [-3, -17, -2, 3] [-5, -7, -3, -10]
[-2, -4, -9, -4] [-5, 2, 4, 0] [3, 2, -5, 3] [3, 3, -20, -5] [2, 3, -3, 7] [4, 3, 0, 6] [-1, -2, 2, 1]
[0, -3, 7, 0] [4, -2, -7, -11] [-1, 3, -1, -3] [5, 0, -4, -1] [3, -5, -8, 0] [8, 1, -2, 2] [-4, -5, -3, 2]
[-2, -4, -10, 1] [-2, -3, 0, 0] [-4, -3, 1, -5] [0, 1, -14, -4] [-1, 2, 0, 5] [1, 9, -6, -7] [1, -2, 2, 1]
Food (up, right, down, left):
[6, 5, -5, 2] [2, -1, 9, 2] [-3, 0, -2, 0] [2, -2, -8, 9] [0, -4, -3, -5] [2, 7, 6, -6] [0, 6, 0, 9]
[0, -5, -9, -1] [1, -10, -3, 0] [0, -5, -2, -3] [-4, 6, -1, 8] [0, 4, -4, -5] [-1, 4, 3, 11] [-7, -4, -2, 3]
[-3, -2, -4, 7] [3, 0, 6, -7] [4, -2, 0, -4] [21, 6, 9, 0] [-1, 7, 0, 9] [-2, 0, -10, -3] [7, -3, -4, 0]
[-1, -1, -1, 8] [3, -6, -12, 9] [-3, 7, -8, 19] [0, 0, 0, 0] [3, 19, 1, 3] [1, -3, 2, 9] [-1, 3, 4, -5]
[11, 8, -1, -4] [-5, 1, -8, 0] [-7, 0, -2, -1] [-5, 0, 23, -4] [1, -4, 2, -2] [-6, 13, 4, -1] [7, 0, -3, 0]
[-5, -4, 5, 0] [-2, 0, 0, 1] [6, -7, -2, -1] [0, -7, 0, 0] [2, -4, 0, 1] [-2, -4, 0, 4] [-2, -2, 1, -2]
[-11, 1, -3, -5] [-4, 0, 3, -3] [10, -5, 0, -7] [2, -1, 7, -14] [-2, 2, 3, -3] [8, 7, -2, 1] [-5, 7, 6, -4]
------------------------------
ALIVE
Head: (2 31)
Body: (2 31) (3 31) (4 31) (4 30) (3 30) (2 30) (2 29) (2 28) 
Length: 8, 4
Vision: 3
Hungry, suplies: 2/10
Reproductive: 16, mutating: 0.25
Generation: 2254
####################################
Wall (up, right, down, left):
[0, 1, -5, -1] [6, 8, -4, 15] [-1, 3, 10, 0] [0, 0, 1, 0] [7, 0, 2, 2] [-1, 2, 5, -5] [-3, -4, 3, -4]
[0, 0, 0, 3] [4, 0, 1, 0] [1, 0, -2, 6] [-12, -3, 1, 7] [0, 0, 3, -6] [-3, 7, 1, 0] [0, -5, 3, 7]
[4, 7, 5, -10] [0, 7, -5, 1] [8, 0, 5, -2] [-29, 0, 9, 5] [-2, 2, 2, -7] [2, -6, -12, 9] [-4, -1, 5, 1]
[0, 0, 2, -14] [6, 6, 2, -2] [1, -2, -1, -33] [0, 0, 0, 0] [-7, -27, -1, 5] [-3, -17, -2, 3] [-5, -7, -3, -10]
[-2, -4, -9, -4] [-5, 4, 9, 0] [3, 2, -5, 3] [-1, 3, -20, -5] [2, 3, -3, 7] [4, 1, 0, 6] [-1, -2, 2, 1]
[0, -3, 7, 0] [4, -2, -7, -11] [-1, 3, -1, -3] [5, 0, -4, 2] [3, -5, -8, 0] [8, 1, -2, 2] [-4, -5, -3, 2]
[-2, -4, -10, 1] [-2, -7, 0, 0] [-4, -3, 1, -5] [0, 2, -14, -4] [-1, 2, 0, 5] [1, 9, -6, -7] [1, -2, 2, 1]
Food (up, right, down, left):
[6, 5, -5, 2] [2, -1, 9, 2] [-3, 0, -1, 0] [2, -2, -8, 9] [0, -4, -3, -5] [2, 7, 6, -6] [0, 6, -1, 9]
[0, -5, -9, -1] [1, -10, -3, 0] [0, -5, -2, -3] [-4, 6, -1, 8] [0, 4, -4, -5] [-1, 4, 3, 11] [-7, -4, -2, 3]
[-3, -2, -4, 7] [3, 0, 6, -7] [4, -2, 0, -5] [21, 6, 9, 0] [-1, 7, 0, 9] [-2, 0, -11, -3] [7, -3, -4, 0]
[-1, -1, -1, 8] [3, -6, -12, 9] [-3, 7, -8, 19] [0, 0, 0, 0] [3, 19, 1, 3] [1, -3, 2, 9] [-1, 3, 4, -5]
[11, 8, -1, -4] [-5, -1, -8, 0] [-7, 0, -2, -1] [-5, 0, 23, -8] [1, -4, 2, -2] [-6, 13, 4, 4] [7, 0, -3, 0]
[-5, -4, 5, 0] [-2, 0, 0, 1] [6, -7, -2, -1] [0, -7, 0, 0] [2, -4, 0, 1] [-2, -4, 0, 4] [-2, -2, 1, -2]
[-11, 1, -3, -5] [-4, 0, 7, -3] [10, -5, 0, -7] [2, -1, 7, -13] [-2, 2, 3, -3] [8, 7, -2, 1] [-5, 7, 6, -4]
------------------------------
ALIVE
Head: (8 15)
Body: (8 15) (8 14) (9 14) (10 14) (10 13) (9 13) (8 13) (7 13) (7 12) (8 12) (9 12) 
Length: 11, 4
Vision: 3
Hungry, suplies: 10/10
Reproductive: 16, mutating: 0.25
Generation: 2252
####################################
Wall (up, right, down, left):
[0, 1, -10, -1] [10, 8, -4, 15] [-1, 2, 10, 0] [0, 1, 1, 0] [7, 0, 2, 2] [-1, 2, 5, -5] [-3, -3, 3, -4]
[0, 0, 0, 3] [4, 0, 1, 0] [1, 0, -2, 6] [-12, -3, 1, 7] [0, 0, 3, -6] [-3, 7, 1, 0] [0, -5, 3, 7]
[4, 7, 5, -10] [0, 7, -5, 1] [6, 0, 5, -2] [-29, 0, 9, 5] [-2, 2, 2, -7] [2, -6, -10, 9] [-4, -1, 5, 1]
[0, 0, 2, -14] [6, 6, 2, -2] [1, -2, -1, -33] [0, 0, 0, 0] [-7, -27, -1, 5] [-3, -17, -2, 3] [-5, -7, -3, -10]
[-2, -4, -9, -4] [-5, 2, 9, 0] [3, 2, -5, 3] [3, 3, -20, -5] [2, 3, -3, 7] [4, 3, 0, 6] [-1, -2, 2, 1]
[0, -3, 7, 0] [4, -2, -7, -11] [-1, 3, -1, -3] [5, 0, -4, 2] [3, -5, -8, 0] [8, 1, -2, 2] [-4, -5, -3, 2]
[-2, -4, -10, 1] [-2, -3, 2, 0] [-4, -3, 1, -5] [0, 1, -14, -4] [-1, 2, 0, 5] [1, 9, -6, -7] [1, -2, 2, 1]
Food (up, right, down, left):
[6, 5, -5, 2] [2, -1, 14, 2] [-3, 0, -2, 0] [2, 3, -8, 9] [0, -4, -3, -5] [2, 7, 6, -6] [0, 6, 0, 9]
[0, -5, -9, -1] [1, -10, -3, 0] [0, -5, -2, -3] [-4, 6, -1, 8] [0, 4, -4, -5] [-1, 4, 3, 11] [-7, -4, -2, 3]
[-3, -2, -4, 7] [3, 0, 6, -7] [4, -2, 0, -4] [21, 6, 9, 0] [-1, 7, 0, 9] [-2, 0, -10, -3] [7, -3, -4, 0]
[-1, -1, -1, 8] [3, -6, -12, 9] [-3, 7, -8, 19] [0, 0, 0, 0] [3, 19, 1, 3] [1, -3, 2, 9] [-1, 3, 4, -5]
[11, 8, -1, -4] [-5, -1, -8, 0] [-7, 0, -2, -1] [-5, 0, 23, -4] [1, -4, 2, -2] [-6, 13, 4, -1] [7, 0, -3, 0]
[-5, -4, 5, 0] [-2, 0, 0, 1] [6, -7, -2, -1] [0, -7, 0, 0] [2, -4, 0, 1] [-2, -4, 0, 4] [-2, -2, 1, -2]
[-11, 1, -3, -5] [0, 0, 3, -3] [10, -5, 0, -7] [2, -1, 7, -14] [-2, 2, 3, -3] [8, 7, -2, 1] [-5, 7, 6, -4]
------------------------------
ALIVE
Head: (16 52)
Body: (16 52) (16 53) (15 53) (15 52) (15 51) (14 51) (14 50) (14 49) (14 48) (14 47) (13 47) (13 46) (13 45) 
Length: 13, 4
Vision: 3
Hungry, suplies: 10/10
Reproductive: 16, mutating: 0.25
Generation: 2253
####################################
Wall (up, right, down, left):
[0, 1, -5, -1] [6, 8, -4, 15] [-1, 2, 10, 0] [0, 0, 1, 0] [7, 0, 2, 2] [-1, 2, 5, -5] [-3, -3, 3, -4]
[0, 0, 0, 3] [4, 0, 1, 0] [1, 0, -2, 6] [-12, -3, 1, 7] [0, 0, 3, -6] [-3, 7, 1, 0] [0, -5, 3, 7]
[4, 7, 5, -10] [0, 7, -5, 1] [6, 0, 5, -2] [-29, 0, 9, 5] [-2, 2, 2, -7] [2, -6, -10, 9] [-4, -1, 5, 1]
[0, 0, 2, -14] [6, 6, 2, -2] [1, -2, -1, -33] [0, 0, 0, 0] [-7, -27, -1, 5] [-3, -17, -2, 3] [-5, -7, -3, -10]
[-2, -4, -9, -4] [-5, 2, 9, 0] [3, 2, -5, 3] [3, 3, -20, -5] [2, 3, -3, 7] [4, 3, 0, 6] [-1, -2, 2, 1]
[0, -3, 7, 0] [4, -2, -7, -11] [-1, 3, -1, -3] [5, 0, -4, -1] [3, -5, -8, 0] [8, 1, -2, 2] [-4, -5, -3, 2]
[-2, -4, -10, 1] [-2, -3, 0, 0] [-4, -3, 1, -5] [0, 1, -14, -4] [-1, 2, 0, 5] [1, 9, -6, -7] [1, -2, 2, 1]
Food (up, right, down, left):
[6, 5, -5, 2] [2, -1, 9, 2] [-3, 0, -2, 0] [2, -2, -8, 9] [0, -4, -3, -5] [2, 7, 6, -6] [0, 6, 0, 9]
[0, -5, -9, -1] [1, -10, -3, 0] [0, -5, -2, -3] [-4, 6, -1, 8] [0, 4, -4, -5] [-1, 4, 3, 11] [-7, -4, -2, 3]
[-3, -2, -4, 7] [3, 0, 6, -7] [4, -2, 0, -4] [21, 6, 9, 0] [-1, 7, 0, 9] [-2, 0, -10, -3] [7, -3, -4, 0]
[-1, -1, -1, 8] [3, -6, -12, 9] [-3, 7, -8, 19] [0, 0, 0, 0] [3, 19, 1, 3] [1, -3, 2, 9] [-1, 3, 4, -5]
[11, 8, -1, -4] [-5, -1, -8, 0] [-7, 0, -2, -1] [-5, 0, 23, -4] [1, -4, 2, -2] [-6, 13, 4, -1] [7, 0, -3, 0]
[-5, -4, 5, 0] [-2, 0, 0, 1] [6, -7, -2, -1] [0, -7, 0, 0] [2, -4, 0, 1] [-2, -4, 0, 4] [-2, -2, 1, -2]
[-11, 1, -3, -5] [-4, 0, 3, -3] [10, -5, 0, -7] [2, -1, 7, -14] [-2, 2, 3, -3] [8, 7, -2, 1] [-5, 7, 6, -4]
------------------------------
ALIVE
Head: (4 11)
Body: (4 11) (4 12) (4 13) (3 13) (3 14) (3 15) (3 16) (3 17) (4 17) 
Length: 9, 4
Vision: 3
Hungry, suplies: 7/10
Reproductive: 16, mutating: 0.25
Generation: 2254
####################################
Wall (up, right, down, left):
[0, 1, -10, -1] [6, 8, -4, 15] [-1, 2, 10, 0] [0, 1, 1, 0] [7, 0, 2, 2] [-1, 2, 5, -5] [-3, -3, 3, -4]
[0, 0, 0, 3] [4, 0, 1, 0] [1, 0, -2, 6] [-12, -3, 1, 7] [0, 0, 3, -6] [-3, 7, 1, 0] [0, -5, 3, 7]
[4, 7, 5, -10] [0, 7, -5, 1] [6, 0, 5, -2] [-29, 0, 9, 5] [-2, 2, 2, -7] [2, -6, -10, 9] [-4, -1, 5, 1]
[0, 0, 2, -14] [6, 6, 2, -2] [1, -2, -1, -33] [0, 0, 0, 0] [-7, -27, -1, 5] [-3, -17, -2, 3] [-5, -7, -3, -10]
[-2, -4, -9, -4] [-5, 2, 9, 0] [3, 2, -5, 3] [3, 3, -20, -5] [2, 3, -3, 7] [4, 3, 0, 6] [-1, -2, 2, 1]
[0, -3, 7, 0] [4, -2, -7, -11] [-1, 3, -1, -3] [5, 0, -4, 2] [3, -5, -8, 0] [8, 1, -2, 2] [-4, -5, -3, 2]
[-2, -4, -10, 1] [-2, -3, 0, 0] [-4, -3, 1, -5] [0, 1, -14, -4] [-1, 2, 0, 5] [1, 9, -6, -7] [1, -2, 2, 1]
Food (up, right, down, left):
[6, 5, -5, 2] [2, -1, 9, 2] [-3, 0, -2, 0] [2, 3, -8, 9] [0, -4, -3, -5] [2, 7, 6, -6] [0, 6, 0, 9]
[0, -5, -9, -1] [1, -10, -3, 0] [0, -5, -2, -3] [-4, 6, -1, 8] [0, 4, -4, -5] [-1, 4, 3, 11] [-7, -4, -2, 3]
[-3, -2, -4, 7] [3, 0, 6, -7] [4, -2, 0, -4] [21, 6, 9, 0] [-1, 7, 0, 9] [-2, 0, -10, -3] [7, -3, -4, 0]
[-1, -1, -1, 8] [3, -6, -12, 9] [-3, 7, -8, 19] [0, 0, 0, 0] [3, 19, 1, 3] [1, -3, 2, 9] [-1, 3, 4, -5]
[11, 8, -1, -4] [-5, -1, -8, 0] [-7, 0, -2, -1] [-5, 0, 23, -4] [1, -4, 2, -2] [-6, 13, 4, -1] [7, 0, -3, 0]
[-5, -4, 5, 0] [-2, 0, 0, 1] [6, -7, -2, -1] [0, -7, 0, 0] [2, -4, 0, 1] [-2, -4, 0, 4] [-2, -2, 1, -2]
[-11, 1, -3, -5] [-4, 0, 3, -3] [10, -5, 0, -7] [2, -1, 7, -14] [-2, 2, 3, -3] [8, 7, -2, 1] [-5, 7, 6, -4]
------------------------------
ALIVE
Head: (4 46)
Body: (4 46) (5 46) (6 46) (6 47) (6 48) (6 49) (5 49) (5 50) (6 50) (7 50) 
Length: 10, 4
Vision: 3
Hungry, suplies: 9/10
Reproductive: 16, mutating: 0.25
Generation: 2253
####################################
Wall (up, right, down, left):
[0, -3, -5, -1] [6, 8, -4, 15] [-1, 2, 10, -4] [0, -1, 1, 0] [7, 0, 2, 2] [-1, 5, 5, -5] [-3, -3, 3, -4]
[-6, 0, 0, 3] [4, 0, 1, 3] [1, 0, -5, 6] [-14, -3, 1, 7] [0, 0, 3, -6] [-6, 4, 1, 0] [-2, -5, 3, 7]
[4, 7, 5, -10] [-1, 7, -5, 5] [6, 0, 5, -2] [-29, 0, 9, 5] [1, -3, 2, -7] [2, -6, -10, 9] [-5, -1, 5, -1]
[-3, 0, 2, -14] [6, 10, 2, -2] [1, -2, -1, -33] [0, 0, 0, 0] [-7, -27, -1, 5] [-3, -17, -2, 3] [-5, -7, -3, -10]
[-6, -4, -12, 1] [-5, 4, 9, 0] [3, 2, -5, 3] [-1, 3, -20, -5] [2, 3, -3, 7] [4, 1, 0, 4] [-1, -2, 2, 1]
[0, 1, 5, 0] [9, -1, -7, -11] [-1, -2, -1, -3] [5, 0, -6, 2] [3, -5, -8, 0] [8, 1, -2, 2] [-4, -5, -3, 2]
[-2, -4, -10, 1] [-2, -3, 0, 0] [-4, -3, 1, -5] [0, 2, -14, -4] [-1, 2, 0, 5] [1, 9, -6, -7] [1, -2, 2, 1]
Food (up, right, down, left):
[6, 5, -3, 2] [2, -1, 9, 2] [-3, 0, -2, 0] [2, -2, -8, 13] [0, -4, -3, -5] [-1, 5, 6, -6] [0, 6, 0, 9]
[0, -5, 0, -1] [5, -10, -3, 0] [0, -5, 3, -3] [-4, 6, -1, 10] [0, 4, -4, -5] [-1, 4, 3, 9] [-7, -4, -3, 3]
[-3, -2, -4, 7] [3, 3, 6, -6] [4, -2, 0, -4] [21, 6, 9, 0] [1, 7, 0, 9] [-2, 0, -10, -3] [7, 2, -4, 2]
[-1, -1, -1, 4] [3, -6, -7, 9] [-3, 7, -8, 19] [0, 0, 0, 0] [3, 19, 1, 3] [1, -3, 2, 9] [2, 3, 4, -5]
[9, 5, -1, -4] [-5, -1, -8, 0] [-7, 0, -2, -1] [-5, 0, 23, -8] [1, -4, 2, -2] [-6, 13, 4, 3] [7, 0, -3, 0]
[0, -4, 5, 2] [-2, 0, -5, 1] [6, -7, -2, 1] [0, -4, 0, 0] [2, -4, 0, 1] [-2, -4, 0, 4] [-2, -2, 1, -2]
[-11, 1, -3, -5] [-4, 0, 3, -3] [10, -5, 0, -7] [2, -1, 7, -13] [-2, 2, 3, -3] [8, 7, -2, 1] [-5, 7, 6, -4]
------------------------------
ALIVE
Head: (16 36)
Body: (16 36) (16 37) (16 38) (16 39) (17 39) (18 39) (19 39) (20 39) (20 40) (20 41) 
Length: 10, 4
Vision: 3
Hungry, suplies: 9/10
Reproductive: 16, mutating: 0.25
Generation: 2266
####################################
Wall (up, right, down, left):
[0, -3, -5, -1] [6, 8, -4, 15] [-1, 2, 10, -4] [0, -1, 1, 0] [7, 0, 2, 2] [-1, 2, 5, -5] [-3, -3, 3, -4]
[-6, 0, 0, 3] [4, 0, 1, 0] [1, 0, -5, 6] [-16, -3, 1, 7] [0, 0, 3, -6] [-6, 4, 1, 0] [0, -5, 3, 7]
[4, 7, 5, -10] [-1, 7, -5, 5] [6, 0, 5, -2] [-29, 0, 9, 5] [1, -3, 2, -7] [2, -6, -10, 9] [-5, -1, 5, -1]
[-3, 0, 2, -14] [6, 10, 2, -2] [1, -1, -1, -33] [0, 0, 0, 0] [-7, -27, -1, 5] [-3, -17, -2, 3] [-5, -7, -3, -10]
[-6, -4, -12, -4] [-5, 3, 9, 0] [3, 2, -5, 3] [-1, 3, -20, -5] [2, 3, -3, 7] [4, 1, 0, 4] [-1, -2, 2, 1]
[0, 1, 5, -2] [1, -1, -7, -11] [-1, -2, -1, -3] [5, 0, -6, 2] [3, -5, -8, 5] [8, 1, -2, 2] [-4, -5, -3, 2]
[-2, -4, -10, 4] [-2, -3, 0, 0] [-4, -3, 1, -5] [0, 2, -14, -4] [-1, 2, 0, 5] [1, 9, -6, -7] [1, -2, 2, 1]
Food (up, right, down, left):
[6, 5, -3, 2] [2, -1, 9, 2] [-3, 0, -2, 0] [2, -2, -8, 13] [0, -4, -3, -5] [2, 5, 6, -6] [0, 6, 0, 9]
[0, -5, 0, -1] [1, -10, -3, 0] [0, -5, 3, -3] [-4, 5, -1, 8] [0, 4, -4, -5] [-1, 4, 3, 9] [-7, -4, -2, 3]
[-3, -2, -4, 7] [3, 3, 6, -6] [4, -2, 0, -4] [21, 6, 9, 0] [1, 7, 0, 9] [-2, 0, -10, -3] [7, 2, -4, 2]
[-1, -1, -4, 4] [3, -6, -7, 9] [-3, 7, -8, 16] [0, 0, 0, 0] [3, 19, 1, 3] [1, -3, 2, 9] [2, 3, 4, -5]
[9, 8, -1, -4] [-5, -1, -13, 0] [-7, 0, -2, -1] [-5, 0, 23, -8] [1, -4, 2, -2] [-6, 13, 4, 3] [7, 0, -3, 0]
[0, 0, 5, 2] [-2, 0, 2, 1] [6, -7, -2, 1] [0, -4, 0, 0] [2, 0, 0, 1] [-2, -4, 0, 4] [-2, -2, 1, -2]
[-11, 1, 2, -5] [-4, 0, 3, -3] [10, -5, 0, -7] [2, -1, 7, -13] [-2, 2, 3, -3] [8, 7, -2, 1] [-5, 7, 6, -4]
------------------------------
ALIVE
Head: (22 38)
Body: (22 38) (22 39) (22 40) (22 41) (22 42) (22 43) (22 44) (22 45) 
Length: 8, 4
Vision: 3
Hungry, suplies: 8/10
Reproductive: 16, mutating: 0.25
Generation: 2267
####################################
