Wall (up, right, down, left):
[-8, -7, -4, -6] [1, 3, 6, -17] [-23, 2, -12, -25] [7, 4, 16, 2] [-11, 8, 32, 2] [17, -4, -19, -13] [9, -25, 3, -2]
[-29, -1, 8, -18] [4, 18, -12, 0] [-36, 5, 14, -9] [-42, 14, 38, 16] [26, 32, 3, 4] [-40, -16, 3, -26] [-23, 5, -2, 10]
[-16, 24, 27, 29] [-14, 24, -27, -9] [-7, -4, 46, -5] [-98, 25, 60, 5] [-44, -52, -15, 32] [-22, -27, -12, 7] [-6, -20, -25, -9]
[-13, 49, -16, -38] [7, -14, 36, -35] [13, 37, 7, -123] [0, 0, 0, 0] [53, -111, 17, 17] [22, -7, 1, 10] [13, 16, 26, -9]
[-2, -37, 19, 6] [11, -7, -17, -32] [-17, -18, -42, -51] [48, 7, -139, 27] [12, 0, -40, 71] [7, 17, -3, 16] [-19, -75, -15, 39]
[26, 31, 5, -2] [-26, 12, -13, 4] [36, -1, 15, -3] [-4, -2, -19, 1] [-4, -11, -34, -16] [5, -17, -16, 5] [37, 15, 19, -4]
[-17, 1, 25, -4] [-2, -9, -54, -13] [-6, 2, 29, 19] [-24, 23, -58, -19] [48, 9, -14, 33] [36, -12, -34, 34] [4, -10, 20, -8]
Food (up, right, down, left):
[9, 11, 4, 27] [-19, 28, 2, -26] [11, -20, 1, 6] [-19, 1, 57, 2] [5, -14, 52, -7] [1, -31, -19, -30] [-60, 21, 9, -22]
[-77, 15, -48, 3] [2, -8, -29, 0] [-1, 5, 26, 32] [-33, 9, -58, 28] [13, 16, -2, -52] [37, -3, -61, 25] [15, 0, 31, 37]
[-37, 9, 34, -32] [20, -5, -12, 34] [-34, -40, -30, 21] [56, -30, 28, 12] [-4, -12, -15, -27] [-4, 25, -47, -33] [63, 34, 25, 24]
[2, 26, -9, 46] [-28, -12, -19, 35] [-2, 0, -34, -17] [0, 0, 0, 0] [-10, 58, -49, -3] [12, -26, -46, -22] [-22, 53, -22, 4]
[1, 21, -16, 15] [15, 18, 4, 37] [21, -19, 34, 30] [-16, -53, 38, -5] [-1, 19, 20, -2] [12, 45, 21, 4] [-2, -30, -11, -15]
[7, -35, -24, 7] [11, 12, 14, -27] [23, 1, 24, 27] [-45, -33, 64, -16] [-48, -41, 11, -64] [-38, 80, 36, 27] [-1, 51, 24, 29]
[24, -5, -38, -12] [-12, -12, 26, -69] [36, 25, -1, -11] [-2, -3, -5, -26] [65, 46, 9, -23] [0, 37, 4, 5] [14, -31, 18, -23]
------------------------------
ALIVE
Head: (13 22)
Body: (13 22) (13 21) (12 21) (11 21) (10 21) (10 20) (10 19) (10 18) 
Length: 8, 4
Vision: 3
Hungry, suplies: 6/10
Reproductive: 16, mutating: 0.25
Generation: 58278
####################################
Wall (up, right, down, left):
[-7, -7, -4, -6] [3, 3, 6, -17] [-23, 6, -12, -25] [5, 4, 17, 2] [-11, 8, 32, 2] [17, -4, -19, -20] [9, -25, 3, -2]
[-29, -1, 8, -18] [4, 18, -12, 0] [-36, 5, 14, -9] [-42, 14, 38, 16] [26, 32, 3, 4] [-40, -16, 3, -26] [-23, 5, -2, 10]
[-16, 24, 27, 29] [-14, 24, -27, -9] [-7, -4, 46, -11] [-98, 25, 60, 1] [-44, -52, -15, 32] [-22, -27, -12, 7] [-6, -17, -25, -14]
[-10, 49, -16, -38] [7, -14, 36, -35] [13, 37, 7, -118] [0, 0, 0, 0] [53, -111, 17, 21] [22, -7, 1, 10] [13, 11, 27, -9]
[-2, -37, 19, 6] [11, -7, -17, -32] [-17, -18, -42, -51] [48, 7, -139, 31] [12, 0, -40, 64] [7, 17, -3, 16] [-19, -75, -16, 39]
[26, 31, 5, -2] [-24, 12, -13, 4] [36, -1, 15, -4] [-4, -2, -15, 1] [-5, -8, -34, -20] [5, -17, -16, 5] [37, 15, 19, -4]
[-17, 1, 25, -4] [-2, -9, -54, -13] [-6, 4, 29, 19] [-24, 23, -58, -19] [48, 9, -14, 33] [36, -12, -34, 34] [4, -10, 20, -8]
Food (up, right, down, left):
[9, 11, 4, 27] [-19, 28, 2, -24] [14, -20, 1, 6] [-19, 1, 52, 1] [5, -14, 52, -7] [-2, -31, -17, -33] [-60, 21, 9, -22]
[-77, 15, -48, 3] [2, -8, -29, 0] [-1, 5, 26, 32] [-33, 9, -58, 28] [13, 16, -2, -52] [37, -3, -61, 25] [15, 0, 31, 37]
[-37, 9, 34, -32] [20, -5, -12, 34] [-31, -41, -30, 21] [56, -30, 30, 12] [-4, -12, -15, -27] [-4, 25, -47, -33] [63, 31, 25, 24]
[2, 26, -9, 45] [-28, -12, -19, 35] [-2, 0, -30, -17] [0, 0, 0, 0] [-10, 58, -49, -6] [12, -26, -46, -22] [-22, 53, -17, 5]
[1, 21, -16, 15] [15, 18, 4, 37] [21, -19, 38, 30] [-19, -53, 38, -5] [-3, 19, 20, -6] [12, 45, 21, 4] [-2, -32, -11, -15]
[7, -35, -24, 7] [11, 12, 14, -32] [23, 1, 27, 27] [-43, -33, 64, -16] [-43, -36, 11, -64] [-38, 80, 36, 27] [-1, 51, 24, 29]
[24, -5, -38, -12] [-12, -12, 26, -69] [36, 25, -2, -11] [-2, -3, -5, -26] [65, 46, 9, -23] [0, 37, 4, 5] [14, -31, 18, -23]
------------------------------
ALIVE
Head: (14 41)
Body: (14 41) (14 40) (14 39) (14 38) (13 38) (13 37) (13 36) (12 36) (12 35) (11 35) (10 35) (10 34) (9 34) (9 33) (9 32) 
Length: 15, 4
Vision: 3
Hungry, suplies: 6/10
Reproductive: 16, mutating: 0.25
Generation: 58280
####################################
Wall (up, right, down, left):
[-7, -7, -4, -6] [3, 3, 6, -17] [-23, 6, -12, -25] [5, 4, 17, 2] [-11, 8, 32, 2] [17, -4, -19, -20] [9, -25, 3, -2]
[-29, -1, 8, -18] [4, 18, -12, 0] [-36, 5, 14, -9] [-42, 14, 38, 16] [26, 32, 3, 4] [-40, -16, 3, -26] [-23, 5, -2, 10]
[-16, 24, 27, 29] [-14, 24, -27, -9] [-7, -4, 46, -11] [-98, 25, 60, 1] [-44, -52, -15, 32] [-22, -27, -12, 7] [-6, -17, -25, -14]
[-10, 49, -16, -38] [7, -14, 36, -35] [13, 37, 7, -118] [0, 0, 0, 0] [53, -111, 17, 21] [22, -7, 1, 10] [13, 11, 27, -9]
[-2, -37, 19, 6] [11, -7, -17, -32] [-17, -18, -42, -51] [48, 7, -139, 31] [12, 0, -40, 64] [7, 17, -3, 16] [-19, -75, -16, 39]
[26, 31, 5, -2] [-24, 12, -13, 4] [36, -1, 15, -4] [-4, -2, -15, 1] [-5, -8, -34, -16] [5, -17, -16, 5] [37, 15, 19, -4]
[-17, 1, 25, -4] [-2, -9, -54, -13] [-6, 4, 29, 19] [-24, 23, -58, -19] [48, 9, -14, 33] [36, -12, -34, 34] [4, -10, 20, -8]
Food (up, right, down, left):
[9, 11, 4, 27] [-19, 28, 2, -24] [14, -20, 1, 6] [-19, 1, 52, 1] [5, -14, 52, -7] [-2, -31, -17, -33] [-60, 21, 9, -22]
[-77, 15, -48, 3] [2, -8, -25, 0] [-1, 5, 26, 32] [-33, 9, -58, 28] [13, 16, -2, -52] [39, -3, -61, 25] [15, 0, 31, 37]
[-37, 9, 34, -32] [20, -5, -12, 34] [-31, -41, -30, 21] [56, -30, 30, 12] [-4, -12, -15, -27] [-4, 25, -47, -33] [63, 31, 25, 24]
[2, 26, -9, 45] [-28, -12, -19, 35] [-2, 0, -30, -17] [0, 0, 0, 0] [-10, 58, -49, -6] [12, -26, -46, -22] [-22, 53, -17, 5]
[1, 21, -16, 15] [15, 18, 4, 37] [21, -19, 38, 30] [-19, -53, 38, -5] [-3, 19, 20, -6] [12, 45, 21, 4] [-2, -32, -11, -15]
[7, -35, -24, 7] [11, 12, 14, -32] [23, 1, 27, 27] [-43, -33, 64, -16] [-44, -36, 11, -64] [-38, 80, 36, 27] [-1, 51, 24, 29]
[24, -5, -38, -12] [-12, -12, 26, -69] [36, 25, -2, -11] [-2, -3, -5, -26] [65, 46, 9, -23] [0, 37, 4, 5] [14, -31, 18, -23]
------------------------------
ALIVE
Head: (16 42)
Body: (16 42) (17 42) (17 43) (17 44) (18 44) (19 44) (20 44) (20 45) (20 46) (21 46) 
Length: 10, 4
Vision: 3
Hungry, suplies: 9/10
Reproductive: 16, mutating: 0.25
Generation: 58278
####################################
Wall (up, right, down, left):
[-8, -5, -4, -6] [1, 3, 6, -17] [-23, 2, -12, -25] [7, 4, 16, 2] [-11, 8, 32, 2] [17, -4, -19, -13] [9, -25, 3, -2]
[-29, -1, 8, -18] [4, 18, -12, 0] [-36, 5, 14, -9] [-42, 14, 38, 16] [26, 32, 3, 4] [-40, -16, 3, -26] [-23, 5, -2, 10]
[-16, 24, 27, 29] [-14, 24, -27, -9] [-7, -4, 46, -5] [-98, 25, 60, 5] [-44, -52, -15, 32] [-22, -27, -12, 7] [-6, -20, -25, -9]
[-13, 49, -16, -38] [7, -14, 36, -35] [13, 37, 7, -123] [0, 0, 0, 0] [53, -111, 17, 21] [22, -7, 1, 10] [13, 16, 26, -9]
[-2, -37, 19, 6] [11, -7, -17, -32] [-17, -18, -42, -51] [48, 7, -139, 27] [12, 0, -40, 71] [7, 17, -3, 16] [-19, -75, -15, 39]
[26, 31, 5, -2] [-26, 12, -13, 4] [36, -1, 15, -3] [-4, -2, -19, 1] [-4, -11, -34, -16] [5, -17, -16, 5] [37, 15, 19, -4]
[-17, 1, 25, -4] [-2, -8, -54, -13] [-6, 2, 29, 19] [-24, 23, -58, -19] [48, 9, -14, 33] [36, -12, -34, 34] [8, -10, 20, -8]
Food (up, right, down, left):
[9, 8, 4, 27] [-19, 28, 2, -26] [11, -20, 1, 6] [-19, 1, 57, 2] [5, -14, 52, -7] [1, -31, -19, -30] [-60, 21, 9, -22]
[-77, 15, -48, 3] [2, -8, -29, 0] [-1, 5, 26, 32] [-33, 9, -58, 28] [13, 16, -2, -52] [37, -3, -61, 25] [15, 0, 31, 37]
[-37, 9, 34, -32] [20, -5, -12, 34] [-34, -40, -30, 21] [56, -30, 28, 12] [-4, -12, -15, -27] [-4, 25, -47, -33] [63, 34, 25, 24]
[2, 26, -9, 46] [-28, -12, -19, 35] [-2, 0, -34, -17] [0, 0, 0, 0] [-10, 58, -49, -4] [12, -26, -46, -22] [-22, 53, -22, 4]
[1, 21, -16, 15] [15, 18, 4, 37] [21, -19, 38, 30] [-16, -53, 38, -5] [-1, 19, 20, -2] [12, 45, 21, 4] [-2, -30, -11, -15]
[7, -35, -24, 7] [11, 12, 14, -27] [23, 1, 24, 27] [-45, -33, 64, -16] [-48, -41, 11, -64] [-38, 80, 36, 27] [-1, 51, 24, 29]
[24, -5, -38, -12] [-9, -12, 26, -69] [36, 25, -1, -11] [-2, -3, -5, -26] [65, 46, 9, -23] [0, 37, 4, 5] [14, -36, 18, -23]
------------------------------
ALIVE
Head: (2 44)
Body: (2 44) (2 43) (3 43) (4 43) (4 44) (4 45) (4 46) (5 46) (5 47) (5 48) (4 48) 
Length: 11, 4
Vision: 3
Hungry, suplies: 10/10
Reproductive: 16, mutating: 0.25
Generation: 58280
####################################
Wall (up, right, down, left):
[-8, -7, -4, -6] [1, 3, 6, -17] [-23, 2, -12, -25] [7, 4, 16, 2] [-11, 8, 32, 2] [17, -4, -19, -13] [9, -25, 3, -2]
[-29, -1, 8, -18] [4, 18, -12, 0] [-36, 5, 14, -9] [-42, 19, 38, 16] [26, 32, 3, 4] [-40, -16, 3, -26] [-23, 5, -2, 10]
[-16, 24, 27, 29] [-14, 24, -27, -9] [-7, -4, 46, -5] [-98, 25, 60, 5] [-44, -52, -15, 32] [-22, -27, -12, 7] [-6, -20, -25, -9]
[-13, 49, -16, -38] [7, -14, 36, -35] [13, 37, 7, -123] [0, 0, 0, 0] [53, -111, 17, 21] [22, -7, 1, 10] [13, 16, 26, -9]
[-2, -37, 19, 6] [11, -7, -17, -32] [-17, -18, -42, -51] [48, 7, -139, 27] [12, 0, -40, 71] [7, 17, -7, 16] [-19, -75, -15, 39]
[26, 28, 5, -3] [-24, 12, -13, 4] [36, -1, 15, -3] [-4, -2, -19, 1] [-4, -11, -34, -16] [5, -17, -16, 5] [37, 15, 19, -4]
[-17, 1, 25, -4] [-2, -9, -54, -13] [-6, 2, 29, 19] [-24, 23, -58, -19] [48, 9, -14, 33] [36, -12, -34, 34] [4, -10, 22, -8]
Food (up, right, down, left):
[9, 11, 4, 27] [-19, 28, 2, -26] [11, -20, 1, 6] [-19, 1, 57, 2] [5, -14, 52, -7] [-2, -31, -19, -30] [-60, 21, 9, -22]
[-77, 15, -48, 3] [2, -8, -29, 0] [-1, 5, 26, 32] [-33, 11, -58, 28] [13, 16, -2, -52] [37, -3, -61, 25] [15, 0, 31, 37]
[-37, 9, 34, -32] [20, -5, -12, 34] [-34, -40, -30, 21] [56, -30, 28, 12] [-4, -12, -15, -27] [-4, 25, -47, -33] [63, 34, 25, 24]
[2, 26, -9, 46] [-28, -12, -19, 35] [-2, 0, -34, -17] [0, 0, 0, 0] [-10, 58, -49, -6] [12, -26, -46, -22] [-22, 53, -22, 4]
[1, 21, -16, 15] [15, 18, 4, 37] [21, -19, 38, 30] [-16, -53, 38, -5] [-1, 19, 20, -2] [12, 45, 17, 4] [-2, -30, -11, -15]
[7, -35, -20, 10] [11, 12, 14, -32] [23, 1, 24, 27] [-45, -33, 64, -16] [-48, -41, 11, -64] [-38, 80, 36, 27] [-1, 51, 24, 29]
[24, -5, -38, -12] [-12, -12, 26, -69] [36, 25, -1, -11] [-2, -3, -5, -26] [65, 46, 9, -23] [0, 37, 4, 5] [9, -31, 18, -23]
------------------------------
ALIVE
Head: (24 3)
Body: (-1 3) (0 3) (0 2) (25 1) (24 1) (24 57) (-1 56) (0 56) (0 55) 
Length: 9, 4
Vision: 3
Hungry, suplies: 8/10
Reproductive: 16, mutating: 0.25
Generation: 58283
####################################
Wall (up, right, down, left):
[-8, -7, -4, -6] [1, 3, 6, -17] [-23, 2, -12, -25] [7, 4, 16, 2] [-11, 8, 32, 2] [17, -4, -19, -13] [9, -25, 3, -2]
[-29, -1, 8, -18] [4, 18, -12, 0] [-36, 5, 14, -9] [-42, 19, 38, 16] [26, 32, 3, 4] [-40, -16, 3, -26] [-23, 5, -2, 10]
[-16, 24, 27, 29] [-14, 24, -27, -9] [-7, -4, 46, -5] [-98, 25, 60, 5] [-44, -52, -15, 32] [-22, -27, -12, 7] [-6, -20, -25, -9]
[-13, 49, -16, -38] [7, -14, 36, -35] [13, 37, 7, -123] [0, 0, 0, 0] [53, -111, 17, 21] [22, -7, 1, 10] [13, 16, 26, -9]
[-2, -37, 19, 6] [11, -7, -17, -32] [-17, -18, -42, -51] [48, 7, -139, 27] [12, 0, -40, 71] [7, 17, -7, 16] [-19, -75, -15, 39]
[26, 26, 5, -3] [-24, 12, -13, 4] [36, -1, 15, -3] [-4, -2, -19, 1] [-4, -11, -34, -16] [5, -17, -16, 5] [37, 15, 19, -4]
[-17, 1, 25, -4] [-2, -9, -54, -13] [-6, 2, 29, 19] [-24, 23, -58, -19] [48, 9, -14, 33] [36, -12, -34, 34] [4, -10, 20, -8]
Food (up, right, down, left):
[9, 11, 4, 27] [-19, 28, 2, -26] [11, -20, 1, 6] [-19, 1, 57, 2] [5, -14, 52, -7] [-2, -31, -19, -30] [-60, 21, 9, -22]
[-77, 15, -48, 3] [2, -8, -29, 0] [-1, 5, 26, 32] [-33, 11, -58, 28] [13, 16, -2, -52] [37, -3, -61, 25] [15, 0, 31, 37]
[-37, 9, 34, -32] [20, -5, -12, 34] [-34, -40, -30, 21] [56, -30, 28, 12] [-4, -12, -15, -27] [-4, 25, -47, -33] [63, 34, 25, 24]
[2, 26, -9, 46] [-28, -12, -19, 35] [-2, 0, -34, -17] [0, 0, 0, 0] [-10, 58, -49, -6] [12, -26, -46, -22] [-22, 53, -22, 4]
[1, 21, -16, 15] [15, 18, 4, 37] [21, -19, 38, 30] [-16, -53, 38, -5] [-1, 19, 20, -2] [12, 45, 17, 4] [-2, -30, -11, -15]
[7, -35, -20, 10] [11, 12, 14, -32] [23, 1, 24, 27] [-45, -33, 64, -16] [-48, -41, 11, -64] [-38, 80, 36, 27] [-1, 51, 24, 29]
[24, -5, -38, -12] [-12, -12, 26, -69] [36, 25, -1, -11] [-2, -3, -5, -26] [65, 46, 9, -23] [0, 37, 4, 5] [14, -31, 18, -23]
------------------------------
ALIVE
Head: (6 21)
Body: (6 21) (6 22) (6 23) (7 23) (7 24) (8 24) (8 25) (7 25) (6 25) (5 25) (4 25) (3 25) 
Length: 12, 4
Vision: 3
Hungry, suplies: 6/10
Reproductive: 16, mutating: 0.25
Generation: 58284
####################################
Wall (up, right, down, left):
[-8, -7, -4, -6] [1, 3, 6, -17] [-23, 2, -12, -25] [7, 4, 16, 2] [-11, 8, 32, 2] [17, -4, -19, -13] [9, -25, 3, -2]
[-29, -1, 8, -18] [4, 18, -12, 0] [-36, 5, 14, -9] [-42, 14, 38, 16] [26, 32, 3, 4] [-40, -16, 3, -26] [-23, 5, -2, 10]
[-16, 24, 27, 29] [-14, 24, -27, -9] [-7, -4, 46, -5] [-98, 25, 60, 5] [-44, -52, -15, 32] [-22, -27, -12, 7] [-6, -20, -25, -9]
[-13, 49, -16, -38] [7, -14, 36, -35] [13, 37, 7, -123] [0, 0, 0, 0] [53, -111, 17, 17] [22, -7, 1, 10] [13, 16, 26, -9]
[-2, -37, 19, 6] [11, -7, -17, -32] [-17, -18, -42, -51] [48, 7, -139, 27] [12, 0, -40, 71] [7, 17, -3, 16] [-19, -75, -15, 39]
[26, 31, 5, -2] [-26, 12, -13, 4] [36, -1, 15, -3] [-4, -2, -19, 1] [-4, -11, -34, -16] [5, -17, -16, 5] [37, 15, 19, -4]
[-17, 1, 25, -4] [-2, -9, -54, -13] [-6, 2, 29, 19] [-24, 23, -58, -19] [48, 9, -14, 33] [36, -12, -34, 34] [4, -10, 20, -8]
Food (up, right, down, left):
[9, 11, 4, 27] [-19, 28, 2, -26] [11, -20, 1, 6] [-19, 1, 57, 2] [5, -14, 52, -7] [1, -31, -19, -30] [-60, 21, 9, -22]
[-77, 15, -48, 3] [2, -8, -29, 0] [-1, 5, 26, 32] [-33, 9, -58, 28] [13, 16, -2, -52] [37, -3, -61, 25] [15, 0, 31, 37]
[-37, 9, 34, -32] [20, -5, -12, 34] [-34, -40, -30, 21] [56, -30, 28, 12] [-4, -12, -15, -27] [-4, 25, -47, -33] [63, 34, 25, 24]
[2, 26, -9, 46] [-28, -12, -19, 35] [-2, 0, -34, -17] [0, 0, 0, 0] [-10, 58, -49, -3] [12, -26, -46, -22] [-22, 53, -22, 4]
[1, 21, -16, 15] [15, 18, 4, 37] [21, -19, 34, 30] [-16, -53, 38, -5] [-1, 19, 20, -2] [12, 45, 21, 4] [-2, -30, -11, -15]
[7, -35, -24, 7] [11, 12, 14, -27] [23, 1, 24, 27] [-45, -33, 64, -16] [-48, -41, 11, -64] [-38, 80, 36, 27] [-1, 51, 24, 29]
[24, -5, -38, -12] [-12, -12, 26, -69] [36, 25, -1, -11] [-2, -3, -5, -26] [65, 46, 9, -23] [0, 37, 4, 5] [14, -31, 18, -23]
------------------------------
ALIVE
Head: (6 39)
Body: (6 39) (6 40) (6 41) (5 41) (4 41) (4 40) (3 40) (2 40) 
Length: 8, 4
Vision: 3
Hungry, suplies: 3/10
Reproductive: 16, mutating: 0.25
Generation: 58280
####################################
Wall (up, right, down, left):
[-8, -7, -4, -6] [1, 3, 6, -17] [-23, 2, -12, -25] [7, 4, 16, 2] [-11, 8, 32, 2] [17, -4, -19, -13] [9, -25, 3, -2]
[-29, 2, 8, -18] [4, 18, -12, 0] [-36, 5, 14, -9] [-42, 14, 39, 16] [26, 32, 3, 0] [-40, -16, 3, -26] [-23, 5, -2, 10]
[-16, 24, 27, 29] [-14, 24, -27, -9] [-7, -4, 46, -5] [-98, 25, 60, 5] [-44, -52, -15, 32] [-22, -27, -12, 7] [-6, -20, -25, -9]
[-13, 49, -16, -38] [7, -14, 36, -35] [13, 37, 7, -123] [0, 0, 0, 0] [53, -111, 17, 21] [22, -7, 1, 10] [13, 16, 26, -9]
[-2, -37, 19, 6] [11, -7, -17, -32] [-17, -18, -42, -51] [48, 7, -139, 27] [12, 0, -40, 71] [7, 17, -7, 16] [-19, -75, -15, 39]
[26, 28, 5, -2] [-21, 12, -13, 4] [36, -1, 15, -3] [-4, -2, -19, 1] [-4, -11, -34, -16] [5, -17, -16, 5] [37, 19, 19, -4]
[-17, 1, 25, -4] [-2, -9, -54, -13] [-6, 2, 29, 19] [-24, 23, -58, -19] [48, 9, -14, 33] [36, -12, -34, 34] [4, -10, 20, -8]
Food (up, right, down, left):
[9, 11, 4, 27] [-19, 28, 2, -26] [11, -20, 1, 6] [-19, 1, 57, 2] [5, -14, 52, -7] [-2, -31, -19, -30] [-60, 21, 9, -22]
[-74, 15, -48, 3] [2, -8, -29, 0] [-1, 5, 26, 32] [-33, 9, -58, 32] [13, 16, -5, -52] [37, -3, -61, 25] [15, 0, 31, 37]
[-37, 9, 34, -32] [20, -5, -12, 34] [-34, -40, -30, 21] [56, -30, 28, 12] [-4, -12, -15, -27] [-4, 25, -47, -33] [63, 34, 25, 24]
[2, 26, -9, 46] [-28, -12, -19, 35] [-2, 0, -34, -17] [0, 0, 0, 0] [-10, 58, -49, -6] [12, -26, -46, -22] [-22, 53, -22, 4]
[1, 21, -16, 15] [15, 18, 4, 37] [21, -19, 38, 30] [-16, -53, 38, -5] [-1, 19, 20, -2] [12, 45, 17, 4] [-2, -30, -11, -15]
[7, -35, -24, 10] [11, 9, 14, -32] [23, 1, 24, 27] [-45, -33, 64, -16] [-48, -41, 11, -64] [-38, 80, 36, 27] [-6, 51, 24, 29]
[24, -5, -38, -12] [-12, -12, 26, -69] [36, 25, -1, -11] [-2, -3, -5, -26] [65, 46, 9, -23] [0, 37, 4, 5] [14, -31, 18, -23]
------------------------------
ALIVE
Head: (12 19)
Body: (12 19) (12 18) (13 18) (14 18) (14 17) (14 16) (14 15) (14 14) (14 13) (13 13) (12 13) 
Length: 11, 4
Vision: 3
Hungry, suplies: 8/10
Reproductive: 16, mutating: 0.25
Generation: 58281
####################################
Wall (up, right, down, left):
[-8, -7, -4, -6] [1, 3, 6, -17] [-23, 2, -12, -25] [7, 4, 16, 2] [-11, 8, 32, 2] [17, -4, -17, -13] [9, -25, 3, -2]
[-29, -1, 8, -18] [4, 18, -12, 0] [-36, 5, 14, -9] [-42, 19, 38, 16] [26, 32, 3, 4] [-40, -16, 3, -26] [-23, 5, -2, 10]
[-16, 24, 27, 29] [-14, 24, -27, -9] [-7, -4, 46, -5] [-98, 25, 60, 5] [-44, -52, -15, 32] [-22, -27, -12, 7] [-6, -20, -25, -9]
[-13, 49, -16, -38] [7, -14, 36, -35] [13, 37, 7, -123] [0, 0, 0, 0] [53, -111, 17, 21] [22, -7, 1, 10] [13, 16, 26, -9]
[-2, -37, 19, 6] [11, -7, -17, -32] [-17, -18, -42, -51] [48, 7, -139, 27] [12, 0, -40, 71] [7, 17, -7, 16] [-19, -75, -15, 39]
[26, 26, 5, -3] [-24, 12, -13, 4] [36, -1, 15, -3] [-4, -2, -19, 1] [-4, -11, -34, -16] [5, -17, -16, 5] [37, 15, 19, -4]
[-17, 1, 25, -4] [-2, -9, -54, -13] [-6, 2, 29, 19] [-24, 23, -58, -19] [48, 9, -14, 33] [36, -12, -34, 34] [4, -14, 20, -8]
Food (up, right, down, left):
[9, 11, 4, 27] [-19, 28, 2, -26] [11, -20, 1, 6] [-19, 1, 57, 2] [5, -14, 52, -7] [-2, -31, -16, -30] [-60, 21, 9, -22]
[-77, 15, -48, 3] [2, -8, -29, 0] [-1, 5, 26, 32] [-33, 11, -58, 28] [13, 16, -2, -52] [37, -3, -61, 25] [15, 0, 31, 37]
[-37, 9, 34, -32] [20, -5, -12, 34] [-34, -40, -30, 21] [56, -30, 28, 12] [-4, -12, -15, -27] [-4, 25, -47, -33] [63, 34, 25, 24]
[2, 26, -9, 46] [-28, -12, -19, 35] [-2, 0, -34, -17] [0, 0, 0, 0] [-10, 58, -49, -6] [12, -26, -46, -22] [-22, 53, -22, 4]
[1, 21, -16, 15] [15, 18, 4, 37] [21, -19, 38, 30] [-16, -53, 38, -5] [-1, 19, 20, -2] [12, 45, 17, 4] [-2, -30, -11, -15]
[7, -35, -20, 10] [11, 12, 14, -32] [23, 1, 24, 27] [-45, -33, 64, -16] [-48, -41, 11, -64] [-38, 80, 36, 27] [-1, 51, 24, 29]
[24, -5, -38, -12] [-12, -12, 26, -69] [36, 25, -1, -11] [-2, -3, -5, -26] [65, 46, 9, -20] [0, 37, 4, 5] [12, -31, 18, -23]
------------------------------
ALIVE
Head: (2 32)
Body: (2 32) (1 32) (1 31) (0 31) (0 30) (0 29) (0 28) (0 27) (0 26) (0 25) (24 25) (23 25) (22 25) (21 25) (20 25) 
Length: 15, 4
Vision: 3
Hungry, suplies: 10/10
Reproductive: 16, mutating: 0.25
Generation: 58285
####################################
Wall (up, right, down, left):
[-8, -7, -4, -6] [1, 3, 6, -17] [-23, 2, -12, -25] [7, 4, 16, 2] [-11, 8, 32, 2] [17, -4, -19, -13] [9, -25, 3, -2]
[-29, -1, 8, -18] [4, 18, -12, 0] [-36, 5, 14, -9] [-42, 19, 38, 16] [26, 32, 3, 4] [-40, -16, 3, -26] [-23, 5, -2, 10]
[-16, 24, 27, 29] [-14, 24, -27, -9] [-7, -4, 46, -5] [-98, 25, 60, 5] [-44, -52, -15, 32] [-22, -27, -12, 7] [-6, -20, -25, -9]
[-13, 49, -16, -38] [7, -14, 36, -35] [13, 37, 7, -123] [0, 0, 0, 0] [53, -111, 17, 21] [22, -5, 1, 10] [13, 16, 26, -9]
[-2, -37, 19, 6] [11, -7, -17, -32] [-17, -18, -42, -51] [48, 7, -139, 27] [12, 0, -40, 71] [7, 17, -7, 16] [-19, -75, -15, 39]
[26, 28, 5, -2] [-24, 12, -13, 4] [36, -1, 15, -3] [-4, -2, -19, 1] [-4, -11, -34, -16] [5, -17, -16, 5] [37, 15, 19, -4]
[-17, 1, 25, -4] [-2, -9, -54, -13] [-6, 2, 29, 19] [-24, 23, -58, -19] [48, 9, -14, 33] [36, -12, -34, 34] [4, -10, 20, -8]
Food (up, right, down, left):
[9, 11, 4, 27] [-19, 28, 2, -26] [11, -20, 1, 6] [-19, 1, 57, 2] [5, -14, 52, -7] [-2, -31, -19, -30] [-60, 21, 9, -22]
[-77, 15, -48, 3] [2, -8, -29, 0] [-1, 5, 26, 32] [-33, 11, -58, 28] [13, 16, -2, -52] [37, -3, -61, 25] [15, 0, 31, 37]
[-37, 9, 34, -32] [20, -5, -12, 34] [-34, -40, -30, 21] [58, -30, 28, 12] [-4, -12, -15, -27] [-4, 25, -47, -33] [63, 34, 25, 24]
[2, 26, -9, 46] [-28, -12, -19, 35] [-2, 0, -34, -17] [0, 0, 0, 0] [-10, 58, -49, -6] [12, -26, -46, -22] [-22, 53, -22, 4]
[1, 21, -16, 15] [15, 18, 4, 37] [21, -19, 38, 30] [-16, -53, 38, -5] [-1, 19, 20, -2] [12, 45, 17, 4] [-2, -30, -11, -15]
[7, -35, -24, 10] [11, 12, 14, -32] [23, 1, 24, 27] [-45, -33, 64, -16] [-48, -41, 11, -64] [-38, 80, 36, 27] [-1, 51, 24, 29]
[24, -5, -38, -12] [-12, -12, 26, -69] [36, 25, -1, -11] [-2, -3, -5, -26] [65, 46, 9, -23] [0, 37, 4, 5] [14, -31, 18, -23]
------------------------------
ALIVE
Head: (9 41)
Body: (9 41) (9 40) (10 40) (10 41) (10 42) (9 42) (9 43) (9 44) 
Length: 8, 4
Vision: 3
Hungry, suplies: 9/10
Reproductive: 16, mutating: 0.25
Generation: 58284
####################################
Wall (up, right, down, left):
[-7, -7, -4, -6] [3, 3, 6, -17] [-23, 6, -12, -25] [5, 4, 17, 2] [-11, 8, 32, 2] [17, -4, -19, -20] [9, -25, 3, -2]
[-29, -1, 8, -18] [4, 18, -12, 0] [-36, 5, 14, -9] [-42, 14, 38, 16] [26, 32, 3, 4] [-40, -16, 3, -26] [-23, 5, -2, 10]
[-16, 24, 27, 29] [-14, 24, -27, -9] [-7, -4, 46, -11] [-98, 25, 60, 1] [-44, -52, -15, 32] [-22, -27, -12, 7] [-6, -17, -25, -14]
[-10, 49, -16, -38] [7, -14, 36, -35] [13, 37, 7, -118] [0, 0, 0, 0] [53, -111, 17, 21] [22, -7, 1, 10] [13, 11, 27, -9]
[-2, -37, 19, 6] [11, -7, -17, -32] [-17, -18, -42, -51] [48, 7, -139, 31] [12, 0, -40, 64] [7, 17, -3, 16] [-19, -75, -16, 39]
[26, 31, 5, -2] [-24, 12, -13, 4] [36, -1, 15, -4] [-4, -2, -15, 1] [-5, -8, -34, -20] [5, -17, -16, 5] [37, 15, 19, -4]
[-17, 1, 25, -4] [-2, -9, -54, -13] [-6, 4, 29, 19] [-24, 23, -58, -19] [48, 9, -14, 33] [36, -12, -34, 34] [4, -10, 20, -8]
Food (up, right, down, left):
[9, 11, 4, 27] [-19, 28, 2, -24] [14, -20, 1, 6] [-19, 1, 52, 1] [5, -14, 52, -7] [-2, -31, -17, -33] [-60, 21, 9, -22]
[-77, 15, -48, 3] [2, -8, -29, 0] [-1, 5, 26, 32] [-33, 9, -58, 28] [13, 16, -2, -52] [37, -3, -61, 25] [15, 0, 31, 37]
[-37, 9, 34, -32] [20, -5, -12, 34] [-31, -41, -30, 21] [56, -30, 30, 12] [-4, -12, -15, -27] [-4, 25, -47, -33] [63, 31, 25, 24]
[2, 26, -9, 45] [-28, -12, -19, 35] [-2, 0, -30, -17] [0, 0, 0, 0] [-10, 58, -49, -6] [12, -26, -46, -22] [-22, 53, -17, 5]
[1, 21, -16, 15] [15, 18, 4, 37] [21, -19, 38, 30] [-19, -53, 38, -5] [-3, 19, 20, -6] [12, 45, 21, 4] [-2, -32, -11, -15]
[7, -35, -24, 7] [11, 12, 14, -32] [23, 1, 27, 27] [-43, -33, 64, -16] [-43, -36, 11, -64] [-38, 80, 36, 27] [-1, 51, 24, 29]
[24, -5, -38, -12] [-12, -12, 26, -69] [36, 25, -2, -11] [-2, -3, -5, -26] [65, 46, 9, -23] [0, 37, 4, 5] [14, -31, 18, -23]
------------------------------
ALIVE
Head: (19 13)
Body: (19 13) (19 12) (20 12) (21 12) (22 12) (23 12) (23 13) (23 14) (24 14) (24 15) (24 16) (23 16) 
Length: 12, 4
Vision: 3
Hungry, suplies: 10/10
Reproductive: 16, mutating: 0.25
Generation: 58282
####################################
Wall (up, right, down, left):
[-8, -7, -4, -6] [1, 3, 6, -17] [-23, 2, -12, -25] [7, 4, 16, 2] [-11, 8, 32, 2] [17, -4, -19, -13] [9, -25, 3, -2]
[-29, -1, 8, -18] [4, 18, -12, 0] [-36, 5, 14, -9] [-42, 14, 38, 16] [26, 32, 3, 4] [-40, -16, 3, -26] [-23, 5, -2, 10]
[-16, 24, 27, 29] [-14, 24, -24, -9] [-7, -4, 46, -5] [-98, 25, 60, 5] [-44, -52, -15, 32] [-22, -27, -12, 7] [-6, -20, -25, -9]
[-13, 49, -16, -38] [7, -14, 36, -35] [13, 37, 7, -123] [0, 0, 0, 0] [53, -111, 17, 17] [22, -7, 1, 10] [13, 16, 26, -9]
[-2, -37, 19, 6] [11, -7, -17, -32] [-17, -18, -42, -51] [48, 7, -139, 27] [12, 0, -40, 71] [7, 17, -3, 16] [-19, -75, -15, 39]
[26, 31, 5, -2] [-26, 12, -13, 4] [36, -1, 15, -3] [-4, -2, -19, 1] [-4, -11, -34, -16] [5, -17, -16, 5] [37, 15, 19, -4]
[-17, 1, 25, -4] [-2, -9, -54, -13] [-6, 2, 29, 19] [-24, 23, -58, -19] [48, 9, -14, 33] [36, -12, -34, 34] [4, -10, 20, -8]
Food (up, right, down, left):
[9, 11, 4, 27] [-19, 28, 2, -26] [11, -20, 1, 6] [-19, 1, 57, 2] [5, -14, 52, -7] [1, -31, -19, -30] [-60, 21, 9, -22]
[-77, 15, -48, 3] [2, -8, -29, 0] [-1, 5, 26, 32] [-33, 9, -58, 28] [13, 16, -2, -52] [37, -3, -61, 25] [15, 0, 31, 37]
[-37, 9, 34, -32] [20, -5, -17, 34] [-34, -40, -30, 21] [56, -30, 28, 12] [-4, -12, -15, -27] [-4, 25, -47, -33] [63, 34, 25, 24]
[2, 26, -9, 46] [-28, -12, -19, 35] [-2, 0, -34, -17] [0, 0, 0, 0] [-10, 58, -49, -3] [12, -26, -46, -22] [-22, 53, -22, 4]
[1, 21, -16, 15] [15, 18, 4, 37] [21, -19, 34, 30] [-16, -53, 38, -5] [-1, 19, 20, -2] [12, 45, 21, 4] [-2, -30, -11, -15]
[7, -35, -24, 7] [11, 12, 14, -27] [23, 1, 24, 27] [-45, -33, 64, -16] [-48, -41, 11, -64] [-38, 80, 36, 27] [-1, 51, 24, 29]
[24, -5, -38, -12] [-12, -12, 26, -69] [36, 25, -1, -11] [-2, -3, -5, -26] [65, 46, 9, -23] [0, 37, 4, 5] [14, -31, 18, -23]
------------------------------
ALIVE
Head: (9 14)
Body: (9 14) (9 15) (9 16) (9 17) (8 17) (7 17) (6 17) (5 17) (4 17) (3 17) (2 17) 
Length: 11, 4
Vision: 3
Hungry, suplies: 3/10
Reproductive: 16, mutating: 0.25
Generation: 58280
####################################
Wall (up, right, down, left):
[-8, -7, -4, -6] [1, 3, 6, -17] [-23, 2, -12, -25] [7, 4, 16, 2] [-11, 8, 32, 2] [17, -4, -19, -13] [9, -25, 3, -2]
[-29, -1, 8, -18] [4, 18, -12, 0] [-36, 5, 14, -9] [-42, 19, 38, 16] [26, 32, 3, 4] [-40, -16, 3, -26] [-23, 5, -2, 10]
[-16, 24, 27, 29] [-14, 24, -27, -9] [-7, -4, 46, -5] [-98, 25, 60, 5] [-44, -52, -15, 32] [-22, -27, -12, 7] [-6, -20, -25, -9]
[-13, 49, -16, -38] [7, -14, 36, -35] [13, 37, 7, -123] [0, 0, 0, 0] [53, -111, 17, 21] [22, -5, 1, 10] [13, 16, 26, -9]
[-2, -37, 19, 6] [11, -7, -17, -32] [-17, -18, -42, -51] [48, 7, -139, 27] [12, 0, -40, 71] [7, 17, -7, 16] [-19, -75, -15, 39]
[26, 28, 5, -2] [-24, 12, -13, 4] [36, -1, 15, -3] [-4, -2, -19, 1] [-4, -11, -34, -16] [5, -17, -16, 5] [37, 15, 19, -4]
[-17, 1, 25, -4] [-2, -9, -54, -13] [-6, 2, 29, 19] [-24, 23, -58, -19] [48, 9, -14, 33] [36, -12, -34, 34] [4, -10, 20, -8]
Food (up, right, down, left):
[9, 11, 4, 27] [-19, 28, 2, -26] [11, -20, 1, 6] [-19, 1, 57, 2] [5, -14, 52, -7] [-2, -31, -19, -30] [-60, 21, 9, -22]
[-77, 15, -48, 3] [2, -8, -29, 0] [-1, 5, 26, 32] [-33, 11, -58, 28] [13, 16, -2, -52] [37, -3, -61, 25] [15, 0, 31, 37]
[-37, 9, 34, -32] [20, -5, -12, 34] [-34, -40, -30, 21] [58, -30, 28, 12] [-4, -12, -15, -27] [-4, 25, -47, -33] [63, 34, 25, 24]
[2, 26, -9, 46] [-28, -12, -19, 35] [-2, 0, -34, -17] [0, 0, 0, 0] [-10, 58, -49, -6] [12, -26, -46, -22] [-22, 53, -22, 4]
[1, 21, -16, 15] [15, 18, 4, 37] [21, -19, 38, 30] [-16, -53, 38, -5] [-1, 19, 20, -2] [12, 45, 17, 4] [-2, -30, -11, -15]
[7, -35, -24, 10] [11, 12, 14, -32] [23, 1, 24, 27] [-45, -33, 64, -16] [-48, -41, 11, -64] [-38, 80, 36, 27] [-1, 51, 24, 29]
[24, -5, -38, -12] [-12, -12, 26, -69] [36, 25, -1, -11] [-2, -3, -5, -26] [65, 46, 9, -23] [0, 37, 4, 5] [14, -31, 18, -23]
------------------------------
ALIVE
Head: (23 35)
Body: (23 35) (23 34) (23 33) (23 32) (23 31) (22 31) (21 31) (20 31) (19 31) (19 30) 
Length: 10, 4
Vision: 3
Hungry, suplies: 5/10
Reproductive: 16, mutating: 0.25
Generation: 58285
####################################
Wall (up, right, down, left):
[-7, -7, -4, -6] [3, 3, 6, -17] [-23, 6, -12, -25] [5, 4, 17, 2] [-11, 8, 32, 2] [17, -4, -19, -20] [9, -25, 3, -2]
[-29, -1, 8, -18] [4, 18, -12, 0] [-36, 5, 14, -9] [-42, 14, 38, 16] [26, 32, 3, 4] [-40, -16, 3, -26] [-23, 5, -2, 10]
[-16, 24, 27, 29] [-14, 24, -27, -9] [-7, -4, 46, -11] [-98, 25, 60, 1] [-44, -52, -15, 32] [-22, -27, -12, 7] [-6, -17, -25, -14]
[-10, 49, -16, -38] [7, -14, 36, -35] [13, 37, 7, -118] [0, 0, 0, 0] [53, -111, 17, 21] [22, -7, 1, 10] [13, 11, 27, -9]
[-2, -37, 19, 6] [11, -7, -17, -32] [-17, -18, -42, -51] [48, 7, -139, 31] [12, 0, -40, 64] [7, 17, -3, 16] [-19, -75, -16, 39]
[26, 31, 5, -2] [-24, 12, -13, 4] [36, -1, 15, -4] [-4, -2, -15, 1] [-5, -8, -34, -20] [5, -17, -16, 5] [37, 15, 19, -4]
[-17, 1, 25, -4] [-2, -9, -54, -13] [-6, 4, 29, 19] [-24, 23, -58, -19] [48, 9, -14, 33] [36, -12, -34, 34] [4, -10, 20, -8]
Food (up, right, down, left):
[9, 11, 4, 27] [-19, 28, 2, -24] [14, -20, 1, 6] [-19, 1, 52, 1] [5, -14, 52, -7] [-2, -31, -17, -33] [-60, 21, 9, -22]
[-77, 15, -48, 3] [2, -8, -29, 0] [-1, 5, 26, 32] [-33, 9, -58, 28] [13, 16, -2, -52] [37, -3, -61, 25] [15, 0, 31, 37]
[-37, 9, 34, -32] [20, -5, -12, 34] [-31, -41, -30, 21] [56, -30, 30, 12] [-4, -12, -15, -27] [-4, 25, -47, -33] [63, 31, 25, 24]
[2, 26, -9, 45] [-28, -12, -19, 35] [-2, 0, -30, -17] [0, 0, 0, 0] [-10, 58, -49, -6] [12, -26, -46, -22] [-22, 53, -17, 5]
[1, 21, -16, 15] [15, 18, 4, 37] [21, -19, 38, 30] [-19, -53, 38, -5] [-3, 19, 20, -6] [12, 45, 21, 4] [-2, -32, -11, -15]
[7, -35, -24, 7] [11, 12, 14, -32] [23, 1, 27, 27] [-43, -33, 64, -16] [-43, -36, 11, -64] [-38, 80, 36, 27] [-1, 51, 24, 29]
[24, -5, -38, -12] [-12, -12, 26, -69] [36, 25, -2, -11] [-2, -3, -5, -26] [65, 46, 9, -23] [0, 37, 4, 5] [14, -31, 18, -23]
------------------------------
ALIVE
Head: (8 20)
Body: (8 20) (8 21) (8 22) (9 22) (9 23) (10 23) (10 24) (10 25) (11 25) 
Length: 9, 4
Vision: 3
Hungry, suplies: 5/10
Reproductive: 16, mutating: 0.25
Generation: 58281
####################################
Wall (up, right, down, left):
[-7, -7, -4, -6] [3, 3, 6, -17] [-23, 6, -12, -25] [5, 4, 17, 2] [-11, 8, 32, 2] [17, -4, -19, -20] [9, -25, 3, -2]
[-29, -1, 8, -18] [4, 18, -12, 0] [-36, 5, 14, -9] [-42, 14, 38, 16] [26, 32, 3, 4] [-40, -16, 3, -26] [-23, 5, -2, 10]
[-16, 24, 27, 29] [-14, 24, -27, -9] [-7, -4, 46, -11] [-98, 25, 60, 1] [-44, -52, -15, 32] [-22, -27, -12, 7] [-6, -17, -25, -14]
[-10, 49, -16, -38] [7, -14, 36, -35] [13, 37, 7, -118] [0, 0, 0, 0] [53, -111, 17, 21] [22, -7, 1, 10] [13, 11, 27, -9]
[-2, -37, 19, 6] [11, -7, -17, -32] [-17, -18, -42, -51] [48, 7, -139, 31] [12, 0, -40, 64] [7, 17, -3, 16] [-19, -75, -16, 39]
[26, 31, 5, -2] [-24, 12, -13, 4] [36, -1, 15, -4] [-4, -2, -15, 1] [-5, -8, -34, -20] [5, -17, -16, 5] [37, 15, 19, -4]
[-17, 1, 25, -4] [-2, -9, -54, -13] [-6, 4, 29, 19] [-24, 23, -58, -19] [48, 9, -14, 33] [36, -12, -34, 34] [4, -10, 20, -8]
Food (up, right, down, left):
[9, 11, 4, 27] [-19, 28, 2, -24] [14, -20, 1, 6] [-19, 1, 52, 1] [5, -14, 52, -7] [-2, -31, -17, -33] [-60, 21, 9, -22]
[-77, 15, -48, 3] [2, -8, -29, 0] [-1, 5, 26, 32] [-33, 9, -58, 28] [13, 16, -2, -52] [37, -3, -61, 25] [15, 0, 31, 37]
[-37, 9, 34, -32] [20, -5, -12, 34] [-31, -41, -30, 21] [56, -30, 30, 12] [-4, -12, -15, -27] [-4, 25, -47, -33] [63, 31, 25, 24]
[2, 26, -9, 45] [-28, -12, -19, 35] [-2, 0, -30, -17] [0, 0, 0, 0] [-10, 58, -49, -6] [12, -26, -46, -22] [-22, 53, -17, 5]
[1, 21, -16, 15] [15, 18, 4, 37] [21, -19, 38, 30] [-19, -53, 38, -5] [-3, 19, 20, -6] [12, 45, 21, 4] [-2, -32, -11, -15]
[7, -35, -24, 7] [11, 12, 14, -32] [23, 1, 27, 27] [-43, -33, 64, -16] [-43, -36, 11, -64] [-38, 80, 36, 27] [-1, 51, 24, 29]
[24, -5, -38, -12] [-12, -12, 26, -69] [36, 25, -2, -11] [-2, -3, -5, -26] [65, 46, 9, -23] [0, 37, 4, 5] [14, -31, 18, -23]
------------------------------
ALIVE
Head: (17 7)
Body: (17 7) (17 6) (17 5) (16 5) (16 4) (15 4) (14 4) (14 3) (14 2) (13 2) 
Length: 10, 4
Vision: 3
Hungry, suplies: 8/10
Reproductive: 16, mutating: 0.25
Generation: 58283
####################################
Wall (up, right, down, left):
[-7, -7, -4, -6] [3, 3, 6, -17] [-23, 6, -12, -25] [5, 4, 17, 2] [-11, 8, 32, 2] [17, -4, -19, -20] [9, -25, 3, -2]
[-29, -1, 8, -18] [4, 18, -12, 0] [-36, 5, 14, -9] [-42, 14, 38, 16] [26, 32, 3, 4] [-40, -16, 3, -26] [-23, 5, -2, 10]
[-16, 24, 27, 29] [-14, 24, -27, -9] [-7, -4, 46, -11] [-98, 25, 60, 1] [-44, -52, -15, 32] [-22, -27, -12, 7] [-6, -17, -25, -14]
[-10, 49, -16, -38] [7, -14, 36, -35] [13, 37, 7, -118] [0, 0, 0, 0] [53, -111, 17, 21] [22, -7, 1, 10] [13, 11, 27, -9]
[-2, -37, 19, 6] [11, -7, -17, -32] [-17, -18, -42, -51] [48, 7, -139, 31] [12, 0, -40, 64] [7, 17, -3, 16] [-19, -75, -16, 39]
[26, 31, 5, -2] [-24, 12, -13, 4] [36, -1, 15, -4] [-4, -2, -15, 1] [-5, -8, -34, -16] [5, -17, -16, 5] [37, 15, 19, -4]
[-17, 1, 25, -4] [-2, -9, -54, -13] [-6, 4, 29, 19] [-24, 23, -58, -19] [48, 9, -14, 33] [36, -12, -34, 34] [4, -10, 20, -8]
Food (up, right, down, left):
[9, 11, 4, 27] [-19, 28, 2, -24] [14, -20, 1, 6] [-19, 1, 52, 1] [5, -14, 52, -7] [-2, -31, -17, -33] [-60, 21, 9, -22]
[-77, 15, -48, 3] [2, -8, -25, 0] [-1, 5, 26, 32] [-33, 9, -58, 28] [13, 16, -2, -52] [39, -3, -61, 25] [15, 0, 31, 37]
[-37, 9, 34, -32] [20, -5, -12, 34] [-31, -41, -30, 21] [56, -30, 30, 12] [-4, -12, -15, -27] [-4, 25, -47, -33] [63, 31, 25, 24]
[2, 26, -9, 45] [-28, -12, -19, 35] [-2, 0, -30, -17] [0, 0, 0, 0] [-10, 58, -49, -6] [12, -26, -46, -22] [-22, 53, -17, 5]
[1, 21, -16, 15] [15, 18, 4, 37] [21, -19, 38, 30] [-19, -53, 38, -5] [-3, 19, 20, -6] [12, 45, 21, 4] [-2, -32, -11, -15]
[7, -35, -24, 7] [11, 12, 14, -32] [23, 1, 27, 27] [-43, -33, 64, -16] [-44, -36, 11, -64] [-38, 80, 36, 27] [-1, 51, 24, 29]
[24, -5, -38, -12] [-12, -12, 26, -69] [36, 25, -2, -11] [-2, -3, -5, -26] [65, 46, 9, -23] [0, 37, 4, 5] [14, -31, 18, -23]
------------------------------
ALIVE
Head: (23 50)
Body: (23 50) (23 49) (23 48) (23 47) (23 46) (23 45) (22 45) (21 45) (21 44) (21 43) (21 42) (21 41) 
Length: 12, 4
Vision: 3
Hungry, suplies: 10/10
Reproductive: 16, mutating: 0.25
Generation: 58279
####################################
Wall (up, right, down, left):
[-8, -7, -4, -6] [1, 3, 6, -17] [-23, 2, -12, -25] [7, 4, 16, 2] [-11, 8, 32, 2] [17, -4, -19, -13] [9, -25, 3, -2]
[-29, -1, 8, -18] [4, 18, -12, 0] [-36, 5, 14, -9] [-42, 19, 38, 16] [26, 32, 3, 4] [-40, -16, 3, -26] [-23, 5, -2, 10]
[-16, 24, 27, 29] [-14, 24, -27, -9] [-7, -4, 46, -5] [-98, 25, 60, 5] [-44, -52, -15, 32] [-22, -27, -12, 7] [-6, -20, -25, -9]
[-13, 49, -16, -38] [7, -14, 36, -35] [13, 37, 7, -123] [0, 0, 0, 0] [53, -111, 17, 21] [22, -7, 1, 10] [13, 16, 26, -9]
[-2, -37, 19, 6] [11, -7, -17, -32] [-17, -18, -42, -51] [48, 7, -139, 27] [12, 0, -40, 71] [7, 17, -7, 16] [-19, -75, -15, 39]
[26, 28, 5, -3] [-24, 12, -13, 4] [36, -1, 15, -3] [-4, -2, -19, 1] [-4, -11, -34, -16] [5, -17, -16, 5] [37, 15, 19, -4]
[-17, 1, 25, -4] [-2, -9, -54, -13] [-6, 2, 32, 19] [-24, 23, -58, -19] [48, 9, -14, 33] [36, -12, -34, 34] [4, -10, 20, -8]
Food (up, right, down, left):
[9, 11, 4, 27] [-19, 28, 2, -26] [11, -20, 1, 6] [-19, 1, 57, 2] [5, -14, 52, -7] [-2, -31, -19, -30] [-60, 21, 9, -22]
[-77, 15, -48, 3] [2, -8, -29, 0] [-1, 5, 26, 32] [-33, 11, -58, 28] [13, 16, -2, -52] [37, -3, -61, 25] [15, 0, 31, 37]
[-37, 9, 34, -32] [20, -5, -12, 34] [-34, -40, -30, 21] [56, -30, 28, 12] [-4, -12, -15, -27] [-4, 25, -47, -33] [63, 34, 25, 24]
[2, 26, -9, 46] [-28, -12, -19, 35] [-2, 0, -34, -17] [0, 0, 0, 0] [-10, 58, -49, -6] [12, -26, -46, -22] [-22, 53, -22, 4]
[1, 21, -16, 15] [15, 18, 4, 37] [21, -19, 38, 30] [-16, -53, 38, -5] [-1, 19, 20, -2] [12, 45, 17, 4] [-2, -30, -11, -15]
[7, -35, -20, 10] [11, 12, 14, -32] [23, 1, 24, 27] [-45, -33, 64, -16] [-48, -41, 11, -64] [-38, 80, 36, 27] [-1, 51, 24, 29]
[24, -5, -38, -12] [-12, -12, 26, -69] [36, 23, -1, -11] [-2, -3, -5, -26] [65, 46, 9, -23] [0, 37, 4, 5] [14, -31, 18, -23]
------------------------------
ALIVE
Head: (8 30)
Body: (8 30) (8 29) (8 28) (8 27) (7 27) (7 26) (8 26) (9 26) 
Length: 8, 4
Vision: 3
Hungry, suplies: 3/10
Reproductive: 16, mutating: 0.25
Generation: 58283
####################################
Wall (up, right, down, left):
[-8, -7, -4, -6] [1, 3, 6, -17] [-23, 2, -12, -25] [7, 4, 16, 2] [-11, 8, 32, 2] [17, -4, -19, -13] [9, -25, 3, -2]
[-29, -1, 8, -18] [4, 18, -12, 0] [-36, 5, 14, -9] [-42, 19, 38, 16] [26, 32, 3, 4] [-40, -16, 3, -26] [-23, 5, -2, 10]
[-16, 24, 27, 29] [-14, 24, -27, -9] [-7, -4, 46, -5] [-98, 25, 60, 5] [-44, -52, -15, 32] [-22, -27, -12, 7] [-6, -20, -25, -9]
[-13, 49, -16, -38] [7, -14, 36, -35] [13, 37, 7, -123] [0, 0, 0, 0] [53, -111, 17, 21] [22, -7, 1, 10] [13, 16, 26, -9]
[-2, -37, 19, 6] [11, -7, -17, -32] [-17, -18, -42, -51] [48, 7, -139, 27] [12, 0, -40, 71] [7, 17, -7, 16] [-19, -75, -15, 39]
[26, 28, 5, -3] [-24, 12, -13, 4] [36, -1, 15, -3] [-4, -2, -19, 1] [-4, -11, -34, -16] [5, -17, -16, 5] [37, 15, 19, -4]
[-17, 1, 25, -4] [-2, -9, -54, -13] [-6, 2, 29, 19] [-24, 23, -58, -19] [48, 9, -14, 33] [36, -12, -34, 34] [4, -10, 20, -8]
Food (up, right, down, left):
[9, 11, 4, 27] [-19, 28, 2, -26] [11, -20, 1, 6] [-19, 1, 57, 2] [5, -14, 52, -7] [-2, -31, -19, -30] [-60, 21, 9, -22]
[-77, 15, -48, 3] [2, -8, -29, 0] [-1, 5, 26, 32] [-33, 11, -58, 28] [13, 16, -2, -52] [37, -3, -61, 25] [15, 0, 31, 37]
[-37, 9, 34, -32] [20, -5, -12, 34] [-34, -40, -30, 21] [56, -30, 28, 12] [-4, -12, -15, -27] [-4, 25, -47, -33] [63, 34, 25, 24]
[2, 26, -9, 46] [-28, -12, -19, 35] [-2, 0, -34, -17] [0, 0, 0, 0] [-10, 58, -49, -6] [12, -26, -46, -22] [-22, 53, -22, 4]
[1, 21, -16, 15] [15, 18, 4, 37] [21, -19, 38, 30] [-16, -53, 38, -5] [-1, 19, 20, -2] [12, 45, 17, 4] [-2, -30, -11, -15]
[7, -35, -20, 10] [11, 12, 14, -32] [23, 1, 24, 27] [-45, -33, 64, -16] [-48, -41, 11, -64] [-38, 80, 36, 27] [-1, 51, 24, 29]
[24, -5, -38, -12] [-12, -12, 26, -69] [36, 25, -1, -11] [-2, -3, -5, -26] [65, 46, 9, -23] [0, 37, 4, 5] [14, -31, 18, -23]
------------------------------
ALIVE
Head: (18 23)
Body: (18 23) (18 24) (17 24) (17 25) (17 26) (17 27) (17 28) (17 29) 
Length: 8, 4
Vision: 3
Hungry, suplies: 6/10
Reproductive: 16, mutating: 0.25
Generation: 58281
####################################
Wall (up, right, down, left):
[-8, -5, -4, -6] [1, 3, 6, -17] [-23, 2, -12, -25] [7, 4, 16, 2] [-11, 8, 32, 2] [17, -4, -19, -13] [9, -25, 3, -2]
[-29, -1, 8, -18] [4, 18, -12, 0] [-36, 5, 14, -9] [-42, 14, 38, 16] [26, 32, 3, 4] [-40, -16, 3, -26] [-23, 5, -2, 10]
[-16, 24, 27, 29] [-14, 24, -27, -9] [-7, -4, 46, -5] [-98, 25, 60, 5] [-44, -52, -15, 32] [-22, -27, -12, 7] [-6, -20, -25, -9]
[-13, 49, -16, -38] [7, -14, 36, -35] [13, 37, 7, -123] [0, 0, 0, 0] [53, -111, 17, 21] [22, -7, 1, 10] [13, 16, 26, -9]
[-2, -37, 19, 6] [11, -7, -17, -32] [-17, -18, -42, -51] [48, 7, -139, 27] [12, 0, -40, 71] [7, 17, -3, 16] [-19, -75, -15, 39]
[26, 31, 5, -2] [-26, 12, -13, 4] [36, -1, 15, -3] [-4, -2, -19, 1] [-4, -11, -34, -16] [5, -17, -16, 5] [37, 15, 19, -4]
[-17, 1, 25, -4] [-2, -8, -54, -13] [-6, 2, 29, 19] [-24, 23, -58, -19] [48, 9, -14, 33] [36, -12, -34, 34] [8, -10, 20, -8]
Food (up, right, down, left):
[9, 8, 4, 27] [-19, 28, 2, -26] [11, -20, 1, 6] [-19, 1, 57, 2] [5, -14, 52, -7] [1, -31, -19, -30] [-60, 21, 9, -22]
[-77, 15, -48, 3] [2, -8, -29, 0] [-1, 5, 26, 32] [-33, 9, -58, 28] [13, 16, -2, -52] [37, -3, -61, 25] [15, 0, 31, 37]
[-37, 9, 34, -32] [20, -5, -12, 34] [-34, -40, -30, 21] [56, -30, 28, 12] [-4, -12, -15, -27] [-4, 25, -47, -33] [63, 34, 25, 24]
[2, 26, -9, 46] [-28, -12, -19, 35] [-2, 0, -34, -17] [0, 0, 0, 0] [-10, 58, -49, -4] [12, -26, -46, -22] [-22, 53, -22, 4]
[1, 21, -16, 15] [15, 18, 4, 37] [21, -19, 38, 30] [-16, -53, 38, -5] [-1, 19, 20, -2] [12, 45, 21, 4] [-2, -30, -11, -15]
[7, -35, -24, 7] [11, 12, 14, -27] [23, 1, 24, 27] [-45, -33, 64, -16] [-48, -41, 11, -64] [-38, 80, 36, 27] [-1, 51, 24, 29]
[24, -5, -38, -12] [-9, -12, 26, -69] [36, 25, -1, -11] [-2, -3, -5, -26] [65, 46, 9, -23] [0, 37, 4, 5] [14, -36, 18, -23]
------------------------------
ALIVE
Head: (4 6)
Body: (4 6) (3 6) (2 6) (1 6) (0 6) (24 6) (23 6) (22 6) (21 6) (21 5) (21 4) (21 3) (21 2) (21 1) 
Length: 14, 4
Vision: 3
Hungry, suplies: 10/10
Reproductive: 16, mutating: 0.25
Generation: 58281
####################################
Wall (up, right, down, left):
[-8, -7, -4, -6] [1, 3, 6, -17] [-23, 2, -12, -25] [7, 4, 16, 2] [-11, 8, 32, 2] [17, -4, -19, -13] [9, -25, 3, -2]
[-29, -1, 8, -18] [4, 18, -12, 0] [-36, 5, 14, -9] [-42, 19, 38, 16] [26, 32, 3, 4] [-40, -16, 3, -26] [-23, 5, -2, 10]
[-16, 24, 27, 29] [-14, 24, -27, -9] [-7, -4, 46, -5] [-98, 25, 60, 5] [-44, -52, -15, 32] [-22, -27, -12, 7] [-6, -20, -25, -9]
[-13, 49, -16, -38] [7, -14, 36, -35] [13, 37, 7, -123] [0, 0, 0, 0] [53, -111, 17, 21] [22, -7, 1, 10] [13, 16, 26, -9]
[-2, -37, 19, 6] [11, -7, -17, -32] [-17, -18, -42, -51] [48, 7, -139, 27] [12, 0, -40, 71] [7, 17, -7, 16] [-19, -75, -15, 39]
[26, 26, 5, -3] [-24, 12, -13, 4] [36, -1, 15, -3] [-4, -2, -19, 1] [-4, -11, -34, -16] [5, -17, -16, 5] [37, 15, 19, -4]
[-17, 1, 25, -4] [-2, -9, -54, -13] [-6, 2, 29, 19] [-24, 23, -58, -19] [48, 9, -14, 33] [36, -12, -34, 34] [4, -10, 20, -8]
Food (up, right, down, left):
[9, 11, 4, 27] [-19, 28, 2, -26] [11, -20, 1, 6] [-19, 1, 57, 2] [5, -14, 52, -7] [-2, -31, -19, -30] [-60, 21, 9, -22]
[-77, 15, -48, 3] [2, -8, -29, 0] [-1, 5, 26, 32] [-33, 11, -58, 28] [13, 16, -2, -52] [37, -3, -61, 25] [15, 0, 31, 37]
[-37, 9, 34, -32] [20, -5, -12, 34] [-34, -40, -30, 21] [56, -30, 28, 12] [-4, -12, -15, -27] [-4, 25, -47, -33] [63, 34, 25, 24]
[2, 26, -9, 46] [-28, -12, -19, 35] [-2, 0, -34, -17] [0, 0, 0, 0] [-10, 58, -49, -6] [12, -26, -46, -22] [-22, 53, -22, 4]
[1, 21, -16, 15] [15, 18, 4, 37] [21, -19, 38, 30] [-16, -53, 38, -5] [-1, 19, 20, -2] [12, 45, 17, 4] [-2, -30, -11, -15]
[7, -35, -20, 10] [11, 12, 14, -32] [23, 1, 24, 27] [-45, -33, 64, -16] [-48, -41, 11, -64] [-38, 80, 36, 27] [-1, 51, 24, 29]
[24, -5, -38, -12] [-12, -12, 26, -69] [36, 25, -1, -11] [-2, -3, -5, -26] [65, 46, 9, -23] [0, 37, 4, 5] [14, -31, 18, -23]
------------------------------
ALIVE
Head: (17 16)
Body: (17 16) (16 16) (15 16) (15 17) (15 18) (15 19) (16 19) (16 20) 
Length: 8, 4
Vision: 3
Hungry, suplies: 2/10
Reproductive: 16, mutating: 0.25
Generation: 58285
####################################
Wall (up, right, down, left):
[-8, -7, -4, -6] [1, 3, 6, -17] [-23, 2, -12, -25] [7, 4, 16, 2] [-11, 8, 32, 2] [17, -4, -19, -13] [9, -25, 3, -2]
[-29, 2, 8, -18] [4, 18, -12, 0] [-36, 5, 14, -9] [-42, 14, 39, 16] [26, 32, 3, 0] [-40, -16, 3, -26] [-23, 5, -2, 10]
[-16, 24, 27, 29] [-14, 24, -27, -9] [-7, -4, 46, -5] [-98, 25, 60, 5] [-44, -52, -15, 32] [-22, -27, -12, 7] [-6, -20, -25, -9]
[-13, 49, -16, -38] [7, -14, 36, -35] [13, 37, 7, -123] [0, 0, 0, 0] [53, -111, 17, 21] [22, -7, 1, 10] [13, 16, 26, -9]
[-2, -37, 19, 6] [11, -7, -17, -32] [-17, -18, -42, -51] [48, 7, -139, 27] [12, 0, -40, 71] [7, 17, -7, 16] [-19, -75, -15, 39]
[26, 28, 5, -2] [-21, 12, -13, 4] [36, -1, 15, -3] [-4, -2, -19, 1] [-4, -11, -34, -16] [5, -17, -16, 5] [37, 19, 19, -4]
[-17, 1, 25, -4] [-2, -9, -54, -13] [-6, 2, 29, 19] [-24, 23, -58, -19] [48, 9, -14, 33] [36, -12, -34, 34] [4, -10, 20, -8]
Food (up, right, down, left):
[9, 11, 4, 27] [-19, 28, 2, -26] [11, -20, 1, 6] [-19, 1, 57, 2] [5, -14, 52, -7] [-2, -31, -19, -30] [-60, 21, 9, -22]
[-74, 15, -48, 3] [2, -8, -29, 0] [-1, 5, 26, 32] [-33, 9, -58, 32] [13, 16, -5, -52] [37, -3, -61, 25] [15, 0, 31, 37]
[-37, 9, 34, -32] [20, -5, -12, 34] [-34, -40, -30, 21] [56, -30, 28, 12] [-4, -12, -15, -27] [-4, 25, -47, -33] [63, 34, 25, 24]
[2, 26, -9, 46] [-28, -12, -19, 35] [-2, 0, -34, -17] [0, 0, 0, 0] [-10, 58, -49, -6] [12, -26, -46, -22] [-22, 53, -22, 4]
[1, 21, -16, 15] [15, 18, 4, 37] [21, -19, 38, 30] [-16, -53, 38, -5] [-1, 19, 20, -2] [12, 45, 17, 4] [-2, -30, -11, -15]
[7, -35, -24, 10] [11, 9, 14, -32] [23, 1, 24, 27] [-45, -33, 64, -16] [-48, -41, 11, -64] [-38, 80, 36, 27] [-6, 51, 24, 29]
[24, -5, -38, -12] [-12, -12, 26, -69] [36, 25, -1, -11] [-2, -3, -5, -26] [65, 46, 9, -23] [0, 37, 4, 5] [14, -31, 18, -23]
------------------------------
ALIVE
Head: (5 29)
Body: (5 29) (5 30) (6 30) (6 31) (6 32) (6 33) (6 34) (7 34) (7 35) (7 36) (8 36) (8 37) (8 38) (9 38) (9 37) 
Length: 15, 4
Vision: 3
Hungry, suplies: 8/10
Reproductive: 16, mutating: 0.25
Generation: 58283
####################################
Wall (up, right, down, left):
[-8, -7, -4, -6] [1, 3, 6, -17] [-23, 2, -12, -25] [7, 4, 16, 2] [-11, 8, 32, 2] [17, -4, -19, -13] [9, -25, 3, -2]
[-29, -1, 8, -18] [4, 18, -12, 0] [-36, 5, 14, -9] [-42, 19, 38, 16] [26, 32, 3, 4] [-40, -16, 3, -26] [-23, 5, -2, 10]
[-16, 24, 27, 29] [-14, 24, -27, -9] [-7, -4, 46, -5] [-98, 25, 60, 5] [-44, -52, -15, 32] [-22, -27, -12, 7] [-6, -20, -25, -9]
[-13, 49, -16, -38] [7, -14, 36, -35] [13, 37, 7, -123] [0, 0, 0, 0] [53, -111, 17, 21] [22, -7, 1, 10] [13, 16, 26, -9]
[-2, -37, 19, 6] [11, -7, -17, -32] [-17, -18, -42, -51] [48, 7, -139, 27] [12, 0, -40, 71] [7, 17, -7, 16] [-19, -75, -15, 39]
[26, 28, 5, -3] [-24, 12, -13, 4] [36, -1, 15, -3] [-4, -2, -19, 1] [-4, -11, -34, -16] [5, -17, -16, 5] [37, 15, 19, -4]
[-17, 1, 25, -4] [-2, -9, -54, -13] [-6, 2, 32, 19] [-24, 23, -58, -19] [48, 9, -14, 33] [36, -12, -34, 34] [4, -10, 20, -8]
Food (up, right, down, left):
[9, 11, 4, 27] [-19, 28, 2, -26] [11, -20, 1, 6] [-19, 1, 57, 2] [5, -14, 52, -7] [-2, -31, -19, -30] [-60, 21, 9, -22]
[-77, 15, -48, 3] [2, -8, -29, 0] [-1, 5, 26, 32] [-33, 11, -58, 28] [13, 16, -2, -52] [37, -3, -61, 25] [15, 0, 31, 37]
[-37, 9, 34, -32] [20, -5, -12, 34] [-34, -40, -30, 21] [56, -30, 28, 12] [-4, -12, -15, -27] [-4, 25, -47, -33] [63, 34, 25, 24]
[2, 26, -9, 46] [-28, -12, -19, 35] [-2, 0, -34, -17] [0, 0, 0, 0] [-10, 58, -49, -6] [12, -26, -46, -22] [-22, 53, -22, 4]
[1, 21, -16, 15] [15, 18, 4, 37] [21, -19, 38, 30] [-16, -53, 38, -5] [-1, 19, 20, -2] [12, 45, 17, 4] [-2, -30, -11, -15]
[7, -35, -20, 10] [11, 12, 14, -32] [23, 1, 24, 27] [-45, -33, 64, -16] [-48, -41, 11, -64] [-38, 80, 36, 27] [-1, 51, 24, 29]
[24, -5, -38, -12] [-12, -12, 26, -69] [36, 23, -1, -11] [-2, -3, -5, -26] [65, 46, 9, -23] [0, 37, 4, 5] [14, -31, 18, -23]
------------------------------
ALIVE
Head: (2 5)
Body: (2 5) (2 4) (2 3) (3 3) (4 3) (4 4) (4 5) (5 5) (6 5) (7 5) (8 5) 
Length: 11, 4
Vision: 3
Hungry, suplies: 9/10
Reproductive: 16, mutating: 0.25
Generation: 58284
####################################
Wall (up, right, down, left):
[-8, -7, -4, -6] [1, 3, 6, -17] [-23, 2, -12, -25] [7, 4, 16, 2] [-11, 8, 32, 2] [17, -4, -19, -13] [9, -25, 3, -2]
[-29, -1, 8, -18] [4, 18, -12, 0] [-36, 5, 14, -9] [-42, 19, 38, 16] [26, 32, 3, 4] [-40, -16, 3, -26] [-23, 5, -2, 10]
[-16, 24, 27, 29] [-14, 24, -27, -9] [-7, -4, 46, -5] [-98, 25, 60, 5] [-44, -52, -15, 32] [-22, -27, -12, 7] [-6, -20, -25, -9]
[-13, 49, -16, -38] [7, -14, 36, -35] [13, 37, 7, -123] [0, 0, 0, 0] [53, -111, 17, 21] [22, -7, 1, 10] [13, 16, 26, -9]
[-2, -37, 19, 6] [11, -7, -17, -32] [-17, -18, -42, -51] [48, 7, -139, 27] [12, 0, -40, 71] [7, 17, -7, 16] [-19, -75, -15, 39]
[26, 28, 5, -3] [-24, 12, -13, 4] [36, -1, 15, -3] [-4, -2, -19, 1] [-4, -11, -34, -16] [5, -17, -16, 5] [37, 15, 19, -4]
[-17, 1, 25, -4] [-2, -9, -54, -13] [-6, 2, 29, 19] [-24, 23, -58, -19] [48, 9, -14, 33] [36, -12, -34, 34] [4, -10, 20, -8]
Food (up, right, down, left):
[9, 11, 4, 27] [-19, 28, 2, -26] [11, -20, 1, 6] [-19, 1, 57, 2] [5, -14, 52, -7] [-2, -31, -19, -30] [-60, 21, 9, -22]
[-77, 15, -48, 3] [2, -8, -29, 0] [-1, 5, 26, 32] [-33, 11, -58, 28] [13, 16, -2, -52] [37, -3, -61, 25] [15, 0, 31, 37]
[-37, 9, 34, -32] [20, -5, -12, 34] [-34, -40, -30, 21] [56, -30, 28, 12] [-4, -12, -15, -27] [-4, 25, -47, -33] [63, 34, 25, 24]
[2, 26, -9, 46] [-28, -12, -19, 35] [-2, 0, -34, -17] [0, 0, 0, 0] [-10, 58, -49, -6] [12, -26, -46, -22] [-22, 53, -22, 4]
[1, 21, -16, 15] [15, 18, 4, 37] [21, -19, 38, 30] [-16, -53, 38, -5] [-1, 19, 20, -2] [12, 45, 17, 4] [-2, -30, -11, -15]
[7, -35, -20, 10] [11, 12, 14, -32] [23, 1, 24, 27] [-45, -33, 64, -16] [-48, -41, 11, -64] [-38, 80, 36, 27] [-1, 51, 24, 29]
[24, -5, -38, -12] [-12, -12, 26, -69] [36, 25, -1, -11] [-2, -3, -5, -26] [65, 46, 9, -23] [0, 37, 4, 5] [14, -31, 18, -23]
------------------------------
ALIVE
Head: (13 5)
Body: (13 5) (12 5) (12 6) (12 7) (13 7) (13 8) (13 9) (14 9) (15 9) (16 9) (16 10) (16 11) 
Length: 12, 4
Vision: 3
Hungry, suplies: 3/10
Reproductive: 16, mutating: 0.25
Generation: 58283
####################################
Wall (up, right, down, left):
[-8, -7, -4, -6] [1, 3, 6, -17] [-23, 2, -12, -25] [7, 4, 16, 2] [-11, 8, 32, 2] [17, -4, -19, -13] [9, -25, 3, -2]
[-29, -1, 8, -18] [4, 18, -12, 0] [-36, 5, 14, -9] [-42, 14, 38, 16] [26, 32, 3, 4] [-40, -16, 3, -26] [-23, 5, -2, 10]
[-16, 24, 27, 29] [-14, 24, -24, -9] [-7, -4, 46, -5] [-98, 25, 60, 5] [-44, -52, -15, 32] [-22, -27, -12, 7] [-6, -20, -25, -9]
[-13, 49, -16, -38] [7, -14, 36, -35] [13, 37, 7, -123] [0, 0, 0, 0] [53, -111, 17, 17] [22, -7, 1, 10] [13, 16, 26, -9]
[-2, -37, 19, 6] [11, -7, -17, -32] [-17, -18, -42, -51] [48, 7, -139, 27] [12, 0, -40, 71] [7, 17, -3, 16] [-19, -75, -15, 39]
[26, 31, 5, -2] [-26, 12, -13, 4] [36, -1, 15, -3] [-4, -2, -19, 1] [-4, -11, -34, -16] [5, -17, -16, 5] [37, 14, 19, -4]
[-17, 1, 25, -4] [-2, -9, -54, -13] [-6, 2, 29, 19] [-24, 23, -58, -19] [48, 9, -14, 33] [36, -12, -34, 34] [4, -10, 20, -8]
Food (up, right, down, left):
[9, 11, 4, 27] [-19, 28, 2, -26] [11, -20, 1, 6] [-19, 1, 57, 2] [5, -14, 52, -7] [1, -31, -19, -30] [-60, 21, 9, -22]
[-77, 15, -48, 3] [2, -8, -29, 0] [-1, 5, 26, 32] [-33, 9, -58, 28] [13, 16, -2, -52] [37, -3, -61, 25] [15, 0, 31, 37]
[-37, 9, 34, -32] [20, -5, -17, 34] [-34, -40, -30, 21] [56, -30, 28, 12] [-4, -12, -15, -27] [-4, 25, -47, -33] [63, 34, 25, 24]
[2, 26, -9, 46] [-28, -12, -19, 35] [-2, 0, -34, -17] [0, 0, 0, 0] [-10, 58, -49, -3] [12, -26, -46, -22] [-22, 53, -22, 4]
[1, 21, -16, 15] [15, 18, 4, 37] [21, -19, 34, 30] [-16, -53, 38, -5] [-1, 19, 20, -2] [12, 45, 21, 4] [-2, -30, -11, -15]
[7, -35, -24, 7] [11, 12, 14, -27] [23, 1, 24, 27] [-45, -33, 64, -16] [-48, -41, 11, -64] [-38, 80, 36, 27] [0, 51, 24, 29]
[24, -5, -38, -12] [-12, -12, 26, -69] [36, 25, -1, -11] [-2, -3, -5, -26] [65, 46, 9, -23] [0, 37, 4, 5] [14, -31, 18, -23]
------------------------------
ALIVE
Head: (1 22)
Body: (1 22) (25 22) (24 22) (24 21) (24 20) (24 19) (23 19) (22 19) (21 19) (20 19) (19 19) (19 18) 
Length: 12, 4
Vision: 3
Hungry, suplies: 10/10
Reproductive: 16, mutating: 0.25
Generation: 58281
####################################
Wall (up, right, down, left):
[-8, -7, -4, -6] [1, 3, 6, -17] [-23, 2, -12, -25] [7, 4, 16, 2] [-11, 8, 32, 2] [17, -4, -19, -13] [9, -25, 3, -2]
[-29, -1, 8, -18] [4, 18, -12, 0] [-36, 5, 14, -9] [-42, 19, 38, 16] [26, 32, 3, 4] [-40, -16, 3, -26] [-23, 5, -2, 10]
[-16, 24, 27, 29] [-14, 24, -27, -9] [-7, -4, 46, -5] [-98, 25, 60, 5] [-44, -52, -15, 32] [-22, -27, -12, 7] [-6, -20, -25, -9]
[-13, 49, -16, -38] [7, -14, 36, -35] [13, 37, 7, -123] [0, 0, 0, 0] [53, -111, 17, 21] [22, -7, 1, 10] [13, 16, 26, -9]
[-2, -37, 19, 6] [11, -7, -17, -32] [-17, -18, -42, -51] [48, 7, -139, 27] [12, 0, -40, 71] [7, 17, -7, 16] [-19, -75, -15, 39]
[26, 28, 5, -3] [-24, 12, -13, 4] [36, -1, 15, -3] [-4, -2, -19, 1] [-4, -11, -34, -16] [5, -17, -16, 5] [37, 15, 19, -4]
[-17, 1, 25, -4] [-2, -9, -54, -13] [-6, 2, 32, 19] [-24, 23, -58, -19] [48, 9, -14, 33] [36, -12, -34, 34] [4, -10, 20, -8]
Food (up, right, down, left):
[9, 11, 4, 27] [-19, 28, 2, -26] [11, -20, 1, 6] [-19, 1, 57, 2] [5, -14, 52, -7] [-2, -31, -19, -30] [-60, 21, 9, -22]
[-77, 15, -48, 3] [2, -8, -29, 0] [-1, 5, 26, 32] [-33, 11, -58, 28] [13, 16, -2, -52] [37, -3, -61, 25] [15, 0, 31, 37]
[-37, 9, 34, -32] [20, -5, -12, 34] [-34, -40, -30, 21] [56, -30, 28, 12] [-4, -12, -15, -27] [-4, 25, -47, -33] [63, 34, 25, 24]
[2, 26, -9, 46] [-28, -12, -19, 35] [-2, 0, -34, -17] [0, 0, 0, 0] [-10, 58, -49, -6] [12, -26, -46, -22] [-22, 53, -22, 4]
[1, 21, -16, 15] [15, 18, 4, 37] [21, -19, 38, 30] [-16, -53, 38, -5] [-1, 19, 20, -2] [12, 45, 17, 4] [-2, -30, -11, -15]
[7, -35, -20, 10] [11, 12, 14, -32] [23, 1, 24, 27] [-45, -33, 64, -16] [-48, -41, 11, -64] [-38, 80, 36, 27] [-1, 51, 24, 29]
[24, -5, -38, -12] [-12, -12, 26, -69] [36, 23, -1, -11] [-2, -3, -5, -26] [65, 46, 9, -23] [0, 37, 4, 5] [14, -31, 18, -23]
------------------------------
ALIVE
Head: (5 3)
Body: (5 3) (6 3) (7 3) (8 3) (9 3) (9 4) (9 5) (10 5) (10 4) 
Length: 9, 4
Vision: 3
Hungry, suplies: 4/10
Reproductive: 16, mutating: 0.25
Generation: 58282
####################################
Wall (up, right, down, left):
[-8, -7, -4, -6] [1, 3, 6, -17] [-23, 2, -12, -25] [7, 4, 16, 2] [-11, 8, 32, 2] [17, -4, -19, -13] [9, -25, 3, -2]
[-29, -1, 8, -18] [4, 18, -12, 0] [-36, 5, 14, -9] [-42, 19, 38, 16] [26, 32, 3, 4] [-40, -16, 3, -26] [-23, 5, -2, 10]
[-16, 24, 27, 29] [-14, 24, -27, -9] [-7, -4, 46, -5] [-98, 25, 60, 5] [-44, -52, -15, 32] [-22, -27, -12, 7] [-6, -20, -25, -9]
[-13, 49, -16, -38] [7, -14, 36, -35] [13, 37, 7, -123] [0, 0, 0, 0] [53, -111, 17, 21] [22, -7, 1, 10] [13, 16, 26, -9]
[-2, -37, 19, 6] [11, -7, -17, -32] [-17, -18, -42, -51] [48, 7, -139, 27] [12, 0, -40, 71] [7, 17, -7, 16] [-19, -75, -15, 39]
[26, 28, 5, -3] [-24, 12, -13, 4] [36, -1, 15, -3] [-4, -2, -19, 1] [-4, -11, -34, -16] [5, -17, -16, 5] [37, 15, 19, -4]
[-17, 1, 25, -4] [-2, -9, -54, -13] [-6, 2, 29, 19] [-24, 23, -58, -19] [48, 9, -14, 33] [36, -12, -34, 34] [4, -10, 22, -8]
Food (up, right, down, left):
[9, 11, 4, 27] [-19, 28, 2, -26] [11, -20, 1, 6] [-19, 1, 57, 2] [5, -14, 52, -7] [-2, -31, -19, -30] [-60, 21, 9, -22]
[-77, 15, -48, 3] [2, -8, -29, 0] [-1, 5, 26, 32] [-33, 11, -58, 28] [13, 16, -2, -52] [37, -3, -61, 25] [15, 0, 31, 37]
[-37, 9, 34, -32] [20, -5, -12, 34] [-34, -40, -30, 21] [56, -30, 28, 12] [-4, -12, -15, -27] [-4, 25, -47, -33] [63, 34, 25, 24]
[2, 26, -9, 46] [-28, -12, -19, 35] [-2, 0, -34, -17] [0, 0, 0, 0] [-10, 58, -49, -6] [12, -26, -46, -22] [-22, 53, -22, 4]
[1, 21, -16, 15] [15, 18, 4, 37] [21, -19, 38, 30] [-16, -53, 38, -5] [-1, 19, 20, -2] [12, 45, 17, 4] [-2, -30, -11, -15]
[7, -35, -20, 10] [11, 12, 14, -32] [23, 1, 24, 27] [-45, -33, 64, -16] [-48, -41, 11, -64] [-38, 80, 36, 27] [-1, 51, 24, 29]
[24, -5, -38, -12] [-12, -12, 26, -69] [36, 25, -1, -11] [-2, -3, -5, -26] [65, 46, 9, -23] [0, 37, 4, 5] [9, -31, 18, -23]
------------------------------
ALIVE
Head: (15 21)
Body: (15 21) (15 22) (16 22) (16 23) (16 24) (16 25) (16 26) (16 27) (16 28) (16 29) 
Length: 10, 4
Vision: 3
Hungry, suplies: 2/10
Reproductive: 16, mutating: 0.25
Generation: 58284
####################################
Wall (up, right, down, left):
[-8, -7, -4, -6] [1, 3, 6, -17] [-23, 2, -12, -25] [7, 4, 16, 2] [-11, 8, 32, 2] [17, -4, -19, -13] [9, -25, 3, -2]
[-29, -1, 8, -18] [4, 18, -12, 0] [-36, 5, 14, -9] [-42, 14, 38, 16] [26, 32, 3, 4] [-40, -16, 3, -26] [-23, 5, -2, 10]
[-16, 24, 27, 29] [-14, 24, -27, -9] [-7, -4, 46, -5] [-98, 25, 60, 5] [-44, -52, -15, 32] [-22, -27, -12, 7] [-6, -20, -25, -9]
[-13, 49, -16, -38] [7, -14, 36, -35] [13, 37, 7, -123] [0, 0, 0, 0] [53, -111, 17, 17] [22, -7, 1, 10] [13, 16, 26, -9]
[-2, -37, 19, 6] [11, -7, -17, -32] [-17, -18, -42, -46] [48, 7, -139, 27] [12, 0, -40, 71] [7, 17, -3, 16] [-19, -75, -15, 39]
[26, 31, 5, -2] [-26, 12, -13, 4] [36, -1, 15, -3] [-4, -2, -19, 1] [-4, -11, -34, -16] [5, -17, -16, 5] [37, 15, 19, -4]
[-17, 1, 25, -4] [-2, -9, -54, -13] [-6, 2, 29, 19] [-24, 23, -58, -19] [48, 9, -14, 33] [36, -12, -34, 34] [4, -10, 20, -8]
Food (up, right, down, left):
[9, 11, 4, 27] [-19, 28, 2, -26] [11, -20, 1, 6] [-19, 1, 57, 2] [5, -14, 52, -7] [1, -31, -19, -30] [-60, 21, 9, -22]
[-77, 15, -48, 3] [2, -8, -29, 0] [-1, 5, 26, 32] [-33, 9, -58, 28] [13, 16, -2, -52] [37, -3, -61, 25] [15, 0, 31, 37]
[-37, 9, 34, -32] [20, -5, -12, 34] [-34, -40, -30, 21] [56, -30, 28, 12] [-4, -12, -15, -27] [-4, 25, -47, -33] [63, 34, 25, 24]
[2, 26, -9, 46] [-28, -12, -19, 35] [-2, 0, -34, -17] [0, 0, 0, 0] [-10, 58, -49, -3] [12, -26, -46, -22] [-22, 53, -22, 4]
[1, 21, -16, 15] [15, 18, 4, 37] [21, -19, 34, 29] [-16, -53, 38, -5] [-1, 19, 20, -2] [12, 45, 21, 4] [-2, -30, -11, -15]
[7, -35, -24, 7] [11, 12, 14, -27] [23, 1, 24, 27] [-45, -33, 64, -16] [-48, -41, 11, -64] [-38, 80, 36, 27] [-1, 51, 24, 29]
[24, -5, -38, -12] [-12, -12, 26, -69] [36, 25, -1, -11] [-2, -3, -5, -26] [65, 46, 9, -23] [0, 37, 4, 5] [14, -31, 18, -23]
------------------------------
ALIVE
Head: (23 9)
Body: (23 9) (23 8) (24 8) (24 9) (24 10) (-1 11) (0 11) (0 12) (0 13) 
Length: 9, 4
Vision: 3
Hungry, suplies: 4/10
Reproductive: 16, mutating: 0.25
Generation: 58280
####################################
Wall (up, right, down, left):
[-8, -5, -4, -6] [1, 3, 6, -17] [-23, 2, -12, -25] [7, 4, 16, 2] [-11, 8, 32, 2] [17, -4, -19, -13] [9, -25, 3, -2]
[-29, -1, 8, -18] [4, 18, -12, 0] [-36, 5, 14, -9] [-42, 14, 38, 16] [26, 32, 3, 4] [-40, -16, 3, -26] [-23, 5, -2, 10]
[-16, 24, 27, 29] [-14, 24, -27, -9] [-7, -4, 46, -5] [-98, 25, 60, 5] [-44, -52, -15, 32] [-22, -27, -12, 7] [-6, -20, -25, -9]
[-13, 49, -16, -38] [7, -14, 36, -35] [13, 37, 7, -123] [0, 0, 0, 0] [53, -111, 17, 21] [22, -7, 1, 10] [13, 16, 26, -9]
[-2, -37, 19, 6] [11, -7, -17, -32] [-17, -18, -42, -51] [48, 7, -139, 27] [12, 0, -40, 71] [7, 17, -3, 16] [-19, -75, -15, 39]
[26, 31, 5, -2] [-26, 12, -13, 4] [36, -1, 15, -3] [-4, -2, -19, 1] [-4, -11, -34, -16] [5, -17, -16, 5] [37, 15, 19, -4]
[-17, 1, 25, -4] [-2, -8, -54, -13] [-6, 2, 29, 19] [-24, 23, -58, -19] [48, 9, -14, 33] [36, -12, -34, 34] [8, -10, 20, -8]
Food (up, right, down, left):
[9, 8, 4, 27] [-19, 28, 2, -26] [11, -20, 1, 6] [-19, 1, 57, 2] [5, -14, 52, -7] [1, -31, -19, -30] [-60, 21, 9, -22]
[-77, 15, -48, 3] [2, -8, -29, 0] [-1, 5, 26, 32] [-33, 9, -58, 28] [13, 16, -2, -52] [37, -3, -61, 25] [15, 0, 31, 37]
[-37, 9, 34, -32] [20, -5, -12, 34] [-34, -40, -30, 21] [56, -30, 28, 12] [-4, -12, -15, -27] [-4, 25, -47, -33] [63, 34, 25, 24]
[2, 26, -9, 46] [-28, -12, -19, 35] [-2, 0, -34, -17] [0, 0, 0, 0] [-10, 58, -49, -4] [12, -26, -46, -22] [-22, 53, -22, 4]
[1, 21, -16, 15] [15, 18, 4, 37] [21, -19, 38, 30] [-16, -53, 38, -5] [-1, 19, 20, -2] [12, 45, 21, 4] [-2, -30, -11, -15]
[7, -35, -24, 7] [11, 12, 14, -27] [23, 1, 24, 27] [-45, -33, 64, -16] [-48, -41, 11, -64] [-38, 80, 36, 27] [-1, 51, 24, 29]
[24, -5, -38, -12] [-9, -12, 26, -69] [36, 25, -1, -11] [-2, -3, -5, -26] [65, 46, 9, -23] [0, 37, 4, 5] [14, -36, 18, -23]
------------------------------
ALIVE
Head: (9 0)
Body: (9 57) (9 56) (9 55) (10 55) (11 55) (12 55) (12 54) (12 53) (11 53) (11 52) 
Length: 10, 4
Vision: 3
Hungry, suplies: 1/10
Reproductive: 16, mutating: 0.25
Generation: 58281
####################################
Wall (up, right, down, left):
[-8, -5, -4, -6] [1, 3, 6, -17] [-23, 2, -12, -25] [7, 4, 16, 2] [-11, 8, 32, 2] [17, -4, -19, -13] [9, -25, 3, -2]
[-29, -1, 8, -18] [4, 18, -12, 0] [-36, 5, 14, -9] [-42, 14, 38, 16] [26, 32, 3, 4] [-40, -16, 3, -26] [-23, 5, -2, 10]
[-16, 24, 27, 29] [-14, 24, -27, -9] [-7, -4, 46, -5] [-98, 25, 60, 5] [-44, -52, -15, 32] [-22, -27, -12, 7] [-6, -20, -25, -9]
[-13, 49, -16, -38] [7, -14, 36, -35] [13, 37, 7, -123] [0, 0, 0, 0] [53, -111, 17, 21] [22, -7, 1, 10] [13, 16, 26, -9]
[-2, -37, 19, 6] [11, -7, -17, -32] [-17, -18, -42, -51] [48, 7, -139, 27] [12, 0, -40, 71] [7, 17, -3, 16] [-19, -75, -15, 39]
[26, 31, 5, -2] [-26, 12, -13, 4] [36, -1, 15, -3] [-4, -2, -19, 1] [-4, -11, -34, -16] [5, -17, -16, 5] [37, 15, 19, -4]
[-17, 1, 25, -4] [-2, -8, -54, -13] [-6, 2, 29, 19] [-24, 23, -58, -19] [48, 9, -14, 33] [36, -12, -34, 34] [8, -10, 20, -8]
Food (up, right, down, left):
[9, 8, 4, 27] [-19, 28, 2, -26] [11, -20, 1, 6] [-19, 1, 57, 2] [5, -14, 52, -7] [1, -31, -19, -30] [-60, 21, 9, -22]
[-77, 15, -48, 3] [2, -8, -29, 0] [-1, 5, 26, 32] [-33, 9, -58, 28] [13, 16, -2, -52] [37, -3, -61, 25] [15, 0, 31, 37]
[-37, 9, 34, -32] [20, -5, -12, 34] [-34, -40, -30, 21] [56, -30, 28, 12] [-4, -12, -15, -27] [-4, 25, -47, -33] [63, 34, 25, 24]
[2, 26, -9, 46] [-28, -12, -19, 35] [-2, 0, -34, -17] [0, 0, 0, 0] [-10, 58, -49, -4] [12, -26, -46, -22] [-22, 53, -22, 4]
[1, 21, -16, 15] [15, 18, 4, 37] [21, -19, 38, 30] [-16, -53, 38, -5] [-1, 19, 20, -2] [12, 45, 21, 4] [-2, -30, -11, -15]
[7, -35, -24, 7] [11, 12, 14, -27] [23, 1, 24, 27] [-45, -33, 64, -16] [-48, -41, 11, -64] [-38, 80, 36, 27] [-1, 51, 24, 29]
[24, -5, -38, -12] [-9, -12, 26, -69] [36, 25, -1, -11] [-2, -3, -5, -26] [65, 46, 9, -23] [0, 37, 4, 5] [14, -36, 18, -23]
------------------------------
ALIVE
Head: (14 50)
Body: (14 50) (14 49) (14 48) (14 47) (14 46) (13 46) (13 45) (12 45) (11 45) (11 46) 
Length: 10, 4
Vision: 3
Hungry, suplies: 6/10
Reproductive: 16, mutating: 0.25
Generation: 58282
####################################
Wall (up, right, down, left):
[-7, -7, -4, -6] [3, 3, 6, -17] [-23, 6, -12, -25] [5, 4, 17, 2] [-11, 8, 32, 2] [17, -4, -19, -20] [9, -25, 3, -2]
[-29, -1, 8, -18] [4, 18, -12, 0] [-36, 5, 14, -9] [-42, 14, 38, 16] [26, 32, 3, 4] [-40, -16, 3, -26] [-23, 5, -2, 10]
[-16, 24, 27, 29] [-14, 24, -22, -9] [-7, -4, 46, -11] [-98, 25, 60, 1] [-44, -52, -15, 32] [-22, -27, -12, 7] [-6, -17, -25, -14]
[-10, 49, -16, -38] [7, -14, 36, -35] [13, 37, 7, -118] [0, 0, 0, 0] [53, -111, 17, 21] [22, -7, 1, 10] [13, 11, 27, -9]
[-2, -37, 19, 6] [11, -7, -17, -32] [-17, -18, -42, -51] [48, 7, -139, 31] [12, 0, -40, 64] [7, 17, -3, 16] [-19, -75, -16, 39]
[26, 31, 5, -2] [-24, 12, -13, 4] [36, -1, 15, -4] [-4, -2, -15, 1] [-5, -8, -34, -16] [5, -17, -16, 5] [37, 15, 19, -4]
[-17, 1, 25, -4] [-2, -9, -54, -13] [-6, 4, 29, 19] [-24, 23, -58, -19] [48, 9, -14, 33] [36, -12, -34, 34] [4, -10, 20, -8]
Food (up, right, down, left):
[9, 11, 4, 27] [-19, 28, 2, -24] [14, -20, 1, 6] [-19, 1, 52, 1] [5, -14, 52, -7] [-2, -31, -17, -33] [-60, 21, 9, -22]
[-77, 15, -48, 3] [2, -8, -25, 0] [-1, 5, 26, 32] [-33, 9, -58, 28] [13, 16, -2, -52] [39, -3, -61, 25] [15, 0, 31, 37]
[-37, 9, 34, -32] [20, 0, -12, 34] [-31, -41, -30, 21] [56, -30, 30, 12] [-4, -12, -15, -27] [-4, 25, -47, -33] [63, 31, 25, 24]
[2, 26, -9, 45] [-28, -12, -19, 35] [-2, 0, -30, -17] [0, 0, 0, 0] [-10, 58, -49, -6] [12, -26, -46, -22] [-22, 53, -17, 5]
[1, 21, -16, 15] [15, 18, 4, 37] [21, -19, 38, 30] [-19, -53, 38, -5] [-3, 19, 20, -6] [12, 45, 21, 4] [-2, -32, -11, -15]
[7, -35, -24, 7] [11, 12, 14, -32] [23, 1, 27, 27] [-43, -33, 64, -16] [-44, -36, 11, -64] [-38, 80, 36, 27] [-1, 51, 24, 29]
[24, -5, -38, -12] [-12, -12, 26, -69] [36, 25, -2, -11] [-2, -3, -5, -26] [65, 46, 9, -23] [0, 37, 4, 5] [14, -31, 18, -23]
------------------------------
ALIVE
Head: (15 51)
Body: (15 51) (15 50) (15 49) (15 48) (15 47) (16 47) (17 47) (18 47) 
Length: 8, 4
Vision: 3
Hungry, suplies: 8/10
Reproductive: 16, mutating: 0.25
Generation: 58279
####################################
Wall (up, right, down, left):
[-8, -7, -4, -6] [1, 3, 6, -17] [-23, 2, -12, -25] [7, 4, 16, 2] [-11, 8, 32, 2] [17, -4, -19, -13] [9, -25, 3, -2]
[-29, -1, 8, -18] [4, 18, -12, 0] [-36, 5, 14, -9] [-42, 19, 38, 16] [26, 32, 3, 4] [-40, -16, 3, -26] [-23, 5, -2, 10]
[-16, 24, 27, 29] [-14, 24, -27, -9] [-7, -4, 46, -5] [-98, 25, 60, 5] [-44, -52, -15, 32] [-22, -27, -12, 7] [-6, -20, -25, -9]
[-13, 49, -16, -38] [7, -14, 36, -35] [13, 37, 7, -123] [0, 0, 0, 0] [53, -111, 17, 21] [22, -7, 1, 10] [13, 16, 26, -9]
[-2, -37, 19, 6] [11, -7, -17, -32] [-17, -18, -42, -51] [48, 7, -139, 27] [12, 0, -40, 71] [7, 17, -7, 16] [-19, -75, -15, 39]
[26, 28, 5, -3] [-24, 12, -13, 4] [36, -1, 15, -3] [-4, -2, -19, 1] [-4, -11, -34, -16] [5, -17, -16, 5] [37, 15, 19, -4]
[-17, 1, 25, -4] [-2, -9, -54, -13] [-6, 2, 29, 19] [-24, 23, -58, -19] [48, 9, -14, 33] [36, -12, -34, 34] [4, -10, 20, -8]
Food (up, right, down, left):
[9, 11, 4, 27] [-19, 28, 2, -26] [11, -20, 1, 6] [-19, 1, 57, 2] [5, -14, 52, -7] [-2, -31, -19, -30] [-60, 21, 9, -22]
[-77, 15, -48, 3] [2, -8, -29, 0] [-1, 5, 26, 32] [-33, 11, -58, 28] [13, 16, -2, -52] [37, -3, -61, 25] [15, 0, 31, 37]
[-37, 9, 34, -32] [20, -5, -12, 34] [-34, -40, -30, 21] [56, -30, 28, 12] [-4, -12, -15, -27] [-4, 25, -47, -33] [63, 34, 25, 24]
[2, 26, -9, 46] [-28, -12, -19, 35] [-2, 0, -34, -17] [0, 0, 0, 0] [-10, 58, -49, -6] [12, -26, -46, -22] [-22, 53, -22, 4]
[1, 21, -16, 15] [15, 18, 4, 37] [21, -19, 38, 30] [-16, -53, 38, -5] [-1, 19, 20, -2] [12, 45, 17, 4] [-2, -30, -11, -15]
[7, -35, -20, 10] [11, 12, 14, -32] [23, 1, 24, 27] [-45, -33, 64, -16] [-48, -41, 11, -64] [-38, 80, 36, 27] [-1, 51, 24, 29]
[24, -5, -38, -12] [-12, -12, 26, -69] [36, 25, -1, -11] [-2, -3, -5, -26] [65, 46, 9, -23] [0, 37, 4, 5] [14, -31, 18, -23]
------------------------------
ALIVE
Head: (15 36)
Body: (15 36) (15 35) (14 35) (14 34) (14 33) (14 32) (15 32) (16 32) (16 31) (17 31) 
Length: 10, 4
Vision: 3
Hungry, suplies: 7/10
Reproductive: 16, mutating: 0.25
Generation: 58282
####################################
Wall (up, right, down, left):
[-7, -7, -4, -6] [3, 3, 6, -17] [-23, 6, -12, -25] [5, 4, 17, 2] [-11, 8, 32, 2] [17, -4, -19, -20] [9, -25, 3, -2]
[-29, -1, 8, -18] [4, 18, -12, 0] [-36, 5, 14, -9] [-42, 14, 38, 16] [26, 32, 3, 4] [-40, -16, 3, -26] [-23, 5, -2, 10]
[-16, 24, 27, 29] [-14, 24, -27, -9] [-7, -4, 46, -11] [-98, 25, 60, 1] [-44, -52, -15, 32] [-22, -27, -12, 7] [-6, -17, -25, -14]
[-10, 49, -16, -38] [7, -14, 36, -35] [13, 37, 7, -118] [0, 0, 0, 0] [53, -111, 17, 21] [22, -7, 1, 10] [13, 11, 27, -9]
[-2, -37, 19, 6] [11, -7, -17, -32] [-17, -18, -42, -51] [48, 7, -139, 31] [12, 0, -40, 64] [7, 17, -3, 16] [-19, -75, -16, 39]
[26, 31, 5, -2] [-24, 12, -13, 4] [36, -1, 15, -4] [-4, -2, -15, 1] [-5, -8, -34, -20] [5, -17, -16, 5] [37, 15, 19, -4]
[-17, 1, 25, -4] [-2, -9, -54, -13] [-6, 4, 29, 19] [-24, 23, -58, -19] [47, 9, -14, 33] [36, -12, -34, 34] [4, -10, 20, -8]
Food (up, right, down, left):
[9, 11, 4, 27] [-19, 28, 2, -24] [14, -20, 1, 6] [-19, 1, 52, 1] [5, -14, 52, -7] [-2, -31, -17, -33] [-60, 21, 9, -22]
[-77, 15, -48, 3] [2, -8, -29, 0] [-1, 5, 26, 32] [-33, 9, -58, 28] [13, 16, -2, -52] [37, -3, -61, 25] [15, 0, 31, 37]
[-37, 9, 34, -32] [20, -5, -12, 34] [-31, -41, -30, 21] [56, -30, 30, 12] [-4, -12, -15, -27] [-4, 25, -47, -33] [63, 31, 25, 24]
[2, 26, -9, 45] [-28, -12, -19, 35] [-2, 0, -30, -17] [0, 0, 0, 0] [-10, 58, -49, -6] [12, -26, -46, -22] [-22, 53, -17, 5]
[1, 21, -16, 15] [15, 18, 4, 37] [21, -19, 38, 30] [-19, -53, 38, -5] [-3, 19, 20, -6] [12, 45, 21, 4] [-2, -32, -11, -15]
[7, -35, -24, 7] [11, 12, 14, -32] [23, 1, 27, 27] [-43, -33, 64, -16] [-43, -36, 11, -64] [-38, 80, 36, 27] [-1, 51, 24, 29]
[24, -5, -38, -12] [-12, -12, 26, -69] [36, 25, -2, -11] [-2, -3, -5, -26] [70, 46, 9, -23] [0, 37, 4, 5] [14, -31, 18, -23]
------------------------------
ALIVE
Head: (1 5)
Body: (1 5) (1 4) (1 3) (1 2) (1 1) (2 1) (3 1) (4 1) (5 1) (6 1) 
Length: 10, 4
Vision: 3
Hungry, suplies: 7/10
Reproductive: 16, mutating: 0.25
Generation: 58284
####################################
Wall (up, right, down, left):
[-8, -7, -4, -6] [1, 3, 6, -17] [-23, 2, -12, -25] [7, 4, 16, 2] [-11, 8, 32, 2] [17, -4, -19, -13] [9, -25, 3, -2]
[-29, -1, 8, -18] [4, 18, -12, 0] [-36, 5, 14, -9] [-42, 19, 38, 16] [26, 32, 3, 4] [-40, -16, 3, -26] [-23, 5, -2, 10]
[-16, 24, 27, 29] [-14, 24, -27, -9] [-7, -4, 46, -5] [-98, 25, 60, 5] [-44, -52, -15, 32] [-22, -27, -12, 7] [-6, -20, -25, -9]
[-13, 49, -16, -38] [7, -14, 36, -35] [13, 37, 7, -123] [0, 0, 0, 0] [53, -111, 17, 21] [22, -5, 1, 10] [13, 16, 26, -9]
[-2, -37, 19, 6] [11, -7, -17, -32] [-17, -18, -42, -51] [48, 7, -139, 27] [12, 0, -40, 71] [7, 17, -7, 16] [-19, -75, -15, 39]
[26, 28, 5, -2] [-24, 12, -13, 4] [36, -1, 15, -3] [-4, -2, -19, 1] [-4, -11, -34, -16] [5, -17, -16, 5] [37, 15, 19, -4]
[-17, 1, 25, -4] [-2, -9, -54, -13] [-6, 2, 29, 19] [-24, 23, -58, -19] [48, 9, -14, 33] [36, -12, -34, 34] [4, -10, 20, -8]
Food (up, right, down, left):
[9, 11, 4, 27] [-19, 28, 2, -26] [11, -20, 1, 6] [-19, 1, 57, 2] [5, -14, 52, -7] [-2, -31, -19, -30] [-60, 21, 9, -22]
[-77, 15, -48, 3] [2, -8, -29, 0] [-1, 5, 26, 32] [-33, 11, -58, 28] [13, 16, -2, -52] [37, -3, -61, 25] [15, 0, 31, 37]
[-37, 9, 34, -32] [20, -5, -12, 34] [-34, -40, -30, 21] [58, -30, 28, 12] [-4, -12, -15, -27] [-4, 25, -47, -33] [63, 34, 25, 24]
[2, 26, -9, 46] [-28, -12, -19, 35] [-2, 0, -34, -17] [0, 0, 0, 0] [-10, 58, -49, -6] [12, -26, -46, -22] [-22, 53, -22, 4]
[1, 21, -16, 15] [15, 18, 4, 37] [21, -19, 38, 30] [-16, -53, 38, -5] [-1, 19, 20, -2] [12, 45, 17, 4] [-2, -30, -11, -15]
[7, -35, -24, 10] [11, 12, 14, -32] [23, 1, 24, 27] [-45, -33, 64, -16] [-48, -41, 11, -64] [-38, 80, 36, 27] [-1, 51, 24, 29]
[24, -5, -38, -12] [-12, -12, 26, -69] [36, 25, -1, -11] [-2, -3, -5, -26] [65, 46, 9, -23] [0, 37, 4, 5] [14, -31, 18, -23]
------------------------------
ALIVE
Head: (8 40)
Body: (8 40) (8 41) (7 41) (7 42) (7 43) (7 44) (7 45) (7 46) (8 46) 
Length: 9, 4
Vision: 3
Hungry, suplies: 9/10
Reproductive: 16, mutating: 0.25
Generation: 58285
####################################
