Wall (up, right, down, left):
[-3, -8, -14, 4] [7, 2, -4, 23] [-2, 1, 10, 0] [5, 2, 15, 2] [7, 0, 5, 1] [-1, 0, 0, -1] [-4, -2, 6, -2]
[-4, -1, -8, 3] [4, -8, -7, 6] [-3, -5, -6, 12] [-12, -4, 2, 16] [5, -7, 7, 7] [1, 5, 12, 5] [0, -4, 3, 9]
[7, 9, -1, -13] [-4, 5, -4, 5] [6, 1, -2, -7] [-23, 0, 7, 6] [-7, -1, -1, 4] [0, -6, -5, 12] [-2, -3, 5, 5]
[0, -2, 8, -8] [6, 11, -4, -5] [1, -2, -4, -38] [0, 0, 0, 0] [-5, -30, 11, 4] [2, -12, 11, 4] [-9, -7, -12, -14]
[4, -2, -8, -5] [-4, 6, 11, -3] [5, 3, -7, -1] [8, 3, -19, -10] [0, -4, -5, 8] [-5, 3, -6, 3] [-5, -1, 4, -6]
[-1, 1, 0, 2] [-4, -2, -15, -19] [2, -2, 0, -4] [6, 0, 1, -5] [11, 0, -5, -4] [3, 3, 1, 2] [-2, 5, 3, 8]
[-2, -3, -18, -4] [-1, 0, 5, 0] [-2, 2, -2, -5] [-3, 7, -5, -4] [9, 7, -2, 8] [-2, 12, -6, -5] [3, -12, 2, 4]
Food (up, right, down, left):
[4, 14, -5, 11] [3, 11, 4, -3] [3, -7, -4, 4] [4, -1, -15, 6] [0, 6, -4, 7] [3, 2, 9, -8] [-6, 7, -4, 0]
[-4, 1, -6, -2] [-2, -4, -3, -1] [17, 6, 5, 2] [-6, 4, -8, 13] [3, -2, 1, -16] [-1, 5, 10, 14] [-3, -7, -9, -1]
[-3, -1, -10, 4] [-2, 3, 15, -6] [1, -13, -10, -1] [15, -10, 12, 0] [-3, 1, 3, 3] [-2, -5, -3, -5] [-2, 0, 2, -11]
[-7, -1, 0, 12] [1, -14, -11, 12] [0, 8, -8, 8] [0, 0, 0, 0] [-3, 21, -4, -8] [-4, -3, 5, 6] [-1, 5, 1, -6]
[12, 0, -3, -4] [-8, -6, -10, -5] [-1, -1, -3, 3] [-3, -2, 22, -5] [-2, -11, 8, -6] [-6, 10, 15, -2] [9, 12, -5, -10]
[-6, -2, 7, -3] [7, -4, 1, 7] [3, 1, 5, 1] [3, -15, 2, 0] [0, -10, 0, -3] [-14, 4, -1, 7] [3, 4, -17, 0]
[-8, -5, -8, -5] [4, 3, -2, -2] [0, -6, -5, -6] [-7, 1, -1, -11] [2, 7, 3, -7] [11, 7, 7, -2] [-13, 2, 6, -9]
------------------------------
ALIVE
Head: (6 33)
Body: (6 33) (6 34) (6 35) (5 35) (5 34) (5 33) (5 32) (5 31) (4 31) (4 30) (4 29) (4 28) (4 27) 
Length: 13, 4
Vision: 3
Hungry, suplies: 4/10
Reproductive: 16, mutating: 0.25
Generation: 4763
####################################
Wall (up, right, down, left):
[-3, -8, -15, 4] [7, 2, -4, 23] [-2, 1, 9, 0] [5, 2, 12, 2] [7, 0, 5, 1] [-1, 0, 0, -1] [-4, -2, 6, -2]
[-4, -1, -8, 3] [4, -8, -7, 6] [0, -5, -6, 13] [-12, -4, 2, 16] [5, -7, 7, 7] [1, 5, 12, 5] [1, -4, 3, 9]
[7, 9, -1, -13] [-4, 5, -4, 5] [6, 1, -2, -7] [-23, 0, 7, 6] [-2, -1, -1, 4] [0, -6, -5, 12] [-2, -3, 5, 5]
[0, -2, 8, -8] [6, 11, -4, -5] [1, -2, -4, -38] [0, 0, 0, 0] [-5, -30, 11, 4] [2, -12, 11, 4] [-9, -7, -12, -14]
[4, -2, -8, -5] [-4, 6, 11, -5] [5, 3, -7, 3] [8, 3, -19, -10] [-3, -4, -5, 8] [-5, 3, -6, 3] [-5, -1, 4, -6]
[-1, 1, 0, 2] [-4, -2, -15, -19] [2, -2, 0, -4] [6, 0, 1, -5] [11, 0, -5, -4] [3, 3, 1, 2] [-2, 5, 3, 8]
[-2, -3, -18, -4] [-1, 0, 5, 0] [-2, 2, -2, -5] [-3, 7, -5, -4] [9, 7, -2, 8] [-2, 12, -6, -5] [3, -12, 2, 4]
Food (up, right, down, left):
[4, 16, -5, 11] [3, 11, 4, -3] [3, -9, -4, 4] [4, -1, -11, 6] [0, 6, -4, 7] [3, 2, 9, -8] [-6, 7, -4, 0]
[-4, 1, -6, -2] [-2, -4, -3, -1] [17, 7, 10, 2] [-6, 4, -8, 13] [3, -2, 1, -16] [-1, 5, 10, 14] [-3, -10, -9, -1]
[-3, -1, -10, 4] [-2, 3, 15, -6] [1, -13, -10, -1] [15, -10, 12, 0] [-6, 1, 3, 3] [-2, -5, -3, -5] [-2, 0, 2, -11]
[-7, -1, 0, 12] [1, -14, -11, 12] [0, 8, -8, 8] [0, 0, 0, 0] [-3, 21, -4, -8] [-4, -3, 5, 6] [-1, 5, 1, -6]
[12, 0, -3, -4] [-8, -1, -10, -5] [-1, 3, -3, 3] [-3, -2, 22, -5] [-2, -6, 8, -6] [-6, 10, 15, -2] [9, 12, -5, -10]
[-6, -2, 7, -3] [7, -4, 1, 7] [3, 1, 5, 1] [3, -15, 2, 0] [0, -10, 0, -3] [-14, 4, -1, 7] [3, 4, -17, 0]
[-8, -5, -8, -5] [4, 3, -2, -2] [0, -6, -5, -6] [-7, 1, -1, -11] [2, 7, 3, -7] [11, 7, 7, -2] [-13, 2, 6, -9]
------------------------------
ALIVE
Head: (12 7)
Body: (12 7) (12 6) (13 6) (13 7) (14 7) (14 6) (14 5) (13 5) (12 5) (11 5) (10 5) 
Length: 11, 4
Vision: 3
Hungry, suplies: 10/10
Reproductive: 16, mutating: 0.25
Generation: 4764
####################################
Wall (up, right, down, left):
[-3, -8, -15, 4] [7, 2, -7, 23] [-2, 1, 9, 0] [5, 2, 12, 2] [7, 0, 5, 1] [-1, 0, 0, -1] [-4, -2, 6, -2]
[-4, -1, -8, 3] [4, -8, -7, 6] [-3, -5, -6, 13] [-12, -4, 2, 16] [5, -7, 7, 7] [1, 5, 12, 5] [0, -4, 3, 9]
[7, 9, -1, -13] [-4, 5, -4, 5] [6, 1, -2, -7] [-23, 0, 7, 6] [-7, -1, -1, 4] [0, -6, -5, 12] [-2, -3, 5, 5]
[0, -2, 8, -8] [6, 11, -4, -5] [1, -2, -4, -38] [0, 0, 0, 0] [-5, -35, 11, 2] [2, -12, 11, 3] [-9, -7, -12, -14]
[4, -2, -8, -5] [-4, 6, 11, -3] [5, 3, -7, -1] [8, 3, -19, -10] [-3, -4, -5, 8] [-5, 3, -6, 3] [-5, -1, 4, -6]
[-1, 1, 0, 2] [-4, -2, -15, -19] [2, -2, 0, -4] [6, 0, 1, -5] [11, 0, -5, -4] [3, 3, 1, 2] [-2, 5, 3, 8]
[-2, -3, -18, -4] [-1, 0, 6, 0] [-2, 2, -2, -5] [-3, 7, -5, -4] [9, 7, -2, 8] [-2, 12, -6, -5] [3, -12, 2, 4]
Food (up, right, down, left):
[4, 12, -5, 11] [3, 13, 4, -3] [3, -9, -4, 4] [4, -1, -11, 6] [0, 6, -4, 7] [3, 2, 9, -8] [-6, 7, -4, 0]
[-4, 1, -6, -2] [-2, -4, -3, -1] [17, 7, 5, 2] [-6, 4, -8, 13] [3, -2, 1, -16] [-1, 5, 10, 14] [-3, -7, -9, -1]
[-3, -1, -10, 4] [-2, 3, 15, -6] [1, -13, -10, -1] [15, -10, 12, 0] [-3, 1, 3, 3] [-2, -5, -3, -5] [-2, 0, 2, -11]
[-7, -1, 0, 12] [1, -14, -11, 12] [0, 8, -8, 8] [0, 0, 0, 0] [-3, 21, -7, -8] [-6, -3, 5, 1] [-1, 5, 1, -6]
[12, 0, -3, -4] [-8, -6, -10, -5] [-1, -1, -3, 3] [-3, -2, 22, -5] [-2, -6, 8, -6] [-6, 10, 15, -2] [9, 12, -5, -10]
[-6, -2, 7, -3] [7, -4, 1, 7] [3, 1, 5, 1] [3, -15, 2, 0] [0, -10, 0, -3] [-14, 4, -1, 7] [3, 4, -17, 0]
[-8, -5, -8, -5] [4, 3, -2, -2] [0, -6, -5, -6] [-7, 1, -1, -11] [2, 7, 3, -7] [11, 7, 7, -2] [-13, 2, 6, -9]
------------------------------
ALIVE
Head: (3 34)
Body: (3 34) (4 34) (4 35) (3 35) (3 36) (3 37) (3 38) (2 38) (1 38) (1 39) 
Length: 10, 4
Vision: 3
Hungry, suplies: 10/10
Reproductive: 16, mutating: 0.25
Generation: 4768
####################################
Wall (up, right, down, left):
[-3, -8, -14, 4] [7, 2, -4, 23] [-2, 1, 9, 0] [5, 2, 12, 2] [7, 0, 5, 1] [-1, 0, 0, -1] [-4, -2, 6, -2]
[-4, -1, -8, 3] [4, -8, -7, 6] [-3, -5, -6, 13] [-12, -4, 2, 16] [5, -7, 7, 7] [1, 5, 12, 5] [0, -4, 3, 9]
[7, 9, -1, -13] [-4, 5, -4, 5] [6, 1, -2, -7] [-23, 0, 7, 6] [-7, -1, -1, 4] [0, -6, -5, 12] [-2, -3, 5, 5]
[0, 1, 8, -8] [6, 12, -4, -5] [1, -2, -4, -38] [0, 0, 0, 0] [-5, -30, 11, 4] [2, -12, 11, 4] [-9, -7, -12, -14]
[4, -2, -8, -5] [-4, 6, 11, -3] [5, 2, -7, -1] [8, 3, -19, -10] [-3, -4, -5, 8] [-5, 3, -6, 3] [-5, -1, 4, -6]
[-1, 1, 0, 2] [-4, -2, -15, -19] [2, -2, 0, -4] [6, 0, 1, -5] [11, 0, -5, -4] [3, 3, 1, 2] [-2, 5, 3, 8]
[-2, -3, -18, -4] [-1, 0, 5, 0] [-2, 2, -2, -5] [-3, 7, -5, -4] [9, 7, -2, 8] [-2, 12, -6, -5] [3, -12, 2, 4]
Food (up, right, down, left):
[4, 14, -5, 11] [3, 11, 4, -3] [3, -9, -4, 4] [4, -1, -11, 6] [0, 6, -4, 7] [3, 2, 9, -8] [-6, 7, -4, 0]
[-4, 1, -6, -2] [-2, -4, -3, -1] [17, 7, 5, 2] [-6, 4, -8, 13] [3, -2, 1, -16] [-1, 5, 10, 14] [-3, -7, -9, -1]
[-3, -1, -10, 4] [-2, 3, 15, -6] [1, -13, -10, -1] [15, -10, 12, 0] [-3, 1, 3, 3] [-2, -5, -3, -5] [-2, 0, 2, -11]
[-7, -1, -4, 12] [3, -14, -11, 12] [0, 8, -8, 8] [0, 0, 0, 0] [-3, 21, -4, -8] [-4, -3, 5, 6] [-1, 5, 1, -6]
[12, 0, -3, -4] [-8, -6, -10, -5] [-1, 0, -3, 3] [-3, -2, 22, -5] [-2, -6, 8, -6] [-6, 10, 15, -2] [9, 12, -5, -10]
[-6, -2, 7, -3] [7, -4, 1, 7] [3, 1, 5, 1] [3, -15, 2, 0] [0, -10, 0, -3] [-14, 4, -1, 7] [3, 4, -17, 0]
[-8, -5, -8, -5] [4, 3, -2, -2] [0, -6, -5, -6] [-7, 1, -1, -11] [2, 7, 3, -7] [11, 7, 7, -2] [-13, 2, 6, -9]
------------------------------
ALIVE
Head: (10 8)
Body: (10 8) (9 8) (9 9) (8 9) (7 9) (6 9) (6 10) (6 11) 
Length: 8, 4
Vision: 3
Hungry, suplies: 10/10
Reproductive: 16, mutating: 0.25
Generation: 4765
####################################
Wall (up, right, down, left):
[-3, -8, -15, 4] [7, 2, -4, 23] [-2, 1, 9, 0] [5, 2, 12, 2] [7, 0, 5, 1] [-1, 0, 0, -1] [-4, -2, 6, -2]
[-4, -1, -8, 3] [4, -8, -7, 6] [0, -5, -6, 13] [-12, -4, 2, 16] [5, -7, 7, 7] [1, 5, 12, 5] [1, -4, 3, 9]
[7, 9, -1, -13] [-4, 5, -4, 5] [6, 1, -2, -7] [-23, 0, 7, 6] [-2, -1, -1, 4] [0, -6, -5, 12] [-2, -3, 5, 5]
[0, -2, 8, -8] [6, 11, -4, -5] [1, -2, -4, -38] [0, 0, 0, 0] [-5, -30, 11, 4] [2, -12, 11, 4] [-9, -7, -12, -14]
[4, -2, -8, -5] [-4, 6, 11, -5] [5, 3, -7, 3] [8, 3, -19, -10] [-3, -4, -5, 8] [-5, 3, -6, 3] [-5, -1, 4, -6]
[-1, 1, 0, 2] [-4, -2, -15, -19] [2, -2, 0, -4] [6, 0, 1, -5] [11, 0, -5, -4] [3, 3, 1, 2] [-2, 5, 3, 8]
[-2, -3, -18, -4] [-1, 0, 5, 0] [-2, 2, -2, -5] [-3, 7, -5, -4] [9, 7, -2, 8] [-2, 12, -6, -5] [3, -12, 2, 4]
Food (up, right, down, left):
[4, 16, -5, 11] [3, 11, 4, -3] [3, -9, -4, 4] [4, -1, -11, 6] [0, 6, -4, 7] [3, 2, 9, -8] [-6, 7, -4, 0]
[-4, 1, -6, -2] [-2, -4, -3, -1] [17, 7, 10, 2] [-6, 4, -8, 13] [3, -2, 1, -16] [-1, 5, 10, 14] [-3, -10, -9, -1]
[-3, -1, -10, 4] [-2, 3, 15, -6] [1, -13, -10, -1] [15, -10, 12, 0] [-6, 1, 3, 3] [-2, -5, -3, -5] [-2, 0, 2, -11]
[-7, -1, 0, 12] [1, -14, -11, 12] [0, 8, -8, 8] [0, 0, 0, 0] [-3, 21, -4, -8] [-4, -3, 5, 6] [-1, 5, 1, -6]
[12, 0, -3, -4] [-8, -1, -10, -5] [-1, 3, -3, 3] [-3, -2, 22, -5] [-2, -6, 8, -6] [-6, 10, 15, -2] [9, 12, -5, -10]
[-6, -2, 7, -3] [7, -4, 1, 7] [3, 1, 5, 1] [3, -15, 2, 0] [0, -10, 0, -3] [-14, 4, -1, 7] [3, 4, -17, 0]
[-8, -5, -8, -5] [4, 3, -2, -2] [0, -6, -5, -6] [-7, 1, -1, -11] [2, 7, 3, -7] [11, 7, 7, -2] [-13, 2, 6, -9]
------------------------------
ALIVE
Head: (13 55)
Body: (13 55) (13 56) (12 56) (11 56) (11 0) (11 1) (12 1) (12 0) (13 0) (14 0) (15 57) (15 56) (16 56) (16 55) 
Length: 14, 4
Vision: 3
Hungry, suplies: 9/10
Reproductive: 16, mutating: 0.25
Generation: 4765
####################################
Wall (up, right, down, left):
[-3, -8, -15, 4] [7, 2, -4, 23] [-2, 1, 9, 0] [5, 2, 12, 2] [7, 0, 5, 1] [-1, 0, 0, -1] [-4, -2, 6, -2]
[-4, -1, -8, 3] [4, -8, -7, 6] [0, -5, -6, 13] [-12, -4, 7, 16] [5, -7, 7, 7] [1, 5, 12, 5] [1, -4, 3, 9]
[7, 9, -1, -13] [-4, 5, -4, 5] [6, 1, -2, -7] [-23, 0, 7, 6] [-2, -1, -1, 4] [0, -6, -5, 12] [-2, -3, 5, 5]
[0, -2, 8, -8] [6, 11, -4, -5] [1, -2, -4, -38] [0, 0, 0, 0] [-5, -30, 11, 4] [2, -12, 11, 4] [-9, -7, -12, -14]
[4, -2, -8, -5] [-4, 6, 11, -5] [5, 3, -7, 3] [8, 3, -19, -10] [-3, -4, -5, 8] [-5, 3, -6, 3] [-5, -1, 4, -6]
[-1, 1, 0, 2] [-4, -2, -15, -19] [2, -2, 0, -4] [6, 0, 1, -5] [11, 0, -5, -4] [3, 3, 1, 2] [-2, 5, 3, 8]
[-2, -3, -18, -4] [-1, 0, 5, 0] [-2, 2, -2, -5] [-3, 7, -5, -4] [9, 7, -2, 8] [-2, 12, -6, -5] [3, -12, 2, 4]
Food (up, right, down, left):
[4, 16, -5, 11] [3, 11, 4, -3] [3, -9, -4, 4] [4, -1, -11, 6] [0, 6, -4, 7] [3, 2, 9, -8] [-6, 7, -4, 0]
[-4, 1, -6, -2] [-2, -4, -3, -1] [17, 7, 5, 2] [-6, 4, -13, 13] [3, -2, 1, -16] [-1, 5, 10, 14] [-3, -10, -9, -1]
[-3, -1, -10, 4] [-2, 3, 15, -6] [1, -13, -10, -1] [15, -10, 12, 0] [-6, 1, 3, 3] [-2, -5, -3, -5] [-2, 0, 2, -11]
[-7, -1, 0, 12] [1, -14, -11, 12] [0, 8, -8, 8] [0, 0, 0, 0] [-3, 21, -4, -8] [-4, -3, 5, 6] [-1, 5, 1, -6]
[12, 0, -3, -4] [-8, -1, -10, -5] [-1, 3, -3, 3] [-3, -2, 22, -5] [-2, -6, 8, -6] [-6, 10, 15, -2] [9, 12, -5, -10]
[-6, -2, 7, -3] [7, -4, 1, 7] [3, 1, 5, 1] [3, -15, 2, 0] [0, -10, 0, -3] [-14, 4, -1, 7] [3, 4, -17, 0]
[-8, -5, -8, -5] [4, 3, -2, -2] [0, -6, -5, -6] [-7, 1, -1, -11] [2, 7, 3, -7] [11, 7, 7, -2] [-13, 2, 6, -9]
------------------------------
ALIVE
Head: (8 29)
Body: (8 29) (7 29) (7 30) (8 30) (9 30) (10 30) (11 30) (12 30) (12 29) (13 29) (14 29) (15 29) (16 29) 
Length: 13, 4
Vision: 3
Hungry, suplies: 10/10
Reproductive: 16, mutating: 0.25
Generation: 4765
####################################
Wall (up, right, down, left):
[-3, -8, -14, 4] [7, 2, -4, 23] [-2, 1, 9, 0] [5, 2, 12, 2] [7, 0, 5, 1] [-1, 0, 0, -1] [-4, -2, 6, -2]
[-4, -1, -8, 3] [4, -8, -7, 6] [-3, -5, -6, 13] [-12, -4, 2, 16] [5, -7, 7, 7] [1, 5, 12, 5] [0, -4, 3, 9]
[7, 9, -1, -13] [-4, 5, -4, 5] [6, 1, -2, -7] [-23, 0, 7, 6] [-7, -1, -1, 4] [0, -6, -5, 12] [-2, -3, 5, 5]
[0, 1, 8, -8] [6, 12, -4, -5] [1, -2, -4, -38] [0, 0, 0, 0] [-5, -30, 11, 4] [2, -12, 11, 4] [-9, -7, -12, -14]
[4, -2, -8, -5] [-4, 6, 11, -3] [5, 2, -7, -1] [8, 3, -19, -10] [-3, -4, -5, 8] [-5, 3, -6, 3] [-5, -1, 4, -6]
[-1, 1, 0, 2] [-4, -2, -15, -19] [2, -2, 0, -4] [6, 0, 1, -5] [11, 0, -5, -4] [3, 3, 1, 2] [-2, 5, 3, 8]
[-2, -3, -18, -4] [-1, 0, 5, 0] [-2, 2, -2, -5] [-3, 7, -5, -4] [9, 7, -2, 8] [-2, 12, -6, -5] [3, -12, 2, 4]
Food (up, right, down, left):
[4, 14, -5, 11] [3, 11, 4, -3] [3, -9, -4, 4] [4, -1, -11, 6] [0, 6, -4, 7] [3, 2, 9, -8] [-6, 7, -4, 0]
[-4, 1, -6, -2] [-2, -4, -3, -1] [17, 7, 5, 2] [-6, 4, -8, 13] [3, -2, 1, -16] [-1, 5, 10, 14] [-3, -7, -9, -1]
[-3, -1, -10, 4] [-2, 3, 15, -6] [1, -13, -10, -1] [15, -10, 12, 0] [-3, 1, 3, 3] [-2, -5, -3, -5] [-2, 0, 2, -11]
[-7, -1, -4, 12] [3, -14, -11, 12] [0, 8, -8, 8] [0, 0, 0, 0] [-3, 21, -4, -8] [-4, -3, 5, 6] [-1, 5, 1, -6]
[12, 0, -3, -4] [-8, -6, -10, -5] [-1, 0, -3, 3] [-3, -2, 22, -5] [-2, -6, 8, -6] [-6, 10, 15, -2] [9, 12, -5, -10]
[-6, -2, 7, -3] [7, -4, 1, 7] [3, 1, 5, 1] [3, -15, 2, 0] [0, -10, 0, -3] [-14, 4, -1, 7] [3, 4, -17, 0]
[-8, -5, -8, -5] [4, 3, -2, -2] [0, -6, -5, -6] [-7, 1, -1, -11] [2, 7, 3, -7] [11, 7, 7, -2] [-13, 2, 6, -9]
------------------------------
ALIVE
Head: (22 5)
Body: (22 5) (22 4) (22 3) (22 2) (23 2) (23 1) (24 1) (-1 0) (0 0) (1 0) (2 0) (3 57) (3 56) 
Length: 13, 4
Vision: 3
Hungry, suplies: 9/10
Reproductive: 16, mutating: 0.25
Generation: 4766
####################################
Wall (up, right, down, left):
[-3, -8, -14, 4] [7, 2, -4, 23] [-2, 1, 10, 0] [5, 2, 15, 2] [7, 0, 5, 1] [-1, 0, 0, -1] [-4, -2, 6, -2]
[-4, -1, -8, 3] [4, -8, -7, 6] [-3, -5, -6, 12] [-12, -4, 2, 16] [5, -7, 7, 7] [1, 5, 12, 5] [0, -4, 3, 9]
[7, 9, -1, -13] [-4, 5, -4, 5] [6, 1, -2, -7] [-23, 0, 7, 6] [-7, -1, -1, 4] [0, -6, -5, 12] [-2, -3, 5, 5]
[0, -2, 8, -8] [6, 11, -4, -5] [1, -2, -4, -38] [0, 0, 0, 0] [-5, -30, 11, 4] [2, -12, 11, 4] [-9, -7, -12, -14]
[4, -2, -8, -5] [-4, 6, 11, -3] [5, 3, -7, -1] [8, 3, -19, -10] [0, -4, -5, 8] [-5, 3, -6, 3] [-5, -1, 4, -6]
[-1, 1, 0, 2] [-4, -2, -15, -19] [2, -2, 0, -4] [6, 0, 1, -5] [11, 0, -5, -4] [3, 3, 1, 2] [-2, 5, 3, 8]
[-2, 0, -18, -4] [-1, 0, 5, 0] [-2, 2, -2, -5] [-3, 7, -5, -4] [9, 7, -2, 8] [-2, 12, -6, -5] [3, -12, 2, 4]
Food (up, right, down, left):
[4, 14, -5, 11] [3, 11, 4, -3] [3, -7, -4, 4] [4, -1, -15, 6] [0, 6, -4, 7] [3, 2, 9, -8] [-6, 7, -4, 0]
[-4, 1, -6, -2] [-2, -4, -3, -1] [17, 6, 5, 2] [-6, 4, -8, 13] [3, -2, 1, -16] [-1, 5, 10, 14] [-3, -7, -9, -1]
[-3, -1, -10, 4] [-2, 3, 15, -6] [1, -13, -10, -1] [15, -10, 12, 0] [-3, 1, 3, 3] [-2, -5, -3, -5] [-2, 0, 2, -11]
[-7, -1, 0, 12] [1, -14, -11, 12] [0, 8, -8, 8] [0, 0, 0, 0] [-3, 21, -4, -8] [-4, -3, 5, 6] [-1, 5, 1, -6]
[12, 0, -3, -4] [-8, -6, -10, -5] [-1, -1, -3, 3] [-3, -2, 22, -5] [-2, -11, 8, -6] [-6, 10, 15, -2] [9, 12, -5, -10]
[-6, -2, 7, -3] [7, -4, 1, 7] [3, 1, 5, 1] [3, -15, 2, 0] [0, -10, 0, -3] [-14, 4, -1, 7] [3, 4, -17, 0]
[-8, -5, -8, -1] [4, 3, -2, -2] [0, -6, -5, -6] [-7, 1, -1, -11] [2, 7, 3, -7] [11, 7, 7, -2] [-13, 2, 6, -9]
------------------------------
DEAD: Wall
Head: (15 1)
Body: (15 1) (14 1) (14 2) (14 3) (14 4) (15 4) (16 4) (16 3) (17 3) (17 4) (17 5) (17 6) (17 7) 
Length: 13, 4
Vision: 3
Hungry, suplies: 6/10
Reproductive: 16, mutating: 0.25
Generation: 4765
####################################
Wall (up, right, down, left):
[-3, -8, -14, 4] [7, 2, -4, 23] [-2, 1, 10, 0] [5, 2, 15, 2] [7, 0, 5, 1] [-1, 0, 0, -1] [-4, -2, 6, -2]
[-4, -1, -8, 3] [4, -8, -7, 6] [-3, -5, -6, 12] [-12, -4, 2, 16] [5, -7, 7, 7] [1, 5, 12, 5] [0, -4, 3, 9]
[7, 9, -1, -13] [-4, 5, -4, 5] [6, 1, -2, -7] [-23, 0, 7, 6] [-7, -1, -1, 4] [0, -6, -5, 12] [-2, -3, 5, 5]
[0, -2, 8, -8] [6, 11, -4, -5] [1, -2, -4, -38] [0, 0, 0, 0] [-5, -30, 11, 4] [2, -12, 11, 4] [-9, -7, -12, -14]
[4, -2, -8, -5] [-4, 6, 11, -3] [5, 3, -7, -1] [8, 3, -19, -10] [0, -4, -5, 8] [-5, 3, -6, 3] [-5, -1, 4, -6]
[-1, 1, 0, 2] [-4, -2, -15, -19] [2, -2, 0, -4] [6, 0, 1, -5] [11, 0, -5, -4] [3, 3, 1, 2] [-2, 5, 3, 8]
[-2, -3, -18, -4] [-1, 0, 5, 0] [-2, 2, -2, -5] [-3, 7, -5, -4] [9, 7, -2, 8] [-2, 12, -6, -5] [3, -12, 2, 4]
Food (up, right, down, left):
[4, 14, -5, 11] [3, 11, 4, -3] [3, -7, -4, 4] [4, -1, -15, 6] [0, 6, -4, 7] [3, 2, 9, -8] [-6, 7, -4, 0]
[-4, 1, -6, -2] [-2, -4, -3, -1] [17, 6, 5, 2] [-6, 4, -8, 13] [3, -2, 1, -16] [-1, 5, 10, 14] [-3, -7, -9, -1]
[-3, -1, -10, 4] [-2, 3, 15, -6] [1, -13, -10, -1] [15, -10, 12, 0] [-3, 1, 3, 3] [-2, -5, -3, -5] [-2, 0, 2, -11]
[-7, -1, 0, 12] [1, -14, -11, 12] [0, 8, -8, 8] [0, 0, 0, 0] [-3, 21, -4, -8] [-4, -3, 5, 6] [-1, 5, 1, -6]
[12, 0, -3, -4] [-8, -6, -10, -5] [-1, -1, -3, 3] [-3, -2, 22, -5] [-2, -11, 8, -6] [-6, 10, 15, -2] [9, 12, -5, -10]
[-6, -2, 7, -3] [7, -4, 1, 7] [3, 1, 5, 1] [3, -15, 2, 0] [0, -10, 0, -3] [-14, 4, -1, 7] [3, 4, -17, 0]
[-8, -5, -8, -5] [4, 3, -2, -2] [0, -6, -5, -6] [-7, 1, -1, -11] [2, 7, 3, -7] [11, 7, 7, -2] [-13, 2, 6, -9]
------------------------------
ALIVE
Head: (19 26)
Body: (19 26) (20 26) (21 26) (22 26) (23 26) (23 25) (-1 25) (0 25) (1 25) (1 24) 
Length: 10, 4
Vision: 3
Hungry, suplies: 1/10
Reproductive: 16, mutating: 0.25
Generation: 4764
####################################
Wall (up, right, down, left):
[-3, -8, -14, 4] [7, 2, -4, 23] [-2, 1, 10, 0] [5, 2, 12, 2] [7, 0, 5, 1] [-1, 0, 0, -1] [-4, -2, 6, -2]
[-4, -1, -4, 3] [4, -8, -7, 6] [-3, -5, -6, 13] [-12, -4, 2, 16] [5, -7, 7, 7] [1, 5, 12, 5] [0, -4, 3, 9]
[7, 9, -1, -13] [-4, 5, -4, 5] [6, 1, -2, -7] [-23, 0, 7, 6] [-7, -1, -1, 4] [0, -6, -5, 12] [-2, -3, 5, 5]
[0, -2, 8, -8] [6, 11, -4, -5] [1, -2, 0, -38] [0, 0, 0, 0] [-5, -30, 11, 4] [2, -12, 11, 4] [-9, -7, -12, -14]
[4, -2, -6, -5] [-4, 6, 11, -3] [5, 3, -7, -1] [8, 3, -19, -10] [0, -4, -5, 8] [-5, 3, -6, 3] [-5, -1, 4, -6]
[-1, 1, 0, 2] [-4, -2, -15, -19] [2, -2, 0, -4] [6, 0, 1, -5] [11, 0, -5, -4] [3, 3, 1, 2] [-2, 5, 3, 8]
[-2, -3, -18, -4] [-1, 0, 5, 0] [-2, 2, -2, -5] [-3, 7, -5, -4] [9, 7, -2, 8] [-2, 12, -6, -5] [3, -12, 2, 4]
Food (up, right, down, left):
[4, 14, -5, 11] [3, 11, 4, -3] [3, -7, -4, 4] [4, -1, -11, 6] [0, 6, -4, 7] [3, 2, 9, -8] [-6, 7, -4, 0]
[-4, -3, -6, -2] [-2, -4, -3, -1] [17, 7, 5, 2] [-6, 4, -8, 13] [3, -2, 1, -16] [-1, 5, 10, 14] [-3, -7, -9, -1]
[-3, -1, -10, 4] [-2, 3, 15, -6] [1, -13, -10, -1] [15, -10, 12, 0] [-3, 1, 3, 3] [-2, -5, -3, -5] [-2, 0, 2, -11]
[-7, -1, 0, 12] [1, -14, -11, 12] [0, 8, -8, 12] [0, 0, 0, 0] [-3, 21, -4, -8] [-4, -3, 5, 6] [-1, 5, 1, -6]
[12, 0, -5, -4] [-8, -6, -10, -5] [-1, -1, -3, 3] [-3, -2, 22, -5] [-2, -11, 8, -6] [-6, 10, 15, -2] [9, 12, -5, -10]
[-6, -2, 7, -3] [7, -4, 1, 7] [3, 1, 5, 1] [3, -15, 2, 0] [0, -10, 0, -3] [-14, 4, -1, 7] [3, 4, -17, 0]
[-8, -5, -8, -5] [4, 3, -2, -2] [0, -6, -5, -6] [-7, 1, -1, -11] [2, 7, 3, -7] [11, 7, 7, -2] [-13, 2, 6, -9]
------------------------------
ALIVE
Head: (16 26)
Body: (16 26) (15 26) (15 27) (15 28) (14 28) (13 28) (13 27) (13 26) (13 25) (13 24) (14 24) (15 24) 
Length: 12, 4
Vision: 3
Hungry, suplies: 7/10
Reproductive: 16, mutating: 0.25
Generation: 4765
####################################
Wall (up, right, down, left):
[-3, -8, -14, 4] [7, 2, -4, 23] [-2, 1, 10, 0] [5, 2, 12, 2] [7, 0, 5, 1] [-1, 0, 0, -1] [-4, -2, 6, -2]
[-4, -1, -8, 3] [2, -8, -7, 6] [-3, -5, -6, 13] [-12, -4, 2, 16] [5, -7, 7, 7] [1, 5, 12, 5] [0, -4, 3, 9]
[7, 9, -1, -13] [-4, 5, -4, 5] [6, 1, -2, -7] [-23, 0, 7, 6] [-7, -1, -1, 4] [0, -6, -5, 12] [-2, -3, 5, 5]
[0, -2, 10, -8] [6, 11, -4, -5] [1, -2, -4, -38] [0, 0, 0, 0] [-5, -30, 11, 4] [2, -12, 11, 4] [-9, -7, -12, -14]
[4, -2, -6, -5] [-4, 6, 11, -3] [5, 3, -7, -1] [8, 3, -19, -10] [0, -4, -5, 8] [-5, 3, -6, 3] [-5, -1, 4, -6]
[-1, 1, 0, 2] [-4, -2, -15, -19] [2, -2, 0, -4] [6, 0, 1, -5] [11, 0, -5, -4] [3, 3, 1, 2] [-2, 5, 3, 8]
[-2, -3, -18, -4] [-1, 0, 5, 0] [-2, 2, -2, -5] [-3, 7, -5, -4] [9, 7, -2, 8] [-2, 12, -6, -5] [3, -12, 2, 4]
Food (up, right, down, left):
[4, 14, -5, 11] [3, 11, 4, -3] [3, -7, -4, 4] [4, -1, -11, 6] [0, 6, -4, 7] [3, 2, 9, -8] [-6, 7, -4, 0]
[-4, 1, -6, -2] [-2, -4, -8, -1] [17, 7, 5, 2] [-6, 4, -8, 13] [3, -2, 1, -16] [-1, 5, 10, 14] [-3, -7, -9, -1]
[-3, -1, -10, 4] [-2, 3, 15, -6] [1, -13, -10, -1] [15, -10, 12, 0] [-3, 1, 3, 3] [-2, -5, -3, -5] [-2, 0, 2, -11]
[-7, -6, 0, 12] [1, -14, -11, 12] [0, 8, -8, 8] [0, 0, 0, 0] [-3, 21, -4, -8] [-4, -3, 5, 6] [-1, 5, 1, -6]
[12, 0, -5, -4] [-8, -6, -10, -5] [-1, -1, -3, 3] [-3, -2, 22, -5] [-2, -11, 8, -6] [-6, 10, 15, -2] [9, 12, -5, -10]
[-6, -2, 7, -3] [7, -4, 1, 7] [3, 1, 5, 1] [3, -15, 2, 0] [0, -10, 0, -3] [-14, 4, -1, 7] [3, 4, -17, 0]
[-8, -5, -8, -5] [4, 3, -2, -2] [0, -6, -5, -6] [-7, 1, -1, -11] [2, 7, 3, -7] [11, 7, 7, -2] [-13, 2, 6, -9]
------------------------------
ALIVE
Head: (11 33)
Body: (11 33) (10 33) (10 34) (10 35) (10 36) (9 36) (9 37) (9 38) (9 39) 
Length: 9, 4
Vision: 3
Hungry, suplies: 6/10
Reproductive: 16, mutating: 0.25
Generation: 4765
####################################
Wall (up, right, down, left):
[-3, -8, -14, 4] [7, 2, -4, 23] [-2, 1, 10, 0] [5, 2, 15, 2] [7, 0, 5, 1] [-1, 0, 0, -1] [-4, -2, 6, -2]
[-4, -1, -8, 3] [4, -8, -7, 6] [-3, -5, -6, 12] [-12, -4, 2, 16] [5, -7, 7, 7] [1, 5, 12, 5] [0, -4, 3, 9]
[7, 9, -1, -13] [-4, 5, -4, 5] [6, 1, -2, -7] [-23, 0, 7, 6] [-7, -1, -1, 4] [0, -6, -5, 12] [-2, -3, 5, 5]
[0, -2, 8, -8] [6, 11, -4, -5] [1, -2, -4, -38] [0, 0, 0, 0] [-5, -30, 11, 4] [2, -12, 11, 4] [-9, -7, -12, -14]
[4, -2, -8, -5] [-4, 6, 11, -3] [5, 3, -7, -1] [8, 3, -19, -10] [0, -4, -5, 8] [-5, 3, -6, 3] [-5, -1, 4, -6]
[-1, 1, 0, 2] [-4, -2, -15, -19] [2, -2, 0, -4] [6, 0, 1, -5] [11, 0, -5, -4] [3, 3, 1, 2] [-2, 5, 3, 8]
[-2, 0, -18, -4] [-1, 0, 5, 0] [-2, 2, -2, -5] [-3, 7, -5, -4] [9, 7, -2, 8] [-2, 12, -6, -5] [3, -12, 2, 4]
Food (up, right, down, left):
[4, 14, -5, 11] [3, 11, 4, -3] [3, -7, -4, 4] [4, -1, -15, 6] [0, 6, -4, 7] [3, 2, 9, -8] [-6, 7, -4, 0]
[-4, 1, -6, -2] [-2, -4, -3, -1] [17, 6, 5, 2] [-6, 4, -8, 13] [3, -2, 1, -16] [-1, 5, 10, 14] [-3, -7, -9, -1]
[-3, -1, -10, 4] [-2, 3, 15, -6] [1, -13, -10, -1] [15, -10, 12, 0] [-3, 1, 3, 3] [-2, -5, -3, -5] [-2, 0, 2, -11]
[-7, -1, 0, 12] [1, -14, -11, 12] [0, 8, -8, 8] [0, 0, 0, 0] [-3, 21, -4, -8] [-4, -3, 5, 6] [-1, 5, 1, -6]
[12, 0, -3, -4] [-8, -6, -10, -5] [-1, -1, -3, 3] [-3, -2, 22, -5] [-2, -11, 8, -6] [-6, 10, 15, -2] [9, 12, -5, -10]
[-6, -2, 7, -3] [7, -4, 1, 7] [3, 1, 5, 1] [3, -15, 2, 0] [0, -10, 0, -3] [-14, 4, -1, 7] [3, 4, -17, 0]
[-8, -5, -8, -1] [4, 3, -2, -2] [0, -6, -5, -6] [-7, 1, -1, -11] [2, 7, 3, -7] [11, 7, 7, -2] [-13, 2, 6, -9]
------------------------------
ALIVE
Head: (7 26)
Body: (7 26) (7 25) (8 25) (8 24) (8 23) (7 23) (7 22) (7 21) (7 20) (8 20) (9 20) (9 19) (10 19) (10 18) (10 17) 
Length: 15, 4
Vision: 3
Hungry, suplies: 9/10
Reproductive: 16, mutating: 0.25
Generation: 4766
####################################
Wall (up, right, down, left):
[-3, -8, -15, 4] [7, 2, -7, 23] [-2, 1, 9, 0] [5, 2, 12, 2] [7, 0, 5, 1] [-1, 0, 0, -1] [-4, -2, 6, -2]
[-4, -1, -8, 3] [4, -8, -7, 6] [-3, -5, -6, 13] [-12, -4, 2, 16] [5, -7, 7, 7] [1, 5, 12, 5] [0, -4, 3, 14]
[7, 9, -1, -13] [-4, 5, -4, 5] [6, 1, -2, -7] [-23, 0, 7, 6] [-7, -1, -1, 4] [0, -6, -5, 12] [-2, -3, 5, 5]
[0, -2, 8, -8] [6, 11, -4, -5] [1, -2, -4, -38] [0, 0, 0, 0] [-5, -35, 11, 2] [2, -12, 11, 8] [-12, -7, -12, -14]
[4, -2, -8, -5] [-4, 6, 11, -3] [5, 3, -7, -1] [8, 3, -19, -10] [-3, -4, -5, 8] [-5, 3, -6, 3] [-5, -1, 4, -6]
[-1, 1, 0, 2] [-4, -2, -15, -19] [2, 3, 0, -4] [6, 0, 1, -5] [11, 0, -5, -4] [3, 3, 1, 2] [-2, 5, 3, 8]
[-2, -3, -18, -4] [-1, 0, 6, 0] [-2, 2, -2, -5] [-3, 7, -5, -4] [9, 7, -2, 8] [-2, 12, -6, -5] [3, -12, 2, 4]
Food (up, right, down, left):
[4, 12, -5, 11] [3, 13, 4, -3] [3, -9, -4, 4] [4, -1, -11, 6] [0, 6, -4, 7] [3, 2, 9, -8] [-6, 7, -4, 0]
[-4, 1, -6, -2] [-2, -4, -3, -1] [17, 7, 5, 2] [-6, 4, -8, 13] [3, -2, 1, -16] [-1, 5, 10, 14] [-3, -7, -9, 1]
[-3, -1, -10, 4] [-2, 3, 15, -6] [1, -13, -10, -1] [15, -10, 12, 0] [-3, 1, 3, 3] [-2, -5, -3, -5] [-2, 0, 2, -11]
[-7, -1, 0, 12] [1, -14, -11, 12] [0, 8, -8, 8] [0, 0, 0, 0] [-3, 21, -7, -8] [-6, -3, 5, 6] [-1, 5, 1, -11]
[12, 0, -3, -4] [-8, -6, -10, -5] [-1, -1, -3, 3] [-3, -2, 22, -5] [-2, -6, 8, -6] [-6, 10, 15, -2] [9, 12, -5, -10]
[-6, -2, 7, -3] [7, -4, 1, 7] [3, 1, 5, 4] [3, -15, 2, 0] [0, -10, 0, -3] [-14, 4, -1, 7] [3, 4, -17, 0]
[-8, -5, -8, -5] [4, 3, -2, -2] [0, -6, -5, -6] [-7, 1, -1, -11] [2, 7, 3, -7] [11, 7, 7, -2] [-13, 2, 6, -9]
------------------------------
ALIVE
Head: (17 13)
Body: (17 13) (17 12) (18 12) (19 12) (20 12) (20 11) (20 10) (21 10) (22 10) (22 9) 
Length: 10, 4
Vision: 3
Hungry, suplies: 10/10
Reproductive: 16, mutating: 0.25
Generation: 4771
####################################
Wall (up, right, down, left):
[-3, -8, -15, 4] [7, 2, -4, 23] [-2, 1, 9, 0] [5, 2, 12, 2] [7, 0, 5, 1] [-1, 0, 0, -1] [-4, -2, 6, -2]
[-4, -1, -8, 3] [4, -8, -7, 6] [0, -5, -6, 13] [-12, -4, 2, 16] [5, -7, 7, 7] [1, 5, 12, 5] [1, -4, 3, 9]
[7, 9, -1, -13] [-4, 5, -4, 5] [6, 1, -2, -7] [-23, 0, 7, 6] [-2, -1, -1, 4] [0, -6, -5, 12] [-2, -3, 5, 5]
[0, -2, 8, -8] [6, 11, -4, -5] [1, -2, -4, -38] [0, 0, 0, 0] [-5, -30, 11, 4] [2, -12, 11, 4] [-9, -7, -12, -14]
[4, -2, -8, -5] [-4, 6, 11, -5] [5, 3, -7, 3] [8, 3, -19, -10] [-3, -4, -5, 8] [-5, 3, -6, 3] [-5, -1, 4, -6]
[-1, 1, 0, 2] [-4, -2, -15, -19] [2, -2, 0, -4] [6, 0, 1, -5] [11, 0, -5, -4] [3, 3, 1, 2] [-2, 5, 3, 8]
[-2, -3, -18, -4] [-1, 0, 5, 0] [-2, 2, -2, -5] [-3, 7, -5, -4] [9, 7, -2, 8] [-2, 12, -6, -5] [3, -12, 2, 4]
Food (up, right, down, left):
[4, 16, -5, 11] [3, 11, 4, -3] [3, -9, -4, 4] [4, -1, -11, 6] [0, 6, -4, 7] [3, 2, 9, -8] [-6, 7, -4, 0]
[-4, 1, -6, -2] [-2, -4, -3, -1] [17, 7, 10, 2] [-6, 4, -8, 13] [3, -2, 1, -16] [-1, 5, 10, 14] [-3, -10, -9, -1]
[-3, -1, -10, 4] [-2, 3, 15, -6] [1, -13, -10, -1] [15, -10, 12, 0] [-6, 1, 3, 3] [-2, -5, -3, -5] [-2, 0, 2, -11]
[-7, -1, 0, 12] [1, -14, -11, 12] [0, 8, -8, 8] [0, 0, 0, 0] [-3, 21, -4, -8] [-4, -3, 5, 6] [-1, 5, 1, -6]
[12, 0, -3, -4] [-8, -1, -10, -5] [-1, 3, -3, 3] [-3, -2, 22, -5] [-2, -6, 8, -6] [-6, 10, 15, -2] [9, 12, -5, -10]
[-6, -2, 7, -3] [7, -4, 1, 7] [3, 1, 5, 1] [3, -15, 2, 0] [0, -10, 0, -3] [-14, 4, -1, 7] [3, 4, -17, 0]
[-8, -5, -8, -5] [4, 3, -2, -2] [0, -6, -5, -6] [-7, 1, -1, -11] [2, 7, 3, -7] [11, 7, 7, -2] [-13, 2, 6, -9]
------------------------------
ALIVE
Head: (8 56)
Body: (8 56) (8 55) (9 55) (9 -1) (9 0) (9 1) (9 2) (9 3) (8 3) (8 4) 
Length: 10, 4
Vision: 3
Hungry, suplies: 8/10
Reproductive: 16, mutating: 0.25
Generation: 4765
####################################
Wall (up, right, down, left):
[-3, -8, -15, 4] [7, 2, -7, 23] [-2, 1, 9, 0] [5, 2, 12, 2] [7, 0, 5, 1] [-1, 0, 0, -1] [-4, -2, 6, -2]
[-4, -1, -8, 3] [4, -8, -7, 6] [-3, -5, -6, 13] [-12, -4, 2, 16] [5, -7, 7, 7] [1, 5, 12, 5] [0, -4, 3, 9]
[7, 9, -1, -13] [-4, 5, -4, 5] [6, 1, -2, -7] [-23, 0, 7, 6] [-7, -1, -1, 4] [0, -6, -5, 12] [-2, -3, 5, 5]
[0, -2, 8, -8] [6, 11, -4, -5] [1, -2, -4, -38] [0, 0, 0, 0] [-5, -35, 11, 2] [2, -12, 11, 3] [-9, -7, -12, -14]
[4, -2, -8, -5] [-4, 6, 11, -3] [5, 3, -7, -1] [8, 3, -19, -10] [-3, -4, -5, 8] [-5, 3, -6, 3] [-5, -1, 4, -6]
[-1, 1, 0, 2] [-4, -2, -15, -19] [2, -2, 0, -4] [6, 0, 1, -5] [11, 0, -5, -4] [3, 3, 1, 2] [-2, 5, 3, 8]
[-2, -3, -18, -4] [-1, 0, 6, 0] [-2, 2, -2, -5] [-3, 7, -5, -4] [9, 7, -2, 8] [-2, 12, -6, -5] [3, -12, 2, 4]
Food (up, right, down, left):
[4, 12, -5, 11] [3, 13, 4, -3] [3, -9, -4, 4] [4, -1, -11, 6] [0, 6, -4, 7] [3, 2, 9, -8] [-6, 7, -4, 0]
[-4, 1, -6, -2] [-2, -4, -3, -1] [17, 7, 5, 2] [-6, 4, -8, 13] [3, -2, 1, -16] [-1, 5, 10, 14] [-3, -7, -9, -1]
[-3, -1, -10, 4] [-2, 3, 15, -6] [1, -13, -10, -1] [15, -10, 12, 0] [-3, 1, 3, 3] [-2, -5, -3, -5] [-2, 0, 2, -11]
[-7, -1, 0, 12] [1, -14, -11, 12] [0, 8, -8, 8] [0, 0, 0, 0] [-3, 21, -7, -8] [-6, -3, 5, 1] [-1, 5, 1, -6]
[12, 0, -3, -4] [-8, -6, -10, -5] [-1, -1, -3, 3] [-3, -2, 22, -5] [-2, -6, 8, -6] [-6, 10, 15, -2] [9, 12, -5, -10]
[-6, -2, 7, -3] [7, -4, 1, 7] [3, 1, 5, 1] [3, -15, 2, 0] [0, -10, 0, -3] [-14, 4, -1, 7] [3, 4, -17, 0]
[-8, -5, -8, -5] [4, 3, -2, -2] [0, -6, -5, -6] [-7, 1, -1, -11] [2, 7, 3, -7] [11, 7, 7, -2] [-13, 2, 6, -9]
------------------------------
ALIVE
Head: (16 48)
Body: (16 48) (16 47) (16 46) (15 46) (15 45) (15 44) (15 43) (16 43) (16 42) (17 42) 
Length: 10, 4
Vision: 3
Hungry, suplies: 8/10
Reproductive: 16, mutating: 0.25
Generation: 4769
####################################
Wall (up, right, down, left):
[-3, -8, -14, 4] [7, 2, -4, 23] [-2, 1, 10, 0] [5, 2, 12, 2] [7, 0, 5, 1] [-1, 0, 0, -1] [-4, -2, 6, -2]
[-4, -1, -8, 3] [2, -8, -7, 6] [-3, -5, -6, 13] [-12, -4, 2, 16] [5, -7, 7, 7] [1, 5, 12, 5] [0, -4, 3, 9]
[7, 9, -1, -13] [-4, 5, -4, 5] [6, 1, -2, -7] [-23, 0, 7, 6] [-7, -1, -1, 4] [0, -6, -5, 12] [-2, -3, 5, 5]
[0, -2, 10, -8] [6, 11, -4, -5] [1, -2, -4, -38] [0, 0, 0, 0] [-5, -30, 11, 4] [2, -12, 11, 4] [-9, -7, -12, -14]
[4, -2, -6, -5] [-4, 6, 11, -3] [5, 3, -7, -1] [8, 3, -19, -10] [0, -4, -5, 8] [-5, 3, -6, 3] [-5, -1, 4, -6]
[-1, 1, 0, 2] [-4, -2, -15, -19] [2, -2, 0, -4] [6, 0, 1, -5] [11, 0, -5, -4] [3, 3, 1, 2] [-2, 5, 3, 8]
[-2, -3, -18, -4] [-1, 0, 5, 0] [-2, 2, -2, -5] [-3, 7, -5, -4] [9, 7, -2, 8] [-2, 12, -6, -5] [3, -12, 2, 4]
Food (up, right, down, left):
[4, 14, -5, 11] [3, 11, 4, -3] [3, -7, -4, 4] [4, -1, -11, 6] [0, 6, -4, 7] [3, 2, 9, -8] [-6, 7, -4, 0]
[-4, 1, -6, -2] [-2, -4, -8, -1] [17, 7, 5, 2] [-6, 4, -8, 13] [3, -2, 1, -16] [-1, 5, 10, 14] [-3, -7, -9, -1]
[-3, -1, -10, 4] [-2, 3, 15, -6] [1, -13, -10, -1] [15, -10, 12, 0] [-3, 1, 3, 3] [-2, -5, -3, -5] [-2, 0, 2, -11]
[-7, -6, 0, 12] [1, -14, -11, 12] [0, 8, -8, 8] [0, 0, 0, 0] [-3, 21, -4, -8] [-4, -3, 5, 6] [-1, 5, 1, -6]
[12, 0, -5, -4] [-8, -6, -10, -5] [-1, -1, -3, 3] [-3, -2, 22, -5] [-2, -11, 8, -6] [-6, 10, 15, -2] [9, 12, -5, -10]
[-6, -2, 7, -3] [7, -4, 1, 7] [3, 1, 5, 1] [3, -15, 2, 0] [0, -10, 0, -3] [-14, 4, -1, 7] [3, 4, -17, 0]
[-8, -5, -8, -5] [4, 3, -2, -2] [0, -6, -5, -6] [-7, 1, -1, -11] [2, 7, 3, -7] [11, 7, 7, -2] [-13, 2, 6, -9]
------------------------------
ALIVE
Head: (24 47)
Body: (-1 47) (0 47) (0 46) (1 46) (2 46) (2 45) (3 45) (3 44) (3 43) 
Length: 9, 4
Vision: 3
Hungry, suplies: 7/10
Reproductive: 16, mutating: 0.25
Generation: 4766
####################################
Wall (up, right, down, left):
[-3, -8, -14, 4] [7, 2, -4, 23] [-2, 1, 9, 0] [5, 2, 12, 2] [7, 0, 5, 1] [-1, 0, 0, -1] [-4, -2, 6, -2]
[-4, -1, -8, 3] [4, -8, -7, 6] [-3, -5, -6, 13] [-12, -4, 2, 16] [5, -7, 7, 7] [1, 5, 12, 5] [0, -4, 3, 9]
[7, 9, -1, -13] [-4, 5, -4, 5] [6, 1, -2, -7] [-23, 0, 7, 6] [-7, -1, -1, 4] [0, -6, -5, 12] [-2, -3, 5, 5]
[0, 1, 8, -8] [6, 12, -4, -5] [1, -2, -4, -38] [0, 0, 0, 0] [-5, -30, 11, 4] [2, -12, 11, 4] [-9, -7, -12, -14]
[4, -2, -8, -5] [-4, 6, 11, -3] [5, 2, -7, -1] [8, 3, -19, -10] [-3, -4, -5, 8] [-5, 3, -6, 3] [-5, -1, 4, -6]
[-1, 1, 0, 2] [-4, -2, -15, -19] [2, -2, 0, -4] [6, 0, 1, -5] [11, 0, -5, -4] [3, 3, 1, 2] [-2, 5, 3, 8]
[-2, -3, -18, -4] [-1, 0, 5, 0] [-2, 2, -2, -5] [-3, 7, -5, -4] [9, 7, -2, 8] [-2, 12, -6, -5] [3, -12, 2, 4]
Food (up, right, down, left):
[4, 14, -5, 11] [3, 11, 4, -3] [3, -9, -4, 4] [4, -1, -11, 6] [0, 6, -4, 7] [3, 2, 9, -8] [-6, 7, -4, 0]
[-4, 1, -6, -2] [-2, -4, -3, -1] [17, 7, 5, 2] [-6, 4, -8, 13] [3, -2, 1, -16] [-1, 5, 10, 14] [-3, -7, -9, -1]
[-3, -1, -10, 4] [-2, 3, 15, -6] [1, -13, -10, -1] [15, -10, 12, 0] [-3, 1, 3, 3] [-2, -5, -3, -5] [-2, 0, 2, -11]
[-7, -1, -4, 12] [3, -14, -11, 12] [0, 8, -8, 8] [0, 0, 0, 0] [-3, 21, -4, -8] [-4, -3, 5, 6] [-1, 5, 1, -6]
[12, 0, -3, -4] [-8, -6, -10, -5] [-1, 0, -3, 3] [-3, -2, 22, -5] [-2, -6, 8, -6] [-6, 10, 15, -2] [9, 12, -5, -10]
[-6, -2, 7, -3] [7, -4, 1, 7] [3, 1, 5, 1] [3, -15, 2, 0] [0, -10, 0, -3] [-14, 4, -1, 7] [3, 4, -17, 0]
[-8, -5, -8, -5] [4, 3, -2, -2] [0, -6, -5, -6] [-7, 1, -1, -11] [2, 7, 3, -7] [11, 7, 7, -2] [-13, 2, 6, -9]
------------------------------
ALIVE
Head: (2 16)
Body: (2 16) (3 16) (3 15) (4 15) (4 14) (5 14) (5 13) (5 12) 
Length: 8, 4
Vision: 3
Hungry, suplies: 10/10
Reproductive: 16, mutating: 0.25
Generation: 4766
####################################
