Wall (up, right, down, left):
[8, -8, -26, -4] [-2, -1, 0, 3] [-6, 1, 3, -10] [14, 12, -2, 5] [-11, 20, 17, -15] [-6, 4, 3, -14] [-28, -13, -2, -6]
[9, -3, 7, -11] [3, 8, 7, -2] [-8, 6, 1, 0] [-23, 9, 2, 13] [27, 6, 0, -5] [-12, -2, 6, 7] [-18, -11, 17, -2]
[-3, 8, 22, -3] [7, 12, -1, 17] [-9, -4, 28, -7] [-50, 23, 35, 30] [-44, -21, -26, 11] [-7, -23, 2, 34] [-10, -8, 7, -3]
[-4, -3, -2, -24] [5, 7, 16, -13] [3, 23, 16, -90] [0, 0, 0, 0] [20, -78, 8, 5] [23, -5, -11, 16] [9, -13, 10, 3]
[-25, -11, -8, -14] [8, 21, -6, 7] [-4, 13, -15, -1] [16, 10, -51, 18] [-1, 2, -10, 36] [11, 12, -15, 18] [-6, -17, 11, 1]
[14, 20, -9, 7] [-7, -4, -8, -18] [6, 2, 7, -7] [4, -6, -21, 8] [11, 2, -8, 11] [28, -2, -1, -6] [17, 11, 1, 15]
[-7, -15, -10, -15] [11, -9, -12, -12] [-19, -3, 8, -5] [-6, 21, -12, -8] [21, 19, 4, 0] [25, -6, -13, 4] [15, 6, -6, -11]
Food (up, right, down, left):
[34, 4, -4, 23] [-11, 9, -13, -13] [12, -6, -23, 0] [-5, -9, 26, 1] [-14, 13, 1, 21] [5, -17, 0, -5] [-22, 13, -5, -25]
[-36, -10, -9, -14] [-3, -13, 6, 3] [1, 11, 4, 31] [-14, 15, -21, 22] [7, -2, 10, -31] [18, -13, -16, 20] [-3, -15, -11, -2]
[-17, 18, 5, -22] [-11, -3, -1, 7] [-32, -31, -24, 4] [29, -22, 10, -17] [-14, -14, 4, -13] [6, 4, -13, -15] [-4, 12, 17, 12]
[3, -1, 19, 20] [-28, -9, -24, 19] [-8, 14, -14, -15] [0, 0, 0, 0] [-34, 26, -12, 6] [-14, 2, -24, 3] [12, 6, -1, -6]
[9, 10, -1, 16] [5, 3, 11, 3] [7, -10, 28, 6] [-10, -13, 22, -13] [-8, -10, 14, -23] [-10, 28, 15, 6] [3, 6, 5, -41]
[11, -6, 9, -8] [19, -9, 25, 15] [0, 6, -4, 11] [-14, -17, 9, -32] [-15, -9, -7, -15] [-9, 16, -18, 15] [8, 34, -12, -1]
[-10, -4, -16, -10] [10, -2, 9, -12] [5, 11, 3, -4] [-6, -9, 29, -31] [30, 23, -4, 0] [5, 21, 10, 15] [8, -19, 15, -6]
------------------------------
ALIVE
Head: (9 9)
Body: (9 9) (8 9) (7 9) (7 8) (7 7) (7 6) (6 6) (5 6) (4 6) 
Length: 9, 4
Vision: 3
Hungry, suplies: 4/10
Reproductive: 16, mutating: 0.25
Generation: 21321
####################################
Wall (up, right, down, left):
[8, -8, -30, -4] [-2, -1, 0, 3] [-6, 1, 3, -10] [14, 12, -2, 5] [-11, 20, 17, -15] [-6, 4, 3, -14] [-28, -13, 0, -6]
[9, -3, 7, -11] [3, 8, 10, -2] [-8, 6, 1, 0] [-23, 9, 2, 13] [27, 6, 0, -5] [-12, -2, 6, 7] [-18, -11, 17, -2]
[-3, 8, 22, -3] [7, 12, -1, 17] [-9, -4, 28, -7] [-50, 23, 35, 30] [-44, -21, -26, 11] [-7, -23, 2, 30] [-10, -8, 7, -3]
[-4, -3, -2, -24] [5, 7, 16, -13] [3, 23, 16, -90] [0, 0, 0, 0] [20, -78, 8, 5] [23, -5, -11, 16] [9, -18, 10, 3]
[-25, -11, -13, -14] [8, 25, -6, 7] [-4, 13, -15, -1] [16, 10, -51, 18] [-1, 2, -10, 36] [11, 12, -15, 18] [-6, -17, 11, 1]
[14, 20, -9, 7] [-7, -4, -8, -18] [6, 2, 7, -7] [4, -6, -21, 8] [11, 2, -8, 11] [28, -2, -1, -6] [17, 11, 1, 15]
[-7, -17, -10, -15] [11, -9, -12, -12] [-19, -3, 8, -5] [-6, 21, -12, -7] [21, 19, 4, 0] [25, -6, -13, 4] [15, 6, -6, -11]
Food (up, right, down, left):
[34, 4, -4, 18] [-11, 9, -13, -13] [12, -6, -23, 0] [-9, -9, 26, 1] [-14, 13, 1, 21] [5, -17, 0, -5] [-22, 10, -5, -25]
[-36, -10, -9, -14] [-3, -13, 6, 0] [1, 11, 4, 31] [-14, 15, -21, 22] [7, -2, 10, -31] [18, -13, -16, 20] [-3, -15, -11, -2]
[-17, 18, 5, -22] [-11, -3, -1, 7] [-32, -31, -24, 4] [29, -22, 10, -17] [-14, -14, 4, -13] [6, 4, -11, -15] [-4, 12, 17, 12]
[3, -1, 19, 20] [-28, -9, -24, 19] [-8, 14, -14, -15] [0, 0, 0, 0] [-34, 26, -12, 6] [-14, 2, -24, 3] [12, 6, 1, -6]
[9, 10, 7, 16] [5, 3, 16, 3] [7, -10, 28, 6] [-10, -13, 22, -13] [-8, -10, 14, -23] [-10, 28, 15, 6] [3, 6, 5, -41]
[11, -6, 9, -8] [19, -9, 25, 15] [0, 6, -4, 11] [-14, -17, 9, -32] [-15, -9, -7, -13] [-9, 16, -18, 15] [8, 34, -12, -1]
[-10, -4, -14, -10] [10, -2, 9, -12] [5, 11, 3, -4] [-6, -10, 29, -31] [30, 23, -4, 0] [5, 21, 10, 15] [8, -19, 15, -6]
------------------------------
ALIVE
Head: (19 7)
Body: (19 7) (19 6) (19 5) (20 5) (20 4) (20 3) (19 3) (19 2) (18 2) (17 2) (17 3) 
Length: 11, 4
Vision: 3
Hungry, suplies: 9/10
Reproductive: 16, mutating: 0.25
Generation: 21328
####################################
Wall (up, right, down, left):
[8, -8, -30, -4] [-2, -1, 0, 3] [-6, 1, 3, -10] [14, 12, -2, 5] [-11, 20, 17, -15] [-6, 4, 3, -14] [-28, -13, 0, -6]
[9, -3, 7, -11] [3, 8, 10, -2] [-8, 6, 1, 0] [-23, 9, 2, 13] [27, 6, 0, -5] [-12, -2, 6, 7] [-18, -11, 17, -2]
[-3, 8, 26, -3] [7, 12, -1, 17] [-9, -4, 28, -7] [-50, 23, 35, 30] [-44, -21, -26, 11] [-7, -23, 2, 34] [-10, -8, 7, -3]
[-4, -3, -2, -24] [5, 7, 16, -13] [3, 23, 16, -90] [0, 0, 0, 0] [20, -78, 8, 5] [23, -5, -11, 16] [9, -13, 10, 3]
[-25, -11, -13, -14] [8, 21, -6, 7] [-4, 13, -15, -1] [16, 10, -51, 18] [-1, 2, -10, 36] [11, 12, -15, 18] [-6, -17, 11, 1]
[14, 20, -9, 7] [-7, -4, -8, -18] [6, 2, 7, -6] [4, -6, -21, 8] [11, 2, -8, 11] [28, -2, -1, -6] [17, 11, 1, 15]
[-7, -15, -10, -15] [11, -9, -12, -12] [-19, -3, 8, -5] [-6, 21, -12, -7] [21, 19, 4, 0] [22, -6, -13, 4] [15, 6, -6, -11]
Food (up, right, down, left):
[34, 4, -4, 18] [-11, 9, -13, -13] [12, -6, -23, 0] [-9, -9, 26, 1] [-14, 13, 1, 21] [5, -17, 0, -5] [-22, 10, -5, -25]
[-36, -10, -9, -14] [-3, -13, 6, 0] [1, 11, 4, 31] [-14, 15, -21, 22] [7, -2, 10, -31] [18, -13, -16, 20] [-3, -15, -11, -2]
[-17, 16, 5, -22] [-11, -3, -1, 7] [-32, -31, -24, 4] [29, -22, 10, -17] [-14, -14, 4, -13] [6, 4, -13, -15] [-4, 12, 17, 12]
[3, -1, 19, 20] [-28, -9, -24, 19] [-8, 14, -14, -15] [0, 0, 0, 0] [-34, 26, -12, 6] [-14, 2, -24, 3] [12, 6, -1, -6]
[9, 10, 7, 16] [5, 3, 11, 3] [7, -10, 28, 6] [-10, -13, 22, -13] [-8, -10, 14, -23] [-10, 28, 15, 6] [3, 6, 5, -41]
[11, -6, 9, -8] [19, -9, 25, 15] [0, 6, -6, 11] [-14, -17, 9, -32] [-15, -9, -7, -13] [-9, 16, -18, 15] [8, 34, -12, -1]
[-10, -4, -16, -10] [10, -2, 9, -12] [5, 11, 3, -4] [-6, -10, 29, -31] [30, 23, -4, 0] [5, 21, 10, 11] [8, -19, 15, -6]
------------------------------
ALIVE
Head: (14 53)
Body: (14 53) (14 52) (13 52) (12 52) (12 51) (11 51) (10 51) (10 50) (11 50) (11 49) 
Length: 10, 4
Vision: 3
Hungry, suplies: 6/10
Reproductive: 16, mutating: 0.25
Generation: 21328
####################################
Wall (up, right, down, left):
[8, -8, -26, -4] [-2, -1, 0, 3] [-6, 1, 3, -10] [14, 12, -2, 5] [-11, 20, 17, -15] [-6, 4, 3, -14] [-28, -13, -2, -6]
[9, -3, 7, -11] [3, 8, 7, -2] [-8, 6, 1, 0] [-23, 9, 2, 13] [27, 6, 0, -5] [-12, -2, 6, 7] [-18, -11, 17, -2]
[-3, 8, 22, -3] [7, 12, -1, 17] [-9, -4, 28, -7] [-50, 23, 35, 30] [-44, -21, -26, 11] [-7, -23, 2, 34] [-10, -8, 7, -3]
[-4, -3, -2, -24] [5, 7, 16, -13] [3, 23, 16, -90] [0, 0, 0, 0] [20, -78, 8, 5] [23, -5, -11, 16] [9, -13, 10, 3]
[-25, -11, -8, -14] [8, 21, -6, 7] [-4, 13, -15, -1] [16, 10, -51, 18] [-1, 2, -10, 36] [11, 12, -15, 18] [-6, -17, 11, 1]
[14, 20, -9, 7] [-7, -4, -8, -18] [6, 2, 7, -7] [4, -6, -21, 8] [11, 2, -8, 11] [28, -2, -1, -6] [17, 11, 1, 15]
[-7, -15, -10, -15] [11, -9, -12, -12] [-19, -3, 8, -5] [-6, 21, -12, -7] [21, 19, 4, 0] [25, -6, -13, 4] [15, 6, -6, -11]
Food (up, right, down, left):
[34, 4, -4, 23] [-11, 9, -13, -13] [12, -6, -23, 0] [-5, -9, 26, 1] [-14, 13, 1, 21] [5, -17, 0, -5] [-22, 13, -5, -25]
[-36, -10, -9, -14] [-3, -13, 6, 3] [1, 11, 4, 31] [-14, 15, -21, 22] [7, -2, 10, -31] [18, -13, -16, 20] [-3, -15, -11, -2]
[-17, 18, 5, -22] [-11, -3, -1, 7] [-32, -31, -24, 4] [29, -22, 10, -17] [-14, -14, 4, -13] [6, 4, -13, -15] [-4, 12, 17, 12]
[3, -1, 19, 20] [-28, -9, -24, 19] [-8, 14, -14, -15] [0, 0, 0, 0] [-34, 26, -12, 6] [-14, 2, -24, 3] [12, 6, -1, -6]
[9, 10, -1, 16] [5, 3, 11, 3] [7, -10, 28, 6] [-10, -13, 22, -13] [-8, -10, 14, -23] [-10, 28, 15, 6] [3, 6, 5, -41]
[11, -6, 9, -8] [16, -9, 25, 15] [0, 6, -4, 11] [-14, -17, 9, -32] [-15, -9, -7, -15] [-9, 16, -18, 15] [8, 34, -12, -1]
[-10, -4, -16, -10] [10, -2, 9, -12] [5, 11, 3, -4] [-6, -10, 29, -31] [30, 23, -4, 0] [5, 21, 10, 15] [8, -19, 15, -6]
------------------------------
ALIVE
Head: (17 22)
Body: (17 22) (16 22) (16 23) (17 23) (18 23) (19 23) (20 23) (20 24) 
Length: 8, 4
Vision: 3
Hungry, suplies: 5/10
Reproductive: 16, mutating: 0.25
Generation: 21320
####################################
Wall (up, right, down, left):
[8, -8, -26, -4] [-2, -1, 0, 3] [-6, 1, 3, -10] [14, 12, -2, 5] [-11, 20, 17, -15] [-6, 4, 3, -14] [-28, -13, -2, -6]
[9, -3, 7, -11] [3, 8, 10, -2] [-8, 6, 1, 0] [-23, 9, 2, 13] [27, 6, 0, -5] [-12, -2, 6, 7] [-18, -11, 17, -2]
[-3, 8, 22, -3] [7, 12, -1, 17] [-9, -4, 28, -7] [-50, 23, 35, 30] [-44, -21, -26, 11] [-7, -23, 2, 34] [-10, -8, 7, -3]
[-4, -3, -2, -24] [5, 7, 16, -13] [3, 23, 16, -90] [0, 0, 0, 0] [20, -78, 8, 5] [23, -5, -11, 16] [9, -13, 10, 3]
[-25, -11, -11, -14] [8, 21, -6, 7] [-4, 13, -15, -1] [16, 10, -51, 18] [-1, 2, -10, 36] [11, 12, -15, 18] [-6, -17, 11, 1]
[14, 20, -9, 7] [-7, -4, -8, -18] [6, 2, 7, -7] [4, -6, -21, 8] [11, 2, -8, 11] [28, -2, -1, -6] [17, 11, 1, 15]
[-7, -15, -10, -15] [11, -9, -12, -12] [-19, -3, 8, -5] [-6, 21, -12, -7] [21, 19, 4, 0] [25, -6, -13, 4] [15, 6, -6, -11]
Food (up, right, down, left):
[34, 4, -4, 23] [-11, 9, -13, -13] [12, -6, -23, 0] [-9, -9, 26, 1] [-14, 13, 1, 21] [5, -17, 0, -5] [-22, 13, -5, -25]
[-36, -10, -9, -14] [-3, -13, 6, 0] [1, 11, 4, 31] [-14, 15, -21, 22] [7, -2, 10, -31] [18, -13, -16, 20] [-3, -15, -11, -2]
[-17, 18, 5, -22] [-11, -3, -1, 7] [-32, -31, -24, 4] [29, -22, 10, -17] [-14, -14, 4, -13] [6, 4, -13, -15] [-4, 12, 17, 12]
[3, -1, 19, 20] [-28, -9, -24, 19] [-8, 14, -14, -15] [0, 0, 0, 0] [-34, 26, -12, 6] [-14, 2, -24, 3] [12, 6, -1, -6]
[9, 10, 4, 16] [5, 3, 11, 3] [7, -10, 28, 6] [-10, -13, 22, -13] [-8, -10, 14, -23] [-10, 28, 15, 6] [3, 6, 5, -41]
[11, -6, 9, -8] [19, -9, 25, 15] [0, 6, -4, 11] [-14, -17, 9, -32] [-15, -9, -7, -15] [-9, 16, -18, 15] [8, 34, -12, -1]
[-10, -4, -16, -10] [10, -2, 9, -12] [5, 11, 3, -4] [-6, -10, 29, -31] [30, 23, -4, 0] [5, 21, 10, 15] [8, -19, 15, -6]
------------------------------
ALIVE
Head: (17 37)
Body: (17 37) (16 37) (15 37) (15 36) (15 35) (14 35) (14 34) 
Length: 7, 4
Vision: 3
Hungry, suplies: 7/10
Reproductive: 16, mutating: 0.25
Generation: 21323
####################################
Wall (up, right, down, left):
[8, -8, -26, -4] [-2, -1, 0, 3] [-6, 3, 3, -10] [14, 12, -2, 5] [-11, 20, 17, -15] [-6, 4, 3, -14] [-28, -13, -2, -6]
[9, -3, 7, -11] [3, 8, 7, -2] [-8, 6, 1, 0] [-23, 9, 2, 13] [27, 6, 0, -5] [-12, -2, 6, 7] [-18, -11, 17, -2]
[-3, 8, 22, -3] [7, 12, -1, 17] [-9, -4, 28, -7] [-50, 23, 35, 30] [-44, -21, -26, 11] [-7, -23, 2, 34] [-10, -8, 7, -3]
[-4, -3, -2, -24] [5, 7, 16, -13] [3, 23, 16, -87] [0, 0, 0, 0] [20, -78, 8, 5] [23, -5, -11, 16] [9, -13, 10, 3]
[-25, -11, -8, -14] [8, 21, -6, 12] [-4, 13, -15, -1] [16, 10, -51, 18] [-1, 2, -10, 36] [11, 12, -15, 18] [-6, -17, 11, 1]
[14, 20, -9, 7] [-7, -4, -8, -18] [6, 2, 7, -7] [4, -6, -21, 8] [11, 2, -8, 11] [28, -2, -1, -6] [17, 11, 1, 15]
[-7, -15, -10, -15] [11, -9, -12, -12] [-19, -3, 8, -5] [-6, 21, -12, -7] [21, 19, 4, 0] [25, -6, -13, 4] [15, 6, -1, -11]
Food (up, right, down, left):
[34, 4, -4, 23] [-11, 9, -13, -13] [12, -6, -20, 0] [-5, -9, 26, 1] [-14, 13, 1, 21] [5, -17, 0, -5] [-22, 13, -5, -25]
[-36, -10, -9, -14] [-3, -13, 6, 3] [1, 11, 4, 31] [-14, 15, -21, 22] [7, -2, 10, -31] [18, -13, -16, 20] [-3, -15, -11, -2]
[-17, 18, 5, -22] [-11, -3, -1, 7] [-32, -31, -24, 4] [29, -22, 10, -17] [-14, -14, 4, -13] [6, 4, -13, -15] [-4, 12, 17, 12]
[3, -1, 19, 20] [-28, -9, -24, 19] [-3, 14, -14, -15] [0, 0, 0, 0] [-34, 26, -12, 6] [-14, 2, -24, 3] [12, 6, -1, -6]
[9, 10, -1, 16] [9, 3, 11, 3] [7, -10, 28, 6] [-10, -13, 22, -13] [-8, -10, 14, -23] [-10, 28, 15, 6] [3, 6, 5, -41]
[11, -6, 9, -8] [19, -9, 25, 15] [0, 6, -4, 11] [-14, -17, 9, -32] [-15, -9, -7, -15] [-9, 16, -18, 15] [8, 34, -12, -1]
[-10, -4, -16, -10] [10, -2, 9, -12] [5, 11, 3, -4] [-6, -10, 29, -31] [30, 23, -4, 0] [5, 21, 10, 15] [12, -19, 15, -6]
------------------------------
ALIVE
Head: (9 28)
Body: (9 28) (9 27) (8 27) (7 27) (7 26) (6 26) 
Length: 6, 4
Vision: 3
Hungry, suplies: 8/10
Reproductive: 16, mutating: 0.25
Generation: 21318
####################################
Wall (up, right, down, left):
[8, -8, -26, -4] [-2, -1, 0, 3] [-6, 1, 3, -10] [14, 12, -2, 5] [-11, 20, 17, -15] [-6, 4, 3, -14] [-28, -13, -2, -6]
[9, -3, 7, -11] [3, 8, 7, -2] [-8, 6, 1, 0] [-23, 9, 2, 13] [27, 6, 0, -5] [-12, -2, 6, 7] [-18, -11, 17, -2]
[-3, 8, 22, -3] [7, 12, -1, 17] [-9, -4, 28, -7] [-50, 23, 35, 30] [-44, -21, -26, 11] [-7, -23, 2, 34] [-10, -8, 7, -3]
[-4, -3, -2, -24] [5, 7, 16, -13] [3, 23, 16, -90] [0, 0, 0, 0] [20, -78, 8, 5] [23, -5, -11, 16] [9, -13, 10, 3]
[-25, -11, -8, -14] [8, 21, -6, 7] [-4, 13, -15, -1] [16, 10, -51, 18] [-1, 2, -10, 36] [11, 12, -15, 18] [-6, -17, 11, 1]
[14, 20, -9, 7] [-7, -4, -8, -18] [6, 2, 7, -7] [4, -6, -21, 8] [11, 2, -8, 11] [28, -2, -1, -6] [17, 11, 1, 15]
[-7, -15, -10, -15] [11, -9, -12, -12] [-19, -3, 8, -5] [-6, 21, -12, -7] [21, 19, 4, 0] [25, -6, -13, 4] [15, 6, -6, -11]
Food (up, right, down, left):
[34, 4, -4, 23] [-11, 9, -13, -13] [12, -6, -23, 0] [-5, -9, 26, 1] [-14, 13, 1, 21] [5, -17, 0, -5] [-22, 13, -5, -25]
[-36, -10, -9, -14] [-3, -13, 6, 3] [1, 11, 4, 31] [-14, 15, -21, 22] [7, -2, 10, -31] [18, -13, -16, 20] [-3, -15, -11, -2]
[-17, 18, 5, -22] [-11, -3, -1, 7] [-32, -31, -24, 4] [29, -22, 10, -17] [-14, -14, 4, -13] [6, 4, -13, -15] [-4, 12, 17, 12]
[3, -1, 19, 20] [-28, -9, -24, 19] [-8, 14, -14, -15] [0, 0, 0, 0] [-34, 26, -12, 6] [-14, 2, -24, 3] [12, 6, -1, -6]
[9, 10, -1, 16] [5, 3, 11, 3] [7, -10, 28, 6] [-10, -13, 22, -13] [-8, -10, 14, -23] [-10, 28, 15, 6] [3, 6, 5, -41]
[11, -6, 9, -8] [16, -9, 25, 15] [0, 6, -4, 11] [-14, -17, 9, -32] [-15, -9, -7, -15] [-9, 16, -18, 15] [8, 34, -12, -1]
[-10, -4, -16, -10] [10, -2, 9, -12] [5, 11, 3, -4] [-6, -10, 29, -31] [30, 23, -4, 0] [5, 21, 10, 15] [8, -19, 15, -6]
------------------------------
ALIVE
Head: (18 50)
Body: (18 50) (18 51) (17 51) (17 52) (17 53) (18 53) (18 54) (17 54) 
Length: 8, 4
Vision: 3
Hungry, suplies: 1/10
Reproductive: 16, mutating: 0.25
Generation: 21320
####################################
Wall (up, right, down, left):
[8, -8, -26, -4] [-2, -1, 0, 3] [-6, 1, 3, -10] [14, 12, -2, 5] [-11, 20, 17, -15] [-6, 4, 3, -14] [-28, -13, -2, -6]
[9, -3, 7, -11] [3, 8, 7, -2] [-8, 6, 1, 0] [-23, 9, 2, 13] [27, 6, 0, -5] [-12, -2, 6, 7] [-18, -11, 17, -2]
[-3, 8, 22, -3] [7, 12, -1, 17] [-9, -4, 28, -7] [-50, 23, 35, 30] [-44, -21, -26, 11] [-7, -23, 2, 34] [-10, -8, 7, -3]
[-4, -3, -2, -24] [5, 7, 16, -13] [3, 23, 16, -90] [0, 0, 0, 0] [20, -78, 8, 5] [23, -5, -11, 16] [9, -13, 10, 3]
[-25, -11, -8, -14] [8, 21, -6, 7] [-4, 13, -15, -1] [16, 10, -51, 18] [-1, 2, -10, 36] [11, 12, -15, 18] [-6, -17, 11, 1]
[14, 20, -9, 7] [-7, -4, -8, -18] [6, 2, 7, -7] [4, -6, -21, 8] [11, 2, -8, 11] [28, -2, -1, -6] [17, 11, 1, 15]
[-7, -15, -10, -15] [11, -9, -12, -12] [-19, -3, 8, -5] [-6, 21, -12, -7] [21, 19, 4, 0] [25, -6, -13, 4] [15, 6, -6, -11]
Food (up, right, down, left):
[34, 4, -4, 23] [-11, 9, -13, -13] [12, -6, -23, 0] [-5, -9, 26, 1] [-14, 13, 1, 21] [5, -17, 0, -5] [-22, 13, -5, -25]
[-36, -10, -9, -14] [-3, -13, 6, 3] [1, 11, 4, 31] [-14, 15, -21, 22] [7, -2, 10, -31] [18, -13, -16, 20] [-3, -15, -11, -2]
[-17, 18, 5, -22] [-11, -3, -1, 7] [-32, -31, -24, 4] [29, -22, 10, -17] [-14, -14, 4, -13] [6, 4, -13, -15] [-4, 12, 17, 12]
[3, -1, 19, 20] [-28, -9, -24, 19] [-8, 14, -14, -15] [0, 0, 0, 0] [-34, 26, -12, 6] [-14, 2, -24, 3] [12, 6, -1, -6]
[9, 10, -1, 16] [5, 3, 11, 3] [7, -10, 28, 6] [-10, -13, 22, -13] [-8, -10, 14, -23] [-10, 28, 15, 6] [3, 6, 5, -41]
[11, -6, 9, -8] [16, -9, 25, 15] [0, 6, -4, 11] [-14, -17, 9, -32] [-15, -9, -7, -15] [-9, 16, -18, 15] [8, 34, -12, -1]
[-10, -4, -16, -10] [10, -2, 9, -12] [5, 11, 3, -4] [-6, -10, 29, -31] [30, 23, -4, 0] [5, 21, 10, 15] [8, -19, 15, -6]
------------------------------
ALIVE
Head: (13 28)
Body: (13 28) (13 27) (13 26) (13 25) (14 25) (15 25) (16 25) (16 26) (17 26) (17 27) (17 28) (17 29) (17 30) 
Length: 13, 4
Vision: 3
Hungry, suplies: 3/10
Reproductive: 16, mutating: 0.25
Generation: 21321
####################################
Wall (up, right, down, left):
[8, -8, -26, -4] [-2, -1, 0, 3] [-6, 1, 3, -10] [14, 12, -2, 5] [-11, 20, 17, -15] [-6, 4, 3, -14] [-28, -13, -2, -6]
[9, -3, 7, -11] [3, 8, 7, -2] [-8, 6, 6, 0] [-23, 9, 2, 13] [27, 6, 0, -5] [-12, -2, 6, 7] [-18, -11, 17, -2]
[-3, 8, 22, -3] [10, 12, -1, 17] [-9, -1, 28, -7] [-50, 23, 35, 30] [-44, -21, -26, 11] [-7, -23, 2, 34] [-10, -8, 7, -3]
[-4, -3, -2, -24] [5, 7, 16, -13] [3, 23, 16, -87] [0, 0, 0, 0] [20, -78, 8, 5] [23, -5, -11, 16] [9, -13, 10, 3]
[-25, -11, -8, -14] [8, 21, -6, 12] [-4, 13, -15, -1] [16, 10, -51, 18] [-1, 2, -10, 36] [11, 12, -15, 18] [-6, -17, 11, 1]
[14, 20, -9, 7] [-7, -4, -8, -18] [6, 2, 7, -7] [4, -6, -17, 8] [11, 2, -8, 11] [28, -2, -1, -6] [17, 11, 1, 15]
[-7, -15, -10, -15] [11, -9, -12, -12] [-19, -3, 8, -5] [-6, 21, -12, -7] [21, 19, 4, 0] [25, -6, -13, 4] [15, 6, -6, -11]
Food (up, right, down, left):
[34, 4, -4, 23] [-11, 9, -13, -13] [12, -6, -23, 0] [-5, -9, 26, 1] [-14, 13, 1, 21] [5, -17, 0, -5] [-22, 13, -5, -25]
[-36, -10, -9, -14] [-3, -13, 6, 3] [1, 14, 4, 31] [-14, 15, -21, 22] [7, -2, 10, -31] [18, -13, -16, 20] [-3, -15, -11, -2]
[-17, 18, 5, -22] [-11, -7, -1, 7] [-32, -31, -19, 4] [29, -22, 10, -17] [-14, -14, 4, -13] [6, 4, -13, -15] [-4, 12, 17, 12]
[3, -1, 19, 20] [-28, -9, -24, 19] [-3, 14, -14, -15] [0, 0, 0, 0] [-34, 26, -12, 6] [-14, 2, -24, 3] [12, 6, -1, -6]
[9, 10, -1, 16] [9, 3, 11, 3] [7, -10, 28, 6] [-10, -13, 22, -13] [-8, -10, 14, -23] [-10, 28, 15, 6] [3, 6, 5, -41]
[11, -6, 9, -8] [19, -9, 25, 15] [0, 6, -4, 11] [-14, -17, 9, -32] [-15, -9, -7, -15] [-9, 16, -18, 15] [8, 34, -12, -1]
[-10, -4, -16, -10] [10, -2, 9, -12] [5, 11, 3, -4] [-6, -10, 29, -31] [30, 23, -4, 0] [5, 21, 10, 15] [8, -19, 15, -6]
------------------------------
ALIVE
Head: (20 1)
Body: (20 1) (20 2) (21 2) (21 1) (21 0) (20 0) (19 0) (18 0) (18 1) (17 1) 
Length: 10, 4
Vision: 3
Hungry, suplies: 7/10
Reproductive: 16, mutating: 0.25
Generation: 21320
####################################
Wall (up, right, down, left):
[8, -8, -30, -4] [-2, -1, 0, 3] [-6, 1, 3, -10] [14, 12, -2, 5] [-11, 20, 19, -15] [-6, 4, 3, -14] [-28, -13, 0, -6]
[9, -3, 7, -11] [3, 8, 10, -2] [-8, 6, 1, 0] [-23, 9, 2, 13] [27, 6, 0, -5] [-12, -2, 6, 7] [-18, -11, 17, -2]
[-3, 8, 22, -3] [7, 12, -1, 17] [-9, -4, 28, -7] [-50, 23, 35, 30] [-44, -21, -26, 11] [-7, -23, 2, 34] [-10, -8, 7, -3]
[-4, -3, -2, -24] [5, 7, 16, -13] [3, 23, 16, -90] [0, 0, 0, 0] [20, -78, 8, 5] [23, -5, -11, 16] [9, -18, 10, 3]
[-25, -11, -13, -14] [8, 25, -6, 7] [-4, 13, -15, -1] [16, 10, -51, 22] [-1, 2, -10, 36] [11, 12, -15, 18] [-6, -17, 11, 1]
[14, 20, -9, 7] [-7, -4, -8, -18] [6, 2, 7, -7] [4, -6, -21, 8] [11, 2, -8, 11] [28, -2, -1, -6] [17, 11, 1, 15]
[-7, -15, -10, -15] [11, -9, -12, -12] [-19, -3, 8, -5] [-6, 21, -12, -7] [21, 19, 4, 0] [25, -6, -13, 4] [15, 6, -6, -11]
Food (up, right, down, left):
[34, 4, -4, 18] [-11, 9, -13, -13] [12, -6, -23, 0] [-9, -9, 26, 1] [-14, 13, 1, 21] [5, -17, 0, -5] [-22, 10, -5, -25]
[-36, -10, -9, -14] [-3, -13, 6, 0] [1, 11, 4, 31] [-14, 15, -21, 22] [7, -2, 10, -31] [18, -13, -16, 20] [-3, -15, -11, -2]
[-17, 18, 5, -22] [-11, -3, -1, 7] [-32, -31, -24, 4] [29, -22, 10, -17] [-14, -14, 4, -13] [6, 4, -13, -15] [-4, 12, 17, 12]
[3, -1, 19, 20] [-28, -9, -24, 19] [-8, 14, -14, -15] [0, 0, 0, 0] [-34, 26, -12, 6] [-14, 2, -24, 3] [12, 6, 1, -6]
[9, 10, 7, 16] [5, 3, 16, 3] [7, -10, 28, 6] [-10, -13, 22, -13] [-8, -10, 14, -23] [-10, 28, 15, 6] [3, 6, 5, -41]
[11, -6, 9, -8] [19, -9, 25, 15] [0, 6, -4, 11] [-14, -17, 9, -32] [-15, -9, -7, -13] [-9, 16, -18, 15] [8, 34, -12, -1]
[-10, -4, -16, -10] [10, -2, 9, -12] [5, 11, 3, -4] [-6, -10, 29, -31] [30, 23, -4, 0] [5, 21, 10, 15] [8, -19, 15, -6]
------------------------------
ALIVE
Head: (22 43)
Body: (22 43) (21 43) (20 43) (20 42) (19 42) (18 42) (17 42) (17 41) (16 41) 
Length: 9, 4
Vision: 3
Hungry, suplies: 8/10
Reproductive: 16, mutating: 0.25
Generation: 21325
####################################
Wall (up, right, down, left):
[8, -8, -30, -4] [-2, -1, 0, 3] [-6, 1, 3, -10] [14, 12, -2, 5] [-11, 20, 17, -15] [-6, 4, 3, -14] [-28, -13, 0, -6]
[9, -3, 7, -11] [3, 8, 10, -2] [-8, 6, 1, 0] [-23, 9, 2, 13] [27, 6, 0, -5] [-12, -2, 6, 7] [-18, -11, 17, -2]
[-3, 8, 26, -3] [7, 12, -1, 17] [-9, -4, 28, -7] [-50, 23, 35, 30] [-44, -21, -26, 11] [-7, -23, 2, 34] [-10, -8, 7, -3]
[-4, -3, -2, -24] [5, 7, 16, -13] [3, 23, 16, -90] [0, 0, 0, 0] [20, -78, 8, 5] [23, -5, -11, 16] [9, -13, 10, 3]
[-25, -11, -13, -14] [8, 21, -6, 7] [-4, 13, -15, -1] [16, 10, -51, 18] [-1, 2, -10, 36] [11, 12, -15, 18] [-6, -17, 11, 1]
[14, 20, -9, 7] [-7, -4, -8, -18] [6, 2, 7, -6] [4, -6, -21, 8] [11, 2, -8, 11] [28, -2, -1, -6] [17, 11, 1, 15]
[-7, -15, -10, -15] [11, -9, -12, -12] [-19, -3, 8, -5] [-6, 21, -12, -7] [21, 19, 4, 0] [22, -6, -13, 4] [15, 6, -6, -11]
Food (up, right, down, left):
[34, 4, -4, 18] [-11, 9, -13, -13] [12, -6, -23, 0] [-9, -9, 26, 1] [-14, 13, 1, 21] [5, -17, 0, -5] [-22, 10, -5, -25]
[-36, -10, -9, -14] [-3, -13, 6, 0] [1, 11, 4, 31] [-14, 15, -21, 22] [7, -2, 10, -31] [18, -13, -16, 20] [-3, -15, -11, -2]
[-17, 16, 5, -22] [-11, -3, -1, 7] [-32, -31, -24, 4] [29, -22, 10, -17] [-14, -14, 4, -13] [6, 4, -13, -15] [-4, 12, 17, 12]
[3, -1, 19, 20] [-28, -9, -24, 19] [-8, 14, -14, -15] [0, 0, 0, 0] [-34, 26, -12, 6] [-14, 2, -24, 3] [12, 6, -1, -6]
[9, 10, 7, 16] [5, 3, 11, 3] [7, -10, 28, 6] [-10, -13, 22, -13] [-8, -10, 14, -23] [-10, 28, 15, 6] [3, 6, 5, -41]
[11, -6, 9, -8] [19, -9, 25, 15] [0, 6, -6, 11] [-14, -17, 9, -32] [-15, -9, -7, -13] [-9, 16, -18, 15] [8, 34, -12, -1]
[-10, -4, -16, -10] [10, -2, 9, -12] [5, 11, 3, -4] [-6, -10, 29, -31] [30, 23, -4, 0] [5, 21, 10, 11] [8, -19, 15, -6]
------------------------------
ALIVE
Head: (1 38)
Body: (1 38) (25 38) (24 38) (24 37) (23 37) (22 37) 
Length: 6, 4
Vision: 3
Hungry, suplies: 4/10
Reproductive: 16, mutating: 0.25
Generation: 21328
####################################
Wall (up, right, down, left):
[8, -8, -26, -4] [-2, -1, 0, 3] [-6, 1, 3, -10] [14, 12, -2, 5] [-11, 20, 17, -15] [-6, 4, 3, -14] [-28, -13, -2, -6]
[9, -3, 7, -11] [3, 8, 10, -2] [-8, 6, 1, 0] [-23, 9, 2, 13] [27, 6, 0, -5] [-12, -2, 6, 7] [-18, -11, 17, -2]
[-3, 8, 22, -3] [7, 12, -1, 17] [-9, -4, 28, -7] [-50, 23, 35, 30] [-44, -21, -26, 11] [-7, -23, 2, 34] [-10, -8, 7, -3]
[-4, -3, -2, -24] [5, 7, 16, -13] [3, 23, 16, -90] [0, 0, 0, 0] [20, -78, 8, 5] [23, -5, -11, 16] [9, -13, 10, 3]
[-25, -11, -11, -14] [8, 21, -6, 7] [-4, 13, -15, -1] [16, 10, -51, 18] [-1, 2, -10, 36] [11, 12, -15, 18] [-6, -17, 11, 1]
[14, 20, -9, 7] [-7, -4, -8, -18] [6, 2, 7, -7] [4, -6, -21, 8] [11, 2, -8, 11] [28, -2, -5, -6] [17, 11, 2, 15]
[-7, -15, -10, -15] [11, -9, -11, -12] [-19, -3, 8, -5] [-6, 21, -12, -7] [21, 19, 4, 0] [25, -6, -13, 4] [15, 6, -6, -11]
Food (up, right, down, left):
[34, 4, -4, 23] [-11, 9, -13, -13] [12, -6, -23, 0] [-9, -9, 26, 1] [-14, 13, 1, 21] [5, -17, 0, -5] [-22, 13, -5, -25]
[-36, -10, -9, -14] [-3, -13, 6, 0] [1, 11, 4, 31] [-14, 15, -21, 22] [7, -2, 10, -31] [18, -13, -16, 20] [-3, -15, -11, -2]
[-17, 18, 5, -22] [-11, -3, -1, 7] [-32, -31, -24, 4] [29, -22, 10, -17] [-14, -14, 4, -13] [6, 4, -13, -15] [-4, 12, 17, 12]
[3, -1, 19, 20] [-28, -9, -24, 19] [-8, 14, -14, -15] [0, 0, 0, 0] [-34, 26, -12, 6] [-14, 2, -24, 3] [12, 6, -1, -6]
[9, 10, 4, 16] [5, 3, 11, 3] [7, -10, 28, 6] [-10, -13, 22, -13] [-8, -10, 14, -23] [-10, 28, 15, 6] [3, 6, 5, -41]
[11, -6, 9, -8] [19, -9, 25, 15] [0, 6, -4, 11] [-14, -17, 9, -32] [-15, -9, -7, -15] [-9, 13, -18, 15] [13, 34, -12, -1]
[-10, -4, -16, -10] [10, 0, 9, -12] [5, 11, 3, -4] [-6, -10, 29, -31] [30, 23, -4, 0] [5, 21, 10, 15] [8, -19, 15, -6]
------------------------------
ALIVE
Head: (11 46)
Body: (11 46) (10 46) (9 46) (9 45) (9 44) (8 44) (7 44) (6 44) (5 44) (4 44) (4 43) (3 43) 
Length: 12, 4
Vision: 3
Hungry, suplies: 8/10
Reproductive: 16, mutating: 0.25
Generation: 21320
####################################
Wall (up, right, down, left):
[8, -8, -30, -4] [-2, -1, 0, 3] [-6, 1, 3, -10] [14, 12, -2, 5] [-11, 20, 17, -15] [-6, 4, 3, -14] [-28, -13, 0, -6]
[9, -3, 7, -11] [3, 8, 10, -2] [-8, 6, 1, 0] [-23, 9, 2, 13] [27, 6, 0, -5] [-12, -2, 6, 7] [-18, -11, 17, -2]
[-3, 8, 26, -3] [7, 12, -1, 17] [-9, -4, 28, -7] [-50, 23, 35, 30] [-44, -21, -26, 11] [-7, -23, 2, 34] [-10, -8, 7, -3]
[-4, -3, -2, -24] [5, 7, 16, -13] [3, 23, 16, -90] [0, 0, 0, 0] [20, -78, 8, 5] [23, -5, -11, 16] [9, -13, 10, 3]
[-25, -11, -13, -14] [8, 21, -6, 7] [-4, 13, -15, -1] [16, 10, -51, 18] [-1, 2, -10, 36] [11, 12, -15, 18] [-6, -17, 11, 1]
[14, 20, -9, 7] [-7, -4, -8, -18] [6, 2, 7, -6] [4, -6, -21, 8] [11, 2, -8, 11] [28, -2, -1, -6] [17, 11, 1, 15]
[-7, -15, -10, -15] [11, -9, -12, -12] [-19, -3, 8, -5] [-6, 21, -12, -7] [21, 19, 4, 0] [22, -6, -13, 4] [15, 6, -6, -11]
Food (up, right, down, left):
[34, 4, -4, 18] [-11, 9, -13, -13] [12, -6, -23, 0] [-9, -9, 26, 1] [-14, 13, 1, 21] [5, -17, 0, -5] [-22, 10, -5, -25]
[-36, -10, -9, -14] [-3, -13, 6, 0] [1, 11, 4, 31] [-14, 15, -21, 22] [7, -2, 10, -31] [18, -13, -16, 20] [-3, -15, -11, -2]
[-17, 16, 5, -22] [-11, -3, -1, 7] [-32, -31, -24, 4] [29, -22, 10, -17] [-14, -14, 4, -13] [6, 4, -13, -15] [-4, 12, 17, 12]
[3, -1, 19, 20] [-28, -9, -24, 19] [-8, 14, -14, -15] [0, 0, 0, 0] [-34, 26, -12, 6] [-14, 2, -24, 3] [12, 6, -1, -6]
[9, 10, 7, 16] [5, 3, 11, 3] [7, -10, 28, 6] [-10, -13, 22, -13] [-8, -10, 14, -23] [-10, 28, 15, 6] [3, 6, 5, -41]
[11, -6, 9, -8] [19, -9, 25, 15] [0, 6, -6, 11] [-14, -17, 9, -32] [-15, -9, -7, -13] [-9, 16, -18, 15] [8, 34, -12, -1]
[-10, -4, -16, -10] [10, -2, 9, -12] [5, 11, 3, -4] [-6, -10, 29, -31] [30, 23, -4, 0] [5, 21, 10, 11] [8, -19, 15, -6]
------------------------------
ALIVE
Head: (3 56)
Body: (3 56) (2 56) (1 56) (1 55) (2 55) (2 54) (1 54) (25 54) (24 54) (24 53) (24 52) (23 52) 
Length: 12, 4
Vision: 3
Hungry, suplies: 5/10
Reproductive: 16, mutating: 0.25
Generation: 21329
####################################
Wall (up, right, down, left):
[8, -8, -26, -4] [-2, -1, 0, 3] [-6, 1, 3, -10] [14, 12, -2, 5] [-11, 20, 17, -15] [-6, 4, 3, -14] [-28, -13, -2, -6]
[9, -3, 7, -11] [3, 8, 7, -2] [-8, 6, 1, 0] [-23, 9, 2, 13] [27, 6, 0, -5] [-12, -2, 6, 7] [-18, -11, 17, -2]
[-3, 8, 22, -3] [7, 12, -1, 17] [-9, -4, 28, -7] [-50, 23, 35, 30] [-40, -21, -26, 11] [-7, -23, 2, 34] [-10, -8, 7, -3]
[-4, -3, -2, -24] [5, 7, 16, -13] [3, 23, 16, -87] [0, 0, 0, 0] [20, -78, 8, 5] [23, -5, -11, 16] [9, -13, 10, 3]
[-25, -11, -8, -14] [8, 21, -6, 12] [-4, 13, -15, -1] [16, 10, -51, 18] [-1, 2, -10, 36] [11, 12, -15, 18] [-6, -17, 11, 1]
[14, 20, -9, 7] [-7, -4, -8, -18] [6, 2, 7, -7] [4, -6, -21, 8] [11, 2, -8, 11] [28, -2, -1, -6] [17, 11, 1, 15]
[-7, -15, -10, -15] [11, -9, -12, -12] [-19, -3, 8, -5] [-6, 21, -12, -7] [21, 19, 4, 0] [25, -6, -13, 4] [15, 6, -6, -11]
Food (up, right, down, left):
[34, 4, -4, 23] [-11, 9, -13, -13] [12, -6, -23, 0] [-5, -9, 26, 1] [-14, 13, 1, 21] [5, -17, 0, -5] [-22, 13, -5, -25]
[-36, -10, -9, -14] [-3, -13, 6, 3] [1, 11, 4, 31] [-14, 15, -21, 22] [7, -2, 10, -31] [18, -13, -16, 20] [-3, -15, -11, -2]
[-17, 18, 5, -22] [-11, -3, -1, 7] [-32, -31, -24, 4] [29, -22, 10, -17] [-18, -14, 4, -13] [6, 4, -13, -15] [-4, 12, 17, 12]
[3, -1, 19, 20] [-28, -9, -24, 19] [-3, 14, -14, -15] [0, 0, 0, 0] [-34, 26, -12, 6] [-14, 2, -24, 3] [12, 6, -1, -6]
[9, 10, -1, 16] [9, 3, 11, 3] [7, -10, 28, 6] [-10, -13, 22, -13] [-8, -10, 14, -23] [-10, 28, 15, 6] [3, 6, 5, -41]
[11, -6, 9, -8] [19, -9, 25, 15] [0, 6, -4, 11] [-14, -17, 9, -32] [-15, -9, -7, -15] [-9, 16, -18, 15] [8, 34, -12, -1]
[-10, -4, -16, -10] [10, -2, 9, -12] [5, 11, 3, -4] [-6, -10, 29, -31] [30, 23, -4, 0] [5, 21, 10, 15] [8, -19, 15, -6]
------------------------------
ALIVE
Head: (10 17)
Body: (10 17) (9 17) (8 17) (8 16) (7 16) (7 17) (6 17) (5 17) (4 17) (3 17) (2 17) (2 18) (2 19) (3 19) 
Length: 14, 4
Vision: 3
Hungry, suplies: 6/10
Reproductive: 16, mutating: 0.25
Generation: 21317
####################################
Wall (up, right, down, left):
[8, -8, -26, -4] [-2, -1, 0, 3] [-6, 1, 3, -10] [14, 12, -2, 5] [-11, 20, 17, -15] [-6, 4, 3, -14] [-28, -13, -2, -6]
[9, -3, 7, -11] [3, 8, 7, -2] [-8, 6, 1, 0] [-23, 9, 2, 13] [27, 6, 0, -5] [-12, -2, 6, 7] [-18, -11, 17, -2]
[-3, 8, 22, -3] [7, 12, -1, 17] [-9, -4, 28, -7] [-50, 23, 35, 30] [-44, -21, -26, 11] [-7, -23, 2, 34] [-10, -8, 7, -3]
[-4, -3, -2, -24] [5, 7, 16, -13] [3, 23, 16, -90] [0, 0, 0, 0] [20, -78, 8, 5] [23, -5, -11, 16] [9, -13, 10, 3]
[-25, -11, -8, -14] [8, 21, -6, 7] [-4, 13, -15, -1] [16, 10, -51, 18] [-1, 2, -10, 36] [11, 12, -15, 18] [-6, -17, 11, 1]
[14, 20, -9, 7] [-7, -4, -8, -18] [6, 2, 7, -7] [4, -6, -21, 8] [11, 2, -8, 11] [28, -2, -1, -6] [17, 11, 1, 15]
[-7, -15, -10, -15] [11, -9, -12, -12] [-19, -3, 8, -5] [-6, 21, -12, -7] [21, 19, 4, 0] [25, -6, -13, 4] [15, 6, -6, -11]
Food (up, right, down, left):
[34, 4, -4, 23] [-11, 9, -13, -13] [12, -6, -23, 0] [-5, -9, 26, 1] [-14, 13, 1, 21] [5, -17, 0, -5] [-22, 13, -5, -25]
[-36, -10, -9, -14] [-3, -13, 6, 3] [1, 11, 4, 31] [-14, 15, -21, 22] [7, -2, 10, -31] [18, -13, -16, 20] [-3, -15, -11, -2]
[-17, 18, 5, -22] [-11, -3, -1, 7] [-32, -31, -24, 4] [29, -22, 10, -17] [-14, -14, 4, -13] [6, 4, -13, -15] [-4, 12, 17, 12]
[3, -1, 19, 20] [-28, -9, -24, 19] [-8, 14, -14, -15] [0, 0, 0, 0] [-34, 26, -12, 6] [-14, 2, -24, 3] [12, 6, -1, -6]
[9, 10, -1, 16] [5, 3, 11, 3] [7, -10, 28, 6] [-10, -13, 22, -13] [-8, -10, 14, -23] [-10, 28, 15, 6] [3, 6, 5, -41]
[11, -6, 9, -8] [16, -9, 25, 15] [0, 6, -4, 11] [-14, -17, 9, -32] [-15, -9, -7, -15] [-9, 16, -18, 15] [8, 34, -12, -1]
[-10, -4, -16, -10] [10, -2, 9, -12] [5, 11, 3, -4] [-6, -10, 29, -31] [30, 23, -4, 0] [5, 21, 10, 15] [8, -19, 15, -6]
------------------------------
ALIVE
Head: (20 18)
Body: (20 18) (20 19) (21 19) (21 20) (20 20) (19 20) (18 20) (17 20) (16 20) (16 19) 
Length: 10, 4
Vision: 3
Hungry, suplies: 9/10
Reproductive: 16, mutating: 0.25
Generation: 21321
####################################
Wall (up, right, down, left):
[8, -8, -26, -4] [-2, -1, 0, 3] [-6, 1, 3, -10] [14, 12, -2, 5] [-11, 20, 17, -15] [-6, 4, 3, -14] [-28, -13, -2, -6]
[9, -3, 7, -11] [3, 8, 7, -2] [-8, 6, 1, 0] [-23, 9, 2, 13] [27, 6, 0, -5] [-12, -2, 6, 7] [-18, -11, 17, -2]
[-3, 8, 22, -3] [7, 12, -1, 17] [-9, -4, 28, -7] [-50, 23, 35, 30] [-44, -21, -26, 11] [-7, -23, 2, 34] [-10, -8, 7, -3]
[-4, -3, -2, -24] [5, 7, 16, -13] [3, 23, 16, -90] [0, 0, 0, 0] [20, -78, 8, 5] [23, -5, -11, 16] [9, -13, 10, 3]
[-25, -11, -8, -14] [8, 21, -6, 7] [-4, 13, -15, -1] [16, 10, -51, 18] [-1, 2, -10, 36] [11, 12, -15, 18] [-6, -17, 11, 1]
[14, 20, -9, 7] [-7, -4, -8, -18] [6, 2, 7, -7] [4, -6, -21, 8] [11, 2, -8, 11] [28, -2, -1, -6] [17, 11, 1, 15]
[-7, -15, -10, -15] [11, -9, -12, -12] [-19, -3, 8, -5] [-6, 21, -12, -8] [21, 19, 4, 0] [25, -6, -13, 4] [15, 6, -6, -11]
Food (up, right, down, left):
[34, 4, -4, 23] [-11, 9, -13, -13] [12, -6, -23, 0] [-5, -9, 26, 1] [-14, 13, 1, 21] [5, -17, 0, -5] [-22, 13, -5, -25]
[-36, -10, -9, -14] [-3, -13, 6, 3] [1, 11, 4, 31] [-14, 15, -21, 22] [7, -2, 10, -31] [18, -13, -16, 20] [-3, -15, -11, -2]
[-17, 18, 5, -22] [-11, -3, -1, 7] [-32, -31, -24, 4] [29, -22, 10, -17] [-14, -14, 4, -13] [6, 4, -13, -15] [-4, 12, 17, 12]
[3, -1, 19, 20] [-28, -9, -24, 19] [-8, 14, -14, -15] [0, 0, 0, 0] [-34, 26, -12, 6] [-14, 2, -24, 3] [12, 6, -1, -6]
[9, 10, -1, 16] [5, 3, 11, 3] [7, -10, 28, 6] [-10, -13, 22, -13] [-8, -10, 14, -23] [-10, 28, 15, 6] [3, 6, 5, -41]
[11, -6, 9, -8] [19, -9, 25, 15] [0, 6, -4, 11] [-14, -17, 9, -32] [-15, -9, -7, -15] [-9, 16, -18, 15] [8, 34, -12, -1]
[-10, -4, -16, -10] [10, -2, 9, -12] [5, 11, 3, -4] [-6, -9, 29, -31] [30, 23, -4, 0] [5, 21, 10, 15] [8, -19, 15, -6]
------------------------------
ALIVE
Head: (24 20)
Body: (24 20) (24 19) (24 18) (-1 17) (0 17) (25 16) (24 16) (23 16) (23 15) (23 14) (23 13) 
Length: 11, 4
Vision: 3
Hungry, suplies: 10/10
Reproductive: 16, mutating: 0.25
Generation: 21322
####################################
Wall (up, right, down, left):
[8, -8, -30, -4] [-2, -1, 0, 3] [-6, 1, 3, -10] [14, 12, -2, 5] [-11, 20, 17, -15] [-6, 4, 3, -14] [-28, -13, 0, -6]
[9, -3, 7, -11] [3, 8, 10, -2] [-8, 6, 1, 0] [-23, 9, 2, 13] [27, 6, 0, -5] [-12, -2, 6, 7] [-18, -11, 17, -2]
[-3, 8, 22, -3] [7, 12, -1, 17] [-9, -4, 28, -7] [-50, 23, 35, 30] [-44, -21, -26, 11] [-7, -23, 2, 34] [-10, -8, 7, -3]
[-4, -3, -2, -24] [5, 7, 16, -13] [3, 22, 16, -90] [0, 0, 0, 0] [20, -78, 8, 5] [23, -5, -11, 16] [9, -18, 10, 3]
[-25, -11, -13, -14] [8, 25, -6, 7] [-4, 13, -15, -1] [16, 10, -51, 18] [-1, 2, -10, 36] [11, 12, -15, 18] [-6, -17, 11, 1]
[14, 20, -9, 7] [-7, -4, -8, -18] [6, 2, 7, -7] [4, -6, -21, 8] [11, 2, -8, 11] [28, -2, -1, -6] [17, 11, 1, 15]
[-7, -15, -10, -15] [11, -9, -12, -12] [-19, -3, 8, -5] [-6, 21, -12, -7] [21, 19, 4, 0] [25, -6, -13, 4] [15, 6, -6, -11]
Food (up, right, down, left):
[34, 4, -4, 18] [-11, 9, -13, -13] [12, -6, -23, 0] [-9, -9, 26, 1] [-14, 13, 1, 21] [5, -17, 0, -5] [-22, 10, -5, -25]
[-36, -10, -9, -14] [-3, -13, 6, 0] [1, 11, 4, 31] [-14, 15, -21, 22] [7, -2, 10, -31] [18, -13, -16, 20] [-3, -15, -11, -2]
[-17, 18, 5, -22] [-11, -3, -1, 7] [-32, -31, -24, 4] [29, -22, 10, -17] [-14, -14, 4, -13] [6, 4, -13, -15] [-4, 12, 17, 12]
[3, -1, 19, 20] [-28, -9, -24, 19] [-10, 14, -14, -15] [0, 0, 0, 0] [-34, 26, -12, 6] [-14, 2, -24, 3] [12, 6, 1, -6]
[9, 10, 7, 16] [5, 3, 16, 3] [7, -10, 28, 6] [-10, -13, 22, -13] [-8, -10, 14, -23] [-10, 28, 15, 6] [3, 6, 5, -41]
[11, -6, 9, -8] [19, -9, 25, 15] [0, 6, -4, 11] [-14, -17, 9, -32] [-15, -9, -7, -13] [-9, 16, -18, 15] [8, 34, -12, -1]
[-10, -4, -16, -10] [10, -2, 9, -12] [5, 11, 3, -4] [-6, -10, 29, -31] [30, 23, -4, 0] [5, 21, 10, 15] [8, -19, 15, -6]
------------------------------
ALIVE
Head: (1 10)
Body: (1 10) (0 10) (25 9) (24 9) (23 9) (23 8) (23 7) (23 6) (-1 6) (0 6) (25 5) (24 5) (23 5) (23 4) (23 3) 
Length: 15, 4
Vision: 3
Hungry, suplies: 7/10
Reproductive: 16, mutating: 0.25
Generation: 21326
####################################
Wall (up, right, down, left):
[8, -8, -30, -4] [-2, -1, 0, 3] [-6, 1, 3, -10] [14, 12, -2, 5] [-11, 20, 19, -15] [-6, 4, 3, -14] [-28, -13, 0, -6]
[9, -3, 7, -11] [3, 8, 10, -2] [-8, 6, 1, 0] [-23, 9, 2, 13] [27, 6, 0, -5] [-12, -2, 6, 7] [-18, -11, 17, -2]
[-3, 8, 22, -3] [7, 12, -1, 17] [-9, -4, 28, -7] [-50, 23, 35, 30] [-44, -21, -26, 11] [-7, -23, 2, 34] [-10, -8, 7, -3]
[-4, -3, -2, -24] [5, 7, 16, -13] [3, 23, 16, -90] [0, 0, 0, 0] [20, -78, 8, 5] [23, -5, -11, 16] [9, -18, 10, 3]
[-25, -11, -13, -14] [8, 25, -6, 7] [-4, 13, -15, -1] [16, 10, -51, 18] [-1, 2, -10, 36] [11, 12, -15, 18] [-6, -17, 11, 1]
[14, 20, -9, 7] [-7, -4, -8, -18] [6, 2, 7, -7] [4, -6, -21, 8] [11, 2, -8, 11] [28, -2, -1, -6] [17, 11, 1, 15]
[-7, -15, -10, -15] [11, -9, -12, -12] [-19, -3, 8, -5] [-6, 21, -12, -7] [21, 19, 4, 0] [25, -6, -13, 4] [15, 6, -6, -11]
Food (up, right, down, left):
[34, 4, -4, 18] [-11, 9, -13, -13] [12, -6, -23, 0] [-9, -9, 26, 1] [-14, 13, 1, 21] [5, -17, 0, -5] [-22, 10, -5, -25]
[-36, -10, -9, -14] [-3, -13, 6, 0] [1, 11, 4, 31] [-14, 15, -21, 22] [7, -2, 10, -31] [18, -13, -16, 20] [-3, -15, -11, -2]
[-17, 18, 5, -22] [-11, -3, -1, 7] [-32, -31, -24, 4] [29, -22, 10, -17] [-14, -14, 4, -13] [6, 4, -13, -15] [-4, 12, 17, 12]
[3, -1, 19, 20] [-28, -9, -24, 19] [-8, 14, -14, -15] [0, 0, 0, 0] [-34, 26, -12, 6] [-14, 2, -24, 3] [12, 6, 1, -6]
[9, 10, 7, 16] [5, 3, 16, 3] [7, -10, 28, 6] [-10, -13, 22, -13] [-8, -10, 14, -23] [-10, 28, 15, 6] [3, 6, 5, -41]
[11, -6, 9, -8] [19, -9, 25, 15] [0, 6, -4, 11] [-14, -17, 9, -32] [-15, -9, -7, -13] [-9, 16, -18, 15] [8, 34, -12, -1]
[-10, -4, -16, -10] [10, -2, 9, -12] [5, 11, 3, -4] [-6, -10, 29, -31] [30, 23, -4, 0] [5, 21, 10, 15] [8, -19, 15, -6]
------------------------------
ALIVE
Head: (5 50)
Body: (5 50) (6 50) (7 50) (7 49) (6 49) (5 49) (5 48) (5 47) (5 46) (4 46) (3 46) (3 47) (2 47) (2 48) 
Length: 14, 4
Vision: 3
Hungry, suplies: 7/10
Reproductive: 16, mutating: 0.25
Generation: 21323
####################################
Wall (up, right, down, left):
[8, -8, -26, -4] [-2, -1, 0, 3] [-6, 1, 3, -10] [14, 12, -2, 5] [-11, 20, 17, -15] [-6, 4, 3, -14] [-28, -13, -2, -6]
[9, -3, 7, -11] [3, 8, 7, -2] [-8, 6, 1, 0] [-23, 9, 2, 13] [27, 6, 0, -5] [-12, -2, 6, 7] [-18, -11, 17, -2]
[-3, 8, 22, -3] [7, 12, -1, 17] [-9, -4, 28, -7] [-50, 23, 35, 30] [-44, -21, -26, 11] [-7, -23, 2, 34] [-10, -8, 7, -3]
[-4, -3, -2, -24] [5, 7, 16, -13] [3, 23, 16, -87] [0, 0, 0, 0] [20, -78, 8, 5] [23, -5, -11, 16] [9, -13, 10, 3]
[-25, -11, -8, -14] [8, 21, -6, 12] [-4, 13, -15, -1] [16, 10, -51, 18] [-1, 2, -10, 36] [11, 12, -15, 18] [-6, -17, 11, 1]
[14, 20, -9, 7] [-7, -4, -8, -18] [6, 2, 7, -7] [4, -6, -21, 8] [11, 2, -8, 11] [28, -2, -1, -6] [17, 11, 1, 15]
[-7, -15, -10, -15] [11, -9, -12, -12] [-19, -3, 8, -5] [-6, 21, -12, -7] [21, 19, 4, 0] [25, -6, -13, 4] [15, 6, -6, -11]
Food (up, right, down, left):
[34, 4, -4, 23] [-11, 9, -13, -13] [12, -6, -23, 0] [-5, -9, 26, 1] [-14, 13, 1, 21] [5, -17, 0, -5] [-22, 13, -5, -25]
[-36, -10, -9, -14] [-3, -13, 6, 3] [1, 11, 4, 31] [-14, 15, -21, 22] [7, -2, 10, -31] [18, -13, -16, 20] [-3, -15, -11, -2]
[-17, 18, 5, -22] [-11, -3, -1, 7] [-32, -31, -24, 4] [29, -22, 10, -17] [-14, -14, 4, -13] [6, 4, -13, -15] [-4, 12, 17, 12]
[3, -1, 19, 20] [-28, -9, -24, 19] [-3, 14, -14, -15] [0, 0, 0, 0] [-34, 26, -12, 6] [-14, 2, -24, 3] [12, 6, -1, -6]
[9, 10, -1, 16] [9, 3, 11, 3] [7, -10, 28, 6] [-10, -13, 22, -13] [-8, -10, 14, -23] [-10, 28, 15, 6] [3, 6, 5, -41]
[11, -6, 9, -8] [19, -9, 25, 15] [0, 6, -4, 11] [-14, -17, 9, -32] [-15, -9, -7, -15] [-9, 16, -18, 15] [8, 34, -12, -1]
[-10, -4, -16, -10] [10, -2, 9, -12] [5, 11, 3, -4] [-6, -10, 29, -31] [30, 23, -4, 0] [5, 21, 10, 15] [8, -19, 15, -6]
------------------------------
ALIVE
Head: (6 13)
Body: (6 13) (6 12) (6 11) (6 10) (6 9) (6 8) (5 8) (5 7) (4 7) (4 8) (3 8) 
Length: 11, 4
Vision: 3
Hungry, suplies: 8/10
Reproductive: 16, mutating: 0.25
Generation: 21318
####################################
Wall (up, right, down, left):
[8, -8, -26, -4] [-2, -1, 0, 3] [-6, 1, 3, -10] [14, 12, -2, 5] [-11, 20, 17, -15] [-6, 4, 3, -14] [-28, -13, -2, -6]
[9, -3, 7, -11] [3, 8, 7, -2] [-8, 6, 1, 0] [-23, 9, 2, 13] [27, 6, 0, -5] [-12, -2, 6, 7] [-18, -11, 17, -2]
[-3, 8, 22, -3] [7, 12, -1, 17] [-9, -4, 28, -7] [-50, 23, 35, 30] [-40, -21, -26, 11] [-7, -23, 2, 34] [-10, -8, 7, -3]
[-4, -3, -2, -24] [5, 7, 16, -13] [3, 23, 16, -87] [0, 0, 0, 0] [20, -78, 8, 5] [23, -5, -11, 16] [9, -13, 10, 3]
[-25, -11, -8, -14] [8, 21, -6, 12] [-4, 13, -15, -1] [16, 10, -51, 18] [-1, 2, -10, 36] [11, 12, -15, 18] [-6, -17, 11, 1]
[14, 20, -9, 7] [-7, -4, -8, -18] [6, 2, 7, -7] [4, -6, -21, 8] [11, 2, -8, 11] [28, -2, -1, -6] [17, 11, 1, 15]
[-7, -15, -10, -15] [11, -9, -12, -12] [-19, -3, 8, -5] [-6, 21, -12, -7] [21, 19, 4, 0] [25, -6, -13, 4] [15, 6, -6, -11]
Food (up, right, down, left):
[34, 4, -4, 23] [-11, 9, -13, -13] [12, -6, -23, 0] [-5, -9, 26, 1] [-14, 13, 1, 21] [5, -17, 0, -5] [-22, 13, -5, -25]
[-36, -10, -9, -14] [-3, -13, 6, 3] [1, 11, 4, 31] [-14, 15, -21, 22] [7, -2, 10, -31] [18, -13, -16, 20] [-3, -15, -11, -2]
[-17, 18, 5, -22] [-11, -3, -1, 7] [-32, -31, -24, 4] [29, -22, 10, -17] [-18, -14, 4, -13] [6, 4, -13, -15] [-4, 12, 17, 12]
[3, -1, 19, 20] [-28, -9, -24, 19] [-3, 14, -14, -15] [0, 0, 0, 0] [-34, 26, -12, 6] [-14, 2, -24, 3] [12, 6, -1, -6]
[9, 10, -1, 16] [9, 3, 11, 3] [7, -10, 28, 6] [-10, -13, 22, -13] [-8, -10, 14, -23] [-10, 28, 15, 6] [3, 6, 5, -41]
[11, -6, 9, -8] [19, -9, 25, 15] [0, 6, -4, 11] [-14, -17, 9, -32] [-15, -9, -7, -15] [-9, 16, -18, 15] [8, 34, -12, -1]
[-10, -4, -16, -10] [10, -2, 9, -12] [5, 11, 3, -4] [-6, -10, 29, -31] [30, 23, -4, 0] [5, 21, 10, 15] [8, -19, 15, -6]
------------------------------
ALIVE
Head: (1 25)
Body: (1 25) (0 25) (25 24) (24 24) (23 24) (23 23) (22 23) (22 24) (21 24) (21 23) (21 22) (22 22) (23 22) 
Length: 13, 4
Vision: 3
Hungry, suplies: 9/10
Reproductive: 16, mutating: 0.25
Generation: 21318
####################################
Wall (up, right, down, left):
[8, -8, -26, -4] [-2, -1, 0, 3] [-6, 3, 3, -10] [14, 12, -2, 5] [-11, 20, 17, -15] [-6, 4, 3, -14] [-28, -13, -2, -6]
[9, -3, 7, -11] [3, 8, 7, -2] [-8, 6, 1, 0] [-23, 9, 2, 13] [27, 6, 0, -5] [-12, -2, 6, 7] [-18, -11, 17, -2]
[-3, 8, 22, -3] [7, 12, -1, 17] [-9, -4, 28, -7] [-50, 23, 35, 30] [-44, -21, -26, 11] [-7, -23, 2, 34] [-10, -8, 7, -3]
[-4, -3, -2, -24] [5, 7, 16, -13] [3, 23, 16, -87] [0, 0, 0, 0] [20, -78, 8, 5] [23, -5, -11, 16] [9, -13, 10, 3]
[-25, -11, -8, -14] [8, 21, -6, 12] [-4, 13, -15, -1] [16, 10, -51, 18] [-1, 2, -10, 36] [11, 12, -15, 18] [-6, -17, 11, 1]
[14, 20, -9, 7] [-7, -4, -8, -18] [6, 2, 7, -7] [4, -6, -21, 8] [11, 2, -8, 11] [28, -2, -1, -6] [17, 11, 1, 15]
[-7, -15, -10, -15] [11, -9, -12, -12] [-19, -3, 8, -5] [-6, 21, -12, -7] [21, 19, 4, 0] [25, -6, -13, 4] [15, 6, -1, -11]
Food (up, right, down, left):
[34, 4, -4, 23] [-11, 9, -13, -13] [12, -6, -20, 0] [-5, -9, 26, 1] [-14, 13, 1, 21] [5, -17, 0, -5] [-22, 13, -5, -25]
[-36, -10, -9, -14] [-3, -13, 6, 3] [1, 11, 4, 31] [-14, 15, -21, 22] [7, -2, 10, -31] [18, -13, -16, 20] [-3, -15, -11, -2]
[-17, 18, 5, -22] [-11, -3, -1, 7] [-32, -31, -24, 4] [29, -22, 10, -17] [-14, -14, 4, -13] [6, 4, -13, -15] [-4, 12, 17, 12]
[3, -1, 19, 20] [-28, -9, -24, 19] [-3, 14, -14, -15] [0, 0, 0, 0] [-34, 26, -12, 6] [-14, 2, -24, 3] [12, 6, -1, -6]
[9, 10, -1, 16] [9, 3, 11, 3] [7, -10, 28, 6] [-10, -13, 22, -13] [-8, -10, 14, -23] [-10, 28, 15, 6] [3, 6, 5, -41]
[11, -6, 9, -8] [19, -9, 25, 15] [0, 6, -4, 11] [-14, -17, 9, -32] [-15, -9, -7, -15] [-9, 16, -18, 15] [8, 34, -12, -1]
[-10, -4, -16, -10] [10, -2, 9, -12] [5, 11, 3, -4] [-6, -10, 29, -31] [30, 23, -4, 0] [5, 21, 10, 15] [12, -19, 15, -6]
------------------------------
ALIVE
Head: (9 25)
Body: (9 25) (9 26) (8 26) (8 25) (7 25) (7 24) (7 23) (7 22) (7 21) (7 20) 
Length: 10, 4
Vision: 3
Hungry, suplies: 8/10
Reproductive: 16, mutating: 0.25
Generation: 21319
####################################
Wall (up, right, down, left):
[8, -8, -26, -4] [-2, -1, 0, 3] [-6, 1, 3, -10] [14, 12, -2, 5] [-11, 20, 17, -15] [-6, 4, 3, -14] [-28, -13, -2, -6]
[9, -3, 7, -11] [3, 8, 7, -2] [-8, 6, 1, 0] [-23, 9, 2, 13] [27, 6, 0, -5] [-12, -2, 6, 7] [-18, -11, 17, -2]
[-3, 8, 22, -3] [10, 12, -1, 17] [-9, -1, 28, -7] [-50, 23, 35, 30] [-44, -21, -26, 11] [-7, -23, 2, 34] [-10, -8, 7, -3]
[-4, -3, -2, -24] [5, 7, 16, -13] [3, 23, 16, -87] [0, 0, 0, 0] [20, -78, 8, 5] [23, -5, -11, 16] [9, -13, 10, 3]
[-25, -11, -8, -14] [8, 21, -6, 12] [-4, 13, -15, -1] [16, 10, -51, 18] [-1, 2, -10, 36] [16, 12, -15, 18] [-6, -17, 11, 1]
[14, 20, -9, 7] [-7, -4, -8, -18] [6, 2, 7, -7] [4, -6, -17, 8] [11, 2, -8, 11] [28, -2, -1, -6] [17, 11, 1, 15]
[-7, -15, -10, -15] [11, -9, -12, -12] [-19, -3, 8, -5] [-6, 21, -12, -7] [21, 19, 4, 0] [25, -6, -13, 4] [15, 6, -6, -11]
Food (up, right, down, left):
[34, 4, -4, 23] [-11, 9, -13, -13] [12, -6, -23, 0] [-5, -9, 26, 1] [-14, 13, 1, 21] [5, -17, 0, -5] [-22, 13, -5, -25]
[-36, -10, -9, -14] [-3, -13, 6, 3] [1, 11, 4, 31] [-14, 15, -21, 22] [7, -2, 10, -31] [18, -13, -16, 20] [-3, -15, -11, -2]
[-17, 18, 5, -22] [-11, -7, -1, 7] [-32, -31, -19, 4] [29, -22, 10, -17] [-14, -14, 4, -13] [6, 4, -13, -15] [-4, 12, 17, 12]
[3, -1, 19, 20] [-28, -9, -24, 19] [-3, 14, -14, -15] [0, 0, 0, 0] [-34, 26, -12, 6] [-14, 2, -24, 3] [12, 6, -1, -6]
[9, 10, -1, 16] [9, 3, 11, 3] [7, -10, 28, 6] [-10, -13, 22, -13] [-8, -10, 14, -23] [-10, 31, 15, 6] [3, 6, 5, -41]
[11, -6, 9, -8] [19, -9, 25, 15] [0, 6, -4, 11] [-14, -17, 9, -32] [-15, -9, -7, -15] [-9, 16, -18, 15] [8, 34, -12, -1]
[-10, -4, -16, -10] [10, -2, 9, -12] [5, 11, 3, -4] [-6, -10, 29, -31] [30, 23, -4, 0] [5, 21, 10, 15] [8, -19, 15, -6]
------------------------------
ALIVE
Head: (12 15)
Body: (12 15) (12 14) (11 14) (10 14) (9 14) (8 14) (7 14) (6 14) (5 14) (5 13) (5 12) (4 12) 
Length: 12, 4
Vision: 3
Hungry, suplies: 8/10
Reproductive: 16, mutating: 0.25
Generation: 21320
####################################
Wall (up, right, down, left):
[8, -8, -30, -4] [-2, -1, 0, 3] [-6, 1, 3, -10] [14, 12, -2, 5] [-11, 20, 17, -15] [-6, 4, 3, -14] [-28, -13, 0, -6]
[9, -3, 7, -11] [3, 8, 10, -2] [-8, 6, 1, 0] [-23, 9, 2, 13] [27, 6, 0, -5] [-12, -2, 6, 7] [-18, -11, 17, -2]
[-3, 8, 26, -3] [7, 12, -1, 17] [-9, -4, 28, -7] [-50, 23, 35, 30] [-44, -21, -26, 11] [-7, -23, 2, 34] [-10, -8, 7, -3]
[-4, -3, -2, -24] [5, 7, 16, -13] [3, 23, 16, -90] [0, 0, 0, 0] [20, -78, 8, 5] [23, -5, -11, 16] [9, -13, 10, 3]
[-25, -11, -13, -14] [8, 21, -6, 7] [-4, 13, -15, -1] [16, 10, -51, 18] [-1, 2, -10, 36] [11, 12, -15, 18] [-6, -17, 11, 1]
[14, 20, -9, 7] [-7, -4, -8, -18] [6, 2, 7, -6] [4, -6, -21, 8] [11, 2, -8, 11] [28, -2, -1, -6] [17, 11, 1, 15]
[-7, -15, -10, -15] [11, -9, -12, -12] [-19, -3, 8, -5] [-6, 21, -12, -7] [21, 19, 4, 0] [22, -6, -13, 4] [15, 6, -6, -11]
Food (up, right, down, left):
[34, 4, -4, 18] [-11, 9, -13, -13] [12, -6, -23, 0] [-9, -9, 26, 1] [-14, 13, 1, 21] [5, -17, 0, -5] [-22, 10, -5, -25]
[-36, -10, -9, -14] [-3, -13, 6, 0] [1, 11, 4, 31] [-14, 15, -21, 22] [7, -2, 10, -31] [18, -13, -16, 20] [-3, -15, -11, -2]
[-17, 16, 5, -22] [-11, -3, -1, 7] [-32, -31, -24, 4] [29, -22, 10, -17] [-14, -14, 4, -13] [6, 4, -13, -15] [-4, 12, 17, 12]
[3, -1, 19, 20] [-28, -9, -24, 19] [-8, 14, -14, -15] [0, 0, 0, 0] [-34, 26, -12, 6] [-14, 2, -24, 3] [12, 6, -1, -6]
[9, 10, 7, 16] [5, 3, 11, 3] [7, -10, 28, 6] [-10, -13, 22, -13] [-8, -10, 14, -23] [-10, 28, 15, 6] [3, 6, 5, -41]
[11, -6, 9, -8] [19, -9, 25, 15] [0, 6, -6, 11] [-14, -17, 9, -32] [-15, -9, -7, -13] [-9, 16, -18, 15] [8, 34, -12, -1]
[-10, -4, -16, -10] [10, -2, 9, -12] [5, 11, 3, -4] [-6, -10, 29, -31] [30, 23, -4, 0] [5, 21, 10, 11] [8, -19, 15, -6]
------------------------------
ALIVE
Head: (10 28)
Body: (10 28) (10 27) (10 26) (10 25) (10 24) (10 23) (9 23) (8 23) (8 22) (8 21) (9 21) (10 21) 
Length: 12, 4
Vision: 3
Hungry, suplies: 4/10
Reproductive: 16, mutating: 0.25
Generation: 21329
####################################
Wall (up, right, down, left):
[8, -8, -26, -4] [-2, -1, 0, 3] [-6, 1, 3, -10] [14, 12, -2, 5] [-11, 20, 17, -15] [-6, 4, 3, -14] [-28, -13, -2, -6]
[9, -3, 7, -11] [3, 8, 7, -2] [-8, 6, 6, 0] [-23, 9, 2, 13] [27, 6, 0, -5] [-12, -2, 6, 7] [-18, -11, 17, -2]
[-3, 8, 22, -3] [10, 12, -1, 17] [-9, -1, 28, -7] [-50, 23, 35, 30] [-44, -21, -26, 11] [-7, -23, 2, 34] [-10, -8, 7, -3]
[-4, -3, -2, -24] [5, 7, 16, -13] [3, 23, 16, -87] [0, 0, 0, 0] [20, -78, 8, 5] [23, -5, -11, 16] [9, -13, 10, 3]
[-25, -11, -8, -14] [8, 21, -6, 12] [-4, 13, -15, -1] [16, 10, -51, 18] [-1, 2, -10, 36] [11, 12, -15, 18] [-6, -17, 11, 1]
[14, 20, -9, 7] [-7, -4, -8, -18] [6, 2, 7, -7] [4, -6, -17, 8] [11, 2, -8, 11] [28, -2, -1, -6] [17, 11, 1, 15]
[-7, -15, -10, -15] [11, -9, -12, -12] [-19, -3, 8, -5] [-6, 21, -12, -7] [21, 19, 4, 0] [25, -6, -13, 4] [15, 6, -6, -11]
Food (up, right, down, left):
[34, 4, -4, 23] [-11, 9, -13, -13] [12, -6, -23, 0] [-5, -9, 26, 1] [-14, 13, 1, 21] [5, -17, 0, -5] [-22, 13, -5, -25]
[-36, -10, -9, -14] [-3, -13, 6, 3] [1, 14, 4, 31] [-14, 15, -21, 22] [7, -2, 10, -31] [18, -13, -16, 20] [-3, -15, -11, -2]
[-17, 18, 5, -22] [-11, -7, -1, 7] [-32, -31, -19, 4] [29, -22, 10, -17] [-14, -14, 4, -13] [6, 4, -13, -15] [-4, 12, 17, 12]
[3, -1, 19, 20] [-28, -9, -24, 19] [-3, 14, -14, -15] [0, 0, 0, 0] [-34, 26, -12, 6] [-14, 2, -24, 3] [12, 6, -1, -6]
[9, 10, -1, 16] [9, 3, 11, 3] [7, -10, 28, 6] [-10, -13, 22, -13] [-8, -10, 14, -23] [-10, 28, 15, 6] [3, 6, 5, -41]
[11, -6, 9, -8] [19, -9, 25, 15] [0, 6, -4, 11] [-14, -17, 9, -32] [-15, -9, -7, -15] [-9, 16, -18, 15] [8, 34, -12, -1]
[-10, -4, -16, -10] [10, -2, 9, -12] [5, 11, 3, -4] [-6, -10, 29, -31] [30, 23, -4, 0] [5, 21, 10, 15] [8, -19, 15, -6]
------------------------------
ALIVE
Head: (23 0)
Body: (23 0) (-1 0) (0 0) (0 1) (0 2) (1 2) (2 2) (2 1) (3 1) (4 1) (4 0) (5 0) 
Length: 12, 4
Vision: 3
Hungry, suplies: 10/10
Reproductive: 16, mutating: 0.25
Generation: 21321
####################################
Wall (up, right, down, left):
[8, -8, -30, -4] [-2, -1, 0, 3] [-6, 1, 3, -10] [14, 12, -2, 5] [-11, 20, 19, -15] [-6, 4, 3, -14] [-28, -13, 0, -6]
[9, -3, 7, -11] [3, 8, 10, -2] [-8, 6, 1, 0] [-23, 9, 2, 13] [27, 6, 0, -5] [-12, -2, 6, 7] [-18, -11, 17, -2]
[-3, 8, 22, -3] [7, 12, -1, 17] [-9, -4, 28, -7] [-50, 23, 35, 30] [-44, -21, -26, 11] [-7, -23, 2, 34] [-10, -8, 7, -3]
[-4, -3, -2, -24] [5, 7, 16, -13] [3, 23, 16, -90] [0, 0, 0, 0] [20, -78, 8, 5] [23, -5, -11, 16] [9, -18, 10, 3]
[-25, -11, -13, -14] [8, 25, -6, 7] [-4, 13, -15, -1] [16, 10, -51, 18] [-1, 2, -10, 36] [11, 12, -15, 18] [-6, -17, 11, 1]
[14, 20, -9, 7] [-7, -4, -8, -18] [6, 2, 7, -7] [4, -6, -21, 8] [11, 2, -8, 11] [28, -2, -1, -6] [17, 11, 1, 15]
[-7, -15, -10, -15] [11, -9, -12, -12] [-19, -3, 8, -5] [-6, 21, -12, -7] [21, 19, 4, 0] [25, -6, -13, 4] [15, 6, -6, -11]
Food (up, right, down, left):
[34, 4, -4, 18] [-11, 9, -13, -13] [12, -6, -23, 0] [-9, -9, 26, 1] [-14, 13, 1, 21] [5, -17, 0, -5] [-22, 10, -5, -25]
[-36, -10, -9, -14] [-3, -13, 6, 0] [1, 11, 4, 31] [-14, 15, -21, 22] [7, -2, 10, -31] [18, -13, -16, 20] [-3, -15, -11, -2]
[-17, 18, 5, -22] [-11, -3, -1, 7] [-32, -31, -24, 4] [29, -22, 10, -17] [-14, -14, 4, -13] [6, 4, -13, -15] [-4, 12, 17, 12]
[3, -1, 19, 20] [-28, -9, -24, 19] [-8, 14, -14, -15] [0, 0, 0, 0] [-34, 26, -12, 6] [-14, 2, -24, 3] [12, 6, 1, -6]
[9, 10, 7, 16] [5, 3, 16, 3] [7, -10, 28, 6] [-10, -13, 22, -13] [-8, -10, 14, -23] [-10, 28, 15, 6] [3, 6, 5, -41]
[11, -6, 9, -8] [19, -9, 25, 15] [0, 6, -4, 11] [-14, -17, 9, -32] [-15, -9, -7, -13] [-9, 16, -18, 15] [8, 34, -12, -1]
[-10, -4, -16, -10] [10, -2, 9, -12] [5, 11, 3, -4] [-6, -10, 29, -31] [30, 23, -4, 0] [5, 21, 10, 15] [8, -19, 15, -6]
------------------------------
ALIVE
Head: (24 40)
Body: (24 40) (23 40) (23 39) (22 39) (21 39) (21 38) 
Length: 6, 4
Vision: 3
Hungry, suplies: 7/10
Reproductive: 16, mutating: 0.25
Generation: 21325
####################################
Wall (up, right, down, left):
[8, -8, -30, -4] [-2, -1, 0, 3] [-6, 1, 3, -10] [14, 12, -2, 5] [-11, 20, 17, -15] [-6, 4, 3, -14] [-28, -13, 0, -6]
[9, -3, 3, -11] [3, 8, 10, -2] [-8, 6, 1, 0] [-23, 9, 2, 13] [27, 6, 0, -5] [-12, -2, 6, 7] [-18, -11, 17, -2]
[-3, 8, 22, -3] [7, 12, -1, 17] [-9, -4, 28, -7] [-50, 23, 35, 30] [-44, -21, -26, 11] [-7, -23, 2, 34] [-10, -8, 7, -3]
[-4, -3, -2, -24] [5, 7, 16, -13] [3, 23, 16, -90] [0, 0, 0, 0] [20, -78, 8, 5] [23, -5, -11, 16] [9, -18, 10, 3]
[-25, -11, -13, -14] [8, 25, -6, 7] [-4, 13, -15, -1] [16, 10, -51, 18] [-1, 2, -10, 36] [11, 12, -15, 18] [-6, -17, 11, 1]
[14, 20, -9, 7] [-7, -4, -8, -18] [6, 2, 7, -7] [4, -6, -21, 8] [11, 2, -8, 11] [28, -2, -1, -6] [17, 11, 1, 15]
[-7, -15, -10, -15] [11, -9, -12, -12] [-19, -3, 8, -5] [-6, 21, -12, -7] [21, 19, 4, 0] [25, -6, -13, 4] [15, 6, -6, -11]
Food (up, right, down, left):
[34, 4, -4, 18] [-11, 9, -13, -13] [12, -6, -23, 0] [-9, -9, 26, 1] [-14, 13, 1, 21] [5, -17, 0, -5] [-22, 10, -5, -25]
[-36, -10, -9, -15] [-3, -13, 6, 0] [1, 11, 4, 31] [-14, 15, -21, 22] [7, -2, 10, -31] [18, -13, -16, 20] [-3, -15, -11, -2]
[-17, 18, 5, -22] [-11, -3, -1, 7] [-32, -31, -24, 4] [29, -22, 10, -17] [-14, -14, 4, -13] [6, 4, -13, -15] [-4, 12, 17, 12]
[3, -1, 19, 20] [-28, -9, -24, 19] [-8, 14, -14, -15] [0, 0, 0, 0] [-34, 26, -12, 6] [-14, 2, -24, 3] [12, 6, 1, -6]
[9, 10, 7, 16] [5, 3, 16, 3] [7, -10, 28, 6] [-10, -13, 22, -13] [-8, -10, 14, -23] [-10, 28, 15, 6] [3, 6, 5, -41]
[11, -6, 9, -8] [19, -9, 25, 15] [0, 6, -4, 11] [-14, -17, 9, -32] [-15, -9, -7, -13] [-9, 16, -18, 15] [8, 34, -12, -1]
[-10, -4, -16, -10] [10, -2, 9, -12] [5, 11, 3, -4] [-6, -10, 29, -31] [30, 23, -4, 0] [5, 21, 10, 15] [8, -19, 15, -6]
------------------------------
ALIVE
Head: (21 50)
Body: (21 50) (20 50) (19 50) (19 49) (18 49) (17 49) (16 49) (16 50) (16 51) (15 51) (14 51) (14 50) (13 50) (13 49) 
Length: 14, 4
Vision: 3
Hungry, suplies: 6/10
Reproductive: 16, mutating: 0.25
Generation: 21327
####################################
Wall (up, right, down, left):
[8, -8, -26, -4] [-2, -1, 0, 3] [-6, 1, 3, -10] [14, 12, -2, 5] [-11, 20, 17, -15] [-6, 4, 3, -14] [-28, -13, -2, -6]
[9, -3, 7, -11] [3, 8, 7, -2] [-8, 6, 1, 0] [-23, 9, 2, 13] [27, 6, 0, -5] [-12, -2, 6, 7] [-18, -11, 17, -2]
[-3, 8, 22, -3] [7, 12, -1, 17] [-9, -4, 28, -7] [-50, 23, 35, 30] [-44, -21, -26, 11] [-7, -23, 2, 34] [-10, -8, 7, -3]
[-4, -3, -2, -24] [5, 7, 16, -13] [3, 23, 16, -90] [0, 0, 0, 0] [20, -78, 8, 5] [23, -5, -11, 16] [9, -13, 10, -2]
[-25, -11, -8, -14] [8, 21, -6, 7] [-4, 13, -15, -1] [16, 10, -51, 18] [-1, 2, -10, 36] [11, 12, -15, 18] [-6, -17, 11, 1]
[14, 20, -9, 7] [-7, -4, -8, -18] [6, 2, 7, -7] [4, -6, -21, 8] [11, 2, -8, 11] [28, -2, -1, -6] [17, 11, 1, 15]
[-7, -15, -10, -15] [11, -9, -12, -12] [-19, -3, 8, -5] [-6, 21, -12, -8] [21, 19, 4, 0] [25, -6, -13, 4] [15, 6, -6, -11]
Food (up, right, down, left):
[34, 4, -4, 23] [-11, 9, -13, -13] [12, -6, -23, 0] [-5, -9, 26, 1] [-14, 13, 1, 21] [5, -17, 0, -5] [-22, 13, -5, -25]
[-36, -10, -9, -14] [-3, -13, 6, 3] [1, 11, 4, 31] [-14, 15, -21, 22] [7, -2, 10, -31] [18, -13, -16, 20] [-3, -15, -11, -2]
[-17, 18, 5, -22] [-11, -3, -1, 7] [-32, -31, -24, 4] [29, -22, 10, -17] [-14, -14, 4, -13] [6, 4, -13, -15] [-4, 12, 17, 12]
[3, -1, 19, 20] [-28, -9, -24, 19] [-8, 14, -14, -15] [0, 0, 0, 0] [-34, 26, -12, 6] [-14, 2, -24, 3] [12, 7, -1, -6]
[9, 10, -1, 16] [5, 3, 11, 3] [7, -10, 28, 6] [-10, -13, 22, -13] [-8, -10, 14, -23] [-10, 28, 15, 6] [3, 6, 5, -41]
[11, -6, 9, -8] [19, -9, 25, 15] [0, 6, -4, 11] [-14, -17, 9, -32] [-15, -9, -7, -15] [-9, 16, -18, 15] [8, 34, -12, -1]
[-10, -4, -16, -10] [10, -2, 9, -12] [5, 11, 3, -4] [-6, -9, 29, -31] [30, 23, -4, 0] [5, 21, 10, 15] [8, -19, 15, -6]
------------------------------
ALIVE
Head: (20 14)
Body: (20 14) (20 13) (20 12) (20 11) (21 11) (21 10) (20 10) (20 9) (20 8) (21 8) 
Length: 10, 4
Vision: 3
Hungry, suplies: 5/10
Reproductive: 16, mutating: 0.25
Generation: 21323
####################################
Wall (up, right, down, left):
[8, -8, -30, -4] [-2, -1, 0, 3] [-6, 1, 3, -10] [14, 12, -2, 5] [-11, 20, 17, -15] [-6, 4, 3, -14] [-28, -13, 0, -6]
[9, -3, 7, -11] [3, 8, 10, -2] [-8, 6, 1, 0] [-23, 9, 2, 13] [27, 6, 0, -5] [-12, -2, 6, 7] [-18, -11, 17, -2]
[-3, 8, 22, -3] [7, 12, -1, 17] [-9, -4, 28, -7] [-50, 23, 35, 30] [-44, -21, -26, 11] [-7, -23, 2, 30] [-10, -8, 7, -3]
[-4, -3, -2, -24] [5, 7, 16, -13] [3, 23, 16, -90] [0, 0, 0, 0] [20, -78, 8, 5] [23, -5, -11, 16] [9, -18, 10, 3]
[-25, -11, -13, -14] [8, 25, -6, 7] [-4, 13, -15, -1] [16, 10, -51, 18] [-1, 2, -10, 36] [11, 12, -15, 18] [-6, -17, 11, 1]
[14, 20, -9, 7] [-7, -4, -8, -18] [6, 2, 7, -7] [4, -6, -21, 8] [11, 2, -8, 11] [28, -2, -1, -6] [17, 11, 1, 15]
[-7, -17, -10, -15] [11, -9, -12, -12] [-19, -3, 8, -5] [-6, 21, -12, -7] [21, 19, 4, 0] [25, -6, -13, 4] [15, 6, -6, -11]
Food (up, right, down, left):
[34, 4, -4, 18] [-11, 9, -13, -13] [12, -6, -23, 0] [-9, -9, 26, 1] [-14, 13, 1, 21] [5, -17, 0, -5] [-22, 10, -5, -25]
[-36, -10, -9, -14] [-3, -13, 6, 0] [1, 11, 4, 31] [-14, 15, -21, 22] [7, -2, 10, -31] [18, -13, -16, 20] [-3, -15, -11, -2]
[-17, 18, 5, -22] [-11, -3, -1, 7] [-32, -31, -24, 4] [29, -22, 10, -17] [-14, -14, 4, -13] [6, 4, -11, -15] [-4, 12, 17, 12]
[3, -1, 19, 20] [-28, -9, -24, 19] [-8, 14, -14, -15] [0, 0, 0, 0] [-34, 26, -12, 6] [-14, 2, -24, 3] [12, 6, 1, -6]
[9, 10, 7, 16] [5, 3, 16, 3] [7, -10, 28, 6] [-10, -13, 22, -13] [-8, -10, 14, -23] [-10, 28, 15, 6] [3, 6, 5, -41]
[11, -6, 9, -8] [19, -9, 25, 15] [0, 6, -4, 11] [-14, -17, 9, -32] [-15, -9, -7, -13] [-9, 16, -18, 15] [8, 34, -12, -1]
[-10, -4, -14, -10] [10, -2, 9, -12] [5, 11, 3, -4] [-6, -10, 29, -31] [30, 23, -4, 0] [5, 21, 10, 15] [8, -19, 15, -6]
------------------------------
ALIVE
Head: (8 1)
Body: (8 1) (8 0) (9 57) (9 56) (9 55) (9 54) (9 53) (9 52) (10 52) (11 52) (11 53) (11 54) 
Length: 12, 4
Vision: 3
Hungry, suplies: 9/10
Reproductive: 16, mutating: 0.25
Generation: 21329
####################################
Wall (up, right, down, left):
[8, -8, -26, -4] [-2, -1, 0, 3] [-6, 1, 3, -10] [14, 12, -2, 5] [-11, 20, 17, -15] [-6, 4, 3, -14] [-28, -13, -2, -6]
[9, -3, 7, -11] [3, 8, 10, -2] [-8, 6, 1, 0] [-23, 9, 2, 13] [27, 6, 0, -5] [-12, -2, 6, 7] [-18, -11, 17, -2]
[-3, 8, 22, -3] [7, 12, -1, 17] [-9, -4, 28, -7] [-50, 23, 35, 30] [-44, -21, -26, 11] [-7, -23, 2, 34] [-10, -8, 7, -3]
[-4, -3, -2, -24] [5, 7, 16, -13] [3, 23, 16, -90] [0, 0, 0, 0] [20, -78, 8, 5] [23, -5, -11, 16] [9, -13, 10, 3]
[-25, -11, -11, -14] [8, 21, -6, 7] [-4, 13, -15, -1] [16, 10, -51, 18] [-1, 2, -10, 36] [11, 12, -15, 18] [-6, -17, 11, 1]
[14, 20, -9, 7] [-7, -4, -8, -18] [6, 2, 7, -7] [4, -6, -21, 8] [11, 2, -8, 11] [28, -2, -1, -6] [17, 11, 1, 15]
[-7, -15, -10, -15] [11, -9, -12, -12] [-19, -3, 8, -5] [-6, 21, -12, -7] [21, 19, 4, 0] [25, -6, -13, 6] [15, 6, -6, -11]
Food (up, right, down, left):
[34, 4, -4, 23] [-11, 9, -13, -13] [12, -6, -23, 0] [-9, -9, 26, 1] [-14, 13, 1, 21] [5, -17, 0, -5] [-22, 13, -5, -25]
[-36, -10, -9, -14] [-3, -13, 6, 0] [1, 11, 4, 31] [-14, 15, -21, 22] [7, -2, 10, -31] [18, -13, -16, 20] [-3, -15, -11, -2]
[-17, 18, 5, -22] [-11, -3, -1, 7] [-32, -31, -24, 4] [29, -22, 10, -17] [-14, -14, 4, -13] [6, 4, -13, -15] [-4, 12, 17, 12]
[3, -1, 19, 20] [-28, -9, -24, 19] [-8, 14, -14, -15] [0, 0, 0, 0] [-34, 26, -12, 6] [-14, 2, -24, 3] [12, 6, -1, -6]
[9, 10, 4, 16] [5, 3, 11, 3] [7, -10, 28, 6] [-10, -13, 22, -13] [-8, -10, 14, -23] [-10, 28, 15, 6] [3, 6, 5, -41]
[11, -6, 9, -8] [19, -9, 25, 15] [0, 6, -4, 11] [-14, -17, 9, -32] [-15, -9, -7, -15] [-9, 16, -18, 15] [8, 34, -12, -1]
[-10, -4, -16, -10] [10, -2, 9, -12] [5, 11, 3, -4] [-6, -10, 29, -31] [30, 23, -4, 0] [10, 21, 10, 15] [8, -19, 15, -6]
------------------------------
ALIVE
Head: (7 31)
Body: (7 31) (6 31) (6 30) (5 30) (4 30) (4 29) (3 29) (2 29) (1 29) 
Length: 9, 4
Vision: 3
Hungry, suplies: 5/10
Reproductive: 16, mutating: 0.25
Generation: 21324
####################################
Wall (up, right, down, left):
[8, -8, -26, -4] [-2, -1, 0, 3] [-6, 1, 3, -10] [14, 12, -2, 5] [-11, 20, 17, -15] [-6, 4, 3, -14] [-28, -13, -2, -6]
[9, -3, 7, -11] [3, 8, 7, -2] [-8, 6, 1, 0] [-23, 9, 2, 13] [27, 6, 0, -5] [-12, -2, 6, 7] [-18, -11, 17, -2]
[-3, 8, 22, -3] [7, 12, -1, 17] [-9, -4, 28, -7] [-50, 23, 35, 30] [-44, -21, -26, 11] [-7, -23, 2, 34] [-10, -8, 7, -3]
[-4, -3, -2, -24] [5, 7, 16, -13] [3, 23, 16, -90] [0, 0, 0, 0] [20, -78, 8, 5] [23, -5, -11, 16] [9, -13, 10, 3]
[-25, -11, -8, -14] [8, 21, -6, 7] [-4, 13, -15, -1] [16, 10, -51, 18] [-1, 2, -10, 36] [11, 12, -15, 18] [-6, -17, 11, 1]
[14, 20, -9, 7] [-7, -4, -8, -18] [6, 2, 7, -7] [4, -6, -21, 8] [11, 2, -8, 11] [28, -2, -1, -6] [17, 11, 1, 15]
[-7, -15, -10, -15] [11, -9, -12, -12] [-19, -3, 8, -5] [-6, 21, -12, -8] [21, 19, 4, 0] [25, -6, -13, 4] [15, 6, -6, -11]
Food (up, right, down, left):
[34, 4, -4, 23] [-11, 9, -13, -13] [12, -6, -23, 0] [-5, -9, 26, 1] [-14, 13, 1, 21] [5, -17, 0, -5] [-22, 13, -5, -25]
[-36, -10, -9, -14] [-3, -13, 6, 3] [1, 11, 4, 31] [-14, 15, -21, 22] [7, -2, 10, -31] [18, -13, -16, 20] [-3, -15, -11, -2]
[-17, 18, 5, -22] [-11, -3, -1, 7] [-32, -31, -24, 4] [29, -22, 10, -17] [-14, -14, 4, -13] [6, 4, -13, -15] [-4, 12, 17, 12]
[3, -1, 19, 20] [-28, -9, -24, 19] [-8, 14, -14, -15] [0, 0, 0, 0] [-34, 26, -12, 6] [-14, 2, -24, 3] [12, 6, -1, -6]
[9, 10, -1, 16] [5, 3, 11, 3] [7, -10, 28, 6] [-10, -13, 22, -13] [-8, -10, 14, -23] [-10, 28, 15, 6] [3, 6, 5, -41]
[11, -6, 9, -8] [19, -9, 25, 15] [0, 6, -4, 11] [-14, -17, 9, -32] [-15, -9, -7, -15] [-9, 16, -18, 15] [8, 34, -12, -1]
[-10, -4, -16, -10] [10, -2, 9, -12] [5, 11, 3, -4] [-6, -9, 29, -31] [30, 23, -4, 0] [5, 21, 10, 15] [8, -19, 15, -6]
------------------------------
ALIVE
Head: (12 10)
Body: (12 10) (12 11) (11 11) (10 11) (10 10) (10 9) (10 8) (9 8) (8 8) (8 7) 
Length: 10, 4
Vision: 3
Hungry, suplies: 6/10
Reproductive: 16, mutating: 0.25
Generation: 21322
####################################
Wall (up, right, down, left):
[8, -8, -26, -4] [-2, -1, 0, 3] [-6, 1, 3, -10] [14, 12, -2, 5] [-11, 20, 17, -15] [-6, 4, 3, -14] [-28, -13, -2, -6]
[9, -3, 7, -11] [3, 8, 7, -2] [-8, 6, 1, 0] [-23, 9, 2, 13] [27, 6, 0, -5] [-12, -2, 6, 7] [-18, -11, 17, -2]
[-3, 8, 22, -3] [7, 12, -1, 17] [-9, -4, 28, -7] [-50, 23, 35, 30] [-44, -21, -26, 11] [-7, -23, 2, 34] [-10, -8, 7, -3]
[-4, -3, -2, -24] [5, 7, 16, -13] [3, 23, 16, -90] [0, 0, 0, 0] [20, -78, 8, 5] [23, -5, -11, 16] [9, -13, 10, 3]
[-25, -11, -8, -14] [8, 21, -6, 7] [-4, 13, -15, -1] [16, 10, -51, 18] [-1, 2, -10, 36] [11, 12, -15, 18] [-6, -17, 11, 1]
[14, 20, -9, 7] [-7, -4, -8, -18] [6, 2, 7, -7] [4, -6, -21, 8] [11, 2, -8, 11] [28, -2, -1, -6] [17, 11, 1, 15]
[-7, -15, -10, -15] [11, -9, -12, -12] [-19, -3, 8, -5] [-6, 21, -12, -7] [21, 19, 4, 0] [25, -6, -13, 4] [15, 6, -6, -11]
Food (up, right, down, left):
[34, 4, -4, 23] [-11, 9, -13, -13] [12, -6, -23, 0] [-5, -9, 26, 1] [-14, 13, 1, 21] [5, -17, 0, -5] [-22, 13, -5, -25]
[-36, -10, -9, -14] [-3, -13, 6, 3] [1, 11, 4, 31] [-14, 15, -21, 22] [7, -2, 10, -31] [18, -13, -16, 20] [-3, -15, -11, -2]
[-17, 18, 5, -22] [-11, -3, -1, 7] [-32, -31, -24, 4] [29, -22, 10, -17] [-14, -14, 4, -13] [6, 4, -13, -15] [-4, 12, 17, 12]
[3, -1, 19, 20] [-28, -9, -24, 19] [-8, 14, -14, -15] [0, 0, 0, 0] [-34, 26, -12, 6] [-14, 2, -24, 3] [12, 6, -1, -6]
[9, 10, -1, 16] [5, 3, 11, 3] [7, -10, 28, 6] [-10, -13, 22, -13] [-8, -10, 14, -23] [-10, 28, 15, 6] [3, 6, 5, -41]
[11, -6, 9, -8] [16, -9, 25, 15] [0, 6, -4, 11] [-14, -17, 9, -32] [-15, -9, -7, -15] [-9, 16, -18, 15] [8, 34, -12, -1]
[-10, -4, -16, -10] [10, -2, 9, -12] [5, 11, 3, -4] [-6, -10, 29, -31] [30, 23, -4, 0] [5, 21, 10, 15] [8, -19, 15, -6]
------------------------------
ALIVE
Head: (18 14)
Body: (18 14) (18 13) (18 12) (17 12) (16 12) (15 12) (15 13) (15 14) (14 14) (14 15) 
Length: 10, 4
Vision: 3
Hungry, suplies: 8/10
Reproductive: 16, mutating: 0.25
Generation: 21322
####################################
Wall (up, right, down, left):
[8, -8, -26, -4] [-2, -1, 0, 3] [-6, 1, 3, -10] [14, 12, -2, 5] [-11, 20, 17, -15] [-6, 4, 3, -14] [-28, -13, -2, -6]
[9, -3, 7, -11] [3, 8, 7, -2] [-8, 6, 1, 0] [-23, 9, 2, 13] [27, 6, 0, -5] [-12, -2, 11, 7] [-18, -11, 17, -2]
[-3, 8, 22, -3] [7, 12, -1, 17] [-9, -4, 28, -7] [-50, 23, 35, 30] [-44, -21, -26, 11] [-7, -23, 2, 34] [-10, -8, 7, -3]
[-4, -3, -2, -24] [5, 7, 16, -13] [3, 23, 16, -90] [0, 0, 0, 0] [20, -78, 8, 5] [23, -5, -11, 16] [9, -13, 10, 3]
[-25, -11, -8, -14] [8, 21, -6, 7] [-4, 13, -15, -1] [16, 10, -51, 18] [-1, 2, -10, 36] [11, 12, -15, 18] [-6, -17, 11, 1]
[14, 20, -9, 7] [-7, -4, -8, -18] [6, 2, 7, -7] [4, -6, -21, 8] [11, 2, -8, 11] [28, -2, -1, -6] [17, 11, 1, 15]
[-7, -15, -10, -15] [11, -9, -12, -12] [-19, -3, 8, -5] [-6, 21, -12, -7] [21, 19, 4, 0] [25, -6, -13, 4] [15, 6, -6, -11]
Food (up, right, down, left):
[34, 4, -4, 23] [-11, 9, -13, -13] [12, -6, -23, 0] [-5, -9, 26, 1] [-14, 13, 1, 21] [5, -17, 0, -5] [-22, 13, -5, -25]
[-36, -10, -9, -14] [-3, -13, 6, 3] [1, 11, 4, 31] [-14, 15, -21, 22] [7, -2, 10, -31] [18, -13, -16, 19] [-3, -15, -11, -2]
[-17, 18, 5, -22] [-11, -3, -1, 7] [-32, -31, -24, 4] [29, -22, 10, -17] [-14, -14, 4, -13] [6, 4, -13, -15] [-4, 12, 17, 12]
[3, -1, 19, 20] [-28, -9, -24, 19] [-8, 14, -14, -15] [0, 0, 0, 0] [-34, 26, -12, 6] [-14, 2, -24, 3] [12, 6, -1, -6]
[9, 10, -1, 16] [5, 3, 11, 3] [7, -10, 28, 6] [-10, -13, 22, -13] [-8, -10, 14, -23] [-10, 28, 15, 6] [3, 6, 5, -41]
[11, -6, 9, -8] [16, -9, 25, 15] [0, 6, -4, 11] [-14, -17, 9, -32] [-15, -9, -7, -15] [-9, 16, -18, 15] [8, 34, -12, -1]
[-10, -4, -16, -10] [10, -2, 9, -12] [5, 11, 3, -4] [-6, -10, 29, -31] [30, 23, -4, 0] [5, 21, 10, 15] [8, -19, 15, -6]
------------------------------
ALIVE
Head: (3 35)
Body: (3 35) (2 35) (2 34) (2 33) (2 32) (1 32) (0 32) (0 31) 
Length: 8, 4
Vision: 3
Hungry, suplies: 5/10
Reproductive: 16, mutating: 0.25
Generation: 21321
####################################
