Wall (up, right, down, left):
[14, -4, -13, 6] [3, -4, -7, 4] [-17, 13, 9, -6] [23, 12, 29, 1] [-10, 4, 27, -13] [6, -4, -2, -23] [-15, -16, -22, -11]
[-6, -11, 23, -9] [-1, 29, 0, 17] [-25, 1, 4, -4] [-15, 15, 11, 4] [24, 5, -10, 2] [-18, -18, 16, 13] [-18, -5, 7, 2]
[-6, -2, 45, -5] [-6, 22, -16, 8] [-16, -8, 32, -7] [-67, 18, 40, 19] [-39, -31, -27, 21] [-18, -24, 5, 26] [-32, -12, -7, -20]
[8, 32, 2, -49] [18, -6, 14, -29] [0, 21, 4, -90] [0, 0, 0, 0] [39, -95, 29, 3] [20, -11, 4, 15] [5, 2, 13, -4]
[-14, -17, -21, 2] [19, 4, -20, 4] [-7, 7, -18, -23] [34, 18, -87, 5] [-1, -11, -8, 40] [-3, 11, -11, -2] [-32, -46, -3, 17]
[11, 15, 7, 4] [6, 3, -10, -8] [13, -2, 23, -6] [-8, 16, -22, 9] [8, -3, -9, 11] [23, -10, -16, 1] [28, 6, 9, 27]
[-6, 0, 0, -17] [-2, -7, -18, -1] [-6, 7, 19, -7] [-9, 23, -30, -13] [36, 12, -17, 17] [21, -26, -37, 15] [-6, 1, 11, 0]
Food (up, right, down, left):
[19, 19, -5, 18] [-2, 20, -5, -30] [29, -9, 0, 15] [-8, 1, 25, 31] [-10, 10, 21, -7] [-10, -11, -9, -18] [-29, 19, -17, -24]
[-63, -9, -19, -21] [9, -11, -13, -21] [-8, 15, 11, 27] [-11, 14, -31, 26] [29, 9, -1, -36] [31, -13, -27, 25] [5, -6, 12, 13]
[-19, 0, 12, -27] [8, -3, 4, 30] [-41, -27, -33, 36] [35, -35, 20, -11] [-5, -5, -5, -13] [2, 1, -33, -35] [28, 26, 5, 28]
[22, 10, 12, 53] [-3, -13, -34, 30] [3, -6, -35, -15] [0, 0, 0, 0] [-23, 68, -20, 9] [-27, -2, -24, 2] [-3, 29, -13, 14]
[-12, 8, -7, 20] [-2, 10, 7, 15] [13, -3, 30, -3] [-10, -16, 12, -9] [5, -8, 8, -36] [-11, 39, 18, 28] [0, -8, -4, -30]
[13, -12, -3, -3] [2, 24, 23, 10] [10, 2, 14, 24] [-14, -18, 13, -22] [-28, -27, -5, -31] [-10, 21, -10, 7] [17, 52, 2, 14]
[6, 4, -19, -25] [19, -7, 4, -46] [13, 22, 4, -15] [4, 16, 39, -41] [30, 29, -3, -9] [7, 28, 15, -12] [25, -31, 15, -20]
------------------------------
ALIVE
Head: (0 40)
Body: (25 40) (24 40) (23 40) (22 40) (22 39) (22 38) (22 37) 
Length: 7, 4
Vision: 3
Hungry, suplies: 3/10
Reproductive: 16, mutating: 0.25
Generation: 34526
####################################
Wall (up, right, down, left):
[14, -4, -13, 6] [3, -4, -7, 4] [-17, 13, 9, -6] [23, 12, 29, 1] [-10, 4, 27, -13] [6, -4, -2, -23] [-15, -16, -22, -11]
[-6, -11, 23, -9] [-1, 29, 0, 17] [-25, 1, 4, -4] [-15, 15, 11, 4] [24, 5, -10, 2] [-18, -18, 16, 13] [-18, -5, 7, 2]
[-6, -2, 45, -5] [-6, 22, -16, 8] [-16, -8, 32, -7] [-67, 18, 40, 19] [-39, -31, -27, 21] [-18, -24, 5, 26] [-32, -12, -7, -20]
[8, 32, 2, -49] [18, -6, 14, -29] [0, 21, 4, -90] [0, 0, 0, 0] [39, -95, 29, 3] [20, -11, 4, 15] [5, 2, 13, -4]
[-14, -17, -21, 2] [19, 4, -20, 4] [-7, 7, -18, -23] [34, 18, -87, 5] [-1, -11, -8, 40] [-3, 11, -11, -2] [-32, -46, -3, 17]
[11, 15, 7, 4] [9, 3, -10, -8] [13, -2, 23, -6] [-8, 16, -22, 9] [8, -3, -9, 11] [23, -10, -16, 1] [28, 6, 9, 27]
[-6, 0, 0, -17] [-2, -7, -18, -1] [-6, 7, 19, -7] [-9, 23, -30, -13] [36, 12, -17, 17] [21, -26, -37, 15] [-6, 1, 11, 0]
Food (up, right, down, left):
[19, 19, -5, 18] [-2, 20, -5, -30] [29, -9, 0, 15] [-8, 1, 25, 31] [-10, 10, 21, -7] [-10, -11, -9, -18] [-29, 19, -17, -24]
[-63, -9, -19, -21] [9, -11, -13, -21] [-8, 15, 11, 27] [-11, 14, -31, 26] [29, 9, -1, -36] [31, -13, -27, 25] [5, -6, 12, 13]
[-19, 0, 12, -27] [8, -3, 4, 30] [-41, -27, -33, 36] [35, -35, 20, -11] [-5, -5, -5, -13] [2, 1, -33, -35] [28, 26, 5, 28]
[22, 10, 12, 53] [-3, -13, -34, 30] [3, -6, -35, -15] [0, 0, 0, 0] [-23, 68, -20, 9] [-27, -2, -24, 2] [-3, 29, -13, 14]
[-12, 8, -7, 20] [-2, 10, 7, 15] [13, -3, 30, -3] [-10, -16, 12, -9] [5, -8, 8, -36] [-11, 39, 18, 28] [0, -8, -4, -30]
[13, -12, -3, -3] [2, 26, 23, 10] [10, 2, 14, 24] [-14, -18, 13, -22] [-28, -27, -5, -31] [-10, 21, -10, 7] [17, 52, 2, 14]
[6, 4, -19, -25] [19, -7, 4, -46] [13, 22, 4, -15] [4, 16, 39, -41] [30, 29, -3, -9] [7, 28, 15, -12] [25, -31, 15, -20]
------------------------------
ALIVE
Head: (8 50)
Body: (8 50) (8 49) (8 48) (7 48) (6 48) (6 47) (5 47) (4 47) (4 46) (4 45) (5 45) (5 44) (5 43) 
Length: 13, 4
Vision: 3
Hungry, suplies: 10/10
Reproductive: 16, mutating: 0.25
Generation: 34527
####################################
Wall (up, right, down, left):
[14, -4, -13, 6] [3, -4, -7, 4] [-17, 13, 9, -6] [23, 12, 29, 1] [-10, 4, 27, -13] [6, -4, -2, -23] [-15, -16, -22, -11]
[-7, -11, 23, -9] [-1, 29, 0, 17] [-25, 1, 4, -4] [-15, 15, 11, 4] [24, 5, -10, 2] [-20, -18, 16, 13] [-18, -5, 7, 2]
[-6, -4, 45, -5] [-6, 22, -16, 8] [-16, -8, 32, -7] [-67, 18, 40, 19] [-39, -31, -27, 21] [-18, -24, 5, 26] [-32, -12, -7, -20]
[8, 32, 2, -49] [18, -6, 15, -29] [0, 21, -1, -90] [0, 0, 0, 0] [39, -95, 29, 3] [20, -6, 4, 15] [5, -1, 13, -4]
[-14, -17, -21, 2] [19, 4, -20, 4] [-7, 7, -18, -23] [34, 18, -87, 5] [-1, -11, -8, 40] [-3, 11, -11, -2] [-32, -46, -3, 17]
[11, 16, 7, 4] [6, 3, -10, -8] [13, -2, 23, -6] [-8, 16, -22, 9] [8, -3, -9, 11] [23, -10, -16, 0] [28, 6, 9, 27]
[-6, 0, 0, -17] [-2, -7, -18, -1] [-6, 7, 19, -7] [-9, 23, -30, -13] [36, 12, -17, 17] [21, -26, -37, 15] [-6, 1, 11, 0]
Food (up, right, down, left):
[19, 19, -5, 18] [-2, 20, -5, -30] [29, -9, 0, 15] [-8, 1, 25, 31] [-10, 10, 21, -7] [-10, -11, -9, -18] [-29, 19, -17, -24]
[-63, -9, -21, -21] [9, -11, -13, -21] [-8, 15, 11, 27] [-11, 14, -31, 26] [29, 9, -1, -36] [31, -10, -27, 25] [5, -6, 12, 13]
[-24, 0, 12, -27] [8, -3, 4, 30] [-41, -27, -33, 36] [35, -35, 20, -11] [-5, -5, -5, -13] [2, 1, -33, -35] [28, 26, 5, 28]
[22, 10, 12, 53] [-3, -13, -37, 30] [3, -6, -30, -15] [0, 0, 0, 0] [-23, 68, -20, 9] [-24, -2, -24, 2] [-3, 32, -13, 14]
[-12, 8, -7, 20] [-2, 10, 7, 15] [13, -3, 30, -3] [-10, -16, 12, -9] [5, -8, 8, -36] [-11, 39, 18, 28] [0, -8, -4, -30]
[13, -12, 0, -3] [2, 24, 23, 10] [10, 2, 14, 24] [-14, -18, 13, -22] [-28, -27, -5, -31] [-10, 21, -6, 7] [17, 52, 2, 14]
[6, 4, -19, -25] [19, -7, 4, -46] [13, 22, 4, -15] [4, 16, 39, -41] [30, 29, -3, -9] [7, 28, 15, -12] [25, -31, 15, -20]
------------------------------
ALIVE
Head: (0 48)
Body: (0 48) (1 48) (1 47) (1 46) (1 45) (1 44) (0 44) (25 43) (24 43) (23 43) (22 43) (21 43) (20 43) 
Length: 13, 4
Vision: 3
Hungry, suplies: 4/10
Reproductive: 16, mutating: 0.25
Generation: 34519
####################################
Wall (up, right, down, left):
[14, -4, -13, 6] [3, -4, -7, 4] [-17, 13, 9, -6] [23, 12, 29, 1] [-10, 4, 27, -13] [6, -4, -2, -23] [-15, -16, -22, -11]
[-6, -11, 23, -9] [-1, 29, 0, 17] [-25, 1, 4, -4] [-15, 15, 11, 4] [24, 5, -10, 2] [-20, -18, 16, 13] [-18, -5, 7, 2]
[-6, -4, 45, -5] [-6, 22, -16, 8] [-16, -8, 32, -7] [-67, 18, 40, 19] [-39, -31, -27, 21] [-18, -24, 5, 26] [-32, -12, -7, -20]
[8, 32, 2, -49] [18, -6, 15, -29] [0, 21, -1, -90] [0, 0, 0, 0] [39, -95, 29, 3] [20, -6, 4, 15] [5, -1, 13, -4]
[-14, -17, -21, 2] [19, 4, -20, 4] [-7, 7, -18, -23] [34, 18, -87, 5] [-1, -11, -8, 40] [-3, 11, -11, -2] [-32, -46, -3, 17]
[11, 16, 7, 4] [6, 3, -10, -8] [13, -2, 23, -6] [-8, 16, -22, 9] [8, -3, -9, 11] [23, -10, -16, 0] [28, 6, 9, 27]
[-6, 0, 0, -17] [-2, -7, -18, -1] [-6, 7, 19, -7] [-9, 23, -30, -13] [36, 12, -17, 17] [21, -30, -37, 15] [-6, 1, 11, 0]
Food (up, right, down, left):
[19, 19, -5, 18] [-2, 20, -5, -30] [29, -9, 0, 15] [-8, 1, 25, 31] [-10, 10, 21, -7] [-10, -11, -9, -18] [-29, 19, -17, -24]
[-63, -9, -19, -21] [9, -11, -13, -21] [-8, 15, 11, 27] [-11, 14, -31, 26] [29, 9, -1, -36] [31, -10, -27, 25] [5, -6, 12, 13]
[-24, 0, 12, -27] [8, -3, 4, 30] [-41, -27, -33, 36] [35, -35, 20, -11] [-5, -5, -5, -13] [2, 1, -33, -35] [28, 26, 5, 28]
[22, 10, 12, 53] [-3, -13, -37, 30] [3, -6, -30, -15] [0, 0, 0, 0] [-23, 68, -20, 9] [-24, -2, -24, 2] [-3, 32, -13, 14]
[-12, 8, -7, 20] [-2, 10, 7, 15] [13, -3, 30, -3] [-10, -16, 12, -9] [5, -8, 8, -36] [-11, 39, 18, 28] [0, -8, -4, -30]
[13, -12, 0, -3] [2, 24, 23, 10] [10, 2, 14, 24] [-14, -18, 13, -22] [-28, -27, -5, -31] [-10, 21, -6, 7] [17, 52, 2, 14]
[6, 4, -19, -25] [19, -7, 4, -46] [13, 22, 4, -15] [4, 16, 39, -41] [30, 29, -3, -9] [7, 28, 13, -12] [25, -31, 15, -20]
------------------------------
ALIVE
Head: (19 35)
Body: (19 35) (19 34) (20 34) (21 34) (21 35) (22 35) (22 36) (21 36) 
Length: 8, 4
Vision: 3
Hungry, suplies: 3/10
Reproductive: 16, mutating: 0.25
Generation: 34518
####################################
Wall (up, right, down, left):
[14, -4, -13, 6] [3, -4, -7, 4] [-17, 13, 9, -6] [23, 12, 29, 1] [-10, 4, 26, -13] [6, -4, -2, -23] [-15, -16, -22, -11]
[-6, -11, 23, -9] [-1, 29, 0, 17] [-25, 1, 4, -4] [-15, 15, 11, 4] [24, 5, -10, 2] [-20, -18, 16, 13] [-18, -5, 7, 2]
[-6, -2, 45, -5] [-6, 22, -16, 11] [-16, -8, 32, -7] [-67, 18, 40, 19] [-39, -31, -27, 21] [-18, -24, 5, 26] [-32, -12, -7, -20]
[8, 32, 2, -49] [18, -6, 15, -29] [0, 21, -1, -90] [0, 0, 0, 0] [39, -95, 29, 3] [20, -11, 4, 15] [5, 2, 13, -4]
[-14, -17, -21, 2] [19, 4, -20, 4] [-7, 7, -18, -23] [34, 18, -87, 5] [-1, -11, -8, 40] [-3, 11, -11, -2] [-32, -46, -3, 17]
[11, 15, 7, 4] [6, 3, -10, -8] [13, -2, 23, -6] [-8, 16, -22, 9] [8, -3, -9, 11] [23, -10, -16, 1] [28, 6, 9, 27]
[-6, 0, 0, -17] [-2, -7, -18, -1] [-6, 7, 19, -7] [-9, 23, -30, -13] [36, 12, -17, 17] [21, -26, -37, 15] [-6, 1, 11, 0]
Food (up, right, down, left):
[19, 19, -5, 18] [-2, 20, -5, -30] [29, -9, 0, 15] [-8, 1, 25, 31] [-10, 10, 21, -9] [-10, -11, -9, -18] [-29, 19, -17, -24]
[-63, -9, -19, -21] [9, -11, -13, -21] [-8, 15, 11, 27] [-11, 14, -31, 26] [29, 9, -1, -36] [31, -10, -27, 25] [5, -6, 12, 13]
[-19, 0, 12, -27] [8, -3, 4, 28] [-41, -27, -33, 36] [35, -35, 20, -11] [-5, -5, -5, -13] [2, 1, -33, -35] [28, 26, 5, 28]
[22, 10, 12, 53] [-3, -13, -37, 30] [3, -6, -30, -15] [0, 0, 0, 0] [-23, 68, -20, 9] [-27, -2, -24, 2] [-3, 29, -13, 14]
[-12, 8, -7, 20] [-2, 10, 7, 15] [13, -3, 30, -3] [-10, -16, 12, -9] [5, -8, 8, -36] [-11, 39, 18, 28] [0, -8, -4, -30]
[13, -12, -3, -3] [2, 24, 23, 10] [10, 2, 14, 24] [-14, -18, 13, -22] [-28, -27, -5, -31] [-10, 21, -10, 7] [17, 52, 2, 14]
[6, 4, -19, -25] [19, -7, 4, -46] [13, 22, 4, -15] [4, 16, 39, -41] [30, 29, -3, -9] [7, 28, 15, -12] [25, -31, 15, -20]
------------------------------
ALIVE
Head: (9 14)
Body: (9 14) (8 14) (7 14) (6 14) (5 14) (4 14) (4 15) (3 15) (3 16) (4 16) (4 17) (3 17) (2 17) (2 16) (1 16) 
Length: 15, 4
Vision: 3
Hungry, suplies: 9/10
Reproductive: 16, mutating: 0.25
Generation: 34522
####################################
Wall (up, right, down, left):
[14, -4, -13, 6] [3, -4, -7, 4] [-17, 13, 9, -6] [23, 12, 29, 3] [-10, 4, 27, -13] [6, -4, -2, -23] [-15, -16, -22, -11]
[-6, -11, 23, -9] [-1, 29, 0, 17] [-25, 1, 4, -4] [-15, 15, 11, 4] [24, 5, -10, 2] [-20, -18, 16, 13] [-18, -5, 7, 2]
[-11, -4, 45, -5] [-6, 22, -16, 8] [-16, -8, 32, -7] [-67, 18, 40, 19] [-39, -31, -27, 21] [-18, -24, 5, 26] [-32, -12, -7, -20]
[8, 32, 2, -49] [18, -6, 15, -29] [0, 21, -1, -90] [0, 0, 0, 0] [39, -95, 29, 3] [20, -6, 4, 15] [5, -1, 13, -4]
[-14, -17, -21, 2] [19, 4, -20, 4] [-7, 7, -18, -23] [34, 18, -87, 5] [-1, -11, -8, 40] [-3, 11, -11, -2] [-32, -46, -3, 17]
[11, 16, 7, 4] [6, 3, -10, -8] [13, -2, 23, -6] [-8, 16, -22, 9] [8, -3, -9, 11] [23, -10, -16, 0] [28, 6, 9, 27]
[-6, 0, 0, -17] [-2, -7, -18, -1] [-6, 7, 19, -7] [-9, 23, -30, -13] [36, 12, -17, 17] [21, -26, -37, 15] [-6, 1, 11, 0]
Food (up, right, down, left):
[19, 19, -5, 18] [-2, 20, -5, -30] [29, -9, 0, 15] [-8, 1, 25, 33] [-10, 10, 21, -7] [-10, -11, -9, -18] [-29, 19, -17, -24]
[-63, -9, -19, -21] [9, -11, -13, -21] [-8, 15, 11, 27] [-11, 14, -31, 26] [29, 9, -1, -36] [31, -10, -27, 25] [5, -6, 12, 13]
[-24, 0, 8, -27] [8, -3, 4, 30] [-41, -27, -33, 36] [35, -35, 20, -11] [-5, -5, -5, -13] [2, 1, -33, -35] [28, 26, 5, 28]
[22, 10, 12, 53] [-3, -13, -37, 30] [3, -6, -30, -15] [0, 0, 0, 0] [-23, 68, -20, 9] [-24, -2, -24, 2] [-3, 32, -13, 14]
[-12, 8, -7, 20] [-2, 10, 7, 15] [13, -3, 30, -3] [-10, -16, 12, -9] [5, -8, 8, -36] [-11, 39, 18, 28] [0, -8, -4, -30]
[13, -12, 0, -3] [2, 24, 23, 10] [10, 2, 14, 24] [-14, -18, 13, -22] [-28, -27, -5, -31] [-10, 21, -6, 7] [17, 52, 2, 14]
[6, 4, -19, -25] [19, -7, 4, -46] [13, 22, 4, -15] [4, 16, 39, -41] [30, 29, -3, -9] [7, 28, 15, -12] [25, -31, 15, -20]
------------------------------
ALIVE
Head: (15 22)
Body: (15 22) (14 22) (14 21) (14 20) (14 19) (13 19) (12 19) (12 18) (12 17) 
Length: 9, 4
Vision: 3
Hungry, suplies: 4/10
Reproductive: 16, mutating: 0.25
Generation: 34522
####################################
Wall (up, right, down, left):
[14, -4, -13, 6] [3, -4, -7, 4] [-17, 13, 9, -6] [23, 12, 29, 1] [-10, 4, 27, -13] [6, -4, -2, -23] [-15, -16, -22, -11]
[-7, -11, 23, -9] [-1, 29, 0, 17] [-25, 1, 4, -4] [-15, 15, 11, 4] [24, 5, -10, 2] [-20, -18, 16, 13] [-18, -5, 7, 2]
[-6, -4, 45, -5] [-6, 22, -16, 8] [-16, -8, 32, -7] [-67, 18, 40, 19] [-39, -31, -27, 21] [-18, -24, 5, 26] [-32, -12, -7, -20]
[8, 32, 2, -49] [18, -6, 15, -29] [0, 21, -1, -90] [0, 0, 0, 0] [39, -95, 29, 3] [20, -6, 4, 15] [5, -1, 13, -4]
[-14, -17, -21, 2] [19, 4, -20, 4] [-7, 7, -18, -23] [34, 18, -87, 5] [-1, -11, -8, 40] [-3, 11, -11, -2] [-32, -46, -3, 17]
[11, 16, 7, 4] [6, 3, -10, -8] [13, -2, 23, -6] [-8, 16, -22, 9] [8, -3, -9, 11] [23, -10, -16, 0] [28, 6, 9, 27]
[-6, 0, 0, -17] [-2, -7, -18, -1] [-6, 7, 19, -7] [-9, 23, -30, -13] [36, 12, -17, 17] [21, -26, -37, 15] [-6, 1, 11, 0]
Food (up, right, down, left):
[19, 19, -5, 18] [-2, 20, -5, -30] [29, -9, 0, 15] [-8, 1, 25, 31] [-10, 10, 21, -7] [-10, -11, -9, -18] [-29, 19, -17, -24]
[-63, -9, -21, -21] [9, -11, -13, -21] [-8, 15, 11, 27] [-11, 14, -31, 26] [29, 9, -1, -36] [31, -10, -27, 25] [5, -6, 12, 13]
[-24, 0, 12, -27] [8, -3, 4, 30] [-41, -27, -33, 36] [35, -35, 20, -11] [-5, -5, -5, -13] [2, 1, -33, -35] [28, 26, 5, 28]
[22, 10, 12, 53] [-3, -13, -37, 30] [3, -6, -30, -15] [0, 0, 0, 0] [-23, 68, -20, 9] [-24, -2, -24, 2] [-3, 32, -13, 14]
[-12, 8, -7, 20] [-2, 10, 7, 15] [13, -3, 30, -3] [-10, -16, 12, -9] [5, -8, 8, -36] [-11, 39, 18, 28] [0, -8, -4, -30]
[13, -12, 0, -3] [2, 24, 23, 10] [10, 2, 14, 24] [-14, -18, 13, -22] [-28, -27, -5, -31] [-10, 21, -6, 7] [17, 52, 2, 14]
[6, 4, -19, -25] [19, -7, 4, -46] [13, 22, 4, -15] [4, 16, 39, -41] [30, 29, -3, -9] [7, 28, 15, -12] [25, -31, 15, -20]
------------------------------
ALIVE
Head: (8 41)
Body: (8 41) (7 41) (6 41) (6 40) (6 39) (6 38) (5 38) (4 38) (4 39) (4 40) (4 41) (3 41) (3 40) (2 40) 
Length: 14, 4
Vision: 3
Hungry, suplies: 10/10
Reproductive: 16, mutating: 0.25
Generation: 34519
####################################
Wall (up, right, down, left):
[14, -4, -13, 6] [3, -4, -7, 4] [-17, 13, 9, -6] [23, 12, 29, 1] [-10, 4, 27, -13] [6, -4, -2, -23] [-15, -16, -22, -11]
[-6, -11, 23, -9] [-1, 29, 0, 17] [-25, 6, 4, -4] [-15, 15, 11, 4] [24, 5, -10, 2] [-18, -18, 16, 13] [-18, -5, 7, 2]
[-6, -2, 45, -5] [-6, 22, -16, 8] [-16, -8, 32, -7] [-67, 18, 40, 19] [-39, -31, -27, 21] [-18, -24, 5, 26] [-32, -12, -7, -20]
[8, 32, 2, -49] [18, -6, 14, -29] [0, 21, 4, -90] [0, 0, 0, 0] [39, -95, 29, 3] [20, -11, 4, 15] [5, 2, 13, -4]
[-14, -17, -21, 2] [19, 4, -20, 4] [-7, 7, -18, -23] [34, 18, -87, 5] [-1, -11, -8, 40] [-3, 11, -11, -2] [-32, -46, -3, 17]
[11, 15, 7, 4] [9, 3, -10, -8] [13, -2, 23, -6] [-8, 16, -22, 9] [8, -3, -9, 11] [23, -10, -16, 1] [28, 6, 9, 27]
[-6, 0, 0, -17] [-2, -7, -18, -1] [-6, 7, 19, -7] [-9, 23, -30, -13] [36, 12, -17, 17] [21, -26, -37, 15] [-6, 1, 11, 0]
Food (up, right, down, left):
[19, 19, -5, 18] [-2, 20, -5, -30] [29, -9, 0, 15] [-8, 1, 25, 31] [-10, 10, 21, -7] [-10, -11, -9, -18] [-29, 19, -17, -24]
[-63, -9, -19, -21] [9, -11, -13, -21] [-4, 15, 11, 27] [-11, 14, -31, 26] [29, 9, -1, -36] [31, -13, -27, 25] [5, -6, 12, 13]
[-19, 0, 12, -27] [8, -3, 4, 30] [-41, -27, -33, 36] [35, -35, 20, -11] [-5, -5, -5, -13] [2, 1, -33, -35] [28, 26, 5, 28]
[22, 10, 12, 53] [-3, -13, -34, 30] [3, -6, -35, -15] [0, 0, 0, 0] [-23, 68, -20, 9] [-27, -2, -24, 2] [-3, 29, -13, 14]
[-12, 8, -7, 20] [-2, 10, 7, 15] [13, -3, 30, -3] [-10, -16, 12, -9] [5, -8, 8, -36] [-11, 39, 18, 28] [0, -8, -4, -30]
[13, -12, -3, -3] [2, 26, 23, 10] [10, 2, 14, 24] [-14, -18, 13, -22] [-28, -27, -5, -31] [-10, 21, -10, 7] [17, 52, 2, 14]
[6, 4, -19, -25] [19, -7, 4, -46] [13, 22, 4, -15] [4, 16, 39, -41] [30, 29, -3, -9] [7, 28, 15, -12] [25, -31, 15, -20]
------------------------------
ALIVE
Head: (16 9)
Body: (16 9) (17 9) (17 8) (18 8) (18 7) (19 7) (19 8) (19 9) (19 10) (19 11) 
Length: 10, 4
Vision: 3
Hungry, suplies: 9/10
Reproductive: 16, mutating: 0.25
Generation: 34529
####################################
Wall (up, right, down, left):
[14, -4, -13, 6] [3, -4, -7, 4] [-17, 13, 9, -6] [23, 12, 29, 1] [-10, 4, 27, -13] [6, -4, -2, -23] [-15, -16, -22, -11]
[-6, -11, 23, -9] [-1, 29, 0, 17] [-25, 1, 4, -4] [-15, 15, 11, 4] [24, 5, -10, 2] [-20, -18, 16, 13] [-18, -5, 7, 2]
[-6, -4, 45, -5] [-6, 22, -16, 8] [-16, -8, 32, -7] [-67, 18, 40, 19] [-39, -31, -27, 21] [-18, -24, 5, 26] [-32, -12, -7, -20]
[8, 32, 2, -49] [18, -6, 15, -29] [0, 21, -1, -90] [0, 0, 0, 0] [39, -95, 29, 3] [20, -6, 4, 15] [5, -1, 13, -4]
[-14, -17, -21, 2] [19, 4, -20, 4] [-7, 7, -18, -23] [34, 18, -87, 5] [-1, -11, -8, 40] [-3, 11, -11, -2] [-32, -46, -3, 17]
[11, 16, 7, 4] [6, 3, -10, -8] [13, -2, 23, -6] [-8, 16, -22, 9] [8, -3, -9, 11] [23, -10, -16, 0] [28, 6, 9, 27]
[-6, 0, 0, -17] [-2, -7, -18, -1] [-6, 7, 19, -7] [-9, 23, -30, -13] [36, 12, -17, 17] [21, -30, -37, 15] [-6, 1, 11, 0]
Food (up, right, down, left):
[19, 19, -5, 18] [-2, 20, -5, -30] [29, -9, 0, 15] [-8, 1, 25, 31] [-10, 10, 21, -7] [-10, -11, -9, -18] [-29, 19, -17, -24]
[-63, -9, -19, -21] [9, -11, -13, -21] [-8, 15, 11, 27] [-11, 14, -31, 26] [29, 9, -1, -36] [31, -10, -27, 25] [5, -6, 12, 13]
[-24, 0, 12, -27] [8, -3, 4, 30] [-41, -27, -33, 36] [35, -35, 20, -11] [-5, -5, -5, -13] [2, 1, -33, -35] [28, 26, 5, 28]
[22, 10, 12, 53] [-3, -13, -37, 30] [3, -6, -30, -15] [0, 0, 0, 0] [-23, 68, -20, 9] [-24, -2, -24, 2] [-3, 32, -13, 14]
[-12, 8, -7, 20] [-2, 10, 7, 15] [13, -3, 30, -3] [-10, -16, 12, -9] [5, -8, 8, -36] [-11, 39, 18, 28] [0, -8, -4, -30]
[13, -12, 0, -3] [2, 24, 23, 10] [10, 2, 14, 24] [-14, -18, 13, -22] [-28, -27, -5, -31] [-10, 21, -6, 7] [17, 52, 2, 14]
[6, 4, -19, -25] [19, -7, 4, -46] [13, 22, 4, -15] [4, 16, 39, -41] [30, 29, -3, -9] [7, 28, 13, -12] [25, -31, 15, -20]
------------------------------
ALIVE
Head: (15 44)
Body: (15 44) (16 44) (16 45) (16 46) (17 46) (18 46) (19 46) (19 47) (19 48) (19 49) (19 50) (20 50) 
Length: 12, 4
Vision: 3
Hungry, suplies: 5/10
Reproductive: 16, mutating: 0.25
Generation: 34519
####################################
Wall (up, right, down, left):
[14, -4, -13, 6] [3, -4, -7, 4] [-17, 13, 9, -6] [23, 12, 29, 1] [-10, 4, 27, -13] [6, -4, -2, -23] [-15, -16, -22, -11]
[-7, -11, 23, -9] [-1, 29, 0, 17] [-25, 1, 4, -4] [-15, 15, 11, 4] [24, 5, -10, 2] [-20, -18, 16, 13] [-18, -5, 7, 2]
[-6, -4, 45, -5] [-6, 22, -16, 8] [-16, -8, 32, -7] [-67, 18, 40, 19] [-39, -31, -27, 21] [-18, -24, 5, 26] [-32, -12, -7, -20]
[8, 32, 2, -49] [18, -6, 15, -29] [0, 21, -1, -90] [0, 0, 0, 0] [39, -95, 29, 3] [20, -6, 4, 15] [5, -1, 13, -4]
[-14, -17, -21, 2] [19, 4, -20, 4] [-7, 7, -18, -23] [34, 18, -87, 5] [-1, -11, -8, 40] [-3, 11, -11, -2] [-32, -46, -3, 17]
[11, 16, 7, 4] [6, 3, -10, -8] [13, -2, 23, -6] [-8, 16, -22, 9] [8, -3, -9, 11] [23, -10, -16, 0] [28, 6, 9, 27]
[-6, 0, 0, -17] [-2, -7, -18, -1] [-6, 7, 19, -7] [-9, 23, -30, -13] [36, 12, -17, 17] [21, -26, -37, 15] [-6, 1, 11, 0]
Food (up, right, down, left):
[19, 19, -5, 18] [-2, 20, -5, -30] [29, -9, 0, 15] [-8, 1, 25, 31] [-10, 10, 21, -7] [-10, -11, -9, -18] [-29, 19, -17, -24]
[-63, -9, -21, -21] [9, -11, -13, -21] [-8, 15, 11, 27] [-11, 14, -31, 26] [29, 9, -1, -36] [31, -10, -27, 25] [5, -6, 12, 13]
[-24, 0, 12, -27] [8, -3, 4, 30] [-41, -27, -33, 36] [35, -35, 20, -11] [-5, -5, -5, -13] [2, 1, -33, -35] [28, 26, 5, 28]
[22, 10, 12, 53] [-3, -13, -37, 30] [3, -6, -30, -15] [0, 0, 0, 0] [-23, 68, -20, 9] [-24, -2, -24, 2] [-3, 32, -13, 14]
[-12, 8, -7, 20] [-2, 10, 7, 15] [13, -3, 30, -3] [-10, -16, 12, -9] [5, -8, 8, -36] [-11, 39, 18, 28] [0, -8, -4, -30]
[13, -12, 0, -3] [2, 24, 23, 10] [10, 2, 14, 24] [-14, -18, 13, -22] [-28, -27, -5, -31] [-10, 21, -6, 7] [17, 52, 2, 14]
[6, 4, -19, -25] [19, -7, 4, -46] [13, 22, 4, -15] [4, 16, 39, -41] [30, 29, -3, -9] [7, 28, 15, -12] [25, -31, 15, -20]
------------------------------
ALIVE
Head: (24 36)
Body: (24 36) (24 35) (24 34) (23 34) (22 34) (22 33) (21 33) (21 32) (21 31) (20 31) (19 31) (19 30) (19 29) (18 29) 
Length: 14, 4
Vision: 3
Hungry, suplies: 6/10
Reproductive: 16, mutating: 0.25
Generation: 34520
####################################
Wall (up, right, down, left):
[14, -4, -13, 6] [3, -4, -7, 4] [-17, 13, 9, -6] [23, 12, 29, 1] [-10, 4, 27, -13] [6, -4, -2, -23] [-15, -16, -22, -11]
[-6, -11, 23, -9] [-1, 29, 0, 17] [-25, 1, -1, -4] [-15, 15, 11, 4] [24, 5, -10, 2] [-20, -18, 16, 13] [-18, -5, 7, 2]
[-6, -2, 45, -5] [-6, 22, -16, 8] [-16, -8, 32, -7] [-67, 18, 40, 19] [-39, -31, -27, 21] [-18, -24, 5, 26] [-32, -12, -7, -20]
[8, 32, 2, -49] [18, -6, 15, -29] [0, 21, -1, -90] [0, 0, 0, 0] [39, -95, 29, 3] [20, -11, 4, 15] [5, 2, 13, -4]
[-14, -17, -21, 2] [19, 4, -20, 4] [-7, 7, -18, -23] [34, 18, -87, 5] [-1, -11, -8, 40] [-5, 11, -11, -2] [-32, -46, -3, 12]
[11, 15, 7, 4] [6, 3, -10, -8] [13, -2, 23, -6] [-8, 16, -22, 9] [8, -3, -9, 11] [23, -10, -16, 1] [28, 6, 9, 27]
[-6, 0, 0, -17] [-2, -7, -18, -1] [-6, 7, 19, -7] [-9, 23, -30, -13] [36, 12, -17, 17] [21, -26, -37, 15] [-8, 1, 11, 0]
Food (up, right, down, left):
[19, 19, -5, 18] [-2, 20, -5, -30] [29, -9, 0, 15] [-8, 1, 25, 31] [-10, 10, 21, -7] [-10, -11, -9, -18] [-29, 19, -17, -24]
[-63, -9, -19, -21] [9, -11, -13, -21] [-8, 15, 12, 27] [-11, 14, -31, 26] [29, 9, -1, -36] [31, -10, -27, 25] [5, -6, 12, 13]
[-19, 0, 12, -27] [8, -3, 4, 30] [-41, -27, -33, 36] [35, -35, 20, -11] [-5, -5, -5, -13] [2, 1, -33, -35] [28, 26, 5, 28]
[22, 10, 12, 53] [-3, -13, -37, 30] [3, -6, -30, -15] [0, 0, 0, 0] [-23, 68, -20, 9] [-27, -2, -24, 2] [-3, 29, -13, 14]
[-12, 8, -7, 20] [-2, 10, 7, 15] [13, -3, 30, -3] [-10, -16, 12, -9] [5, -8, 8, -36] [-11, 39, 18, 30] [0, -8, -4, -29]
[13, -12, -3, -3] [2, 24, 23, 10] [10, 2, 14, 24] [-14, -18, 13, -22] [-28, -27, -5, -31] [-10, 21, -10, 7] [17, 52, 2, 14]
[6, 4, -19, -25] [19, -7, 4, -46] [13, 22, 4, -15] [4, 16, 39, -41] [30, 29, -3, -9] [7, 28, 15, -12] [25, -31, 11, -20]
------------------------------
ALIVE
Head: (17 29)
Body: (17 29) (17 30) (18 30) (18 31) (17 31) (17 32) (18 32) (18 33) (18 34) (17 34) (16 34) (16 33) (16 32) 
Length: 13, 4
Vision: 3
Hungry, suplies: 2/10
Reproductive: 16, mutating: 0.25
Generation: 34525
####################################
Wall (up, right, down, left):
[14, -4, -13, 6] [3, -4, -7, 4] [-17, 13, 9, -6] [23, 12, 29, 1] [-10, 4, 27, -13] [6, -4, -2, -23] [-15, -16, -22, -11]
[-6, -11, 23, -9] [-1, 29, 0, 17] [-25, 1, 4, -4] [-15, 15, 11, 4] [24, 5, -10, 2] [-18, -18, 16, 13] [-18, -5, 7, 2]
[-6, -2, 45, -5] [-6, 22, -16, 8] [-16, -8, 32, -7] [-67, 18, 40, 19] [-39, -31, -27, 21] [-18, -24, 5, 26] [-32, -12, -7, -20]
[8, 32, 2, -49] [18, -6, 14, -29] [0, 21, 4, -90] [0, 0, 0, 0] [39, -95, 29, 3] [20, -11, 4, 15] [5, 2, 13, -4]
[-14, -17, -21, 2] [19, 4, -20, 4] [-7, 7, -18, -23] [34, 18, -87, 5] [-1, -11, -8, 40] [-3, 11, -11, -2] [-32, -46, -3, 17]
[11, 15, 7, 4] [9, 3, -10, -8] [13, -2, 23, -6] [-8, 19, -22, 9] [8, -3, -9, 11] [23, -10, -16, 1] [28, 6, 9, 27]
[-6, 0, 0, -17] [-2, -7, -18, -1] [-6, 7, 19, -7] [-9, 23, -30, -13] [36, 12, -17, 17] [21, -26, -37, 15] [-6, 1, 11, 0]
Food (up, right, down, left):
[19, 19, -5, 18] [-2, 20, -5, -30] [29, -9, 0, 15] [-8, 1, 25, 31] [-10, 10, 21, -7] [-10, -11, -9, -18] [-29, 19, -17, -24]
[-63, -9, -19, -21] [9, -11, -13, -21] [-8, 15, 11, 27] [-11, 14, -31, 26] [29, 9, -1, -36] [31, -13, -27, 25] [5, -6, 12, 13]
[-19, 0, 12, -27] [8, -3, 4, 30] [-41, -27, -33, 36] [35, -35, 20, -11] [-5, -5, -5, -13] [2, 1, -33, -35] [28, 26, 5, 28]
[22, 10, 12, 53] [-3, -13, -34, 30] [3, -6, -35, -15] [0, 0, 0, 0] [-23, 68, -20, 9] [-27, -2, -24, 2] [-3, 29, -13, 14]
[-12, 8, -7, 20] [-2, 10, 7, 15] [13, -3, 30, -3] [-10, -16, 12, -9] [5, -8, 8, -36] [-11, 39, 18, 28] [0, -8, -4, -30]
[13, -12, -3, -3] [2, 26, 23, 10] [10, 2, 14, 24] [-14, -18, 17, -22] [-28, -27, -5, -31] [-10, 21, -10, 7] [17, 52, 2, 14]
[6, 4, -19, -25] [19, -7, 4, -46] [13, 22, 4, -15] [4, 16, 39, -41] [30, 29, -3, -9] [7, 28, 15, -12] [25, -31, 15, -20]
------------------------------
ALIVE
Head: (11 53)
Body: (11 53) (10 53) (9 53) (9 54) (9 55) (8 55) (8 54) (7 54) (6 54) (6 53) (5 53) (4 53) (3 53) (3 52) (3 51) 
Length: 15, 4
Vision: 3
Hungry, suplies: 7/10
Reproductive: 16, mutating: 0.25
Generation: 34529
####################################
Wall (up, right, down, left):
[14, -4, -13, 6] [3, -4, -7, 4] [-17, 13, 9, -6] [23, 12, 29, 1] [-10, 4, 27, -13] [6, -4, -2, -23] [-15, -16, -22, -11]
[-6, -11, 23, -9] [-1, 29, 0, 17] [-25, 1, 4, -4] [-15, 15, 11, 4] [24, 5, -10, 2] [-20, -18, 16, 13] [-18, -5, 7, 2]
[-6, -4, 45, -5] [-6, 22, -16, 8] [-16, -8, 32, -7] [-67, 18, 40, 19] [-39, -31, -27, 21] [-18, -24, 5, 26] [-32, -12, -7, -20]
[8, 32, 2, -49] [18, -6, 15, -29] [0, 21, -1, -90] [0, 0, 0, 0] [39, -95, 29, 3] [20, -6, 4, 15] [5, -1, 13, -4]
[-14, -17, -21, 2] [19, 4, -20, 4] [-7, 7, -18, -23] [34, 18, -87, 5] [-1, -11, -8, 40] [-3, 11, -11, -2] [-32, -46, -3, 17]
[11, 16, 7, 4] [6, 3, -10, -8] [13, -2, 23, -6] [-8, 16, -22, 9] [8, -3, -9, 11] [23, -10, -16, 0] [28, 6, 9, 27]
[-6, 0, 0, -17] [-2, -7, -18, -1] [-6, 7, 19, -7] [-9, 23, -30, -13] [36, 12, -17, 17] [21, -30, -37, 15] [-6, 1, 11, 0]
Food (up, right, down, left):
[19, 19, -5, 18] [-2, 20, -5, -30] [29, -9, 0, 15] [-8, 1, 25, 31] [-10, 10, 21, -7] [-10, -11, -9, -18] [-29, 19, -17, -24]
[-63, -9, -19, -21] [9, -11, -13, -21] [-8, 15, 11, 27] [-11, 14, -31, 26] [29, 9, -1, -36] [31, -10, -27, 25] [5, -6, 12, 13]
[-24, 0, 12, -27] [8, -3, 4, 30] [-41, -27, -33, 36] [35, -35, 20, -11] [-5, -5, -5, -13] [2, 1, -33, -35] [28, 26, 5, 28]
[22, 10, 12, 53] [-3, -13, -37, 30] [3, -6, -30, -15] [0, 0, 0, 0] [-23, 68, -20, 9] [-24, -2, -24, 2] [-3, 32, -13, 14]
[-12, 8, -7, 20] [-2, 10, 7, 15] [13, -3, 30, -3] [-10, -16, 12, -9] [5, -8, 8, -36] [-11, 39, 18, 28] [0, -8, -4, -30]
[13, -12, 0, -3] [2, 24, 23, 10] [10, 2, 14, 24] [-14, -18, 13, -22] [-28, -27, -5, -31] [-10, 21, -6, 7] [17, 52, 2, 14]
[6, 4, -19, -25] [19, -7, 4, -46] [13, 22, 4, -15] [4, 16, 39, -41] [30, 29, -3, -9] [7, 28, 13, -12] [25, -31, 15, -20]
------------------------------
ALIVE
Head: (8 8)
Body: (8 8) (7 8) (7 7) (7 6) (7 5) (7 4) (8 4) (9 4) (10 4) (10 3) (10 2) (9 2) (8 2) 
Length: 13, 4
Vision: 3
Hungry, suplies: 6/10
Reproductive: 16, mutating: 0.25
Generation: 34519
####################################
Wall (up, right, down, left):
[14, -4, -13, 6] [3, -4, -7, 4] [-17, 13, 9, -6] [23, 12, 29, 1] [-10, 4, 27, -13] [6, -4, -2, -23] [-15, -16, -22, -11]
[-6, -11, 23, -9] [-1, 29, 0, 17] [-25, 1, 4, -4] [-15, 15, 11, 4] [24, 5, -10, 2] [-20, -18, 16, 13] [-18, -5, 7, 2]
[-6, -4, 45, -5] [-6, 22, -16, 8] [-16, -8, 32, -7] [-67, 18, 40, 19] [-39, -31, -27, 21] [-18, -24, 5, 26] [-32, -12, -7, -20]
[8, 32, 2, -49] [18, -6, 15, -29] [0, 21, -1, -90] [0, 0, 0, 0] [39, -95, 29, 3] [20, -6, 4, 15] [5, -1, 13, -4]
[-14, -17, -21, 2] [19, 4, -20, 4] [-7, 7, -18, -23] [34, 18, -87, 5] [-1, -11, -8, 40] [-3, 11, -11, -2] [-32, -46, -3, 17]
[11, 16, 7, 4] [6, 3, -10, -8] [13, -2, 23, -6] [-8, 16, -22, 9] [8, -3, -9, 11] [23, -10, -16, 0] [28, 6, 9, 27]
[-6, 0, 0, -17] [-2, -7, -18, -1] [-6, 7, 19, -7] [-9, 23, -30, -13] [36, 12, -17, 17] [21, -30, -37, 15] [-6, 1, 11, 0]
Food (up, right, down, left):
[19, 19, -5, 18] [-2, 20, -5, -30] [29, -9, 0, 15] [-8, 1, 25, 31] [-10, 10, 21, -7] [-10, -11, -9, -18] [-29, 19, -17, -24]
[-63, -9, -19, -21] [9, -11, -13, -21] [-8, 15, 11, 27] [-11, 14, -31, 26] [29, 9, -1, -36] [31, -10, -27, 25] [5, -6, 12, 13]
[-24, 0, 12, -27] [8, -3, 4, 30] [-41, -27, -33, 36] [35, -35, 20, -11] [-5, -5, -5, -13] [2, 1, -33, -35] [28, 26, 5, 28]
[22, 10, 12, 53] [-3, -13, -37, 30] [3, -6, -30, -15] [0, 0, 0, 0] [-23, 68, -20, 9] [-24, -2, -24, 2] [-3, 32, -13, 14]
[-12, 8, -7, 20] [-2, 10, 7, 15] [13, -3, 30, -3] [-10, -16, 12, -9] [5, -8, 8, -36] [-11, 39, 18, 28] [0, -8, -4, -30]
[13, -12, 0, -3] [2, 24, 23, 10] [10, 2, 14, 24] [-14, -18, 13, -22] [-28, -27, -5, -31] [-10, 21, -6, 7] [17, 52, 2, 14]
[6, 4, -19, -25] [19, -7, 4, -46] [13, 22, 4, -15] [4, 16, 39, -41] [30, 29, -3, -9] [7, 28, 13, -12] [25, -31, 15, -20]
------------------------------
ALIVE
Head: (10 34)
Body: (10 34) (9 34) (8 34) (8 33) (8 32) (8 31) (7 31) (7 32) (6 32) (5 32) 
Length: 10, 4
Vision: 3
Hungry, suplies: 8/10
Reproductive: 16, mutating: 0.25
Generation: 34520
####################################
Wall (up, right, down, left):
[14, -4, -13, 6] [3, -4, -7, 4] [-17, 13, 9, -6] [23, 12, 29, 1] [-10, 4, 27, -13] [6, -4, -2, -23] [-15, -16, -22, -11]
[-6, -11, 23, -9] [-1, 29, 0, 17] [-25, 1, 4, -4] [-15, 15, 11, 4] [24, 5, -10, 2] [-18, -18, 16, 13] [-18, -5, 7, 2]
[-6, -2, 45, -5] [-6, 22, -16, 8] [-16, -8, 32, -7] [-67, 18, 40, 19] [-39, -31, -27, 21] [-18, -24, 5, 26] [-32, -12, -7, -25]
[8, 32, 2, -49] [18, -6, 14, -29] [0, 21, 4, -90] [0, 0, 0, 0] [39, -95, 29, 3] [20, -11, 4, 15] [5, 2, 13, -4]
[-14, -17, -21, 2] [19, 4, -20, 4] [-7, 7, -18, -23] [34, 18, -87, 5] [-1, -11, -8, 40] [-3, 11, -11, -2] [-32, -46, -3, 17]
[11, 15, 7, 4] [6, 3, -10, -8] [13, -2, 23, -6] [-8, 16, -22, 9] [8, -3, -9, 11] [23, -10, -16, 1] [28, 6, 9, 27]
[-6, 0, 0, -17] [-2, -7, -18, -1] [-6, 7, 19, -7] [-9, 23, -30, -13] [36, 12, -17, 17] [21, -26, -37, 15] [-6, 1, 11, 0]
Food (up, right, down, left):
[19, 19, -5, 18] [-2, 20, -5, -30] [29, -9, 0, 15] [-8, 1, 25, 31] [-10, 10, 21, -7] [-10, -11, -9, -18] [-29, 19, -17, -24]
[-63, -9, -19, -21] [9, -11, -13, -21] [-8, 15, 11, 27] [-11, 14, -31, 26] [29, 9, -1, -36] [31, -13, -27, 25] [5, -6, 12, 13]
[-19, 0, 12, -27] [8, -3, 4, 30] [-41, -27, -33, 36] [35, -35, 20, -11] [-5, -5, -5, -13] [2, 1, -33, -35] [23, 26, 5, 28]
[22, 10, 12, 53] [-3, -13, -34, 30] [3, -6, -35, -15] [0, 0, 0, 0] [-23, 68, -20, 9] [-27, -2, -24, 2] [-3, 29, -13, 14]
[-12, 8, -7, 20] [-2, 10, 7, 15] [13, -3, 30, -3] [-10, -16, 12, -9] [5, -8, 8, -36] [-11, 39, 18, 28] [0, -8, -4, -30]
[13, -12, -3, -3] [2, 24, 23, 10] [10, 2, 14, 24] [-14, -18, 13, -22] [-28, -27, -5, -31] [-10, 21, -10, 7] [17, 52, 2, 14]
[6, 4, -19, -25] [19, -7, 4, -46] [13, 22, 4, -15] [4, 16, 39, -41] [30, 29, -3, -9] [7, 28, 15, -12] [25, -31, 15, -20]
------------------------------
ALIVE
Head: (24 3)
Body: (24 3) (23 3) (22 3) (21 3) (20 3) (19 3) (18 3) (17 3) (17 2) (16 2) (15 2) (15 1) (15 57) (15 56) (14 56) 
Length: 15, 4
Vision: 3
Hungry, suplies: 6/10
Reproductive: 16, mutating: 0.25
Generation: 34529
####################################
Wall (up, right, down, left):
[14, -4, -13, 6] [3, -4, -7, 4] [-17, 13, 9, -6] [23, 12, 29, 3] [-10, 4, 27, -13] [6, -4, -2, -23] [-15, -16, -22, -11]
[-6, -11, 23, -9] [-1, 29, 0, 17] [-25, 1, 4, -4] [-15, 15, 11, 4] [24, 5, -10, 2] [-20, -18, 16, 13] [-18, -5, 7, 2]
[-11, -4, 45, -5] [-6, 22, -16, 8] [-16, -8, 32, -7] [-67, 18, 40, 19] [-39, -31, -27, 21] [-18, -24, 5, 26] [-32, -12, -7, -20]
[8, 32, 2, -49] [18, -6, 15, -29] [0, 21, -1, -90] [0, 0, 0, 0] [39, -95, 29, 3] [20, -6, 4, 15] [5, -1, 13, -4]
[-14, -17, -21, 2] [19, 4, -20, 4] [-7, 7, -18, -23] [34, 18, -87, 5] [-1, -11, -8, 40] [-3, 11, -11, -2] [-32, -46, -3, 17]
[11, 16, 7, 4] [6, 3, -10, -8] [13, -2, 23, -6] [-8, 16, -22, 9] [8, -3, -9, 11] [23, -10, -16, 0] [28, 6, 9, 27]
[-6, 0, 0, -17] [-2, -7, -18, -1] [-6, 7, 19, -7] [-9, 23, -30, -13] [36, 12, -17, 17] [21, -26, -37, 15] [-6, 1, 11, 0]
Food (up, right, down, left):
[19, 19, -5, 18] [-2, 20, -5, -30] [29, -9, 0, 15] [-8, 1, 25, 33] [-10, 10, 21, -7] [-10, -11, -9, -18] [-29, 19, -17, -24]
[-63, -9, -19, -21] [9, -11, -13, -21] [-8, 15, 11, 27] [-11, 14, -31, 26] [29, 9, -1, -36] [31, -10, -27, 25] [5, -6, 12, 13]
[-24, 0, 8, -27] [8, -3, 4, 30] [-41, -27, -33, 36] [35, -35, 20, -11] [-5, -5, -5, -13] [2, 1, -33, -35] [28, 26, 5, 28]
[22, 10, 12, 53] [-3, -13, -37, 30] [3, -6, -30, -15] [0, 0, 0, 0] [-23, 68, -20, 9] [-24, -2, -24, 2] [-3, 32, -13, 14]
[-12, 8, -7, 20] [-2, 10, 7, 15] [13, -3, 30, -3] [-10, -16, 12, -9] [5, -8, 8, -36] [-11, 39, 18, 28] [0, -8, -4, -30]
[13, -12, 0, -3] [2, 24, 23, 10] [10, 2, 14, 24] [-14, -18, 13, -22] [-28, -27, -5, -31] [-10, 21, -6, 7] [17, 52, 2, 14]
[6, 4, -19, -25] [19, -7, 4, -46] [13, 22, 4, -15] [4, 16, 39, -41] [30, 29, -3, -9] [7, 28, 15, -12] [25, -31, 15, -20]
------------------------------
ALIVE
Head: (20 26)
Body: (20 26) (20 25) (19 25) (18 25) (17 25) (16 25) (15 25) (14 25) (13 25) (12 25) (11 25) (11 24) (10 24) 
Length: 13, 4
Vision: 3
Hungry, suplies: 10/10
Reproductive: 16, mutating: 0.25
Generation: 34524
####################################
Wall (up, right, down, left):
[14, -4, -13, 6] [3, -4, -7, 4] [-17, 13, 9, -6] [23, 12, 29, 1] [-10, 4, 26, -13] [6, -4, -2, -23] [-15, -16, -22, -11]
[-6, -11, 23, -9] [-1, 29, 0, 17] [-25, 1, 4, -4] [-15, 15, 11, 4] [24, 5, -10, 2] [-20, -18, 16, 13] [-18, -5, 7, 2]
[-6, -2, 45, -5] [-6, 22, -16, 11] [-16, -8, 32, -7] [-67, 18, 40, 19] [-39, -31, -27, 21] [-18, -24, 5, 26] [-32, -12, -7, -20]
[8, 34, 2, -49] [18, -6, 15, -29] [0, 21, -1, -90] [0, 0, 0, 0] [39, -95, 29, 3] [20, -11, 4, 15] [5, 2, 13, -4]
[-14, -17, -21, 2] [19, 4, -20, 4] [-7, 7, -18, -23] [34, 18, -87, 5] [-1, -11, -8, 40] [-3, 11, -11, -2] [-32, -46, -3, 17]
[11, 15, 7, 4] [6, 3, -10, -8] [13, -2, 23, -6] [-8, 16, -22, 9] [8, -3, -9, 11] [23, -10, -16, 1] [28, 6, 9, 27]
[-6, 0, 0, -17] [-2, -7, -18, -1] [-6, 7, 19, -7] [-9, 23, -30, -13] [36, 12, -17, 17] [21, -26, -37, 15] [-6, 1, 11, 0]
Food (up, right, down, left):
[19, 19, -5, 18] [-2, 20, -5, -30] [29, -9, 0, 15] [-8, 1, 25, 31] [-10, 10, 21, -9] [-10, -11, -9, -18] [-29, 19, -17, -24]
[-63, -9, -19, -21] [9, -11, -13, -21] [-8, 15, 11, 27] [-11, 14, -31, 26] [29, 9, -1, -36] [31, -10, -27, 25] [5, -6, 12, 13]
[-19, 0, 12, -27] [8, -3, 4, 28] [-41, -27, -33, 36] [35, -35, 20, -11] [-5, -5, -5, -13] [2, 1, -33, -35] [28, 26, 5, 28]
[27, 10, 12, 53] [-3, -13, -37, 30] [3, -6, -30, -15] [0, 0, 0, 0] [-23, 68, -20, 9] [-27, -2, -24, 2] [-3, 29, -13, 14]
[-12, 8, -7, 20] [-2, 10, 7, 15] [13, -3, 30, -3] [-10, -16, 12, -9] [5, -8, 8, -36] [-11, 39, 18, 28] [0, -8, -4, -30]
[13, -12, -3, -3] [2, 24, 23, 10] [10, 2, 14, 24] [-14, -18, 13, -22] [-28, -27, -5, -31] [-10, 21, -10, 7] [17, 52, 2, 14]
[6, 4, -19, -25] [19, -7, 4, -46] [13, 22, 4, -15] [4, 16, 39, -41] [30, 29, -3, -9] [7, 28, 15, -12] [25, -31, 15, -20]
------------------------------
ALIVE
Head: (5 33)
Body: (5 33) (6 33) (6 34) (6 35) (6 36) (5 36) (4 36) (4 35) (3 35) 
Length: 9, 4
Vision: 3
Hungry, suplies: 3/10
Reproductive: 16, mutating: 0.25
Generation: 34524
####################################
Wall (up, right, down, left):
[14, -4, -13, 6] [3, -4, -7, 4] [-17, 13, 9, -6] [23, 12, 29, 1] [-10, 4, 27, -13] [6, -4, -2, -23] [-15, -16, -22, -11]
[-7, -11, 23, -9] [-1, 29, 0, 17] [-25, 1, 4, -4] [-15, 15, 11, 4] [24, 5, -10, 2] [-20, -18, 16, 13] [-18, -5, 7, 2]
[-6, -4, 45, -5] [-6, 22, -16, 8] [-16, -8, 32, -7] [-67, 18, 40, 19] [-39, -31, -27, 21] [-18, -24, 5, 26] [-32, -12, -7, -20]
[8, 32, 2, -49] [18, -6, 15, -29] [0, 21, -1, -90] [0, 0, 0, 0] [39, -95, 29, 3] [20, -6, 4, 15] [5, -1, 13, -4]
[-14, -17, -21, 2] [19, 4, -20, 4] [-7, 7, -18, -23] [34, 18, -87, 5] [-1, -11, -8, 40] [-3, 11, -11, -2] [-32, -46, -3, 17]
[11, 16, 7, 4] [6, 3, -10, -8] [13, -2, 23, -6] [-8, 16, -22, 9] [8, -3, -9, 11] [23, -10, -16, 0] [28, 6, 9, 27]
[-6, 0, 0, -17] [-2, -7, -18, -1] [-6, 7, 19, -7] [-9, 23, -30, -13] [36, 12, -17, 17] [21, -26, -37, 15] [-6, 1, 11, 0]
Food (up, right, down, left):
[19, 19, -5, 18] [-2, 20, -5, -30] [29, -9, 0, 15] [-8, 1, 25, 31] [-10, 10, 21, -7] [-10, -11, -9, -18] [-29, 19, -17, -24]
[-63, -9, -21, -21] [9, -11, -13, -21] [-8, 15, 11, 27] [-11, 14, -31, 26] [29, 9, -1, -36] [31, -10, -27, 25] [5, -6, 12, 13]
[-24, 0, 12, -27] [8, -3, 4, 30] [-41, -27, -33, 36] [35, -35, 20, -11] [-5, -5, -5, -13] [2, 1, -33, -35] [28, 26, 5, 28]
[22, 10, 12, 53] [-3, -13, -37, 30] [3, -6, -30, -15] [0, 0, 0, 0] [-23, 68, -20, 9] [-24, -2, -24, 2] [-3, 32, -13, 14]
[-12, 8, -7, 20] [-2, 10, 7, 15] [13, -3, 30, -3] [-10, -16, 12, -9] [5, -8, 8, -36] [-11, 39, 18, 28] [0, -8, -4, -30]
[13, -12, 0, -3] [2, 24, 23, 10] [10, 2, 14, 24] [-14, -18, 13, -22] [-28, -27, -5, -31] [-10, 21, -6, 7] [17, 52, 2, 14]
[6, 4, -19, -25] [19, -7, 4, -46] [13, 22, 4, -15] [4, 16, 39, -41] [30, 29, -3, -9] [7, 28, 15, -12] [25, -31, 15, -20]
------------------------------
ALIVE
Head: (24 27)
Body: (-1 27) (0 27) (0 26) (0 25) (1 25) (2 25) (3 25) (3 24) (3 23) (4 23) (5 23) (5 22) 
Length: 12, 4
Vision: 3
Hungry, suplies: 9/10
Reproductive: 16, mutating: 0.25
Generation: 34521
####################################
Wall (up, right, down, left):
[14, -4, -13, 6] [3, -4, -7, 4] [-17, 13, 9, -6] [23, 12, 29, 1] [-10, 4, 27, -13] [6, -4, -2, -23] [-15, -16, -22, -11]
[-6, -11, 23, -9] [-1, 29, 0, 17] [-25, 1, 4, -4] [-15, 15, 11, 4] [24, 5, -10, 2] [-20, -18, 16, 13] [-18, -5, 7, 2]
[-6, -4, 45, -5] [-6, 22, -16, 8] [-16, -8, 32, -7] [-67, 18, 40, 19] [-39, -31, -27, 21] [-18, -24, 5, 26] [-32, -12, -7, -20]
[8, 32, 2, -49] [18, -6, 15, -29] [0, 21, -1, -90] [0, 0, 0, 0] [39, -95, 29, 3] [20, -6, 4, 15] [5, -1, 13, -4]
[-14, -17, -21, 2] [19, 4, -20, 4] [-7, 7, -18, -23] [34, 18, -87, 5] [-1, -11, -8, 40] [-3, 11, -11, -2] [-32, -46, -3, 17]
[11, 16, 7, 4] [6, 3, -10, -8] [13, -2, 23, -6] [-8, 16, -22, 9] [8, -3, -9, 11] [23, -10, -16, 0] [28, 6, 9, 27]
[-6, 0, 0, -17] [-2, -7, -18, -1] [-6, 7, 19, -7] [-9, 23, -30, -13] [36, 12, -17, 17] [21, -30, -37, 15] [-6, 1, 11, 0]
Food (up, right, down, left):
[19, 19, -5, 18] [-2, 20, -5, -30] [29, -9, 0, 15] [-8, 1, 25, 31] [-10, 10, 21, -7] [-10, -11, -9, -18] [-29, 19, -17, -24]
[-63, -9, -19, -21] [9, -11, -13, -21] [-8, 15, 11, 27] [-11, 14, -31, 26] [29, 9, -1, -36] [31, -10, -27, 25] [5, -6, 12, 13]
[-24, 0, 12, -27] [8, -3, 4, 30] [-41, -27, -33, 36] [35, -35, 20, -11] [-5, -5, -5, -13] [2, 1, -33, -35] [28, 26, 5, 28]
[22, 10, 12, 53] [-3, -13, -37, 30] [3, -6, -30, -15] [0, 0, 0, 0] [-23, 68, -20, 9] [-24, -2, -24, 2] [-3, 32, -13, 14]
[-12, 8, -7, 20] [-2, 10, 7, 15] [13, -3, 30, -3] [-10, -16, 12, -9] [5, -8, 8, -36] [-11, 39, 18, 28] [0, -8, -4, -30]
[13, -12, 0, -3] [2, 24, 23, 10] [10, 2, 14, 24] [-14, -18, 13, -22] [-28, -27, -5, -31] [-10, 21, -6, 7] [17, 52, 2, 14]
[6, 4, -19, -25] [19, -7, 4, -46] [13, 22, 4, -15] [4, 16, 39, -41] [30, 29, -3, -9] [7, 28, 13, -12] [25, -31, 15, -20]
------------------------------
ALIVE
Head: (24 55)
Body: (24 55) (24 54) (24 53) (24 52) (23 52) (22 52) (22 53) (21 53) (20 53) (19 53) (18 53) (18 52) (19 52) (19 51) (18 51) 
Length: 15, 4
Vision: 3
Hungry, suplies: 2/10
Reproductive: 16, mutating: 0.25
Generation: 34520
####################################
Wall (up, right, down, left):
[14, -4, -13, 6] [3, -4, -7, 4] [-17, 13, 9, -6] [23, 12, 29, 1] [-10, 4, 27, -13] [6, -4, -2, -23] [-15, -16, -22, -11]
[-6, -11, 23, -9] [-1, 29, 0, 17] [-25, 1, -3, -4] [-15, 15, 11, 4] [24, 5, -10, 2] [-20, -18, 16, 13] [-18, -5, 7, 2]
[-6, -2, 45, -5] [-6, 22, -16, 8] [-16, -8, 32, -7] [-67, 18, 40, 19] [-39, -31, -27, 21] [-18, -24, 5, 26] [-32, -12, -7, -20]
[8, 32, 2, -49] [18, -6, 15, -29] [0, 21, -1, -90] [0, 0, 0, 0] [39, -95, 29, 3] [20, -11, 4, 15] [5, 2, 13, -4]
[-14, -17, -21, 2] [19, 4, -20, 4] [-7, 7, -18, -23] [34, 18, -87, 5] [-1, -11, -8, 40] [-5, 11, -11, -2] [-32, -46, -3, 12]
[11, 15, 7, 4] [6, 3, -10, -8] [13, -2, 23, -6] [-8, 16, -22, 9] [8, -3, -9, 11] [23, -10, -16, 1] [28, 6, 9, 27]
[-6, 0, 0, -17] [-2, -7, -18, -1] [-6, 7, 19, -7] [-9, 23, -30, -13] [36, 12, -17, 17] [21, -26, -37, 15] [-8, 1, 11, 0]
Food (up, right, down, left):
[19, 19, -5, 18] [-2, 20, -5, -30] [29, -9, 0, 15] [-8, 1, 25, 31] [-10, 10, 21, -7] [-10, -11, -9, -18] [-29, 19, -17, -24]
[-63, -9, -19, -21] [9, -11, -13, -21] [-5, 15, 12, 27] [-11, 14, -31, 26] [29, 9, -1, -36] [31, -10, -27, 25] [5, -6, 12, 13]
[-19, 0, 12, -27] [8, -3, 4, 30] [-41, -27, -33, 36] [35, -35, 20, -11] [-5, -5, -5, -13] [2, 1, -33, -35] [28, 26, 5, 28]
[22, 10, 12, 53] [-3, -13, -37, 30] [3, -6, -30, -15] [0, 0, 0, 0] [-23, 68, -20, 9] [-27, -2, -24, 2] [-3, 29, -13, 14]
[-12, 8, -7, 20] [-2, 10, 7, 15] [13, -3, 30, -3] [-10, -16, 12, -9] [5, -8, 8, -36] [-11, 39, 18, 30] [0, -8, -4, -29]
[13, -12, -3, -3] [2, 24, 23, 10] [10, 2, 14, 24] [-14, -18, 13, -22] [-28, -27, -5, -31] [-10, 21, -10, 7] [17, 52, 2, 14]
[6, 4, -19, -25] [19, -7, 4, -46] [13, 22, 4, -15] [4, 16, 39, -41] [30, 29, -3, -9] [7, 28, 15, -12] [25, -31, 11, -20]
------------------------------
ALIVE
Head: (15 42)
Body: (15 42) (15 43) (14 43) (13 43) (12 43) (12 42) (12 41) 
Length: 7, 4
Vision: 3
Hungry, suplies: 8/10
Reproductive: 16, mutating: 0.25
Generation: 34528
####################################
Wall (up, right, down, left):
[14, -4, -13, 6] [3, -4, -7, 4] [-17, 13, 9, -6] [23, 12, 29, 1] [-10, 4, 27, -13] [6, -4, -2, -23] [-15, -16, -22, -11]
[-6, -11, 23, -9] [-1, 29, 0, 17] [-25, 1, 4, -4] [-15, 15, 11, 4] [24, 5, -10, 2] [-18, -18, 16, 13] [-18, -5, 7, 2]
[-6, -2, 45, -5] [-6, 22, -16, 8] [-16, -8, 32, -7] [-67, 18, 40, 19] [-39, -31, -27, 21] [-18, -24, 5, 26] [-32, -12, -7, -20]
[8, 32, 2, -49] [18, -6, 14, -29] [0, 21, 4, -90] [0, 0, 0, 0] [39, -95, 29, 3] [20, -11, 4, 15] [5, 2, 13, -4]
[-14, -17, -21, 2] [19, 4, -20, 4] [-7, 7, -18, -23] [34, 18, -87, 5] [-1, -11, -8, 40] [-3, 11, -11, -2] [-32, -46, -3, 17]
[11, 15, 7, 4] [9, 3, -10, -8] [13, -2, 23, -6] [-8, 16, -22, 9] [8, -3, -9, 11] [23, -10, -16, 1] [28, 6, 9, 27]
[-6, 0, 0, -17] [-2, -7, -18, -1] [-6, 7, 19, -7] [-9, 23, -30, -13] [36, 12, -17, 17] [21, -26, -37, 15] [-6, 1, 11, 0]
Food (up, right, down, left):
[19, 19, -5, 18] [-2, 20, -5, -30] [29, -9, 0, 15] [-8, 1, 25, 31] [-10, 10, 21, -7] [-10, -11, -9, -18] [-29, 19, -17, -24]
[-63, -9, -19, -21] [9, -11, -13, -21] [-8, 15, 11, 27] [-11, 14, -31, 26] [29, 9, -1, -36] [31, -13, -27, 25] [5, -6, 12, 13]
[-19, 0, 12, -27] [8, -3, 4, 30] [-41, -27, -33, 36] [35, -35, 20, -11] [-5, -5, -5, -13] [2, 1, -33, -35] [28, 26, 5, 28]
[22, 10, 12, 53] [-3, -13, -34, 30] [3, -6, -35, -15] [0, 0, 0, 0] [-23, 68, -20, 9] [-27, -2, -24, 2] [-3, 29, -13, 14]
[-12, 8, -7, 20] [-2, 10, 7, 15] [13, -3, 30, -3] [-10, -16, 12, -9] [5, -8, 8, -36] [-11, 39, 18, 28] [0, -8, -4, -30]
[13, -12, -3, -3] [2, 26, 23, 10] [10, 2, 14, 24] [-14, -18, 13, -22] [-28, -27, -5, -31] [-10, 21, -10, 7] [17, 52, 2, 14]
[6, 4, -19, -25] [19, -7, 4, -46] [13, 22, 4, -15] [4, 16, 39, -41] [30, 29, -3, -9] [7, 28, 15, -12] [25, -31, 15, -20]
------------------------------
ALIVE
Head: (13 47)
Body: (13 47) (13 48) (14 48) (15 48) (15 49) (14 49) (13 49) (12 49) (11 49) (11 48) 
Length: 10, 4
Vision: 3
Hungry, suplies: 4/10
Reproductive: 16, mutating: 0.25
Generation: 34528
####################################
Wall (up, right, down, left):
[14, -4, -13, 6] [3, -4, -7, 4] [-17, 13, 9, -6] [23, 12, 29, 1] [-10, 4, 27, -13] [6, -4, -2, -23] [-15, -16, -22, -11]
[-6, -11, 23, -9] [-1, 29, 0, 17] [-25, 1, 4, -4] [-15, 15, 11, 4] [24, 5, -10, 2] [-18, -18, 16, 13] [-18, -5, 7, 2]
[-6, -2, 45, -5] [-6, 22, -16, 8] [-16, -8, 32, -7] [-67, 18, 40, 19] [-39, -31, -27, 21] [-18, -24, 5, 26] [-32, -12, -7, -20]
[8, 32, 2, -49] [18, -6, 14, -29] [0, 21, 4, -90] [0, 0, 0, 0] [39, -95, 29, 3] [20, -11, 4, 15] [5, 2, 13, -4]
[-14, -17, -21, 2] [19, 4, -20, 4] [-7, 7, -18, -23] [34, 18, -87, 5] [-1, -11, -8, 40] [-3, 11, -11, -2] [-32, -46, -3, 17]
[11, 15, 7, 4] [9, 3, -10, -8] [13, -2, 23, -6] [-8, 19, -22, 9] [8, -3, -9, 11] [23, -10, -16, 1] [28, 6, 9, 27]
[-6, 0, 0, -17] [-2, -7, -18, -1] [-6, 7, 19, -7] [-9, 23, -30, -13] [36, 12, -17, 17] [21, -26, -37, 15] [-6, 1, 11, 0]
Food (up, right, down, left):
[19, 19, -5, 18] [-2, 20, -5, -30] [29, -9, 0, 15] [-8, 1, 25, 31] [-10, 10, 21, -7] [-10, -11, -9, -18] [-29, 19, -17, -24]
[-63, -9, -19, -21] [9, -11, -13, -21] [-8, 15, 11, 27] [-11, 14, -31, 26] [29, 9, -1, -36] [31, -13, -27, 25] [5, -6, 12, 13]
[-19, 0, 12, -27] [8, -3, 4, 30] [-41, -27, -33, 36] [35, -35, 20, -11] [-5, -5, -5, -13] [2, 1, -33, -35] [28, 26, 5, 28]
[22, 10, 12, 53] [-3, -13, -34, 30] [3, -6, -35, -15] [0, 0, 0, 0] [-23, 68, -20, 9] [-27, -2, -24, 2] [-3, 29, -13, 14]
[-12, 8, -7, 20] [-2, 10, 7, 15] [13, -3, 30, -3] [-10, -16, 12, -9] [5, -8, 8, -36] [-11, 39, 18, 28] [0, -8, -4, -30]
[13, -12, -3, -3] [2, 26, 23, 10] [10, 2, 14, 24] [-14, -18, 17, -22] [-28, -27, -5, -31] [-10, 21, -10, 7] [17, 52, 2, 14]
[6, 4, -19, -25] [19, -7, 4, -46] [13, 22, 4, -15] [4, 16, 39, -41] [30, 29, -3, -9] [7, 28, 15, -12] [25, -31, 15, -20]
------------------------------
ALIVE
Head: (24 0)
Body: (24 0) (23 0) (22 0) (21 0) (20 0) (19 0) (18 57) (18 56) (19 56) (20 56) (20 55) (20 54) 
Length: 12, 4
Vision: 3
Hungry, suplies: 10/10
Reproductive: 16, mutating: 0.25
Generation: 34530
####################################
Wall (up, right, down, left):
[14, -4, -13, 6] [3, -4, -7, 4] [-17, 13, 9, -6] [23, 12, 29, 1] [-10, 4, 27, -13] [6, -4, -2, -23] [-15, -16, -22, -11]
[-7, -11, 23, -9] [-1, 29, 0, 17] [-25, 1, 4, -4] [-15, 15, 11, 4] [24, 5, -10, 2] [-20, -18, 16, 13] [-18, -5, 7, 2]
[-6, -4, 45, -5] [-6, 22, -16, 8] [-16, -8, 32, -7] [-67, 18, 40, 19] [-39, -31, -27, 21] [-18, -24, 5, 26] [-32, -12, -7, -20]
[8, 32, 2, -49] [18, -6, 15, -29] [0, 21, -1, -90] [0, 0, 0, 0] [39, -95, 29, 3] [20, -6, 4, 15] [5, -1, 13, -4]
[-14, -17, -21, 2] [19, 4, -20, 4] [-7, 7, -18, -23] [34, 18, -87, 5] [-1, -11, -8, 40] [-3, 11, -11, -2] [-32, -46, -3, 17]
[11, 16, 7, 4] [6, 3, -10, -8] [13, -2, 23, -6] [-8, 16, -22, 9] [8, -3, -9, 11] [23, -10, -16, 0] [28, 6, 9, 27]
[-6, 0, 0, -17] [-2, -7, -18, -1] [-6, 7, 19, -7] [-9, 23, -30, -13] [36, 12, -17, 17] [21, -26, -37, 15] [-6, 1, 11, 0]
Food (up, right, down, left):
[19, 19, -5, 18] [-2, 20, -5, -30] [29, -9, 0, 15] [-8, 1, 25, 31] [-10, 10, 21, -7] [-10, -11, -9, -18] [-29, 19, -17, -24]
[-63, -9, -21, -21] [9, -11, -13, -21] [-8, 15, 11, 27] [-11, 14, -31, 26] [29, 9, -1, -36] [28, -10, -27, 25] [5, -6, 12, 13]
[-24, 0, 12, -27] [8, -3, 4, 30] [-41, -27, -33, 36] [35, -35, 20, -11] [-5, -5, -5, -13] [2, 1, -33, -35] [28, 26, 5, 28]
[22, 10, 12, 53] [-3, -13, -37, 30] [3, -6, -30, -15] [0, 0, 0, 0] [-23, 68, -20, 9] [-24, -2, -24, 2] [-3, 32, -13, 14]
[-12, 8, -7, 20] [-2, 10, 7, 15] [13, -3, 30, -3] [-10, -16, 12, -9] [5, -8, 8, -36] [-11, 39, 18, 28] [0, -8, -4, -30]
[13, -12, 0, -3] [2, 24, 23, 10] [10, 2, 14, 24] [-14, -18, 13, -22] [-28, -27, -5, -31] [-10, 21, -6, 7] [17, 52, 2, 14]
[6, 4, -19, -25] [19, -7, 4, -46] [13, 22, 4, -15] [4, 16, 39, -41] [30, 29, -3, -9] [7, 28, 15, -12] [25, -31, 15, -20]
------------------------------
ALIVE
Head: (12 32)
Body: (12 32) (12 33) (11 33) (11 32) (11 31) (10 31) (9 31) (9 30) (8 30) (7 30) (6 30) (5 30) (5 29) (4 29) (3 29) 
Length: 15, 4
Vision: 3
Hungry, suplies: 9/10
Reproductive: 16, mutating: 0.25
Generation: 34520
####################################
Wall (up, right, down, left):
[14, -4, -13, 6] [3, -4, -7, 4] [-17, 13, 9, -6] [23, 12, 29, 1] [-10, 4, 27, -13] [6, -4, -2, -23] [-15, -16, -22, -11]
[-6, -11, 23, -11] [-1, 29, 0, 17] [-25, 1, 4, -4] [-15, 15, 11, 4] [24, 5, -10, 2] [-20, -18, 16, 13] [-18, -5, 7, 2]
[-6, -4, 45, -5] [-6, 22, -16, 8] [-15, -8, 32, -7] [-67, 18, 40, 19] [-39, -31, -27, 21] [-18, -24, 5, 26] [-32, -12, -7, -20]
[8, 32, 2, -49] [18, -6, 15, -29] [0, 21, -1, -90] [0, 0, 0, 0] [39, -95, 29, 3] [20, -6, 4, 15] [5, 2, 13, -4]
[-14, -17, -21, 2] [19, 4, -20, 4] [-7, 7, -18, -23] [34, 18, -87, 5] [-1, -11, -8, 40] [-3, 11, -11, -2] [-32, -46, -3, 17]
[11, 16, 7, 4] [6, 3, -10, -8] [13, -2, 23, -6] [-8, 16, -22, 9] [8, -3, -9, 11] [23, -10, -16, 0] [28, 6, 9, 27]
[-6, 0, 0, -17] [-2, -7, -18, -1] [-6, 7, 19, -7] [-9, 23, -30, -13] [36, 12, -17, 17] [21, -26, -37, 15] [-6, 1, 11, 0]
Food (up, right, down, left):
[19, 19, -5, 18] [-2, 20, -5, -30] [29, -9, 0, 15] [-8, 1, 25, 31] [-10, 10, 21, -7] [-10, -11, -9, -18] [-29, 19, -17, -24]
[-63, -11, -19, -21] [9, -11, -13, -21] [-8, 15, 11, 27] [-11, 14, -31, 26] [29, 9, -1, -36] [31, -10, -27, 25] [5, -6, 12, 13]
[-24, 0, 12, -27] [8, -3, 4, 30] [-41, -27, -28, 36] [35, -35, 20, -11] [-5, -5, -5, -13] [2, 1, -33, -35] [28, 26, 5, 28]
[22, 10, 12, 53] [-3, -13, -37, 30] [3, -6, -30, -15] [0, 0, 0, 0] [-23, 68, -20, 9] [-24, -2, -24, 2] [-3, 29, -13, 14]
[-12, 8, -7, 20] [-2, 10, 7, 15] [13, -3, 30, -3] [-10, -16, 12, -9] [5, -8, 8, -36] [-11, 39, 18, 28] [0, -8, -4, -30]
[13, -12, 0, -3] [2, 24, 23, 10] [10, 2, 14, 24] [-14, -18, 13, -22] [-28, -27, -5, -31] [-10, 19, -6, 7] [17, 52, 2, 14]
[6, 4, -19, -25] [19, -7, 4, -46] [13, 22, 4, -15] [4, 16, 39, -41] [30, 29, -3, -9] [7, 28, 15, -12] [25, -31, 15, -20]
------------------------------
ALIVE
Head: (15 13)
Body: (15 13) (15 14) (15 15) (15 16) (15 17) (14 17) (14 18) (15 18) (16 18) (16 17) (16 16) 
Length: 11, 4
Vision: 3
Hungry, suplies: 10/10
Reproductive: 16, mutating: 0.25
Generation: 34523
####################################
Wall (up, right, down, left):
[14, -4, -13, 6] [3, -4, -7, 4] [-17, 13, 9, -6] [23, 12, 29, 1] [-10, 4, 27, -13] [6, -4, -2, -23] [-15, -16, -22, -11]
[-7, -11, 23, -9] [-1, 29, 0, 17] [-25, 1, 4, -4] [-15, 15, 11, 4] [24, 5, -10, 2] [-20, -18, 16, 13] [-18, -5, 7, 2]
[-6, -4, 45, -5] [-6, 22, -16, 8] [-16, -8, 32, -7] [-67, 18, 40, 19] [-39, -31, -27, 21] [-18, -24, 5, 26] [-32, -12, -7, -20]
[8, 32, 2, -49] [18, -6, 15, -29] [0, 21, -1, -90] [0, 0, 0, 0] [39, -95, 29, 3] [20, -6, 4, 15] [5, -1, 13, -4]
[-14, -17, -21, 2] [19, 4, -20, 4] [-7, 7, -18, -23] [34, 18, -87, 5] [-1, -11, -8, 40] [-3, 11, -11, -2] [-32, -46, -3, 17]
[11, 16, 7, 4] [6, 3, -10, -8] [13, -2, 23, -6] [-8, 16, -22, 9] [8, -3, -9, 11] [23, -10, -16, 0] [28, 6, 9, 27]
[-6, 0, 0, -17] [-2, -7, -18, -1] [-6, 7, 19, -7] [-9, 23, -30, -13] [36, 12, -17, 17] [21, -26, -37, 15] [-6, 1, 11, 0]
Food (up, right, down, left):
[19, 19, -5, 18] [-2, 20, -5, -30] [29, -9, 0, 15] [-8, 1, 25, 31] [-10, 10, 21, -7] [-10, -11, -9, -18] [-29, 19, -17, -24]
[-63, -9, -21, -21] [9, -11, -13, -21] [-8, 15, 11, 27] [-11, 14, -31, 26] [29, 9, -1, -36] [31, -10, -27, 25] [5, -6, 12, 13]
[-24, 0, 12, -27] [8, -3, 4, 30] [-41, -27, -33, 36] [35, -35, 20, -11] [-5, -5, -5, -13] [2, 1, -33, -35] [28, 26, 5, 28]
[22, 10, 12, 53] [-3, -13, -37, 30] [3, -6, -30, -15] [0, 0, 0, 0] [-23, 68, -20, 9] [-24, -2, -24, 2] [-3, 32, -13, 14]
[-12, 8, -7, 20] [-2, 10, 7, 15] [13, -3, 30, -3] [-10, -16, 12, -9] [5, -8, 8, -36] [-11, 39, 18, 28] [0, -8, -4, -30]
[13, -12, 0, -3] [2, 24, 23, 10] [10, 2, 14, 24] [-14, -18, 13, -22] [-28, -27, -5, -31] [-10, 21, -6, 7] [17, 52, 2, 14]
[6, 4, -19, -25] [19, -7, 4, -46] [13, 22, 4, -15] [4, 16, 39, -41] [30, 29, -3, -9] [7, 28, 15, -12] [25, -31, 15, -20]
------------------------------
ALIVE
Head: (3 10)
Body: (3 10) (3 11) (4 11) (5 11) (5 12) (5 13) (6 13) (6 12) (6 11) (7 11) (8 11) 
Length: 11, 4
Vision: 3
Hungry, suplies: 9/10
Reproductive: 16, mutating: 0.25
Generation: 34522
####################################
Wall (up, right, down, left):
[14, -4, -13, 6] [3, -4, -7, 4] [-17, 13, 9, -6] [23, 12, 29, 3] [-10, 4, 27, -13] [6, -4, -2, -23] [-15, -16, -22, -11]
[-6, -11, 23, -9] [-1, 29, 0, 17] [-25, 1, 4, -4] [-15, 15, 11, 4] [24, 5, -10, 2] [-20, -18, 16, 13] [-18, -5, 7, 2]
[-11, -4, 45, -5] [-6, 22, -16, 8] [-16, -8, 32, -7] [-67, 18, 40, 19] [-39, -31, -27, 21] [-18, -24, 5, 26] [-32, -12, -7, -20]
[8, 32, 2, -49] [18, -6, 15, -29] [0, 21, -1, -90] [0, 0, 0, 0] [39, -95, 29, 3] [20, -6, 4, 15] [5, -1, 13, -4]
[-14, -17, -21, 2] [19, 4, -20, 4] [-7, 7, -18, -23] [34, 18, -87, 5] [-1, -11, -8, 40] [-3, 11, -11, -2] [-32, -46, -3, 17]
[11, 16, 7, 4] [6, 3, -10, -8] [13, -2, 23, -6] [-8, 16, -22, 9] [8, -3, -9, 11] [23, -10, -16, 0] [28, 6, 9, 27]
[-6, 0, 0, -17] [-2, -7, -18, -1] [-6, 7, 19, -7] [-9, 23, -30, -13] [36, 12, -17, 17] [21, -26, -37, 15] [-6, 1, 11, 0]
Food (up, right, down, left):
[19, 19, -5, 18] [-2, 20, -5, -30] [29, -9, 0, 15] [-8, 1, 25, 33] [-10, 10, 21, -7] [-10, -11, -9, -18] [-29, 19, -17, -24]
[-63, -9, -19, -21] [9, -11, -13, -21] [-8, 15, 11, 27] [-11, 14, -31, 26] [29, 9, -1, -36] [31, -10, -27, 25] [5, -6, 12, 13]
[-24, 0, 8, -27] [8, -3, 4, 30] [-41, -27, -33, 36] [35, -35, 20, -11] [-5, -5, -5, -13] [2, 1, -33, -35] [28, 26, 5, 28]
[22, 10, 12, 53] [-3, -13, -37, 30] [3, -6, -30, -15] [0, 0, 0, 0] [-23, 68, -20, 9] [-24, -2, -24, 2] [-3, 32, -13, 14]
[-12, 8, -7, 20] [-2, 10, 7, 15] [13, -3, 30, -3] [-10, -16, 12, -9] [5, -8, 8, -36] [-11, 39, 18, 28] [0, -8, -4, -30]
[13, -12, 0, -3] [2, 24, 23, 10] [10, 2, 14, 24] [-14, -18, 13, -22] [-28, -27, -5, -31] [-10, 21, -6, 7] [17, 52, 2, 14]
[6, 4, -19, -25] [19, -7, 4, -46] [13, 22, 4, -15] [4, 16, 39, -41] [30, 29, -3, -9] [7, 28, 15, -12] [25, -31, 15, -20]
------------------------------
ALIVE
Head: (17 4)
Body: (17 4) (16 4) (15 4) (14 4) (14 3) (13 3) (12 3) (12 4) 
Length: 8, 4
Vision: 3
Hungry, suplies: 2/10
Reproductive: 16, mutating: 0.25
Generation: 34523
####################################
Wall (up, right, down, left):
[14, -4, -13, 6] [3, -4, -7, 4] [-17, 13, 9, -6] [23, 12, 29, 1] [-10, 4, 27, -13] [6, -4, -2, -23] [-15, -16, -22, -11]
[-6, -11, 23, -9] [-1, 29, 0, 17] [-25, 1, 4, -4] [-15, 15, 11, 4] [24, 5, -10, 2] [-20, -18, 16, 13] [-18, -5, 7, 2]
[-6, -4, 45, -5] [-6, 22, -16, 8] [-16, -8, 32, -7] [-67, 18, 40, 19] [-39, -31, -27, 21] [-18, -24, 5, 26] [-32, -12, -7, -20]
[8, 32, 2, -49] [18, -6, 15, -29] [0, 21, -1, -90] [0, 0, 0, 0] [39, -95, 29, 3] [20, -6, 4, 15] [5, -1, 13, -4]
[-14, -17, -21, 2] [19, 4, -20, 4] [-7, 7, -18, -23] [34, 18, -87, 5] [-1, -11, -8, 40] [-3, 11, -11, -2] [-32, -46, -3, 17]
[11, 16, 7, 4] [6, 3, -10, -8] [13, -2, 23, -6] [-8, 16, -22, 9] [8, -3, -9, 11] [23, -10, -16, 0] [28, 6, 9, 27]
[-6, 0, 0, -17] [-2, -7, -18, -1] [-6, 7, 19, -7] [-9, 23, -30, -13] [36, 12, -17, 17] [21, -30, -37, 15] [-6, 1, 11, 0]
Food (up, right, down, left):
[19, 19, -5, 18] [-2, 20, -5, -30] [29, -9, 0, 15] [-8, 1, 25, 31] [-10, 10, 21, -7] [-10, -11, -9, -18] [-29, 19, -17, -24]
[-63, -9, -19, -21] [9, -11, -13, -21] [-8, 15, 11, 27] [-11, 14, -31, 26] [29, 9, -1, -36] [31, -10, -27, 25] [5, -6, 12, 13]
[-24, 0, 12, -27] [8, -3, 4, 30] [-41, -27, -33, 36] [35, -35, 20, -11] [-5, -5, -5, -13] [2, 1, -33, -35] [28, 26, 5, 28]
[22, 10, 12, 53] [-3, -13, -37, 30] [3, -6, -30, -15] [0, 0, 0, 0] [-23, 68, -20, 9] [-24, -2, -24, 2] [-3, 32, -13, 14]
[-12, 8, -7, 20] [-2, 10, 7, 15] [13, -3, 30, -3] [-10, -16, 12, -9] [5, -8, 8, -36] [-11, 39, 18, 28] [0, -8, -4, -30]
[13, -12, 0, -3] [2, 24, 23, 10] [10, 2, 14, 24] [-14, -18, 13, -22] [-28, -27, -5, -31] [-10, 21, -6, 7] [17, 52, 2, 14]
[6, 4, -19, -25] [19, -7, 4, -46] [13, 22, 4, -15] [4, 16, 39, -41] [30, 29, -3, -9] [7, 28, 13, -12] [25, -31, 15, -20]
------------------------------
ALIVE
Head: (11 39)
Body: (11 39) (10 39) (9 39) (8 39) (7 39) (7 38) (7 37) (7 36) (7 35) 
Length: 9, 4
Vision: 3
Hungry, suplies: 6/10
Reproductive: 16, mutating: 0.25
Generation: 34519
####################################
