Wall (up, right, down, left):
[-12, -5, -9, -13] [-2, 5, -2, -21] [-15, -18, -5, -14] [10, 12, 25, 9] [-7, 16, 37, 0] [6, -4, -27, -12] [0, -26, -4, -10]
[-34, 3, 23, -9] [36, 28, 0, -5] [-48, 18, 12, -1] [-40, 6, 30, 9] [27, 34, 1, 10] [-36, -17, -10, -24] [-23, 4, 10, -4]
[-11, 31, 28, 41] [-16, 35, -20, -13] [-7, 1, 67, -1] [-105, 23, 52, -4] [-45, -57, -19, 32] [-17, -28, -13, -7] [-4, -22, -18, 2]
[-27, 60, -19, -31] [11, -4, 27, -35] [15, 40, 12, -127] [0, 0, 0, 0] [50, -122, 22, 17] [18, -13, -5, 3] [11, 20, 33, -4]
[5, -37, 19, 12] [8, -8, -18, -28] [-17, -20, -30, -42] [67, 3, -135, 34] [15, -5, -49, 55] [9, 23, -12, 18] [-3, -77, -25, 35]
[22, 27, 11, -18] [-30, 10, -2, 1] [28, 0, 27, -10] [1, -6, -20, -7] [-9, -3, -35, -21] [-3, -26, -23, 9] [44, 12, 14, -7]
[-21, 8, 17, -19] [-4, -10, -49, -9] [12, -4, 30, 17] [-28, 18, -60, -25] [24, 3, -14, 38] [34, -9, -25, 28] [8, -12, 30, 5]
Food (up, right, down, left):
[17, 22, -25, 18] [-24, 31, 11, -30] [8, -15, 3, 15] [-20, 6, 59, 15] [12, -22, 53, 0] [13, -35, -21, -30] [-76, 21, 19, -33]
[-77, 17, -45, -7] [5, -24, -37, 3] [1, 10, 40, 30] [-22, 10, -53, 48] [16, 27, 0, -60] [35, 9, -59, 11] [9, -7, 26, 47]
[-25, -2, 42, -30] [27, 13, -7, 31] [-32, -47, -26, 28] [61, -38, 26, 6] [0, -20, -16, -30] [-13, 22, -55, -28] [68, 38, 35, 29]
[8, 35, -14, 43] [-17, -5, -14, 25] [-4, -13, -30, -14] [0, 0, 0, 0] [-19, 52, -52, 4] [-4, -31, -45, -23] [-18, 53, -13, -2]
[13, 22, -17, 23] [19, 28, -2, 45] [23, -19, 36, 25] [-1, -58, 51, -17] [-5, 20, 13, -15] [18, 43, 20, 6] [-14, -31, -21, -11]
[3, -40, -15, -2] [7, 13, 8, -26] [21, -9, 22, 39] [-44, -35, 56, -22] [-55, -33, 18, -60] [-38, 56, 35, 21] [-6, 50, 39, 30]
[33, 14, -20, -13] [-9, -1, 28, -80] [38, 23, 4, -16] [8, -8, -10, -19] [79, 43, 14, -28] [-9, 37, 4, 0] [25, -36, 19, -23]
------------------------------
ALIVE
Head: (17 27)
Body: (17 27) (18 27) (18 28) (18 29) (18 30) (17 30) (16 30) (15 30) (14 30) (13 30) (12 30) (11 30) (10 30) (10 31) 
Length: 14, 4
Vision: 3
Hungry, suplies: 6/10
Reproductive: 16, mutating: 0.25
Generation: 62987
####################################
Wall (up, right, down, left):
[-12, -5, -9, -13] [-2, 5, -2, -21] [-15, -18, -5, -14] [10, 12, 25, 9] [-7, 16, 37, 0] [6, -4, -27, -12] [0, -26, -4, -10]
[-34, 3, 23, -9] [36, 28, 0, -5] [-48, 18, 12, -1] [-40, 6, 30, 8] [27, 34, 1, 10] [-36, -17, -10, -24] [-23, 4, 10, -4]
[-11, 31, 28, 41] [-16, 35, -20, -13] [-7, 1, 67, -1] [-105, 23, 52, -4] [-45, -57, -19, 32] [-17, -28, -13, -7] [-4, -22, -18, 2]
[-27, 60, -19, -31] [11, -4, 27, -35] [15, 40, 12, -127] [0, 0, 0, 0] [50, -122, 22, 17] [18, -13, -5, 3] [11, 20, 33, -4]
[5, -37, 19, 12] [8, -8, -18, -28] [-17, -20, -30, -42] [67, 3, -135, 34] [15, 0, -49, 55] [9, 23, -12, 18] [-3, -77, -25, 35]
[22, 27, 11, -18] [-30, 10, -2, 1] [28, 0, 27, -10] [1, -6, -20, -7] [-9, -3, -35, -21] [-3, -26, -23, 9] [44, 12, 14, -7]
[-21, 8, 17, -19] [-4, -10, -49, -9] [12, -4, 30, 17] [-28, 18, -60, -25] [24, 3, -14, 38] [34, -9, -26, 28] [8, -12, 30, 5]
Food (up, right, down, left):
[17, 22, -25, 18] [-24, 31, 11, -30] [8, -15, 3, 15] [-20, 6, 59, 15] [12, -22, 53, 0] [13, -35, -21, -30] [-76, 21, 19, -33]
[-77, 17, -45, -7] [5, -24, -37, 3] [1, 10, 40, 30] [-22, 10, -53, 44] [16, 27, 0, -60] [35, 9, -59, 11] [9, -7, 26, 47]
[-25, -2, 42, -30] [27, 13, -7, 31] [-32, -47, -26, 28] [61, -38, 26, 6] [0, -20, -16, -30] [-13, 22, -55, -28] [68, 38, 35, 29]
[8, 35, -14, 43] [-17, -5, -14, 25] [-4, -13, -30, -14] [0, 0, 0, 0] [-19, 52, -52, 4] [-4, -31, -45, -23] [-18, 53, -13, -2]
[13, 22, -17, 23] [19, 28, -2, 45] [23, -19, 36, 25] [-1, -58, 51, -17] [-5, 20, 13, -20] [18, 43, 20, 6] [-14, -31, -21, -11]
[3, -40, -15, -2] [7, 13, 8, -26] [21, -9, 22, 39] [-44, -35, 56, -22] [-55, -33, 18, -60] [-38, 56, 35, 21] [-6, 50, 39, 30]
[33, 14, -20, -13] [-9, -1, 28, -80] [38, 23, 4, -16] [8, -8, -10, -19] [79, 43, 14, -28] [-9, 37, 4, 2] [25, -36, 19, -23]
------------------------------
ALIVE
Head: (16 8)
Body: (16 8) (15 8) (14 8) (14 7) (15 7) (16 7) (17 7) (17 6) (18 6) 
Length: 9, 4
Vision: 3
Hungry, suplies: 10/10
Reproductive: 16, mutating: 0.25
Generation: 62987
####################################
Wall (up, right, down, left):
[-12, -5, -9, -13] [-2, 3, -2, -21] [-15, -18, -5, -14] [10, 15, 25, 9] [-7, 16, 37, 0] [6, -4, -27, -12] [0, -26, -4, -10]
[-34, 3, 23, -9] [36, 28, 0, -6] [-48, 18, 12, -1] [-40, 6, 30, 9] [25, 34, 1, 10] [-36, -17, -10, -24] [-24, 4, 10, -4]
[-11, 31, 28, 41] [-16, 35, -17, -13] [-7, 4, 67, -1] [-105, 23, 55, -4] [-45, -57, -19, 32] [-17, -28, -13, -7] [-4, -22, -18, 2]
[-27, 55, -19, -31] [11, -4, 27, -35] [15, 40, 12, -127] [0, 0, 0, 0] [50, -122, 22, 15] [18, -18, -5, 3] [11, 20, 33, -4]
[5, -37, 19, 12] [8, -8, -18, -28] [-17, -20, -30, -42] [65, 3, -135, 34] [15, -5, -49, 55] [9, 23, -12, 13] [-3, -77, -25, 30]
[22, 32, 11, -18] [-30, 10, -2, 2] [28, 0, 27, -10] [1, -6, -20, -7] [-8, -3, -35, -21] [-3, -30, -23, 9] [44, 12, 14, -7]
[-21, 8, 17, -19] [-4, -10, -52, -9] [12, -4, 33, 17] [-28, 18, -60, -25] [24, 4, -14, 38] [34, -9, -26, 27] [8, -12, 30, 3]
Food (up, right, down, left):
[17, 22, -25, 18] [-24, 31, 11, -27] [8, -15, 3, 15] [-20, 6, 59, 16] [12, -22, 53, 0] [13, -35, -21, -30] [-76, 21, 19, -33]
[-77, 17, -45, -7] [5, -21, -37, 3] [1, 10, 40, 33] [-22, 10, -53, 48] [16, 28, 0, -60] [35, 9, -59, 11] [5, -7, 26, 47]
[-25, -2, 42, -30] [27, 14, -7, 31] [-32, -50, -26, 28] [61, -38, 26, 3] [0, -20, -16, -30] [-13, 22, -55, -28] [68, 38, 35, 29]
[8, 35, -14, 43] [-17, -5, -14, 25] [-4, -17, -30, -14] [0, 0, 0, 0] [-19, 53, -52, 4] [-4, -30, -45, -21] [-17, 53, -13, -2]
[13, 22, -17, 23] [19, 28, -2, 45] [23, -19, 36, 25] [-1, -58, 50, -17] [-5, 20, 13, -15] [18, 43, 20, 5] [-14, -34, -16, -11]
[8, -40, -15, -2] [7, 13, 8, -31] [21, -9, 22, 39] [-44, -35, 56, -22] [-55, -33, 19, -60] [-36, 56, 35, 21] [-6, 50, 39, 30]
[33, 14, -20, -13] [-9, -1, 24, -80] [38, 23, 4, -21] [8, -8, -10, -19] [79, 43, 15, -28] [-9, 37, 6, 2] [25, -36, 20, -23]
------------------------------
ALIVE
Head: (18 1)
Body: (18 1) (17 1) (17 57) (17 56) (17 55) (17 54) (16 54) (16 53) (17 53) (18 53) (19 53) 
Length: 11, 4
Vision: 3
Hungry, suplies: 10/10
Reproductive: 16, mutating: 0.25
Generation: 62981
####################################
Wall (up, right, down, left):
[-12, -5, -9, -13] [-2, 3, -2, -21] [-15, -18, -5, -14] [10, 15, 25, 9] [-7, 16, 37, 0] [6, -4, -27, -12] [0, -26, -4, -10]
[-34, 3, 23, -9] [36, 28, 0, -6] [-48, 18, 12, -1] [-40, 6, 30, 9] [25, 34, 1, 10] [-36, -17, -10, -24] [-24, 4, 10, -4]
[-11, 31, 28, 41] [-16, 35, -20, -13] [-7, 4, 67, -1] [-105, 23, 55, -4] [-45, -57, -19, 32] [-17, -28, -13, -7] [-4, -22, -18, 2]
[-27, 55, -19, -31] [11, -4, 27, -35] [15, 40, 12, -127] [0, 0, 0, 0] [50, -122, 22, 15] [18, -18, -5, 3] [11, 20, 33, -4]
[10, -37, 19, 12] [8, -8, -18, -28] [-17, -20, -30, -42] [65, 3, -135, 34] [15, -5, -49, 55] [9, 23, -12, 13] [-3, -77, -25, 33]
[22, 32, 11, -18] [-30, 10, -2, 2] [28, 0, 27, -10] [1, -6, -20, -7] [-8, -3, -35, -21] [-3, -30, -23, 9] [44, 12, 14, -7]
[-21, 8, 17, -19] [-4, -10, -52, -9] [12, -4, 33, 17] [-28, 18, -60, -25] [24, 4, -14, 38] [34, -9, -26, 27] [8, -12, 30, 3]
Food (up, right, down, left):
[17, 22, -25, 18] [-24, 31, 11, -27] [8, -15, 3, 15] [-20, 6, 59, 16] [12, -22, 53, 0] [13, -35, -21, -30] [-76, 21, 19, -33]
[-77, 17, -45, -7] [5, -21, -37, 3] [1, 10, 40, 33] [-22, 10, -53, 48] [16, 28, 0, -60] [35, 9, -59, 11] [5, -7, 26, 47]
[-25, -2, 42, -30] [27, 13, -7, 31] [-32, -50, -26, 28] [61, -38, 26, 3] [0, -20, -16, -30] [-13, 22, -55, -28] [68, 38, 35, 29]
[8, 35, -14, 43] [-17, -5, -14, 25] [-4, -17, -30, -14] [0, 0, 0, 0] [-19, 53, -52, 4] [-4, -30, -45, -21] [-17, 53, -13, -2]
[17, 22, -17, 23] [19, 28, -2, 45] [23, -19, 36, 25] [-1, -58, 50, -17] [-5, 20, 13, -15] [18, 43, 20, 5] [-14, -34, -21, -11]
[8, -40, -15, -2] [7, 13, 8, -31] [21, -9, 22, 39] [-44, -35, 56, -22] [-55, -33, 19, -60] [-36, 56, 35, 21] [-6, 50, 39, 30]
[33, 14, -20, -13] [-9, -1, 24, -80] [38, 23, 4, -21] [8, -8, -10, -19] [79, 43, 15, -28] [-9, 37, 6, 2] [25, -36, 20, -23]
------------------------------
ALIVE
Head: (17 47)
Body: (17 47) (17 48) (18 48) (18 49) (18 50) (19 50) (20 50) (21 50) (21 51) (21 52) (21 53) (22 53) (22 54) (23 54) (23 55) 
Length: 15, 4
Vision: 3
Hungry, suplies: 4/10
Reproductive: 16, mutating: 0.25
Generation: 62979
####################################
Wall (up, right, down, left):
[-12, -5, -9, -13] [-2, 5, -2, -21] [-15, -18, -5, -14] [10, 12, 25, 9] [-7, 16, 37, 0] [6, -4, -27, -12] [0, -26, -4, -10]
[-34, 3, 23, -9] [36, 28, 0, -5] [-48, 18, 12, -1] [-40, 6, 30, 9] [27, 34, 1, 10] [-36, -17, -10, -24] [-23, 4, 10, -4]
[-11, 31, 28, 41] [-16, 35, -20, -13] [-7, 1, 67, -1] [-105, 23, 52, -4] [-45, -57, -19, 32] [-17, -28, -13, -7] [-4, -22, -18, 2]
[-27, 60, -19, -31] [11, -4, 27, -35] [15, 40, 12, -127] [0, 0, 0, 0] [50, -122, 22, 17] [18, -13, -5, 3] [11, 20, 33, -4]
[5, -32, 19, 12] [8, -8, -18, -28] [-17, -20, -30, -42] [67, 3, -135, 34] [15, -5, -49, 55] [9, 23, -12, 18] [-3, -77, -25, 35]
[22, 27, 11, -18] [-30, 10, -2, 1] [28, 0, 27, -10] [1, -6, -20, -7] [-9, -3, -35, -21] [-3, -26, -23, 9] [44, 12, 14, -7]
[-21, 8, 17, -19] [-4, -10, -49, -9] [12, -4, 30, 17] [-28, 18, -60, -25] [24, 3, -14, 38] [34, -9, -26, 28] [8, -12, 30, 5]
Food (up, right, down, left):
[17, 22, -25, 18] [-24, 31, 11, -30] [8, -15, 3, 15] [-20, 6, 59, 15] [12, -22, 53, 0] [13, -35, -21, -30] [-76, 21, 19, -33]
[-77, 17, -45, -7] [5, -24, -37, 3] [1, 10, 40, 30] [-22, 10, -53, 48] [16, 27, 0, -60] [35, 9, -59, 11] [9, -7, 26, 47]
[-25, -2, 42, -30] [27, 13, -7, 31] [-32, -47, -26, 28] [61, -38, 26, 6] [0, -20, -16, -30] [-13, 22, -55, -28] [68, 38, 35, 29]
[8, 35, -14, 43] [-17, -5, -14, 25] [-4, -13, -30, -14] [0, 0, 0, 0] [-19, 52, -52, 4] [-4, -31, -45, -23] [-18, 53, -13, -2]
[13, 22, -13, 23] [19, 28, -2, 45] [23, -19, 36, 25] [-1, -58, 51, -17] [-5, 20, 13, -15] [18, 43, 20, 6] [-14, -31, -21, -11]
[3, -40, -15, -2] [7, 13, 8, -26] [21, -9, 22, 39] [-44, -35, 56, -22] [-55, -33, 18, -60] [-38, 56, 35, 21] [-6, 50, 39, 30]
[33, 14, -20, -13] [-9, -1, 28, -80] [38, 23, 4, -16] [8, -8, -10, -19] [79, 43, 14, -28] [-9, 37, 4, 2] [25, -36, 19, -23]
------------------------------
ALIVE
Head: (24 19)
Body: (24 19) (23 19) (22 19) (21 19) (20 19) (20 18) (19 18) (18 18) (18 17) (18 16) (18 15) (18 14) (17 14) (16 14) (15 14) 
Length: 15, 4
Vision: 3
Hungry, suplies: 10/10
Reproductive: 16, mutating: 0.25
Generation: 62990
####################################
Wall (up, right, down, left):
[-12, -5, -9, -13] [-2, 5, -2, -21] [-15, -18, -5, -14] [10, 12, 25, 9] [-7, 16, 37, 0] [6, -4, -27, -12] [0, -26, -4, -10]
[-34, 3, 23, -9] [36, 28, 0, -5] [-48, 18, 12, -1] [-40, 6, 30, 9] [27, 34, 1, 10] [-36, -17, -10, -24] [-23, 4, 10, -4]
[-8, 31, 28, 41] [-16, 35, -20, -13] [-7, 1, 67, -1] [-105, 26, 55, -4] [-45, -57, -19, 32] [-17, -28, -13, -7] [-4, -22, -18, 2]
[-27, 60, -19, -31] [11, -4, 27, -35] [15, 40, 12, -127] [0, 0, 0, 0] [50, -122, 22, 17] [18, -18, -5, 3] [11, 15, 33, -4]
[5, -37, 19, 12] [8, -8, -18, -28] [-17, -20, -30, -41] [67, 3, -135, 34] [15, -5, -49, 55] [9, 23, -12, 13] [-3, -77, -25, 35]
[22, 32, 11, -18] [-30, 10, -2, 1] [28, 0, 27, -10] [1, -6, -20, -7] [-9, -3, -35, -21] [-3, -30, -23, 9] [44, 9, 14, -7]
[-21, 8, 17, -19] [-4, -10, -52, -9] [12, -4, 30, 17] [-28, 18, -60, -25] [24, 3, -14, 36] [34, -9, -26, 28] [8, -12, 30, 5]
Food (up, right, down, left):
[17, 22, -25, 18] [-24, 31, 11, -30] [8, -15, 3, 15] [-20, 6, 59, 15] [12, -22, 53, 0] [13, -35, -21, -30] [-76, 21, 19, -33]
[-77, 17, -45, -7] [5, -24, -37, 3] [1, 10, 40, 30] [-22, 10, -53, 48] [16, 27, 0, -60] [35, 9, -59, 11] [9, -7, 26, 47]
[-28, -2, 42, -30] [27, 13, -7, 31] [-32, -47, -26, 28] [61, -38, 24, 3] [0, -20, -16, -30] [-13, 22, -55, -28] [68, 38, 35, 29]
[8, 35, -14, 43] [-17, -5, -14, 25] [-4, -13, -30, -14] [0, 0, 0, 0] [-19, 52, -52, 4] [-4, -30, -45, -21] [-17, 53, -13, 1]
[13, 22, -17, 23] [19, 28, -2, 45] [24, -19, 36, 25] [-1, -58, 51, -17] [-5, 20, 13, -15] [18, 43, 20, 5] [-14, -31, -21, -11]
[8, -40, -15, -2] [7, 13, 8, -26] [21, -9, 22, 39] [-44, -35, 56, -22] [-55, -33, 18, -60] [-36, 56, 35, 21] [-6, 50, 34, 30]
[33, 14, -20, -13] [-9, -1, 24, -80] [38, 23, 4, -16] [8, -8, -10, -19] [79, 42, 14, -28] [-9, 37, 4, 2] [25, -36, 19, -23]
------------------------------
ALIVE
Head: (11 48)
Body: (11 48) (10 48) (10 47) (9 47) (9 48) (8 48) (8 49) (8 50) (9 50) (9 51) (9 52) (9 53) (8 53) (7 53) (6 53) 
Length: 15, 4
Vision: 3
Hungry, suplies: 8/10
Reproductive: 16, mutating: 0.25
Generation: 62990
####################################
Wall (up, right, down, left):
[-12, -5, -9, -13] [-2, 0, -2, -21] [-15, -18, -5, -14] [10, 12, 25, 9] [-7, 16, 37, 0] [6, -4, -27, -12] [0, -26, -4, -10]
[-34, 3, 23, -9] [36, 28, 0, -5] [-48, 18, 12, -1] [-40, 6, 30, 9] [27, 34, 1, 10] [-36, -17, -10, -24] [-23, 4, 10, -4]
[-11, 31, 28, 41] [-16, 35, -20, -13] [-7, 1, 67, -1] [-105, 23, 52, -4] [-45, -57, -19, 32] [-17, -28, -13, -7] [-4, -22, -18, 2]
[-27, 60, -19, -31] [11, -4, 27, -35] [15, 40, 12, -127] [0, 0, 0, 0] [50, -122, 22, 17] [18, -13, -5, 3] [11, 20, 33, -4]
[5, -37, 19, 12] [8, -8, -18, -28] [-17, -20, -30, -42] [67, 3, -135, 34] [15, -5, -49, 55] [9, 23, -12, 18] [-3, -77, -25, 35]
[22, 27, 11, -18] [-30, 10, -2, 1] [28, 0, 27, -10] [1, -6, -20, -7] [-9, -3, -35, -21] [-3, -26, -23, 9] [44, 12, 14, -7]
[-21, 8, 17, -19] [-4, -10, -49, -9] [12, -4, 30, 17] [-28, 18, -60, -25] [24, 3, -14, 33] [34, -9, -26, 28] [8, -12, 30, 5]
Food (up, right, down, left):
[17, 22, -25, 18] [-24, 35, 11, -30] [8, -15, 3, 15] [-20, 6, 59, 15] [12, -22, 53, 0] [13, -35, -21, -30] [-76, 21, 19, -33]
[-77, 17, -45, -7] [5, -24, -37, 3] [1, 10, 40, 30] [-22, 10, -53, 48] [16, 27, 0, -60] [35, 9, -59, 11] [9, -7, 26, 47]
[-25, -2, 42, -30] [27, 13, -7, 31] [-32, -47, -26, 28] [61, -38, 26, 6] [0, -20, -16, -30] [-13, 22, -55, -28] [68, 38, 35, 29]
[8, 35, -14, 43] [-17, -5, -14, 25] [-4, -13, -30, -14] [0, 0, 0, 0] [-19, 52, -52, 4] [-4, -31, -45, -23] [-18, 53, -13, -2]
[13, 22, -17, 23] [19, 28, -2, 45] [23, -19, 36, 25] [-1, -58, 51, -17] [-5, 20, 13, -15] [18, 43, 20, 6] [-14, -31, -21, -11]
[3, -40, -15, -2] [7, 13, 8, -26] [21, -9, 22, 39] [-44, -35, 56, -22] [-55, -33, 18, -60] [-38, 56, 35, 21] [-6, 50, 39, 30]
[33, 14, -20, -13] [-9, -1, 28, -80] [38, 23, 4, -16] [8, -8, -10, -19] [79, 43, 14, -29] [-9, 37, 4, 2] [25, -36, 19, -23]
------------------------------
ALIVE
Head: (13 12)
Body: (13 12) (14 12) (14 11) (15 11) (16 11) (17 11) (17 10) (18 10) (19 10) (20 10) (20 9) (21 9) (22 9) 
Length: 13, 4
Vision: 3
Hungry, suplies: 9/10
Reproductive: 16, mutating: 0.25
Generation: 62992
####################################
Wall (up, right, down, left):
[-12, -5, -9, -13] [-2, 5, -2, -21] [-15, -18, -5, -14] [10, 12, 25, 9] [-7, 16, 37, 0] [6, -4, -27, -12] [0, -26, -4, -10]
[-34, 3, 23, -9] [36, 28, 0, -5] [-48, 18, 12, -1] [-40, 6, 30, 9] [27, 34, 1, 10] [-36, -17, -10, -24] [-23, 4, 10, -4]
[-11, 31, 28, 41] [-16, 35, -20, -13] [-7, 1, 67, -1] [-105, 26, 55, -4] [-45, -57, -19, 32] [-17, -28, -13, -7] [-4, -22, -18, 2]
[-27, 60, -19, -31] [11, -4, 27, -35] [16, 40, 12, -127] [0, 0, 0, 0] [50, -122, 22, 17] [18, -18, -5, 3] [11, 20, 33, -4]
[2, -37, 24, 12] [8, -8, -18, -28] [-17, -20, -30, -42] [67, 3, -135, 34] [15, -5, -49, 55] [9, 23, -12, 13] [-3, -77, -25, 35]
[22, 32, 11, -18] [-30, 10, -2, 1] [28, 0, 27, -10] [1, -6, -20, -7] [-9, -3, -35, -21] [-3, -30, -23, 9] [44, 9, 14, -7]
[-21, 8, 17, -19] [-4, -10, -52, -9] [12, -4, 30, 17] [-28, 18, -60, -25] [24, 3, -14, 36] [34, -9, -26, 28] [8, -12, 30, 5]
Food (up, right, down, left):
[17, 22, -25, 18] [-24, 31, 11, -30] [8, -15, 3, 15] [-20, 6, 59, 15] [12, -22, 53, 0] [13, -35, -21, -30] [-76, 21, 19, -33]
[-77, 17, -45, -7] [5, -24, -37, 3] [1, 10, 40, 30] [-22, 10, -53, 48] [16, 27, 0, -60] [35, 9, -59, 11] [9, -7, 26, 47]
[-25, -2, 42, -30] [27, 13, -7, 31] [-32, -47, -26, 28] [61, -38, 24, 3] [0, -20, -16, -30] [-13, 22, -55, -28] [68, 38, 35, 29]
[8, 35, -14, 43] [-17, -5, -14, 25] [-4, -13, -30, -16] [0, 0, 0, 0] [-19, 52, -52, 4] [-4, -30, -45, -21] [-17, 53, -13, -2]
[13, 22, -17, 18] [19, 28, -2, 45] [23, -19, 36, 25] [-1, -58, 51, -17] [-5, 20, 13, -15] [18, 43, 20, 5] [-14, -31, -21, -11]
[8, -40, -15, -2] [7, 13, 8, -26] [21, -9, 22, 39] [-44, -35, 56, -22] [-55, -33, 18, -60] [-36, 56, 35, 21] [-6, 50, 34, 30]
[33, 14, -20, -13] [-9, -1, 24, -80] [38, 23, 4, -16] [8, -8, -10, -19] [79, 42, 14, -28] [-9, 37, 4, 2] [25, -36, 19, -23]
------------------------------
ALIVE
Head: (12 37)
Body: (12 37) (13 37) (14 37) (14 38) (14 39) (13 39) (12 39) (11 39) (10 39) (9 39) (8 39) (7 39) (7 40) (8 40) 
Length: 14, 4
Vision: 3
Hungry, suplies: 10/10
Reproductive: 16, mutating: 0.25
Generation: 62992
####################################
Wall (up, right, down, left):
[-12, -5, -9, -13] [-2, 3, -2, -21] [-15, -18, -5, -14] [10, 15, 25, 9] [-7, 16, 37, 0] [6, -4, -27, -12] [0, -26, -4, -10]
[-34, 3, 23, -9] [36, 28, 0, -6] [-48, 18, 12, -1] [-40, 6, 30, 9] [25, 34, 1, 10] [-36, -17, -10, -24] [-24, 4, 10, -4]
[-11, 31, 28, 41] [-16, 35, -20, -13] [-7, 4, 67, -1] [-105, 23, 55, -4] [-45, -57, -19, 32] [-17, -28, -13, -7] [-4, -22, -18, 2]
[-27, 55, -19, -31] [11, -4, 27, -35] [15, 40, 12, -127] [0, 0, 0, 0] [50, -122, 22, 15] [18, -18, -5, 3] [11, 20, 33, -4]
[5, -37, 19, 12] [8, -8, -18, -28] [-17, -20, -30, -42] [65, 3, -135, 34] [15, -5, -49, 55] [9, 23, -12, 13] [-3, -77, -25, 33]
[22, 32, 11, -18] [-30, 10, -2, 2] [28, 0, 27, -10] [1, -6, -20, -7] [-8, -3, -35, -21] [-3, -30, -23, 9] [44, 12, 14, -7]
[-21, 8, 17, -19] [-4, -10, -52, -9] [12, -4, 33, 17] [-28, 18, -60, -25] [24, 4, -14, 38] [34, -9, -26, 27] [8, -12, 30, 3]
Food (up, right, down, left):
[17, 22, -25, 18] [-24, 31, 11, -27] [8, -15, 3, 15] [-20, 6, 59, 16] [12, -22, 53, 0] [13, -35, -21, -30] [-76, 21, 19, -33]
[-77, 17, -45, -7] [5, -21, -37, 3] [1, 10, 40, 33] [-22, 10, -53, 48] [16, 28, 0, -60] [35, 9, -59, 11] [5, -7, 26, 47]
[-25, -2, 42, -30] [27, 13, -7, 31] [-32, -50, -26, 28] [61, -38, 26, 3] [0, -20, -16, -30] [-13, 22, -55, -28] [68, 38, 35, 29]
[8, 35, -14, 43] [-17, -5, -14, 25] [-4, -17, -30, -14] [0, 0, 0, 0] [-19, 53, -52, 4] [-4, -30, -45, -21] [-17, 53, -13, -2]
[13, 22, -17, 23] [19, 28, -2, 45] [23, -19, 36, 25] [-1, -58, 50, -17] [-5, 20, 13, -15] [18, 43, 20, 5] [-14, -34, -21, -11]
[8, -40, -15, -2] [7, 13, 8, -31] [21, -9, 22, 39] [-44, -35, 56, -22] [-55, -33, 19, -60] [-36, 56, 35, 21] [-6, 50, 39, 30]
[33, 14, -20, -13] [-9, -1, 24, -80] [38, 23, 4, -21] [8, -8, -10, -19] [79, 43, 15, -28] [-9, 37, 6, 2] [25, -36, 20, -23]
------------------------------
DEAD: Wall
Head: (21 31)
Body: (21 31) (21 30) (20 30) (19 30) (19 31) (19 32) (20 32) (21 32) (21 33) (21 34) (20 34) (20 35) 
Length: 12, 4
Vision: 3
Hungry, suplies: 8/10
Reproductive: 16, mutating: 0.25
Generation: 62980
####################################
Wall (up, right, down, left):
[-12, -5, -9, -13] [-2, 5, -2, -21] [-15, -18, -5, -14] [10, 12, 25, 9] [-7, 16, 37, 0] [6, -4, -27, -12] [0, -26, -4, -10]
[-34, 3, 23, -9] [36, 28, 0, -5] [-48, 18, 12, -1] [-40, 6, 30, 9] [27, 30, 1, 10] [-36, -17, -10, -24] [-23, 4, 10, -4]
[-11, 31, 28, 41] [-16, 35, -20, -13] [-7, 1, 67, -1] [-105, 23, 52, -4] [-45, -57, -19, 32] [-17, -28, -13, -7] [-4, -22, -18, 2]
[-27, 60, -19, -31] [11, -4, 27, -35] [15, 40, 12, -127] [0, 0, 0, 0] [50, -122, 22, 17] [18, -13, -5, 3] [11, 20, 33, -4]
[5, -32, 19, 12] [8, -8, -18, -28] [-17, -20, -30, -42] [67, 3, -135, 34] [15, -5, -49, 55] [9, 23, -12, 18] [-3, -77, -25, 35]
[22, 27, 11, -18] [-30, 10, -2, 1] [28, 0, 27, -10] [1, -6, -20, -7] [-9, -3, -35, -21] [-3, -26, -23, 9] [44, 12, 14, -7]
[-21, 8, 17, -19] [-4, -10, -49, -9] [12, -4, 30, 17] [-28, 18, -60, -25] [24, 3, -14, 38] [34, -9, -26, 28] [8, -12, 30, 5]
Food (up, right, down, left):
[17, 22, -25, 18] [-24, 31, 11, -30] [8, -15, 3, 15] [-20, 6, 59, 15] [12, -22, 53, 0] [13, -35, -21, -30] [-76, 21, 19, -33]
[-77, 17, -45, -7] [5, -24, -37, 3] [1, 10, 40, 30] [-22, 10, -53, 48] [16, 32, 0, -60] [35, 9, -59, 11] [9, -7, 26, 47]
[-25, -2, 42, -30] [27, 13, -7, 31] [-32, -47, -26, 28] [61, -38, 26, 6] [0, -20, -16, -30] [-13, 22, -55, -28] [68, 38, 35, 29]
[8, 35, -14, 43] [-17, -5, -14, 25] [-4, -13, -30, -14] [0, 0, 0, 0] [-19, 52, -52, 4] [-4, -31, -45, -23] [-18, 53, -13, -2]
[13, 22, -13, 23] [19, 28, -2, 45] [23, -19, 36, 25] [-1, -58, 51, -17] [-5, 20, 13, -15] [18, 43, 20, 6] [-14, -31, -21, -11]
[3, -40, -15, -2] [7, 13, 8, -26] [21, -9, 22, 39] [-44, -35, 56, -22] [-55, -33, 18, -60] [-38, 56, 35, 21] [-6, 50, 39, 30]
[33, 14, -20, -13] [-9, -1, 28, -80] [38, 23, 4, -16] [8, -8, -10, -19] [79, 43, 14, -28] [-9, 37, 4, 2] [25, -36, 19, -23]
------------------------------
ALIVE
Head: (1 2)
Body: (1 2) (1 1) (1 0) (1 56) (1 55) (1 54) (1 53) (2 53) 
Length: 8, 4
Vision: 3
Hungry, suplies: 8/10
Reproductive: 16, mutating: 0.25
Generation: 62991
####################################
Wall (up, right, down, left):
[-12, -5, -9, -13] [-2, 5, -2, -21] [-15, -18, -5, -14] [10, 12, 25, 9] [-7, 16, 37, 0] [6, -4, -29, -12] [0, -26, -4, -10]
[-34, 3, 23, -9] [36, 28, 0, -5] [-48, 18, 12, -1] [-40, 6, 30, 9] [27, 34, 1, 10] [-36, -17, -10, -24] [-24, 4, 10, -4]
[-11, 31, 28, 41] [-16, 35, -20, -13] [-8, 1, 67, -1] [-105, 23, 52, -4] [-45, -57, -19, 32] [-17, -28, -13, -7] [-4, -22, -18, 2]
[-27, 60, -19, -31] [11, -4, 27, -35] [15, 40, 12, -127] [0, 0, 0, 0] [50, -122, 22, 17] [18, -13, -5, 3] [11, 20, 33, -4]
[5, -37, 19, 12] [8, -8, -18, -28] [-17, -20, -30, -42] [67, 3, -135, 34] [15, -5, -49, 55] [9, 23, -12, 18] [-3, -77, -25, 35]
[22, 27, 11, -18] [-30, 10, -2, 1] [28, 0, 27, -10] [1, -6, -20, -7] [-9, -3, -35, -21] [-3, -26, -23, 9] [44, 12, 14, -7]
[-21, 8, 17, -19] [-4, -10, -49, -9] [12, -4, 30, 17] [-28, 18, -60, -25] [24, 3, -14, 38] [34, -9, -25, 28] [8, -12, 30, 5]
Food (up, right, down, left):
[17, 22, -25, 18] [-24, 31, 11, -30] [8, -15, 3, 15] [-20, 6, 59, 15] [12, -22, 53, 0] [13, -35, -21, -27] [-76, 21, 19, -33]
[-77, 17, -45, -7] [5, -24, -37, 3] [1, 10, 40, 30] [-22, 10, -53, 48] [16, 27, 0, -60] [35, 9, -59, 11] [9, -7, 22, 47]
[-25, -2, 42, -30] [27, 13, -7, 31] [-32, -42, -26, 28] [61, -38, 26, 6] [0, -20, -16, -30] [-13, 22, -55, -28] [68, 38, 35, 29]
[8, 35, -14, 43] [-17, -5, -14, 25] [-4, -13, -30, -14] [0, 0, 0, 0] [-19, 52, -52, 4] [-4, -31, -45, -23] [-18, 53, -13, -2]
[13, 22, -17, 23] [19, 28, -2, 45] [23, -19, 36, 25] [-1, -58, 51, -17] [-5, 20, 13, -15] [18, 43, 20, 6] [-14, -31, -21, -11]
[3, -40, -15, -2] [7, 13, 8, -26] [21, -9, 22, 39] [-44, -35, 56, -22] [-55, -33, 18, -60] [-38, 56, 35, 21] [-6, 50, 39, 30]
[33, 14, -20, -13] [-9, -1, 28, -80] [38, 23, 4, -16] [8, -8, -10, -19] [79, 43, 14, -28] [-9, 37, 4, 0] [25, -36, 19, -23]
------------------------------
ALIVE
Head: (3 18)
Body: (3 18) (2 18) (1 18) (25 18) (24 18) (23 18) (22 18) (22 17) (21 17) (20 17) (20 16) (20 15) (21 15) 
Length: 13, 4
Vision: 3
Hungry, suplies: 9/10
Reproductive: 16, mutating: 0.25
Generation: 62993
####################################
Wall (up, right, down, left):
[-12, -5, -9, -13] [-2, 5, -2, -21] [-15, -18, -5, -14] [10, 12, 25, 9] [-7, 16, 37, 0] [6, -4, -27, -12] [0, -26, -4, -10]
[-34, 3, 23, -9] [36, 28, 0, -5] [-48, 18, 14, -1] [-40, 6, 30, 9] [27, 34, 1, 10] [-36, -17, -10, -24] [-23, 4, 10, -4]
[-11, 31, 28, 41] [-16, 35, -20, -13] [-7, 1, 67, -1] [-105, 23, 52, -4] [-45, -57, -19, 32] [-17, -28, -13, -7] [-4, -22, -18, 2]
[-22, 60, -19, -31] [11, -4, 27, -35] [15, 40, 12, -127] [0, 0, 0, 0] [50, -122, 22, 17] [18, -13, -5, 3] [11, 20, 33, -4]
[5, -37, 19, 12] [8, -8, -18, -28] [-17, -20, -30, -42] [67, 3, -135, 34] [15, -5, -49, 55] [9, 23, -12, 18] [-3, -77, -25, 35]
[22, 27, 11, -18] [-30, 10, -2, 1] [28, 0, 27, -10] [1, -6, -20, -7] [-9, -3, -35, -21] [-3, -26, -23, 9] [44, 12, 14, -7]
[-21, 8, 17, -19] [-4, -10, -49, -9] [12, -4, 30, 17] [-28, 18, -60, -25] [24, 3, -14, 38] [34, -9, -26, 28] [8, -12, 30, 5]
Food (up, right, down, left):
[17, 22, -25, 18] [-24, 31, 11, -30] [8, -15, 3, 15] [-20, 6, 59, 15] [12, -22, 53, 0] [13, -35, -21, -30] [-76, 21, 19, -33]
[-77, 17, -45, -7] [5, -24, -37, 3] [1, 15, 40, 30] [-22, 10, -53, 48] [16, 27, 0, -60] [35, 9, -59, 11] [9, -7, 26, 47]
[-25, -2, 42, -30] [27, 13, -7, 31] [-32, -47, -26, 28] [61, -38, 26, 6] [0, -20, -16, -30] [-13, 22, -55, -28] [68, 38, 35, 29]
[4, 35, -14, 43] [-17, -5, -14, 25] [-4, -13, -30, -14] [0, 0, 0, 0] [-19, 52, -52, 4] [-4, -31, -45, -23] [-18, 53, -13, -2]
[13, 22, -17, 23] [19, 28, -2, 45] [23, -19, 36, 25] [-1, -58, 51, -17] [-5, 20, 13, -15] [18, 43, 20, 6] [-14, -31, -21, -11]
[3, -40, -15, -2] [7, 13, 8, -26] [21, -9, 22, 39] [-44, -35, 56, -22] [-55, -33, 18, -60] [-38, 56, 35, 21] [-6, 50, 39, 30]
[33, 14, -20, -13] [-9, -1, 28, -80] [38, 23, 4, -16] [8, -8, -10, -19] [79, 43, 14, -28] [-9, 37, 4, 2] [25, -36, 19, -23]
------------------------------
ALIVE
Head: (9 44)
Body: (9 44) (8 44) (7 44) (6 44) (5 44) (5 43) (4 43) (3 43) (3 42) (3 41) (4 41) (4 40) (4 39) (5 39) 
Length: 14, 4
Vision: 3
Hungry, suplies: 9/10
Reproductive: 16, mutating: 0.25
Generation: 62993
####################################
Wall (up, right, down, left):
[-12, -5, -9, -13] [-2, 5, -2, -21] [-15, -18, -5, -14] [10, 12, 25, 9] [-7, 16, 37, 0] [6, -4, -27, -12] [0, -26, -4, -10]
[-34, 3, 23, -9] [36, 28, 0, -5] [-48, 18, 12, -1] [-40, 6, 30, 9] [27, 34, 1, 10] [-36, -17, -10, -24] [-23, 4, 10, -4]
[-11, 31, 28, 41] [-16, 35, -20, -13] [-7, 1, 67, -1] [-105, 23, 52, -4] [-45, -57, -19, 32] [-17, -28, -13, -7] [-4, -22, -18, 2]
[-27, 60, -19, -31] [11, -4, 27, -35] [15, 40, 12, -127] [0, 0, 0, 0] [50, -122, 22, 17] [18, -13, -5, 3] [11, 20, 33, -4]
[5, -37, 19, 12] [8, -8, -18, -28] [-17, -20, -30, -42] [67, 3, -135, 34] [15, -5, -49, 55] [9, 23, -12, 18] [-3, -77, -25, 35]
[22, 27, 11, -18] [-30, 10, -2, 1] [28, -4, 27, -10] [1, -6, -20, -7] [-9, -3, -35, -21] [-3, -26, -23, 9] [44, 12, 14, -7]
[-21, 8, 17, -19] [-4, -10, -49, -9] [12, -4, 30, 17] [-28, 18, -60, -25] [24, 3, -14, 38] [34, -9, -26, 28] [8, -12, 30, 5]
Food (up, right, down, left):
[17, 22, -25, 18] [-24, 31, 11, -30] [8, -15, 3, 15] [-20, 6, 59, 15] [12, -22, 53, 0] [13, -35, -21, -30] [-76, 21, 19, -33]
[-77, 17, -45, -7] [5, -24, -37, 3] [1, 10, 40, 30] [-22, 10, -53, 48] [16, 27, 0, -60] [35, 9, -59, 11] [9, -7, 26, 47]
[-25, -2, 42, -30] [27, 13, -7, 31] [-32, -47, -26, 28] [61, -38, 26, 6] [0, -20, -16, -30] [-13, 22, -55, -28] [68, 38, 35, 29]
[8, 35, -14, 43] [-17, -5, -14, 25] [-4, -13, -30, -14] [0, 0, 0, 0] [-19, 52, -52, 4] [-4, -31, -45, -23] [-18, 53, -13, -2]
[13, 22, -17, 23] [19, 28, -2, 45] [23, -19, 36, 25] [-1, -58, 51, -17] [-5, 20, 13, -15] [18, 43, 20, 6] [-14, -31, -24, -11]
[3, -40, -15, -2] [7, 13, 8, -26] [21, -9, 22, 39] [-44, -35, 56, -22] [-55, -33, 18, -60] [-38, 56, 35, 21] [-6, 50, 39, 30]
[33, 14, -20, -13] [-9, -1, 28, -80] [38, 23, 4, -16] [8, -8, -10, -19] [79, 43, 14, -28] [-9, 37, 4, 2] [25, -36, 19, -23]
------------------------------
ALIVE
Head: (17 15)
Body: (17 15) (16 15) (16 16) (17 16) (17 17) (17 18) (17 19) (17 20) (16 20) (16 21) 
Length: 10, 4
Vision: 3
Hungry, suplies: 10/10
Reproductive: 16, mutating: 0.25
Generation: 62989
####################################
Wall (up, right, down, left):
[-12, -5, -9, -13] [-2, 5, -2, -21] [-15, -18, -5, -14] [10, 12, 25, 9] [-7, 16, 37, 0] [6, -4, -27, -12] [0, -26, -4, -10]
[-34, 3, 23, -9] [36, 28, 0, -5] [-48, 18, 12, -1] [-40, 6, 30, 9] [27, 30, 1, 10] [-36, -17, -10, -24] [-23, 4, 10, -4]
[-11, 31, 28, 41] [-16, 35, -20, -13] [-7, 1, 67, -1] [-105, 23, 52, -4] [-45, -57, -19, 32] [-17, -28, -13, -7] [-4, -22, -18, 2]
[-27, 60, -19, -31] [11, -4, 27, -35] [15, 40, 12, -127] [0, 0, 0, 0] [50, -122, 22, 17] [18, -13, -5, 3] [11, 20, 33, -4]
[5, -32, 19, 12] [8, -8, -18, -28] [-17, -20, -30, -42] [67, 3, -135, 34] [15, -5, -49, 55] [9, 23, -12, 18] [-3, -77, -25, 35]
[22, 27, 11, -18] [-30, 10, -2, 1] [28, 0, 27, -10] [1, -6, -20, -7] [-9, -3, -35, -21] [-3, -26, -23, 9] [44, 12, 14, -7]
[-21, 8, 17, -19] [-4, -10, -49, -9] [12, -4, 30, 17] [-28, 18, -60, -25] [24, 3, -14, 38] [34, -9, -26, 28] [8, -12, 30, 5]
Food (up, right, down, left):
[17, 22, -25, 18] [-24, 31, 11, -30] [8, -15, 3, 15] [-20, 6, 59, 15] [12, -22, 53, 0] [13, -35, -21, -30] [-76, 21, 19, -33]
[-77, 17, -45, -7] [5, -24, -37, 3] [1, 10, 40, 30] [-22, 10, -53, 48] [16, 32, 0, -60] [35, 9, -59, 11] [9, -7, 26, 47]
[-25, -2, 42, -30] [27, 13, -7, 31] [-32, -47, -26, 28] [61, -38, 26, 6] [0, -20, -16, -30] [-13, 22, -55, -28] [68, 38, 35, 29]
[8, 35, -14, 43] [-17, -5, -14, 25] [-4, -13, -30, -14] [0, 0, 0, 0] [-19, 52, -52, 4] [-4, -31, -45, -23] [-18, 53, -13, -2]
[13, 22, -13, 23] [19, 28, -2, 45] [23, -19, 36, 25] [-1, -58, 51, -17] [-5, 20, 13, -15] [18, 43, 20, 6] [-14, -31, -21, -11]
[3, -40, -15, -2] [7, 13, 8, -26] [21, -9, 22, 39] [-44, -35, 56, -22] [-55, -33, 18, -60] [-38, 56, 35, 21] [-6, 50, 39, 30]
[33, 14, -20, -13] [-9, -1, 28, -80] [38, 23, 4, -16] [8, -8, -10, -19] [79, 43, 14, -28] [-9, 37, 4, 2] [25, -36, 19, -23]
------------------------------
ALIVE
Head: (13 47)
Body: (13 47) (12 47) (12 46) (12 45) (12 44) (11 44) (10 44) (10 43) (11 43) (12 43) (13 43) (13 44) (14 44) (15 44) 
Length: 14, 4
Vision: 3
Hungry, suplies: 5/10
Reproductive: 16, mutating: 0.25
Generation: 62992
####################################
Wall (up, right, down, left):
[-12, -5, -9, -13] [-2, 5, -2, -21] [-15, -18, -5, -14] [10, 12, 25, 9] [-7, 16, 37, 0] [6, -4, -27, -12] [0, -26, -4, -10]
[-34, 3, 23, -9] [36, 28, 0, -5] [-48, 18, 12, -1] [-40, 6, 30, 9] [27, 34, 1, 10] [-36, -17, -10, -24] [-24, 4, 10, -4]
[-11, 31, 28, 41] [-16, 35, -20, -13] [-7, 1, 67, -1] [-105, 23, 52, -4] [-45, -57, -19, 32] [-17, -28, -13, -7] [-4, -22, -18, 2]
[-27, 60, -19, -31] [11, -4, 27, -35] [15, 40, 12, -127] [0, 0, 0, 0] [50, -122, 22, 17] [18, -13, -5, 3] [11, 20, 33, -4]
[5, -37, 19, 12] [8, -8, -18, -28] [-17, -20, -30, -42] [67, 3, -135, 34] [15, -5, -49, 55] [9, 23, -12, 18] [-3, -77, -25, 35]
[22, 27, 11, -18] [-30, 10, -2, 1] [28, 0, 27, -10] [1, -6, -20, -7] [-9, -3, -35, -21] [-3, -26, -23, 9] [44, 12, 14, -7]
[-21, 8, 17, -19] [-4, -10, -49, -9] [12, -4, 30, 17] [-28, 18, -60, -25] [24, 3, -14, 38] [34, -9, -25, 28] [8, -12, 30, 5]
Food (up, right, down, left):
[17, 22, -25, 18] [-24, 31, 11, -30] [8, -15, 3, 15] [-20, 6, 59, 15] [12, -22, 53, 0] [13, -35, -21, -30] [-76, 21, 19, -33]
[-77, 17, -45, -7] [5, -24, -37, 3] [1, 10, 40, 30] [-22, 10, -53, 48] [16, 27, 0, -60] [35, 9, -59, 11] [9, -7, 22, 47]
[-25, -2, 42, -30] [27, 13, -7, 31] [-32, -47, -26, 28] [61, -38, 26, 6] [0, -20, -16, -30] [-13, 22, -55, -28] [68, 38, 35, 29]
[8, 35, -14, 43] [-17, -5, -14, 25] [-4, -13, -30, -14] [0, 0, 0, 0] [-19, 52, -52, 4] [-4, -31, -45, -23] [-18, 53, -13, -2]
[13, 22, -17, 23] [19, 28, -2, 45] [23, -19, 36, 25] [-1, -58, 51, -17] [-5, 20, 13, -15] [18, 43, 20, 6] [-14, -31, -21, -11]
[3, -40, -15, -2] [7, 13, 8, -26] [21, -9, 22, 39] [-44, -35, 56, -22] [-55, -33, 18, -60] [-38, 56, 35, 21] [-6, 50, 39, 30]
[33, 14, -20, -13] [-9, -1, 28, -80] [38, 23, 4, -16] [8, -8, -10, -19] [79, 43, 14, -28] [-9, 37, 4, 0] [25, -36, 19, -23]
------------------------------
ALIVE
Head: (10 14)
Body: (10 14) (9 14) (9 15) (8 15) (7 15) (6 15) (5 15) (4 15) 
Length: 8, 4
Vision: 3
Hungry, suplies: 7/10
Reproductive: 16, mutating: 0.25
Generation: 62991
####################################
Wall (up, right, down, left):
[-12, -5, -9, -13] [-2, 5, -2, -21] [-15, -18, -5, -14] [10, 12, 25, 9] [-7, 16, 37, 0] [6, -4, -27, -12] [0, -26, -4, -10]
[-34, 3, 23, -9] [36, 28, 0, -5] [-48, 18, 12, -1] [-40, 6, 30, 9] [27, 34, 1, 10] [-36, -17, -10, -24] [-23, 4, 10, -4]
[-11, 31, 28, 41] [-16, 35, -20, -13] [-7, 1, 67, -1] [-105, 23, 52, -4] [-45, -57, -19, 32] [-17, -28, -13, -7] [-4, -22, -18, 2]
[-27, 60, -19, -31] [11, -4, 27, -35] [15, 37, 12, -127] [0, 0, 0, 0] [50, -122, 22, 17] [18, -13, -5, 3] [11, 20, 33, -4]
[5, -37, 19, 12] [8, -8, -18, -28] [-17, -20, -30, -42] [67, 3, -135, 34] [15, -5, -49, 55] [9, 23, -12, 13] [-3, -77, -25, 35]
[22, 27, 11, -18] [-30, 10, -2, 1] [28, 0, 27, -10] [1, -6, -20, -7] [-9, -3, -35, -21] [-3, -26, -23, 9] [44, 12, 14, -7]
[-21, 8, 17, -19] [-4, -10, -49, -9] [12, -4, 30, 17] [-28, 18, -60, -25] [24, 3, -14, 38] [34, -9, -26, 28] [8, -12, 30, 5]
Food (up, right, down, left):
[17, 22, -25, 18] [-24, 31, 11, -30] [8, -15, 3, 15] [-20, 6, 59, 15] [12, -22, 53, 0] [13, -35, -21, -30] [-76, 21, 19, -33]
[-77, 17, -45, -7] [5, -24, -37, 3] [1, 10, 40, 30] [-22, 10, -53, 48] [16, 27, 0, -60] [35, 9, -59, 11] [9, -7, 26, 47]
[-25, -2, 42, -30] [27, 13, -7, 31] [-32, -47, -26, 28] [61, -38, 26, 6] [0, -20, -16, -30] [-13, 22, -55, -28] [68, 38, 35, 29]
[8, 35, -14, 43] [-17, -5, -14, 25] [-1, -13, -30, -14] [0, 0, 0, 0] [-19, 52, -52, 4] [-4, -31, -45, -23] [-18, 53, -13, -2]
[13, 22, -17, 23] [19, 28, -2, 45] [23, -19, 36, 25] [-1, -58, 51, -17] [-5, 20, 13, -15] [18, 43, 20, 5] [-14, -31, -21, -11]
[3, -40, -15, -2] [7, 13, 8, -26] [21, -9, 22, 39] [-44, -35, 56, -22] [-55, -33, 18, -60] [-38, 56, 35, 21] [-6, 50, 39, 30]
[33, 14, -20, -13] [-9, -1, 28, -80] [38, 23, 4, -16] [8, -8, -10, -19] [79, 43, 14, -28] [-9, 37, 4, 2] [25, -36, 19, -23]
------------------------------
ALIVE
Head: (11 20)
Body: (11 20) (11 21) (12 21) (12 20) (12 19) (12 18) (11 18) (10 18) (10 19) 
Length: 9, 4
Vision: 3
Hungry, suplies: 6/10
Reproductive: 16, mutating: 0.25
Generation: 62985
####################################
Wall (up, right, down, left):
[-12, -5, -9, -13] [-2, 5, -2, -21] [-15, -18, -5, -14] [10, 12, 25, 9] [-7, 16, 37, 0] [6, -4, -27, -12] [0, -26, -4, -10]
[-34, 3, 23, -9] [36, 28, 0, -5] [-48, 18, 14, -1] [-40, 6, 30, 9] [27, 34, 1, 10] [-36, -17, -10, -24] [-23, 4, 10, -4]
[-11, 31, 28, 41] [-16, 35, -20, -13] [-7, 1, 67, -1] [-105, 23, 52, -4] [-45, -57, -19, 32] [-17, -28, -13, -7] [-4, -22, -18, 2]
[-22, 60, -19, -31] [11, -4, 27, -35] [15, 40, 12, -127] [0, 0, 0, 0] [50, -122, 22, 17] [18, -13, -5, 3] [11, 20, 33, -4]
[5, -37, 19, 12] [8, -8, -18, -28] [-17, -20, -30, -42] [67, 3, -135, 34] [15, -5, -49, 55] [9, 23, -12, 18] [-3, -77, -25, 35]
[22, 27, 11, -18] [-30, 10, -2, 1] [28, 0, 27, -10] [1, -6, -20, -7] [-9, -3, -35, -21] [-3, -26, -23, 9] [44, 12, 14, -7]
[-21, 8, 17, -19] [-4, -10, -49, -9] [12, -4, 30, 17] [-28, 18, -60, -25] [24, 3, -14, 38] [34, -9, -26, 28] [8, -12, 30, 5]
Food (up, right, down, left):
[17, 22, -25, 18] [-24, 31, 11, -30] [8, -15, 3, 15] [-20, 6, 59, 15] [12, -22, 53, 0] [13, -35, -21, -30] [-76, 21, 19, -33]
[-77, 17, -45, -7] [5, -24, -37, 3] [1, 15, 40, 30] [-22, 10, -53, 48] [16, 27, 0, -60] [35, 9, -59, 11] [9, -7, 26, 47]
[-25, -2, 42, -30] [27, 13, -7, 31] [-32, -47, -26, 28] [61, -38, 26, 6] [0, -20, -16, -30] [-13, 22, -55, -28] [68, 38, 35, 29]
[4, 35, -14, 43] [-17, -5, -14, 25] [-4, -13, -30, -14] [0, 0, 0, 0] [-19, 52, -52, 4] [-4, -31, -45, -23] [-18, 53, -13, -2]
[13, 22, -17, 23] [19, 28, -2, 45] [23, -19, 36, 25] [-1, -58, 51, -17] [-5, 20, 13, -15] [18, 43, 20, 6] [-14, -31, -21, -11]
[3, -40, -15, -2] [7, 13, 8, -26] [21, -9, 22, 39] [-44, -35, 56, -22] [-55, -33, 18, -60] [-38, 56, 35, 21] [-6, 50, 39, 30]
[33, 14, -20, -13] [-9, -1, 28, -80] [38, 23, 4, -16] [8, -8, -10, -19] [79, 43, 14, -28] [-9, 37, 4, 2] [25, -36, 19, -23]
------------------------------
ALIVE
Head: (11 23)
Body: (11 23) (11 22) (12 22) (13 22) (13 21) (13 20) (13 19) (14 19) (15 19) (15 20) (14 20) (14 21) (14 22) (14 23) 
Length: 14, 4
Vision: 3
Hungry, suplies: 5/10
Reproductive: 16, mutating: 0.25
Generation: 62994
####################################
Wall (up, right, down, left):
[-12, -5, -9, -13] [-2, 3, -2, -21] [-15, -18, -5, -14] [10, 15, 25, 9] [-7, 16, 37, 0] [6, -4, -27, -12] [0, -26, -4, -10]
[-34, 3, 23, -9] [36, 28, 0, -6] [-48, 18, 12, -1] [-40, 6, 30, 9] [25, 34, 1, 10] [-36, -17, -10, -24] [-24, 4, 10, -4]
[-11, 31, 28, 41] [-16, 35, -20, -13] [-7, 4, 67, -1] [-105, 23, 55, -4] [-45, -57, -19, 32] [-17, -28, -13, -7] [-4, -22, -18, 2]
[-27, 55, -19, -31] [11, -4, 27, -35] [15, 40, 12, -127] [0, 0, 0, 0] [50, -122, 22, 15] [18, -18, -5, 3] [11, 20, 33, -4]
[5, -37, 19, 12] [8, -8, -18, -28] [-17, -20, -30, -42] [65, 3, -135, 34] [15, -5, -49, 55] [9, 23, -12, 13] [-3, -77, -25, 33]
[22, 32, 11, -18] [-30, 10, -2, 2] [28, 0, 27, -10] [1, -6, -20, -7] [-8, -3, -35, -21] [-3, -30, -23, 9] [44, 12, 14, -7]
[-21, 8, 17, -19] [-4, -10, -52, -9] [12, -4, 33, 17] [-28, 18, -60, -25] [24, 4, -14, 38] [34, -9, -26, 27] [8, -12, 30, 3]
Food (up, right, down, left):
[17, 22, -25, 18] [-24, 31, 11, -27] [8, -15, 3, 15] [-20, 6, 59, 16] [12, -22, 53, 0] [13, -35, -21, -30] [-76, 21, 19, -33]
[-77, 17, -45, -7] [5, -21, -37, 3] [1, 10, 40, 33] [-22, 10, -53, 48] [16, 28, 0, -60] [35, 9, -59, 11] [5, -7, 26, 47]
[-25, -2, 42, -30] [27, 13, -7, 31] [-32, -50, -26, 28] [61, -38, 26, 3] [0, -20, -16, -30] [-13, 22, -55, -28] [68, 38, 35, 29]
[8, 35, -14, 43] [-17, -5, -14, 25] [-4, -17, -30, -14] [0, 0, 0, 0] [-19, 53, -52, 4] [-4, -30, -45, -21] [-17, 53, -13, -2]
[13, 22, -17, 23] [19, 28, -2, 45] [23, -19, 36, 25] [-1, -58, 50, -17] [-5, 20, 13, -15] [18, 43, 20, 5] [-14, -34, -21, -11]
[8, -40, -15, -2] [7, 13, 8, -31] [21, -9, 22, 39] [-44, -35, 56, -22] [-55, -33, 19, -60] [-36, 56, 35, 21] [-6, 50, 39, 30]
[33, 14, -20, -13] [-9, -1, 24, -80] [38, 23, 4, -21] [8, -8, -10, -19] [79, 43, 15, -28] [-9, 37, 6, 2] [25, -36, 20, -23]
------------------------------
ALIVE
Head: (5 50)
Body: (5 50) (4 50) (3 50) (2 50) (2 51) (2 52) (1 52) (1 51) (1 50) (1 49) (1 48) (1 47) 
Length: 12, 4
Vision: 3
Hungry, suplies: 5/10
Reproductive: 16, mutating: 0.25
Generation: 62981
####################################
Wall (up, right, down, left):
[-12, -5, -9, -13] [-2, 5, -7, -21] [-15, -18, -5, -14] [10, 12, 25, 9] [-7, 16, 37, 0] [6, -4, -27, -12] [0, -26, -4, -10]
[-34, 3, 23, -9] [36, 28, 0, -5] [-48, 18, 12, -1] [-40, 6, 30, 9] [27, 34, 1, 10] [-36, -17, -10, -24] [-23, 4, 10, -4]
[-11, 31, 28, 41] [-16, 35, -20, -13] [-7, 1, 67, -1] [-105, 23, 52, -4] [-45, -57, -19, 32] [-17, -28, -13, -7] [-4, -22, -18, 2]
[-27, 60, -19, -31] [11, -4, 27, -35] [15, 40, 12, -127] [0, 0, 0, 0] [50, -122, 22, 17] [18, -13, -5, 3] [11, 20, 33, -4]
[5, -37, 19, 12] [8, -8, -18, -28] [-17, -20, -30, -42] [67, 3, -135, 34] [15, -5, -49, 55] [9, 23, -12, 18] [-3, -77, -25, 35]
[22, 27, 11, -18] [-30, 10, -2, 1] [28, 0, 27, -10] [1, -6, -20, -7] [-9, -3, -35, -21] [-3, -26, -23, 9] [44, 12, 14, -7]
[-21, 8, 17, -19] [-4, -10, -49, -9] [12, -4, 30, 17] [-28, 18, -60, -25] [24, 3, -14, 38] [34, -9, -25, 28] [8, -12, 30, 5]
Food (up, right, down, left):
[17, 22, -25, 18] [-24, 29, 11, -30] [8, -15, 3, 15] [-20, 6, 59, 15] [12, -22, 53, 0] [13, -35, -21, -30] [-76, 21, 19, -33]
[-77, 17, -45, -7] [5, -24, -37, 3] [1, 10, 40, 30] [-22, 10, -53, 48] [16, 27, 0, -60] [35, 9, -59, 11] [9, -7, 26, 47]
[-25, -2, 42, -30] [27, 13, -7, 31] [-32, -47, -26, 28] [61, -38, 26, 6] [0, -20, -16, -30] [-13, 22, -55, -28] [68, 38, 35, 29]
[8, 35, -14, 43] [-17, -5, -14, 25] [-4, -13, -30, -14] [0, 0, 0, 0] [-19, 52, -52, 4] [-4, -31, -45, -23] [-18, 53, -13, -2]
[13, 22, -17, 23] [19, 28, -2, 45] [23, -19, 36, 25] [-1, -58, 51, -17] [-5, 20, 13, -15] [18, 43, 20, 6] [-14, -31, -21, -11]
[3, -40, -15, -2] [7, 13, 8, -26] [21, -9, 22, 39] [-44, -35, 56, -22] [-55, -33, 18, -60] [-38, 56, 35, 21] [-6, 50, 39, 30]
[33, 14, -20, -13] [-9, -1, 28, -80] [38, 23, 4, -16] [8, -8, -10, -19] [79, 43, 14, -28] [-9, 37, 4, 0] [25, -36, 19, -23]
------------------------------
ALIVE
Head: (4 27)
Body: (4 27) (4 26) (4 25) (4 24) (4 23) (4 22) (4 21) (4 20) (3 20) (2 20) 
Length: 10, 4
Vision: 3
Hungry, suplies: 6/10
Reproductive: 16, mutating: 0.25
Generation: 62988
####################################
Wall (up, right, down, left):
[-12, -5, -9, -13] [-2, 5, -2, -21] [-15, -18, -5, -14] [10, 12, 25, 9] [-7, 16, 37, 0] [6, -4, -27, -12] [0, -26, -4, -10]
[-34, 3, 23, -9] [36, 28, 0, -5] [-48, 18, 12, -1] [-40, 6, 30, 9] [27, 34, 1, 10] [-36, -17, -10, -24] [-24, 4, 10, -4]
[-11, 31, 28, 41] [-16, 35, -20, -13] [-7, 1, 67, -1] [-105, 23, 52, -4] [-45, -57, -19, 32] [-17, -28, -13, -7] [-4, -22, -18, 2]
[-27, 60, -19, -31] [11, -4, 27, -35] [15, 40, 12, -127] [0, 0, 0, 0] [50, -122, 22, 17] [18, -13, -5, 3] [11, 20, 33, -4]
[5, -37, 19, 12] [8, -8, -18, -28] [-17, -20, -30, -42] [67, 3, -135, 34] [15, -5, -49, 55] [9, 23, -12, 18] [-3, -77, -25, 35]
[22, 27, 11, -18] [-30, 10, -2, 1] [28, 0, 27, -10] [1, -6, -20, -7] [-9, -3, -35, -21] [-3, -26, -23, 9] [44, 12, 14, -7]
[-21, 8, 17, -19] [-4, -10, -49, -9] [12, -4, 30, 17] [-28, 18, -60, -25] [24, 3, -14, 38] [34, -9, -25, 28] [8, -12, 30, 5]
Food (up, right, down, left):
[17, 22, -25, 18] [-24, 31, 11, -30] [8, -15, 3, 15] [-20, 6, 59, 15] [12, -22, 53, 0] [13, -35, -21, -30] [-76, 21, 19, -33]
[-77, 17, -45, -7] [5, -24, -37, 3] [1, 10, 40, 30] [-22, 10, -53, 48] [16, 27, 0, -60] [35, 9, -59, 11] [9, -7, 22, 47]
[-25, -2, 42, -30] [27, 13, -7, 31] [-32, -47, -26, 28] [61, -38, 26, 6] [0, -20, -16, -30] [-13, 22, -55, -28] [68, 38, 35, 29]
[8, 35, -14, 43] [-17, -5, -14, 25] [-4, -13, -30, -14] [0, 0, 0, 0] [-19, 52, -52, 4] [-4, -31, -45, -23] [-18, 53, -13, -2]
[13, 22, -17, 23] [19, 28, -2, 45] [23, -19, 36, 25] [-1, -58, 51, -17] [-5, 20, 13, -15] [18, 43, 20, 6] [-14, -31, -21, -11]
[3, -40, -15, -2] [7, 13, 8, -26] [21, -9, 22, 39] [-44, -35, 56, -22] [-55, -33, 18, -60] [-38, 56, 35, 21] [-6, 50, 39, 30]
[33, 14, -20, -13] [-9, -1, 28, -80] [38, 23, 4, -16] [8, -8, -10, -19] [79, 43, 14, -28] [-9, 37, 4, 0] [25, -36, 19, -23]
------------------------------
ALIVE
Head: (12 14)
Body: (12 14) (13 14) (14 14) (14 15) (13 15) (12 15) (12 16) 
Length: 7, 4
Vision: 3
Hungry, suplies: 8/10
Reproductive: 16, mutating: 0.25
Generation: 62991
####################################
Wall (up, right, down, left):
[-12, -5, -9, -13] [-2, 0, -2, -21] [-15, -18, -5, -14] [10, 12, 25, 9] [-7, 16, 37, 0] [6, -4, -27, -12] [0, -26, -4, -10]
[-34, 3, 23, -8] [36, 28, 0, -5] [-48, 18, 12, -1] [-40, 6, 30, 9] [27, 34, 1, 10] [-36, -17, -10, -24] [-23, 4, 10, -4]
[-11, 31, 28, 41] [-16, 35, -20, -13] [-7, 1, 67, -1] [-105, 23, 52, -4] [-45, -57, -19, 32] [-17, -28, -13, -7] [-4, -22, -18, 2]
[-27, 60, -19, -31] [11, -4, 27, -35] [15, 40, 12, -127] [0, 0, 0, 0] [50, -122, 22, 17] [18, -13, -5, 3] [11, 20, 33, -4]
[5, -37, 19, 12] [8, -8, -18, -28] [-17, -20, -30, -42] [67, 3, -135, 34] [15, -5, -49, 55] [9, 23, -12, 18] [-3, -77, -25, 35]
[22, 27, 11, -18] [-30, 10, -2, 1] [28, 0, 27, -10] [1, -6, -20, -7] [-9, -3, -35, -21] [-3, -26, -23, 9] [44, 12, 14, -7]
[-21, 8, 17, -19] [-4, -10, -49, -9] [12, -4, 30, 17] [-28, 18, -60, -25] [24, 3, -14, 33] [34, -9, -26, 28] [8, -12, 30, 5]
Food (up, right, down, left):
[17, 22, -25, 18] [-24, 35, 11, -30] [8, -15, 3, 15] [-20, 6, 59, 15] [12, -22, 53, 0] [13, -35, -21, -30] [-76, 21, 19, -33]
[-77, 17, -45, -12] [5, -24, -37, 3] [1, 10, 40, 30] [-22, 10, -53, 48] [16, 27, 0, -60] [35, 9, -59, 11] [9, -7, 26, 47]
[-25, -2, 42, -30] [27, 13, -7, 31] [-32, -47, -26, 28] [61, -38, 26, 6] [0, -20, -16, -30] [-13, 22, -55, -28] [68, 38, 35, 29]
[8, 35, -14, 43] [-17, -5, -14, 25] [-4, -13, -30, -14] [0, 0, 0, 0] [-19, 52, -52, 4] [-4, -31, -45, -23] [-18, 53, -13, -2]
[13, 22, -17, 23] [19, 28, -2, 45] [23, -19, 36, 25] [-1, -58, 51, -17] [-5, 20, 13, -15] [18, 43, 20, 6] [-14, -31, -21, -11]
[3, -40, -15, -2] [7, 13, 8, -26] [21, -9, 22, 39] [-44, -35, 56, -22] [-55, -33, 18, -60] [-38, 56, 35, 21] [-6, 50, 39, 30]
[33, 14, -20, -13] [-9, -1, 28, -80] [38, 23, 4, -16] [8, -8, -10, -19] [79, 43, 14, -29] [-9, 37, 4, 2] [25, -36, 19, -23]
------------------------------
ALIVE
Head: (0 51)
Body: (0 51) (0 52) (0 53) (25 54) (24 54) (24 53) (24 52) (24 51) (24 50) (24 49) (24 48) (24 47) (23 47) 
Length: 13, 4
Vision: 3
Hungry, suplies: 10/10
Reproductive: 16, mutating: 0.25
Generation: 62993
####################################
Wall (up, right, down, left):
[-12, -5, -9, -13] [-2, 5, -2, -21] [-15, -18, -5, -14] [10, 12, 25, 9] [-7, 16, 37, 0] [6, -4, -29, -12] [0, -26, -4, -10]
[-34, 3, 23, -9] [36, 28, 0, -5] [-48, 18, 12, -1] [-40, 6, 30, 9] [27, 34, 1, 10] [-36, -17, -10, -24] [-24, 4, 10, -4]
[-11, 31, 28, 41] [-16, 35, -20, -13] [-8, 1, 67, -1] [-105, 23, 52, -4] [-45, -57, -19, 32] [-17, -28, -13, -7] [-4, -22, -18, 2]
[-27, 60, -19, -31] [11, -4, 27, -35] [15, 40, 12, -127] [0, 0, 0, 0] [50, -122, 22, 17] [18, -13, -5, 3] [11, 20, 33, -4]
[5, -37, 19, 12] [8, -8, -18, -28] [-17, -20, -30, -42] [67, 3, -135, 34] [15, -5, -49, 55] [9, 23, -12, 18] [-3, -77, -25, 35]
[22, 27, 11, -18] [-30, 10, -2, 1] [28, 0, 27, -10] [1, -6, -20, -7] [-9, -3, -35, -21] [-3, -26, -23, 9] [44, 12, 14, -7]
[-21, 8, 17, -19] [-4, -10, -49, -9] [12, -4, 30, 17] [-28, 18, -60, -25] [24, 3, -14, 38] [34, -9, -25, 28] [8, -12, 30, 5]
Food (up, right, down, left):
[17, 22, -25, 18] [-24, 31, 11, -30] [8, -15, 3, 15] [-20, 6, 59, 15] [12, -22, 53, 0] [13, -35, -21, -27] [-76, 21, 19, -33]
[-77, 17, -45, -7] [5, -24, -37, 3] [1, 10, 40, 30] [-22, 10, -53, 48] [16, 27, 0, -60] [35, 9, -59, 11] [9, -7, 22, 47]
[-25, -2, 42, -30] [27, 13, -7, 31] [-32, -42, -26, 28] [61, -38, 26, 6] [0, -20, -16, -30] [-13, 22, -55, -28] [68, 38, 35, 29]
[8, 35, -14, 43] [-17, -5, -14, 25] [-4, -13, -30, -14] [0, 0, 0, 0] [-19, 52, -52, 4] [-4, -31, -45, -23] [-18, 53, -13, -2]
[13, 22, -17, 23] [19, 28, -2, 45] [23, -19, 36, 25] [-1, -58, 51, -17] [-5, 20, 13, -15] [18, 43, 20, 6] [-14, -31, -21, -11]
[3, -40, -15, -2] [7, 13, 8, -26] [21, -9, 22, 39] [-44, -35, 56, -22] [-55, -33, 18, -60] [-38, 56, 35, 21] [-6, 50, 39, 30]
[33, 14, -20, -13] [-9, -1, 28, -80] [38, 23, 4, -16] [8, -8, -10, -19] [79, 43, 14, -28] [-9, 37, 4, 0] [25, -36, 19, -23]
------------------------------
ALIVE
Head: (6 12)
Body: (6 12) (6 11) (6 10) (5 10) (4 10) (4 9) (5 9) (6 9) (7 9) (8 9) (8 10) (9 10) 
Length: 12, 4
Vision: 3
Hungry, suplies: 8/10
Reproductive: 16, mutating: 0.25
Generation: 62994
####################################
Wall (up, right, down, left):
[-12, -5, -9, -13] [-2, 5, -2, -21] [-15, -18, -5, -14] [10, 12, 25, 9] [-7, 16, 37, 0] [6, -4, -27, -12] [0, -26, -4, -10]
[-34, 3, 23, -9] [36, 28, 0, -5] [-48, 18, 12, -1] [-40, 6, 30, 9] [27, 34, 1, 10] [-36, -17, -10, -24] [-23, 4, 10, -4]
[-11, 31, 28, 41] [-16, 35, -20, -13] [-7, 1, 67, -1] [-105, 23, 52, -4] [-45, -57, -19, 32] [-17, -28, -13, -7] [-4, -22, -18, 2]
[-27, 60, -19, -31] [11, -4, 27, -35] [15, 40, 12, -127] [0, 0, 0, 0] [50, -122, 22, 17] [18, -13, -5, 3] [11, 20, 33, -4]
[5, -37, 19, 12] [8, -8, -18, -28] [-17, -20, -30, -42] [67, 3, -135, 34] [15, -5, -49, 55] [9, 23, -12, 18] [-3, -77, -25, 35]
[22, 27, 11, -18] [-30, 10, -2, 1] [28, 0, 27, -10] [1, -6, -20, -7] [-9, -3, -35, -21] [-3, -26, -23, 9] [44, 12, 14, -7]
[-21, 8, 17, -19] [-4, -10, -49, -9] [12, -4, 30, 17] [-28, 18, -60, -25] [24, 3, -14, 38] [34, -9, -26, 28] [8, -12, 30, 5]
Food (up, right, down, left):
[17, 22, -25, 18] [-24, 31, 11, -30] [8, -15, 3, 15] [-20, 6, 59, 15] [12, -22, 53, 0] [13, -35, -21, -30] [-76, 21, 19, -33]
[-77, 17, -45, -7] [5, -24, -37, 3] [1, 10, 40, 30] [-22, 10, -53, 48] [16, 27, 0, -60] [35, 9, -59, 11] [9, -7, 26, 47]
[-25, -2, 42, -30] [27, 13, -7, 31] [-32, -47, -26, 28] [61, -38, 26, 6] [0, -20, -16, -30] [-13, 22, -55, -28] [68, 38, 35, 29]
[8, 35, -14, 43] [-17, -5, -14, 25] [-4, -13, -30, -14] [0, 0, 0, 0] [-19, 52, -52, 4] [-4, -31, -45, -23] [-18, 53, -13, -2]
[13, 22, -17, 23] [19, 28, -2, 45] [23, -19, 36, 25] [-1, -58, 51, -17] [-5, 20, 13, -15] [18, 43, 20, 6] [-14, -31, -24, -11]
[3, -40, -15, -2] [7, 13, 8, -26] [21, -9, 22, 39] [-44, -35, 56, -22] [-55, -33, 18, -60] [-38, 56, 35, 21] [-6, 50, 39, 30]
[33, 14, -20, -13] [-9, -1, 28, -80] [38, 23, 4, -16] [8, -8, -10, -19] [79, 43, 14, -28] [-9, 37, 4, 2] [25, -36, 19, -23]
------------------------------
ALIVE
Head: (19 27)
Body: (19 27) (20 27) (20 28) (21 28) (21 29) (22 29) (22 30) (22 31) (23 31) (24 31) 
Length: 10, 4
Vision: 3
Hungry, suplies: 5/10
Reproductive: 16, mutating: 0.25
Generation: 62989
####################################
Wall (up, right, down, left):
[-12, -5, -9, -13] [-2, 3, -2, -21] [-15, -18, -5, -14] [10, 15, 25, 9] [-7, 16, 37, 0] [6, -4, -27, -12] [0, -26, -4, -10]
[-34, 3, 23, -9] [36, 28, 0, -6] [-48, 18, 12, -1] [-40, 6, 30, 9] [25, 34, 1, 10] [-36, -17, -10, -24] [-24, 4, 10, -4]
[-11, 31, 28, 41] [-16, 35, -17, -13] [-7, 4, 67, -1] [-105, 23, 55, -4] [-45, -57, -19, 32] [-17, -28, -13, -7] [-4, -22, -18, 2]
[-27, 55, -19, -31] [11, -4, 27, -35] [15, 40, 12, -127] [0, 0, 0, 0] [50, -122, 22, 15] [18, -18, -5, 3] [11, 20, 33, -4]
[5, -37, 19, 12] [8, -8, -18, -28] [-17, -20, -30, -42] [65, 3, -135, 34] [15, -5, -49, 55] [9, 23, -12, 13] [-3, -77, -25, 30]
[22, 32, 11, -18] [-30, 10, -2, 2] [28, 0, 27, -10] [1, -6, -20, -7] [-8, -3, -35, -21] [-3, -30, -23, 9] [44, 12, 14, -7]
[-21, 8, 17, -19] [-4, -10, -52, -9] [12, -4, 33, 17] [-28, 18, -60, -25] [24, 4, -14, 38] [34, -9, -26, 27] [8, -12, 30, 3]
Food (up, right, down, left):
[17, 22, -25, 18] [-24, 31, 11, -27] [8, -15, 3, 15] [-20, 6, 59, 16] [12, -22, 53, 0] [13, -35, -21, -30] [-76, 21, 19, -33]
[-77, 17, -45, -7] [5, -21, -37, 3] [1, 10, 40, 33] [-22, 10, -53, 48] [16, 28, 0, -60] [35, 9, -59, 11] [5, -7, 26, 47]
[-25, -2, 42, -30] [27, 14, -7, 31] [-32, -50, -26, 28] [61, -38, 26, 3] [0, -20, -16, -30] [-13, 22, -55, -28] [68, 38, 35, 29]
[8, 35, -14, 43] [-17, -5, -14, 25] [-4, -17, -30, -14] [0, 0, 0, 0] [-19, 53, -52, 4] [-4, -30, -45, -21] [-17, 53, -13, -2]
[13, 22, -17, 23] [19, 28, -2, 45] [23, -19, 36, 25] [-1, -58, 50, -17] [-5, 20, 13, -15] [18, 43, 20, 5] [-14, -34, -16, -11]
[8, -40, -15, -2] [7, 13, 8, -31] [21, -9, 22, 39] [-44, -35, 56, -22] [-55, -33, 19, -60] [-36, 56, 35, 21] [-6, 50, 39, 30]
[33, 14, -20, -13] [-9, -1, 24, -80] [38, 23, 4, -21] [8, -8, -10, -19] [79, 43, 15, -28] [-9, 37, 6, 2] [25, -36, 20, -23]
------------------------------
ALIVE
Head: (18 37)
Body: (18 37) (17 37) (17 38) (18 38) (19 38) (20 38) (20 39) (20 40) (20 41) 
Length: 9, 4
Vision: 3
Hungry, suplies: 5/10
Reproductive: 16, mutating: 0.25
Generation: 62983
####################################
Wall (up, right, down, left):
[-12, -5, -9, -13] [-2, 5, -2, -21] [-15, -18, -5, -14] [10, 12, 25, 9] [-7, 16, 37, 0] [6, -4, -27, -12] [0, -26, -4, -10]
[-34, 3, 23, -9] [36, 28, 0, -5] [-48, 18, 12, -1] [-40, 6, 30, 8] [27, 34, 1, 10] [-36, -17, -10, -24] [-23, 4, 10, -4]
[-11, 31, 28, 41] [-16, 35, -20, -13] [-7, 1, 67, -1] [-105, 23, 52, -4] [-45, -57, -19, 32] [-17, -28, -13, -7] [-4, -22, -18, 2]
[-27, 60, -19, -31] [11, -4, 27, -35] [15, 40, 12, -127] [0, 0, 0, 0] [50, -122, 22, 17] [18, -13, -5, 3] [11, 20, 33, -4]
[5, -37, 19, 12] [8, -8, -18, -28] [-17, -20, -30, -42] [67, 3, -135, 34] [15, 0, -49, 55] [9, 23, -12, 18] [-3, -77, -25, 35]
[22, 27, 11, -18] [-30, 10, -2, 1] [28, 0, 27, -10] [1, -6, -20, -7] [-9, -3, -35, -21] [-3, -26, -23, 9] [44, 12, 14, -7]
[-21, 8, 17, -19] [-4, -10, -49, -9] [12, -4, 30, 17] [-30, 18, -60, -25] [24, 3, -14, 38] [34, -9, -26, 28] [8, -12, 30, 5]
Food (up, right, down, left):
[17, 22, -25, 18] [-24, 31, 11, -30] [8, -15, 3, 15] [-20, 6, 59, 15] [12, -22, 53, 0] [13, -35, -21, -30] [-76, 21, 19, -33]
[-77, 17, -45, -7] [5, -24, -37, 3] [1, 10, 40, 30] [-22, 10, -53, 44] [16, 27, 0, -60] [35, 9, -59, 11] [9, -7, 26, 47]
[-25, -2, 42, -30] [27, 13, -7, 31] [-32, -47, -26, 28] [61, -38, 26, 6] [0, -20, -16, -30] [-13, 22, -55, -28] [68, 38, 35, 29]
[8, 35, -14, 43] [-17, -5, -14, 25] [-4, -13, -30, -14] [0, 0, 0, 0] [-19, 52, -52, 4] [-4, -31, -45, -23] [-18, 53, -13, -2]
[13, 22, -17, 23] [19, 28, -2, 45] [23, -19, 36, 25] [-1, -58, 51, -17] [-5, 20, 13, -20] [18, 43, 20, 6] [-14, -31, -21, -11]
[3, -40, -15, -2] [7, 13, 8, -26] [21, -9, 22, 39] [-44, -35, 56, -22] [-55, -33, 18, -60] [-38, 56, 35, 21] [-6, 50, 39, 30]
[33, 14, -20, -13] [-9, -1, 28, -80] [38, 23, 4, -16] [8, -8, -10, -21] [79, 43, 14, -28] [-9, 37, 4, 2] [25, -36, 19, -23]
------------------------------
ALIVE
Head: (13 9)
Body: (13 9) (13 8) (12 8) (11 8) (11 7) (11 6) (11 5) (11 4) (12 4) (13 4) 
Length: 10, 4
Vision: 3
Hungry, suplies: 9/10
Reproductive: 16, mutating: 0.25
Generation: 62988
####################################
Wall (up, right, down, left):
[-12, -5, -9, -13] [-2, 3, -2, -21] [-15, -18, -5, -14] [10, 15, 25, 9] [-7, 16, 37, 0] [6, -4, -27, -12] [0, -26, -4, -10]
[-34, 3, 23, -9] [36, 28, 0, -6] [-48, 18, 12, -1] [-40, 6, 30, 9] [25, 34, 1, 10] [-36, -17, -10, -24] [-24, 4, 10, -4]
[-11, 31, 28, 41] [-16, 35, -20, -13] [-7, 4, 67, -1] [-105, 23, 55, -4] [-45, -57, -19, 32] [-17, -28, -13, -7] [-4, -22, -18, 2]
[-27, 55, -19, -31] [11, -4, 27, -35] [15, 40, 12, -127] [0, 0, 0, 0] [50, -122, 22, 15] [18, -18, -5, 3] [11, 20, 33, -4]
[5, -37, 19, 12] [8, -8, -18, -28] [-17, -20, -30, -42] [65, 3, -135, 34] [15, -5, -49, 55] [9, 23, -12, 13] [-3, -77, -25, 33]
[22, 32, 11, -18] [-30, 10, -2, 2] [28, 0, 27, -10] [1, -6, -20, -7] [-8, -3, -35, -21] [-3, -30, -23, 9] [44, 12, 14, -7]
[-21, 8, 17, -19] [-4, -10, -52, -9] [12, -4, 33, 17] [-28, 18, -60, -25] [24, 4, -14, 38] [34, -9, -26, 27] [8, -12, 30, 3]
Food (up, right, down, left):
[17, 22, -25, 18] [-24, 31, 11, -27] [8, -15, 3, 15] [-20, 6, 59, 16] [12, -22, 53, 0] [13, -35, -21, -30] [-76, 21, 19, -33]
[-77, 17, -45, -7] [5, -21, -37, 3] [1, 10, 40, 33] [-22, 10, -53, 48] [16, 28, 0, -60] [35, 9, -59, 11] [5, -7, 26, 47]
[-25, -2, 42, -30] [27, 13, -7, 31] [-32, -50, -26, 28] [61, -38, 26, 3] [0, -20, -16, -30] [-13, 22, -55, -28] [68, 38, 35, 29]
[8, 35, -14, 43] [-17, -5, -14, 25] [-4, -17, -30, -14] [0, 0, 0, 0] [-19, 53, -52, 4] [-4, -30, -45, -21] [-17, 53, -13, -2]
[13, 22, -17, 23] [19, 28, -2, 45] [23, -19, 36, 25] [-1, -58, 50, -17] [-5, 20, 13, -15] [18, 43, 20, 5] [-14, -34, -21, -11]
[8, -40, -15, -2] [7, 13, 8, -31] [21, -9, 22, 39] [-44, -35, 56, -22] [-55, -33, 19, -60] [-36, 56, 35, 21] [-6, 50, 39, 30]
[33, 14, -20, -13] [-9, -1, 24, -80] [38, 23, 4, -21] [8, -8, -10, -19] [79, 43, 15, -28] [-9, 37, 6, 2] [25, -36, 20, -23]
------------------------------
ALIVE
Head: (13 33)
Body: (13 33) (13 32) (14 32) (15 32) (16 32) (17 32) (18 32) (18 33) (17 33) (16 33) 
Length: 10, 4
Vision: 3
Hungry, suplies: 7/10
Reproductive: 16, mutating: 0.25
Generation: 62982
####################################
Wall (up, right, down, left):
[-12, -5, -9, -13] [-2, 3, -2, -21] [-15, -18, -5, -14] [10, 15, 25, 9] [-7, 16, 37, 0] [6, -4, -27, -12] [0, -26, -4, -10]
[-34, 3, 23, -9] [36, 28, 0, -6] [-48, 18, 12, -1] [-40, 6, 30, 9] [25, 34, 1, 10] [-36, -17, -10, -24] [-24, 4, 10, -4]
[-11, 31, 28, 41] [-16, 35, -20, -13] [-7, 4, 67, -1] [-105, 23, 55, -4] [-45, -57, -19, 32] [-17, -28, -13, -7] [-4, -22, -18, 2]
[-27, 55, -19, -31] [11, -4, 27, -35] [15, 40, 12, -127] [0, 0, 0, 0] [50, -122, 22, 15] [18, -18, -5, 3] [11, 20, 33, -4]
[5, -37, 19, 12] [8, -8, -18, -28] [-17, -20, -30, -42] [65, 3, -135, 34] [15, -5, -49, 55] [9, 23, -12, 13] [-3, -77, -25, 33]
[22, 32, 11, -18] [-30, 10, -2, 2] [28, 0, 27, -10] [1, -6, -20, -7] [-8, -3, -35, -21] [-3, -30, -26, 9] [44, 12, 14, -7]
[-21, 8, 17, -19] [-4, -10, -52, -9] [12, -4, 33, 17] [-28, 18, -60, -25] [24, 4, -14, 38] [34, -9, -26, 27] [8, -12, 30, 3]
Food (up, right, down, left):
[17, 22, -25, 18] [-24, 31, 11, -27] [8, -15, 3, 15] [-20, 6, 59, 16] [12, -22, 53, 0] [13, -35, -21, -30] [-76, 21, 19, -33]
[-77, 17, -45, -7] [5, -21, -37, 3] [1, 10, 40, 33] [-22, 10, -53, 48] [16, 28, 0, -60] [35, 9, -59, 11] [5, -7, 26, 47]
[-25, -2, 42, -30] [27, 13, -7, 31] [-32, -50, -26, 28] [61, -38, 26, 3] [0, -20, -16, -30] [-13, 22, -55, -28] [68, 38, 35, 29]
[8, 35, -14, 43] [-17, -5, -14, 25] [-4, -17, -30, -14] [0, 0, 0, 0] [-19, 53, -52, 4] [-4, -30, -45, -21] [-17, 53, -13, -2]
[13, 22, -17, 23] [19, 28, -2, 45] [23, -19, 36, 25] [-1, -58, 50, -17] [-5, 20, 13, -15] [18, 43, 20, 5] [-14, -34, -21, -11]
[8, -40, -15, -2] [7, 13, 8, -31] [21, -9, 22, 39] [-44, -35, 56, -22] [-55, -33, 19, -60] [-36, 58, 35, 21] [-6, 50, 39, 30]
[33, 14, -20, -13] [-9, -1, 24, -80] [38, 23, 4, -21] [8, -8, -10, -19] [79, 43, 15, -28] [-9, 37, 6, 2] [25, -36, 20, -23]
------------------------------
ALIVE
Head: (7 28)
Body: (7 28) (6 28) (6 27) (7 27) (8 27) (9 27) (9 28) (9 29) (10 29) 
Length: 9, 4
Vision: 3
Hungry, suplies: 10/10
Reproductive: 16, mutating: 0.25
Generation: 62981
####################################
Wall (up, right, down, left):
[-12, -5, -9, -13] [-2, 3, -2, -21] [-15, -18, -5, -14] [10, 15, 25, 9] [-7, 16, 37, 0] [6, -4, -27, -12] [0, -26, -4, -10]
[-34, 3, 23, -9] [36, 28, 0, -6] [-48, 18, 12, -1] [-40, 6, 30, 9] [25, 34, 1, 10] [-36, -17, -10, -24] [-24, 4, 10, -4]
[-11, 31, 28, 41] [-16, 35, -17, -13] [-7, 4, 67, -1] [-105, 23, 55, -4] [-45, -57, -19, 32] [-17, -28, -13, -7] [-4, -22, -18, 2]
[-27, 55, -19, -31] [11, -4, 27, -35] [15, 40, 12, -127] [0, 0, 0, 0] [50, -122, 22, 15] [18, -18, -5, 3] [11, 20, 33, -4]
[5, -37, 19, 12] [8, -8, -18, -28] [-17, -20, -30, -42] [65, 3, -135, 34] [15, -5, -49, 55] [9, 23, -12, 13] [-3, -77, -25, 30]
[22, 32, 11, -18] [-30, 10, -2, 2] [28, 0, 27, -10] [1, -6, -20, -7] [-8, -3, -35, -21] [-3, -30, -23, 9] [44, 12, 14, -7]
[-21, 8, 17, -19] [-4, -10, -52, -9] [12, -4, 33, 17] [-28, 18, -60, -25] [24, 4, -14, 38] [34, -9, -26, 27] [8, -12, 30, 3]
Food (up, right, down, left):
[17, 22, -25, 18] [-24, 31, 11, -27] [8, -15, 3, 15] [-20, 6, 59, 16] [12, -22, 53, 0] [13, -35, -21, -30] [-76, 21, 19, -33]
[-77, 17, -45, -7] [5, -21, -37, 3] [1, 10, 40, 33] [-22, 10, -53, 48] [16, 28, 0, -60] [35, 9, -59, 11] [5, -7, 26, 47]
[-25, -2, 42, -30] [27, 14, -7, 31] [-32, -50, -26, 28] [61, -38, 26, 3] [0, -20, -16, -30] [-13, 22, -55, -28] [68, 38, 35, 29]
[8, 35, -14, 43] [-17, -5, -14, 25] [-4, -17, -30, -14] [0, 0, 0, 0] [-19, 53, -52, 4] [-4, -30, -45, -21] [-17, 53, -13, -2]
[13, 22, -17, 23] [19, 28, -2, 45] [23, -19, 36, 25] [-1, -58, 50, -17] [-5, 20, 13, -15] [18, 43, 20, 5] [-14, -34, -16, -11]
[8, -40, -15, -2] [7, 13, 8, -31] [21, -9, 22, 39] [-44, -35, 56, -22] [-55, -33, 19, -60] [-36, 56, 35, 21] [-6, 50, 39, 30]
[33, 14, -20, -13] [-9, -1, 24, -80] [38, 23, 4, -21] [8, -8, -10, -19] [79, 43, 15, -28] [-9, 37, 6, 2] [25, -36, 20, -23]
------------------------------
ALIVE
Head: (8 6)
Body: (8 6) (7 6) (6 6) (5 6) (4 6) (3 6) 
Length: 6, 4
Vision: 3
Hungry, suplies: 10/10
Reproductive: 16, mutating: 0.25
Generation: 62982
####################################
Wall (up, right, down, left):
[-12, -5, -9, -13] [-2, 5, -7, -21] [-15, -18, -5, -14] [10, 12, 25, 9] [-7, 16, 37, 0] [6, -4, -27, -12] [0, -26, -4, -10]
[-34, 3, 23, -9] [36, 28, 0, -5] [-48, 18, 12, -1] [-40, 6, 30, 9] [27, 34, 1, 10] [-36, -17, -10, -24] [-23, 4, 10, -4]
[-11, 31, 28, 41] [-16, 35, -20, -13] [-7, 1, 67, -1] [-105, 23, 52, -4] [-45, -57, -19, 32] [-17, -28, -13, -7] [-4, -22, -18, 2]
[-27, 60, -19, -31] [11, -4, 27, -35] [15, 40, 12, -127] [0, 0, 0, 0] [50, -122, 22, 17] [18, -13, -5, 3] [11, 20, 33, -4]
[5, -37, 19, 12] [8, -8, -18, -28] [-17, -20, -30, -42] [67, 3, -135, 34] [15, -5, -49, 55] [9, 23, -12, 18] [-3, -77, -25, 35]
[22, 27, 11, -18] [-30, 10, -2, 1] [28, 0, 27, -10] [1, -6, -20, -7] [-9, -3, -35, -21] [-3, -26, -23, 9] [44, 12, 14, -7]
[-21, 8, 17, -19] [-4, -10, -49, -9] [12, -4, 30, 17] [-28, 18, -60, -25] [24, 3, -14, 38] [34, -9, -25, 28] [8, -12, 30, 5]
Food (up, right, down, left):
[17, 22, -25, 18] [-24, 29, 11, -30] [8, -15, 3, 15] [-20, 6, 59, 15] [12, -22, 53, 0] [13, -35, -21, -30] [-76, 21, 19, -33]
[-77, 17, -45, -7] [5, -24, -37, 3] [1, 10, 40, 30] [-22, 10, -53, 48] [16, 27, 0, -60] [35, 9, -59, 11] [9, -7, 26, 47]
[-25, -2, 42, -30] [27, 13, -7, 31] [-32, -47, -26, 28] [61, -38, 26, 6] [0, -20, -16, -30] [-13, 22, -55, -28] [68, 38, 35, 29]
[8, 35, -14, 43] [-17, -5, -14, 25] [-4, -13, -30, -14] [0, 0, 0, 0] [-19, 52, -52, 4] [-4, -31, -45, -23] [-18, 53, -13, -2]
[13, 22, -17, 23] [19, 28, -2, 45] [23, -19, 36, 25] [-1, -58, 51, -17] [-5, 20, 13, -15] [18, 43, 20, 6] [-14, -31, -21, -11]
[3, -40, -15, -2] [7, 13, 8, -26] [21, -9, 22, 39] [-44, -35, 56, -22] [-55, -33, 18, -60] [-38, 56, 35, 21] [-6, 50, 39, 30]
[33, 14, -20, -13] [-9, -1, 28, -80] [38, 23, 4, -16] [8, -8, -10, -19] [79, 43, 14, -28] [-9, 37, 4, 0] [25, -36, 19, -23]
------------------------------
ALIVE
Head: (23 23)
Body: (23 23) (22 23) (21 23) (20 23) (20 22) (19 22) (18 22) (18 21) (18 20) 
Length: 9, 4
Vision: 3
Hungry, suplies: 4/10
Reproductive: 16, mutating: 0.25
Generation: 62989
####################################
Wall (up, right, down, left):
[-12, -5, -9, -13] [-2, 5, -2, -21] [-15, -18, -5, -14] [10, 12, 25, 9] [-7, 16, 37, 0] [6, -4, -27, -12] [0, -26, -4, -10]
[-34, 3, 23, -9] [36, 28, 0, -5] [-48, 18, 12, -1] [-40, 6, 30, 9] [27, 34, 1, 10] [-36, -17, -10, -24] [-23, 4, 10, -4]
[-8, 31, 28, 41] [-16, 35, -20, -13] [-7, 1, 67, -1] [-105, 26, 55, -4] [-45, -57, -19, 32] [-17, -28, -13, -7] [-4, -22, -18, 2]
[-27, 60, -19, -31] [11, -4, 27, -35] [15, 40, 12, -127] [0, 0, 0, 0] [50, -122, 22, 17] [18, -18, -5, 3] [11, 15, 33, -4]
[5, -37, 19, 12] [8, -8, -18, -28] [-17, -20, -30, -42] [67, 3, -135, 34] [15, -5, -49, 55] [9, 23, -12, 13] [-3, -77, -25, 35]
[22, 32, 11, -18] [-30, 10, -2, 1] [28, 0, 27, -10] [1, -6, -20, -7] [-9, -3, -35, -21] [-3, -30, -23, 9] [44, 9, 14, -7]
[-21, 8, 17, -19] [-4, -10, -52, -9] [12, -4, 30, 17] [-28, 18, -60, -25] [24, 3, -14, 36] [34, -9, -26, 28] [8, -12, 30, 5]
Food (up, right, down, left):
[17, 22, -25, 18] [-24, 31, 11, -30] [8, -15, 3, 15] [-20, 6, 59, 15] [12, -22, 53, 0] [13, -35, -21, -30] [-76, 21, 19, -33]
[-77, 17, -45, -7] [5, -24, -37, 3] [1, 10, 40, 30] [-22, 10, -53, 48] [16, 27, 0, -60] [35, 9, -59, 11] [9, -7, 26, 47]
[-28, -2, 42, -30] [27, 13, -7, 31] [-32, -47, -26, 28] [61, -38, 24, 3] [0, -20, -16, -30] [-13, 22, -55, -28] [68, 38, 35, 29]
[8, 35, -14, 43] [-17, -5, -14, 25] [-4, -13, -30, -14] [0, 0, 0, 0] [-19, 52, -52, 4] [-4, -30, -45, -21] [-17, 53, -13, 1]
[13, 22, -17, 23] [19, 28, -2, 45] [23, -19, 36, 25] [-1, -58, 51, -17] [-5, 20, 13, -15] [18, 43, 20, 5] [-14, -31, -21, -11]
[8, -40, -15, -2] [7, 13, 8, -26] [21, -9, 22, 39] [-44, -35, 56, -22] [-55, -33, 18, -60] [-36, 56, 35, 21] [-6, 50, 34, 30]
[33, 14, -20, -13] [-9, -1, 24, -80] [38, 23, 4, -16] [8, -8, -10, -19] [79, 42, 14, -28] [-9, 37, 4, 2] [25, -36, 19, -23]
------------------------------
ALIVE
Head: (2 34)
Body: (2 34) (2 33) (3 33) (4 33) (5 33) (5 34) (6 34) (7 34) (8 34) (8 33) (9 33) 
Length: 11, 4
Vision: 3
Hungry, suplies: 10/10
Reproductive: 16, mutating: 0.25
Generation: 62990
####################################
Wall (up, right, down, left):
[-12, -5, -9, -13] [-2, 5, -2, -21] [-15, -18, -5, -14] [10, 12, 25, 9] [-7, 16, 37, 0] [6, -4, -27, -12] [0, -26, -4, -10]
[-34, 3, 23, -9] [36, 28, 0, -5] [-48, 18, 12, -1] [-40, 6, 30, 9] [27, 34, 1, 10] [-36, -17, -10, -24] [-23, 4, 10, -4]
[-11, 31, 28, 41] [-16, 35, -20, -13] [-7, 1, 67, -1] [-105, 23, 52, -4] [-45, -57, -19, 32] [-17, -28, -13, -7] [-4, -22, -18, 2]
[-27, 60, -19, -31] [11, -4, 27, -35] [15, 37, 12, -127] [0, 0, 0, 0] [50, -122, 22, 17] [18, -13, -5, 3] [11, 20, 33, -4]
[5, -37, 19, 12] [8, -8, -18, -28] [-17, -20, -30, -42] [67, 3, -135, 34] [15, -5, -49, 55] [9, 23, -12, 13] [-3, -77, -25, 35]
[22, 27, 11, -18] [-30, 10, -2, 1] [28, 0, 27, -10] [1, -6, -20, -7] [-9, -3, -35, -21] [-3, -26, -23, 9] [44, 12, 14, -7]
[-21, 8, 17, -19] [-4, -10, -49, -9] [12, -4, 30, 17] [-28, 18, -60, -25] [24, 3, -14, 38] [34, -9, -26, 28] [8, -12, 30, 5]
Food (up, right, down, left):
[17, 22, -25, 18] [-24, 31, 11, -30] [8, -15, 3, 15] [-20, 6, 59, 15] [12, -22, 53, 0] [13, -35, -21, -30] [-76, 21, 19, -33]
[-77, 17, -45, -7] [5, -24, -37, 3] [1, 10, 40, 30] [-22, 10, -53, 48] [16, 27, 0, -60] [35, 9, -59, 11] [9, -7, 26, 47]
[-25, -2, 42, -30] [27, 13, -7, 31] [-32, -47, -26, 28] [61, -38, 26, 6] [0, -20, -16, -30] [-13, 22, -55, -28] [68, 38, 35, 29]
[8, 35, -14, 43] [-17, -5, -14, 25] [-1, -13, -30, -14] [0, 0, 0, 0] [-19, 52, -52, 4] [-4, -31, -45, -23] [-18, 53, -13, -2]
[13, 22, -17, 23] [19, 28, -2, 45] [23, -19, 36, 25] [-1, -58, 51, -17] [-5, 20, 13, -15] [18, 43, 20, 5] [-14, -31, -21, -11]
[3, -40, -15, -2] [7, 13, 8, -26] [21, -9, 22, 39] [-44, -35, 56, -22] [-55, -33, 18, -60] [-38, 56, 35, 21] [-6, 50, 39, 30]
[33, 14, -20, -13] [-9, -1, 28, -80] [38, 23, 4, -16] [8, -8, -10, -19] [79, 43, 14, -28] [-9, 37, 4, 2] [25, -36, 19, -23]
------------------------------
ALIVE
Head: (2 17)
Body: (2 17) (3 17) (4 17) (5 17) (6 17) (7 17) (7 18) (7 19) 
Length: 8, 4
Vision: 3
Hungry, suplies: 5/10
Reproductive: 16, mutating: 0.25
Generation: 62986
####################################
Wall (up, right, down, left):
[-12, -5, -9, -13] [-2, 5, -2, -21] [-15, -18, -5, -14] [10, 12, 25, 9] [-7, 16, 37, 0] [6, -4, -27, -12] [0, -26, -4, -10]
[-34, 3, 23, -9] [36, 28, 0, -5] [-48, 18, 12, -1] [-40, 6, 30, 8] [27, 34, 1, 10] [-36, -17, -10, -24] [-23, 4, 10, -4]
[-11, 31, 28, 41] [-16, 35, -20, -13] [-7, 1, 67, -1] [-105, 23, 52, -4] [-45, -57, -19, 32] [-17, -28, -13, -7] [-4, -22, -18, 2]
[-27, 60, -19, -31] [11, -4, 27, -35] [14, 40, 12, -127] [0, 0, 0, 0] [50, -122, 22, 17] [18, -13, -5, 3] [11, 20, 33, -4]
[5, -37, 19, 12] [8, -8, -18, -28] [-17, -20, -30, -42] [67, 3, -135, 34] [15, 0, -49, 55] [9, 23, -12, 18] [-3, -77, -25, 35]
[22, 27, 11, -18] [-30, 10, -2, 1] [28, 0, 27, -10] [1, -6, -20, -7] [-9, -3, -35, -21] [-3, -26, -23, 9] [44, 12, 14, -7]
[-21, 8, 17, -19] [-4, -10, -49, -9] [12, -4, 30, 17] [-30, 18, -60, -25] [24, 3, -14, 38] [34, -9, -26, 28] [8, -12, 30, 5]
Food (up, right, down, left):
[17, 22, -25, 18] [-24, 31, 11, -30] [8, -15, 3, 15] [-20, 6, 59, 15] [12, -22, 53, 0] [13, -35, -21, -30] [-76, 21, 19, -33]
[-77, 17, -45, -7] [5, -24, -37, 3] [1, 10, 40, 30] [-22, 10, -53, 44] [16, 27, 0, -60] [35, 9, -59, 11] [9, -7, 26, 47]
[-25, -2, 42, -30] [27, 13, -7, 31] [-32, -47, -26, 28] [61, -38, 26, 6] [0, -20, -16, -30] [-13, 22, -55, -28] [68, 38, 35, 29]
[8, 35, -14, 43] [-17, -5, -14, 25] [-4, -13, -30, -12] [0, 0, 0, 0] [-19, 52, -52, 4] [-4, -31, -45, -23] [-18, 53, -13, -2]
[13, 22, -17, 23] [19, 28, -2, 45] [23, -19, 36, 25] [-1, -58, 51, -17] [-5, 20, 13, -20] [18, 43, 20, 6] [-14, -31, -21, -11]
[3, -40, -15, -2] [7, 13, 8, -26] [21, -9, 22, 39] [-44, -35, 56, -22] [-55, -33, 18, -60] [-38, 56, 35, 21] [-6, 50, 39, 30]
[33, 14, -20, -13] [-9, -1, 28, -80] [38, 23, 4, -16] [8, -8, -10, -21] [79, 43, 14, -28] [-9, 37, 4, 2] [25, -36, 19, -23]
------------------------------
ALIVE
Head: (14 49)
Body: (14 49) (15 49) (15 50) (15 51) (14 51) (13 51) (12 51) (12 52) (12 53) 
Length: 9, 4
Vision: 3
Hungry, suplies: 5/10
Reproductive: 16, mutating: 0.25
Generation: 62989
####################################
Wall (up, right, down, left):
[-12, -5, -9, -13] [-2, 5, -2, -21] [-15, -18, -5, -14] [10, 12, 25, 9] [-7, 16, 37, 0] [6, -4, -27, -12] [0, -26, -4, -10]
[-34, 3, 23, -9] [36, 28, 0, -5] [-48, 18, 12, -1] [-40, 6, 30, 8] [27, 34, 1, 10] [-36, -17, -10, -24] [-23, 4, 10, -4]
[-11, 31, 28, 41] [-16, 35, -20, -13] [-7, 1, 67, -1] [-105, 23, 52, -4] [-45, -57, -19, 32] [-17, -28, -13, -7] [-4, -22, -18, 2]
[-27, 60, -19, -31] [11, -4, 27, -35] [15, 40, 12, -127] [0, 0, 0, 0] [50, -122, 22, 17] [18, -13, -5, 3] [11, 20, 33, -4]
[5, -37, 19, 12] [8, -8, -18, -28] [-17, -20, -30, -42] [67, 3, -135, 34] [15, 0, -49, 55] [9, 23, -12, 18] [-3, -77, -25, 35]
[22, 27, 11, -18] [-30, 10, -2, 1] [28, 0, 27, -10] [1, -6, -20, -7] [-9, -3, -35, -21] [-3, -26, -23, 9] [44, 12, 14, -7]
[-21, 8, 17, -19] [-4, -10, -49, -9] [12, -4, 30, 17] [-28, 18, -60, -25] [24, 3, -14, 38] [34, -9, -26, 28] [8, -12, 30, 5]
Food (up, right, down, left):
[17, 22, -25, 18] [-24, 31, 11, -30] [8, -15, 3, 15] [-20, 6, 59, 15] [12, -22, 53, 0] [13, -35, -21, -30] [-76, 21, 19, -33]
[-77, 17, -45, -7] [5, -24, -37, 3] [1, 10, 40, 30] [-22, 10, -53, 44] [16, 27, 0, -60] [35, 9, -59, 11] [9, -7, 26, 47]
[-25, -2, 42, -30] [27, 13, -7, 31] [-32, -47, -26, 28] [61, -38, 26, 6] [0, -20, -16, -30] [-13, 22, -55, -28] [68, 38, 35, 29]
[8, 35, -14, 43] [-17, -5, -14, 25] [-4, -13, -30, -14] [0, 0, 0, 0] [-19, 52, -52, 4] [-4, -31, -45, -23] [-18, 53, -13, -2]
[13, 22, -17, 23] [19, 28, -2, 45] [23, -19, 36, 25] [-1, -58, 51, -17] [-5, 20, 13, -20] [18, 43, 20, 6] [-14, -31, -21, -11]
[3, -40, -15, -2] [7, 13, 8, -26] [21, -9, 22, 39] [-44, -35, 56, -22] [-55, -33, 18, -60] [-38, 56, 35, 21] [-6, 50, 39, 30]
[33, 14, -20, -13] [-9, -1, 28, -80] [38, 23, 4, -16] [8, -8, -10, -19] [79, 43, 14, -28] [-9, 37, 4, 2] [25, -36, 19, -23]
------------------------------
ALIVE
Head: (22 0)
Body: (22 0) (21 0) (20 0) (20 1) (21 1) (21 2) (21 3) (21 4) (21 5) 
Length: 9, 4
Vision: 3
Hungry, suplies: 10/10
Reproductive: 16, mutating: 0.25
Generation: 62988
####################################
Wall (up, right, down, left):
[-12, -5, -9, -13] [-2, 5, -2, -21] [-15, -18, -5, -14] [10, 12, 25, 9] [-7, 16, 37, 0] [6, -4, -27, -12] [0, -26, -4, -10]
[-34, 3, 23, -9] [36, 28, 0, -5] [-48, 18, 12, -1] [-40, 6, 30, 9] [27, 30, 1, 10] [-36, -17, -10, -24] [-23, 4, 10, -4]
[-11, 31, 28, 41] [-16, 35, -20, -13] [-7, 1, 67, -1] [-105, 23, 52, -4] [-45, -57, -19, 32] [-17, -28, -13, -7] [-4, -22, -18, 2]
[-27, 60, -19, -31] [11, -4, 27, -35] [15, 40, 12, -127] [0, 0, 0, 0] [50, -122, 22, 17] [18, -13, -5, 3] [11, 20, 33, -4]
[5, -32, 19, 12] [8, -8, -18, -28] [-17, -20, -30, -42] [67, 3, -135, 34] [15, -5, -49, 55] [9, 23, -12, 18] [-3, -77, -25, 35]
[22, 27, 11, -18] [-30, 10, -2, 1] [28, 0, 27, -10] [1, -6, -20, -7] [-9, -3, -35, -21] [-3, -26, -23, 9] [44, 12, 14, -7]
[-21, 8, 17, -19] [-4, -10, -49, -9] [12, -4, 30, 17] [-28, 18, -60, -25] [24, 3, -14, 38] [34, -9, -26, 28] [8, -12, 30, 5]
Food (up, right, down, left):
[17, 22, -25, 18] [-24, 31, 11, -30] [8, -15, 3, 15] [-20, 6, 59, 15] [12, -22, 53, 0] [13, -35, -21, -30] [-76, 21, 19, -33]
[-77, 17, -45, -7] [5, -24, -37, 3] [1, 10, 40, 30] [-22, 10, -53, 48] [16, 32, 0, -60] [35, 9, -59, 11] [9, -7, 26, 47]
[-25, -2, 42, -30] [27, 13, -7, 31] [-32, -47, -26, 28] [61, -38, 26, 6] [0, -20, -16, -30] [-13, 22, -55, -28] [68, 38, 35, 29]
[8, 35, -14, 43] [-17, -5, -14, 25] [-4, -13, -30, -14] [0, 0, 0, 0] [-19, 52, -52, 4] [-4, -31, -45, -23] [-18, 53, -13, -2]
[13, 22, -13, 23] [19, 28, -2, 45] [23, -19, 36, 25] [-1, -58, 51, -17] [-5, 20, 13, -15] [18, 43, 20, 6] [-14, -31, -21, -11]
[3, -40, -15, -2] [7, 13, 8, -26] [21, -9, 22, 39] [-44, -35, 56, -22] [-55, -33, 18, -60] [-38, 56, 35, 21] [-6, 50, 39, 30]
[33, 14, -20, -13] [-9, -1, 28, -80] [38, 23, 4, -16] [8, -8, -10, -19] [79, 43, 14, -28] [-9, 37, 4, 2] [25, -36, 19, -23]
------------------------------
ALIVE
Head: (10 56)
Body: (10 56) (9 56) (8 -1) (7 -1) (6 56) (5 56) (4 56) (4 57) (3 0) 
Length: 9, 4
Vision: 3
Hungry, suplies: 10/10
Reproductive: 16, mutating: 0.25
Generation: 62992
####################################
