Wall (up, right, down, left):
[1, 4, -2, -16] [-3, 5, 12, 2] [-27, 2, 13, -16] [-4, 0, 21, 10] [-7, 5, 26, -3] [20, -1, -7, -1] [3, -18, -12, -18]
[-38, -20, 21, -21] [6, 13, -10, -8] [-32, 4, 12, -2] [-29, 9, 16, 7] [35, 17, 9, -3] [-32, -26, 2, -2] [-13, 1, -16, 5]
[-19, 5, 23, 9] [5, 23, -7, -3] [-3, 6, 45, -12] [-81, 22, 46, 15] [-40, -46, -17, 40] [-13, -16, 4, 6] [-28, -18, -22, -2]
[2, 45, -7, -44] [24, 1, 18, -23] [-12, 44, -3, -102] [0, 0, 0, 0] [44, -104, 34, 5] [23, -2, -2, 19] [6, -3, 11, 3]
[-11, -32, -9, -3] [18, -5, -15, -4] [1, -11, -48, -46] [52, 18, -102, 14] [10, -12, -28, 30] [-1, 16, 5, 25] [-38, -68, -14, 21]
[23, 24, 5, -4] [-16, -1, -11, -3] [28, -6, 26, -11] [-6, 13, -27, 10] [16, -1, -27, -5] [4, -4, -24, 8] [37, -5, 15, 7]
[-19, -5, 2, -6] [-5, -14, -44, -11] [-9, 6, 23, -2] [-2, 17, -42, -12] [44, 23, -6, 31] [44, -21, -46, 21] [-16, 10, 17, -2]
Food (up, right, down, left):
[8, 12, 7, 16] [-9, 22, 11, -17] [24, -18, 13, 13] [-15, -16, 47, 21] [-7, 6, 38, -14] [-7, -26, -14, -25] [-37, 19, 6, -15]
[-67, 1, -24, -29] [-3, 2, -27, -4] [8, 15, 28, 32] [-12, 26, -49, 20] [30, -1, -1, -39] [39, 4, -50, 19] [16, 2, 30, 23]
[-22, -2, 28, -50] [5, 5, -17, 28] [-63, -23, -22, 28] [42, -38, 38, 14] [-6, -6, -22, -23] [2, 12, -50, -24] [47, 25, 3, 26]
[9, 30, 11, 52] [-11, -5, -27, 39] [7, 7, -35, -17] [0, 0, 0, 0] [-20, 63, -33, -8] [-4, -18, -31, -10] [-11, 46, -24, 22]
[-3, 15, -14, 16] [12, 27, 9, 34] [17, -19, 40, 15] [-5, -35, 14, -22] [9, -3, 7, -27] [14, 47, 27, 15] [-12, -12, 12, -12]
[5, -22, -11, -2] [8, 6, 10, -1] [2, 13, 12, 31] [-33, -24, 44, -37] [-42, -30, 6, -52] [-17, 47, 13, 16] [-3, 37, 1, 31]
[6, 11, -28, -8] [10, 14, 11, -48] [20, 15, 7, -25] [-4, 11, 30, -48] [52, 26, -6, -16] [24, 35, 17, -5] [16, -17, 28, -39]
------------------------------
ALIVE
Head: (5 38)
Body: (5 38) (4 38) (3 38) (2 38) (1 38) (25 38) (24 38) (23 38) (22 38) (22 37) (21 37) (20 37) (20 36) (20 35) 
Length: 14, 4
Vision: 3
Hungry, suplies: 9/10
Reproductive: 16, mutating: 0.25
Generation: 45186
####################################
Wall (up, right, down, left):
[1, 4, -2, -16] [-3, 5, 12, 2] [-27, 2, 13, -16] [-4, 0, 21, 10] [-7, 5, 26, -3] [20, -1, -7, -1] [3, -18, -12, -18]
[-38, -20, 21, -21] [6, 13, -10, -8] [-32, 4, 12, -2] [-29, 9, 16, 7] [35, 17, 9, -3] [-32, -26, 2, -2] [-13, 1, -16, 5]
[-19, 5, 23, 9] [5, 23, -7, -3] [-3, 6, 45, -12] [-81, 22, 46, 15] [-40, -46, -17, 40] [-13, -16, 4, 6] [-28, -18, -22, -2]
[2, 45, -7, -44] [24, 1, 18, -23] [-12, 44, -3, -102] [0, 0, 0, 0] [44, -104, 34, 5] [23, -2, -2, 19] [6, -3, 11, 3]
[-11, -32, -9, -3] [18, -5, -15, -4] [1, -11, -48, -46] [52, 18, -102, 14] [10, -12, -28, 30] [-1, 16, 5, 25] [-38, -68, -14, 21]
[23, 24, 5, -4] [-16, -1, -11, -3] [28, -9, 26, -11] [-6, 13, -27, 10] [16, -1, -27, -5] [4, -4, -24, 8] [37, -5, 15, 7]
[-19, -5, 2, -6] [-5, -14, -44, -11] [-9, 6, 23, -2] [-2, 17, -42, -12] [44, 23, -6, 31] [44, -21, -46, 21] [-16, 10, 17, -2]
Food (up, right, down, left):
[8, 12, 7, 16] [-9, 22, 11, -17] [24, -18, 13, 13] [-15, -16, 47, 21] [-7, 6, 38, -14] [-7, -26, -14, -25] [-37, 19, 6, -15]
[-67, 1, -24, -29] [-3, 2, -27, -4] [8, 15, 28, 32] [-12, 26, -49, 20] [30, -1, -1, -39] [39, 4, -50, 19] [16, 2, 30, 23]
[-22, -2, 28, -50] [5, 5, -17, 28] [-63, -23, -22, 28] [42, -38, 38, 14] [-6, -6, -22, -23] [2, 12, -50, -24] [47, 25, 3, 26]
[9, 30, 11, 52] [-11, -5, -27, 39] [7, 7, -35, -17] [0, 0, 0, 0] [-20, 63, -33, -8] [-4, -18, -31, -10] [-11, 46, -24, 22]
[-3, 15, -14, 16] [12, 27, 9, 34] [17, -19, 40, 15] [-5, -35, 14, -22] [9, -3, 7, -27] [14, 47, 27, 15] [-12, -12, 12, -12]
[5, -22, -11, -2] [8, 6, 10, -1] [2, 13, 12, 29] [-33, -24, 44, -37] [-42, -30, 6, -52] [-17, 47, 13, 16] [-3, 37, 1, 31]
[6, 11, -28, -8] [10, 14, 11, -48] [20, 15, 7, -25] [-4, 11, 30, -48] [52, 26, -6, -16] [24, 35, 17, -5] [16, -17, 28, -39]
------------------------------
ALIVE
Head: (15 35)
Body: (15 35) (15 34) (15 33) (15 32) (14 32) (13 32) (13 31) (12 31) (11 31) (10 31) (9 31) (8 31) (8 32) 
Length: 13, 4
Vision: 3
Hungry, suplies: 10/10
Reproductive: 16, mutating: 0.25
Generation: 45186
####################################
Wall (up, right, down, left):
[1, 4, -2, -16] [-3, 5, 12, 2] [-27, 2, 13, -16] [-4, 0, 21, 10] [-7, 5, 26, -3] [20, -1, -7, -1] [3, -18, -12, -18]
[-33, -21, 21, -20] [6, 13, -10, -8] [-32, 4, 12, -2] [-29, 9, 16, 7] [35, 17, 9, -3] [-32, -26, 2, -2] [-13, 1, -16, 5]
[-19, 5, 23, 9] [5, 23, -7, -3] [-3, 6, 45, -12] [-81, 22, 46, 15] [-40, -46, -17, 40] [-13, -16, 4, 6] [-28, -18, -22, -2]
[2, 43, -7, -44] [24, 1, 18, -23] [-12, 44, -3, -102] [0, 0, 0, 0] [44, -104, 34, 5] [23, -2, -2, 20] [6, -3, 11, 3]
[-11, -32, -9, -3] [18, -5, -15, -4] [1, -11, -48, -46] [52, 18, -102, 14] [10, -12, -28, 30] [-1, 16, 5, 25] [-38, -68, -14, 21]
[23, 24, 5, -4] [-16, 0, -11, -3] [28, -9, 26, -11] [-6, 13, -27, 10] [16, -1, -27, -5] [4, -4, -24, 8] [37, -5, 15, 7]
[-19, -5, 2, -6] [-5, -14, -46, -11] [-9, 6, 23, -2] [-2, 17, -42, -12] [44, 23, -6, 31] [44, -21, -46, 21] [-16, 10, 17, -2]
Food (up, right, down, left):
[8, 12, 7, 16] [-9, 22, 11, -17] [24, -18, 13, 13] [-15, -16, 47, 21] [-7, 6, 38, -14] [-7, -26, -14, -25] [-37, 19, 6, -15]
[-67, 1, -24, -33] [-3, 2, -27, -4] [8, 15, 28, 32] [-12, 26, -49, 20] [30, -1, -1, -39] [39, 4, -50, 19] [16, 2, 30, 23]
[-22, -2, 28, -50] [5, 5, -17, 28] [-63, -23, -22, 28] [42, -38, 38, 14] [-6, -6, -22, -23] [2, 12, -50, -24] [47, 29, 3, 26]
[9, 30, 15, 52] [-11, -5, -27, 39] [7, 7, -35, -17] [0, 0, 0, 0] [-20, 59, -33, -8] [-4, -18, -31, -6] [-11, 46, -24, 22]
[-3, 15, -14, 16] [12, 27, 9, 34] [17, -19, 40, 15] [-5, -35, 14, -22] [9, -3, 7, -27] [14, 47, 27, 15] [-12, -12, 12, -12]
[5, -22, -11, -2] [8, 6, 9, -1] [2, 13, 12, 27] [-33, -24, 44, -37] [-42, -30, 6, -52] [-17, 47, 13, 16] [-3, 37, 1, 31]
[6, 11, -28, -8] [10, 14, 11, -50] [20, 15, 7, -25] [-4, 11, 30, -48] [52, 26, -6, -16] [24, 35, 17, -5] [16, -17, 28, -39]
------------------------------
ALIVE
Head: (5 9)
Body: (5 9) (4 9) (3 9) (3 8) (2 8) (1 8) (0 8) (24 8) (23 8) (22 8) (21 8) (21 7) (21 6) (21 5) (20 5) 
Length: 15, 4
Vision: 3
Hungry, suplies: 7/10
Reproductive: 16, mutating: 0.25
Generation: 45194
####################################
Wall (up, right, down, left):
[1, 4, -2, -16] [-3, 5, 12, 2] [-27, 2, 13, -16] [-4, 0, 21, 10] [-7, 5, 26, -3] [20, -1, -7, -1] [3, -18, -12, -18]
[-38, -20, 21, -21] [6, 13, -10, -8] [-32, 4, 12, -2] [-29, 9, 16, 7] [35, 17, 9, -3] [-32, -26, 2, -2] [-13, 1, -16, 5]
[-19, 5, 23, 9] [5, 23, -7, -3] [-3, 6, 45, -12] [-81, 22, 46, 15] [-40, -46, -17, 40] [-13, -16, 4, 6] [-28, -18, -22, -2]
[2, 45, -7, -44] [24, 1, 18, -23] [-12, 44, -3, -102] [0, 0, 0, 0] [44, -104, 34, 5] [23, -2, -2, 19] [6, -3, 11, 3]
[-11, -32, -9, -3] [18, -5, -15, -4] [1, -11, -48, -46] [52, 18, -102, 14] [10, -12, -28, 30] [-1, 16, 5, 25] [-38, -68, -14, 21]
[23, 24, 5, -4] [-16, -1, -11, -3] [28, -9, 26, -11] [-6, 13, -27, 10] [16, -1, -27, -5] [4, -4, -24, 8] [37, -5, 15, 7]
[-19, -5, 2, -6] [-5, -14, -44, -11] [-9, 6, 23, -2] [-2, 17, -42, -12] [44, 23, -6, 31] [44, -21, -46, 21] [-16, 10, 17, -2]
Food (up, right, down, left):
[8, 12, 7, 16] [-9, 22, 11, -17] [24, -18, 13, 13] [-15, -16, 47, 21] [-7, 6, 38, -14] [-7, -26, -14, -25] [-37, 19, 6, -15]
[-67, 1, -24, -29] [-3, 2, -27, -4] [8, 15, 28, 32] [-12, 26, -49, 20] [30, -1, -1, -39] [39, 4, -50, 19] [16, 2, 30, 23]
[-22, -2, 28, -50] [5, 5, -17, 28] [-63, -23, -22, 28] [42, -38, 38, 14] [-6, -6, -22, -23] [2, 12, -50, -24] [47, 25, 3, 26]
[9, 30, 11, 52] [-11, -5, -27, 39] [7, 7, -35, -17] [0, 0, 0, 0] [-20, 63, -33, -8] [-4, -18, -31, -10] [-11, 46, -24, 22]
[-3, 15, -14, 16] [12, 27, 9, 34] [17, -19, 40, 15] [-5, -35, 14, -22] [9, -3, 7, -27] [14, 47, 27, 15] [-12, -12, 12, -12]
[5, -22, -11, -2] [8, 6, 10, -1] [2, 13, 12, 29] [-33, -24, 44, -37] [-42, -30, 6, -52] [-17, 47, 13, 16] [-3, 37, 1, 31]
[6, 11, -28, -8] [10, 14, 11, -48] [20, 15, 7, -25] [-4, 11, 30, -48] [52, 26, -6, -16] [24, 35, 17, -5] [16, -17, 28, -39]
------------------------------
ALIVE
Head: (17 8)
Body: (17 8) (16 8) (15 8) (14 8) (13 8) (12 8) (11 8) (11 7) (11 6) (11 5) (11 4) (11 3) (12 3) (12 4) (12 5) 
Length: 15, 4
Vision: 3
Hungry, suplies: 10/10
Reproductive: 16, mutating: 0.25
Generation: 45187
####################################
Wall (up, right, down, left):
[1, 4, -2, -16] [-3, 5, 12, 2] [-27, 2, 13, -16] [-4, 0, 21, 10] [-7, 5, 26, -3] [20, -1, -7, -1] [3, -18, -12, -18]
[-38, -20, 21, -21] [6, 13, -10, -8] [-32, 4, 12, -2] [-29, 9, 16, 7] [35, 17, 9, -3] [-32, -26, 2, -2] [-13, 1, -16, 5]
[-19, 5, 23, 9] [5, 23, -7, -3] [-3, 6, 45, -12] [-81, 22, 46, 15] [-40, -46, -17, 40] [-13, -16, 4, 6] [-28, -18, -22, -2]
[2, 45, -7, -44] [24, 1, 18, -23] [-12, 44, -3, -102] [0, 0, 0, 0] [44, -104, 34, 5] [23, -2, -2, 19] [6, -3, 11, 3]
[-11, -32, -9, -3] [18, -5, -15, -4] [1, -11, -48, -46] [52, 18, -102, 14] [10, -12, -28, 30] [-1, 16, 5, 25] [-38, -68, -14, 21]
[23, 24, 5, -4] [-16, -1, -11, -3] [28, -9, 26, -11] [-6, 13, -27, 10] [16, -5, -27, -5] [4, -4, -24, 8] [37, -5, 15, 7]
[-19, -5, 2, -6] [-5, -14, -44, -11] [-9, 6, 23, -2] [-2, 17, -42, -12] [44, 23, -6, 31] [44, -21, -46, 21] [-16, 10, 17, -2]
Food (up, right, down, left):
[8, 12, 7, 16] [-9, 22, 11, -17] [24, -18, 13, 13] [-15, -16, 47, 21] [-7, 6, 38, -15] [-7, -26, -14, -25] [-37, 19, 6, -15]
[-67, 1, -24, -29] [-3, 2, -27, -4] [8, 15, 28, 32] [-12, 26, -49, 20] [30, -1, -1, -39] [39, 4, -50, 19] [16, 2, 30, 23]
[-22, -2, 28, -50] [5, 5, -17, 28] [-63, -23, -22, 28] [42, -38, 38, 14] [-6, -6, -22, -23] [2, 12, -50, -24] [47, 25, 3, 26]
[9, 30, 11, 52] [-11, -5, -27, 39] [7, 7, -35, -17] [0, 0, 0, 0] [-20, 63, -33, -8] [-4, -18, -31, -10] [-11, 46, -24, 22]
[-3, 15, -14, 16] [12, 27, 9, 34] [17, -19, 40, 15] [-5, -35, 14, -22] [9, -3, 7, -27] [14, 47, 27, 15] [-12, -12, 12, -12]
[5, -22, -11, -2] [8, 6, 10, -1] [2, 13, 12, 29] [-33, -24, 44, -37] [-42, -30, 8, -52] [-17, 47, 13, 16] [-3, 37, 1, 31]
[6, 11, -28, -8] [10, 14, 11, -48] [20, 15, 7, -25] [-4, 11, 30, -48] [52, 26, -6, -16] [24, 35, 17, -5] [16, -17, 28, -39]
------------------------------
ALIVE
Head: (0 41)
Body: (25 41) (24 41) (24 42) (24 43) (24 44) (0 44) (0 45) (0 46) (0 47) (0 48) (0 49) 
Length: 11, 4
Vision: 3
Hungry, suplies: 6/10
Reproductive: 16, mutating: 0.25
Generation: 45188
####################################
Wall (up, right, down, left):
[1, 4, -2, -16] [-3, 5, 12, 2] [-27, 2, 13, -16] [-4, 0, 21, 10] [-7, 5, 26, -3] [20, -1, -7, -1] [3, -17, -12, -18]
[-33, -20, 21, -21] [6, 13, -10, -8] [-32, 4, 12, -2] [-29, 9, 16, 7] [35, 17, 9, -3] [-32, -26, 2, -2] [-13, 1, -16, 5]
[-19, 5, 23, 9] [5, 23, -7, -3] [-3, 6, 45, -12] [-81, 22, 46, 15] [-40, -46, -17, 40] [-13, -16, 4, 6] [-28, -18, -22, -2]
[2, 45, -7, -44] [24, 1, 18, -23] [-12, 44, -3, -102] [0, 0, 0, 0] [44, -104, 34, 5] [23, -2, -2, 19] [6, -3, 11, 3]
[-11, -32, -9, -3] [18, -5, -15, -4] [1, -11, -48, -46] [52, 18, -102, 13] [10, -12, -28, 30] [-1, 16, 5, 25] [-38, -68, -14, 21]
[23, 24, 5, -4] [-16, -1, -11, -3] [28, -9, 30, -11] [-6, 12, -27, 10] [16, 2, -27, -5] [4, -4, -24, 8] [37, -5, 15, 7]
[-19, -5, 2, -6] [-5, -14, -44, -11] [-9, 6, 23, -2] [-2, 17, -42, -12] [44, 23, -6, 31] [44, -21, -46, 21] [-16, 10, 17, -2]
Food (up, right, down, left):
[8, 12, 7, 16] [-9, 22, 11, -17] [24, -18, 13, 13] [-15, -16, 47, 21] [-7, 6, 38, -14] [-7, -26, -14, -25] [-38, 19, 6, -15]
[-67, 1, -24, -26] [-3, 2, -27, -4] [8, 15, 28, 32] [-12, 26, -49, 20] [30, -1, -1, -39] [39, 4, -50, 19] [16, 2, 30, 23]
[-22, -2, 28, -50] [5, 5, -17, 28] [-63, -23, -22, 28] [42, -38, 38, 14] [-6, -6, -22, -23] [2, 12, -50, -24] [47, 25, 3, 26]
[9, 30, 11, 52] [-11, -5, -27, 39] [7, 7, -35, -17] [0, 0, 0, 0] [-20, 63, -33, -8] [-4, -18, -31, -10] [-11, 46, -24, 22]
[-3, 15, -14, 16] [12, 27, 9, 34] [17, -19, 40, 15] [-5, -35, 19, -22] [9, -3, 7, -27] [14, 47, 27, 15] [-12, -12, 12, -12]
[5, -22, -11, -2] [8, 6, 10, -1] [1, 13, 12, 27] [-33, -24, 47, -37] [-42, -31, 6, -52] [-17, 47, 13, 16] [-3, 37, 1, 31]
[6, 11, -28, -8] [10, 14, 11, -48] [20, 15, 7, -25] [-4, 11, 30, -48] [52, 26, -6, -16] [24, 35, 17, -5] [16, -17, 28, -39]
------------------------------
ALIVE
Head: (21 2)
Body: (21 2) (21 3) (22 3) (22 4) (22 5) (22 6) (22 7) (23 7) (24 7) 
Length: 9, 4
Vision: 3
Hungry, suplies: 1/10
Reproductive: 16, mutating: 0.25
Generation: 45189
####################################
Wall (up, right, down, left):
[1, 4, -2, -16] [-3, 5, 12, 2] [-27, 2, 13, -16] [-4, 0, 21, 10] [-7, 5, 26, -3] [20, -1, -7, -1] [3, -17, -12, -18]
[-33, -20, 21, -21] [6, 13, -10, -8] [-32, 4, 12, -2] [-29, 9, 16, 7] [35, 17, 9, -3] [-32, -26, 2, -2] [-13, 1, -16, 5]
[-19, 5, 23, 9] [5, 23, -7, -3] [-3, 6, 45, -12] [-81, 22, 46, 15] [-40, -46, -17, 40] [-13, -16, 4, 6] [-28, -18, -22, -2]
[2, 45, -7, -44] [24, 1, 18, -23] [-12, 44, -3, -102] [0, 0, 0, 0] [44, -104, 34, 5] [23, -2, -2, 19] [6, -3, 11, 3]
[-11, -32, -9, -3] [18, -5, -15, -4] [1, -11, -48, -46] [52, 18, -102, 13] [10, -12, -28, 30] [-1, 16, 5, 25] [-38, -68, -14, 21]
[23, 24, 5, -4] [-16, -1, -11, -3] [28, -9, 30, -11] [-6, 12, -27, 10] [16, 2, -27, -5] [4, -4, -24, 8] [37, -5, 15, 7]
[-19, -5, 2, -6] [-5, -14, -44, -11] [-9, 6, 23, -2] [-2, 17, -42, -12] [44, 23, -6, 31] [44, -21, -46, 21] [-16, 10, 17, -2]
Food (up, right, down, left):
[8, 12, 7, 16] [-9, 22, 11, -17] [24, -18, 13, 13] [-15, -16, 47, 21] [-7, 6, 38, -14] [-7, -26, -14, -25] [-38, 19, 6, -15]
[-67, 1, -24, -26] [-3, 2, -27, -4] [8, 15, 28, 32] [-12, 26, -49, 20] [30, -1, -1, -39] [39, 4, -50, 19] [16, 2, 30, 23]
[-22, -2, 28, -50] [5, 5, -17, 28] [-63, -23, -22, 28] [42, -38, 38, 14] [-6, -6, -22, -23] [2, 12, -50, -24] [47, 25, 3, 26]
[9, 30, 11, 52] [-11, -5, -27, 39] [7, 7, -35, -17] [0, 0, 0, 0] [-20, 63, -33, -8] [-4, -18, -31, -10] [-11, 46, -24, 22]
[-3, 15, -14, 16] [12, 27, 9, 34] [17, -19, 40, 15] [-5, -35, 19, -22] [9, -3, 7, -27] [14, 47, 27, 15] [-12, -12, 12, -12]
[5, -22, -11, -2] [8, 6, 10, -1] [1, 13, 12, 27] [-33, -24, 47, -37] [-42, -31, 6, -52] [-17, 47, 13, 16] [-3, 37, 1, 31]
[6, 11, -28, -8] [10, 14, 11, -48] [20, 15, 7, -25] [-4, 11, 30, -48] [52, 26, -6, -16] [24, 35, 17, -5] [16, -17, 28, -39]
------------------------------
ALIVE
Head: (20 56)
Body: (20 56) (20 0) (20 1) (19 1) (18 1) (17 1) (16 1) (16 57) (16 56) (16 55) (17 55) 
Length: 11, 4
Vision: 3
Hungry, suplies: 10/10
Reproductive: 16, mutating: 0.25
Generation: 45189
####################################
Wall (up, right, down, left):
[1, 4, -2, -16] [-3, 5, 12, 2] [-27, 2, 13, -16] [-4, 0, 21, 10] [-7, 5, 26, -3] [20, -1, -7, -1] [3, -18, -12, -18]
[-38, -20, 21, -21] [6, 13, -10, -8] [-32, 4, 12, -2] [-29, 9, 16, 7] [35, 17, 9, -3] [-32, -26, 2, -2] [-13, 1, -16, 5]
[-19, 5, 23, 9] [5, 23, -7, -3] [-3, 6, 45, -12] [-81, 22, 46, 15] [-40, -46, -17, 40] [-13, -16, 4, 6] [-28, -18, -22, -2]
[2, 45, -7, -44] [24, 1, 18, -23] [-12, 44, -3, -102] [0, 0, 0, 0] [44, -104, 34, 5] [23, -2, -2, 19] [6, -3, 11, 3]
[-11, -32, -9, -3] [18, -5, -15, -4] [1, -11, -48, -46] [52, 18, -102, 14] [10, -12, -28, 30] [-1, 16, 5, 25] [-38, -68, -14, 21]
[23, 24, 5, -4] [-16, -1, -11, -3] [28, -9, 26, -11] [-6, 13, -27, 10] [16, -1, -27, -5] [4, -4, -24, 8] [37, -5, 15, 7]
[-19, -5, 2, -6] [-5, -14, -44, -11] [-9, 6, 23, -2] [-2, 17, -42, -12] [44, 23, -6, 31] [44, -21, -46, 21] [-16, 10, 17, -2]
Food (up, right, down, left):
[8, 12, 7, 16] [-9, 22, 11, -17] [24, -18, 13, 13] [-15, -16, 47, 21] [-7, 6, 38, -14] [-7, -26, -14, -25] [-37, 19, 6, -15]
[-67, 1, -24, -29] [-3, 2, -27, -4] [8, 15, 28, 32] [-12, 26, -49, 20] [30, -1, -1, -39] [39, 4, -50, 19] [16, 2, 30, 23]
[-22, -2, 28, -50] [5, 5, -17, 28] [-63, -23, -22, 28] [42, -38, 38, 14] [-6, -6, -22, -23] [2, 12, -50, -24] [47, 25, 3, 26]
[9, 30, 11, 52] [-11, -5, -27, 39] [7, 7, -35, -17] [0, 0, 0, 0] [-20, 63, -33, -8] [-4, -18, -31, -10] [-11, 46, -24, 22]
[-3, 15, -14, 16] [12, 27, 9, 34] [17, -19, 40, 15] [-5, -35, 14, -22] [9, -3, 7, -27] [14, 47, 27, 15] [-12, -12, 12, -12]
[5, -22, -11, -2] [8, 6, 10, -1] [2, 13, 12, 27] [-33, -24, 44, -37] [-42, -30, 6, -52] [-17, 47, 13, 16] [-3, 37, 1, 31]
[6, 11, -28, -8] [10, 14, 11, -48] [20, 15, 7, -25] [-4, 11, 30, -48] [52, 26, -6, -16] [24, 35, 17, -5] [16, -17, 28, -39]
------------------------------
ALIVE
Head: (6 13)
Body: (6 13) (7 13) (7 14) (8 14) (9 14) (9 15) (10 15) (11 15) (12 15) (12 14) (13 14) 
Length: 11, 4
Vision: 3
Hungry, suplies: 8/10
Reproductive: 16, mutating: 0.25
Generation: 45190
####################################
Wall (up, right, down, left):
[1, 4, -2, -16] [-3, 5, 12, 2] [-27, 2, 13, -16] [-4, 0, 21, 10] [-7, 5, 26, -3] [20, -1, -7, 1] [3, -17, -12, -18]
[-33, -20, 21, -21] [6, 13, -10, -8] [-32, 4, 12, -2] [-29, 9, 16, 7] [35, 17, 9, -3] [-32, -26, 2, -2] [-13, 1, -16, 5]
[-19, 5, 23, 9] [5, 23, -7, -3] [-3, 6, 45, -12] [-81, 22, 46, 15] [-40, -46, -17, 40] [-13, -16, 4, 6] [-28, -18, -22, -2]
[2, 45, -7, -44] [24, 1, 18, -23] [-12, 44, -3, -102] [0, 0, 0, 0] [44, -104, 34, 5] [23, -2, -2, 19] [6, -3, 11, 3]
[-11, -32, -9, -3] [18, -5, -15, -4] [1, -11, -48, -46] [52, 18, -102, 13] [10, -12, -28, 30] [-1, 16, 5, 25] [-38, -68, -14, 21]
[23, 24, 5, -4] [-16, -1, -11, -3] [28, -9, 30, -11] [-6, 12, -27, 10] [16, 2, -27, -5] [4, -4, -24, 8] [37, -5, 15, 7]
[-19, -5, 2, -6] [-5, -14, -44, -11] [-9, 6, 23, -2] [-2, 17, -42, -12] [44, 23, -6, 31] [44, -21, -46, 21] [-16, 10, 17, -2]
Food (up, right, down, left):
[8, 12, 7, 16] [-9, 22, 11, -17] [24, -18, 13, 13] [-15, -16, 47, 21] [-7, 6, 38, -14] [-9, -26, -14, -25] [-38, 19, 6, -15]
[-67, 1, -24, -26] [-3, 2, -27, -4] [8, 15, 28, 32] [-12, 26, -49, 20] [30, -1, -1, -39] [39, 4, -50, 19] [16, 2, 30, 23]
[-22, -2, 28, -50] [5, 5, -17, 28] [-63, -23, -22, 28] [42, -38, 38, 14] [-6, -6, -22, -23] [2, 12, -50, -24] [47, 25, 3, 26]
[9, 30, 11, 52] [-11, -5, -27, 39] [7, 7, -35, -17] [0, 0, 0, 0] [-20, 63, -33, -8] [-4, -18, -31, -10] [-11, 46, -24, 22]
[-3, 15, -14, 16] [12, 27, 9, 34] [17, -19, 40, 15] [-5, -35, 19, -22] [9, -3, 7, -27] [14, 47, 27, 15] [-12, -12, 12, -12]
[5, -22, -11, -2] [8, 6, 10, -1] [1, 13, 12, 27] [-33, -24, 47, -37] [-42, -31, 6, -52] [-17, 47, 13, 16] [-3, 37, 1, 31]
[6, 11, -28, -8] [10, 14, 11, -48] [20, 15, 7, -25] [-4, 11, 30, -48] [52, 26, -6, -16] [24, 35, 17, -5] [16, -17, 28, -39]
------------------------------
ALIVE
Head: (11 11)
Body: (11 11) (11 10) (11 9) (10 9) (9 9) (9 8) (9 7) (9 6) (9 5) (9 4) 
Length: 10, 4
Vision: 3
Hungry, suplies: 7/10
Reproductive: 16, mutating: 0.25
Generation: 45190
####################################
Wall (up, right, down, left):
[1, 4, -2, -16] [-3, 5, 12, 2] [-27, 2, 13, -16] [-4, 0, 21, 10] [-7, 5, 26, -3] [20, -1, -7, -1] [3, -18, -12, -18]
[-38, -20, 21, -21] [6, 13, -10, -8] [-32, 4, 12, -2] [-29, 9, 16, 7] [35, 17, 9, -3] [-32, -26, 2, -2] [-13, 1, -16, 5]
[-19, 5, 23, 9] [5, 23, -7, -3] [-3, 6, 45, -12] [-81, 22, 46, 15] [-40, -46, -17, 40] [-13, -16, 4, 6] [-28, -18, -22, -2]
[2, 45, -7, -44] [24, 1, 18, -23] [-12, 44, -3, -102] [0, 0, 0, 0] [44, -104, 34, 5] [23, -2, -2, 19] [6, -3, 11, 3]
[-11, -32, -9, -3] [18, -5, -15, -4] [1, -11, -48, -46] [52, 18, -102, 14] [10, -12, -28, 30] [-1, 16, 5, 25] [-38, -68, -14, 21]
[23, 24, 5, -4] [-16, -1, -11, -3] [28, -9, 26, -11] [-6, 13, -27, 10] [16, -1, -27, -5] [4, -4, -24, 8] [37, -5, 15, 7]
[-19, -5, 2, -6] [-5, -14, -44, -11] [-9, 6, 23, -2] [-2, 17, -42, -12] [44, 23, -6, 31] [44, -21, -46, 21] [-16, 10, 17, -2]
Food (up, right, down, left):
[8, 12, 7, 16] [-9, 22, 11, -17] [24, -18, 13, 13] [-15, -16, 47, 21] [-7, 6, 38, -14] [-7, -26, -14, -25] [-37, 19, 6, -15]
[-67, 1, -24, -29] [-3, 2, -27, -4] [8, 15, 28, 32] [-12, 26, -49, 20] [30, -1, -1, -39] [39, 4, -50, 19] [16, 2, 30, 23]
[-22, -2, 28, -50] [5, 5, -17, 28] [-63, -23, -22, 28] [42, -38, 38, 14] [-6, -6, -22, -23] [2, 12, -50, -24] [47, 25, 3, 26]
[9, 30, 11, 52] [-11, -5, -27, 39] [7, 7, -35, -17] [0, 0, 0, 0] [-20, 63, -33, -8] [-4, -18, -31, -10] [-11, 46, -24, 22]
[-3, 15, -14, 16] [12, 27, 9, 34] [17, -19, 40, 15] [-5, -35, 14, -22] [9, -3, 7, -27] [14, 47, 27, 15] [-12, -12, 12, -12]
[5, -22, -11, -2] [8, 6, 10, -1] [2, 13, 12, 27] [-33, -24, 44, -37] [-42, -30, 6, -52] [-17, 47, 13, 16] [-3, 37, 1, 31]
[6, 11, -28, -8] [10, 14, 11, -48] [20, 15, 7, -25] [-4, 11, 30, -48] [52, 26, -6, -16] [24, 35, 17, -5] [16, -17, 28, -39]
------------------------------
ALIVE
Head: (24 3)
Body: (24 3) (-1 2) (0 2) (1 2) (2 2) (3 2) (4 2) (4 3) (5 3) (6 3) (6 2) (6 1) (6 0) 
Length: 13, 4
Vision: 3
Hungry, suplies: 5/10
Reproductive: 16, mutating: 0.25
Generation: 45189
####################################
Wall (up, right, down, left):
[1, 4, -2, -16] [-3, 5, 12, 2] [-27, 2, 13, -16] [-4, 0, 21, 10] [-7, 5, 26, -3] [20, -1, -7, -1] [3, -17, -12, -18]
[-33, -20, 21, -21] [6, 13, -10, -8] [-32, 4, 12, -2] [-29, 9, 16, 7] [35, 17, 9, -3] [-32, -26, 2, -2] [-13, 1, -16, 5]
[-19, 5, 23, 9] [5, 23, -7, -3] [-3, 6, 45, -12] [-81, 22, 46, 15] [-40, -46, -17, 40] [-13, -16, 4, 6] [-28, -18, -22, -2]
[2, 45, -7, -44] [24, 1, 18, -23] [-12, 44, -3, -102] [0, 0, 0, 0] [44, -104, 34, 5] [23, -2, -2, 19] [6, -3, 11, 3]
[-11, -32, -9, -3] [18, -5, -15, -4] [1, -11, -48, -46] [52, 18, -102, 13] [10, -12, -28, 30] [-1, 16, 5, 25] [-38, -68, -14, 21]
[23, 24, 5, -4] [-16, -1, -11, -3] [28, -9, 30, -11] [-6, 12, -27, 10] [16, 2, -27, -5] [4, -4, -24, 8] [37, -5, 15, 7]
[-19, -5, 2, -6] [-5, -14, -44, -11] [-9, 6, 23, -2] [-2, 17, -42, -12] [44, 23, -6, 31] [44, -21, -46, 21] [-16, 10, 17, -2]
Food (up, right, down, left):
[8, 12, 7, 16] [-9, 22, 11, -17] [24, -18, 13, 13] [-15, -16, 47, 21] [-7, 6, 38, -14] [-7, -26, -14, -25] [-38, 19, 6, -15]
[-67, 1, -24, -26] [-3, 2, -27, -4] [8, 15, 28, 32] [-12, 26, -49, 20] [30, -1, -1, -39] [39, 4, -50, 19] [16, 2, 30, 23]
[-22, -2, 28, -50] [5, 5, -17, 28] [-63, -23, -22, 28] [42, -38, 38, 14] [-6, -6, -22, -23] [2, 12, -50, -24] [47, 25, 3, 26]
[9, 30, 11, 52] [-11, -5, -27, 39] [7, 7, -35, -17] [0, 0, 0, 0] [-20, 63, -33, -8] [-4, -18, -31, -10] [-11, 46, -24, 22]
[-3, 15, -14, 16] [12, 27, 9, 34] [17, -19, 40, 15] [-5, -35, 19, -22] [9, -3, 7, -27] [14, 47, 27, 15] [-12, -12, 12, -12]
[5, -22, -11, -2] [8, 6, 10, -1] [1, 13, 12, 27] [-33, -24, 47, -37] [-42, -31, 6, -52] [-17, 47, 13, 16] [-3, 37, 1, 31]
[6, 11, -28, -8] [10, 14, 11, -48] [20, 15, 7, -25] [-4, 11, 30, -48] [52, 26, -6, -16] [24, 35, 17, -5] [16, -17, 28, -39]
------------------------------
ALIVE
Head: (20 22)
Body: (20 22) (20 21) (19 21) (19 20) (19 19) (20 19) (20 18) (20 17) 
Length: 8, 4
Vision: 3
Hungry, suplies: 6/10
Reproductive: 16, mutating: 0.25
Generation: 45189
####################################
Wall (up, right, down, left):
[1, 4, -2, -16] [-3, 5, 12, 2] [-27, 2, 13, -16] [-4, 0, 21, 10] [-7, 5, 26, -3] [20, -1, -7, -1] [3, -18, -12, -18]
[-38, -20, 21, -21] [2, 13, -10, -8] [-32, 4, 12, -2] [-29, 9, 16, 7] [35, 17, 9, -3] [-32, -26, 2, -2] [-13, 1, -16, 5]
[-19, 5, 23, 9] [5, 23, -7, -3] [-3, 6, 45, -12] [-81, 22, 46, 15] [-40, -46, -17, 40] [-13, -16, 4, 6] [-28, -18, -22, -2]
[2, 45, -7, -44] [24, 1, 18, -23] [-12, 44, -3, -102] [0, 0, 0, 0] [44, -104, 34, 5] [23, -2, -2, 19] [6, -3, 11, 3]
[-11, -32, -9, -3] [18, -5, -15, -4] [1, -11, -48, -46] [52, 19, -102, 14] [10, -12, -28, 30] [-1, 16, 5, 25] [-38, -68, -14, 21]
[23, 24, 5, -4] [-16, -1, -11, -3] [28, -9, 26, -11] [-10, 13, -27, 10] [16, -1, -27, -5] [4, -4, -24, 8] [37, -5, 15, 7]
[-19, -5, 2, -6] [-5, -14, -44, -11] [-9, 6, 23, -2] [-2, 17, -42, -12] [44, 23, -6, 31] [44, -21, -46, 21] [-16, 10, 17, -2]
Food (up, right, down, left):
[8, 12, 7, 16] [-9, 22, 11, -17] [24, -18, 13, 13] [-15, -16, 47, 21] [-7, 6, 38, -14] [-7, -26, -14, -25] [-37, 19, 6, -15]
[-67, 1, -24, -29] [-3, 2, -27, -6] [8, 15, 28, 32] [-12, 26, -49, 20] [30, -1, -1, -39] [39, 4, -50, 19] [16, 2, 30, 23]
[-22, -2, 28, -50] [5, 5, -17, 28] [-63, -23, -22, 28] [42, -38, 38, 14] [-6, -6, -22, -23] [2, 12, -50, -24] [47, 25, 3, 26]
[9, 30, 11, 52] [-11, -5, -27, 39] [7, 7, -35, -17] [0, 0, 0, 0] [-20, 63, -33, -8] [-4, -18, -31, -10] [-11, 46, -24, 22]
[-3, 15, -14, 16] [12, 27, 9, 34] [17, -19, 40, 15] [-5, -35, 15, -22] [9, -3, 7, -27] [14, 47, 27, 15] [-12, -12, 12, -12]
[5, -22, -11, -2] [8, 6, 10, -1] [2, 13, 12, 27] [-33, -24, 46, -37] [-42, -30, 6, -52] [-17, 47, 13, 16] [-3, 37, 1, 31]
[6, 11, -28, -8] [10, 14, 11, -48] [20, 15, 7, -25] [-4, 11, 30, -48] [52, 26, -6, -16] [24, 35, 17, -5] [16, -17, 28, -39]
------------------------------
ALIVE
Head: (1 5)
Body: (1 5) (1 4) (2 4) (3 4) (4 4) (4 5) (5 5) (6 5) (7 5) (8 5) (8 6) (7 6) 
Length: 12, 4
Vision: 3
Hungry, suplies: 8/10
Reproductive: 16, mutating: 0.25
Generation: 45187
####################################
Wall (up, right, down, left):
[1, 4, -2, -16] [-3, 5, 12, 2] [-27, 2, 13, -16] [-4, 0, 21, 10] [-7, 5, 26, -3] [20, -1, -7, -1] [3, -17, -12, -18]
[-33, -20, 21, -21] [6, 13, -10, -8] [-32, 4, 12, -2] [-29, 9, 16, 7] [35, 17, 9, -3] [-32, -26, 2, -2] [-13, 1, -16, 5]
[-19, 5, 23, 9] [5, 23, -7, -3] [-3, 6, 45, -12] [-81, 22, 46, 15] [-40, -46, -17, 40] [-13, -16, 4, 6] [-28, -18, -22, -2]
[2, 45, -7, -44] [24, 1, 18, -23] [-12, 44, -3, -102] [0, 0, 0, 0] [44, -104, 34, 5] [23, -2, -2, 19] [6, -3, 11, 3]
[-11, -32, -9, -3] [18, -5, -15, -4] [1, -11, -48, -46] [52, 18, -102, 13] [10, -12, -28, 30] [-1, 16, 5, 25] [-38, -68, -14, 21]
[23, 24, 5, -4] [-16, -1, -11, -3] [28, -9, 30, -11] [-6, 12, -27, 10] [16, 2, -27, -5] [4, -4, -24, 8] [37, -5, 15, 7]
[-19, -5, 2, -6] [-5, -14, -44, -11] [-9, 6, 23, -2] [-2, 17, -42, -12] [44, 23, -6, 31] [44, -21, -46, 21] [-16, 10, 17, -2]
Food (up, right, down, left):
[8, 12, 7, 16] [-9, 22, 11, -17] [24, -18, 13, 13] [-15, -16, 47, 21] [-7, 6, 38, -14] [-7, -26, -14, -25] [-38, 19, 6, -15]
[-67, 1, -24, -26] [-3, 2, -27, -4] [8, 15, 28, 32] [-12, 26, -49, 20] [30, -1, -1, -39] [39, 4, -50, 19] [16, 2, 30, 23]
[-22, -2, 28, -50] [5, 5, -17, 28] [-63, -23, -22, 28] [42, -38, 38, 14] [-6, -6, -22, -23] [2, 12, -50, -24] [47, 25, 3, 26]
[9, 30, 11, 52] [-11, -5, -27, 39] [7, 7, -35, -17] [0, 0, 0, 0] [-20, 63, -33, -8] [-4, -18, -31, -10] [-11, 46, -24, 22]
[-3, 15, -14, 16] [12, 27, 9, 34] [17, -19, 40, 15] [-5, -35, 19, -22] [9, -3, 7, -27] [14, 47, 27, 15] [-12, -12, 12, -12]
[5, -22, -11, -2] [8, 6, 10, -1] [1, 13, 12, 27] [-33, -24, 47, -37] [-42, -31, 6, -52] [-17, 47, 13, 16] [-3, 37, 1, 31]
[6, 11, -28, -8] [10, 14, 11, -48] [20, 15, 7, -25] [-4, 11, 30, -48] [52, 26, -6, -16] [24, 35, 17, -5] [16, -17, 28, -39]
------------------------------
ALIVE
Head: (13 55)
Body: (13 55) (13 54) (13 53) (13 52) (14 52) (15 52) (15 51) (15 50) (14 50) (13 50) (12 50) 
Length: 11, 4
Vision: 3
Hungry, suplies: 10/10
Reproductive: 16, mutating: 0.25
Generation: 45189
####################################
Wall (up, right, down, left):
[1, 4, -2, -16] [-3, 5, 12, 2] [-27, 2, 13, -16] [-4, 0, 21, 10] [-7, 5, 26, -3] [20, -1, -7, -1] [3, -18, -12, -18]
[-38, -20, 21, -21] [6, 13, -10, -8] [-32, 4, 12, -2] [-29, 9, 16, 7] [35, 17, 9, -3] [-32, -26, 2, -2] [-13, 1, -16, 5]
[-19, 5, 23, 9] [5, 23, -7, -3] [-3, 6, 45, -12] [-81, 22, 46, 15] [-40, -46, -17, 40] [-13, -16, 4, 6] [-28, -18, -22, -2]
[2, 45, -7, -44] [24, 1, 18, -23] [-12, 44, -3, -102] [0, 0, 0, 0] [44, -104, 34, 5] [23, -2, -2, 19] [6, -3, 11, 3]
[-11, -32, -9, -3] [18, -5, -15, -4] [1, -11, -48, -46] [52, 18, -102, 14] [10, -12, -28, 30] [-1, 16, 5, 25] [-38, -68, -14, 21]
[23, 24, 5, -4] [-16, -1, -11, -3] [28, -9, 26, -11] [-6, 13, -27, 10] [16, -1, -27, -5] [4, -4, -24, 8] [37, -5, 15, 7]
[-19, -5, 2, -6] [-5, -14, -44, -11] [-9, 6, 23, -2] [-2, 17, -42, -12] [44, 23, -6, 31] [44, -21, -46, 21] [-16, 10, 17, -2]
Food (up, right, down, left):
[8, 12, 7, 16] [-9, 22, 11, -17] [24, -18, 13, 13] [-15, -16, 47, 21] [-7, 6, 38, -14] [-7, -26, -14, -25] [-37, 19, 6, -15]
[-67, 1, -24, -29] [-3, 2, -27, -4] [8, 15, 28, 32] [-12, 26, -49, 20] [30, -1, -1, -39] [39, 4, -50, 19] [16, 2, 30, 23]
[-22, -2, 28, -50] [5, 5, -17, 28] [-63, -23, -22, 28] [42, -38, 38, 14] [-6, -6, -22, -23] [2, 12, -50, -24] [47, 25, 3, 26]
[9, 30, 11, 52] [-11, -5, -27, 39] [7, 7, -35, -17] [0, 0, 0, 0] [-20, 63, -33, -8] [-4, -18, -31, -10] [-11, 46, -24, 22]
[-3, 15, -14, 16] [12, 27, 9, 34] [17, -19, 40, 15] [-5, -35, 14, -22] [9, -3, 7, -27] [14, 47, 27, 15] [-12, -12, 12, -12]
[5, -22, -11, -2] [8, 6, 10, -1] [2, 13, 12, 29] [-33, -24, 44, -37] [-42, -30, 6, -52] [-17, 47, 13, 16] [-3, 37, 1, 31]
[6, 11, -28, -8] [10, 14, 11, -48] [20, 15, 7, -25] [-4, 11, 30, -48] [52, 26, -6, -16] [24, 35, 17, -5] [16, -17, 28, -39]
------------------------------
ALIVE
Head: (18 53)
Body: (18 53) (18 52) (18 51) (18 50) (17 50) (16 50) (16 49) (15 49) (15 48) (14 48) (14 47) (15 47) (16 47) (17 47) (18 47) 
Length: 15, 4
Vision: 3
Hungry, suplies: 10/10
Reproductive: 16, mutating: 0.25
Generation: 45187
####################################
Wall (up, right, down, left):
[1, 4, -2, -16] [-3, 5, 12, 2] [-27, 2, 13, -16] [-4, 0, 21, 10] [-7, 5, 26, -3] [20, -1, -7, -1] [3, -18, -12, -18]
[-38, -20, 21, -21] [6, 13, -10, -8] [-32, 4, 12, -2] [-29, 9, 16, 7] [35, 17, 9, -3] [-32, -26, 2, -2] [-13, 1, -16, 5]
[-19, 5, 23, 9] [5, 23, -7, -3] [-3, 6, 45, -12] [-81, 22, 46, 15] [-40, -46, -17, 40] [-13, -16, 4, 6] [-28, -18, -22, -2]
[2, 45, -7, -44] [24, 1, 18, -27] [-12, 44, -3, -102] [0, 0, 0, 0] [44, -104, 34, 5] [23, -2, -2, 19] [6, -3, 11, 3]
[-11, -32, -9, -3] [18, -5, -15, -4] [1, -11, -48, -46] [52, 18, -102, 14] [10, -12, -28, 30] [-1, 16, 5, 25] [-38, -68, -14, 21]
[23, 24, 5, -4] [-16, -1, -11, -3] [28, -9, 26, -11] [-6, 13, -27, 10] [16, -1, -27, -5] [4, -4, -24, 8] [37, -5, 15, 7]
[-19, -5, 2, -6] [-5, -14, -44, -11] [-9, 6, 23, -2] [-2, 17, -42, -12] [44, 23, -6, 31] [44, -21, -46, 21] [-16, 10, 17, -2]
Food (up, right, down, left):
[8, 12, 7, 16] [-9, 22, 11, -17] [24, -18, 13, 13] [-15, -16, 47, 21] [-7, 6, 38, -14] [-7, -26, -14, -25] [-37, 19, 6, -15]
[-67, 1, -24, -29] [-3, 2, -27, -4] [8, 15, 28, 32] [-12, 26, -49, 20] [30, -1, -1, -39] [39, 4, -50, 19] [16, 2, 30, 23]
[-22, -2, 28, -50] [5, 5, -17, 28] [-63, -23, -22, 28] [42, -38, 38, 14] [-6, -6, -22, -23] [2, 12, -50, -24] [47, 25, 3, 26]
[9, 30, 11, 52] [-11, -5, -27, 44] [7, 7, -35, -17] [0, 0, 0, 0] [-20, 63, -33, -8] [-4, -18, -31, -10] [-11, 46, -24, 22]
[-3, 15, -14, 16] [12, 27, 9, 34] [17, -19, 40, 15] [-5, -35, 14, -22] [9, -3, 7, -27] [14, 47, 27, 15] [-12, -12, 12, -12]
[5, -22, -11, -2] [8, 6, 10, -1] [2, 13, 12, 27] [-33, -24, 44, -37] [-42, -30, 6, -52] [-17, 47, 13, 16] [-3, 37, 1, 31]
[6, 11, -28, -8] [10, 14, 11, -48] [20, 15, 7, -25] [-4, 11, 30, -48] [52, 26, -6, -16] [24, 35, 17, -5] [16, -17, 28, -39]
------------------------------
ALIVE
Head: (23 3)
Body: (23 3) (23 2) (23 1) (23 57) (23 56) (23 55) (23 54) 
Length: 7, 4
Vision: 3
Hungry, suplies: 4/10
Reproductive: 16, mutating: 0.25
Generation: 45190
####################################
Wall (up, right, down, left):
[1, 4, -2, -16] [-3, 5, 12, 2] [-27, 2, 13, -16] [-4, 0, 21, 10] [-7, 5, 26, -3] [20, -1, -7, -1] [3, -17, -12, -18]
[-33, -20, 21, -21] [6, 13, -10, -8] [-32, 4, 12, -2] [-29, 9, 16, 7] [35, 17, 9, -3] [-32, -26, 2, -2] [-13, 1, -16, 5]
[-19, 5, 23, 9] [5, 23, -7, -3] [-3, 6, 45, -12] [-81, 22, 46, 15] [-40, -46, -17, 40] [-13, -16, 4, 6] [-28, -18, -22, -2]
[2, 45, -7, -44] [24, 1, 18, -23] [-12, 44, -3, -102] [0, 0, 0, 0] [44, -104, 34, 5] [23, -2, -2, 19] [6, -3, 11, 3]
[-11, -32, -9, -3] [18, -5, -15, -4] [1, -11, -48, -46] [52, 18, -102, 13] [10, -12, -28, 30] [-1, 16, 5, 25] [-38, -68, -14, 21]
[23, 24, 5, -4] [-16, -1, -11, -3] [28, -9, 30, -11] [-6, 12, -27, 10] [16, 2, -27, -5] [4, -4, -24, 8] [37, -5, 15, 7]
[-19, -5, 2, -6] [-5, -14, -44, -11] [-9, 6, 23, -2] [-2, 17, -42, -12] [44, 23, -6, 31] [44, -21, -46, 21] [-16, 10, 17, -2]
Food (up, right, down, left):
[8, 12, 7, 16] [-9, 22, 11, -17] [24, -18, 13, 13] [-15, -16, 47, 21] [-7, 6, 38, -14] [-7, -26, -14, -25] [-38, 19, 6, -15]
[-67, 1, -24, -26] [-3, 2, -27, -4] [8, 15, 28, 32] [-12, 26, -49, 20] [30, -1, -1, -39] [39, 4, -50, 19] [16, 2, 30, 23]
[-22, -2, 28, -50] [5, 5, -17, 28] [-63, -23, -22, 28] [42, -38, 38, 14] [-6, -6, -22, -23] [2, 12, -50, -24] [47, 25, 3, 26]
[9, 30, 11, 52] [-11, -5, -27, 39] [7, 7, -35, -17] [0, 0, 0, 0] [-20, 63, -33, -8] [-4, -18, -31, -10] [-11, 46, -24, 22]
[-3, 15, -14, 16] [12, 27, 9, 34] [17, -19, 40, 15] [-5, -35, 19, -22] [9, -3, 7, -27] [14, 47, 27, 15] [-12, -12, 12, -12]
[5, -22, -11, -2] [8, 6, 10, -1] [1, 13, 12, 27] [-33, -24, 47, -37] [-42, -31, 6, -52] [-17, 47, 13, 16] [-3, 37, 1, 31]
[6, 11, -28, -8] [10, 14, 11, -48] [20, 15, 7, -25] [-4, 11, 30, -48] [52, 26, -6, -16] [24, 35, 17, -5] [16, -17, 28, -39]
------------------------------
ALIVE
Head: (16 44)
Body: (16 44) (16 43) (16 42) (15 42) (14 42) (14 41) (15 41) (15 40) (16 40) (17 40) (17 39) (17 38) 
Length: 12, 4
Vision: 3
Hungry, suplies: 9/10
Reproductive: 16, mutating: 0.25
Generation: 45190
####################################
Wall (up, right, down, left):
[1, 4, -2, -16] [-3, 5, 12, 2] [-27, 2, 13, -16] [-4, 0, 21, 10] [-7, 5, 26, -3] [20, -1, -7, -1] [3, -18, -12, -18]
[-38, -20, 21, -21] [6, 13, -10, -8] [-32, 4, 12, -2] [-29, 9, 16, 7] [35, 17, 9, -3] [-32, -26, 2, -2] [-13, 1, -16, 5]
[-19, 5, 23, 9] [5, 23, -7, -3] [-3, 6, 45, -12] [-81, 22, 46, 15] [-40, -46, -17, 40] [-13, -16, 4, 6] [-28, -18, -22, -2]
[2, 45, -7, -44] [24, 1, 18, -23] [-12, 44, -3, -102] [0, 0, 0, 0] [44, -104, 34, 5] [23, -2, -2, 19] [6, -3, 11, 3]
[-11, -32, -9, -3] [18, -5, -15, -4] [1, -11, -48, -46] [52, 18, -102, 14] [10, -12, -24, 30] [-1, 16, 5, 25] [-38, -68, -14, 21]
[23, 24, 5, -4] [-16, -1, -11, -3] [28, -9, 26, -11] [-6, 13, -27, 10] [16, -5, -27, -5] [4, -4, -24, 8] [37, -5, 15, 7]
[-19, -5, 2, -6] [-5, -14, -44, -11] [-9, 6, 23, -2] [-2, 17, -42, -12] [44, 23, -6, 31] [44, -21, -46, 21] [-16, 10, 17, -2]
Food (up, right, down, left):
[8, 12, 7, 16] [-9, 22, 11, -17] [24, -18, 13, 13] [-15, -16, 47, 21] [-7, 6, 38, -15] [-7, -26, -14, -25] [-37, 19, 6, -15]
[-67, 1, -24, -29] [-3, 2, -27, -4] [8, 15, 28, 32] [-12, 26, -49, 20] [30, -1, -1, -39] [39, 4, -50, 19] [16, 2, 30, 23]
[-22, -2, 28, -50] [5, 5, -17, 28] [-63, -23, -22, 28] [42, -38, 38, 14] [-6, -6, -22, -23] [2, 12, -50, -24] [47, 25, 3, 26]
[9, 30, 11, 52] [-11, -5, -27, 39] [7, 7, -35, -17] [0, 0, 0, 0] [-20, 63, -33, -8] [-4, -18, -31, -10] [-11, 46, -24, 22]
[-3, 15, -14, 16] [12, 27, 9, 34] [17, -19, 40, 15] [-5, -35, 14, -22] [6, -3, 7, -27] [14, 47, 27, 15] [-12, -12, 12, -12]
[5, -22, -11, -2] [8, 6, 10, -1] [2, 13, 12, 29] [-33, -24, 44, -37] [-42, -30, 8, -52] [-17, 47, 13, 16] [-3, 37, 1, 31]
[6, 11, -28, -8] [10, 14, 11, -48] [20, 15, 7, -25] [-4, 11, 30, -48] [52, 26, -6, -16] [24, 35, 17, -5] [16, -17, 28, -39]
------------------------------
ALIVE
Head: (1 20)
Body: (1 20) (1 19) (1 18) (2 18) (2 17) (3 17) (4 17) (5 17) (6 17) (7 17) (7 18) (8 18) (9 18) (9 19) (10 19) 
Length: 15, 4
Vision: 3
Hungry, suplies: 8/10
Reproductive: 16, mutating: 0.25
Generation: 45191
####################################
Wall (up, right, down, left):
[1, 4, -2, -16] [-3, 5, 12, 2] [-27, 2, 13, -16] [-4, 0, 21, 10] [-7, 5, 26, -3] [20, -1, -7, -1] [3, -18, -12, -18]
[-38, -20, 21, -21] [6, 13, -10, -8] [-32, 4, 12, -2] [-29, 9, 16, 7] [35, 17, 9, -3] [-32, -26, 2, -2] [-13, 1, -16, 5]
[-19, 5, 23, 9] [5, 23, -7, -3] [-3, 6, 45, -12] [-81, 22, 46, 15] [-40, -46, -17, 40] [-13, -16, 4, 6] [-28, -18, -22, -2]
[2, 45, -7, -44] [24, 1, 18, -23] [-12, 44, -3, -102] [0, 0, 0, 0] [44, -104, 34, 5] [23, -2, -2, 19] [6, -3, 11, 3]
[-11, -32, -9, -3] [18, -5, -15, -4] [1, -11, -48, -46] [52, 18, -102, 14] [10, -12, -28, 30] [-1, 16, 5, 25] [-38, -68, -14, 21]
[23, 24, 5, -4] [-16, -1, -11, -3] [28, -9, 26, -11] [-6, 13, -27, 10] [16, -5, -27, -5] [4, -4, -24, 8] [37, -5, 15, 7]
[-19, -5, 2, -6] [-5, -14, -44, -11] [-9, 6, 23, -2] [-2, 17, -42, -12] [44, 23, -6, 31] [44, -21, -46, 21] [-16, 10, 17, -2]
Food (up, right, down, left):
[8, 12, 7, 16] [-9, 22, 11, -17] [24, -18, 13, 13] [-15, -16, 47, 21] [-7, 6, 38, -15] [-7, -26, -14, -25] [-37, 19, 6, -15]
[-67, 1, -24, -29] [-3, 2, -27, -4] [8, 15, 28, 32] [-12, 26, -49, 20] [30, -1, -1, -39] [39, 4, -50, 19] [16, 2, 30, 23]
[-22, -2, 28, -50] [5, 5, -17, 28] [-63, -23, -22, 28] [42, -38, 38, 14] [-6, -6, -22, -23] [2, 12, -50, -24] [47, 25, 3, 26]
[9, 30, 11, 52] [-11, -5, -27, 39] [7, 7, -35, -17] [0, 0, 0, 0] [-20, 63, -33, -8] [-4, -18, -31, -10] [-11, 46, -24, 22]
[-3, 15, -14, 16] [12, 27, 9, 34] [17, -19, 40, 15] [-5, -35, 14, -22] [9, -3, 7, -27] [14, 47, 27, 15] [-12, -12, 12, -12]
[5, -22, -11, -2] [8, 6, 10, -1] [2, 13, 12, 29] [-33, -24, 44, -37] [-42, -30, 8, -52] [-17, 47, 13, 16] [-3, 37, 1, 31]
[6, 11, -28, -8] [10, 14, 11, -48] [20, 15, 7, -25] [-4, 11, 30, -48] [52, 26, -6, -16] [24, 35, 17, -5] [16, -17, 28, -39]
------------------------------
ALIVE
Head: (14 27)
Body: (14 27) (14 28) (14 29) (14 30) (13 30) (12 30) (12 29) (11 29) (10 29) (9 29) (9 28) (8 28) (7 28) 
Length: 13, 4
Vision: 3
Hungry, suplies: 2/10
Reproductive: 16, mutating: 0.25
Generation: 45190
####################################
Wall (up, right, down, left):
[1, 4, -2, -16] [-3, 5, 12, 2] [-27, 2, 13, -16] [-4, 0, 21, 10] [-7, 5, 26, -3] [20, -1, -7, -1] [3, -18, -12, -18]
[-38, -20, 21, -21] [6, 13, -10, -8] [-32, 4, 12, -2] [-29, 9, 16, 7] [35, 17, 9, -3] [-32, -26, 2, -2] [-13, 1, -16, 5]
[-19, 5, 23, 9] [5, 23, -7, -3] [-3, 6, 45, -12] [-81, 22, 46, 15] [-40, -46, -17, 40] [-13, -16, 4, 6] [-28, -18, -22, -2]
[2, 45, -7, -44] [24, 1, 18, -23] [-12, 44, -3, -102] [0, 0, 0, 0] [44, -104, 34, 5] [23, -2, -2, 19] [6, -3, 11, 3]
[-11, -32, -9, -7] [18, -5, -15, -4] [1, -11, -48, -46] [52, 18, -102, 14] [10, -12, -28, 30] [-1, 16, 5, 25] [-38, -68, -14, 21]
[23, 24, 5, -4] [-16, -1, -11, -3] [28, -9, 26, -11] [-6, 13, -27, 10] [16, -1, -27, -5] [4, -4, -24, 8] [37, -5, 15, 7]
[-19, -5, 2, -6] [-5, -14, -44, -11] [-9, 6, 23, -2] [-2, 17, -42, -12] [44, 23, -6, 31] [44, -21, -46, 21] [-16, 10, 17, -2]
Food (up, right, down, left):
[8, 12, 7, 16] [-9, 22, 11, -17] [24, -18, 13, 13] [-15, -16, 47, 21] [-7, 6, 38, -14] [-7, -26, -14, -25] [-37, 19, 6, -15]
[-67, 1, -24, -29] [-3, 2, -27, -4] [8, 15, 28, 32] [-12, 26, -49, 20] [30, -1, -1, -39] [39, 4, -50, 19] [16, 2, 30, 23]
[-22, -2, 28, -50] [5, 5, -17, 28] [-63, -23, -22, 28] [42, -38, 38, 14] [-6, -6, -22, -23] [2, 12, -50, -24] [47, 25, 3, 26]
[9, 30, 11, 52] [-11, -5, -27, 39] [7, 7, -35, -17] [0, 0, 0, 0] [-20, 63, -33, -8] [-4, -18, -31, -10] [-11, 46, -24, 22]
[-5, 15, -14, 16] [12, 27, 9, 34] [17, -19, 40, 15] [-5, -35, 14, -22] [9, -3, 7, -27] [14, 47, 27, 15] [-12, -12, 12, -12]
[5, -22, -11, -2] [8, 6, 10, -1] [2, 13, 12, 27] [-33, -24, 44, -37] [-42, -30, 6, -52] [-17, 47, 13, 16] [-3, 37, 1, 31]
[6, 11, -28, -8] [10, 14, 11, -48] [20, 15, 7, -25] [-4, 11, 30, -48] [52, 26, -6, -16] [24, 35, 17, -5] [16, -17, 28, -39]
------------------------------
ALIVE
Head: (11 36)
Body: (11 36) (12 36) (12 35) (13 35) (14 35) (14 36) (14 37) (13 37) (12 37) (12 38) 
Length: 10, 4
Vision: 3
Hungry, suplies: 9/10
Reproductive: 16, mutating: 0.25
Generation: 45190
####################################
Wall (up, right, down, left):
[1, 4, -2, -16] [-3, 5, 12, 2] [-27, 2, 13, -16] [-4, 0, 21, 10] [-7, 5, 26, -3] [20, -1, -7, -1] [3, -18, -12, -18]
[-33, -21, 21, -21] [6, 13, -10, -8] [-32, 4, 12, -2] [-29, 9, 16, 7] [35, 17, 9, -3] [-28, -26, 2, -2] [-13, 1, -16, 5]
[-19, 5, 23, 9] [5, 23, -7, -3] [-3, 6, 45, -12] [-81, 22, 46, 15] [-40, -46, -17, 40] [-13, -16, 4, 6] [-28, -18, -22, -2]
[2, 45, -7, -44] [24, 1, 18, -23] [-12, 44, -3, -102] [0, 0, 0, 0] [44, -104, 34, 5] [23, -2, -2, 19] [6, -3, 11, 3]
[-11, -32, -9, -3] [18, -5, -15, -4] [1, -11, -48, -46] [52, 18, -102, 14] [10, -12, -28, 30] [-1, 16, 5, 25] [-38, -68, -14, 21]
[23, 24, 5, -4] [-16, 0, -11, -3] [28, -9, 26, -11] [-6, 13, -27, 10] [16, -1, -27, -5] [4, -4, -24, 8] [37, -5, 15, 7]
[-19, -5, 2, -6] [-5, -14, -46, -11] [-9, 4, 23, -2] [-2, 17, -42, -12] [44, 23, -6, 31] [44, -21, -46, 21] [-16, 10, 17, -2]
Food (up, right, down, left):
[8, 12, 7, 16] [-9, 22, 11, -17] [24, -18, 13, 13] [-15, -16, 47, 21] [-7, 6, 38, -14] [-7, -26, -14, -25] [-37, 19, 6, -15]
[-67, 1, -24, -31] [-3, 2, -27, -4] [8, 15, 28, 32] [-12, 26, -49, 20] [30, -1, -1, -39] [39, 4, -50, 19] [16, 2, 30, 23]
[-22, -2, 28, -50] [5, 5, -17, 28] [-63, -23, -22, 28] [42, -38, 38, 14] [-6, -6, -22, -23] [2, 12, -50, -24] [47, 25, 3, 26]
[9, 30, 11, 52] [-11, -5, -27, 39] [7, 7, -35, -17] [0, 0, 0, 0] [-20, 59, -33, -8] [-4, -18, -31, -10] [-11, 46, -24, 22]
[-3, 15, -14, 16] [12, 27, 9, 34] [17, -19, 40, 15] [-5, -35, 14, -22] [9, -3, 7, -27] [14, 47, 27, 15] [-12, -12, 12, -12]
[5, -22, -11, -2] [8, 6, 9, -1] [2, 13, 12, 27] [-33, -24, 44, -37] [-42, -30, 6, -52] [-17, 47, 13, 16] [-3, 37, 1, 31]
[6, 11, -28, -8] [10, 14, 11, -50] [20, 12, 7, -25] [-4, 11, 30, -48] [52, 26, -6, -16] [24, 35, 17, -5] [16, -17, 28, -39]
------------------------------
ALIVE
Head: (15 5)
Body: (15 5) (14 5) (14 4) (14 3) (13 3) (13 2) (12 2) (12 1) (12 0) (11 57) (11 56) 
Length: 11, 4
Vision: 3
Hungry, suplies: 8/10
Reproductive: 16, mutating: 0.25
Generation: 45196
####################################
Wall (up, right, down, left):
[1, 4, -2, -16] [-3, 5, 12, 2] [-27, 2, 13, -16] [-4, 0, 21, 10] [-7, 5, 26, -3] [20, -1, -7, -1] [3, -17, -12, -18]
[-33, -20, 21, -21] [6, 13, -10, -8] [-32, 4, 12, -2] [-29, 9, 16, 7] [35, 17, 9, -3] [-32, -26, 2, -2] [-13, 1, -16, 5]
[-19, 5, 23, 9] [5, 23, -7, -3] [-3, 6, 45, -12] [-81, 22, 46, 15] [-40, -46, -17, 40] [-13, -16, 4, 6] [-28, -18, -22, -2]
[2, 45, -7, -44] [24, 1, 18, -23] [-12, 44, -3, -102] [0, 0, 0, 0] [44, -104, 34, 5] [23, -2, -2, 19] [6, -3, 11, 3]
[-11, -32, -9, -3] [18, -5, -15, -4] [1, -11, -48, -46] [52, 22, -102, 13] [10, -12, -28, 30] [-1, 16, 5, 25] [-38, -68, -14, 21]
[23, 24, 5, -4] [-16, -1, -11, -3] [28, -9, 30, -11] [-6, 12, -27, 10] [16, 2, -27, -5] [4, -4, -24, 8] [37, -5, 15, 7]
[-19, -5, 2, -6] [-5, -14, -44, -11] [-9, 6, 23, -2] [-2, 17, -42, -12] [44, 23, -6, 31] [44, -21, -46, 21] [-16, 10, 17, -2]
Food (up, right, down, left):
[8, 12, 7, 16] [-9, 22, 11, -17] [24, -18, 13, 13] [-15, -16, 47, 21] [-7, 6, 38, -14] [-7, -26, -14, -25] [-38, 19, 6, -15]
[-67, 1, -24, -26] [-3, 2, -27, -4] [8, 15, 28, 32] [-12, 26, -49, 20] [30, -1, -1, -39] [39, 4, -50, 19] [16, 2, 30, 23]
[-22, -2, 28, -50] [5, 5, -17, 28] [-63, -23, -22, 28] [42, -38, 38, 14] [-6, -6, -22, -23] [2, 12, -50, -24] [47, 25, 3, 26]
[9, 30, 11, 52] [-11, -5, -27, 39] [7, 7, -35, -17] [0, 0, 0, 0] [-20, 63, -33, -8] [-4, -18, -31, -10] [-11, 46, -24, 22]
[-3, 15, -14, 16] [12, 27, 9, 34] [17, -19, 40, 15] [-5, -39, 19, -22] [9, -3, 7, -27] [14, 47, 27, 15] [-12, -12, 12, -12]
[5, -22, -11, -2] [8, 6, 10, -1] [1, 13, 12, 27] [-33, -24, 47, -37] [-42, -31, 6, -52] [-17, 47, 13, 16] [-3, 37, 1, 31]
[6, 11, -28, -8] [10, 14, 11, -48] [20, 15, 7, -25] [-4, 11, 30, -48] [52, 26, -6, -16] [24, 35, 17, -5] [16, -17, 28, -39]
------------------------------
ALIVE
Head: (24 14)
Body: (24 14) (23 14) (22 14) (22 13) (22 12) (22 11) (21 11) (20 11) (19 11) 
Length: 9, 4
Vision: 3
Hungry, suplies: 6/10
Reproductive: 16, mutating: 0.25
Generation: 45190
####################################
Wall (up, right, down, left):
[1, 4, -2, -16] [-3, 5, 12, 2] [-27, 2, 13, -16] [-4, 0, 21, 10] [-7, 5, 26, -3] [20, -1, -7, -1] [3, -18, -12, -18]
[-38, -20, 21, -21] [6, 13, -10, -8] [-32, 4, 12, -2] [-29, 9, 16, 7] [35, 17, 9, -3] [-32, -26, 2, -2] [-13, 1, -16, 5]
[-19, 5, 23, 9] [5, 23, -7, -3] [-3, 6, 45, -12] [-81, 22, 46, 15] [-40, -46, -17, 40] [-13, -16, 4, 6] [-28, -18, -22, -2]
[2, 45, -7, -44] [24, 1, 18, -23] [-12, 44, -3, -102] [0, 0, 0, 0] [44, -104, 34, 5] [23, -2, -2, 19] [6, -3, 11, 3]
[-11, -32, -9, -3] [18, -5, -15, -4] [1, -11, -48, -46] [52, 18, -102, 14] [10, -12, -28, 30] [-1, 16, 5, 25] [-38, -68, -14, 21]
[23, 24, 5, -4] [-16, -1, -11, -3] [28, -9, 26, -11] [-6, 13, -27, 10] [16, -5, -27, -5] [4, -4, -24, 8] [37, -5, 15, 7]
[-19, -5, 2, -6] [-5, -14, -44, -11] [-9, 6, 23, -2] [-2, 17, -42, -12] [44, 23, -6, 31] [44, -21, -46, 21] [-16, 10, 17, -2]
Food (up, right, down, left):
[8, 12, 7, 16] [-9, 22, 11, -17] [24, -18, 13, 13] [-15, -16, 47, 21] [-7, 6, 38, -15] [-7, -26, -14, -25] [-37, 19, 6, -15]
[-67, 1, -24, -29] [-3, 2, -27, -4] [8, 15, 28, 32] [-12, 26, -49, 20] [30, -1, -1, -39] [39, 4, -50, 19] [16, 2, 30, 23]
[-22, -2, 28, -50] [5, 5, -17, 28] [-63, -23, -22, 28] [42, -38, 38, 14] [-6, -6, -22, -23] [2, 12, -50, -24] [47, 25, 3, 26]
[9, 30, 11, 52] [-11, -5, -27, 39] [7, 7, -35, -17] [0, 0, 0, 0] [-20, 63, -33, -8] [-4, -18, -31, -10] [-11, 46, -24, 22]
[-3, 15, -14, 16] [12, 27, 9, 34] [17, -19, 40, 15] [-5, -35, 14, -22] [9, -3, 7, -27] [14, 47, 27, 15] [-12, -12, 12, -12]
[5, -22, -11, -2] [8, 6, 10, -1] [2, 13, 12, 29] [-33, -24, 44, -37] [-42, -30, 8, -52] [-17, 47, 13, 16] [-3, 37, 1, 31]
[6, 11, -28, -8] [10, 14, 11, -48] [20, 15, 7, -25] [-4, 11, 30, -48] [52, 26, -6, -16] [24, 35, 17, -5] [16, -17, 28, -39]
------------------------------
ALIVE
Head: (2 21)
Body: (2 21) (3 21) (4 21) (5 21) (5 22) (6 22) (7 22) (8 22) (8 23) (7 23) (6 23) (5 23) (4 23) 
Length: 13, 4
Vision: 3
Hungry, suplies: 9/10
Reproductive: 16, mutating: 0.25
Generation: 45189
####################################
Wall (up, right, down, left):
[1, 4, -2, -16] [-3, 5, 12, 2] [-27, 2, 13, -16] [-4, 0, 21, 10] [-7, 5, 26, -3] [20, -1, -7, -1] [3, -18, -12, -18]
[-38, -20, 21, -21] [6, 13, -10, -8] [-32, 4, 12, -2] [-29, 9, 16, 7] [35, 17, 9, -3] [-32, -26, 2, -2] [-13, 1, -16, 5]
[-19, 5, 23, 9] [5, 23, -7, -3] [-3, 6, 45, -12] [-81, 22, 46, 15] [-40, -46, -17, 40] [-13, -16, 4, 6] [-28, -18, -22, -2]
[2, 45, -7, -44] [24, 1, 18, -23] [-12, 44, -3, -102] [0, 0, 0, 0] [44, -104, 34, 5] [23, -2, -2, 19] [6, -3, 11, 3]
[-11, -32, -9, -3] [18, -5, -15, -4] [1, -11, -48, -46] [52, 18, -102, 14] [10, -12, -28, 30] [-1, 16, 5, 25] [-38, -68, -14, 21]
[23, 24, 5, -4] [-16, -1, -11, -3] [28, -6, 26, -11] [-6, 13, -27, 10] [16, -1, -27, -5] [4, -4, -24, 8] [37, -5, 15, 7]
[-19, -5, 2, -6] [-5, -14, -44, -11] [-9, 6, 23, -2] [-2, 17, -42, -12] [44, 23, -6, 31] [44, -21, -46, 21] [-16, 10, 17, -2]
Food (up, right, down, left):
[8, 12, 7, 16] [-9, 22, 11, -17] [24, -18, 13, 13] [-15, -16, 47, 21] [-7, 6, 38, -14] [-7, -26, -14, -25] [-37, 19, 6, -15]
[-67, 1, -24, -29] [-3, 2, -27, -4] [8, 15, 28, 32] [-12, 26, -49, 20] [30, -1, -1, -39] [39, 4, -50, 19] [16, 2, 30, 23]
[-22, -2, 28, -50] [5, 5, -17, 28] [-63, -23, -22, 28] [42, -38, 38, 14] [-6, -6, -22, -23] [2, 12, -50, -24] [47, 25, 3, 26]
[9, 30, 11, 52] [-11, -5, -27, 39] [7, 7, -35, -17] [0, 0, 0, 0] [-20, 63, -33, -8] [-4, -18, -31, -10] [-11, 46, -24, 22]
[-3, 15, -14, 16] [12, 27, 9, 34] [17, -19, 40, 15] [-5, -35, 14, -22] [9, -3, 7, -27] [14, 47, 27, 15] [-12, -12, 12, -12]
[5, -22, -11, -2] [8, 6, 10, -1] [2, 13, 12, 31] [-33, -24, 44, -37] [-42, -30, 6, -52] [-17, 47, 13, 16] [-3, 37, 1, 31]
[6, 11, -28, -8] [10, 14, 11, -48] [20, 15, 7, -25] [-4, 11, 30, -48] [52, 26, -6, -16] [24, 35, 17, -5] [16, -17, 28, -39]
------------------------------
ALIVE
Head: (2 20)
Body: (2 20) (3 20) (3 19) (4 19) (5 19) (6 19) (6 20) (7 20) (8 20) 
Length: 9, 4
Vision: 3
Hungry, suplies: 9/10
Reproductive: 16, mutating: 0.25
Generation: 45187
####################################
Wall (up, right, down, left):
[1, 4, -2, -16] [-3, 5, 12, 2] [-27, 2, 13, -16] [-4, 0, 21, 10] [-7, 5, 26, -3] [20, -1, -7, 1] [3, -17, -12, -18]
[-33, -20, 21, -21] [6, 13, -10, -8] [-32, 4, 12, -2] [-29, 9, 16, 7] [35, 17, 9, -3] [-32, -26, 2, -2] [-13, 1, -16, 5]
[-19, 5, 23, 9] [5, 23, -7, -3] [-3, 6, 45, -12] [-81, 22, 46, 15] [-40, -46, -17, 40] [-13, -16, 4, 6] [-28, -18, -22, -2]
[2, 45, -7, -44] [24, 1, 18, -23] [-12, 44, -3, -102] [0, 0, 0, 0] [44, -104, 34, 5] [23, -2, -2, 19] [6, -3, 11, 3]
[-11, -32, -9, -3] [18, -5, -15, -4] [1, -11, -48, -46] [52, 18, -102, 13] [10, -12, -28, 30] [-1, 16, 5, 25] [-38, -68, -14, 21]
[23, 24, 5, -4] [-16, -1, -11, -3] [28, -9, 30, -11] [-6, 12, -27, 10] [16, 2, -27, -5] [4, -4, -24, 8] [37, -5, 15, 7]
[-19, -5, 2, -6] [-5, -14, -44, -11] [-9, 6, 23, -2] [-2, 17, -42, -12] [44, 23, -6, 31] [44, -21, -46, 21] [-16, 10, 17, -2]
Food (up, right, down, left):
[8, 12, 7, 16] [-9, 22, 11, -17] [24, -18, 13, 13] [-15, -16, 47, 21] [-7, 6, 38, -14] [-9, -26, -14, -25] [-38, 19, 6, -15]
[-67, 1, -24, -26] [-3, 2, -27, -4] [8, 15, 28, 32] [-12, 26, -49, 20] [30, -1, -1, -39] [39, 4, -50, 19] [16, 2, 30, 23]
[-22, -2, 28, -50] [5, 5, -17, 28] [-63, -23, -22, 28] [42, -38, 38, 14] [-6, -6, -22, -23] [2, 12, -50, -24] [47, 25, 3, 26]
[9, 30, 11, 52] [-11, -5, -27, 39] [7, 7, -35, -17] [0, 0, 0, 0] [-20, 63, -33, -8] [-4, -18, -31, -10] [-11, 46, -24, 22]
[-3, 15, -14, 16] [12, 27, 9, 34] [17, -19, 40, 15] [-5, -35, 19, -22] [9, -3, 7, -27] [14, 47, 27, 15] [-12, -12, 12, -12]
[5, -22, -11, -2] [8, 6, 10, -1] [1, 13, 12, 27] [-33, -24, 47, -37] [-42, -31, 6, -52] [-17, 47, 13, 16] [-3, 37, 1, 31]
[6, 11, -28, -8] [10, 14, 11, -48] [20, 15, 7, -25] [-4, 11, 30, -48] [52, 26, -6, -16] [24, 35, 17, -5] [16, -17, 28, -39]
------------------------------
ALIVE
Head: (20 47)
Body: (20 47) (20 46) (20 45) (20 44) (20 43) (19 43) (18 43) (18 42) 
Length: 8, 4
Vision: 3
Hungry, suplies: 1/10
Reproductive: 16, mutating: 0.25
Generation: 45191
####################################
Wall (up, right, down, left):
[1, 4, -2, -16] [-3, 5, 12, 2] [-27, 2, 13, -16] [-4, 0, 21, 10] [-7, 5, 26, -3] [20, -1, -7, -1] [3, -17, -12, -18]
[-33, -20, 21, -21] [6, 13, -10, -8] [-32, 4, 12, -2] [-29, 9, 16, 7] [35, 17, 9, -3] [-32, -26, 2, -2] [-13, 1, -16, 5]
[-19, 5, 23, 9] [5, 23, -7, -3] [-3, 6, 45, -12] [-81, 22, 46, 15] [-40, -46, -17, 40] [-13, -16, 4, 6] [-28, -18, -22, -2]
[2, 45, -7, -44] [24, 1, 18, -23] [-12, 44, -3, -102] [0, 0, 0, 0] [44, -104, 34, 5] [23, -2, -2, 19] [6, -3, 11, 3]
[-11, -32, -9, -3] [18, -5, -15, -4] [1, -11, -48, -46] [52, 18, -102, 13] [10, -12, -28, 30] [-1, 16, 5, 25] [-38, -68, -14, 21]
[23, 24, 5, -4] [-16, -1, -11, -3] [28, -9, 30, -11] [-6, 12, -27, 10] [16, 2, -27, -5] [4, -4, -24, 8] [37, -5, 15, 7]
[-19, -5, 2, -6] [-5, -14, -44, -11] [-9, 6, 23, -2] [-2, 17, -42, -12] [44, 23, -6, 31] [44, -21, -46, 21] [-16, 10, 17, -2]
Food (up, right, down, left):
[8, 12, 7, 16] [-9, 22, 11, -17] [24, -18, 13, 13] [-15, -16, 47, 21] [-7, 6, 38, -14] [-7, -26, -14, -25] [-38, 19, 6, -15]
[-67, 1, -24, -26] [-3, 2, -27, -4] [8, 15, 28, 32] [-12, 26, -49, 20] [30, -1, -1, -39] [39, 4, -50, 19] [16, 2, 30, 23]
[-22, -2, 28, -50] [5, 5, -17, 28] [-63, -23, -22, 28] [42, -38, 38, 14] [-6, -6, -22, -23] [2, 12, -50, -24] [47, 25, 3, 26]
[9, 30, 11, 52] [-11, -5, -27, 39] [7, 7, -35, -17] [0, 0, 0, 0] [-20, 63, -33, -8] [-4, -18, -31, -10] [-11, 46, -24, 22]
[-3, 15, -14, 16] [12, 27, 9, 34] [17, -19, 40, 15] [-5, -35, 19, -22] [9, -3, 7, -27] [14, 47, 27, 15] [-12, -12, 12, -12]
[5, -22, -11, -2] [8, 6, 10, -1] [1, 13, 12, 27] [-33, -24, 47, -37] [-42, -31, 6, -52] [-17, 47, 13, 16] [-3, 37, 1, 31]
[6, 11, -30, -8] [10, 14, 11, -48] [20, 15, 7, -25] [-4, 11, 30, -48] [52, 26, -6, -16] [24, 35, 17, -5] [16, -17, 28, -39]
------------------------------
ALIVE
Head: (0 32)
Body: (0 32) (24 32) (23 32) (22 32) (21 32) (20 32) (19 32) (18 32) (18 31) (17 31) (16 31) (15 31) (15 30) (15 29) (15 28) 
Length: 15, 4
Vision: 3
Hungry, suplies: 10/10
Reproductive: 16, mutating: 0.25
Generation: 45191
####################################
Wall (up, right, down, left):
[1, 4, -2, -16] [-3, 5, 12, 2] [-27, 2, 13, -16] [-4, 0, 21, 10] [-7, 5, 26, -3] [20, -1, -7, -1] [3, -18, -12, -18]
[-38, -20, 21, -21] [6, 13, -10, -8] [-32, 4, 12, -2] [-29, 9, 16, 7] [35, 17, 9, -3] [-32, -26, 2, -2] [-13, 1, -16, 5]
[-19, 5, 23, 9] [5, 23, -7, -3] [-3, 6, 45, -12] [-81, 22, 46, 15] [-40, -46, -17, 40] [-13, -16, 4, 6] [-28, -18, -22, -2]
[2, 45, -7, -44] [24, 1, 18, -23] [-12, 44, -3, -102] [0, 0, 0, 0] [44, -104, 34, 5] [23, -2, -2, 19] [6, -3, 11, 3]
[-11, -32, -9, -7] [18, -9, -15, -4] [1, -11, -48, -46] [52, 18, -102, 14] [10, -12, -28, 30] [-1, 16, 5, 25] [-38, -68, -14, 21]
[23, 24, 5, -4] [-16, -1, -11, -3] [28, -9, 26, -11] [-6, 13, -27, 10] [16, -1, -27, -5] [4, -4, -24, 8] [37, -5, 15, 7]
[-19, -5, 2, -6] [-5, -14, -44, -11] [-9, 6, 23, -2] [-2, 17, -42, -12] [44, 23, -6, 31] [44, -21, -46, 21] [-16, 10, 17, -2]
Food (up, right, down, left):
[8, 12, 7, 16] [-9, 22, 11, -17] [24, -18, 13, 13] [-15, -16, 47, 21] [-7, 6, 38, -14] [-7, -26, -14, -25] [-37, 19, 6, -15]
[-67, 1, -24, -29] [-3, 2, -27, -4] [8, 15, 28, 32] [-12, 26, -49, 20] [30, -1, -1, -39] [39, 4, -50, 19] [16, 2, 30, 23]
[-22, -2, 28, -50] [5, 5, -17, 28] [-63, -23, -22, 28] [42, -38, 38, 14] [-6, -6, -22, -23] [2, 12, -50, -24] [47, 25, 3, 26]
[9, 30, 11, 52] [-11, -5, -27, 39] [7, 7, -35, -17] [0, 0, 0, 0] [-20, 63, -33, -8] [-4, -18, -31, -10] [-11, 46, -24, 22]
[-5, 15, -14, 16] [11, 27, 9, 34] [17, -19, 40, 15] [-5, -35, 14, -22] [9, -3, 7, -27] [14, 47, 27, 15] [-12, -12, 12, -12]
[5, -22, -11, -2] [8, 6, 10, -1] [2, 13, 12, 27] [-33, -24, 44, -37] [-42, -30, 6, -52] [-17, 47, 13, 16] [-3, 37, 1, 31]
[6, 11, -28, -8] [10, 14, 11, -48] [20, 15, 7, -25] [-4, 11, 30, -48] [52, 26, -6, -16] [24, 35, 17, -5] [16, -17, 28, -39]
------------------------------
ALIVE
Head: (8 41)
Body: (8 41) (9 41) (10 41) (11 41) (12 41) (12 42) (12 43) (13 43) (13 44) (13 45) (13 46) 
Length: 11, 4
Vision: 3
Hungry, suplies: 3/10
Reproductive: 16, mutating: 0.25
Generation: 45191
####################################
Wall (up, right, down, left):
[1, 4, -2, -16] [-3, 5, 12, 2] [-27, 2, 13, -16] [-4, 0, 21, 10] [-7, 5, 26, -3] [20, -1, -7, -1] [3, -17, -12, -18]
[-33, -20, 21, -21] [6, 13, -10, -8] [-32, 4, 12, -2] [-29, 9, 16, 7] [35, 17, 9, -3] [-32, -26, 2, -2] [-13, 1, -16, 5]
[-19, 5, 23, 9] [5, 23, -7, -3] [-3, 6, 45, -12] [-81, 22, 46, 15] [-40, -46, -17, 40] [-13, -16, 4, 6] [-28, -18, -22, -2]
[2, 45, -7, -44] [24, 1, 18, -23] [-12, 44, -3, -102] [0, 0, 0, 0] [44, -104, 34, 5] [23, -2, -2, 19] [6, -3, 11, 3]
[-11, -32, -9, -3] [18, -5, -15, -4] [1, -11, -48, -46] [52, 18, -102, 13] [10, -12, -28, 30] [-1, 16, 5, 25] [-38, -68, -14, 21]
[23, 24, 5, -4] [-16, -1, -11, -3] [28, -9, 30, -11] [-6, 12, -27, 10] [16, 2, -27, -5] [4, -4, -24, 8] [37, -5, 15, 7]
[-19, -5, 2, -6] [-5, -14, -44, -11] [-9, 6, 23, -2] [-2, 17, -42, -12] [44, 23, -6, 31] [44, -21, -46, 21] [-16, 10, 18, -2]
Food (up, right, down, left):
[8, 12, 7, 16] [-9, 22, 11, -17] [24, -18, 13, 13] [-15, -16, 47, 21] [-7, 6, 38, -14] [-7, -26, -14, -25] [-38, 19, 6, -15]
[-67, 1, -24, -26] [-3, 2, -27, -4] [8, 15, 28, 32] [-12, 26, -49, 20] [30, -1, -1, -39] [39, 4, -50, 19] [16, 2, 30, 23]
[-22, -2, 28, -50] [5, 5, -17, 28] [-63, -23, -22, 28] [42, -38, 38, 14] [-6, -6, -22, -23] [2, 12, -50, -24] [47, 25, 3, 26]
[9, 30, 11, 52] [-11, -5, -27, 39] [7, 7, -35, -17] [0, 0, 0, 0] [-20, 63, -33, -8] [-4, -18, -31, -10] [-11, 46, -24, 22]
[-3, 15, -14, 16] [12, 27, 9, 34] [17, -19, 40, 15] [-5, -35, 19, -22] [9, -3, 7, -27] [14, 47, 27, 15] [-12, -12, 12, -12]
[5, -22, -11, -2] [8, 6, 10, -1] [1, 13, 12, 27] [-33, -24, 47, -37] [-42, -31, 6, -52] [-17, 47, 13, 16] [-3, 37, 1, 31]
[6, 11, -28, -8] [10, 14, 11, -48] [20, 15, 7, -25] [-4, 11, 30, -48] [52, 26, -6, -16] [24, 35, 17, -5] [16, -17, 29, -39]
------------------------------
ALIVE
Head: (8 26)
Body: (8 26) (7 26) (7 25) (7 24) (8 24) (9 24) (9 25) (10 25) (11 25) (11 26) (12 26) 
Length: 11, 4
Vision: 3
Hungry, suplies: 10/10
Reproductive: 16, mutating: 0.25
Generation: 45189
####################################
Wall (up, right, down, left):
[1, 4, -2, -16] [-3, 5, 12, 2] [-27, 2, 13, -16] [-4, 0, 21, 10] [-6, 5, 26, -3] [20, -1, -7, -1] [3, -18, -12, -18]
[-38, -20, 21, -21] [6, 13, -10, -8] [-32, 4, 12, -2] [-29, 9, 16, 7] [35, 17, 9, -3] [-32, -26, 2, -2] [-13, 1, -16, 5]
[-19, 5, 23, 9] [5, 23, -7, -3] [-3, 6, 45, -12] [-81, 22, 46, 15] [-40, -46, -17, 40] [-13, -16, 4, 6] [-28, -18, -22, -2]
[2, 45, -7, -44] [24, 1, 18, -27] [-12, 44, -3, -102] [0, 0, 0, 0] [44, -104, 34, 5] [23, -2, -2, 19] [6, -3, 11, 3]
[-11, -32, -9, -3] [18, -5, -15, -4] [1, -11, -48, -46] [52, 18, -102, 14] [10, -12, -28, 30] [-1, 16, 5, 25] [-38, -68, -14, 21]
[23, 24, 5, -4] [-16, -1, -11, -3] [28, -9, 26, -11] [-6, 13, -27, 10] [16, -1, -27, -5] [4, -4, -24, 8] [37, -5, 15, 7]
[-19, -5, 2, -6] [-5, -14, -44, -11] [-9, 6, 23, -2] [-2, 17, -42, -12] [44, 23, -6, 31] [44, -21, -46, 21] [-16, 10, 17, -2]
Food (up, right, down, left):
[8, 12, 7, 16] [-9, 22, 11, -17] [24, -18, 13, 13] [-15, -16, 47, 21] [-7, 6, 38, -19] [-7, -26, -14, -25] [-37, 19, 6, -15]
[-67, 1, -24, -29] [-3, 2, -27, -4] [8, 15, 28, 32] [-12, 26, -49, 20] [30, -1, -1, -39] [39, 4, -50, 19] [16, 2, 30, 23]
[-22, -2, 28, -50] [5, 5, -17, 28] [-63, -23, -22, 28] [42, -38, 38, 14] [-6, -6, -22, -23] [2, 12, -50, -24] [47, 25, 3, 26]
[9, 30, 11, 52] [-11, -5, -27, 44] [7, 7, -35, -17] [0, 0, 0, 0] [-20, 63, -33, -8] [-4, -18, -31, -10] [-11, 46, -24, 22]
[-3, 15, -14, 16] [12, 27, 9, 34] [17, -19, 40, 15] [-5, -35, 14, -22] [9, -3, 7, -27] [14, 47, 27, 15] [-12, -12, 12, -12]
[5, -22, -11, -2] [8, 6, 10, -1] [2, 13, 12, 27] [-33, -24, 44, -37] [-42, -30, 6, -52] [-17, 47, 13, 16] [-3, 37, 1, 31]
[6, 11, -28, -8] [10, 14, 11, -48] [20, 15, 7, -25] [-4, 11, 30, -48] [52, 26, -6, -16] [24, 35, 17, -5] [16, -17, 28, -39]
------------------------------
ALIVE
Head: (8 54)
Body: (8 54) (8 55) (9 55) (10 55) (11 55) (11 54) (11 53) (11 52) (11 51) (10 51) 
Length: 10, 4
Vision: 3
Hungry, suplies: 1/10
Reproductive: 16, mutating: 0.25
Generation: 45191
####################################
Wall (up, right, down, left):
[1, 4, -2, -16] [-3, 5, 12, 2] [-27, 2, 13, -16] [-4, 0, 21, 10] [-7, 5, 26, -3] [20, -1, -7, -1] [3, -17, -12, -18]
[-33, -20, 21, -21] [6, 13, -10, -8] [-32, 4, 12, -2] [-29, 9, 16, 7] [35, 17, 9, -3] [-32, -26, 2, -2] [-13, 1, -16, 5]
[-19, 5, 23, 9] [5, 23, -7, -3] [-3, 6, 45, -12] [-81, 22, 46, 15] [-40, -46, -17, 40] [-13, -16, 4, 6] [-28, -18, -22, -2]
[2, 45, -7, -44] [24, 1, 18, -23] [-12, 44, -3, -102] [0, 0, 0, 0] [44, -104, 34, 5] [23, -2, -2, 19] [6, -3, 11, 3]
[-11, -32, -9, -3] [18, -5, -15, -4] [1, -11, -48, -46] [52, 18, -102, 13] [10, -12, -28, 30] [-1, 16, 5, 25] [-38, -68, -14, 21]
[23, 24, 5, -4] [-16, -1, -11, -3] [28, -9, 30, -11] [-6, 12, -27, 10] [16, 2, -27, -5] [4, -4, -24, 8] [37, -5, 15, 7]
[-19, -5, 2, -6] [-5, -14, -44, -11] [-9, 6, 23, -2] [-2, 17, -42, -12] [44, 23, -6, 31] [44, -21, -46, 21] [-16, 10, 17, -2]
Food (up, right, down, left):
[8, 12, 7, 16] [-9, 22, 11, -17] [24, -18, 13, 13] [-15, -16, 47, 21] [-7, 6, 38, -14] [-7, -26, -14, -25] [-38, 19, 6, -15]
[-67, 1, -24, -26] [-3, 2, -27, -4] [8, 15, 28, 32] [-12, 26, -49, 20] [30, -1, -1, -39] [39, 4, -50, 19] [16, 2, 30, 23]
[-22, -2, 28, -50] [5, 5, -17, 28] [-63, -23, -22, 28] [42, -38, 38, 14] [-6, -6, -22, -23] [2, 12, -50, -24] [47, 25, 3, 26]
[9, 30, 11, 52] [-11, -5, -27, 39] [7, 7, -35, -17] [0, 0, 0, 0] [-20, 63, -33, -8] [-4, -18, -31, -10] [-11, 46, -24, 22]
[-3, 15, -14, 16] [12, 27, 9, 34] [17, -19, 40, 15] [-5, -35, 19, -22] [9, -3, 7, -27] [14, 47, 27, 15] [-12, -12, 12, -12]
[5, -22, -11, -2] [8, 6, 10, -1] [1, 13, 12, 27] [-33, -24, 47, -37] [-42, -31, 6, -52] [-17, 47, 13, 16] [-3, 37, 1, 31]
[6, 11, -28, -8] [10, 14, 11, -48] [20, 15, 7, -25] [-4, 11, 30, -48] [52, 26, -6, -16] [24, 35, 17, -5] [16, -17, 28, -39]
------------------------------
ALIVE
Head: (13 11)
Body: (13 11) (13 10) (14 10) (15 10) (16 10) (16 11) (15 11) (15 12) (15 13) (16 13) 
Length: 10, 4
Vision: 3
Hungry, suplies: 10/10
Reproductive: 16, mutating: 0.25
Generation: 45190
####################################
