Wall (up, right, down, left):
[14, -1, -18, 6] [0, -16, -17, -6] [-13, 5, 3, -7] [10, 9, 15, 8] [-15, 5, 29, -20] [-3, 5, 0, -18] [-30, -15, -20, -22]
[-6, 2, 19, -6] [12, 20, 5, 4] [-13, 11, 4, -13] [-23, 13, 7, 4] [21, 7, -6, -1] [-9, -13, 5, 3] [-18, -4, 20, -5]
[-5, 1, 45, -5] [-6, 12, -7, 7] [-13, 1, 21, -1] [-69, 18, 38, 28] [-39, -29, -28, 19] [-12, -24, 4, 23] [-24, -10, -11, -14]
[5, 10, -6, -54] [12, -1, 10, -29] [-5, 15, 2, -90] [0, 0, 0, 0] [34, -85, 22, 18] [15, -7, 7, 15] [3, 10, 12, -6]
[-15, -15, -12, -3] [16, 12, -12, 5] [-7, 10, -19, -8] [33, 21, -78, 21] [-2, -13, -19, 35] [-3, 11, -12, 4] [-25, -38, 3, 16]
[14, 13, 7, 7] [12, -1, -6, -22] [12, -8, 11, 0] [-13, 0, -21, 1] [2, 8, -12, 9] [23, -4, -19, 1] [30, 5, 6, 22]
[6, -3, -11, -23] [-4, 1, -8, -6] [3, -1, 19, -5] [-12, 16, -26, -13] [30, 8, -10, 12] [22, -18, -30, 11] [-4, -6, 7, 1]
Food (up, right, down, left):
[25, 19, -7, 13] [-6, 8, -8, -35] [26, -15, -10, 14] [-8, -4, 17, 25] [-4, 19, 4, 0] [-2, -10, -3, -14] [-29, 19, -5, -7]
[-60, -5, -14, -27] [1, -5, -15, -20] [-10, 15, 5, 13] [-4, 14, -24, 26] [16, 9, 1, -44] [31, -12, -21, 8] [9, -7, 13, 20]
[-18, 18, 4, -29] [-12, -3, -5, 31] [-33, -21, -30, 12] [25, -28, 18, 0] [-11, -7, -6, -3] [-1, 0, -36, -35] [22, 26, 0, 30]
[11, 0, 12, 36] [-15, -9, -38, 25] [-9, -4, -25, -11] [0, 0, 0, 0] [-25, 53, -23, -4] [-29, -6, -20, 1] [-8, 20, -13, 13]
[-15, 19, -8, 13] [11, 8, 12, 19] [23, -8, 36, -12] [-20, -8, 17, -8] [-2, -3, 23, -35] [-11, 48, 19, 24] [13, -9, -8, -44]
[19, -8, 0, -6] [-3, 14, 31, 18] [5, 11, 10, 14] [-7, -18, 11, -20] [-24, -22, -7, -29] [-12, 22, -12, 25] [15, 45, 2, 21]
[-6, 0, -25, -7] [6, -4, 10, -29] [11, 15, 1, -12] [4, 17, 38, -40] [27, 36, -9, -9] [6, 26, 4, -8] [24, -29, 14, -22]
------------------------------
ALIVE
Head: (8 36)
Body: (8 36) (8 37) (8 38) (8 39) (8 40) (8 41) (7 41) (7 40) (7 39) (6 39) (5 39) (5 38) 
Length: 12, 4
Vision: 3
Hungry, suplies: 10/10
Reproductive: 16, mutating: 0.25
Generation: 30757
####################################
Wall (up, right, down, left):
[14, -1, -18, 6] [0, -16, -17, -6] [-13, 5, 3, -7] [10, 9, 15, 8] [-15, 5, 29, -20] [-3, 5, 0, -18] [-30, -15, -20, -22]
[-6, 2, 19, -6] [12, 20, 5, 4] [-13, 11, 4, -13] [-23, 13, 7, 4] [21, 7, -6, -1] [-9, -13, 5, 3] [-18, -4, 20, -5]
[-5, 1, 45, -5] [-6, 12, -7, 7] [-13, 1, 21, -1] [-69, 18, 38, 28] [-39, -29, -28, 19] [-12, -24, 4, 23] [-24, -10, -11, -14]
[5, 10, -6, -54] [12, -1, 10, -29] [-5, 15, 2, -90] [0, 0, 0, 0] [34, -85, 22, 18] [15, -7, 7, 15] [3, 10, 12, -6]
[-15, -15, -12, -3] [16, 12, -12, 5] [-7, 10, -19, -8] [33, 21, -78, 21] [-2, -13, -19, 35] [-3, 11, -12, 4] [-25, -38, 3, 16]
[14, 13, 7, 7] [12, -1, -6, -22] [12, -8, 11, 0] [-13, 0, -21, 1] [2, 8, -12, 9] [23, -4, -19, 1] [30, 5, 6, 22]
[6, -3, -11, -23] [-4, 1, -8, -6] [3, -1, 19, -5] [-12, 16, -26, -13] [30, 8, -10, 12] [22, -18, -30, 11] [-4, -6, 7, 1]
Food (up, right, down, left):
[25, 19, -7, 13] [-6, 8, -8, -35] [26, -15, -10, 14] [-8, -4, 17, 25] [-4, 19, 4, 0] [-2, -10, -3, -14] [-29, 19, -5, -7]
[-60, -5, -14, -27] [1, -5, -15, -20] [-10, 15, 5, 13] [-4, 14, -24, 26] [16, 9, 1, -44] [31, -12, -21, 8] [9, -7, 13, 16]
[-18, 18, 4, -29] [-12, -3, -5, 31] [-33, -21, -30, 12] [25, -28, 18, 0] [-11, -7, -6, -3] [-1, 0, -36, -35] [22, 26, 0, 30]
[11, 0, 12, 36] [-15, -9, -38, 25] [-9, -4, -25, -11] [0, 0, 0, 0] [-25, 53, -23, -4] [-29, -6, -20, 1] [-8, 20, -13, 13]
[-15, 19, -8, 13] [11, 8, 12, 19] [23, -8, 36, -12] [-20, -8, 17, -8] [-2, -3, 23, -35] [-11, 48, 19, 24] [13, -9, -8, -44]
[19, -8, 0, -6] [-3, 14, 31, 18] [5, 11, 10, 14] [-7, -18, 11, -20] [-24, -22, -7, -29] [-12, 22, -12, 25] [15, 45, 2, 21]
[-6, 0, -25, -7] [6, -4, 10, -29] [11, 15, 1, -12] [4, 17, 38, -40] [27, 36, -9, -9] [6, 26, 4, -8] [24, -29, 14, -22]
------------------------------
ALIVE
Head: (20 50)
Body: (20 50) (20 49) (19 49) (18 49) (18 48) (18 47) (18 46) (18 45) (18 44) (19 44) (19 43) (19 42) (18 42) (17 42) 
Length: 14, 4
Vision: 3
Hungry, suplies: 8/10
Reproductive: 16, mutating: 0.25
Generation: 30756
####################################
Wall (up, right, down, left):
[14, -1, -18, 6] [0, -16, -17, -6] [-13, 6, 3, -7] [10, 9, 15, 8] [-15, 5, 29, -20] [-3, 5, 0, -17] [-30, -15, -20, -22]
[-6, 2, 19, -6] [12, 20, 5, 4] [-13, 11, 4, -13] [-23, 13, 7, 4] [21, 7, -6, -1] [-9, -13, 5, 3] [-18, -4, 20, -5]
[-5, 1, 45, -5] [-6, 13, -7, 7] [-13, 1, 21, -5] [-64, 18, 38, 28] [-39, -29, -28, 19] [-12, -24, 4, 23] [-24, -10, -11, -14]
[5, 10, -2, -54] [12, -1, 10, -29] [-5, 15, 2, -90] [0, 0, 0, 0] [34, -85, 22, 18] [15, -7, 7, 15] [3, 10, 12, -6]
[-15, -15, -12, -3] [16, 12, -12, 5] [-7, 10, -19, -8] [37, 21, -78, 21] [-2, -13, -19, 35] [-3, 11, -12, 4] [-25, -41, 3, 16]
[14, 13, 7, 7] [12, -1, -6, -22] [12, -8, 11, 0] [-13, 0, -21, 1] [2, 8, -12, 9] [23, -4, -19, 0] [30, 5, 6, 22]
[6, -3, -11, -19] [1, 1, -8, -6] [3, -1, 19, -5] [-12, 16, -26, -13] [30, 8, -10, 12] [22, -18, -30, 11] [-4, -6, 7, 1]
Food (up, right, down, left):
[25, 19, -7, 13] [-6, 8, -8, -35] [26, -15, -7, 14] [-8, -4, 17, 25] [-4, 19, 4, 0] [-2, -10, -2, -14] [-29, 19, -5, -7]
[-60, -5, -14, -27] [1, -5, -15, -20] [-10, 15, 5, 13] [-4, 14, -24, 26] [16, 9, 1, -44] [31, -12, -21, 8] [9, -7, 13, 16]
[-18, 18, 4, -29] [-12, -3, -5, 29] [-33, -21, -27, 12] [25, -28, 22, 0] [-11, -7, -6, -3] [-1, 0, -36, -35] [22, 26, 0, 30]
[11, -1, 12, 36] [-15, -9, -38, 25] [-9, -4, -25, -11] [0, 0, 0, 0] [-25, 53, -23, -4] [-29, -6, -20, 1] [-8, 20, -13, 13]
[-15, 19, -8, 13] [11, 8, 12, 19] [23, -8, 36, -8] [-20, -11, 17, -8] [-2, -3, 23, -35] [-11, 48, 19, 24] [13, -5, -8, -44]
[19, -8, 0, -6] [-3, 14, 31, 18] [5, 11, 10, 14] [-7, -18, 11, -20] [-24, -22, -7, -29] [-12, 22, -12, 21] [15, 45, 2, 21]
[-6, 5, -25, -7] [8, -4, 10, -29] [11, 15, 1, -12] [4, 17, 38, -40] [27, 36, -9, -9] [6, 26, 4, -8] [24, -29, 14, -22]
------------------------------
ALIVE
Head: (5 15)
Body: (5 15) (4 15) (3 15) (3 14) (2 14) (1 14) (25 14) (24 14) (23 14) (22 14) (21 14) (20 14) (19 14) (19 13) 
Length: 14, 4
Vision: 3
Hungry, suplies: 5/10
Reproductive: 16, mutating: 0.25
Generation: 30757
####################################
Wall (up, right, down, left):
[14, -1, -18, 6] [0, -16, -17, -6] [-13, 5, 3, -7] [10, 9, 15, 8] [-15, 5, 29, -20] [-3, 5, 0, -18] [-30, -15, -20, -22]
[-6, 2, 19, -6] [12, 20, 5, 4] [-13, 11, 4, -13] [-23, 13, 7, 4] [21, 7, -6, -1] [-9, -13, 5, 3] [-22, -4, 20, -5]
[-5, 1, 45, -5] [-6, 12, -7, 7] [-13, 1, 21, -1] [-69, 18, 38, 28] [-39, -29, -28, 19] [-12, -24, 4, 23] [-24, -10, -11, -14]
[5, 10, -6, -54] [12, -1, 10, -29] [-5, 15, 2, -90] [0, 0, 0, 0] [34, -85, 22, 18] [15, -7, 7, 15] [3, 10, 12, -6]
[-15, -15, -12, -3] [16, 12, -12, 5] [-7, 10, -19, -8] [33, 21, -78, 21] [-2, -13, -19, 35] [-3, 11, -12, 4] [-25, -38, 3, 16]
[14, 13, 7, 7] [12, -1, -6, -22] [12, -8, 11, 0] [-13, 0, -21, 1] [2, 8, -12, 9] [23, -4, -19, 1] [30, 5, 6, 22]
[6, -3, -11, -23] [-4, 1, -8, -6] [3, -1, 19, -5] [-12, 16, -26, -13] [30, 8, -10, 12] [22, -18, -30, 11] [-4, -6, 7, 1]
Food (up, right, down, left):
[25, 19, -7, 13] [-6, 8, -8, -35] [26, -15, -10, 14] [-8, -4, 17, 25] [-4, 19, 4, 0] [-2, -10, -3, -14] [-29, 19, -5, -7]
[-60, -5, -14, -27] [1, -5, -15, -20] [-10, 15, 5, 13] [-4, 14, -24, 26] [16, 9, 1, -44] [31, -12, -21, 8] [9, -6, 13, 16]
[-18, 18, 4, -29] [-12, -3, -5, 31] [-33, -21, -30, 12] [25, -28, 18, 0] [-11, -7, -6, -3] [-1, 0, -36, -35] [22, 26, 0, 30]
[11, 0, 12, 36] [-15, -9, -38, 25] [-9, -4, -25, -11] [0, 0, 0, 0] [-25, 53, -23, -4] [-29, -6, -20, 1] [-8, 20, -13, 13]
[-15, 19, -8, 13] [11, 8, 12, 19] [23, -8, 36, -12] [-20, -8, 17, -8] [-2, -3, 23, -35] [-11, 48, 19, 24] [13, -9, -8, -44]
[19, -8, 0, -6] [-3, 14, 31, 18] [5, 11, 10, 14] [-7, -18, 11, -20] [-24, -22, -7, -29] [-12, 22, -12, 25] [15, 45, 2, 21]
[-6, 0, -25, -7] [6, -4, 10, -29] [11, 15, 1, -12] [4, 17, 38, -40] [27, 36, -9, -9] [6, 26, 4, -8] [24, -29, 14, -22]
------------------------------
ALIVE
Head: (24 54)
Body: (24 54) (-1 53) (0 53) (0 52) (0 51) (1 51) (2 51) (3 51) (3 50) (3 49) (2 49) (2 48) (1 48) (0 48) 
Length: 14, 4
Vision: 3
Hungry, suplies: 10/10
Reproductive: 16, mutating: 0.25
Generation: 30756
####################################
Wall (up, right, down, left):
[14, -1, -18, 6] [0, -16, -17, -6] [-13, 5, 3, -7] [10, 9, 15, 8] [-15, 5, 29, -20] [-3, 5, 0, -18] [-30, -15, -20, -22]
[-6, 2, 19, -6] [12, 20, 5, 4] [-13, 11, 4, -13] [-23, 13, 7, 4] [21, 7, -6, -1] [-9, -13, 4, 3] [-18, -4, 20, -5]
[-5, 1, 45, -5] [-6, 12, -7, 7] [-13, 1, 21, -1] [-69, 18, 38, 28] [-39, -29, -28, 19] [-12, -24, 4, 23] [-24, -10, -11, -14]
[5, 10, -6, -54] [12, -1, 10, -29] [-5, 15, 2, -90] [0, 0, 0, 0] [34, -85, 22, 18] [15, -7, 7, 15] [3, 10, 12, -6]
[-15, -15, -12, -3] [16, 12, -12, 5] [-7, 10, -19, -8] [33, 21, -78, 21] [-2, -13, -19, 35] [-3, 11, -12, 4] [-25, -38, 3, 16]
[14, 13, 7, 7] [12, -1, -6, -22] [12, -8, 11, 0] [-13, 0, -21, 1] [2, 8, -12, 9] [23, -4, -19, 1] [30, 5, 6, 22]
[6, -3, -11, -23] [-4, 1, -8, -6] [3, -1, 19, -5] [-12, 16, -26, -13] [30, 8, -10, 12] [22, -18, -30, 11] [-4, -6, 7, 1]
Food (up, right, down, left):
[25, 19, -7, 13] [-6, 8, -8, -35] [26, -15, -10, 14] [-8, -4, 17, 25] [-4, 19, 4, 0] [-2, -10, -3, -14] [-29, 19, -5, -7]
[-60, -5, -14, -27] [1, -5, -15, -20] [-10, 15, 5, 13] [-4, 14, -24, 26] [16, 9, 1, -44] [31, -12, -21, 10] [9, -7, 13, 20]
[-18, 18, 4, -29] [-12, -3, -5, 31] [-33, -21, -30, 12] [25, -28, 18, 0] [-11, -7, -6, -3] [-1, 0, -36, -35] [22, 26, 0, 30]
[11, 0, 12, 36] [-15, -9, -38, 25] [-9, -4, -25, -11] [0, 0, 0, 0] [-25, 53, -23, -4] [-29, -6, -20, 1] [-8, 20, -13, 13]
[-15, 19, -8, 13] [11, 8, 12, 19] [23, -8, 36, -12] [-20, -8, 17, -8] [-2, -3, 23, -35] [-11, 48, 19, 24] [13, -9, -8, -44]
[19, -8, 0, -6] [-3, 14, 31, 18] [5, 11, 10, 14] [-7, -18, 11, -20] [-24, -22, -7, -29] [-12, 22, -12, 25] [15, 45, 2, 21]
[-6, 0, -25, -7] [6, -4, 10, -29] [11, 15, 1, -12] [4, 17, 38, -40] [27, 36, -9, -9] [6, 26, 4, -8] [24, -29, 14, -22]
------------------------------
ALIVE
Head: (4 26)
Body: (4 26) (4 25) (4 24) (4 23) (4 22) (5 22) (6 22) (6 23) (5 23) 
Length: 9, 4
Vision: 3
Hungry, suplies: 7/10
Reproductive: 16, mutating: 0.25
Generation: 30759
####################################
Wall (up, right, down, left):
[14, -1, -18, 6] [0, -16, -17, -6] [-13, 5, 3, -7] [10, 9, 15, 8] [-15, 5, 29, -20] [-3, 5, 0, -18] [-30, -15, -20, -22]
[-6, 2, 19, -6] [12, 20, 5, 4] [-13, 11, 4, -13] [-23, 13, 7, 4] [21, 7, -6, -1] [-9, -13, 5, 3] [-18, -4, 20, -5]
[-5, 1, 45, -5] [-6, 12, -7, 7] [-13, 1, 21, -1] [-69, 18, 38, 28] [-39, -29, -28, 19] [-12, -24, 4, 23] [-24, -10, -11, -14]
[5, 10, -6, -54] [12, -1, 10, -29] [-5, 15, 2, -90] [0, 0, 0, 0] [34, -85, 22, 18] [15, -7, 7, 15] [3, 13, 12, -6]
[-15, -15, -12, -3] [16, 12, -12, 5] [-7, 10, -19, -8] [33, 21, -78, 21] [-2, -13, -19, 35] [-3, 11, -12, 4] [-25, -38, 3, 16]
[14, 13, 7, 7] [12, -1, -6, -22] [12, -8, 11, 0] [-13, 0, -21, 1] [2, 8, -12, 9] [23, -4, -19, 1] [30, 5, 6, 22]
[6, -3, -11, -23] [-4, 1, -8, -6] [3, -1, 19, -5] [-12, 16, -26, -13] [30, 8, -10, 12] [22, -18, -30, 11] [-4, -6, 7, 1]
Food (up, right, down, left):
[25, 19, -7, 13] [-6, 8, -8, -35] [26, -15, -10, 14] [-8, -4, 17, 25] [-4, 19, 4, 0] [-2, -10, -3, -14] [-29, 19, -5, -7]
[-60, -5, -14, -27] [1, -5, -15, -20] [-10, 15, 5, 13] [-4, 14, -24, 26] [16, 9, 1, -44] [31, -12, -21, 8] [9, -7, 13, 20]
[-18, 18, 4, -29] [-12, -3, -5, 31] [-33, -21, -30, 12] [25, -28, 18, 0] [-11, -7, -6, -3] [-1, 0, -36, -35] [22, 26, 0, 30]
[11, 0, 12, 36] [-15, -9, -38, 25] [-9, -4, -25, -11] [0, 0, 0, 0] [-25, 53, -23, -4] [-29, -6, -20, 1] [-8, 20, -13, 11]
[-15, 19, -8, 13] [11, 8, 12, 19] [23, -8, 36, -12] [-20, -8, 17, -8] [-2, -3, 23, -35] [-11, 48, 19, 24] [13, -9, -8, -44]
[19, -8, 0, -6] [-3, 14, 31, 18] [5, 11, 10, 14] [-7, -18, 11, -20] [-24, -22, -7, -29] [-12, 22, -12, 25] [15, 45, 2, 21]
[-6, 0, -25, -7] [6, -4, 10, -29] [11, 15, 1, -12] [4, 17, 38, -40] [27, 36, -9, -9] [6, 26, 4, -8] [24, -29, 14, -22]
------------------------------
DEAD: Wall
Head: (9 16)
Body: (9 16) (9 15) (9 14) (9 13) (9 12) (9 11) (8 11) (8 10) (8 9) (9 9) (9 8) (9 7) (9 6) (8 6) 
Length: 14, 4
Vision: 3
Hungry, suplies: 10/10
Reproductive: 16, mutating: 0.25
Generation: 30760
####################################
Wall (up, right, down, left):
[14, -1, -18, 6] [0, -16, -17, -6] [-13, 5, 3, -7] [10, 9, 15, 8] [-15, 5, 29, -20] [-3, 5, 0, -18] [-30, -15, -20, -22]
[-6, 2, 19, -6] [12, 20, 5, 4] [-13, 11, 4, -13] [-23, 13, 7, 4] [21, 7, -6, -1] [-9, -13, 5, 3] [-18, -4, 20, -5]
[-5, 1, 45, -5] [-6, 12, -7, 7] [-13, 1, 21, -1] [-69, 18, 38, 28] [-39, -29, -28, 19] [-12, -24, 4, 23] [-24, -10, -11, -14]
[5, 10, -6, -54] [12, -1, 10, -29] [-5, 15, 2, -90] [0, 0, 0, 0] [34, -85, 22, 18] [15, -7, 7, 15] [3, 10, 12, -6]
[-15, -15, -12, -3] [16, 12, -12, 5] [-7, 10, -19, -8] [33, 21, -78, 21] [-2, -13, -19, 35] [-3, 11, -12, 4] [-25, -38, 3, 16]
[14, 13, 7, 7] [12, -1, -6, -22] [12, -8, 11, 0] [-13, 0, -21, 1] [2, 8, -12, 9] [23, -4, -19, 1] [30, 5, 6, 22]
[6, -3, -11, -23] [-4, 1, -8, -6] [3, -1, 19, -5] [-12, 16, -26, -13] [30, 8, -10, 12] [22, -18, -30, 11] [-4, -6, 7, 1]
Food (up, right, down, left):
[25, 19, -7, 13] [-6, 8, -8, -35] [26, -15, -10, 14] [-8, -4, 17, 25] [-4, 19, 4, 0] [-2, -10, -3, -14] [-29, 19, -5, -7]
[-60, -5, -14, -27] [1, -5, -15, -20] [-10, 15, 5, 13] [-4, 14, -24, 26] [16, 9, 1, -44] [31, -12, -21, 8] [9, -7, 13, 16]
[-18, 18, 4, -29] [-12, -3, -5, 31] [-33, -21, -30, 12] [25, -28, 18, 0] [-11, -7, -6, -3] [-1, 0, -36, -35] [22, 26, 0, 30]
[11, 0, 12, 36] [-15, -9, -38, 25] [-9, -4, -25, -11] [0, 0, 0, 0] [-25, 53, -23, -4] [-29, -6, -20, 1] [-8, 20, -13, 13]
[-15, 19, -8, 13] [11, 8, 12, 19] [23, -8, 36, -12] [-20, -8, 17, -8] [-2, -3, 23, -35] [-11, 48, 19, 24] [13, -9, -8, -44]
[19, -8, 0, -6] [-3, 14, 31, 18] [5, 11, 10, 14] [-7, -18, 11, -20] [-24, -22, -7, -29] [-12, 22, -12, 25] [15, 45, 2, 21]
[-6, 0, -25, -7] [6, -4, 10, -29] [11, 15, 1, -12] [4, 17, 38, -40] [27, 36, -9, -9] [6, 26, 4, -8] [24, -29, 14, -22]
------------------------------
ALIVE
Head: (11 2)
Body: (11 2) (11 1) (10 1) (10 57) (10 56) (10 55) (10 54) (11 54) (11 53) (11 52) (12 52) (13 52) (14 52) (14 51) (15 51) 
Length: 15, 4
Vision: 3
Hungry, suplies: 1/10
Reproductive: 16, mutating: 0.25
Generation: 30755
####################################
Wall (up, right, down, left):
[14, -1, -18, 6] [0, -16, -17, -6] [-13, 5, 3, -7] [10, 9, 15, 8] [-15, 5, 29, -20] [-3, 5, 0, -17] [-30, -15, -20, -22]
[-6, -1, 19, -6] [12, 20, 5, 4] [-13, 11, 4, -13] [-23, 13, 7, 4] [21, 7, -6, -1] [-9, -13, 5, 3] [-18, -4, 17, -5]
[-5, 1, 45, -5] [-6, 13, -7, 7] [-13, 1, 21, -5] [-69, 18, 38, 28] [-39, -29, -28, 19] [-12, -24, 4, 23] [-24, -10, -11, -14]
[5, 10, -2, -54] [12, -1, 10, -29] [-5, 15, 2, -90] [0, 0, 0, 0] [34, -85, 22, 18] [15, -7, 7, 15] [3, 10, 12, -6]
[-15, -15, -12, -3] [16, 12, -12, 5] [-7, 10, -19, -8] [37, 21, -78, 21] [-2, -13, -19, 35] [-3, 11, -12, 4] [-25, -41, 3, 16]
[14, 13, 7, 7] [12, -1, -6, -22] [12, -8, 11, 0] [-13, 0, -21, 1] [2, 8, -12, 9] [23, -4, -19, 0] [30, 5, 6, 22]
[6, -3, -11, -19] [1, 1, -8, -6] [3, -1, 19, -5] [-12, 16, -26, -13] [30, 8, -10, 12] [22, -18, -30, 11] [-4, -6, 7, 1]
Food (up, right, down, left):
[25, 19, -7, 13] [-6, 8, -8, -35] [26, -15, -10, 14] [-8, -4, 17, 25] [-4, 19, 4, 0] [-2, -10, -2, -14] [-29, 19, -5, -7]
[-60, -5, -14, -24] [1, -5, -15, -20] [-10, 15, 5, 13] [-4, 14, -24, 26] [16, 9, 1, -44] [31, -12, -21, 8] [7, -7, 13, 16]
[-18, 18, 4, -29] [-12, -3, -5, 29] [-33, -21, -27, 12] [25, -28, 18, 0] [-11, -7, -6, -3] [-1, 0, -36, -35] [22, 26, 0, 30]
[11, -1, 12, 36] [-15, -9, -38, 25] [-9, -4, -25, -11] [0, 0, 0, 0] [-25, 53, -23, -4] [-29, -6, -20, 1] [-8, 20, -13, 13]
[-15, 19, -8, 13] [11, 8, 12, 19] [23, -8, 36, -8] [-20, -11, 17, -8] [-2, -3, 23, -35] [-11, 48, 19, 24] [13, -5, -8, -44]
[19, -8, 0, -6] [-3, 14, 31, 18] [5, 11, 10, 14] [-7, -18, 11, -20] [-24, -22, -7, -29] [-12, 22, -12, 21] [15, 45, 2, 21]
[-6, 5, -25, -7] [8, -4, 10, -29] [11, 15, 1, -12] [4, 17, 38, -40] [27, 36, -9, -9] [6, 26, 4, -8] [24, -29, 14, -22]
------------------------------
ALIVE
Head: (7 47)
Body: (7 47) (6 47) (5 47) (5 46) (4 46) (3 46) (3 45) (3 44) (3 43) (2 43) (1 43) (25 43) (24 43) 
Length: 13, 4
Vision: 3
Hungry, suplies: 3/10
Reproductive: 16, mutating: 0.25
Generation: 30756
####################################
Wall (up, right, down, left):
[14, -1, -18, 6] [0, -16, -17, -6] [-13, 5, 3, -7] [10, 9, 15, 8] [-15, 5, 29, -20] [-3, 5, 0, -18] [-30, -15, -20, -22]
[-6, 2, 19, -6] [12, 20, 5, 4] [-13, 11, 4, -13] [-23, 13, 7, 4] [21, 7, -6, -1] [-9, -13, 5, 3] [-18, -4, 20, -5]
[-5, 1, 45, -5] [-6, 12, -7, 7] [-13, 1, 21, -1] [-69, 18, 38, 28] [-39, -29, -28, 19] [-12, -24, 4, 23] [-24, -10, -11, -14]
[5, 10, -6, -54] [12, -1, 10, -29] [-5, 15, 2, -90] [0, 0, 0, 0] [34, -85, 22, 18] [15, -7, 7, 15] [3, 10, 12, -6]
[-15, -15, -12, -3] [16, 12, -12, 5] [-7, 10, -19, -8] [33, 21, -78, 21] [-2, -13, -19, 35] [-3, 11, -12, 4] [-25, -38, 3, 19]
[14, 13, 7, 7] [12, -1, -6, -22] [12, -8, 11, 0] [-13, 0, -21, 1] [2, 8, -12, 9] [23, -4, -19, 1] [30, 5, 6, 22]
[6, -3, -11, -23] [-4, 1, -8, -6] [3, -1, 19, -5] [-12, 16, -26, -13] [30, 8, -10, 12] [22, -18, -30, 11] [-4, -6, 7, 1]
Food (up, right, down, left):
[25, 19, -7, 13] [-6, 8, -8, -35] [26, -15, -10, 14] [-8, -4, 17, 25] [-4, 19, 4, 0] [-2, -10, -3, -14] [-29, 19, -5, -7]
[-60, -5, -14, -27] [1, -5, -15, -20] [-10, 15, 5, 13] [-4, 14, -24, 26] [16, 9, 1, -44] [31, -12, -21, 8] [9, -7, 13, 16]
[-18, 18, 4, -29] [-12, -3, -5, 31] [-33, -21, -30, 12] [25, -28, 18, 0] [-11, -7, -6, -3] [-1, 0, -36, -35] [22, 26, 0, 30]
[11, 0, 12, 36] [-15, -9, -38, 25] [-9, -4, -25, -11] [0, 0, 0, 0] [-25, 53, -23, -4] [-29, -6, -20, 1] [-8, 20, -13, 13]
[-15, 19, -8, 13] [11, 8, 12, 19] [23, -8, 36, -12] [-20, -8, 17, -8] [-2, -3, 23, -35] [-11, 48, 19, 24] [13, -6, -8, -44]
[19, -8, 0, -6] [-3, 14, 31, 18] [5, 11, 10, 14] [-7, -18, 11, -20] [-24, -22, -7, -29] [-12, 22, -12, 25] [15, 45, 2, 21]
[-6, 0, -25, -7] [6, -4, 10, -29] [11, 15, 1, -12] [4, 17, 38, -40] [27, 36, -9, -9] [6, 26, 4, -8] [24, -29, 14, -22]
------------------------------
ALIVE
Head: (2 12)
Body: (2 12) (2 11) (1 11) (25 11) (24 11) (23 11) (22 11) (22 10) (22 9) (21 9) 
Length: 10, 4
Vision: 3
Hungry, suplies: 9/10
Reproductive: 16, mutating: 0.25
Generation: 30761
####################################
Wall (up, right, down, left):
[14, -1, -18, 6] [0, -16, -17, -6] [-13, 5, 3, -7] [10, 9, 15, 8] [-15, 5, 29, -20] [-3, 5, 0, -18] [-30, -15, -20, -22]
[-6, 2, 19, -6] [12, 20, 5, 4] [-13, 11, 4, -13] [-23, 13, 7, 4] [21, 7, -6, -1] [-9, -13, 5, 3] [-18, -4, 20, -5]
[-5, 1, 45, -5] [-6, 12, -7, 7] [-13, 1, 21, -1] [-69, 18, 38, 28] [-39, -29, -28, 19] [-12, -24, 4, 23] [-24, -10, -11, -14]
[5, 10, -6, -54] [12, -1, 10, -29] [-5, 15, 2, -90] [0, 0, 0, 0] [34, -85, 22, 18] [15, -7, 7, 15] [3, 10, 12, -6]
[-15, -15, -12, -3] [16, 12, -12, 5] [-7, 10, -19, -8] [33, 21, -78, 21] [-2, -13, -19, 35] [-3, 11, -12, 4] [-25, -38, 3, 16]
[14, 13, 7, 7] [12, -1, -6, -22] [12, -8, 11, 0] [-13, 0, -21, 1] [2, 8, -12, 9] [23, -4, -19, 1] [30, 5, 6, 22]
[6, -3, -11, -23] [-4, 1, -8, -6] [3, -1, 19, -5] [-12, 16, -26, -13] [30, 8, -10, 12] [22, -18, -30, 11] [-4, -6, 7, 1]
Food (up, right, down, left):
[25, 19, -7, 13] [-6, 8, -8, -35] [26, -15, -10, 14] [-8, -4, 17, 25] [-4, 19, 4, 0] [-2, -10, -3, -14] [-29, 19, -5, -7]
[-60, -5, -14, -27] [1, -5, -15, -20] [-10, 15, 5, 13] [-4, 14, -24, 26] [16, 9, 1, -44] [31, -12, -21, 8] [9, -7, 13, 20]
[-18, 18, 4, -29] [-12, -3, -5, 31] [-33, -21, -30, 12] [25, -28, 18, 0] [-11, -7, -6, -3] [-1, 0, -36, -35] [22, 26, 0, 30]
[11, 0, 12, 36] [-15, -9, -38, 25] [-9, -4, -25, -11] [0, 0, 0, 0] [-25, 53, -23, -4] [-29, -6, -20, 1] [-8, 20, -13, 13]
[-15, 19, -8, 13] [11, 8, 12, 19] [23, -8, 36, -12] [-20, -8, 17, -8] [-2, -3, 23, -35] [-11, 48, 19, 24] [13, -9, -8, -44]
[19, -8, 0, -6] [-3, 14, 31, 18] [5, 11, 10, 14] [-7, -18, 11, -20] [-24, -22, -7, -29] [-12, 22, -12, 25] [15, 45, 2, 21]
[-6, 0, -25, -7] [6, -4, 10, -29] [11, 15, 1, -12] [4, 17, 38, -40] [27, 36, -9, -9] [6, 26, 4, -8] [24, -29, 14, -22]
------------------------------
ALIVE
Head: (6 11)
Body: (6 11) (5 11) (5 10) (4 10) (4 11) (4 12) (4 13) (3 13) (2 13) (1 13) (25 13) (24 13) 
Length: 12, 4
Vision: 3
Hungry, suplies: 3/10
Reproductive: 16, mutating: 0.25
Generation: 30758
####################################
Wall (up, right, down, left):
[14, -1, -18, 6] [0, -16, -17, -6] [-13, 5, 3, -7] [10, 9, 15, 8] [-15, 5, 29, -20] [-3, 5, 0, -18] [-30, -15, -20, -22]
[-6, 2, 19, -6] [12, 20, 5, 4] [-13, 11, 4, -13] [-20, 13, 7, 4] [21, 7, -6, -1] [-9, -13, 5, 3] [-18, -4, 20, -5]
[-5, 1, 45, -5] [-6, 12, -7, 7] [-13, 1, 21, -1] [-69, 18, 38, 28] [-39, -29, -28, 19] [-12, -24, 4, 23] [-24, -10, -11, -14]
[5, 10, -6, -54] [12, -1, 10, -29] [-5, 15, 2, -90] [0, 0, 0, 0] [34, -85, 22, 18] [15, -7, 7, 15] [3, 10, 12, -6]
[-15, -15, -12, -3] [16, 12, -12, 5] [-7, 10, -19, -8] [33, 21, -78, 21] [-2, -13, -19, 35] [-3, 11, -12, 4] [-25, -38, 3, 16]
[14, 13, 7, 7] [12, -1, -6, -22] [12, -8, 11, 0] [-13, 0, -21, 1] [2, 8, -12, 9] [23, -4, -19, 1] [30, 5, 6, 22]
[6, -3, -11, -23] [-4, 1, -8, -6] [3, -1, 19, -5] [-12, 16, -26, -13] [30, 8, -10, 12] [22, -18, -30, 11] [-4, -6, 7, 1]
Food (up, right, down, left):
[25, 19, -7, 13] [-6, 8, -8, -35] [26, -15, -10, 14] [-8, -4, 17, 25] [-4, 19, 4, 0] [-2, -10, -3, -14] [-29, 19, -5, -7]
[-60, -5, -14, -27] [1, -5, -15, -20] [-10, 15, 5, 13] [-4, 14, -24, 28] [16, 9, 1, -44] [31, -12, -21, 8] [9, -7, 13, 20]
[-18, 18, 4, -29] [-12, -3, -5, 31] [-33, -21, -30, 12] [25, -28, 18, 0] [-11, -7, -6, -3] [-1, 0, -36, -35] [22, 26, 0, 30]
[11, 0, 12, 36] [-15, -9, -38, 25] [-9, -4, -25, -11] [0, 0, 0, 0] [-25, 53, -23, -4] [-29, -6, -20, 1] [-8, 20, -13, 13]
[-15, 19, -8, 13] [11, 8, 12, 19] [23, -8, 36, -12] [-20, -8, 17, -8] [-2, -3, 23, -35] [-11, 48, 19, 24] [13, -9, -8, -44]
[19, -8, 0, -6] [-3, 14, 31, 18] [5, 11, 10, 14] [-7, -18, 11, -20] [-24, -22, -7, -29] [-12, 22, -12, 25] [15, 45, 2, 21]
[-6, 0, -25, -7] [6, -4, 10, -29] [11, 15, 1, -12] [4, 17, 38, -40] [27, 36, -9, -9] [6, 26, 4, -8] [24, -29, 14, -22]
------------------------------
ALIVE
Head: (3 18)
Body: (3 18) (4 18) (5 18) (6 18) (7 18) (8 18) (9 18) (9 17) (8 17) (8 16) (7 16) (7 15) (7 14) 
Length: 13, 4
Vision: 3
Hungry, suplies: 4/10
Reproductive: 16, mutating: 0.25
Generation: 30758
####################################
Wall (up, right, down, left):
[14, -1, -18, 6] [0, -16, -17, -6] [-13, 5, 3, -7] [10, 9, 15, 8] [-15, 5, 29, -20] [-3, 5, 0, -18] [-30, -15, -20, -22]
[-6, 2, 19, -6] [12, 20, 5, 4] [-13, 11, 4, -13] [-23, 13, 7, 4] [21, 7, -6, -1] [-9, -13, 5, 3] [-18, -4, 20, -5]
[-5, 1, 45, -5] [-6, 12, -7, 7] [-13, 1, 21, -1] [-69, 18, 38, 28] [-39, -29, -28, 19] [-12, -24, 4, 23] [-24, -10, -11, -14]
[5, 10, -6, -54] [12, -1, 10, -29] [-5, 15, 2, -90] [0, 0, 0, 0] [34, -85, 22, 18] [15, -7, 7, 15] [3, 10, 12, -6]
[-15, -15, -12, -3] [16, 12, -12, 5] [-7, 10, -19, -8] [33, 21, -78, 21] [-2, -13, -19, 35] [-3, 11, -12, 4] [-25, -38, 3, 16]
[14, 13, 7, 7] [12, -1, -6, -22] [12, -8, 11, 0] [-13, 0, -21, 1] [2, 8, -12, 9] [23, -4, -19, 1] [30, 5, 6, 22]
[6, -3, -11, -23] [-4, 1, -8, -6] [3, -1, 19, -5] [-12, 16, -26, -13] [30, 8, -10, 12] [22, -18, -30, 11] [-4, -6, 7, 1]
Food (up, right, down, left):
[25, 19, -7, 13] [-6, 8, -8, -35] [26, -15, -10, 14] [-8, -4, 17, 25] [-4, 19, 4, 0] [-2, -10, -3, -14] [-29, 19, -5, -7]
[-60, -5, -14, -27] [1, -5, -15, -20] [-10, 15, 5, 13] [-4, 14, -24, 26] [16, 9, 1, -44] [31, -12, -21, 8] [9, -7, 13, 16]
[-18, 18, 4, -29] [-12, -3, -5, 31] [-33, -21, -30, 12] [25, -28, 18, 0] [-11, -7, -6, -3] [-1, 0, -36, -35] [22, 26, 0, 30]
[11, 0, 12, 36] [-15, -9, -38, 25] [-9, -4, -25, -11] [0, 0, 0, 0] [-25, 53, -23, -4] [-29, -6, -20, 1] [-8, 20, -13, 13]
[-15, 19, -8, 13] [11, 8, 12, 19] [23, -8, 36, -12] [-20, -8, 17, -8] [-2, -3, 23, -35] [-11, 48, 19, 24] [13, -9, -8, -44]
[19, -8, 0, -6] [-3, 14, 31, 18] [5, 11, 10, 14] [-7, -18, 11, -20] [-24, -22, -7, -29] [-12, 22, -12, 25] [15, 45, 2, 21]
[-6, 0, -25, -7] [6, -4, 10, -29] [11, 15, 1, -12] [4, 17, 38, -40] [27, 36, -9, -9] [6, 26, 4, -8] [24, -29, 14, -22]
------------------------------
ALIVE
Head: (1 5)
Body: (1 5) (1 4) (0 4) (25 5) (24 5) (23 5) (23 4) (23 3) 
Length: 8, 4
Vision: 3
Hungry, suplies: 6/10
Reproductive: 16, mutating: 0.25
Generation: 30755
####################################
Wall (up, right, down, left):
[14, -1, -18, 6] [0, -16, -17, -6] [-13, 5, 3, -7] [10, 9, 15, 8] [-15, 5, 29, -20] [-3, 5, 0, -18] [-30, -15, -20, -22]
[-6, 2, 19, -6] [12, 20, 5, 4] [-13, 11, 4, -13] [-23, 13, 7, 4] [21, 7, -6, -1] [-9, -13, 5, 3] [-18, -4, 20, -5]
[-5, 1, 45, -5] [-6, 12, -7, 7] [-13, 1, 21, -1] [-69, 18, 38, 28] [-39, -29, -28, 19] [-12, -24, 4, 23] [-24, -10, -11, -14]
[5, 10, -6, -54] [12, -1, 10, -29] [-5, 15, 2, -90] [0, 0, 0, 0] [34, -85, 22, 18] [15, -7, 7, 15] [3, 13, 12, -6]
[-15, -15, -12, -3] [16, 12, -12, 5] [-7, 10, -19, -8] [33, 21, -78, 21] [-2, -13, -19, 35] [-3, 11, -12, 4] [-25, -38, 3, 16]
[14, 13, 7, 7] [12, -1, -6, -22] [12, -8, 11, 0] [-13, 0, -21, 1] [2, 8, -12, 9] [23, -4, -19, 1] [30, 5, 6, 22]
[6, -3, -11, -23] [-4, 1, -8, -6] [3, -1, 19, -5] [-12, 16, -26, -13] [30, 8, -10, 12] [22, -18, -30, 11] [-4, -6, 7, 2]
Food (up, right, down, left):
[25, 19, -7, 13] [-6, 8, -8, -35] [26, -15, -10, 14] [-8, -4, 17, 25] [-4, 19, 4, 0] [-2, -10, -3, -14] [-29, 19, -5, -7]
[-60, -5, -14, -27] [1, -5, -15, -20] [-10, 15, 5, 13] [-4, 14, -24, 26] [16, 9, 1, -44] [31, -12, -21, 8] [9, -7, 13, 20]
[-18, 18, 4, -29] [-12, -3, -5, 31] [-33, -21, -30, 12] [25, -28, 18, 0] [-11, -7, -6, -3] [-1, 0, -36, -35] [22, 26, 0, 30]
[11, 0, 12, 36] [-15, -9, -38, 25] [-9, -4, -25, -11] [0, 0, 0, 0] [-25, 53, -23, -4] [-29, -6, -20, 1] [-8, 20, -13, 11]
[-15, 19, -8, 13] [11, 8, 12, 19] [23, -8, 36, -12] [-20, -8, 17, -8] [-2, -3, 23, -35] [-11, 48, 19, 24] [13, -9, -8, -44]
[19, -8, 0, -6] [-3, 14, 31, 18] [5, 11, 10, 14] [-7, -18, 11, -20] [-24, -22, -7, -29] [-12, 22, -12, 25] [15, 45, 2, 21]
[-6, 0, -25, -7] [6, -4, 10, -29] [11, 15, 1, -12] [4, 17, 38, -40] [27, 36, -9, -9] [6, 26, 4, -8] [24, -34, 14, -22]
------------------------------
ALIVE
Head: (15 45)
Body: (15 45) (14 45) (14 44) (13 44) (12 44) (12 43) (12 42) (12 41) (12 40) (12 39) (12 38) (12 37) 
Length: 12, 4
Vision: 3
Hungry, suplies: 9/10
Reproductive: 16, mutating: 0.25
Generation: 30761
####################################
Wall (up, right, down, left):
[14, -1, -18, 6] [0, -16, -17, -6] [-13, 5, 3, -7] [10, 9, 15, 8] [-15, 5, 29, -20] [-3, 5, 0, -18] [-30, -15, -20, -22]
[-6, 2, 19, -6] [12, 20, 5, 4] [-13, 11, 4, -13] [-23, 13, 7, 4] [21, 7, -6, -1] [-9, -13, 5, 3] [-18, -4, 20, -5]
[-5, 1, 45, -5] [-6, 12, -7, 7] [-13, 1, 21, -1] [-69, 18, 38, 28] [-39, -29, -28, 19] [-12, -24, 4, 23] [-24, -10, -11, -14]
[5, 10, -6, -54] [12, -1, 10, -29] [-5, 15, 2, -90] [0, 0, 0, 0] [34, -85, 22, 18] [15, -7, 7, 15] [3, 10, 12, -6]
[-15, -15, -12, -3] [16, 12, -12, 5] [-7, 10, -19, -8] [33, 21, -78, 21] [-2, -13, -19, 35] [-3, 11, -12, 4] [-25, -38, 3, 16]
[14, 13, 7, 7] [12, -1, -6, -22] [12, -8, 11, 0] [-13, 0, -21, 1] [2, 8, -12, 9] [23, -4, -19, 1] [30, 5, 6, 22]
[6, -3, -11, -23] [-4, 1, -8, -6] [3, -1, 19, -5] [-12, 16, -26, -13] [30, 8, -10, 12] [22, -18, -30, 11] [-4, -6, 7, 1]
Food (up, right, down, left):
[25, 19, -7, 13] [-6, 8, -8, -35] [26, -15, -10, 14] [-8, -4, 17, 25] [-4, 19, 4, 0] [-2, -10, -3, -14] [-29, 19, -5, -7]
[-60, -5, -14, -27] [1, -5, -15, -20] [-10, 15, 5, 13] [-4, 14, -24, 26] [16, 9, 1, -44] [31, -12, -21, 8] [9, -7, 13, 16]
[-18, 18, 4, -29] [-12, -3, -5, 31] [-33, -21, -30, 12] [25, -28, 18, 0] [-11, -7, -6, -3] [-1, 0, -36, -35] [22, 26, 0, 30]
[11, 0, 12, 36] [-15, -9, -38, 25] [-9, -4, -25, -11] [0, 0, 0, 0] [-25, 53, -23, -4] [-29, -6, -20, 1] [-8, 20, -13, 13]
[-15, 19, -8, 13] [11, 8, 12, 19] [23, -8, 36, -12] [-20, -8, 17, -8] [-2, -3, 23, -35] [-11, 48, 19, 24] [13, -9, -8, -44]
[19, -8, 0, -6] [-3, 14, 31, 18] [5, 11, 10, 14] [-7, -18, 11, -20] [-24, -22, -7, -29] [-12, 22, -12, 25] [15, 45, 2, 21]
[-6, 0, -25, -7] [6, -4, 10, -29] [11, 15, 1, -12] [4, 17, 38, -40] [27, 36, -9, -9] [6, 26, 4, -8] [24, -29, 14, -22]
------------------------------
ALIVE
Head: (13 2)
Body: (13 2) (12 2) (12 1) (12 57) (12 56) (12 55) (13 55) (13 56) (14 -1) (14 0) 
Length: 10, 4
Vision: 3
Hungry, suplies: 9/10
Reproductive: 16, mutating: 0.25
Generation: 30757
####################################
Wall (up, right, down, left):
[14, -1, -18, 6] [0, -16, -17, -6] [-13, 5, 3, -7] [10, 9, 15, 8] [-15, 5, 29, -20] [-3, 5, 0, -17] [-30, -15, -20, -22]
[-6, -1, 19, -6] [12, 20, 5, 4] [-13, 11, 4, -13] [-23, 13, 7, 4] [21, 7, -6, -1] [-9, -13, 5, 3] [-18, -4, 17, -5]
[-5, 1, 45, -5] [-6, 13, -7, 7] [-13, 1, 21, -5] [-69, 18, 38, 28] [-39, -29, -28, 19] [-12, -24, 4, 23] [-24, -10, -11, -14]
[5, 10, -2, -54] [12, -1, 10, -29] [-5, 15, 2, -90] [0, 0, 0, 0] [34, -85, 22, 18] [15, -7, 7, 15] [3, 10, 12, -6]
[-15, -15, -12, -3] [16, 12, -12, 5] [-7, 10, -19, -8] [37, 21, -78, 21] [-2, -13, -19, 35] [-3, 11, -12, 4] [-25, -41, 3, 16]
[14, 13, 7, 7] [12, -1, -6, -22] [12, -8, 11, 0] [-13, 0, -21, 1] [2, 8, -12, 9] [23, -4, -19, 0] [30, 5, 6, 22]
[6, -3, -11, -19] [1, 1, -8, -6] [3, -1, 19, -5] [-12, 16, -26, -13] [30, 8, -10, 12] [22, -18, -30, 11] [-4, -6, 7, 1]
Food (up, right, down, left):
[25, 19, -7, 13] [-6, 8, -8, -35] [26, -15, -10, 14] [-8, -4, 17, 25] [-4, 19, 4, 0] [-2, -10, -2, -14] [-29, 19, -5, -7]
[-60, -5, -14, -24] [1, -5, -15, -20] [-10, 15, 5, 13] [-4, 14, -24, 26] [16, 9, 1, -44] [31, -12, -21, 8] [7, -7, 13, 16]
[-18, 18, 4, -29] [-12, -3, -5, 29] [-33, -21, -27, 12] [25, -28, 18, 0] [-11, -7, -6, -3] [-1, 0, -36, -35] [22, 26, 0, 30]
[11, -1, 12, 36] [-15, -9, -38, 25] [-9, -4, -25, -11] [0, 0, 0, 0] [-25, 53, -23, -4] [-29, -6, -20, 1] [-8, 20, -13, 13]
[-15, 19, -8, 13] [11, 8, 12, 19] [23, -8, 36, -8] [-20, -11, 17, -8] [-2, -3, 23, -35] [-11, 48, 19, 24] [13, -5, -8, -44]
[19, -8, 0, -6] [-3, 14, 31, 18] [5, 11, 10, 14] [-7, -18, 11, -20] [-24, -22, -7, -29] [-12, 22, -12, 21] [15, 45, 2, 21]
[-6, 5, -25, -7] [8, -4, 10, -29] [11, 15, 1, -12] [4, 17, 38, -40] [27, 36, -9, -9] [6, 26, 4, -8] [24, -29, 14, -22]
------------------------------
ALIVE
Head: (17 30)
Body: (17 30) (16 30) (16 29) (16 28) (16 27) (16 26) (16 25) (16 24) (16 23) (17 23) 
Length: 10, 4
Vision: 3
Hungry, suplies: 7/10
Reproductive: 16, mutating: 0.25
Generation: 30756
####################################
Wall (up, right, down, left):
[14, -1, -18, 6] [0, -16, -17, -6] [-13, 5, 3, -7] [10, 9, 15, 8] [-15, 5, 29, -20] [-3, 5, 0, -18] [-30, -15, -20, -22]
[-6, 2, 19, -6] [12, 20, 5, 4] [-13, 11, 4, -13] [-23, 13, 7, 4] [21, 7, -6, -1] [-9, -13, 5, 3] [-18, -4, 20, -5]
[-5, 1, 45, -5] [-6, 12, -7, 7] [-13, 1, 21, -1] [-69, 18, 38, 28] [-39, -29, -28, 19] [-12, -24, 4, 23] [-24, -10, -11, -14]
[5, 10, -6, -54] [12, -1, 10, -29] [-5, 15, 2, -90] [0, 0, 0, 0] [34, -85, 22, 18] [15, -7, 7, 15] [3, 10, 12, -6]
[-15, -15, -12, -3] [16, 12, -12, 5] [-7, 10, -19, -8] [33, 21, -78, 21] [-2, -13, -19, 35] [-3, 11, -12, 4] [-25, -38, 3, 16]
[14, 13, 7, 7] [12, -1, -6, -22] [12, -8, 11, 0] [-13, 0, -21, 1] [2, 8, -12, 9] [23, -4, -19, 1] [30, 5, 6, 22]
[6, -3, -11, -23] [-4, 1, -8, -6] [3, -1, 19, -5] [-12, 16, -26, -13] [30, 8, -10, 12] [22, -18, -30, 11] [-4, -6, 7, 1]
Food (up, right, down, left):
[25, 19, -7, 13] [-6, 8, -8, -35] [26, -15, -10, 14] [-8, -4, 17, 25] [-4, 19, 4, 0] [-2, -10, -3, -14] [-29, 19, -5, -7]
[-60, -5, -14, -27] [1, -5, -15, -20] [-10, 15, 5, 13] [-4, 14, -24, 26] [16, 9, 1, -44] [31, -12, -21, 8] [9, -7, 13, 16]
[-18, 18, 4, -29] [-12, -3, -5, 31] [-33, -21, -30, 12] [25, -28, 18, 0] [-11, -7, -6, -3] [-1, 0, -36, -35] [22, 26, 0, 30]
[11, 0, 12, 36] [-15, -9, -38, 25] [-9, -4, -25, -11] [0, 0, 0, 0] [-25, 53, -23, -4] [-29, -6, -20, 1] [-8, 20, -13, 13]
[-15, 19, -8, 13] [11, 8, 12, 19] [23, -8, 36, -12] [-20, -8, 17, -8] [-2, -3, 23, -35] [-11, 48, 19, 24] [13, -9, -8, -44]
[19, -8, 0, -6] [-3, 14, 31, 18] [5, 11, 10, 14] [-7, -18, 11, -20] [-24, -22, -7, -29] [-12, 22, -12, 25] [15, 45, 2, 21]
[-6, 0, -25, -7] [6, -4, 10, -29] [11, 15, 1, -12] [4, 17, 38, -40] [27, 36, -9, -9] [6, 26, 4, -8] [24, -29, 14, -22]
------------------------------
ALIVE
Head: (14 32)
Body: (14 32) (15 32) (15 33) (15 34) (15 35) (15 36) (16 36) (16 37) (16 38) (15 38) (14 38) 
Length: 11, 4
Vision: 3
Hungry, suplies: 2/10
Reproductive: 16, mutating: 0.25
Generation: 30756
####################################
Wall (up, right, down, left):
[14, -1, -18, 6] [0, -16, -17, -6] [-13, 5, 3, -7] [10, 9, 15, 8] [-15, 5, 29, -20] [-3, 5, 0, -18] [-30, -15, -20, -22]
[-6, 2, 19, -6] [12, 20, 5, 4] [-13, 11, 4, -13] [-23, 13, 7, 4] [21, 7, -6, -1] [-9, -13, 5, 3] [-18, -4, 20, -5]
[-5, 1, 45, -5] [-6, 12, -7, 7] [-13, 1, 21, -1] [-69, 18, 38, 28] [-39, -29, -28, 19] [-12, -24, 4, 23] [-24, -10, -11, -14]
[5, 10, -6, -54] [12, -1, 10, -29] [-5, 15, 2, -90] [0, 0, 0, 0] [34, -85, 22, 18] [15, -7, 7, 15] [3, 10, 12, -6]
[-15, -15, -12, -3] [16, 12, -12, 5] [-7, 10, -19, -8] [33, 21, -78, 21] [-2, -13, -19, 35] [-3, 11, -12, 4] [-25, -38, 3, 16]
[14, 13, 7, 7] [12, -1, -6, -22] [12, -8, 11, 0] [-13, 0, -21, 1] [2, 8, -12, 9] [23, -4, -19, 1] [30, 5, 6, 22]
[6, -3, -11, -23] [-4, 1, -8, -6] [3, -1, 19, -5] [-12, 16, -26, -13] [30, 8, -10, 12] [22, -18, -30, 11] [-4, -6, 7, 1]
Food (up, right, down, left):
[25, 19, -7, 13] [-6, 8, -8, -35] [26, -15, -10, 14] [-8, -4, 17, 25] [-4, 19, 4, 0] [-2, -10, -3, -14] [-29, 19, -5, -7]
[-60, -5, -14, -27] [1, -5, -15, -20] [-10, 15, 5, 13] [-4, 14, -24, 26] [16, 9, 1, -44] [31, -12, -21, 8] [9, -7, 13, 20]
[-18, 18, 4, -29] [-12, -3, -5, 31] [-33, -21, -30, 12] [25, -28, 18, 0] [-11, -7, -6, -3] [-1, 0, -36, -35] [22, 26, 0, 30]
[11, 0, 12, 36] [-15, -9, -38, 25] [-9, -4, -25, -11] [0, 0, 0, 0] [-25, 53, -23, -4] [-29, -6, -20, 1] [-8, 20, -13, 13]
[-15, 19, -8, 13] [11, 8, 12, 19] [23, -8, 36, -12] [-20, -8, 17, -8] [-2, -3, 23, -35] [-11, 48, 19, 24] [13, -9, -8, -44]
[19, -8, 0, -6] [-3, 14, 31, 18] [5, 11, 10, 14] [-7, -18, 11, -20] [-24, -22, -7, -29] [-12, 22, -12, 25] [15, 45, 2, 21]
[-6, 0, -25, -7] [6, -4, 10, -29] [11, 15, 1, -12] [4, 17, 38, -40] [27, 36, -9, -9] [6, 26, 4, -8] [24, -29, 14, -22]
------------------------------
ALIVE
Head: (11 46)
Body: (11 46) (11 45) (11 44) (11 43) (10 43) (9 43) (9 42) (9 41) (9 40) (9 39) 
Length: 10, 4
Vision: 3
Hungry, suplies: 10/10
Reproductive: 16, mutating: 0.25
Generation: 30758
####################################
Wall (up, right, down, left):
[14, -1, -18, 6] [0, -16, -17, -6] [-13, 5, 3, -7] [10, 9, 15, 8] [-15, 5, 29, -20] [-3, 5, 0, -18] [-30, -15, -20, -22]
[-6, 2, 19, -6] [15, 20, 5, 4] [-13, 11, 4, -13] [-23, 13, 7, 9] [21, 7, -6, -1] [-9, -13, 5, 3] [-18, -2, 20, -5]
[-5, 1, 45, -5] [-6, 13, -7, 7] [-13, 1, 21, -5] [-69, 18, 38, 28] [-39, -29, -28, 19] [-12, -24, 4, 23] [-24, -10, -11, -14]
[5, 10, -2, -49] [12, -1, 10, -29] [-5, 15, 2, -90] [0, 0, 0, 0] [32, -85, 22, 18] [15, -7, 7, 15] [3, 10, 12, -6]
[-15, -15, -12, -3] [16, 12, -12, 5] [-7, 10, -19, -8] [37, 21, -78, 21] [-2, -13, -23, 35] [-3, 11, -12, 4] [-25, -41, 3, 16]
[19, 13, 7, 7] [12, -1, -6, -22] [12, -8, 11, 0] [-13, 0, -21, 1] [2, 8, -12, 9] [23, -4, -19, 0] [30, 5, 6, 22]
[6, -8, -11, -19] [1, 1, -8, -6] [3, -1, 19, -5] [-12, 16, -26, -13] [30, 8, -10, 8] [22, -18, -30, 11] [-4, -6, 7, 1]
Food (up, right, down, left):
[25, 19, -7, 13] [-6, 8, -8, -35] [26, -15, -10, 14] [-8, -4, 17, 25] [-4, 19, 4, 0] [-2, -10, -3, -14] [-29, 19, -5, -7]
[-60, -5, -14, -27] [-2, -5, -15, -20] [-10, 15, 5, 13] [-4, 14, -24, 25] [16, 9, 1, -44] [31, -12, -21, 8] [9, -3, 13, 16]
[-18, 18, 4, -29] [-12, -3, -5, 29] [-33, -21, -27, 12] [25, -28, 18, 0] [-11, -7, -6, -3] [-1, 0, -36, -35] [22, 26, 0, 30]
[11, 4, 12, 36] [-15, -9, -38, 25] [-9, -4, -25, -11] [0, 0, 0, 0] [-25, 53, -23, 1] [-29, -6, -20, 1] [-8, 20, -13, 13]
[-15, 19, -8, 13] [11, 8, 12, 19] [23, -8, 36, -8] [-20, -11, 17, -8] [0, -3, 23, -35] [-11, 48, 19, 24] [13, -5, -8, -44]
[19, -8, 2, -6] [-3, 14, 31, 18] [5, 11, 10, 14] [-7, -18, 11, -20] [-24, -22, -7, -29] [-12, 22, -12, 21] [15, 45, 2, 21]
[-6, 5, -25, -7] [8, -4, 10, -29] [11, 15, 1, -12] [4, 17, 38, -40] [27, 33, -9, -9] [6, 26, 4, -8] [24, -29, 14, -22]
------------------------------
ALIVE
Head: (3 17)
Body: (3 17) (4 17) (4 16) (3 16) (2 16) (2 15) (1 15) 
Length: 7, 4
Vision: 3
Hungry, suplies: 10/10
Reproductive: 16, mutating: 0.25
Generation: 30753
####################################
Wall (up, right, down, left):
[14, -1, -18, 1] [0, -16, -17, -6] [-13, 5, 3, -7] [10, 9, 15, 8] [-15, 5, 29, -20] [-3, 5, 0, -18] [-30, -15, -20, -22]
[-6, 2, 19, -6] [12, 20, 5, 4] [-13, 11, 4, -13] [-23, 13, 7, 4] [21, 7, -6, -1] [-9, -13, 4, 3] [-18, -4, 20, -5]
[-5, 1, 45, -5] [-6, 12, -7, 7] [-13, 1, 21, -1] [-69, 18, 38, 28] [-39, -29, -28, 19] [-12, -24, 4, 23] [-24, -10, -11, -14]
[5, 10, -6, -54] [12, -1, 10, -29] [-5, 15, 2, -90] [0, 0, 0, 0] [34, -85, 22, 18] [15, -7, 7, 15] [3, 10, 12, -6]
[-15, -15, -12, -3] [16, 12, -12, 5] [-7, 10, -19, -8] [33, 21, -78, 21] [-2, -13, -19, 35] [-3, 11, -12, 4] [-25, -38, 3, 16]
[14, 13, 7, 7] [12, -1, -6, -22] [12, -8, 11, 0] [-13, 0, -21, 1] [2, 8, -12, 9] [23, -4, -19, 1] [30, 5, 6, 22]
[6, -3, -11, -23] [-4, 1, -8, -6] [3, -1, 19, -5] [-12, 16, -26, -13] [30, 8, -10, 12] [22, -18, -30, 11] [-4, -6, 7, 1]
Food (up, right, down, left):
[25, 19, -9, 13] [-6, 8, -8, -35] [26, -15, -10, 14] [-8, -4, 17, 25] [-4, 19, 4, 0] [-2, -10, -3, -14] [-29, 19, -5, -7]
[-60, -5, -14, -27] [1, -5, -15, -20] [-10, 15, 5, 13] [-4, 14, -24, 26] [16, 9, 1, -44] [31, -12, -21, 10] [9, -7, 13, 20]
[-18, 18, 4, -29] [-12, -3, -5, 31] [-33, -21, -30, 12] [25, -28, 18, 0] [-11, -7, -6, -3] [-1, 0, -36, -35] [22, 26, 0, 30]
[11, 0, 12, 36] [-15, -9, -38, 25] [-9, -4, -25, -11] [0, 0, 0, 0] [-25, 53, -23, -4] [-29, -6, -20, 1] [-8, 20, -13, 13]
[-15, 19, -8, 13] [11, 8, 12, 19] [23, -8, 36, -12] [-20, -8, 17, -8] [-2, -3, 23, -35] [-11, 48, 19, 24] [13, -9, -8, -44]
[19, -8, 0, -6] [-3, 14, 31, 18] [5, 11, 10, 14] [-7, -18, 11, -20] [-24, -22, -7, -29] [-12, 22, -12, 25] [15, 45, 2, 21]
[-6, 0, -25, -7] [6, -4, 10, -29] [11, 15, 1, -12] [4, 17, 38, -40] [27, 36, -9, -9] [6, 26, 4, -8] [24, -29, 14, -22]
------------------------------
ALIVE
Head: (19 26)
Body: (19 26) (19 25) (19 24) (20 24) (20 23) (20 22) (20 21) (20 20) (20 19) 
Length: 9, 4
Vision: 3
Hungry, suplies: 5/10
Reproductive: 16, mutating: 0.25
Generation: 30761
####################################
Wall (up, right, down, left):
[14, -1, -18, 6] [0, -16, -17, -6] [-13, 5, 3, -7] [10, 9, 15, 8] [-15, 5, 29, -20] [-3, 5, 0, -18] [-30, -15, -20, -22]
[-6, 2, 19, -6] [12, 20, 5, 4] [-13, 11, 4, -13] [-23, 13, 7, 4] [21, 7, -6, -1] [-9, -13, 5, 3] [-22, -4, 20, -5]
[-5, 1, 45, -5] [-6, 12, -7, 7] [-13, 1, 21, -1] [-69, 18, 38, 28] [-39, -29, -28, 19] [-12, -24, 4, 23] [-24, -10, -11, -14]
[5, 10, -6, -54] [12, -1, 10, -29] [-5, 15, 2, -90] [0, 0, 0, 0] [34, -85, 22, 18] [15, -7, 7, 15] [3, 10, 12, -6]
[-15, -15, -12, -3] [16, 12, -12, 5] [-7, 10, -19, -8] [33, 21, -78, 21] [-2, -13, -19, 35] [-3, 11, -12, 4] [-25, -38, 3, 16]
[14, 13, 7, 7] [12, -1, -6, -22] [12, -8, 11, 0] [-13, 0, -21, 1] [2, 8, -12, 9] [23, -4, -19, 1] [30, 5, 6, 22]
[6, -3, -11, -23] [-4, 1, -8, -6] [3, -1, 19, -5] [-12, 16, -26, -13] [30, 8, -10, 12] [22, -18, -30, 11] [-4, -6, 7, 1]
Food (up, right, down, left):
[25, 19, -7, 13] [-6, 8, -8, -35] [26, -15, -10, 14] [-8, -4, 17, 25] [-4, 19, 4, 0] [-2, -10, -3, -14] [-29, 19, -5, -7]
[-60, -5, -14, -27] [1, -5, -15, -20] [-10, 15, 5, 13] [-4, 14, -24, 26] [16, 9, 1, -44] [31, -12, -21, 8] [9, -6, 13, 16]
[-18, 18, 4, -29] [-12, -3, -5, 31] [-33, -21, -30, 12] [25, -28, 18, 0] [-11, -7, -6, -3] [-1, 0, -36, -35] [22, 26, 0, 30]
[11, 0, 12, 36] [-15, -9, -38, 25] [-9, -4, -25, -11] [0, 0, 0, 0] [-25, 53, -23, -4] [-29, -6, -20, 1] [-8, 20, -13, 13]
[-15, 19, -8, 13] [11, 8, 12, 19] [23, -8, 36, -12] [-20, -8, 17, -8] [-2, -3, 23, -35] [-11, 48, 19, 24] [13, -9, -8, -44]
[19, -8, 0, -6] [-3, 14, 31, 18] [5, 11, 10, 14] [-7, -18, 11, -20] [-24, -22, -7, -29] [-12, 22, -12, 25] [15, 45, 2, 21]
[-6, 0, -25, -7] [6, -4, 10, -29] [11, 15, 1, -12] [4, 17, 38, -40] [27, 36, -9, -9] [6, 26, 4, -8] [24, -29, 14, -22]
------------------------------
ALIVE
Head: (21 49)
Body: (21 49) (21 50) (22 50) (22 51) (21 51) (21 52) (21 53) (21 54) (20 54) 
Length: 9, 4
Vision: 3
Hungry, suplies: 7/10
Reproductive: 16, mutating: 0.25
Generation: 30757
####################################
Wall (up, right, down, left):
[14, -1, -18, 6] [0, -16, -17, -6] [-13, 5, 3, -7] [10, 9, 15, 8] [-15, 5, 29, -20] [-3, 5, 0, -18] [-30, -15, -20, -22]
[-6, 2, 19, -6] [12, 20, 5, 4] [-13, 11, 4, -13] [-23, 13, 7, 4] [21, 7, -6, -1] [-9, -13, 5, 3] [-18, -4, 20, -5]
[-5, 1, 45, -5] [-6, 12, -7, 7] [-13, 1, 21, -1] [-69, 18, 38, 28] [-39, -29, -28, 19] [-12, -24, 4, 23] [-24, -10, -11, -14]
[5, 10, -6, -54] [12, -1, 10, -29] [-5, 15, 2, -90] [0, 0, 0, 0] [34, -85, 22, 18] [15, -7, 7, 15] [3, 10, 12, -6]
[-15, -15, -12, -3] [16, 12, -12, 5] [-7, 10, -19, -8] [33, 21, -78, 21] [-2, -13, -19, 35] [-3, 11, -12, 4] [-25, -38, 3, 16]
[14, 13, 7, 7] [12, -1, -6, -22] [12, -8, 11, 0] [-13, 0, -21, 1] [2, 8, -12, 9] [23, -4, -19, 1] [30, 5, 6, 22]
[6, -3, -11, -23] [-4, 1, -8, -6] [3, -1, 19, -5] [-12, 16, -26, -13] [30, 8, -10, 12] [22, -18, -30, 11] [-4, -6, 7, 1]
Food (up, right, down, left):
[25, 19, -7, 13] [-6, 8, -8, -35] [26, -15, -10, 14] [-8, -4, 17, 25] [-4, 19, 4, 0] [-2, -10, -3, -14] [-29, 19, -5, -7]
[-60, -5, -14, -27] [1, -5, -15, -20] [-10, 15, 5, 13] [-4, 14, -24, 26] [16, 9, 1, -44] [31, -12, -21, 8] [9, -7, 13, 16]
[-18, 18, 4, -29] [-12, -3, -5, 31] [-33, -21, -30, 12] [25, -28, 18, 0] [-11, -7, -6, -3] [-1, 0, -36, -35] [22, 26, 0, 30]
[11, 0, 12, 36] [-15, -9, -38, 25] [-9, -4, -25, -11] [0, 0, 0, 0] [-25, 53, -23, -4] [-29, -6, -20, 1] [-8, 20, -13, 13]
[-15, 19, -8, 13] [11, 8, 12, 19] [23, -8, 36, -12] [-20, -8, 17, -8] [-2, -3, 23, -35] [-11, 48, 19, 24] [13, -9, -8, -44]
[19, -8, 0, -6] [-3, 14, 31, 18] [5, 11, 10, 14] [-7, -18, 11, -20] [-24, -22, -7, -29] [-12, 22, -12, 25] [15, 45, 2, 21]
[-6, 0, -25, -7] [6, -4, 10, -29] [11, 15, 1, -12] [4, 17, 38, -40] [27, 36, -9, -9] [6, 26, 4, -8] [24, -29, 14, -22]
------------------------------
ALIVE
Head: (5 45)
Body: (5 45) (5 44) (5 43) (6 43) (6 42) (6 41) (5 41) (4 41) (4 40) (3 40) (2 40) (2 39) (2 38) 
Length: 13, 4
Vision: 3
Hungry, suplies: 10/10
Reproductive: 16, mutating: 0.25
Generation: 30756
####################################
Wall (up, right, down, left):
[14, -1, -18, 6] [0, -16, -17, -6] [-13, 5, 3, -7] [10, 9, 15, 8] [-15, 5, 29, -20] [-3, 5, 0, -18] [-30, -15, -20, -22]
[-6, 2, 19, -6] [12, 20, 5, 4] [-13, 11, 4, -13] [-23, 13, 7, 4] [21, 7, -6, -1] [-9, -13, 5, 3] [-18, -4, 20, -5]
[-5, 1, 45, -5] [-6, 12, -7, 7] [-13, 1, 21, -1] [-69, 18, 38, 28] [-39, -29, -28, 19] [-12, -24, 4, 23] [-24, -10, -11, -14]
[5, 10, -6, -54] [12, -1, 10, -29] [-5, 15, 2, -90] [0, 0, 0, 0] [34, -85, 22, 18] [15, -7, 7, 15] [3, 10, 12, -6]
[-15, -15, -12, -3] [16, 12, -12, 5] [-7, 10, -19, -8] [33, 21, -78, 21] [-2, -13, -19, 35] [-3, 11, -12, 4] [-25, -38, 3, 16]
[14, 13, 7, 7] [12, -1, -6, -22] [12, -8, 11, 0] [-13, 0, -21, 1] [2, 8, -12, 9] [23, -4, -19, 1] [30, 5, 6, 22]
[6, -3, -11, -23] [-4, 1, -8, -6] [3, -1, 19, -5] [-9, 16, -26, -13] [30, 8, -10, 12] [22, -18, -30, 11] [-4, -6, 7, 1]
Food (up, right, down, left):
[25, 19, -7, 13] [-6, 8, -8, -35] [26, -15, -10, 14] [-8, -4, 17, 25] [-4, 19, 4, 0] [-2, -10, -3, -14] [-29, 19, -5, -7]
[-60, -5, -14, -27] [1, -5, -15, -20] [-10, 15, 5, 13] [-4, 14, -24, 26] [16, 9, 1, -44] [31, -12, -21, 8] [9, -7, 13, 20]
[-18, 18, 4, -29] [-12, -3, -5, 31] [-33, -21, -30, 12] [25, -28, 18, 0] [-11, -7, -6, -3] [-1, 0, -36, -35] [22, 26, 0, 30]
[11, 0, 12, 36] [-15, -9, -38, 25] [-9, -4, -25, -11] [0, 0, 0, 0] [-25, 53, -23, -4] [-29, -6, -20, 1] [-8, 20, -13, 13]
[-15, 19, -8, 13] [11, 8, 12, 19] [23, -8, 36, -12] [-20, -8, 17, -8] [-2, -3, 23, -35] [-11, 48, 19, 24] [13, -9, -8, -44]
[19, -8, 0, -6] [-3, 14, 31, 18] [5, 11, 10, 14] [-7, -18, 11, -20] [-24, -22, -7, -29] [-12, 22, -12, 25] [15, 45, 2, 21]
[-6, 0, -25, -7] [6, -4, 10, -29] [11, 15, 1, -12] [4, 12, 38, -40] [27, 36, -9, -9] [6, 26, 4, -8] [24, -29, 14, -22]
------------------------------
ALIVE
Head: (11 17)
Body: (11 17) (10 17) (10 16) (10 15) (10 14) (10 13) (10 12) 
Length: 7, 4
Vision: 3
Hungry, suplies: 4/10
Reproductive: 16, mutating: 0.25
Generation: 30759
####################################
Wall (up, right, down, left):
[14, -1, -18, 6] [0, -16, -17, -6] [-13, 5, 3, -7] [10, 9, 15, 8] [-15, 5, 29, -20] [-3, 5, 0, -18] [-30, -15, -20, -22]
[-6, 2, 19, -6] [12, 20, 5, 4] [-13, 11, 4, -13] [-23, 13, 7, 4] [21, 7, -6, -1] [-9, -13, 5, 3] [-18, -4, 20, -5]
[-5, 1, 45, -5] [-6, 12, -7, 7] [-13, 1, 21, -1] [-69, 18, 38, 28] [-39, -29, -28, 19] [-12, -24, 4, 23] [-24, -10, -11, -14]
[5, 10, -6, -54] [12, -1, 10, -29] [-5, 15, 2, -90] [0, 0, 0, 0] [34, -85, 22, 18] [15, -7, 7, 15] [3, 10, 12, -6]
[-15, -15, -12, -3] [16, 12, -12, 5] [-7, 10, -19, -8] [33, 21, -78, 21] [-2, -13, -19, 35] [-3, 11, -12, 4] [-25, -38, 3, 19]
[14, 13, 7, 7] [12, -1, -6, -22] [12, -8, 11, 0] [-13, 0, -21, 1] [2, 8, -12, 9] [23, -4, -19, 1] [30, 5, 6, 22]
[6, -3, -11, -23] [-4, 1, -8, -6] [3, -1, 19, -5] [-12, 16, -26, -13] [30, 8, -10, 12] [22, -18, -30, 11] [-4, -6, 7, 1]
Food (up, right, down, left):
[25, 19, -7, 13] [-6, 8, -8, -35] [26, -15, -10, 14] [-8, -4, 17, 25] [-4, 19, 4, 0] [-2, -10, -3, -14] [-29, 19, -5, -7]
[-60, -5, -14, -27] [1, -5, -15, -20] [-10, 15, 5, 13] [-4, 14, -24, 26] [16, 9, 1, -44] [31, -12, -21, 8] [9, -7, 13, 16]
[-18, 18, 4, -29] [-12, -3, -5, 31] [-33, -21, -30, 12] [25, -28, 18, 0] [-11, -7, -6, -3] [-1, 0, -36, -35] [22, 26, 0, 30]
[11, 0, 12, 36] [-15, -9, -38, 25] [-9, -4, -25, -11] [0, 0, 0, 0] [-25, 53, -23, -4] [-29, -6, -20, 1] [-8, 20, -13, 13]
[-15, 19, -8, 13] [11, 8, 12, 19] [23, -8, 36, -12] [-20, -8, 17, -8] [-2, -3, 23, -35] [-11, 48, 19, 24] [13, -6, -8, -44]
[19, -8, 0, -6] [-3, 14, 31, 18] [5, 11, 10, 14] [-7, -18, 11, -20] [-24, -22, -7, -29] [-12, 22, -12, 25] [15, 45, 2, 21]
[-6, 0, -25, -7] [6, -4, 10, -29] [11, 15, 1, -12] [4, 17, 38, -40] [27, 36, -9, -9] [6, 26, 4, -8] [24, -29, 14, -22]
------------------------------
ALIVE
Head: (3 2)
Body: (3 2) (4 2) (4 3) (4 4) (5 4) (6 4) (7 4) (8 4) (9 4) (9 3) (8 3) (7 3) 
Length: 12, 4
Vision: 3
Hungry, suplies: 10/10
Reproductive: 16, mutating: 0.25
Generation: 30762
####################################
Wall (up, right, down, left):
[14, -1, -18, 6] [0, -16, -17, -6] [-13, 5, 3, -7] [10, 9, 15, 8] [-15, 5, 29, -20] [-3, 5, 0, -18] [-30, -15, -20, -22]
[-6, 2, 19, -6] [12, 20, 5, 4] [-13, 11, 4, -13] [-23, 13, 7, 4] [21, 7, -6, -1] [-9, -13, 5, 3] [-18, -4, 20, -5]
[-5, 1, 45, -5] [-6, 12, -7, 7] [-13, 1, 21, -1] [-69, 18, 38, 28] [-39, -29, -28, 19] [-12, -24, 4, 23] [-24, -10, -11, -14]
[5, 10, -6, -54] [12, -1, 10, -29] [-5, 15, 2, -90] [0, 0, 0, 0] [34, -85, 22, 18] [15, -7, 7, 15] [3, 10, 12, -6]
[-15, -15, -12, -3] [16, 12, -12, 5] [-7, 10, -19, -8] [33, 21, -78, 21] [-2, -13, -19, 35] [-3, 11, -12, 4] [-25, -38, 3, 16]
[14, 13, 7, 7] [12, -1, -6, -22] [12, -8, 11, 0] [-13, 0, -21, 1] [2, 8, -12, 9] [23, -4, -19, 1] [30, 5, 6, 22]
[6, -3, -11, -23] [-4, 1, -8, -6] [3, -1, 19, -5] [-12, 16, -26, -13] [30, 8, -10, 12] [22, -18, -30, 11] [-4, -6, 7, 1]
Food (up, right, down, left):
[25, 19, -7, 13] [-6, 8, -8, -35] [26, -15, -10, 14] [-8, -4, 17, 25] [-4, 19, 4, 0] [-2, -10, -3, -14] [-29, 19, -5, -7]
[-60, -5, -14, -27] [1, -5, -15, -20] [-10, 15, 5, 13] [-4, 14, -24, 26] [16, 9, 1, -44] [31, -12, -21, 8] [9, -7, 13, 16]
[-18, 18, 4, -29] [-12, -3, -5, 31] [-33, -21, -30, 12] [25, -28, 18, 0] [-11, -7, -6, -3] [-1, 0, -36, -35] [22, 26, 0, 30]
[11, 0, 12, 36] [-15, -9, -38, 25] [-9, -4, -25, -11] [0, 0, 0, 0] [-25, 53, -23, -4] [-29, -6, -20, 1] [-8, 20, -13, 13]
[-15, 19, -8, 13] [11, 8, 12, 19] [23, -8, 36, -12] [-20, -8, 17, -8] [-2, -3, 23, -35] [-11, 48, 19, 24] [13, -9, -8, -44]
[19, -8, 0, -6] [-3, 14, 31, 18] [5, 11, 10, 14] [-7, -18, 11, -20] [-24, -22, -7, -29] [-12, 22, -12, 25] [15, 45, 2, 21]
[-6, 0, -25, -7] [6, -4, 10, -29] [11, 15, 1, -12] [4, 17, 38, -40] [27, 36, -9, -9] [6, 26, 4, -8] [24, -29, 14, -22]
------------------------------
ALIVE
Head: (6 52)
Body: (6 52) (7 52) (7 51) (8 51) (8 50) (7 50) (6 50) 
Length: 7, 4
Vision: 3
Hungry, suplies: 7/10
Reproductive: 16, mutating: 0.25
Generation: 30758
####################################
Wall (up, right, down, left):
[14, -1, -18, 6] [0, -16, -17, -6] [-13, 5, 3, -7] [10, 9, 15, 8] [-15, 5, 29, -20] [-3, 5, 0, -18] [-30, -15, -20, -22]
[-6, 2, 19, -6] [12, 20, 5, 4] [-13, 11, 4, -13] [-23, 13, 7, 4] [21, 7, -6, -1] [-9, -13, 5, 3] [-18, -4, 20, -5]
[-5, 1, 45, -5] [-6, 12, -7, 7] [-13, 1, 21, -1] [-69, 18, 38, 28] [-39, -29, -28, 19] [-12, -24, 4, 23] [-24, -10, -11, -14]
[5, 10, -6, -54] [12, -1, 10, -29] [-5, 15, 2, -90] [0, 0, 0, 0] [34, -85, 22, 18] [15, -7, 7, 15] [3, 10, 12, -6]
[-15, -15, -12, -3] [16, 12, -12, 5] [-7, 10, -19, -8] [33, 21, -78, 21] [-2, -13, -19, 35] [-3, 11, -12, 4] [-25, -38, 3, 16]
[14, 13, 7, 7] [12, -1, -6, -22] [12, -8, 11, 0] [-13, 0, -21, 1] [2, 8, -12, 9] [23, -4, -19, 1] [30, 5, 6, 22]
[6, -3, -11, -23] [-4, 1, -8, -6] [3, -1, 19, -5] [-12, 16, -26, -13] [30, 8, -10, 12] [22, -18, -30, 11] [-4, -6, 7, 1]
Food (up, right, down, left):
[25, 19, -7, 13] [-6, 8, -8, -35] [26, -15, -10, 14] [-8, -4, 17, 25] [-4, 19, 4, 0] [-2, -10, -3, -14] [-29, 19, -5, -7]
[-60, -5, -14, -27] [1, -5, -15, -20] [-10, 15, 5, 13] [-4, 14, -24, 26] [16, 9, 1, -44] [31, -12, -21, 8] [9, -7, 13, 20]
[-18, 18, 4, -29] [-12, -3, -5, 31] [-33, -21, -30, 12] [25, -28, 18, 0] [-11, -7, -6, -3] [-1, 0, -36, -35] [22, 26, 0, 30]
[11, 0, 12, 36] [-15, -9, -38, 25] [-9, -4, -25, -11] [0, 0, 0, 0] [-25, 53, -23, -4] [-29, -6, -20, 1] [-8, 20, -13, 13]
[-15, 19, -8, 13] [11, 8, 12, 19] [23, -8, 36, -12] [-20, -8, 17, -8] [-2, -3, 23, -35] [-11, 48, 19, 24] [13, -9, -8, -44]
[19, -8, 0, -6] [-3, 14, 31, 18] [5, 11, 10, 14] [-7, -18, 11, -20] [-24, -22, -7, -29] [-12, 22, -12, 25] [15, 45, 2, 21]
[-6, 0, -25, -7] [6, -4, 10, -29] [11, 15, 1, -12] [4, 17, 38, -40] [27, 36, -9, -9] [6, 26, 4, -8] [24, -29, 14, -22]
------------------------------
ALIVE
Head: (9 24)
Body: (9 24) (9 23) (9 22) (10 22) (10 21) (11 21) (11 20) (11 19) (10 19) (9 19) (8 19) (7 19) 
Length: 12, 4
Vision: 3
Hungry, suplies: 8/10
Reproductive: 16, mutating: 0.25
Generation: 30759
####################################
Wall (up, right, down, left):
[14, -1, -18, 6] [0, -16, -17, -6] [-13, 5, 3, -7] [10, 9, 15, 8] [-15, 5, 29, -20] [-3, 5, 0, -18] [-30, -15, -20, -22]
[-6, 2, 19, -6] [12, 20, 5, 4] [-13, 11, 4, -13] [-20, 13, 7, 4] [21, 7, -6, -1] [-9, -13, 5, 3] [-18, -4, 20, -5]
[-5, 1, 45, -5] [-6, 12, -7, 7] [-13, 1, 21, -1] [-69, 18, 38, 28] [-39, -29, -28, 19] [-12, -24, 4, 23] [-24, -10, -11, -14]
[5, 10, -6, -54] [12, -1, 10, -29] [-5, 15, 2, -90] [0, 0, 0, 0] [34, -85, 22, 18] [15, -7, 7, 15] [3, 10, 12, -6]
[-15, -15, -12, -3] [16, 12, -12, 5] [-7, 10, -19, -8] [33, 21, -78, 21] [-2, -13, -19, 35] [-3, 11, -12, 4] [-25, -38, 3, 16]
[14, 13, 7, 7] [12, -1, -6, -22] [12, -8, 11, 0] [-13, 0, -21, 1] [2, 8, -12, 9] [23, -4, -19, 1] [30, 5, 6, 22]
[6, -3, -11, -23] [-4, 1, -8, -6] [3, -1, 19, -5] [-12, 16, -26, -13] [30, 8, -10, 12] [22, -18, -30, 11] [-4, -6, 7, 1]
Food (up, right, down, left):
[25, 19, -7, 13] [-6, 8, -8, -35] [26, -15, -10, 14] [-8, -4, 17, 25] [-4, 19, 4, 0] [-2, -10, -3, -14] [-29, 19, -5, -7]
[-60, -5, -14, -27] [1, -5, -15, -20] [-10, 15, 5, 13] [-4, 14, -24, 28] [16, 9, 1, -44] [31, -12, -21, 8] [9, -7, 13, 20]
[-18, 18, 4, -29] [-12, -3, -5, 31] [-33, -21, -30, 12] [25, -28, 18, 0] [-11, -7, -6, -3] [-1, 0, -36, -35] [22, 26, 0, 30]
[11, 0, 12, 36] [-15, -9, -38, 25] [-9, -4, -25, -11] [0, 0, 0, 0] [-25, 53, -23, -4] [-29, -6, -20, 1] [-8, 20, -13, 13]
[-15, 19, -8, 13] [11, 8, 12, 19] [23, -8, 36, -12] [-20, -8, 17, -8] [-2, -3, 23, -35] [-11, 48, 19, 24] [13, -9, -8, -44]
[19, -8, 0, -6] [-3, 14, 31, 18] [5, 11, 10, 14] [-7, -18, 11, -20] [-24, -22, -7, -29] [-12, 22, -12, 25] [15, 45, 2, 21]
[-6, 0, -25, -7] [6, -4, 10, -29] [11, 15, 1, -12] [4, 17, 38, -40] [27, 36, -9, -9] [6, 26, 4, -8] [24, -29, 14, -22]
------------------------------
ALIVE
Head: (4 7)
Body: (4 7) (3 7) (3 8) (3 9) (3 10) (2 10) (1 10) (0 10) 
Length: 8, 4
Vision: 3
Hungry, suplies: 3/10
Reproductive: 16, mutating: 0.25
Generation: 30759
####################################
Wall (up, right, down, left):
[14, -1, -18, 6] [0, -16, -17, -6] [-13, 5, 3, -7] [10, 9, 10, 8] [-15, 5, 29, -20] [-3, 5, 0, -18] [-30, -15, -20, -22]
[-6, 2, 19, -6] [12, 20, 5, 4] [-13, 11, 4, -13] [-23, 13, 7, 4] [21, 7, -6, -1] [-9, -13, 5, 3] [-18, -4, 20, -5]
[-5, 1, 45, -5] [-6, 12, -7, 7] [-13, 1, 21, -1] [-69, 18, 38, 28] [-39, -29, -28, 19] [-12, -24, 4, 23] [-24, -10, -11, -14]
[5, 10, -6, -54] [12, -1, 10, -29] [-5, 15, 2, -90] [0, 0, 0, 0] [34, -85, 22, 18] [15, -7, 7, 15] [3, 13, 12, -6]
[-15, -15, -12, -3] [16, 12, -12, 5] [-7, 10, -19, -8] [33, 21, -78, 21] [-2, -13, -19, 35] [-3, 11, -12, 4] [-25, -38, 3, 16]
[14, 13, 7, 7] [12, -1, -6, -22] [12, -8, 11, 0] [-13, 0, -21, 1] [2, 8, -12, 9] [23, -4, -19, 1] [30, 5, 6, 22]
[6, -3, -11, -23] [-4, 1, -8, -6] [3, -1, 19, -5] [-12, 16, -26, -13] [30, 8, -10, 12] [22, -18, -30, 11] [-4, -6, 7, 1]
Food (up, right, down, left):
[25, 19, -7, 13] [-6, 8, -8, -35] [26, -15, -10, 14] [-8, -4, 20, 25] [-4, 19, 4, 0] [-2, -10, -3, -14] [-29, 19, -5, -7]
[-60, -5, -14, -27] [1, -5, -15, -20] [-10, 15, 5, 13] [-4, 14, -24, 26] [16, 9, 1, -44] [31, -12, -21, 8] [9, -7, 13, 20]
[-18, 18, 4, -29] [-12, -3, -5, 31] [-33, -21, -30, 12] [25, -28, 18, 0] [-11, -7, -6, -3] [-1, 0, -36, -35] [22, 26, 0, 30]
[11, 0, 12, 36] [-15, -9, -38, 25] [-9, -4, -25, -11] [0, 0, 0, 0] [-25, 53, -23, -4] [-29, -6, -20, 1] [-8, 20, -13, 11]
[-15, 19, -8, 13] [11, 8, 12, 19] [23, -8, 36, -12] [-20, -8, 17, -8] [-2, -3, 23, -35] [-11, 48, 19, 24] [13, -9, -8, -44]
[19, -8, 0, -6] [-3, 14, 31, 18] [5, 11, 10, 14] [-7, -18, 11, -20] [-24, -22, -7, -29] [-12, 22, -12, 25] [15, 45, 2, 21]
[-6, 0, -25, -7] [6, -4, 10, -29] [11, 15, 1, -12] [4, 17, 38, -40] [27, 36, -9, -9] [6, 26, 4, -8] [24, -29, 14, -22]
------------------------------
ALIVE
Head: (13 48)
Body: (13 48) (13 47) (12 47) (11 47) (10 47) (9 47) (9 46) (9 45) (9 44) 
Length: 9, 4
Vision: 3
Hungry, suplies: 8/10
Reproductive: 16, mutating: 0.25
Generation: 30761
####################################
Wall (up, right, down, left):
[14, -1, -18, 6] [0, -16, -17, -6] [-13, 5, 3, -7] [10, 9, 15, 8] [-15, 5, 29, -20] [-3, 5, 0, -18] [-30, -15, -20, -22]
[-6, 2, 19, -6] [12, 20, 5, 4] [-13, 11, 4, -13] [-23, 13, 7, 4] [21, 7, -6, -1] [-9, -13, 5, 3] [-18, -4, 20, -5]
[-5, 1, 45, -5] [-6, 12, -7, 7] [-13, 1, 21, -1] [-69, 18, 38, 28] [-39, -29, -28, 19] [-12, -24, 4, 23] [-24, -10, -11, -14]
[5, 10, -6, -54] [12, -1, 10, -29] [-5, 15, 2, -90] [0, 0, 0, 0] [34, -85, 22, 18] [15, -7, 7, 15] [3, 10, 12, -6]
[-15, -15, -12, -3] [16, 12, -12, 5] [-7, 10, -19, -8] [33, 21, -78, 21] [-2, -13, -19, 35] [-3, 11, -12, 4] [-25, -38, 3, 16]
[14, 13, 7, 7] [12, -1, -6, -22] [12, -8, 11, 0] [-13, 0, -21, 1] [2, 8, -12, 9] [23, -4, -19, 1] [30, 5, 6, 22]
[6, -3, -11, -23] [-4, 1, -8, -6] [3, -1, 19, -5] [-12, 16, -26, -13] [30, 8, -10, 12] [22, -18, -30, 11] [-4, -6, 7, 1]
Food (up, right, down, left):
[25, 19, -7, 13] [-6, 8, -8, -35] [26, -15, -10, 14] [-8, -4, 17, 25] [-4, 19, 4, 0] [-2, -10, -3, -14] [-29, 19, -5, -7]
[-60, -5, -14, -27] [1, -5, -15, -20] [-10, 15, 5, 13] [-4, 14, -24, 26] [16, 9, 1, -44] [31, -12, -21, 8] [9, -7, 13, 16]
[-18, 18, 4, -29] [-12, -3, -5, 31] [-33, -21, -30, 12] [25, -28, 18, 0] [-11, -7, -6, -3] [-1, 0, -36, -35] [22, 26, 0, 30]
[11, 0, 12, 36] [-15, -9, -38, 25] [-9, -4, -25, -11] [0, 0, 0, 0] [-25, 53, -23, -4] [-29, -6, -20, 1] [-8, 20, -13, 13]
[-15, 19, -8, 13] [11, 8, 12, 19] [23, -8, 36, -12] [-20, -8, 17, -8] [-2, -3, 23, -35] [-11, 48, 19, 24] [13, -9, -8, -44]
[19, -8, 0, -6] [-3, 14, 31, 18] [5, 11, 10, 14] [-7, -18, 11, -20] [-24, -22, -7, -29] [-12, 22, -12, 25] [15, 45, 2, 21]
[-6, 0, -25, -7] [6, -4, 10, -29] [11, 15, 1, -12] [4, 17, 38, -40] [27, 36, -9, -9] [6, 26, 4, -8] [24, -29, 14, -22]
------------------------------
ALIVE
Head: (24 44)
Body: (24 44) (23 44) (22 44) (21 44) (21 43) (21 42) (21 41) (20 41) (19 41) (18 41) 
Length: 10, 4
Vision: 3
Hungry, suplies: 5/10
Reproductive: 16, mutating: 0.25
Generation: 30757
####################################
Wall (up, right, down, left):
[14, -1, -18, 6] [0, -16, -17, -6] [-13, 5, 3, -7] [10, 9, 15, 8] [-15, 5, 29, -20] [-3, 5, 0, -18] [-30, -15, -20, -22]
[-6, 2, 19, -6] [15, 20, 5, 4] [-13, 11, 4, -13] [-23, 13, 7, 9] [21, 7, -6, -1] [-9, -13, 5, 3] [-18, -2, 20, -5]
[-5, 1, 45, -5] [-6, 13, -7, 7] [-13, 1, 21, -5] [-69, 18, 38, 28] [-39, -29, -28, 19] [-12, -24, 4, 23] [-24, -10, -11, -14]
[5, 10, -2, -49] [12, -1, 10, -29] [-5, 15, 2, -90] [0, 0, 0, 0] [32, -85, 22, 18] [15, -7, 7, 15] [3, 10, 12, -6]
[-15, -15, -12, -3] [16, 12, -12, 5] [-7, 10, -19, -8] [37, 21, -78, 21] [-2, -13, -23, 35] [-3, 11, -12, 4] [-25, -41, 3, 16]
[19, 13, 7, 7] [12, -1, -6, -22] [12, -8, 11, 0] [-13, 0, -21, 1] [2, 8, -12, 9] [23, -4, -19, 0] [30, 5, 6, 22]
[6, -8, -11, -19] [1, 1, -8, -6] [3, -1, 19, -5] [-12, 16, -26, -13] [30, 8, -10, 8] [22, -18, -30, 11] [-4, -6, 7, 1]
Food (up, right, down, left):
[25, 19, -7, 13] [-6, 8, -8, -35] [26, -15, -10, 14] [-8, -4, 17, 25] [-4, 19, 4, 0] [-2, -10, -3, -14] [-29, 19, -5, -7]
[-60, -5, -14, -27] [-2, -5, -15, -20] [-10, 15, 5, 13] [-4, 14, -24, 25] [16, 9, 1, -44] [31, -12, -21, 8] [9, -3, 13, 16]
[-18, 18, 4, -29] [-12, -3, -5, 29] [-33, -21, -27, 12] [25, -28, 18, 0] [-11, -7, -6, -3] [-1, 0, -36, -35] [22, 26, 0, 30]
[11, 4, 12, 36] [-15, -9, -38, 25] [-9, -4, -25, -11] [0, 0, 0, 0] [-25, 53, -23, 1] [-29, -6, -20, 1] [-8, 20, -13, 13]
[-15, 19, -8, 13] [11, 8, 12, 19] [23, -8, 36, -8] [-20, -11, 17, -8] [0, -3, 23, -35] [-11, 48, 19, 24] [13, -5, -8, -44]
[19, -8, 2, -6] [-3, 14, 31, 18] [5, 11, 10, 14] [-7, -18, 11, -20] [-24, -22, -7, -29] [-12, 22, -12, 21] [15, 45, 2, 21]
[-6, 5, -25, -7] [8, -4, 10, -29] [11, 15, 1, -12] [4, 17, 38, -40] [27, 33, -9, -9] [6, 26, 4, -8] [24, -29, 14, -22]
------------------------------
ALIVE
Head: (16 14)
Body: (16 14) (16 13) (16 12) (16 11) (16 10) (15 10) (14 10) (14 9) (13 9) (13 10) 
Length: 10, 4
Vision: 3
Hungry, suplies: 4/10
Reproductive: 16, mutating: 0.25
Generation: 30754
####################################
Wall (up, right, down, left):
[14, -1, -18, 6] [0, -16, -17, -6] [-13, 5, 3, -7] [10, 9, 15, 8] [-15, 5, 29, -20] [-3, 5, 0, -17] [-30, -15, -20, -22]
[-6, -1, 19, -6] [12, 20, 5, 4] [-13, 11, 4, -13] [-23, 13, 7, 4] [21, 7, -6, -1] [-9, -13, 5, 3] [-18, -4, 17, -5]
[-5, 1, 45, -5] [-6, 13, -7, 7] [-13, 1, 21, -5] [-69, 18, 38, 28] [-39, -29, -28, 19] [-12, -24, 4, 23] [-24, -10, -11, -14]
[5, 10, -2, -54] [12, -1, 10, -29] [-5, 15, 2, -90] [0, 0, 0, 0] [34, -85, 22, 18] [15, -7, 7, 15] [3, 10, 12, -6]
[-15, -15, -12, -3] [16, 12, -12, 5] [-7, 10, -19, -8] [37, 21, -78, 21] [-2, -13, -19, 35] [-3, 11, -12, 4] [-25, -41, 3, 16]
[14, 13, 7, 7] [12, -1, -6, -22] [12, -8, 11, 0] [-13, 0, -21, 1] [2, 8, -12, 9] [23, -4, -19, 0] [30, 5, 6, 22]
[6, -3, -11, -19] [1, 1, -8, -6] [3, -1, 19, -5] [-12, 16, -26, -13] [30, 8, -10, 12] [22, -18, -30, 11] [-4, -6, 7, 1]
Food (up, right, down, left):
[25, 19, -7, 13] [-6, 8, -8, -35] [26, -15, -10, 14] [-8, -4, 17, 25] [-4, 19, 4, 0] [-2, -10, -2, -14] [-29, 19, -5, -7]
[-60, -5, -14, -24] [1, -5, -15, -20] [-10, 15, 5, 13] [-4, 14, -24, 26] [16, 9, 1, -44] [31, -12, -21, 8] [7, -7, 13, 16]
[-18, 18, 4, -29] [-12, -3, -5, 29] [-33, -21, -27, 12] [25, -28, 18, 0] [-11, -7, -6, -3] [-1, 0, -36, -35] [22, 26, 0, 30]
[11, -1, 12, 36] [-15, -9, -38, 25] [-9, -4, -25, -11] [0, 0, 0, 0] [-25, 53, -23, -4] [-29, -6, -20, 1] [-8, 20, -13, 13]
[-15, 19, -8, 13] [11, 8, 12, 19] [23, -8, 36, -8] [-20, -11, 17, -8] [-2, -3, 23, -35] [-11, 48, 19, 24] [13, -5, -8, -44]
[19, -8, 0, -6] [-3, 14, 31, 18] [5, 11, 10, 14] [-7, -18, 11, -20] [-24, -22, -7, -29] [-12, 22, -12, 21] [15, 45, 2, 21]
[-6, 5, -25, -7] [8, -4, 10, -29] [11, 15, 1, -12] [4, 17, 38, -40] [27, 36, -9, -9] [6, 26, 4, -8] [24, -29, 14, -22]
------------------------------
ALIVE
Head: (13 17)
Body: (13 17) (12 17) (12 16) (11 16) (11 15) (11 14) (12 14) (12 13) (13 13) (13 14) 
Length: 10, 4
Vision: 3
Hungry, suplies: 6/10
Reproductive: 16, mutating: 0.25
Generation: 30757
####################################
Wall (up, right, down, left):
[14, -1, -18, 6] [0, -16, -17, -6] [-13, 5, 3, -7] [10, 9, 15, 8] [-15, 5, 29, -20] [-3, 5, 0, -18] [-30, -15, -20, -22]
[-6, 2, 19, -6] [12, 20, 5, 4] [-13, 11, 4, -13] [-23, 13, 7, 4] [21, 7, -6, -1] [-9, -13, 4, 3] [-18, -4, 20, -5]
[-5, 1, 45, -5] [-6, 12, -7, 7] [-13, 1, 21, -1] [-69, 18, 38, 28] [-39, -29, -28, 19] [-12, -24, 4, 23] [-24, -10, -11, -14]
[5, 10, -6, -54] [12, -1, 10, -29] [-5, 15, 2, -90] [0, 0, 0, 0] [34, -85, 22, 18] [15, -7, 7, 15] [3, 10, 12, -6]
[-15, -15, -12, -3] [16, 12, -12, 5] [-7, 10, -19, -8] [33, 21, -78, 21] [-2, -13, -19, 35] [-3, 11, -12, 4] [-25, -38, 3, 16]
[14, 13, 7, 7] [12, -1, -6, -22] [12, -8, 11, 0] [-13, 0, -21, 1] [2, 8, -12, 9] [23, -4, -19, 1] [30, 5, 6, 22]
[6, -3, -11, -23] [-4, 1, -8, -6] [3, -1, 19, -5] [-12, 16, -26, -13] [30, 8, -10, 12] [22, -14, -30, 11] [-4, -6, 7, 1]
Food (up, right, down, left):
[25, 19, -7, 13] [-6, 8, -8, -35] [26, -15, -10, 14] [-8, -4, 17, 25] [-4, 19, 4, 0] [-2, -10, -3, -14] [-29, 19, -5, -7]
[-60, -5, -14, -27] [1, -5, -15, -20] [-10, 15, 5, 13] [-4, 14, -24, 26] [16, 9, 1, -44] [31, -12, -21, 10] [9, -7, 13, 20]
[-18, 18, 4, -29] [-12, -3, -5, 31] [-33, -21, -30, 12] [25, -28, 18, 0] [-11, -7, -6, -3] [-1, 0, -36, -35] [22, 26, 0, 30]
[11, 0, 12, 36] [-15, -9, -38, 25] [-9, -4, -25, -11] [0, 0, 0, 0] [-25, 53, -23, -4] [-29, -6, -20, 1] [-8, 20, -13, 13]
[-15, 19, -8, 13] [11, 8, 12, 19] [23, -8, 36, -12] [-20, -8, 17, -8] [-2, -3, 23, -35] [-11, 48, 19, 24] [13, -9, -8, -44]
[19, -8, 0, -6] [-3, 14, 31, 18] [5, 11, 10, 14] [-7, -18, 11, -20] [-24, -22, -7, -29] [-12, 22, -12, 25] [15, 45, 2, 21]
[-6, 0, -25, -7] [6, -4, 10, -29] [11, 15, 1, -12] [4, 17, 38, -40] [27, 36, -9, -9] [4, 26, 4, -8] [24, -29, 14, -22]
------------------------------
ALIVE
Head: (24 23)
Body: (24 23) (23 23) (23 24) (23 25) (22 25) (22 26) (21 26) (21 27) 
Length: 8, 4
Vision: 3
Hungry, suplies: 2/10
Reproductive: 16, mutating: 0.25
Generation: 30760
####################################
