Wall (up, right, down, left):
[4, -11, -18, -2] [10, -10, -22, -4] [8, 2, 1, -11] [16, 3, 8, 11] [-13, 15, 20, -25] [-9, 3, 12, -11] [-30, -13, -9, -6]
[4, 7, 15, -9] [9, 13, 7, 8] [-11, 11, 5, -10] [-24, 21, 0, 15] [28, 9, -5, 1] [-13, -5, 12, 12] [-12, -6, 12, -7]
[3, 5, 35, 2] [-6, 9, -8, 15] [-16, -12, 25, 7] [-60, 21, 34, 35] [-41, -29, -31, 10] [-5, -31, 13, 26] [-9, -8, -9, -15]
[0, 3, 6, -30] [7, 3, 11, -17] [3, 23, 6, -88] [0, 0, 0, 0] [26, -81, 21, 9] [27, -2, -12, 11] [3, -6, 4, 1]
[-29, -17, -4, -19] [6, 21, -5, 4] [-1, 18, -18, -7] [13, 8, -55, 18] [0, -9, -17, 38] [8, 15, -13, 4] [-16, -26, 15, 4]
[16, 22, 4, 16] [5, 5, -13, -27] [10, 9, 17, -4] [-4, -1, -23, 16] [13, 22, -2, 17] [37, -5, -3, 6] [29, 7, 1, 16]
[2, -14, -17, -11] [7, -4, -5, 0] [-4, -3, 7, -8] [-9, 16, -21, -1] [23, 20, 1, 0] [23, -5, -22, 9] [4, -11, -1, 2]
Food (up, right, down, left):
[24, 2, 0, 15] [-9, 5, -5, -27] [15, -4, -16, 3] [-2, 4, 33, 5] [-1, 5, -2, 11] [0, -19, 8, -1] [-19, 22, -1, -24]
[-39, -8, -15, -24] [0, -4, -10, -5] [-2, 15, 0, 16] [-12, 13, -28, 22] [3, 8, 1, -41] [23, -7, -21, 18] [1, -5, 0, 4]
[-11, 14, -1, -29] [-14, 1, 3, 15] [-34, -34, -14, 5] [29, -17, 5, -9] [-16, -12, -2, -14] [-7, -2, -25, -27] [6, 18, 7, 20]
[6, 2, 14, 26] [-28, -3, -31, 22] [-10, 5, -16, -21] [0, 0, 0, 0] [-38, 27, -18, -5] [-21, 15, -23, 8] [0, 13, -7, 3]
[0, 14, -7, 17] [-1, 4, 13, 6] [15, -8, 28, -1] [-9, -9, 17, -10] [-5, -12, 19, -32] [-2, 39, 17, 17] [11, 12, -5, -48]
[12, -10, 2, -17] [6, 7, 26, 17] [2, 10, 0, 19] [-15, -15, 12, -29] [-14, -16, -6, -22] [3, 25, -16, 16] [10, 35, -10, 0]
[-12, 6, -17, -10] [3, 10, 2, -23] [9, 13, 5, -1] [-3, 3, 29, -29] [15, 31, -13, 0] [12, 29, 13, 1] [13, -19, 17, -10]
------------------------------
ALIVE
Head: (1 51)
Body: (1 51) (1 50) (1 49) (25 49) (24 49) (23 49) (23 48) (22 48) (22 47) (22 46) (22 45) (21 45) (20 45) 
Length: 13, 4
Vision: 3
Hungry, suplies: 9/10
Reproductive: 16, mutating: 0.25
Generation: 25272
####################################
Wall (up, right, down, left):
[4, -11, -18, -2] [10, -10, -22, -4] [8, 2, 1, -11] [16, 3, 8, 11] [-13, 15, 20, -25] [-9, 3, 12, -11] [-30, -13, -9, -6]
[4, 7, 15, -9] [9, 13, 7, 8] [-11, 11, 5, -10] [-24, 21, 0, 15] [28, 9, -5, 1] [-13, -5, 12, 12] [-12, -6, 12, -7]
[3, 5, 35, 2] [-6, 9, -8, 15] [-16, -12, 25, 7] [-60, 21, 34, 35] [-41, -29, -31, 10] [-5, -31, 13, 26] [-9, -8, -9, -15]
[0, 3, 6, -30] [7, 3, 11, -17] [3, 23, 6, -88] [0, 0, 0, 0] [26, -81, 21, 9] [27, -2, -12, 11] [3, -6, 4, 1]
[-29, -17, -4, -19] [6, 21, -5, 4] [-1, 18, -18, -7] [13, 8, -55, 18] [0, -9, -17, 38] [8, 15, -13, 4] [-16, -26, 15, 4]
[16, 22, 4, 16] [5, 5, -13, -27] [10, 9, 17, -4] [-4, -1, -23, 11] [13, 22, -2, 17] [37, -5, -3, 6] [29, 7, 1, 16]
[2, -14, -17, -11] [7, -4, -5, 0] [-4, -3, 7, -8] [-9, 16, -21, -1] [23, 20, 1, 0] [23, -5, -22, 9] [4, -11, -1, 2]
Food (up, right, down, left):
[24, 2, 0, 15] [-9, 5, -5, -27] [15, -4, -16, 3] [-2, 4, 33, 5] [-1, 5, -2, 11] [0, -19, 8, -1] [-19, 22, -1, -24]
[-39, -8, -15, -24] [0, -4, -10, -5] [-2, 15, 0, 16] [-12, 13, -28, 22] [3, 8, 1, -41] [23, -7, -21, 18] [1, -5, 0, 4]
[-11, 14, -1, -29] [-14, 1, 3, 15] [-34, -34, -14, 5] [29, -17, 5, -9] [-16, -12, -2, -14] [-7, -2, -25, -27] [6, 18, 7, 20]
[6, 2, 14, 26] [-28, -3, -31, 22] [-10, 5, -16, -21] [0, 0, 0, 0] [-38, 27, -18, -5] [-21, 15, -23, 8] [0, 13, -7, 3]
[0, 14, -7, 17] [-1, 4, 13, 6] [15, -8, 28, -1] [-9, -9, 17, -10] [-5, -12, 19, -32] [-2, 39, 17, 17] [11, 12, -5, -48]
[12, -10, 2, -17] [6, 7, 26, 17] [2, 10, 0, 19] [-15, -15, 12, -29] [-14, -16, -6, -22] [3, 25, -16, 16] [10, 35, -10, 0]
[-12, 6, -17, -10] [3, 10, 2, -23] [9, 13, 5, -1] [-3, 3, 29, -29] [15, 31, -13, 0] [12, 29, 13, 1] [13, -19, 17, -10]
------------------------------
ALIVE
Head: (17 3)
Body: (17 3) (17 2) (18 2) (19 2) (19 3) (20 3) (20 2) (20 1) (20 0) (21 0) (22 0) (23 0) (24 0) (24 1) 
Length: 14, 4
Vision: 3
Hungry, suplies: 6/10
Reproductive: 16, mutating: 0.25
Generation: 25270
####################################
Wall (up, right, down, left):
[4, -11, -18, -2] [10, -10, -22, -4] [8, 2, 1, -11] [16, 3, 8, 11] [-13, 15, 20, -25] [-9, 3, 12, -11] [-30, -13, -9, -6]
[4, 7, 15, -9] [9, 13, 7, 8] [-11, 11, 5, -10] [-24, 21, 0, 15] [28, 9, -5, 1] [-13, -5, 12, 12] [-12, -6, 12, -7]
[3, 5, 35, 2] [-6, 9, -8, 15] [-16, -12, 25, 7] [-60, 21, 34, 35] [-41, -29, -31, 10] [-5, -31, 13, 26] [-9, -8, -9, -15]
[0, 3, 6, -30] [7, 3, 11, -17] [3, 23, 6, -88] [0, 0, 0, 0] [26, -81, 21, 9] [27, -2, -12, 11] [3, -6, 4, 1]
[-29, -17, -4, -19] [6, 21, -5, 4] [-1, 18, -18, -7] [13, 8, -55, 18] [0, -9, -17, 38] [8, 15, -13, 4] [-16, -26, 15, 4]
[16, 22, 4, 16] [5, 5, -13, -27] [10, 9, 17, -4] [-4, -1, -23, 11] [13, 22, -2, 17] [37, -5, -3, 6] [29, 7, 1, 16]
[2, -14, -17, -11] [7, -4, -5, 0] [-4, -3, 7, -8] [-9, 16, -21, -1] [23, 20, 1, 0] [23, -5, -22, 9] [4, -11, -1, 2]
Food (up, right, down, left):
[24, 2, 0, 15] [-9, 5, -5, -27] [15, -4, -16, 3] [-2, 4, 33, 5] [-1, 5, -2, 11] [0, -19, 8, -1] [-19, 22, -1, -24]
[-39, -8, -15, -24] [0, -4, -10, -5] [-2, 15, 0, 16] [-12, 13, -28, 22] [3, 8, 1, -41] [23, -7, -21, 18] [1, -5, 0, 4]
[-11, 14, -1, -29] [-14, 1, 3, 15] [-34, -34, -14, 5] [29, -17, 5, -9] [-16, -12, -2, -14] [-7, -2, -25, -27] [6, 18, 7, 20]
[6, 2, 14, 26] [-28, -3, -31, 22] [-10, 5, -16, -21] [0, 0, 0, 0] [-38, 27, -18, -5] [-21, 15, -23, 8] [0, 13, -7, 3]
[0, 14, -7, 17] [-1, 4, 13, 6] [15, -8, 28, -1] [-9, -9, 17, -10] [-5, -12, 19, -32] [-2, 39, 17, 17] [11, 12, -5, -48]
[12, -10, 2, -17] [6, 7, 26, 17] [2, 10, 0, 19] [-15, -15, 12, -29] [-14, -16, -6, -22] [3, 25, -16, 16] [10, 35, -10, 0]
[-12, 6, -17, -10] [3, 10, 2, -23] [9, 13, 5, -1] [-3, 3, 29, -29] [15, 31, -13, 0] [12, 29, 13, 1] [13, -19, 17, -10]
------------------------------
ALIVE
Head: (12 17)
Body: (12 17) (13 17) (13 18) (14 18) (15 18) (15 19) (16 19) (16 18) (16 17) 
Length: 9, 4
Vision: 3
Hungry, suplies: 7/10
Reproductive: 16, mutating: 0.25
Generation: 25271
####################################
Wall (up, right, down, left):
[4, -11, -18, -2] [10, -10, -22, -4] [4, 2, 1, -11] [16, 3, 8, 11] [-13, 12, 20, -25] [-9, 3, 12, -11] [-30, -13, -10, -6]
[4, 7, 15, -9] [9, 13, 7, 8] [-11, 11, 5, -10] [-24, 21, 0, 15] [28, 9, -5, 1] [-13, -5, 12, 12] [-12, -6, 12, -8]
[3, 5, 35, 2] [-6, 9, -8, 15] [-16, -12, 25, 5] [-60, 21, 34, 35] [-41, -27, -31, 10] [-5, -31, 13, 26] [-9, -8, -9, -15]
[5, 3, 2, -30] [7, 3, 12, -17] [3, 23, 6, -92] [0, 0, 0, 0] [26, -80, 21, 9] [27, -2, -12, 11] [3, -6, 4, 0]
[-29, -21, -4, -19] [6, 21, -5, 4] [-1, 18, -18, -7] [13, 8, -55, 18] [0, -9, -17, 38] [8, 15, -13, 6] [-19, -26, 15, 4]
[16, 20, 4, 16] [5, 5, -13, -22] [10, 9, 17, -4] [-4, -1, -23, 11] [13, 22, -2, 16] [37, -5, -5, 6] [29, 7, 1, 16]
[-3, -14, -17, -11] [7, -4, -5, 0] [-4, -3, 6, -8] [-9, 16, -21, -2] [23, 20, -1, 0] [23, -5, -22, 9] [4, -11, -1, 2]
Food (up, right, down, left):
[24, 2, 0, 15] [-9, 5, -5, -27] [15, -4, -16, 4] [-2, 4, 33, 5] [-1, 7, -2, 11] [0, -19, 8, -1] [-19, 22, 4, -24]
[-39, -8, -15, -24] [0, -4, -10, -5] [-2, 15, 0, 16] [-12, 13, -28, 22] [3, 8, 1, -41] [23, -7, -21, 18] [1, -1, 0, 4]
[-11, 14, -1, -29] [-14, 1, 3, 15] [-35, -34, -14, 5] [29, -17, 5, -9] [-16, -17, -2, -14] [-7, -2, -25, -27] [6, 18, 7, 20]
[6, 2, 16, 31] [-28, -3, -31, 22] [-11, 5, -16, -21] [0, 0, 0, 0] [-33, 27, -18, -5] [-21, 15, -23, 8] [1, 13, -7, 3]
[2, 14, -7, 17] [-1, 4, 13, 6] [15, -8, 28, -1] [-9, -9, 17, -10] [-5, -12, 19, -32] [-2, 39, 17, 17] [14, 12, -5, -48]
[12, -12, 2, -17] [6, 4, 26, 17] [2, 10, 0, 19] [-15, -15, 12, -29] [-14, -16, -9, -22] [3, 22, -16, 16] [10, 35, -10, 0]
[-12, 6, -18, -10] [3, 7, 2, -23] [9, 17, 5, -1] [-3, 7, 29, -29] [16, 31, -13, -2] [12, 29, 13, 1] [13, -19, 17, -10]
------------------------------
ALIVE
Head: (5 39)
Body: (5 39) (5 38) (6 38) (7 38) (8 38) (8 37) (7 37) (6 37) (6 36) (6 35) (6 34) (5 34) 
Length: 12, 4
Vision: 3
Hungry, suplies: 9/10
Reproductive: 16, mutating: 0.25
Generation: 25273
####################################
Wall (up, right, down, left):
[4, -11, -18, -2] [10, -10, -22, -4] [8, 2, 1, -11] [16, 3, 8, 11] [-13, 15, 20, -25] [-9, 3, 12, -11] [-30, -13, -9, -6]
[4, 7, 15, -9] [9, 13, 7, 8] [-11, 11, 5, -10] [-24, 21, 0, 15] [28, 9, -5, 1] [-13, -5, 12, 15] [-12, -6, 12, -7]
[3, 5, 35, 2] [-6, 9, -8, 15] [-16, -12, 25, 7] [-60, 21, 34, 35] [-41, -29, -31, 10] [-5, -31, 13, 26] [-9, -8, -9, -15]
[0, 3, 6, -30] [7, 3, 11, -17] [3, 23, 6, -88] [0, 0, 0, 0] [26, -81, 21, 9] [27, -2, -12, 11] [3, -6, 4, 1]
[-29, -17, -4, -19] [6, 21, -5, 4] [-1, 18, -18, -7] [13, 8, -55, 18] [0, -9, -17, 38] [8, 15, -13, 4] [-16, -26, 15, 4]
[16, 22, 4, 16] [5, 5, -13, -27] [10, 9, 17, -4] [-4, -1, -23, 11] [13, 22, -2, 17] [37, -5, -3, 6] [29, 7, 1, 16]
[2, -14, -17, -11] [7, -4, -5, 0] [-4, -3, 7, -8] [-9, 16, -21, -1] [23, 20, 1, 0] [23, -5, -22, 9] [4, -11, -1, 2]
Food (up, right, down, left):
[24, 2, 0, 15] [-9, 5, -5, -27] [15, -4, -16, 3] [-2, 4, 33, 5] [-1, 5, -2, 11] [0, -19, 8, -1] [-19, 22, -1, -24]
[-39, -8, -15, -24] [0, -4, -10, -5] [-2, 15, 0, 16] [-12, 13, -28, 22] [3, 8, 1, -41] [18, -7, -21, 18] [1, -5, 0, 4]
[-11, 14, -1, -29] [-14, 1, 3, 15] [-34, -34, -14, 5] [29, -17, 5, -9] [-16, -12, -2, -14] [-7, -2, -25, -27] [6, 18, 7, 20]
[6, 2, 14, 26] [-28, -3, -31, 22] [-10, 5, -16, -21] [0, 0, 0, 0] [-38, 27, -18, -5] [-21, 15, -23, 8] [0, 13, -7, 3]
[0, 14, -7, 17] [-1, 4, 13, 6] [15, -8, 28, -1] [-9, -9, 17, -10] [-5, -12, 19, -32] [-2, 39, 17, 17] [11, 12, -5, -48]
[12, -10, 2, -17] [6, 7, 26, 17] [2, 10, 0, 19] [-15, -15, 12, -29] [-14, -16, -6, -22] [3, 25, -16, 16] [10, 35, -10, 0]
[-12, 6, -17, -10] [3, 10, 2, -23] [9, 13, 5, -1] [-3, 3, 29, -29] [15, 31, -13, 0] [12, 29, 13, 1] [13, -19, 17, -10]
------------------------------
ALIVE
Head: (3 31)
Body: (3 31) (3 30) (2 30) (2 29) (2 28) (1 28) (1 27) (1 26) (0 26) (25 25) (24 25) (24 24) (24 23) 
Length: 13, 4
Vision: 3
Hungry, suplies: 4/10
Reproductive: 16, mutating: 0.25
Generation: 25269
####################################
Wall (up, right, down, left):
[4, -11, -18, -2] [10, -10, -22, -4] [8, 2, 1, -11] [16, 3, 8, 11] [-13, 15, 20, -25] [-9, 3, 12, -11] [-30, -13, -9, -6]
[4, 7, 15, -9] [9, 13, 7, 8] [-11, 11, 5, -10] [-24, 21, 0, 15] [28, 9, -5, 1] [-13, -5, 12, 12] [-12, -6, 12, -7]
[3, 5, 35, 2] [-6, 9, -8, 15] [-16, -12, 25, 7] [-60, 21, 34, 35] [-41, -29, -31, 10] [-5, -31, 13, 26] [-9, -8, -9, -15]
[0, 3, 6, -30] [7, 3, 11, -17] [3, 23, 6, -88] [0, 0, 0, 0] [26, -81, 21, 9] [27, -2, -12, 11] [3, -6, 4, 1]
[-29, -17, -4, -19] [6, 21, -5, 4] [-1, 18, -18, -7] [13, 8, -55, 18] [0, -9, -17, 38] [8, 15, -13, 4] [-16, -26, 15, 4]
[16, 22, 4, 16] [5, 5, -13, -27] [10, 9, 17, -4] [-4, -1, -23, 11] [13, 22, -2, 17] [37, -5, -3, 6] [29, 7, 1, 16]
[2, -14, -17, -11] [7, -4, -5, 0] [-4, -3, 7, -8] [-9, 16, -21, -1] [23, 20, 1, 0] [23, -5, -22, 9] [4, -11, -1, 2]
Food (up, right, down, left):
[24, 2, 0, 15] [-9, 5, -5, -27] [15, -4, -16, 3] [-2, 4, 33, 5] [-1, 5, -2, 11] [0, -19, 8, -1] [-19, 22, -1, -24]
[-39, -8, -15, -24] [0, -4, -10, -5] [-2, 15, 0, 16] [-12, 13, -28, 22] [3, 8, 1, -41] [23, -7, -21, 18] [1, -5, 0, 4]
[-11, 14, -1, -29] [-14, 1, 3, 15] [-34, -34, -14, 5] [29, -17, 5, -9] [-16, -12, -2, -14] [-7, -2, -25, -27] [6, 18, 7, 20]
[6, 2, 14, 26] [-28, -3, -31, 22] [-10, 5, -16, -21] [0, 0, 0, 0] [-38, 27, -18, -5] [-21, 15, -23, 8] [0, 13, -7, 3]
[0, 14, -7, 17] [-1, 4, 13, 6] [15, -8, 28, -1] [-9, -9, 17, -10] [-5, -12, 19, -32] [-2, 39, 17, 17] [11, 12, -5, -48]
[12, -10, 2, -17] [6, 7, 26, 17] [2, 10, 0, 19] [-15, -15, 12, -29] [-14, -16, -6, -22] [3, 25, -16, 16] [10, 35, -10, 0]
[-12, 6, -17, -10] [3, 10, 2, -23] [9, 13, 5, -1] [-3, 3, 29, -29] [15, 31, -13, 0] [12, 29, 13, 1] [13, -19, 17, -10]
------------------------------
ALIVE
Head: (8 29)
Body: (8 29) (8 28) (7 28) (6 28) (6 27) (5 27) (5 26) (5 25) (4 25) (4 24) 
Length: 10, 4
Vision: 3
Hungry, suplies: 4/10
Reproductive: 16, mutating: 0.25
Generation: 25270
####################################
Wall (up, right, down, left):
[4, -11, -18, -2] [10, -10, -22, -4] [8, 2, 1, -11] [16, 3, 8, 11] [-13, 15, 20, -25] [-9, 3, 12, -11] [-30, -13, -9, -6]
[4, 7, 15, -9] [9, 13, 7, 8] [-11, 11, 5, -10] [-24, 21, 0, 15] [28, 9, -5, 1] [-13, -5, 12, 15] [-12, -6, 12, -7]
[3, 5, 35, 2] [-6, 9, -8, 15] [-16, -12, 25, 7] [-60, 21, 34, 35] [-41, -29, -31, 10] [-5, -31, 13, 26] [-9, -8, -9, -15]
[0, 3, 6, -30] [7, 3, 11, -17] [3, 23, 6, -88] [0, 0, 0, 0] [26, -81, 21, 9] [27, -2, -12, 11] [3, -6, 4, 1]
[-29, -17, -4, -19] [6, 21, -5, 4] [-1, 18, -18, -7] [13, 8, -55, 18] [0, -9, -17, 38] [8, 15, -13, 4] [-16, -26, 15, 4]
[16, 22, 4, 16] [5, 5, -13, -27] [10, 9, 17, -4] [-4, -1, -23, 11] [13, 22, -2, 17] [37, -5, -3, 6] [29, 7, 1, 16]
[2, -14, -17, -11] [7, -4, -5, 0] [-4, -3, 7, -8] [-9, 16, -21, -1] [23, 20, 1, 0] [23, -5, -22, 9] [4, -11, -1, 2]
Food (up, right, down, left):
[24, 2, 0, 15] [-9, 5, -5, -27] [15, -4, -16, 3] [-2, 4, 33, 5] [-1, 5, -2, 11] [0, -19, 8, -1] [-19, 22, -1, -24]
[-39, -8, -15, -24] [0, -4, -10, -5] [-2, 15, 0, 16] [-12, 13, -28, 22] [3, 8, 1, -41] [18, -7, -21, 18] [1, -5, 0, 4]
[-11, 14, -1, -29] [-14, 1, 3, 15] [-34, -34, -14, 5] [29, -17, 5, -9] [-16, -12, -2, -14] [-7, -2, -25, -27] [6, 18, 7, 20]
[6, 2, 14, 26] [-28, -3, -31, 22] [-10, 5, -16, -21] [0, 0, 0, 0] [-38, 27, -18, -5] [-21, 15, -23, 8] [0, 13, -7, 3]
[0, 14, -7, 17] [-1, 4, 13, 6] [15, -8, 28, -1] [-9, -9, 17, -10] [-5, -12, 19, -32] [-2, 39, 17, 17] [11, 12, -5, -48]
[12, -10, 2, -17] [6, 7, 26, 17] [2, 10, 0, 19] [-15, -15, 12, -29] [-14, -16, -6, -22] [3, 25, -16, 16] [10, 35, -10, 0]
[-12, 6, -17, -10] [3, 10, 2, -23] [9, 13, 5, -1] [-3, 3, 29, -29] [15, 31, -13, 0] [12, 29, 13, 1] [13, -19, 17, -10]
------------------------------
ALIVE
Head: (22 12)
Body: (22 12) (23 12) (23 13) (23 14) (24 14) (0 14) (0 13) (0 12) (1 12) (1 11) (1 10) (1 9) (1 8) (25 8) 
Length: 14, 4
Vision: 3
Hungry, suplies: 10/10
Reproductive: 16, mutating: 0.25
Generation: 25268
####################################
Wall (up, right, down, left):
[4, -11, -18, -2] [10, -10, -22, -4] [8, 2, 1, -11] [16, 3, 8, 11] [-13, 15, 20, -25] [-9, 3, 12, -11] [-30, -13, -9, -6]
[4, 7, 15, -9] [9, 13, 7, 8] [-11, 11, 5, -10] [-24, 21, 0, 15] [28, 9, -5, 1] [-13, -5, 12, 12] [-12, -6, 12, -7]
[3, 5, 35, 2] [-6, 9, -8, 15] [-16, -12, 25, 7] [-60, 21, 34, 35] [-41, -29, -31, 10] [-5, -31, 13, 26] [-9, -8, -9, -15]
[0, 3, 6, -30] [7, 3, 11, -17] [3, 23, 6, -88] [0, 0, 0, 0] [26, -81, 21, 9] [27, -2, -12, 11] [3, -6, 4, 1]
[-29, -17, -4, -19] [6, 21, -5, 4] [-1, 18, -18, -9] [13, 8, -55, 18] [0, -9, -17, 38] [8, 15, -13, 4] [-16, -26, 15, 4]
[16, 22, 4, 16] [5, 5, -13, -27] [10, 9, 17, -4] [-4, -1, -23, 11] [13, 22, -2, 17] [37, -5, -3, 6] [29, 7, 1, 16]
[2, -14, -17, -11] [7, -4, -5, 0] [-4, -3, 7, -8] [-9, 16, -21, -1] [23, 20, 1, 0] [23, -5, -22, 9] [4, -11, -1, 2]
Food (up, right, down, left):
[24, 2, 0, 15] [-9, 5, -5, -27] [15, -4, -16, 3] [-2, 4, 33, 5] [-1, 5, -2, 11] [0, -19, 8, -1] [-19, 22, -1, -24]
[-39, -8, -15, -24] [0, -4, -10, -5] [-2, 15, 0, 16] [-12, 13, -28, 22] [3, 8, 1, -41] [23, -7, -21, 18] [1, -5, 0, 4]
[-11, 14, -1, -29] [-14, 1, 3, 15] [-34, -34, -14, 5] [29, -17, 5, -9] [-16, -12, -2, -14] [-7, -2, -25, -27] [6, 18, 7, 20]
[6, 2, 14, 26] [-28, -3, -31, 22] [-10, 5, -16, -21] [0, 0, 0, 0] [-38, 27, -18, -5] [-21, 15, -23, 8] [0, 13, -7, 3]
[0, 14, -7, 17] [-1, 4, 13, 6] [19, -8, 28, -1] [-9, -9, 17, -10] [-5, -12, 19, -32] [-2, 39, 17, 17] [11, 12, -5, -48]
[12, -10, 2, -17] [6, 7, 26, 17] [2, 10, 0, 19] [-15, -15, 12, -29] [-14, -16, -6, -22] [3, 25, -16, 16] [10, 35, -10, 0]
[-12, 6, -17, -10] [3, 10, 2, -23] [9, 13, 5, -1] [-3, 3, 29, -29] [15, 31, -13, 0] [12, 29, 13, 1] [13, -19, 17, -10]
------------------------------
ALIVE
Head: (10 20)
Body: (10 20) (10 21) (9 21) (9 20) (9 19) (8 19) (7 19) (7 18) (6 18) 
Length: 9, 4
Vision: 3
Hungry, suplies: 8/10
Reproductive: 16, mutating: 0.25
Generation: 25272
####################################
Wall (up, right, down, left):
[4, -11, -18, -2] [10, -10, -22, -4] [8, 2, 1, -11] [16, 3, 8, 11] [-13, 15, 20, -25] [-9, 3, 12, -11] [-30, -13, -9, -6]
[4, 7, 15, -9] [9, 13, 7, 8] [-11, 11, 5, -10] [-24, 21, 0, 15] [28, 9, -5, 1] [-13, -5, 12, 12] [-12, -6, 12, -7]
[3, 5, 35, 2] [-6, 9, -8, 15] [-16, -12, 25, 7] [-60, 21, 34, 35] [-41, -29, -31, 10] [-5, -31, 13, 26] [-9, -8, -9, -15]
[0, 3, 6, -30] [7, 3, 11, -17] [3, 23, 6, -88] [0, 0, 0, 0] [26, -81, 21, 9] [27, -2, -12, 11] [3, -6, 4, 1]
[-29, -17, -4, -19] [6, 21, -4, 4] [-1, 18, -18, -7] [13, 8, -55, 18] [0, -9, -17, 38] [8, 15, -13, 4] [-16, -26, 15, 4]
[16, 22, 4, 16] [5, 5, -13, -27] [10, 9, 17, -4] [-4, -1, -23, 11] [13, 22, -2, 17] [37, -5, -3, 6] [29, 7, 1, 16]
[2, -14, -17, -11] [7, -4, -5, 0] [-4, -3, 7, -8] [-9, 16, -21, -1] [23, 20, 1, 0] [23, -5, -22, 9] [4, -11, -1, 2]
Food (up, right, down, left):
[24, 2, 0, 15] [-9, 5, -5, -27] [15, -4, -16, 3] [-2, 4, 33, 5] [-1, 5, -2, 11] [0, -19, 8, -1] [-19, 22, -1, -24]
[-39, -8, -15, -24] [0, -4, -10, -5] [-2, 15, 0, 16] [-12, 13, -28, 22] [3, 8, 1, -41] [23, -7, -21, 18] [1, -5, 0, 4]
[-11, 14, -1, -29] [-14, 1, 3, 15] [-34, -34, -14, 5] [29, -17, 5, -9] [-16, -12, -2, -14] [-7, -2, -25, -27] [6, 18, 7, 20]
[6, 2, 14, 26] [-28, -3, -31, 22] [-10, 5, -16, -21] [0, 0, 0, 0] [-38, 27, -18, -5] [-21, 15, -23, 8] [0, 13, -7, 3]
[0, 14, -7, 17] [-1, 4, 10, 6] [15, -8, 28, -1] [-9, -9, 17, -10] [-5, -12, 19, -32] [-2, 39, 17, 17] [11, 12, -5, -48]
[12, -10, 2, -17] [6, 7, 26, 17] [2, 10, 0, 19] [-15, -15, 12, -29] [-14, -16, -6, -22] [3, 25, -16, 16] [10, 35, -10, 0]
[-12, 6, -17, -10] [3, 10, 2, -23] [9, 13, 5, -1] [-3, 3, 29, -29] [15, 31, -13, 0] [12, 29, 13, 1] [13, -19, 17, -10]
------------------------------
ALIVE
Head: (14 36)
Body: (14 36) (13 36) (13 37) (13 38) (12 38) (12 39) (13 39) (14 39) (14 40) (13 40) 
Length: 10, 4
Vision: 3
Hungry, suplies: 4/10
Reproductive: 16, mutating: 0.25
Generation: 25272
####################################
Wall (up, right, down, left):
[4, -11, -18, -2] [10, -10, -22, -4] [8, 2, 1, -11] [16, 3, 8, 11] [-13, 15, 20, -25] [-9, 3, 12, -11] [-30, -13, -9, -6]
[4, 7, 15, -9] [9, 13, 7, 8] [-11, 11, 5, -10] [-24, 21, 0, 15] [28, 9, -5, 1] [-13, -5, 12, 12] [-12, -6, 12, -7]
[3, 5, 35, 2] [-6, 9, -8, 15] [-16, -12, 25, 7] [-60, 21, 34, 35] [-41, -29, -31, 10] [-5, -31, 13, 26] [-14, -8, -9, -15]
[0, 3, 6, -30] [7, 3, 11, -17] [3, 23, 6, -88] [0, 0, 0, 0] [26, -81, 21, 9] [27, -2, -12, 11] [3, -6, 4, 1]
[-29, -17, -4, -19] [6, 21, -5, 4] [-1, 18, -18, -7] [13, 8, -55, 18] [0, -9, -17, 38] [8, 15, -13, 4] [-16, -26, 15, 4]
[16, 22, 4, 16] [5, 5, -13, -27] [10, 9, 17, -4] [-4, -1, -23, 11] [13, 22, -2, 17] [37, -5, -3, 6] [29, 7, 1, 16]
[2, -14, -17, -11] [7, -4, -5, 0] [-4, -3, 7, -8] [-9, 16, -21, -1] [23, 20, 1, 0] [23, -5, -22, 9] [4, -11, -1, 2]
Food (up, right, down, left):
[24, 2, 0, 15] [-9, 5, -5, -27] [15, -4, -16, 3] [-2, 4, 33, 5] [-1, 5, -2, 11] [0, -19, 8, -1] [-19, 22, -1, -24]
[-39, -8, -15, -24] [0, -4, -10, -5] [-2, 15, 0, 16] [-12, 13, -28, 22] [3, 8, 1, -41] [23, -7, -21, 18] [1, -5, 0, 4]
[-11, 14, -1, -29] [-14, 1, 3, 15] [-34, -34, -14, 5] [29, -17, 5, -9] [-16, -12, -2, -14] [-7, -2, -25, -27] [6, 23, 7, 20]
[6, 2, 14, 26] [-28, -3, -31, 22] [-10, 5, -16, -21] [0, 0, 0, 0] [-38, 27, -18, -5] [-21, 15, -23, 8] [0, 13, -7, 3]
[0, 14, -7, 17] [-1, 4, 13, 6] [15, -8, 28, -1] [-9, -9, 17, -10] [-5, -12, 19, -32] [-2, 39, 17, 17] [11, 12, -5, -48]
[12, -10, 2, -17] [6, 7, 26, 17] [2, 10, 0, 19] [-15, -15, 12, -29] [-14, -16, -6, -22] [3, 25, -16, 16] [10, 35, -10, 0]
[-12, 6, -17, -10] [3, 10, 2, -23] [9, 13, 5, -1] [-3, 3, 29, -29] [15, 31, -13, 0] [12, 29, 13, 1] [13, -19, 17, -10]
------------------------------
ALIVE
Head: (14 49)
Body: (14 49) (14 50) (13 50) (12 50) (11 50) (10 50) (10 49) (9 49) (9 48) (9 47) (9 46) (9 45) 
Length: 12, 4
Vision: 3
Hungry, suplies: 10/10
Reproductive: 16, mutating: 0.25
Generation: 25268
####################################
Wall (up, right, down, left):
[4, -11, -18, -2] [10, -10, -22, -4] [8, 2, 1, -11] [16, 3, 8, 11] [-13, 15, 20, -25] [-9, 3, 12, -11] [-30, -13, -9, -6]
[4, 7, 15, -9] [9, 13, 7, 8] [-11, 11, 5, -10] [-24, 21, 0, 15] [28, 9, -5, 1] [-13, -5, 12, 12] [-12, -6, 12, -7]
[3, 5, 35, 2] [-6, 9, -8, 15] [-16, -12, 25, 7] [-60, 21, 34, 35] [-41, -29, -31, 10] [-5, -31, 13, 26] [-14, -8, -9, -15]
[0, 3, 6, -30] [7, 3, 11, -17] [3, 23, 6, -88] [0, 0, 0, 0] [26, -81, 21, 9] [27, -2, -12, 11] [3, -6, 4, 1]
[-29, -17, -4, -19] [6, 21, -5, 4] [-1, 18, -18, -7] [13, 8, -55, 18] [0, -9, -17, 38] [8, 15, -13, 4] [-16, -26, 15, 4]
[16, 22, 4, 16] [5, 5, -13, -27] [10, 9, 17, -4] [-4, -1, -23, 11] [13, 22, -2, 17] [37, -5, -3, 6] [29, 7, 1, 16]
[2, -14, -17, -11] [7, -4, -5, 0] [-4, -3, 7, -8] [-9, 16, -21, -1] [23, 20, 1, 0] [23, -5, -22, 9] [4, -11, -1, 2]
Food (up, right, down, left):
[24, 2, 0, 15] [-9, 5, -5, -27] [15, -4, -16, 3] [-2, 4, 33, 5] [-1, 5, -2, 11] [0, -19, 8, -1] [-19, 22, -1, -24]
[-39, -8, -15, -24] [0, -4, -10, -5] [-2, 15, 0, 16] [-12, 13, -28, 22] [3, 8, 1, -41] [23, -7, -21, 18] [1, -5, 0, 4]
[-11, 14, -1, -29] [-14, 1, 3, 15] [-34, -34, -14, 5] [29, -17, 5, -9] [-16, -12, -2, -14] [-7, -2, -25, -27] [6, 23, 7, 20]
[6, 2, 14, 26] [-28, -3, -31, 22] [-10, 5, -16, -21] [0, 0, 0, 0] [-38, 27, -18, -5] [-21, 15, -23, 8] [0, 13, -7, 3]
[0, 14, -7, 17] [-1, 4, 13, 6] [15, -8, 28, -1] [-9, -9, 17, -10] [-5, -12, 19, -32] [-2, 39, 17, 17] [11, 12, -5, -48]
[12, -10, 2, -17] [6, 7, 26, 17] [2, 10, 0, 19] [-15, -15, 12, -29] [-14, -16, -6, -22] [3, 25, -16, 16] [10, 35, -10, 0]
[-12, 6, -17, -10] [3, 10, 2, -23] [9, 13, 5, -1] [-3, 3, 29, -29] [15, 31, -13, 0] [12, 29, 13, 1] [13, -19, 17, -10]
------------------------------
ALIVE
Head: (13 44)
Body: (13 44) (12 44) (12 43) (11 43) (11 42) (10 42) (10 41) (10 40) (10 39) (10 38) (11 38) (11 37) 
Length: 12, 4
Vision: 3
Hungry, suplies: 3/10
Reproductive: 16, mutating: 0.25
Generation: 25273
####################################
Wall (up, right, down, left):
[4, -11, -18, -2] [10, -10, -22, -4] [4, 2, 1, -11] [16, 3, 8, 11] [-13, 12, 20, -25] [-9, 3, 12, -11] [-30, -13, -10, -6]
[9, 7, 15, -9] [9, 13, 7, 8] [-11, 11, 5, -10] [-24, 21, 0, 15] [28, 9, -5, 1] [-13, -5, 12, 12] [-12, -6, 12, -10]
[3, 5, 35, 2] [-6, 9, -8, 15] [-16, -12, 25, 5] [-60, 21, 34, 35] [-41, -27, -31, 10] [-5, -31, 13, 26] [-9, -8, -9, -15]
[5, 3, 2, -30] [7, 3, 12, -17] [3, 23, 6, -92] [0, 0, 0, 0] [26, -80, 21, 9] [27, -2, -12, 11] [3, -6, 4, 0]
[-29, -21, -4, -19] [6, 21, -5, 4] [-1, 18, -18, -7] [13, 8, -55, 18] [0, -9, -17, 38] [8, 15, -13, 6] [-19, -26, 15, 4]
[16, 20, 4, 16] [5, 5, -13, -22] [10, 9, 17, -4] [-4, -1, -23, 11] [13, 22, -2, 16] [37, -5, -5, 6] [29, 7, 1, 16]
[-3, -14, -17, -11] [7, -4, -5, 0] [-4, -3, 6, -8] [-9, 16, -21, -2] [23, 20, -1, 0] [23, -5, -22, 9] [4, -11, -1, 2]
Food (up, right, down, left):
[24, 2, 0, 15] [-9, 5, -5, -27] [15, -4, -16, 4] [-2, 4, 33, 5] [-1, 7, -2, 11] [0, -19, 8, -1] [-19, 22, 4, -24]
[-39, -11, -15, -24] [0, -4, -10, -5] [-2, 15, 0, 16] [-12, 13, -28, 22] [3, 8, 1, -41] [23, -7, -21, 18] [1, -4, 0, 4]
[-11, 14, -1, -29] [-14, 1, 3, 15] [-35, -34, -14, 5] [29, -17, 5, -9] [-16, -17, -2, -14] [-7, -2, -25, -27] [6, 18, 7, 20]
[6, 2, 16, 31] [-28, -3, -31, 22] [-11, 5, -16, -21] [0, 0, 0, 0] [-33, 27, -18, -5] [-21, 15, -23, 8] [1, 13, -7, 3]
[2, 14, -7, 17] [-1, 4, 13, 6] [15, -8, 28, -1] [-9, -9, 17, -10] [-5, -12, 19, -32] [-2, 39, 17, 17] [14, 12, -5, -48]
[12, -12, 2, -17] [6, 4, 26, 17] [2, 10, 0, 19] [-15, -15, 12, -29] [-14, -16, -9, -22] [3, 22, -16, 16] [10, 35, -10, 0]
[-12, 6, -18, -10] [3, 7, 2, -23] [9, 17, 5, -1] [-3, 7, 29, -29] [16, 31, -13, -2] [12, 29, 13, 1] [13, -19, 17, -10]
------------------------------
ALIVE
Head: (7 53)
Body: (7 53) (7 52) (7 51) (8 51) (9 51) (9 50) (8 50) (7 50) (6 50) (6 49) 
Length: 10, 4
Vision: 3
Hungry, suplies: 9/10
Reproductive: 16, mutating: 0.25
Generation: 25275
####################################
Wall (up, right, down, left):
[4, -11, -18, -2] [10, -10, -22, -4] [8, 2, 1, -11] [16, 3, 8, 11] [-13, 15, 20, -25] [-9, 3, 12, -11] [-30, -13, -9, -6]
[4, 7, 15, -9] [9, 13, 7, 4] [-11, 11, 5, -10] [-24, 21, 0, 15] [28, 9, -5, 1] [-13, -5, 12, 12] [-12, -6, 12, -7]
[3, 5, 35, 2] [-6, 9, -8, 15] [-16, -12, 25, 7] [-60, 21, 34, 35] [-41, -29, -31, 10] [-5, -31, 13, 26] [-9, -8, -9, -15]
[0, 3, 6, -30] [7, 3, 11, -17] [3, 23, 6, -88] [0, 0, 0, 0] [26, -81, 21, 9] [27, -2, -12, 11] [3, -6, 4, 1]
[-29, -17, -4, -19] [6, 21, -5, 4] [-1, 18, -18, -7] [13, 8, -55, 18] [0, -9, -17, 38] [8, 15, -13, 4] [-16, -26, 15, 4]
[16, 22, 4, 16] [5, 5, -13, -27] [10, 9, 17, -4] [-4, -1, -23, 11] [13, 22, -2, 17] [37, -5, -3, 6] [29, 7, 1, 16]
[2, -14, -17, -11] [7, -4, -5, 0] [-4, -3, 7, -8] [-9, 16, -21, -1] [23, 20, 1, 0] [23, -5, -22, 9] [4, -11, -1, 2]
Food (up, right, down, left):
[24, 2, 0, 15] [-9, 5, -5, -27] [15, -4, -16, 3] [-2, 4, 33, 5] [-1, 5, -2, 11] [0, -19, 8, -1] [-19, 22, -1, -24]
[-39, -8, -15, -24] [0, -5, -10, -5] [-2, 15, 0, 16] [-12, 13, -28, 22] [3, 8, 1, -41] [23, -7, -21, 18] [1, -5, 0, 4]
[-11, 14, -1, -29] [-14, 1, 3, 15] [-34, -34, -14, 5] [29, -17, 5, -9] [-16, -12, -2, -14] [-7, -2, -25, -27] [6, 18, 7, 20]
[6, 2, 14, 26] [-28, -3, -31, 22] [-10, 5, -16, -21] [0, 0, 0, 0] [-38, 27, -18, -5] [-21, 15, -23, 8] [0, 13, -7, 3]
[0, 14, -7, 17] [-1, 4, 13, 6] [15, -8, 28, -1] [-9, -9, 17, -10] [-5, -12, 19, -32] [-2, 39, 17, 17] [11, 12, -5, -48]
[12, -10, 2, -17] [6, 7, 26, 17] [2, 10, 0, 19] [-15, -15, 12, -29] [-14, -16, -6, -22] [3, 25, -16, 16] [10, 35, -10, 0]
[-12, 6, -17, -10] [3, 10, 2, -23] [9, 13, 5, -1] [-3, 3, 29, -29] [15, 31, -13, 0] [12, 29, 13, 1] [13, -19, 17, -10]
------------------------------
ALIVE
Head: (11 24)
Body: (11 24) (12 24) (13 24) (14 24) (14 25) (14 26) (15 26) (16 26) (17 26) (18 26) 
Length: 10, 4
Vision: 3
Hungry, suplies: 9/10
Reproductive: 16, mutating: 0.25
Generation: 25270
####################################
Wall (up, right, down, left):
[4, -11, -18, -2] [10, -10, -22, -4] [8, 2, 1, -11] [16, 3, 8, 11] [-13, 15, 20, -25] [-7, 3, 12, -11] [-30, -13, -9, -6]
[4, 7, 15, -9] [9, 13, 2, 8] [-11, 11, 5, -10] [-24, 21, 0, 15] [28, 9, -5, 1] [-13, -5, 12, 12] [-12, -6, 12, -7]
[3, 0, 35, 2] [-6, 9, -8, 15] [-16, -12, 25, 7] [-60, 21, 34, 35] [-41, -29, -26, 10] [-5, -31, 13, 26] [-9, -8, -9, -15]
[0, 3, 6, -30] [7, 3, 11, -17] [3, 23, 6, -88] [0, 0, 0, 0] [26, -81, 21, 9] [27, -2, -12, 11] [3, -6, 4, 1]
[-29, -17, -4, -19] [6, 21, -5, 4] [-1, 18, -18, -7] [13, 8, -55, 18] [0, -9, -17, 38] [8, 15, -13, 4] [-19, -26, 15, 4]
[16, 22, 5, 16] [5, 5, -13, -27] [10, 9, 17, -4] [-4, -1, -23, 11] [13, 22, -2, 17] [37, -5, -3, 6] [29, 7, 1, 16]
[2, -14, -17, -11] [7, -4, -5, 0] [-4, -3, 7, -8] [-9, 16, -21, -1] [23, 20, 1, 0] [23, -5, -22, 9] [4, -11, -1, 2]
Food (up, right, down, left):
[24, 2, 0, 15] [-9, 5, -5, -27] [15, -4, -16, 3] [-2, 4, 33, 5] [-1, 5, -2, 11] [0, -21, 8, -1] [-19, 22, -1, -24]
[-39, -8, -15, -24] [0, -4, -14, -5] [-2, 15, 0, 16] [-12, 13, -28, 22] [3, 8, 1, -41] [23, -7, -21, 18] [1, -5, 0, 4]
[-11, 14, -1, -29] [-14, 1, 3, 15] [-34, -34, -14, 5] [29, -17, 5, -9] [-19, -12, -2, -14] [-7, -2, -25, -27] [6, 18, 7, 20]
[6, 2, 14, 26] [-28, -3, -31, 22] [-10, 5, -16, -21] [0, 0, 0, 0] [-38, 27, -18, -5] [-21, 15, -23, 8] [0, 13, -7, 3]
[0, 14, -7, 17] [-1, 4, 13, 6] [15, -8, 28, -1] [-9, -9, 17, -10] [-5, -12, 19, -32] [-2, 39, 17, 17] [14, 12, -5, -48]
[12, -11, 2, -17] [6, 7, 26, 17] [2, 10, 0, 19] [-15, -15, 12, -29] [-14, -16, -6, -22] [3, 25, -16, 16] [10, 35, -10, 0]
[-12, 6, -17, -10] [3, 10, 2, -23] [9, 13, 5, -1] [-3, 3, 29, -29] [15, 31, -13, 0] [12, 29, 13, 1] [13, -19, 17, -10]
------------------------------
ALIVE
Head: (14 45)
Body: (14 45) (14 44) (14 43) (15 43) (16 43) (16 42) (16 41) (17 41) (18 41) (19 41) (19 42) 
Length: 11, 4
Vision: 3
Hungry, suplies: 6/10
Reproductive: 16, mutating: 0.25
Generation: 25273
####################################
Wall (up, right, down, left):
[4, -11, -18, -2] [10, -10, -22, -4] [4, 2, 1, -11] [16, 3, 8, 11] [-13, 12, 20, -25] [-9, 3, 12, -11] [-30, -13, -10, -6]
[4, 7, 15, -9] [9, 13, 7, 8] [-11, 11, 5, -10] [-24, 21, 0, 15] [30, 9, -5, 1] [-13, -5, 12, 12] [-12, -6, 12, -8]
[3, 5, 35, 2] [-6, 9, -8, 15] [-16, -12, 25, 5] [-60, 21, 34, 35] [-41, -27, -31, 10] [-5, -31, 13, 26] [-9, -8, -9, -15]
[5, 3, 2, -30] [7, 3, 12, -17] [3, 23, 6, -92] [0, 0, 0, 0] [26, -80, 21, 9] [27, -2, -12, 11] [3, -6, 4, 0]
[-29, -21, -4, -19] [6, 21, -5, 4] [-1, 18, -18, -7] [13, 8, -55, 18] [0, -9, -17, 38] [8, 15, -13, 6] [-19, -26, 15, 4]
[16, 20, 4, 16] [5, 5, -13, -22] [10, 9, 17, -4] [-4, -1, -23, 11] [13, 22, -2, 16] [37, -5, -5, 6] [29, 7, 1, 16]
[-3, -14, -17, -11] [7, -4, -5, 0] [-4, -3, 6, -8] [-9, 16, -21, -2] [23, 20, -1, 0] [23, -5, -22, 9] [4, -11, -1, 2]
Food (up, right, down, left):
[24, 2, 0, 15] [-9, 5, -5, -27] [15, -4, -16, 4] [-2, 4, 33, 5] [-1, 7, -2, 11] [0, -19, 8, -1] [-19, 22, 4, -24]
[-39, -8, -15, -24] [0, -4, -10, -5] [-2, 15, 0, 16] [-12, 13, -28, 22] [3, 8, 5, -41] [23, -7, -21, 18] [1, -1, 0, 4]
[-11, 14, -1, -29] [-14, 1, 3, 15] [-35, -34, -14, 5] [29, -17, 5, -9] [-16, -17, -2, -14] [-7, -2, -25, -27] [6, 18, 7, 20]
[6, 2, 16, 31] [-28, -3, -31, 22] [-11, 5, -16, -21] [0, 0, 0, 0] [-33, 27, -18, -5] [-21, 15, -23, 8] [1, 13, -7, 3]
[2, 14, -7, 17] [-1, 4, 13, 6] [15, -8, 28, -1] [-9, -9, 17, -10] [-5, -12, 19, -32] [-2, 39, 17, 17] [14, 12, -5, -48]
[12, -12, 2, -17] [6, 4, 26, 17] [2, 10, 0, 19] [-15, -15, 12, -29] [-14, -16, -9, -22] [3, 22, -16, 16] [10, 35, -10, 0]
[-12, 6, -18, -10] [3, 7, 2, -23] [9, 17, 5, -1] [-3, 7, 29, -29] [16, 31, -13, -2] [12, 29, 13, 1] [13, -19, 17, -10]
------------------------------
ALIVE
Head: (15 37)
Body: (15 37) (15 38) (15 39) (16 39) (17 39) (17 38) (17 37) (17 36) 
Length: 8, 4
Vision: 3
Hungry, suplies: 5/10
Reproductive: 16, mutating: 0.25
Generation: 25274
####################################
Wall (up, right, down, left):
[4, -11, -18, -2] [10, -10, -22, -4] [8, 2, 1, -11] [16, 3, 8, 11] [-13, 15, 20, -25] [-9, 3, 12, -11] [-30, -13, -9, -6]
[4, 7, 15, -9] [9, 13, 7, 8] [-11, 11, 5, -10] [-24, 21, 0, 15] [28, 9, -5, 1] [-13, -5, 12, 12] [-12, -6, 12, -7]
[3, 5, 35, 2] [-6, 9, -8, 15] [-16, -12, 25, 7] [-60, 21, 34, 35] [-41, -29, -31, 10] [-5, -31, 13, 26] [-14, -8, -9, -15]
[0, 3, 6, -30] [7, 3, 11, -17] [3, 23, 6, -88] [0, 0, 0, 0] [26, -81, 21, 9] [27, -2, -12, 11] [3, -6, 4, 1]
[-29, -17, -4, -19] [6, 21, -5, 4] [-1, 18, -18, -7] [13, 8, -55, 18] [0, -9, -17, 38] [8, 15, -13, 4] [-16, -26, 15, 4]
[16, 22, 4, 16] [5, 5, -13, -27] [10, 9, 17, -4] [-4, -1, -23, 11] [13, 22, -2, 17] [37, -5, -3, 6] [29, 7, 1, 16]
[2, -14, -17, -11] [7, -4, -5, 0] [-4, -3, 7, -8] [-9, 16, -21, -1] [23, 20, 1, 0] [23, -5, -22, 9] [4, -11, -1, 2]
Food (up, right, down, left):
[24, 2, 0, 15] [-9, 5, -5, -27] [15, -4, -16, 3] [-2, 4, 33, 5] [-1, 5, -2, 11] [0, -19, 8, -1] [-19, 22, -1, -24]
[-39, -8, -15, -24] [0, -4, -10, -5] [-2, 15, 0, 16] [-12, 13, -28, 22] [3, 8, 1, -41] [23, -7, -21, 18] [1, -5, 0, 4]
[-11, 14, -1, -29] [-14, 1, 3, 15] [-34, -34, -14, 5] [29, -17, 5, -9] [-16, -12, -2, -14] [-7, -2, -25, -27] [6, 23, 7, 20]
[6, 2, 14, 26] [-28, -3, -31, 22] [-10, 5, -16, -21] [0, 0, 0, 0] [-38, 27, -18, -5] [-21, 15, -23, 8] [0, 13, -7, 3]
[0, 14, -7, 17] [-1, 4, 13, 6] [15, -8, 28, -1] [-9, -9, 17, -10] [-5, -12, 19, -32] [-2, 39, 17, 17] [11, 12, -5, -48]
[12, -10, 2, -17] [6, 7, 26, 17] [2, 10, 0, 19] [-15, -15, 12, -29] [-14, -16, -6, -22] [3, 25, -16, 16] [10, 35, -10, 0]
[-12, 6, -17, -10] [3, 10, 2, -23] [9, 13, 5, -1] [-3, 3, 29, -29] [15, 31, -13, 0] [12, 29, 13, 1] [13, -19, 17, -10]
------------------------------
ALIVE
Head: (17 10)
Body: (17 10) (17 11) (16 11) (16 10) (15 10) (15 11) (14 11) (14 10) 
Length: 8, 4
Vision: 3
Hungry, suplies: 4/10
Reproductive: 16, mutating: 0.25
Generation: 25270
####################################
Wall (up, right, down, left):
[4, -11, -18, -2] [10, -10, -22, -4] [8, 2, 1, -11] [16, 3, 8, 11] [-13, 15, 20, -25] [-7, 3, 12, -11] [-30, -13, -9, -6]
[4, 7, 15, -9] [9, 13, 7, 8] [-11, 11, 5, -10] [-24, 21, 0, 15] [28, 9, -5, 1] [-13, -5, 12, 12] [-12, -6, 12, -7]
[3, 0, 35, 2] [-6, 9, -8, 15] [-16, -12, 25, 7] [-60, 21, 34, 35] [-41, -29, -26, 10] [-5, -31, 13, 26] [-9, -8, -9, -15]
[0, 3, 6, -30] [7, 3, 11, -17] [3, 23, 6, -88] [0, 0, 0, 0] [26, -81, 21, 9] [27, -2, -12, 11] [3, -6, 4, 1]
[-29, -17, -4, -19] [6, 21, -5, 4] [-1, 18, -18, -7] [13, 8, -55, 18] [0, -9, -17, 38] [8, 15, -13, 4] [-19, -26, 15, 4]
[16, 22, 4, 16] [5, 5, -13, -27] [10, 9, 17, -4] [-4, -1, -23, 11] [13, 22, -2, 17] [37, -5, -3, 6] [29, 7, 1, 16]
[2, -14, -17, -11] [7, -4, -5, 0] [-4, -3, 7, -8] [-9, 16, -21, -1] [23, 20, 1, 0] [23, -5, -22, 9] [4, -11, -1, 2]
Food (up, right, down, left):
[24, 2, 0, 15] [-9, 5, -5, -27] [15, -4, -16, 3] [-2, 4, 33, 5] [-1, 5, -2, 11] [0, -21, 8, -1] [-19, 22, -1, -24]
[-39, -8, -15, -24] [0, -4, -10, -5] [-2, 15, 0, 16] [-12, 13, -28, 22] [3, 8, 1, -41] [23, -7, -21, 18] [1, -5, 0, 4]
[-11, 14, -1, -29] [-14, 1, 3, 15] [-34, -34, -14, 5] [29, -17, 5, -9] [-19, -12, -2, -14] [-7, -2, -25, -27] [6, 18, 7, 20]
[6, 2, 14, 26] [-28, -3, -31, 22] [-10, 5, -16, -21] [0, 0, 0, 0] [-38, 27, -18, -5] [-21, 15, -23, 8] [0, 13, -7, 3]
[0, 14, -7, 17] [-1, 4, 13, 6] [15, -8, 28, -1] [-9, -9, 17, -10] [-5, -12, 19, -32] [-2, 39, 17, 17] [14, 12, -5, -48]
[12, -10, 2, -17] [6, 7, 26, 17] [2, 10, 0, 19] [-15, -15, 12, -29] [-14, -16, -6, -22] [3, 25, -16, 16] [10, 35, -10, 0]
[-12, 6, -17, -10] [3, 10, 2, -23] [9, 13, 5, -1] [-3, 3, 29, -29] [15, 31, -13, 0] [12, 29, 13, 1] [13, -19, 17, -10]
------------------------------
ALIVE
Head: (12 21)
Body: (12 21) (13 21) (14 21) (14 22) (15 22) (15 23) (16 23) (17 23) (17 24) (18 24) (18 23) (18 22) (18 21) 
Length: 13, 4
Vision: 3
Hungry, suplies: 6/10
Reproductive: 16, mutating: 0.25
Generation: 25271
####################################
Wall (up, right, down, left):
[4, -11, -18, -2] [10, -10, -22, -4] [8, 2, 1, -11] [16, 3, 8, 11] [-13, 15, 20, -25] [-9, 3, 12, -11] [-30, -13, -9, -6]
[4, 7, 15, -9] [9, 13, 7, 8] [-11, 11, 5, -10] [-24, 21, 0, 15] [28, 9, -5, 1] [-13, -5, 12, 12] [-12, -6, 12, -7]
[3, 5, 35, 2] [-6, 9, -8, 15] [-16, -12, 25, 7] [-60, 21, 34, 35] [-41, -29, -31, 10] [-5, -31, 13, 26] [-14, -8, -9, -15]
[0, 3, 6, -30] [7, 3, 11, -17] [3, 23, 6, -88] [0, 0, 0, 0] [26, -81, 21, 9] [27, -2, -12, 11] [3, -6, 4, 1]
[-29, -17, -4, -19] [6, 21, -5, 4] [-1, 18, -18, -7] [13, 8, -55, 18] [0, -9, -17, 38] [8, 15, -13, 4] [-16, -26, 15, 4]
[16, 22, 4, 16] [5, 5, -13, -27] [10, 9, 17, -4] [-4, -1, -23, 11] [13, 22, -2, 17] [37, -5, -3, 6] [29, 7, 1, 16]
[2, -14, -17, -11] [7, -4, -5, 0] [-4, -3, 7, -8] [-9, 16, -21, -1] [23, 20, 1, 0] [23, -5, -22, 9] [4, -11, -1, 2]
Food (up, right, down, left):
[24, 2, 0, 15] [-9, 5, -5, -27] [15, -4, -16, 3] [-2, 4, 33, 5] [-1, 5, -2, 11] [0, -19, 8, -1] [-19, 22, -1, -24]
[-39, -8, -15, -24] [0, -4, -10, -5] [-2, 15, 0, 16] [-12, 13, -28, 22] [3, 8, 1, -41] [23, -7, -21, 18] [1, -5, 0, 4]
[-11, 14, -1, -29] [-14, 1, 3, 15] [-34, -34, -14, 5] [29, -17, 5, -9] [-16, -12, -2, -14] [-7, -2, -25, -27] [6, 23, 7, 20]
[6, 2, 14, 26] [-28, -3, -31, 22] [-10, 5, -16, -21] [0, 0, 0, 0] [-38, 27, -18, -5] [-21, 15, -23, 8] [0, 13, -7, 3]
[0, 14, -7, 17] [-1, 4, 13, 6] [15, -8, 28, -1] [-9, -9, 17, -10] [-5, -12, 19, -32] [-2, 39, 17, 17] [11, 12, -5, -48]
[12, -10, 2, -17] [6, 7, 26, 17] [2, 10, 0, 19] [-15, -15, 12, -29] [-14, -16, -6, -22] [3, 25, -16, 16] [10, 35, -10, 0]
[-12, 6, -17, -10] [3, 10, 2, -23] [9, 13, 5, -1] [-3, 3, 29, -29] [15, 31, -13, 0] [12, 29, 13, 1] [13, -19, 17, -10]
------------------------------
ALIVE
Head: (20 17)
Body: (20 17) (21 17) (21 16) (22 16) (22 15) (23 15) (23 16) (23 17) (22 17) (22 18) (21 18) (21 19) (20 19) 
Length: 13, 4
Vision: 3
Hungry, suplies: 9/10
Reproductive: 16, mutating: 0.25
Generation: 25269
####################################
Wall (up, right, down, left):
[4, -11, -18, -2] [10, -10, -22, -4] [8, 2, 1, -11] [16, 3, 8, 11] [-13, 15, 20, -25] [-9, 3, 12, -11] [-30, -13, -9, -6]
[4, 7, 15, -9] [9, 13, 7, 8] [-11, 11, 5, -10] [-24, 21, 0, 15] [28, 9, -5, 1] [-13, -5, 12, 12] [-12, -6, 12, -7]
[3, 5, 35, 2] [-6, 9, -8, 15] [-16, -12, 25, 7] [-60, 21, 34, 35] [-41, -29, -31, 10] [-5, -31, 13, 26] [-14, -8, -9, -15]
[0, 3, 6, -30] [7, 3, 11, -17] [3, 23, 6, -88] [0, 0, 0, 0] [26, -81, 21, 9] [27, -2, -12, 11] [3, -6, 4, 1]
[-29, -17, -4, -19] [6, 21, -5, 4] [-1, 18, -18, -7] [13, 8, -55, 18] [0, -9, -17, 38] [8, 15, -13, 4] [-16, -26, 15, 4]
[16, 22, 4, 16] [5, 5, -13, -27] [10, 9, 17, -4] [-4, -1, -23, 11] [13, 22, -2, 17] [37, -5, -3, 6] [29, 7, 1, 16]
[2, -14, -17, -11] [7, -4, -5, 0] [-4, -3, 7, -8] [-9, 16, -21, -1] [23, 20, 1, 0] [23, -5, -22, 9] [4, -11, -1, 2]
Food (up, right, down, left):
[24, 2, 0, 15] [-9, 5, -5, -27] [15, -4, -16, 3] [-2, 4, 33, 5] [-1, 5, -2, 11] [0, -19, 8, -1] [-19, 22, -1, -24]
[-39, -8, -15, -24] [0, -4, -10, -5] [-2, 15, 0, 16] [-12, 13, -28, 22] [3, 8, 1, -41] [23, -7, -21, 18] [1, -5, 0, 4]
[-11, 14, -1, -29] [-14, 1, 3, 15] [-34, -34, -14, 5] [29, -17, 5, -9] [-16, -12, -2, -14] [-7, -2, -25, -27] [6, 23, 7, 20]
[6, 2, 14, 26] [-28, -3, -31, 22] [-10, 5, -16, -21] [0, 0, 0, 0] [-38, 27, -18, -5] [-21, 15, -23, 8] [0, 13, -7, 3]
[0, 14, -7, 17] [-1, 4, 13, 6] [15, -8, 28, -1] [-9, -9, 17, -10] [-5, -12, 19, -32] [-2, 39, 17, 17] [11, 12, -5, -48]
[12, -10, 2, -17] [6, 7, 26, 17] [2, 10, 0, 19] [-15, -15, 12, -29] [-14, -16, -6, -22] [3, 25, -16, 16] [10, 35, -10, 0]
[-12, 6, -17, -10] [3, 10, 2, -23] [9, 13, 5, -1] [-3, 3, 29, -29] [15, 31, -13, 0] [12, 29, 13, 1] [13, -19, 17, -10]
------------------------------
ALIVE
Head: (2 9)
Body: (2 9) (2 10) (2 11) (2 12) (2 13) (2 14) (3 14) (3 13) 
Length: 8, 4
Vision: 3
Hungry, suplies: 8/10
Reproductive: 16, mutating: 0.25
Generation: 25271
####################################
Wall (up, right, down, left):
[4, -11, -18, -2] [10, -10, -22, -4] [8, 2, 1, -11] [16, 3, 8, 11] [-13, 15, 20, -25] [-9, 3, 12, -11] [-30, -13, -9, -6]
[4, 7, 15, -9] [9, 13, 7, 8] [-11, 11, 5, -10] [-24, 21, 0, 15] [28, 9, -5, 1] [-13, -5, 12, 12] [-12, -6, 12, -7]
[3, 5, 35, 2] [-6, 9, -8, 15] [-16, -12, 25, 7] [-60, 21, 34, 35] [-41, -29, -31, 10] [-5, -31, 13, 26] [-9, -8, -9, -15]
[0, 3, 6, -30] [7, 3, 11, -17] [3, 23, 6, -88] [0, 0, 0, 0] [26, -81, 21, 9] [27, -2, -12, 11] [3, -6, 4, 1]
[-29, -17, -4, -19] [6, 21, -5, 4] [-1, 18, -18, -7] [13, 8, -55, 18] [0, -9, -17, 38] [8, 15, -13, 4] [-16, -26, 15, 4]
[16, 22, 4, 16] [5, 5, -13, -27] [10, 9, 17, -4] [-4, -1, -23, 11] [13, 22, -2, 17] [37, -5, -3, 6] [29, 7, 1, 16]
[2, -14, -17, -11] [7, -4, -5, 0] [-4, -3, 7, -8] [-9, 16, -21, -1] [23, 20, 1, 0] [23, -5, -22, 9] [4, -11, -1, 2]
Food (up, right, down, left):
[24, 2, 0, 15] [-9, 5, -5, -27] [15, -4, -16, 3] [-2, 4, 33, 5] [-1, 5, -2, 11] [0, -19, 8, -1] [-19, 22, -1, -24]
[-39, -8, -15, -24] [0, -4, -10, -5] [-2, 15, 0, 16] [-12, 13, -28, 22] [3, 8, 1, -41] [23, -7, -21, 18] [1, -5, 0, 4]
[-11, 14, -1, -29] [-14, 1, 3, 15] [-34, -34, -14, 5] [29, -17, 5, -9] [-16, -12, -2, -14] [-7, -2, -25, -27] [6, 18, 7, 20]
[6, 2, 14, 26] [-28, -3, -31, 22] [-10, 5, -16, -21] [0, 0, 0, 0] [-38, 27, -18, -5] [-21, 15, -23, 8] [0, 13, -7, 3]
[0, 14, -7, 17] [-1, 4, 13, 6] [15, -8, 28, -1] [-9, -9, 17, -10] [-5, -12, 19, -32] [-2, 39, 17, 17] [11, 12, -5, -48]
[12, -10, 2, -17] [6, 7, 26, 17] [2, 10, 0, 19] [-15, -15, 12, -29] [-14, -16, -6, -22] [3, 25, -16, 16] [10, 35, -10, 0]
[-12, 6, -17, -10] [3, 10, 2, -23] [9, 13, 5, -1] [-3, 3, 29, -29] [15, 31, -13, 0] [12, 29, 13, 1] [13, -19, 17, -10]
------------------------------
ALIVE
Head: (21 53)
Body: (21 53) (21 52) (20 52) (19 52) (18 52) (18 53) (19 53) (20 53) (20 54) (19 54) (18 54) (17 54) (17 53) (16 53) 
Length: 14, 4
Vision: 3
Hungry, suplies: 9/10
Reproductive: 16, mutating: 0.25
Generation: 25272
####################################
Wall (up, right, down, left):
[4, -11, -18, -2] [10, -10, -22, -4] [8, 2, 1, -11] [16, 3, 8, 11] [-13, 15, 16, -25] [-9, 3, 12, -11] [-30, -13, -9, -6]
[4, 7, 15, -9] [9, 13, 7, 8] [-11, 11, 5, -10] [-24, 21, 0, 15] [28, 9, -5, 1] [-13, -5, 12, 12] [-12, -6, 12, -7]
[3, 5, 35, 2] [-6, 9, -8, 15] [-16, -12, 25, 7] [-60, 21, 34, 35] [-41, -29, -31, 10] [-5, -31, 13, 26] [-9, -8, -9, -15]
[0, 3, 6, -30] [7, 3, 11, -17] [3, 23, 6, -88] [0, 0, 0, 0] [26, -81, 21, 9] [27, -2, -12, 11] [3, -6, 4, 1]
[-29, -17, -4, -19] [6, 21, -5, 4] [-1, 18, -18, -7] [13, 8, -55, 18] [0, -9, -17, 38] [8, 15, -13, 4] [-16, -26, 15, 4]
[16, 22, 4, 16] [5, 5, -13, -27] [10, 9, 17, -4] [-4, -1, -23, 11] [13, 22, -2, 17] [37, -5, -3, 6] [29, 7, 1, 16]
[2, -14, -17, -11] [7, -4, -5, 0] [-4, -3, 7, -8] [-9, 16, -21, -1] [23, 20, 1, 0] [23, -5, -22, 9] [4, -11, -1, 2]
Food (up, right, down, left):
[24, 2, 0, 15] [-9, 5, -5, -27] [15, -4, -16, 3] [-2, 4, 33, 5] [-1, 6, -2, 11] [0, -19, 8, -1] [-19, 22, -1, -24]
[-39, -8, -15, -24] [0, -4, -10, -5] [-2, 15, 0, 16] [-12, 13, -28, 22] [3, 8, 1, -41] [23, -7, -21, 18] [1, -5, 0, 4]
[-11, 14, -1, -29] [-14, 1, 3, 15] [-34, -34, -14, 5] [29, -17, 5, -9] [-16, -12, -2, -14] [-7, -2, -25, -27] [6, 18, 7, 20]
[6, 2, 14, 26] [-28, -3, -31, 22] [-10, 5, -16, -21] [0, 0, 0, 0] [-38, 27, -18, -5] [-21, 15, -23, 8] [0, 13, -7, 3]
[0, 14, -7, 17] [-1, 4, 13, 6] [15, -8, 28, -1] [-9, -9, 17, -10] [-5, -12, 19, -32] [-2, 39, 17, 17] [11, 12, -5, -48]
[12, -10, 2, -17] [6, 7, 26, 17] [2, 10, 0, 19] [-15, -15, 12, -29] [-14, -16, -6, -22] [3, 25, -16, 16] [10, 35, -10, 0]
[-12, 6, -17, -10] [3, 10, 2, -23] [9, 13, 5, -1] [-3, 3, 29, -29] [15, 31, -13, 0] [12, 29, 13, 1] [13, -19, 17, -10]
------------------------------
ALIVE
Head: (4 51)
Body: (4 51) (3 51) (3 50) (3 49) (3 48) (4 48) (4 47) (4 46) (3 46) (2 46) (2 45) (2 44) (2 43) 
Length: 13, 4
Vision: 3
Hungry, suplies: 3/10
Reproductive: 16, mutating: 0.25
Generation: 25267
####################################
Wall (up, right, down, left):
[4, -11, -18, -2] [10, -10, -22, -4] [4, 2, 1, -11] [16, 3, 8, 11] [-13, 12, 20, -25] [-9, 3, 12, -11] [-30, -13, -10, -6]
[4, 7, 15, -9] [9, 13, 7, 8] [-11, 11, 5, -10] [-24, 21, 0, 15] [30, 9, -5, 1] [-13, -5, 12, 12] [-12, -6, 12, -8]
[3, 5, 35, 2] [-6, 9, -8, 15] [-16, -12, 25, 5] [-60, 21, 34, 35] [-41, -27, -31, 10] [-5, -31, 13, 26] [-9, -8, -9, -15]
[5, 3, 2, -30] [7, 3, 12, -17] [3, 23, 6, -92] [0, 0, 0, 0] [26, -80, 21, 9] [27, -2, -12, 11] [3, -6, 4, 0]
[-29, -21, -4, -19] [6, 21, -5, 4] [-1, 18, -18, -7] [13, 8, -55, 18] [0, -9, -17, 38] [8, 15, -13, 6] [-19, -26, 15, 4]
[16, 20, 4, 16] [5, 5, -13, -22] [10, 9, 17, -4] [-4, -1, -23, 11] [13, 22, -2, 16] [37, -5, -5, 6] [29, 7, 1, 16]
[-3, -14, -17, -11] [7, -4, -5, 0] [-4, -3, 6, -8] [-9, 16, -21, -2] [23, 20, -1, 0] [23, -5, -22, 9] [4, -11, -1, 2]
Food (up, right, down, left):
[24, 2, 0, 15] [-9, 5, -5, -27] [15, -4, -16, 4] [-2, 4, 33, 5] [-1, 7, -2, 11] [0, -19, 8, -1] [-19, 22, 4, -24]
[-39, -8, -15, -24] [0, -4, -10, -5] [-2, 15, 0, 16] [-12, 13, -28, 22] [3, 8, 5, -41] [23, -7, -21, 18] [1, -1, 0, 4]
[-11, 14, -1, -29] [-14, 1, 3, 15] [-35, -34, -14, 5] [29, -17, 5, -9] [-16, -17, -2, -14] [-7, -2, -25, -27] [6, 18, 7, 20]
[6, 2, 16, 31] [-28, -3, -31, 22] [-11, 5, -16, -21] [0, 0, 0, 0] [-33, 27, -18, -5] [-21, 15, -23, 8] [1, 13, -7, 3]
[2, 14, -7, 17] [-1, 4, 13, 6] [15, -8, 28, -1] [-9, -9, 17, -10] [-5, -12, 19, -32] [-2, 39, 17, 17] [14, 12, -5, -48]
[12, -12, 2, -17] [6, 4, 26, 17] [2, 10, 0, 19] [-15, -15, 12, -29] [-14, -16, -9, -22] [3, 22, -16, 16] [10, 35, -10, 0]
[-12, 6, -18, -10] [3, 7, 2, -23] [9, 17, 5, -1] [-3, 7, 29, -29] [16, 31, -13, -2] [12, 29, 13, 1] [13, -19, 17, -10]
------------------------------
ALIVE
Head: (13 33)
Body: (13 33) (12 33) (11 33) (11 32) (11 31) (11 30) (11 29) (11 28) (11 27) (12 27) (13 27) 
Length: 11, 4
Vision: 3
Hungry, suplies: 8/10
Reproductive: 16, mutating: 0.25
Generation: 25275
####################################
Wall (up, right, down, left):
[4, -11, -18, -2] [10, -10, -22, -4] [8, 2, 1, -11] [16, 3, 8, 11] [-13, 15, 20, -25] [-7, 3, 12, -11] [-30, -13, -9, -6]
[4, 7, 15, -9] [9, 13, 7, 8] [-11, 11, 5, -10] [-24, 21, 0, 15] [28, 9, -5, 1] [-13, -5, 12, 12] [-12, -6, 12, -7]
[3, 0, 35, 2] [-6, 9, -8, 15] [-16, -12, 25, 7] [-60, 21, 34, 35] [-41, -29, -31, 10] [-5, -31, 13, 26] [-9, -8, -9, -15]
[0, 3, 6, -30] [7, 3, 11, -17] [1, 23, 6, -88] [0, 0, 0, 0] [26, -81, 21, 9] [27, -2, -12, 11] [3, -6, 4, 1]
[-29, -17, -4, -14] [6, 21, -5, 4] [-1, 18, -18, -7] [13, 8, -55, 18] [0, -9, -17, 38] [8, 15, -13, 4] [-19, -26, 15, 4]
[16, 22, 4, 16] [5, 5, -13, -27] [10, 9, 17, -4] [-4, -1, -23, 11] [13, 22, -2, 17] [37, -5, -3, 6] [29, 7, 1, 16]
[2, -14, -17, -11] [7, -4, -5, 0] [-4, -3, 7, -8] [-9, 16, -21, -1] [23, 20, 1, 0] [23, -5, -22, 9] [4, -11, -1, 2]
Food (up, right, down, left):
[24, 2, 0, 15] [-9, 5, -5, -27] [15, -4, -16, 3] [-2, 4, 33, 5] [-1, 5, -2, 11] [0, -21, 8, -1] [-19, 22, -1, -24]
[-39, -8, -15, -24] [0, -4, -10, -5] [-2, 15, 0, 16] [-12, 13, -28, 22] [3, 8, 1, -41] [23, -7, -21, 18] [1, -5, 0, 4]
[-11, 14, -1, -29] [-14, 1, 3, 15] [-34, -34, -14, 5] [29, -17, 5, -9] [-16, -12, -2, -14] [-7, -2, -25, -27] [6, 18, 7, 20]
[6, 2, 14, 26] [-28, -3, -31, 22] [-10, 5, -17, -21] [0, 0, 0, 0] [-38, 27, -18, -5] [-21, 15, -23, 8] [0, 13, -7, 3]
[0, 14, -11, 17] [-1, 4, 13, 6] [15, -8, 28, -1] [-9, -9, 17, -10] [-5, -12, 19, -32] [-2, 39, 17, 17] [14, 12, -5, -48]
[12, -10, 2, -17] [6, 7, 26, 17] [2, 10, 0, 19] [-15, -15, 12, -29] [-14, -16, -6, -22] [3, 25, -16, 16] [10, 35, -10, 0]
[-12, 6, -17, -10] [3, 10, 2, -23] [9, 13, 5, -1] [-3, 3, 29, -29] [15, 31, -13, 0] [12, 29, 13, 1] [13, -19, 17, -10]
------------------------------
ALIVE
Head: (9 17)
Body: (9 17) (9 16) (9 15) (9 14) (10 14) (10 13) (10 12) (11 12) (11 11) (11 10) (11 9) (11 8) (11 7) (10 7) (10 6) 
Length: 15, 4
Vision: 3
Hungry, suplies: 7/10
Reproductive: 16, mutating: 0.25
Generation: 25271
####################################
Wall (up, right, down, left):
[4, -11, -18, -2] [10, -10, -22, -4] [8, 2, 1, -11] [16, 3, 8, 11] [-13, 15, 20, -25] [-9, 3, 12, -11] [-30, -13, -9, -6]
[4, 7, 15, -9] [9, 13, 7, 8] [-11, 11, 5, -10] [-24, 21, 0, 15] [28, 9, -5, 1] [-13, -5, 12, 12] [-12, -6, 12, -7]
[3, 5, 35, 2] [-6, 9, -8, 15] [-16, -12, 25, 7] [-60, 21, 34, 35] [-41, -29, -31, 10] [-5, -31, 13, 26] [-14, -8, -9, -15]
[0, 3, 6, -30] [7, 3, 11, -17] [3, 23, 6, -88] [0, 0, 0, 0] [26, -81, 21, 9] [27, -2, -12, 11] [3, -6, 4, 1]
[-29, -17, -4, -19] [6, 21, -5, 4] [-1, 18, -18, -7] [13, 8, -55, 18] [0, -9, -17, 38] [8, 15, -13, 4] [-16, -26, 15, 4]
[16, 22, 4, 16] [5, 5, -13, -27] [10, 9, 17, -4] [-4, -1, -23, 11] [13, 22, -2, 17] [37, -5, -3, 6] [29, 7, 1, 16]
[2, -14, -17, -11] [7, -4, -5, 0] [-4, -3, 7, -8] [-9, 16, -21, -1] [23, 20, 1, 0] [23, -5, -22, 9] [4, -11, -1, 2]
Food (up, right, down, left):
[24, 2, 0, 15] [-9, 5, -5, -27] [15, -4, -16, 3] [-2, 4, 33, 5] [-1, 5, -2, 11] [0, -19, 8, -1] [-19, 22, -1, -24]
[-39, -8, -15, -24] [0, -4, -10, -5] [-2, 15, 0, 16] [-12, 13, -28, 22] [3, 8, 1, -41] [23, -7, -21, 18] [1, -5, 0, 4]
[-11, 14, -1, -29] [-14, 1, 3, 15] [-34, -34, -14, 5] [29, -17, 5, -9] [-16, -12, -2, -14] [-7, -2, -25, -27] [6, 23, 7, 20]
[6, 2, 14, 26] [-28, -3, -31, 22] [-10, 5, -16, -21] [0, 0, 0, 0] [-38, 27, -18, -5] [-21, 15, -23, 8] [0, 13, -7, 3]
[0, 14, -7, 17] [-1, 4, 13, 6] [15, -8, 28, -1] [-9, -9, 17, -10] [-5, -12, 19, -32] [-2, 39, 17, 17] [11, 12, -5, -48]
[12, -10, 2, -17] [6, 7, 26, 17] [2, 10, 0, 19] [-15, -15, 12, -29] [-14, -16, -6, -22] [3, 25, -16, 16] [10, 35, -10, 0]
[-12, 6, -17, -10] [3, 10, 2, -23] [9, 13, 5, -1] [-3, 3, 29, -29] [15, 31, -13, 0] [12, 29, 13, 1] [13, -19, 17, -10]
------------------------------
DEAD: Wall
Head: (10 8)
Body: (10 8) (10 9) (10 10) (9 10) (9 9) (9 8) (9 7) (8 7) (7 7) (6 7) (6 6) (7 6) (7 5) (7 4) 
Length: 14, 4
Vision: 3
Hungry, suplies: 7/10
Reproductive: 16, mutating: 0.25
Generation: 25269
####################################
Wall (up, right, down, left):
[4, -11, -18, -2] [10, -10, -22, -4] [8, 2, 1, -11] [16, 3, 8, 11] [-13, 15, 20, -25] [-9, 3, 12, -11] [-30, -13, -9, -6]
[4, 7, 15, -9] [9, 13, 7, 8] [-11, 11, 5, -10] [-24, 21, 0, 15] [28, 9, -5, 1] [-13, -5, 12, 12] [-12, -6, 12, -7]
[3, 5, 35, 2] [-6, 9, -8, 15] [-16, -12, 25, 7] [-60, 21, 34, 35] [-41, -29, -31, 10] [-5, -31, 13, 26] [-14, -8, -9, -15]
[0, 3, 6, -30] [7, 3, 11, -17] [3, 23, 6, -88] [0, 0, 0, 0] [26, -81, 21, 9] [27, -2, -12, 11] [3, -6, 4, 1]
[-29, -17, -4, -19] [6, 21, -5, 4] [-1, 18, -18, -7] [13, 8, -55, 18] [0, -9, -17, 38] [8, 15, -13, 4] [-16, -26, 15, 4]
[16, 22, 4, 16] [5, 5, -13, -27] [10, 9, 17, -4] [-4, -1, -23, 11] [13, 22, -2, 17] [37, -5, -3, 6] [29, 7, 1, 16]
[2, -14, -17, -11] [7, -4, -5, 0] [-4, -3, 7, -8] [-9, 16, -21, -1] [23, 20, 1, 0] [23, -5, -22, 9] [4, -11, -1, 2]
Food (up, right, down, left):
[24, 2, 0, 15] [-9, 5, -5, -27] [15, -4, -16, 3] [-2, 4, 33, 5] [-1, 5, -2, 11] [0, -19, 8, -1] [-19, 22, -1, -24]
[-39, -8, -15, -24] [0, -4, -10, -5] [-2, 15, 0, 16] [-12, 13, -28, 22] [3, 8, 1, -41] [23, -7, -21, 18] [1, -5, 0, 4]
[-11, 14, -1, -29] [-14, 1, 3, 15] [-34, -34, -14, 5] [29, -17, 5, -9] [-16, -12, -2, -14] [-7, -2, -25, -27] [6, 23, 7, 20]
[6, 2, 14, 26] [-28, -3, -31, 22] [-10, 5, -16, -21] [0, 0, 0, 0] [-38, 27, -18, -5] [-21, 15, -23, 8] [0, 13, -7, 3]
[0, 14, -7, 17] [-1, 4, 13, 6] [15, -8, 28, -1] [-9, -9, 17, -10] [-5, -12, 19, -32] [-2, 39, 17, 17] [11, 12, -5, -48]
[12, -10, 2, -17] [6, 7, 26, 17] [2, 10, 0, 19] [-15, -15, 12, -29] [-14, -16, -6, -22] [3, 25, -16, 16] [10, 35, -10, 0]
[-12, 6, -17, -10] [3, 10, 2, -23] [9, 13, 5, -1] [-3, 3, 29, -29] [15, 31, -13, 0] [12, 29, 13, 1] [13, -19, 17, -10]
------------------------------
ALIVE
Head: (8 1)
Body: (8 1) (7 1) (7 57) (7 56) (7 55) (8 55) (8 54) (8 53) (9 53) (10 53) (11 53) 
Length: 11, 4
Vision: 3
Hungry, suplies: 6/10
Reproductive: 16, mutating: 0.25
Generation: 25271
####################################
Wall (up, right, down, left):
[4, -11, -18, -2] [10, -10, -22, -4] [4, 2, 1, -11] [16, 3, 8, 11] [-13, 12, 20, -25] [-9, 3, 12, -11] [-30, -13, -10, -6]
[9, 7, 15, -9] [9, 13, 7, 8] [-11, 11, 5, -10] [-24, 21, 0, 15] [28, 9, -5, 1] [-13, -5, 12, 12] [-12, -6, 12, -10]
[3, 5, 35, 2] [-6, 9, -8, 15] [-16, -12, 25, 5] [-60, 21, 34, 35] [-41, -27, -31, 10] [-5, -31, 13, 26] [-9, -8, -9, -15]
[5, 3, 2, -30] [7, 3, 12, -17] [3, 23, 6, -92] [0, 0, 0, 0] [26, -80, 21, 9] [27, -2, -12, 11] [3, -6, 4, 0]
[-29, -21, -4, -19] [6, 21, -5, 4] [-1, 18, -18, -7] [13, 8, -55, 18] [0, -9, -17, 38] [8, 15, -13, 6] [-19, -26, 15, 4]
[16, 20, 4, 16] [5, 5, -13, -22] [10, 9, 17, -4] [-4, -1, -23, 11] [13, 22, -2, 16] [37, -5, -5, 6] [29, 7, 1, 16]
[-3, -14, -17, -11] [7, -4, -5, 0] [-4, -3, 6, -8] [-9, 16, -21, -2] [23, 20, -1, 0] [23, -5, -22, 9] [4, -11, -1, 2]
Food (up, right, down, left):
[24, 2, 0, 15] [-9, 5, -5, -27] [15, -4, -16, 4] [-2, 4, 33, 5] [-1, 7, -2, 11] [0, -19, 8, -1] [-19, 22, 4, -24]
[-39, -11, -15, -24] [0, -4, -10, -5] [-2, 15, 0, 16] [-12, 13, -28, 22] [3, 8, 1, -41] [23, -7, -21, 18] [1, -4, 0, 4]
[-11, 14, -1, -29] [-14, 1, 3, 15] [-35, -34, -14, 5] [29, -17, 5, -9] [-16, -17, -2, -14] [-7, -2, -25, -27] [6, 18, 7, 20]
[6, 2, 16, 31] [-28, -3, -31, 22] [-11, 5, -16, -21] [0, 0, 0, 0] [-33, 27, -18, -5] [-21, 15, -23, 8] [1, 13, -7, 3]
[2, 14, -7, 17] [-1, 4, 13, 6] [15, -8, 28, -1] [-9, -9, 17, -10] [-5, -12, 19, -32] [-2, 39, 17, 17] [14, 12, -5, -48]
[12, -12, 2, -17] [6, 4, 26, 17] [2, 10, 0, 19] [-15, -15, 12, -29] [-14, -16, -9, -22] [3, 22, -16, 16] [10, 35, -10, 0]
[-12, 6, -18, -10] [3, 7, 2, -23] [9, 17, 5, -1] [-3, 7, 29, -29] [16, 31, -13, -2] [12, 29, 13, 1] [13, -14, 17, -10]
------------------------------
ALIVE
Head: (8 35)
Body: (8 35) (8 36) (9 36) (9 37) (9 38) (9 39) (9 40) (9 41) (8 41) (8 42) (8 43) (8 44) 
Length: 12, 4
Vision: 3
Hungry, suplies: 1/10
Reproductive: 16, mutating: 0.25
Generation: 25276
####################################
Wall (up, right, down, left):
[4, -11, -18, -2] [10, -10, -22, -4] [8, 2, 1, -11] [16, 3, 8, 11] [-13, 15, 20, -25] [-9, 3, 12, -11] [-30, -13, -9, -6]
[4, 7, 15, -9] [9, 13, 7, 4] [-11, 11, 5, -10] [-24, 21, 0, 15] [28, 9, -5, 1] [-13, -5, 12, 12] [-12, -6, 12, -7]
[3, 5, 35, 2] [-6, 9, -8, 15] [-16, -12, 25, 7] [-60, 21, 34, 35] [-41, -29, -31, 10] [-5, -31, 13, 26] [-9, -8, -9, -15]
[0, 3, 6, -30] [7, 3, 11, -17] [3, 23, 6, -88] [0, 0, 0, 0] [26, -81, 21, 9] [27, -2, -12, 11] [3, -6, 4, 1]
[-29, -17, -4, -19] [6, 21, -5, 4] [-1, 18, -18, -7] [13, 8, -55, 18] [0, -9, -17, 38] [8, 15, -13, 4] [-16, -26, 15, 4]
[16, 22, 4, 16] [5, 5, -13, -27] [10, 9, 17, -4] [-4, -1, -23, 11] [13, 22, -2, 17] [37, -5, -3, 6] [29, 7, 1, 16]
[2, -14, -17, -11] [7, -4, -5, 0] [-4, -3, 7, -8] [-9, 16, -21, -1] [23, 20, 1, 0] [23, -5, -22, 9] [4, -11, -1, 2]
Food (up, right, down, left):
[24, 2, 0, 15] [-9, 5, -5, -27] [15, -4, -16, 3] [-2, 4, 33, 5] [-1, 5, -2, 11] [0, -19, 8, -1] [-19, 22, -1, -24]
[-39, -8, -15, -24] [0, -5, -10, -5] [-2, 15, 0, 16] [-12, 13, -28, 22] [3, 8, 1, -41] [23, -7, -21, 18] [1, -5, 0, 4]
[-11, 14, -1, -29] [-14, 1, 3, 15] [-34, -34, -14, 5] [29, -17, 5, -9] [-16, -12, -2, -14] [-7, -2, -25, -27] [6, 18, 7, 20]
[6, 2, 14, 26] [-28, -3, -31, 22] [-10, 5, -16, -21] [0, 0, 0, 0] [-38, 27, -18, -5] [-21, 15, -23, 8] [0, 13, -7, 3]
[0, 14, -7, 17] [-1, 4, 13, 6] [15, -8, 28, -1] [-9, -9, 17, -10] [-5, -12, 19, -32] [-2, 39, 17, 17] [11, 12, -5, -48]
[12, -10, 2, -17] [6, 7, 26, 17] [2, 10, 0, 19] [-15, -15, 12, -29] [-14, -16, -6, -22] [3, 25, -16, 16] [10, 35, -10, 0]
[-12, 6, -17, -10] [3, 10, 2, -23] [9, 13, 5, -1] [-3, 3, 29, -29] [15, 31, -13, 0] [12, 29, 13, 1] [13, -19, 17, -10]
------------------------------
ALIVE
Head: (24 30)
Body: (24 30) (24 29) (23 29) (23 28) (23 27) (23 26) (22 26) (21 26) (21 25) (20 25) (19 25) (19 24) 
Length: 12, 4
Vision: 3
Hungry, suplies: 9/10
Reproductive: 16, mutating: 0.25
Generation: 25271
####################################
Wall (up, right, down, left):
[4, -11, -18, -2] [10, -10, -22, -4] [8, 2, 1, -11] [16, 3, 8, 11] [-13, 15, 20, -25] [-9, 3, 12, -11] [-30, -13, -9, -6]
[4, 7, 15, -9] [9, 13, 7, 8] [-11, 11, 5, -10] [-24, 21, 0, 15] [28, 9, -5, 1] [-13, -5, 12, 12] [-12, -6, 12, -7]
[3, 5, 35, 2] [-6, 9, -8, 15] [-16, -12, 25, 7] [-60, 21, 34, 35] [-41, -29, -31, 10] [-5, -31, 13, 26] [-14, -8, -9, -15]
[0, 3, 6, -30] [7, 3, 11, -17] [3, 23, 6, -88] [0, 0, 0, 0] [26, -81, 21, 9] [27, -2, -12, 11] [3, -6, 4, 1]
[-29, -17, -4, -19] [6, 21, -5, 4] [-1, 18, -18, -7] [13, 8, -55, 18] [0, -9, -17, 38] [8, 15, -13, 4] [-16, -26, 15, 4]
[16, 22, 4, 16] [5, 5, -13, -27] [10, 9, 17, -4] [-4, -1, -23, 11] [13, 22, -2, 17] [37, -5, -3, 6] [29, 7, 1, 16]
[2, -14, -17, -11] [7, -4, -5, 0] [-4, -3, 7, -8] [-9, 16, -21, -1] [23, 20, 1, 0] [23, -5, -22, 9] [4, -11, -1, 2]
Food (up, right, down, left):
[24, 2, 0, 15] [-9, 5, -5, -27] [15, -4, -16, 3] [-2, 4, 33, 5] [-1, 5, -2, 11] [0, -19, 8, -1] [-19, 22, -1, -24]
[-39, -8, -15, -24] [0, -4, -10, -5] [-2, 15, 0, 16] [-12, 13, -28, 22] [3, 8, 1, -41] [23, -7, -21, 18] [1, -5, 0, 4]
[-11, 14, -1, -29] [-14, 1, 3, 15] [-34, -34, -14, 5] [29, -17, 5, -9] [-16, -12, -2, -14] [-7, -2, -25, -27] [6, 23, 7, 20]
[6, 2, 14, 26] [-28, -3, -31, 22] [-10, 5, -16, -21] [0, 0, 0, 0] [-38, 27, -18, -5] [-21, 15, -23, 8] [0, 13, -7, 3]
[0, 14, -7, 17] [-1, 4, 13, 6] [15, -8, 28, -1] [-9, -9, 17, -10] [-5, -12, 19, -32] [-2, 39, 17, 17] [11, 12, -5, -48]
[12, -10, 2, -17] [6, 7, 26, 17] [2, 10, 0, 19] [-15, -15, 12, -29] [-14, -16, -6, -22] [3, 25, -16, 16] [10, 35, -10, 0]
[-12, 6, -17, -10] [3, 10, 2, -23] [9, 13, 5, -1] [-3, 3, 29, -29] [15, 31, -13, 0] [12, 29, 13, 1] [13, -19, 17, -10]
------------------------------
ALIVE
Head: (18 29)
Body: (18 29) (17 29) (17 30) (18 30) (18 31) (18 32) (18 33) (18 34) (19 34) (19 33) 
Length: 10, 4
Vision: 3
Hungry, suplies: 10/10
Reproductive: 16, mutating: 0.25
Generation: 25274
####################################
Wall (up, right, down, left):
[4, -11, -18, -2] [10, -10, -22, -4] [8, 2, 1, -11] [16, 3, 8, 11] [-13, 15, 20, -25] [-9, 3, 12, -11] [-30, -13, -9, -6]
[4, 7, 15, -9] [9, 13, 7, 8] [-11, 11, 5, -10] [-24, 21, 0, 15] [28, 9, -5, 1] [-13, -5, 12, 12] [-12, -6, 12, -7]
[3, 5, 35, 2] [-6, 9, -8, 15] [-16, -12, 25, 7] [-60, 21, 34, 35] [-41, -29, -31, 10] [-5, -31, 13, 26] [-9, -8, -9, -15]
[0, 3, 6, -30] [7, 3, 11, -17] [3, 23, 6, -88] [0, 0, 0, 0] [26, -81, 21, 9] [27, -2, -12, 11] [3, -6, 4, 1]
[-29, -17, -4, -19] [6, 21, -5, 4] [-1, 18, -18, -7] [13, 8, -55, 18] [0, -9, -17, 38] [8, 15, -13, 4] [-16, -26, 15, 4]
[16, 22, 4, 16] [5, 5, -13, -27] [10, 9, 17, -4] [-4, -1, -23, 11] [13, 22, -2, 17] [37, -5, -3, 6] [29, 7, 1, 16]
[2, -14, -17, -11] [7, -4, -5, 0] [-4, -3, 7, -8] [-9, 16, -21, -1] [23, 20, 1, 0] [23, -5, -22, 9] [4, -11, -1, 2]
Food (up, right, down, left):
[24, 2, 0, 15] [-9, 5, -5, -27] [15, -4, -16, 3] [-2, 4, 33, 5] [-1, 5, -2, 11] [0, -19, 8, -1] [-19, 22, -1, -24]
[-39, -8, -15, -24] [0, -4, -10, -5] [-2, 15, 0, 16] [-12, 13, -28, 22] [3, 8, 1, -41] [23, -7, -21, 18] [1, -5, 0, 4]
[-11, 14, -1, -29] [-14, 1, 3, 15] [-34, -34, -14, 5] [29, -17, 5, -9] [-16, -12, -2, -14] [-7, -2, -25, -27] [6, 18, 7, 20]
[6, 2, 14, 26] [-28, -3, -31, 22] [-10, 5, -16, -21] [0, 0, 0, 0] [-38, 27, -18, -5] [-21, 15, -23, 8] [0, 13, -7, 3]
[0, 14, -7, 17] [-1, 4, 13, 6] [15, -8, 28, -1] [-9, -9, 17, -10] [-5, -12, 19, -32] [-2, 39, 17, 17] [11, 12, -5, -48]
[12, -10, 2, -17] [6, 7, 26, 17] [2, 10, 0, 19] [-15, -15, 12, -29] [-14, -16, -6, -22] [3, 25, -16, 16] [10, 35, -10, 0]
[-12, 6, -17, -10] [3, 10, 2, -23] [9, 13, 5, -1] [-3, 3, 29, -29] [15, 31, -13, 0] [12, 29, 13, 1] [13, -19, 17, -10]
------------------------------
ALIVE
Head: (7 11)
Body: (7 11) (7 12) (8 12) (8 13) (7 13) (7 14) (6 14) (6 13) (6 12) (5 12) (5 11) 
Length: 11, 4
Vision: 3
Hungry, suplies: 4/10
Reproductive: 16, mutating: 0.25
Generation: 25271
####################################
Wall (up, right, down, left):
[4, -11, -18, -2] [10, -10, -22, -4] [8, 2, 1, -11] [16, 3, 8, 11] [-13, 15, 20, -25] [-7, 3, 12, -11] [-30, -13, -9, -6]
[4, 7, 15, -9] [9, 13, 2, 8] [-11, 11, 5, -10] [-24, 21, 0, 15] [28, 9, -5, 1] [-13, -5, 12, 12] [-12, -6, 12, -7]
[3, 0, 35, 2] [-6, 9, -8, 15] [-16, -12, 25, 7] [-60, 21, 34, 35] [-41, -29, -26, 10] [-5, -31, 13, 26] [-9, -8, -9, -15]
[0, 3, 6, -30] [7, 3, 11, -17] [3, 23, 6, -88] [0, 0, 0, 0] [26, -81, 21, 9] [27, -2, -12, 11] [3, -6, 4, 1]
[-29, -16, -4, -19] [6, 21, -5, 4] [-1, 18, -18, -7] [13, 8, -55, 18] [0, -9, -17, 38] [8, 15, -13, 4] [-19, -26, 15, 4]
[16, 22, 5, 16] [5, 5, -13, -27] [10, 9, 17, -4] [-4, -1, -23, 11] [13, 22, -2, 17] [37, -5, -3, 6] [29, 7, 1, 16]
[2, -14, -17, -11] [7, -4, -5, 0] [-4, -3, 7, -8] [-9, 16, -21, -1] [23, 20, 1, 0] [23, -5, -22, 9] [4, -11, -1, 2]
Food (up, right, down, left):
[24, 2, 0, 15] [-9, 5, -5, -27] [15, -4, -16, 3] [-2, 4, 33, 5] [-1, 5, -2, 11] [0, -21, 8, -1] [-19, 22, -1, -24]
[-39, -8, -15, -24] [0, -4, -14, -5] [-2, 15, 0, 16] [-12, 13, -28, 22] [3, 8, 1, -41] [23, -7, -21, 18] [1, -5, 0, 4]
[-11, 14, -1, -29] [-14, 1, 3, 15] [-34, -34, -14, 5] [29, -17, 5, -9] [-19, -12, -2, -14] [-7, -2, -25, -27] [6, 18, 7, 20]
[6, 2, 14, 26] [-28, -3, -31, 22] [-10, 5, -16, -21] [0, 0, 0, 0] [-38, 27, -18, -5] [-21, 15, -23, 8] [0, 13, -7, 3]
[0, 14, -7, 20] [-1, 4, 13, 6] [15, -8, 28, -1] [-9, -9, 17, -10] [-5, -12, 19, -32] [-2, 39, 17, 17] [14, 12, -5, -48]
[12, -11, 2, -17] [6, 7, 26, 17] [2, 10, 0, 19] [-15, -15, 12, -29] [-14, -16, -6, -22] [3, 25, -16, 16] [10, 35, -10, 0]
[-12, 6, -17, -10] [3, 10, 2, -23] [9, 13, 5, -1] [-3, 3, 29, -29] [15, 31, -13, 0] [12, 29, 13, 1] [13, -19, 17, -10]
------------------------------
ALIVE
Head: (21 42)
Body: (21 42) (21 41) (21 40) (20 40) (19 40) (19 39) (19 38) (19 37) (19 36) (19 35) (20 35) 
Length: 11, 4
Vision: 3
Hungry, suplies: 10/10
Reproductive: 16, mutating: 0.25
Generation: 25274
####################################
Wall (up, right, down, left):
[4, -11, -18, -2] [10, -10, -22, -4] [8, 2, 1, -11] [16, 3, 8, 11] [-13, 15, 20, -25] [-9, 3, 12, -11] [-30, -13, -9, -6]
[4, 7, 15, -9] [9, 13, 7, 8] [-11, 11, 5, -10] [-24, 21, 0, 15] [28, 9, -5, 1] [-13, -5, 12, 12] [-12, -6, 12, -7]
[3, 5, 35, 2] [-6, 9, -8, 15] [-16, -12, 25, 7] [-60, 21, 34, 35] [-41, -29, -31, 10] [-5, -31, 13, 26] [-14, -8, -9, -15]
[0, 3, 6, -30] [7, 3, 11, -17] [3, 23, 6, -88] [0, 0, 0, 0] [26, -81, 21, 9] [27, -2, -12, 11] [3, -6, 4, 1]
[-29, -17, -4, -19] [6, 21, -5, 4] [-1, 18, -18, -7] [13, 8, -55, 18] [0, -9, -17, 38] [8, 15, -13, 4] [-16, -26, 15, 4]
[16, 22, 4, 16] [5, 5, -13, -27] [10, 9, 17, -4] [-4, -1, -23, 11] [13, 22, -2, 17] [37, -5, -3, 6] [29, 7, 1, 16]
[2, -14, -17, -11] [7, -4, -5, 0] [-4, -3, 7, -8] [-9, 16, -21, -1] [23, 20, 1, 0] [23, -5, -22, 9] [4, -11, -1, 2]
Food (up, right, down, left):
[24, 2, 0, 15] [-9, 5, -5, -27] [15, -4, -16, 3] [-2, 4, 33, 5] [-1, 5, -2, 11] [0, -19, 8, -1] [-19, 22, -1, -24]
[-39, -8, -15, -24] [0, -4, -10, -5] [-2, 15, 0, 16] [-12, 13, -28, 22] [3, 8, 1, -41] [23, -7, -21, 18] [1, -5, 0, 4]
[-11, 14, -1, -29] [-14, 1, 3, 15] [-34, -34, -14, 5] [29, -17, 5, -9] [-16, -12, -2, -14] [-7, -2, -25, -27] [6, 23, 7, 20]
[6, 2, 14, 26] [-28, -3, -31, 22] [-10, 5, -16, -21] [0, 0, 0, 0] [-38, 27, -18, -5] [-21, 15, -23, 8] [0, 13, -7, 3]
[0, 14, -7, 17] [-1, 4, 13, 6] [15, -8, 28, -1] [-9, -9, 17, -10] [-5, -12, 19, -32] [-2, 39, 17, 17] [11, 12, -5, -48]
[12, -10, 2, -17] [6, 7, 26, 17] [2, 10, 0, 19] [-15, -15, 12, -29] [-14, -16, -6, -22] [3, 25, -16, 16] [10, 35, -10, 0]
[-12, 6, -17, -10] [3, 10, 2, -23] [9, 13, 5, -1] [-3, 3, 29, -29] [15, 31, -13, 0] [12, 29, 13, 1] [13, -19, 17, -10]
------------------------------
ALIVE
Head: (21 7)
Body: (21 7) (21 6) (21 5) (22 5) (22 4) (22 3) (21 3) (21 4) (20 4) 
Length: 9, 4
Vision: 3
Hungry, suplies: 8/10
Reproductive: 16, mutating: 0.25
Generation: 25270
####################################
Wall (up, right, down, left):
[4, -11, -18, -2] [10, -10, -22, -4] [4, 2, 1, -11] [16, 3, 8, 11] [-13, 12, 20, -25] [-9, 3, 12, -11] [-30, -13, -10, -6]
[4, 7, 15, -9] [9, 13, 7, 8] [-11, 11, 5, -10] [-24, 21, 0, 15] [30, 9, -5, 1] [-13, -5, 12, 12] [-12, -6, 12, -8]
[3, 5, 35, 2] [-6, 9, -8, 15] [-16, -12, 25, 5] [-60, 21, 34, 35] [-41, -27, -31, 10] [-5, -31, 13, 26] [-9, -8, -9, -15]
[5, 3, 2, -30] [7, 3, 12, -17] [3, 23, 6, -92] [0, 0, 0, 0] [26, -80, 21, 9] [27, -2, -12, 11] [3, -6, 4, 0]
[-29, -21, -4, -19] [6, 21, -5, 4] [-1, 18, -18, -7] [13, 8, -55, 18] [0, -9, -17, 38] [8, 15, -13, 6] [-19, -26, 15, 4]
[16, 20, 4, 16] [5, 5, -13, -22] [10, 9, 17, -4] [-4, -1, -23, 11] [13, 22, -2, 16] [37, -5, -5, 6] [29, 7, 1, 16]
[-3, -14, -17, -11] [7, -4, -5, 0] [-4, -3, 6, -8] [-9, 16, -21, -2] [23, 20, -1, 0] [23, -5, -22, 9] [4, -11, -1, 2]
Food (up, right, down, left):
[24, 2, 0, 15] [-9, 5, -5, -27] [15, -4, -16, 4] [-2, 4, 33, 5] [-1, 7, -2, 11] [0, -19, 8, -1] [-19, 22, 4, -24]
[-39, -8, -15, -24] [0, -4, -10, -5] [-2, 15, 0, 16] [-12, 13, -28, 22] [3, 8, 5, -41] [23, -7, -21, 18] [1, -1, 0, 4]
[-11, 14, -1, -29] [-14, 1, 3, 15] [-35, -34, -14, 5] [29, -17, 5, -9] [-16, -17, -2, -14] [-7, -2, -25, -27] [6, 18, 7, 20]
[6, 2, 16, 31] [-28, -3, -31, 22] [-11, 5, -16, -21] [0, 0, 0, 0] [-33, 27, -18, -5] [-21, 15, -23, 8] [1, 13, -7, 3]
[2, 14, -7, 17] [-1, 4, 13, 6] [15, -8, 28, -1] [-9, -9, 17, -10] [-5, -12, 19, -32] [-2, 39, 17, 17] [14, 12, -5, -48]
[12, -12, 2, -17] [6, 4, 26, 17] [2, 10, 0, 19] [-15, -15, 12, -29] [-14, -16, -9, -22] [3, 22, -16, 16] [10, 35, -10, 0]
[-12, 6, -18, -10] [3, 7, 2, -23] [9, 17, 5, -1] [-3, 7, 29, -29] [16, 31, -13, -2] [12, 29, 13, 1] [13, -19, 17, -10]
------------------------------
ALIVE
Head: (18 14)
Body: (18 14) (17 14) (17 13) (16 13) (15 13) (14 13) (13 13) (12 13) (11 13) 
Length: 9, 4
Vision: 3
Hungry, suplies: 8/10
Reproductive: 16, mutating: 0.25
Generation: 25276
####################################
Wall (up, right, down, left):
[4, -11, -18, -2] [10, -10, -22, -4] [8, 2, 1, -11] [16, 3, 8, 11] [-13, 15, 20, -25] [-9, 3, 12, -11] [-30, -13, -9, -6]
[4, 7, 15, -9] [9, 13, 7, 8] [-11, 11, 5, -10] [-24, 21, 0, 15] [28, 9, -5, 1] [-13, -5, 12, 12] [-12, -6, 12, -7]
[3, 5, 35, 2] [-6, 9, -8, 15] [-16, -12, 25, 7] [-60, 21, 34, 35] [-41, -29, -31, 10] [-5, -31, 13, 26] [-14, -8, -9, -15]
[0, 3, 6, -30] [7, 3, 11, -17] [3, 23, 6, -88] [0, 0, 0, 0] [26, -81, 21, 9] [27, -2, -12, 11] [3, -6, 4, 1]
[-29, -17, -4, -19] [6, 21, -5, 4] [-1, 18, -18, -7] [13, 8, -55, 18] [0, -9, -17, 38] [8, 15, -13, 4] [-16, -26, 15, 4]
[16, 22, 4, 16] [5, 5, -13, -27] [10, 9, 17, -4] [-4, -1, -23, 11] [16, 22, -2, 17] [37, -5, -3, 6] [29, 7, 1, 16]
[2, -14, -17, -11] [7, -4, -5, 0] [-4, -3, 7, -8] [-9, 16, -21, -1] [23, 20, 1, 0] [23, -5, -22, 9] [4, -11, -1, 2]
Food (up, right, down, left):
[24, 2, 0, 15] [-9, 5, -5, -27] [15, -4, -16, 3] [-2, 4, 33, 5] [-1, 5, -2, 11] [0, -19, 8, -1] [-19, 22, -1, -24]
[-39, -8, -15, -24] [0, -4, -10, -5] [-2, 15, 0, 16] [-12, 13, -28, 22] [3, 8, 1, -41] [23, -7, -21, 18] [1, -5, 0, 4]
[-11, 14, -1, -29] [-14, 1, 3, 15] [-34, -34, -14, 5] [29, -17, 5, -9] [-16, -12, -2, -14] [-7, -2, -25, -27] [6, 23, 7, 20]
[6, 2, 14, 26] [-28, -3, -31, 22] [-10, 5, -16, -21] [0, 0, 0, 0] [-38, 27, -18, -5] [-21, 15, -23, 8] [0, 13, -7, 3]
[0, 14, -7, 17] [-1, 4, 13, 6] [15, -8, 28, -1] [-9, -9, 17, -10] [-5, -12, 19, -32] [-2, 39, 17, 17] [11, 12, -5, -48]
[12, -10, 2, -17] [6, 7, 26, 17] [2, 10, 0, 19] [-15, -15, 12, -29] [-14, -16, -6, -25] [3, 25, -16, 16] [10, 35, -10, 0]
[-12, 6, -17, -10] [3, 10, 2, -23] [9, 13, 5, -1] [-3, 3, 29, -29] [15, 31, -13, 0] [12, 29, 13, 1] [13, -19, 17, -10]
------------------------------
ALIVE
Head: (23 54)
Body: (23 54) (22 54) (22 53) (22 52) (22 51) (21 51) (20 51) (20 50) (19 50) (18 50) 
Length: 10, 4
Vision: 3
Hungry, suplies: 9/10
Reproductive: 16, mutating: 0.25
Generation: 25269
####################################
Wall (up, right, down, left):
[4, -11, -18, -2] [10, -10, -22, -4] [8, 2, 1, -11] [16, 3, 8, 11] [-13, 15, 20, -25] [-9, 3, 12, -11] [-30, -13, -9, -6]
[4, 7, 15, -9] [9, 13, 7, 8] [-11, 11, 5, -10] [-24, 21, 0, 15] [28, 9, -5, 1] [-13, -5, 12, 12] [-12, -6, 12, -7]
[3, 5, 35, 2] [-6, 9, -8, 15] [-16, -12, 25, 7] [-60, 21, 34, 35] [-41, -29, -31, 10] [-5, -31, 13, 26] [-9, -8, -9, -15]
[0, 3, 6, -30] [7, 3, 11, -17] [3, 23, 6, -88] [0, 0, 0, 0] [26, -81, 21, 9] [27, -2, -12, 11] [3, -6, 4, 1]
[-29, -17, -4, -19] [6, 21, -5, 4] [-1, 18, -18, -9] [13, 8, -55, 18] [0, -9, -17, 38] [8, 15, -13, 4] [-16, -26, 15, 4]
[16, 22, 4, 16] [5, 5, -13, -27] [10, 9, 17, -4] [-4, -1, -23, 11] [13, 22, -2, 17] [37, -5, -3, 6] [29, 7, 1, 16]
[2, -14, -17, -11] [7, -4, -5, 0] [-4, -3, 7, -8] [-9, 16, -21, -1] [23, 20, 1, 0] [23, -5, -22, 9] [4, -11, -1, 2]
Food (up, right, down, left):
[24, 2, 0, 15] [-9, 5, -5, -27] [15, -4, -16, 3] [-2, 4, 33, 5] [-1, 5, -2, 11] [0, -19, 8, -1] [-19, 22, -1, -24]
[-39, -8, -15, -24] [0, -4, -10, -5] [-2, 15, 0, 16] [-12, 13, -28, 22] [3, 8, 1, -41] [23, -7, -21, 18] [1, -5, 0, 4]
[-11, 14, -1, -29] [-14, 1, 3, 15] [-34, -34, -14, 5] [29, -17, 5, -9] [-16, -12, -2, -14] [-7, -2, -25, -27] [6, 18, 7, 20]
[6, 2, 14, 26] [-28, -3, -31, 22] [-10, 5, -16, -21] [0, 0, 0, 0] [-38, 27, -18, -5] [-21, 15, -23, 8] [0, 13, -7, 3]
[0, 14, -7, 17] [-1, 4, 13, 6] [19, -8, 28, -1] [-9, -9, 17, -10] [-5, -12, 19, -32] [-2, 39, 17, 17] [11, 12, -5, -48]
[12, -10, 2, -17] [6, 7, 26, 17] [2, 10, 0, 19] [-15, -15, 12, -29] [-14, -16, -6, -22] [3, 25, -16, 16] [10, 35, -10, 0]
[-12, 6, -17, -10] [3, 10, 2, -23] [9, 13, 5, -1] [-3, 3, 29, -29] [15, 31, -13, 0] [12, 29, 13, 1] [13, -19, 17, -10]
------------------------------
ALIVE
Head: (0 20)
Body: (0 20) (0 19) (0 18) (0 17) (1 17) (1 16) (2 16) (2 17) (2 18) 
Length: 9, 4
Vision: 3
Hungry, suplies: 7/10
Reproductive: 16, mutating: 0.25
Generation: 25273
####################################
Wall (up, right, down, left):
[4, -11, -18, -2] [10, -10, -22, -4] [8, 2, 1, -11] [16, 3, 8, 11] [-13, 15, 20, -25] [-9, 3, 12, -11] [-30, -13, -9, -6]
[4, 7, 15, -9] [9, 13, 7, 8] [-11, 11, 5, -10] [-24, 21, 0, 15] [28, 9, -5, 1] [-13, -5, 12, 12] [-12, -6, 12, -7]
[3, 5, 35, 2] [-6, 9, -8, 15] [-16, -12, 25, 7] [-60, 21, 34, 35] [-41, -29, -31, 10] [-5, -33, 13, 26] [-14, -8, -9, -15]
[0, 3, 6, -30] [7, 3, 11, -17] [3, 23, 6, -88] [0, 0, 0, 0] [26, -81, 21, 9] [27, -2, -12, 11] [3, -6, 4, 1]
[-29, -17, -4, -19] [6, 21, -5, 4] [-1, 18, -18, -7] [13, 8, -55, 18] [0, -9, -17, 38] [8, 15, -13, 4] [-16, -26, 15, 4]
[16, 22, 4, 16] [5, 5, -13, -27] [10, 9, 17, -4] [-4, -1, -23, 11] [13, 22, -2, 17] [37, -5, -3, 6] [29, 7, 1, 16]
[2, -14, -17, -11] [7, -4, -5, 0] [-4, -3, 7, -8] [-9, 16, -21, -1] [23, 20, 1, 0] [23, -5, -22, 9] [4, -11, -1, 2]
Food (up, right, down, left):
[24, 2, 0, 15] [-9, 5, -5, -27] [15, -4, -16, 3] [-2, 4, 33, 5] [-1, 5, -2, 11] [0, -19, 8, -1] [-19, 22, -1, -24]
[-39, -8, -15, -24] [0, -4, -10, -5] [-2, 15, 0, 16] [-12, 13, -28, 22] [3, 8, 1, -41] [23, -7, -21, 18] [1, -5, 0, 4]
[-11, 14, -1, -29] [-14, 1, 3, 15] [-34, -34, -14, 5] [29, -17, 5, -9] [-16, -12, -2, -14] [-7, 1, -25, -27] [6, 23, 7, 20]
[6, 2, 14, 26] [-28, -3, -31, 22] [-10, 5, -16, -21] [0, 0, 0, 0] [-38, 27, -18, -5] [-21, 15, -23, 8] [0, 13, -7, 3]
[0, 14, -7, 17] [-1, 4, 13, 6] [15, -8, 28, -1] [-9, -9, 17, -10] [-5, -12, 19, -32] [-2, 39, 17, 17] [11, 12, -5, -48]
[12, -10, 2, -17] [6, 7, 26, 17] [2, 10, 0, 19] [-15, -15, 12, -29] [-14, -16, -6, -22] [3, 25, -16, 16] [10, 35, -10, 0]
[-12, 6, -17, -10] [3, 10, 2, -23] [9, 13, 5, -1] [-3, 3, 29, -29] [15, 31, -13, 0] [12, 29, 13, 1] [13, -19, 17, -10]
------------------------------
ALIVE
Head: (4 3)
Body: (4 3) (5 3) (5 4) (5 5) (4 5) (4 6) (4 7) (3 7) 
Length: 8, 4
Vision: 3
Hungry, suplies: 8/10
Reproductive: 16, mutating: 0.25
Generation: 25272
####################################
