Wall (up, right, down, left):
[14, -8, -6, 1] [-2, -2, -7, 9] [-17, 13, 15, -7] [14, 9, 30, 10] [-12, 1, 26, -13] [6, -8, -2, -19] [-16, -12, -20, -11]
[-6, -16, 28, -8] [-2, 29, -4, 16] [-25, 2, 4, -9] [-15, 10, 11, 4] [24, 3, 4, 2] [-19, -18, 18, 14] [-14, -4, 7, 6]
[-1, -4, 34, -2] [-6, 28, -16, 2] [-16, -10, 32, -7] [-67, 23, 40, 19] [-43, -32, -23, 23] [-17, -18, 5, 26] [-27, -9, -7, -20]
[8, 31, 2, -48] [14, -6, 15, -28] [6, 24, -1, -88] [0, 0, 0, 0] [41, -92, 33, 0] [20, -9, 8, 22] [5, -1, 8, -6]
[-16, -26, -25, 2] [19, 4, -18, 4] [-6, 4, -27, -28] [32, 15, -80, 5] [8, -12, -13, 38] [-3, 15, -13, -6] [-32, -58, -8, 16]
[11, 23, 7, 4] [1, 3, -10, -11] [13, 1, 23, -6] [-10, 9, -21, 9] [8, -2, -14, 3] [26, -10, -16, 2] [32, -1, 11, 27]
[-6, 0, -2, -17] [-6, -7, -17, -1] [-6, 7, 14, -2] [-18, 23, -28, -13] [28, 14, -17, 17] [22, -30, -37, 23] [-5, 0, 9, 0]
Food (up, right, down, left):
[23, 15, -5, 20] [-6, 20, -5, -27] [32, -5, 4, 15] [-7, -4, 30, 20] [-10, 5, 19, -12] [-11, -14, -11, -20] [-29, 19, -17, -14]
[-61, -9, -23, -14] [9, -10, -6, -24] [-7, 11, 11, 30] [-9, 14, -31, 26] [29, 9, 1, -36] [31, -10, -33, 26] [20, -1, 17, 14]
[-27, 1, 11, -30] [6, -3, 4, 32] [-41, -27, -33, 36] [40, -35, 20, -11] [-10, -5, 0, -15] [-5, -4, -33, -35] [28, 30, 6, 28]
[22, 10, 12, 46] [-2, -10, -39, 30] [7, -10, -28, -15] [0, 0, 0, 0] [-23, 64, -25, 1] [-21, -3, -24, -2] [-3, 32, -19, 14]
[-4, 5, -7, 16] [-2, 12, 7, 15] [20, -8, 28, 2] [-7, -12, 21, -18] [5, -9, 2, -36] [-6, 39, 17, 27] [0, -11, -5, -25]
[9, -12, 12, -4] [-7, 19, 21, 10] [10, 4, 14, 24] [-14, -22, 16, -23] [-36, -26, -5, -31] [-11, 21, -4, 7] [17, 45, -9, 18]
[3, 4, -19, -29] [23, 2, 4, -46] [11, 23, 6, -15] [-5, 16, 41, -41] [33, 31, 1, -11] [12, 26, 16, -12] [22, -32, 19, -19]
------------------------------
ALIVE
Head: (1 18)
Body: (1 18) (1 17) (1 16) (1 15) (1 14) (25 14) (24 14) (23 14) (23 13) (22 13) (21 13) (21 12) (21 11) 
Length: 13, 4
Vision: 3
Hungry, suplies: 10/10
Reproductive: 16, mutating: 0.25
Generation: 35557
####################################
Wall (up, right, down, left):
[14, -8, -6, 1] [-2, -2, -7, 9] [-17, 13, 15, -7] [14, 13, 32, 10] [-12, 1, 26, -13] [6, -8, -2, -19] [-16, -12, -20, -11]
[-6, -16, 28, -8] [-2, 29, -4, 16] [-25, 1, 4, -9] [-15, 10, 11, 4] [24, 3, 4, 2] [-19, -18, 18, 14] [-14, -4, 7, 6]
[-1, -4, 34, -2] [-6, 28, -16, 2] [-16, -10, 32, -7] [-67, 23, 40, 19] [-43, -32, -23, 23] [-17, -18, 5, 26] [-27, -9, -7, -20]
[8, 31, 2, -48] [10, -6, 15, -28] [6, 28, -1, -88] [0, 0, 0, 0] [41, -92, 33, 0] [20, -9, 8, 22] [5, -1, 8, -6]
[-16, -26, -25, 2] [20, 4, -18, 4] [-6, 4, -27, -28] [32, 15, -80, 5] [8, -12, -13, 38] [-3, 15, -13, -6] [-32, -58, -8, 16]
[11, 23, 7, 4] [1, 3, -10, -11] [13, 1, 23, -6] [-10, 9, -21, 9] [8, -2, -14, 3] [26, -10, -16, 2] [32, -1, 11, 27]
[-6, 0, -2, -17] [-6, -7, -17, -1] [-6, 7, 14, -2] [-18, 23, -28, -13] [28, 14, -17, 17] [22, -30, -37, 23] [-10, 0, 9, 0]
Food (up, right, down, left):
[23, 15, -5, 20] [-6, 20, -5, -27] [32, -5, 4, 15] [-5, -4, 30, 20] [-10, 5, 19, -12] [-11, -14, -11, -20] [-29, 19, -17, -14]
[-61, -9, -23, -14] [9, -10, -6, -24] [-3, 11, 11, 27] [-9, 14, -31, 26] [29, 9, 1, -36] [31, -10, -33, 26] [20, -1, 17, 14]
[-27, 1, 11, -30] [6, -3, 4, 32] [-41, -27, -33, 36] [40, -35, 20, -11] [-10, -5, 0, -15] [-5, -4, -33, -35] [28, 30, 6, 28]
[22, 10, 12, 46] [-2, -10, -44, 30] [7, -10, -28, -15] [0, 0, 0, 0] [-23, 64, -25, 1] [-21, -3, -24, -2] [-3, 32, -19, 14]
[-4, 5, -7, 16] [-7, 12, 7, 15] [20, -8, 28, 2] [-7, -12, 21, -18] [5, -9, 2, -36] [-6, 39, 17, 27] [0, -11, -5, -25]
[9, -12, 12, -4] [-7, 19, 21, 10] [10, 4, 14, 24] [-14, -22, 16, -23] [-36, -26, -5, -31] [-11, 21, -4, 7] [17, 45, -9, 18]
[3, 4, -19, -29] [23, 2, 4, -46] [11, 23, 6, -15] [-5, 16, 41, -41] [33, 31, 1, -11] [12, 26, 16, -12] [22, -34, 19, -19]
------------------------------
ALIVE
Head: (3 0)
Body: (3 57) (3 56) (3 55) (4 55) (4 54) (4 53) (5 53) (6 53) (6 54) 
Length: 9, 4
Vision: 3
Hungry, suplies: 9/10
Reproductive: 16, mutating: 0.25
Generation: 35554
####################################
Wall (up, right, down, left):
[14, -8, -6, 1] [-2, -2, -7, 8] [-17, 13, 15, -7] [14, 9, 30, 10] [-12, 1, 26, -13] [6, -8, -2, -19] [-16, -12, -20, -11]
[-6, -16, 28, -8] [-2, 29, -4, 16] [-25, 1, 4, -9] [-15, 10, 11, 4] [24, 3, 4, 2] [-19, -20, 18, 14] [-14, -4, 7, 6]
[-1, -4, 34, -2] [-6, 28, -16, 2] [-16, -10, 33, -7] [-67, 23, 40, 19] [-43, -32, -23, 23] [-17, -18, 0, 26] [-27, -9, -7, -20]
[8, 31, 2, -48] [14, -6, 15, -28] [6, 28, -1, -88] [0, 0, 0, 0] [41, -92, 33, 0] [20, -9, 8, 22] [5, -1, 8, -6]
[-16, -26, -25, 2] [19, 4, -18, 4] [-6, 4, -32, -28] [32, 15, -80, 5] [8, -12, -13, 38] [-3, 15, -13, -6] [-32, -58, -8, 16]
[11, 23, 7, 4] [1, 3, -10, -11] [13, 1, 23, -6] [-10, 9, -21, 9] [8, -2, -14, 3] [26, -10, -16, 2] [32, -1, 11, 27]
[-6, 0, -2, -17] [-6, -7, -17, -2] [-6, 7, 14, -2] [-18, 23, -28, -13] [28, 14, -17, 17] [22, -30, -37, 23] [-5, 0, 9, 0]
Food (up, right, down, left):
[23, 15, -5, 20] [-6, 16, -5, -27] [32, -5, 4, 15] [-7, -4, 30, 20] [-10, 5, 19, -12] [-11, -14, -11, -20] [-29, 19, -17, -14]
[-61, -9, -23, -14] [9, -10, -6, -24] [-3, 11, 11, 27] [-9, 14, -31, 26] [29, 9, 1, -36] [33, -10, -33, 26] [20, -1, 17, 14]
[-27, 1, 11, -30] [6, -3, 4, 32] [-45, -27, -33, 36] [40, -35, 20, -11] [-10, -5, 0, -15] [-5, -4, -35, -35] [28, 30, 6, 28]
[22, 10, 12, 46] [-2, -10, -39, 30] [7, -10, -28, -15] [0, 0, 0, 0] [-23, 64, -25, 1] [-21, -3, -24, -2] [-3, 32, -19, 14]
[-4, 5, -7, 16] [-2, 12, 7, 15] [20, -8, 31, 2] [-7, -12, 21, -18] [5, -9, 2, -36] [-6, 39, 17, 27] [0, -11, -5, -25]
[9, -12, 12, -4] [-7, 19, 21, 10] [10, 4, 14, 24] [-14, -22, 16, -23] [-36, -26, -5, -31] [-11, 21, -4, 7] [17, 45, -9, 18]
[3, 4, -19, -29] [23, 2, 3, -46] [11, 23, 6, -15] [-5, 16, 41, -41] [33, 31, 1, -11] [12, 26, 16, -12] [22, -32, 19, -19]
------------------------------
ALIVE
Head: (1 42)
Body: (1 42) (1 41) (0 41) (0 40) (1 40) (2 40) (3 40) (3 39) (4 39) 
Length: 9, 4
Vision: 3
Hungry, suplies: 4/10
Reproductive: 16, mutating: 0.25
Generation: 35551
####################################
Wall (up, right, down, left):
[14, -8, -6, 1] [-2, -2, -7, 9] [-17, 13, 15, -7] [14, 9, 30, 10] [-12, 1, 26, -13] [6, -8, -2, -19] [-16, -12, -20, -11]
[-6, -16, 28, -8] [-2, 29, -4, 16] [-25, 2, 4, -9] [-15, 10, 11, 4] [24, 3, 4, 2] [-19, -18, 18, 14] [-14, -4, 7, 6]
[-1, -4, 34, -2] [-6, 28, -16, 2] [-16, -10, 32, -7] [-67, 23, 40, 19] [-43, -32, -23, 23] [-17, -18, 5, 26] [-27, -9, -7, -20]
[8, 31, 2, -48] [14, -6, 15, -28] [6, 24, -1, -88] [0, 0, 0, 0] [41, -92, 33, 0] [20, -9, 8, 22] [5, -1, 8, -6]
[-16, -26, -25, 2] [19, 4, -18, 4] [-6, 4, -27, -28] [32, 15, -80, 5] [8, -12, -13, 38] [-3, 15, -13, -6] [-32, -58, -8, 16]
[11, 23, 7, 4] [1, 3, -10, -11] [13, 1, 23, -6] [-10, 9, -21, 9] [8, -2, -14, 3] [26, -10, -16, 2] [32, -1, 11, 27]
[-6, 0, -2, -17] [-6, -7, -17, -1] [-6, 7, 14, -2] [-18, 23, -28, -13] [28, 14, -17, 17] [22, -30, -37, 23] [-5, 0, 9, 0]
Food (up, right, down, left):
[23, 15, -5, 20] [-6, 20, -5, -27] [32, -5, 4, 15] [-7, -4, 30, 20] [-10, 5, 19, -12] [-11, -14, -11, -20] [-29, 19, -17, -14]
[-61, -9, -23, -14] [9, -10, -6, -24] [-7, 11, 11, 30] [-9, 14, -31, 26] [29, 9, 1, -36] [31, -10, -33, 26] [20, -1, 17, 14]
[-27, 1, 11, -30] [6, -3, 4, 32] [-41, -27, -33, 36] [40, -35, 20, -11] [-10, -5, 0, -15] [-5, -4, -33, -35] [28, 30, 6, 28]
[22, 10, 12, 46] [-2, -10, -39, 30] [7, -10, -28, -15] [0, 0, 0, 0] [-23, 64, -25, 1] [-21, -3, -24, -2] [-3, 32, -19, 14]
[-4, 5, -7, 16] [-2, 12, 7, 15] [20, -8, 28, 2] [-7, -12, 21, -18] [5, -9, 2, -36] [-6, 39, 17, 27] [0, -11, -5, -25]
[9, -12, 12, -4] [-7, 19, 21, 10] [10, 4, 14, 24] [-14, -22, 16, -23] [-36, -26, -5, -31] [-11, 21, -4, 7] [17, 45, -9, 18]
[3, 4, -19, -29] [23, 2, 4, -46] [11, 23, 6, -15] [-5, 16, 41, -41] [33, 31, 1, -11] [12, 26, 16, -12] [22, -32, 19, -19]
------------------------------
ALIVE
Head: (3 18)
Body: (3 18) (3 17) (3 16) (3 15) (3 14) (4 14) (4 15) (5 15) (6 15) (6 16) (6 17) (7 17) (7 18) (6 18) 
Length: 14, 4
Vision: 3
Hungry, suplies: 9/10
Reproductive: 16, mutating: 0.25
Generation: 35557
####################################
Wall (up, right, down, left):
[14, -8, -6, 1] [-2, -2, -7, 8] [-17, 13, 15, -7] [14, 9, 30, 10] [-12, 1, 26, -13] [6, -8, -2, -19] [-16, -12, -20, -11]
[-6, -16, 28, -8] [-2, 29, -4, 16] [-25, 1, 4, -9] [-15, 10, 11, 4] [24, 3, 4, 2] [-19, -20, 18, 14] [-14, -4, 7, 6]
[-1, -4, 34, -2] [-6, 28, -16, 2] [-16, -10, 33, -7] [-67, 23, 40, 19] [-43, -32, -23, 23] [-17, -18, 0, 26] [-27, -9, -7, -20]
[8, 31, 2, -48] [14, -6, 15, -28] [6, 28, -1, -92] [0, 0, 0, 0] [41, -92, 33, 0] [20, -9, 8, 22] [5, -1, 8, -6]
[-16, -26, -25, 2] [19, 4, -18, 4] [-6, 4, -32, -28] [32, 15, -80, 5] [8, -12, -13, 38] [-3, 15, -13, -6] [-32, -58, -8, 16]
[11, 23, 7, 4] [1, 3, -10, -11] [13, 1, 23, -6] [-10, 9, -21, 9] [8, -2, -14, 3] [26, -10, -16, 2] [32, -1, 11, 27]
[-6, 0, -2, -17] [-6, -7, -17, -2] [-6, 7, 14, -2] [-18, 23, -28, -13] [28, 14, -17, 17] [22, -30, -37, 23] [-5, 0, 9, 0]
Food (up, right, down, left):
[23, 15, -5, 20] [-6, 16, -5, -27] [32, -5, 4, 15] [-7, -4, 30, 20] [-10, 5, 19, -12] [-11, -14, -11, -20] [-29, 19, -17, -14]
[-61, -9, -23, -14] [9, -10, -6, -24] [-3, 11, 11, 27] [-9, 14, -31, 26] [29, 9, 1, -36] [33, -10, -33, 26] [20, -1, 17, 14]
[-27, 1, 11, -30] [6, -3, 4, 32] [-45, -27, -33, 36] [40, -35, 20, -11] [-10, -5, 0, -15] [-5, -4, -35, -35] [28, 30, 6, 28]
[22, 10, 12, 46] [-2, -10, -39, 30] [7, -15, -28, -15] [0, 0, 0, 0] [-23, 64, -25, 1] [-21, -3, -24, -2] [-3, 32, -19, 14]
[-4, 5, -7, 16] [-2, 12, 7, 15] [20, -8, 31, 2] [-7, -12, 21, -18] [5, -9, 2, -36] [-6, 39, 17, 27] [0, -11, -5, -25]
[9, -12, 12, -4] [-7, 19, 21, 10] [10, 4, 14, 24] [-14, -22, 16, -23] [-36, -26, -5, -31] [-11, 21, -4, 7] [17, 45, -9, 18]
[3, 4, -19, -25] [23, 2, 3, -46] [11, 23, 6, -15] [-5, 16, 41, -41] [33, 31, 1, -11] [12, 26, 16, -12] [22, -32, 19, -19]
------------------------------
ALIVE
Head: (24 10)
Body: (24 10) (-1 11) (0 11) (0 12) (0 13) (1 13) (2 13) (3 13) (3 12) (3 11) (4 11) (5 11) 
Length: 12, 4
Vision: 3
Hungry, suplies: 3/10
Reproductive: 16, mutating: 0.25
Generation: 35552
####################################
Wall (up, right, down, left):
[14, -8, -6, 1] [-2, -2, -7, 8] [-17, 13, 15, -7] [14, 9, 30, 10] [-12, 1, 26, -13] [6, -8, -2, -19] [-16, -12, -20, -11]
[-6, -16, 28, -8] [-2, 29, -4, 16] [-25, 1, 4, -9] [-15, 10, 11, 4] [24, 3, 4, 2] [-19, -20, 18, 14] [-14, -4, 7, 6]
[-1, -4, 34, -2] [-6, 28, -16, 2] [-16, -10, 33, -7] [-67, 23, 40, 19] [-43, -32, -23, 23] [-17, -18, 0, 26] [-27, -9, -7, -20]
[8, 31, 2, -48] [14, -6, 15, -28] [6, 28, -1, -88] [0, 0, 0, 0] [41, -92, 33, 0] [20, -9, 8, 22] [5, -1, 8, -6]
[-16, -26, -25, 2] [19, 4, -18, 4] [-6, 4, -32, -28] [32, 15, -80, 5] [8, -12, -13, 38] [-3, 15, -13, -6] [-32, -58, -8, 16]
[11, 23, 7, 4] [1, 3, -10, -11] [13, 1, 23, -6] [-10, 9, -21, 9] [8, -2, -14, 3] [26, -10, -16, 2] [32, -1, 16, 27]
[-6, 0, -2, -17] [-6, -7, -17, -2] [-6, 7, 14, -2] [-18, 23, -28, -13] [28, 14, -17, 17] [22, -30, -37, 23] [-5, 0, 9, 0]
Food (up, right, down, left):
[23, 15, -5, 20] [-6, 16, -5, -27] [32, -5, 4, 15] [-7, -4, 30, 20] [-10, 5, 19, -12] [-11, -14, -11, -20] [-29, 19, -17, -14]
[-61, -9, -23, -14] [9, -10, -6, -24] [-3, 11, 11, 27] [-9, 14, -31, 26] [29, 9, 1, -36] [33, -10, -33, 26] [20, -1, 17, 14]
[-27, 1, 11, -30] [6, -3, 4, 32] [-45, -27, -33, 36] [40, -35, 20, -11] [-10, -5, 0, -15] [-5, -4, -35, -35] [28, 30, 6, 28]
[22, 10, 12, 46] [-2, -10, -39, 30] [7, -10, -28, -15] [0, 0, 0, 0] [-23, 64, -25, 1] [-21, -3, -24, -2] [-3, 32, -19, 14]
[-4, 5, -7, 16] [-2, 12, 7, 15] [20, -8, 31, 2] [-7, -12, 21, -18] [5, -9, 2, -36] [-6, 39, 17, 27] [0, -11, -5, -25]
[9, -12, 12, -4] [-7, 19, 21, 10] [10, 4, 14, 24] [-14, -22, 16, -23] [-36, -26, -5, -31] [-11, 21, -4, 7] [12, 45, -9, 18]
[3, 4, -19, -29] [23, 2, 3, -46] [11, 23, 6, -15] [-5, 16, 41, -41] [33, 31, 1, -11] [12, 26, 16, -12] [22, -32, 19, -19]
------------------------------
ALIVE
Head: (20 46)
Body: (20 46) (20 45) (20 44) (20 43) (20 42) (21 42) (22 42) (22 41) (22 40) (22 39) (22 38) (23 38) (23 37) (22 37) 
Length: 14, 4
Vision: 3
Hungry, suplies: 10/10
Reproductive: 16, mutating: 0.25
Generation: 35555
####################################
Wall (up, right, down, left):
[14, -8, -6, 1] [-2, -2, -7, 9] [-17, 13, 15, -7] [14, 9, 30, 10] [-12, 1, 26, -13] [6, -8, -2, -19] [-16, -12, -20, -11]
[-6, -16, 28, -8] [-2, 29, -4, 16] [-25, -1, 4, -9] [-15, 10, 11, 4] [24, 3, 4, 2] [-19, -18, 18, 14] [-14, -4, 7, 6]
[-1, -4, 34, -2] [-6, 28, -16, 2] [-16, -10, 32, -7] [-67, 23, 45, 19] [-43, -32, -23, 23] [-17, -18, 1, 26] [-27, -9, -7, -20]
[8, 31, 2, -48] [14, -6, 15, -28] [6, 28, -1, -88] [0, 0, 0, 0] [41, -92, 33, 0] [20, -9, 8, 22] [5, -1, 8, -6]
[-16, -26, -25, 2] [19, 4, -18, 4] [-6, 4, -23, -28] [32, 15, -80, 5] [8, -12, -13, 38] [-3, 15, -13, -6] [-32, -58, -8, 16]
[11, 23, 7, 4] [1, 3, -10, -11] [13, 1, 23, -6] [-10, 9, -21, 9] [8, -2, -14, 3] [26, -10, -16, 2] [32, -1, 11, 27]
[-6, 0, -2, -17] [-6, -7, -17, -1] [-6, 7, 14, -2] [-18, 23, -28, -13] [28, 14, -17, 17] [22, -30, -37, 23] [-5, 0, 9, 0]
Food (up, right, down, left):
[23, 15, -5, 20] [-6, 20, -5, -27] [32, -5, 4, 15] [-7, -4, 30, 20] [-10, 5, 19, -12] [-11, -14, -11, -20] [-29, 19, -17, -14]
[-61, -9, -23, -14] [9, -10, -6, -24] [-7, 11, 11, 27] [-9, 14, -31, 26] [29, 9, 1, -36] [31, -10, -33, 26] [20, -1, 17, 14]
[-27, 1, 11, -30] [6, -3, 4, 32] [-41, -27, -33, 36] [40, -35, 15, -11] [-10, -5, 0, -15] [-5, -6, -33, -35] [28, 30, 6, 28]
[22, 10, 12, 46] [-2, -10, -39, 30] [7, -10, -28, -15] [0, 0, 0, 0] [-23, 64, -25, 1] [-21, -3, -24, -2] [-3, 32, -19, 14]
[-4, 5, -7, 16] [-2, 12, 7, 15] [20, -6, 28, 2] [-7, -12, 21, -18] [5, -9, 2, -36] [-6, 39, 17, 27] [0, -11, -5, -25]
[9, -12, 12, -4] [-7, 19, 21, 10] [10, 4, 14, 24] [-14, -22, 16, -23] [-36, -26, -5, -31] [-11, 21, -4, 7] [17, 45, -9, 18]
[3, 4, -19, -29] [23, 2, 4, -46] [11, 23, 6, -15] [-5, 16, 41, -41] [33, 31, 1, -11] [12, 26, 16, -12] [22, -32, 19, -19]
------------------------------
ALIVE
Head: (14 9)
Body: (14 9) (14 10) (15 10) (16 10) (16 11) (15 11) (14 11) (13 11) 
Length: 8, 4
Vision: 3
Hungry, suplies: 2/10
Reproductive: 16, mutating: 0.25
Generation: 35558
####################################
Wall (up, right, down, left):
[14, -8, -6, 1] [-2, -2, -7, 8] [-17, 13, 15, -7] [14, 9, 30, 10] [-12, 1, 26, -13] [6, -8, -2, -19] [-16, -12, -20, -11]
[-6, -16, 28, -8] [-2, 29, -4, 16] [-25, 1, 4, -9] [-15, 10, 11, 4] [24, 3, 4, 2] [-19, -20, 18, 14] [-14, -4, 7, 6]
[-1, -4, 34, -2] [-6, 28, -16, 2] [-16, -10, 33, -7] [-67, 23, 40, 19] [-43, -32, -23, 23] [-17, -18, 0, 26] [-27, -9, -7, -20]
[8, 31, 2, -48] [14, -6, 15, -28] [6, 28, -1, -92] [0, 0, 0, 0] [41, -92, 33, 0] [20, -9, 8, 22] [5, -1, 8, -6]
[-16, -26, -25, 2] [19, 4, -18, 4] [-6, 4, -32, -28] [32, 15, -80, 5] [8, -12, -13, 38] [-3, 15, -13, -6] [-32, -58, -8, 16]
[11, 23, 7, 4] [1, 3, -10, -11] [13, 1, 23, -6] [-10, 9, -21, 9] [8, -2, -14, 3] [26, -10, -16, 2] [32, -1, 11, 27]
[-6, 0, -2, -17] [-6, -7, -17, -2] [-6, 7, 14, -2] [-18, 23, -28, -13] [28, 14, -17, 17] [22, -30, -37, 23] [-5, 0, 9, 0]
Food (up, right, down, left):
[23, 15, -5, 20] [-6, 16, -5, -27] [32, -5, 4, 15] [-7, -4, 30, 20] [-10, 5, 19, -12] [-11, -14, -11, -20] [-29, 19, -17, -14]
[-61, -9, -23, -14] [9, -10, -6, -24] [-3, 11, 11, 27] [-9, 14, -31, 26] [29, 9, 1, -36] [33, -10, -33, 26] [20, -1, 17, 14]
[-27, 1, 11, -30] [6, -3, 4, 32] [-45, -27, -33, 36] [40, -35, 20, -11] [-10, -5, 0, -15] [-5, -4, -35, -35] [28, 30, 6, 28]
[22, 10, 12, 46] [-2, -10, -39, 30] [7, -15, -28, -15] [0, 0, 0, 0] [-23, 64, -25, 1] [-21, -3, -24, -2] [-3, 32, -19, 14]
[-4, 5, -7, 16] [-2, 12, 7, 15] [20, -8, 31, 2] [-7, -12, 21, -18] [5, -9, 2, -36] [-6, 39, 17, 27] [0, -11, -5, -25]
[9, -12, 12, -4] [-7, 19, 21, 10] [10, 4, 14, 24] [-14, -22, 16, -23] [-36, -26, -5, -31] [-11, 21, -4, 7] [17, 45, -9, 18]
[3, 4, -19, -25] [23, 2, 3, -46] [11, 23, 6, -15] [-5, 16, 41, -41] [33, 31, 1, -11] [12, 26, 16, -12] [22, -32, 19, -19]
------------------------------
ALIVE
Head: (14 24)
Body: (14 24) (14 25) (15 25) (16 25) (16 26) (15 26) (14 26) (13 26) (12 26) 
Length: 9, 4
Vision: 3
Hungry, suplies: 8/10
Reproductive: 16, mutating: 0.25
Generation: 35553
####################################
Wall (up, right, down, left):
[14, -8, -6, 1] [-2, -2, -7, 9] [-17, 13, 15, -7] [14, 9, 30, 10] [-12, 1, 26, -13] [6, -8, -2, -19] [-16, -12, -20, -11]
[-6, -16, 28, -8] [-2, 29, -4, 16] [-25, 2, 4, -9] [-15, 10, 11, 4] [24, 3, 4, 2] [-19, -18, 18, 14] [-14, -4, 7, 6]
[-1, -4, 34, -2] [-6, 28, -16, 2] [-16, -10, 32, -7] [-67, 23, 40, 19] [-43, -32, -23, 23] [-17, -18, 5, 26] [-27, -9, -7, -21]
[8, 31, 2, -48] [14, -6, 15, -28] [6, 24, -1, -88] [0, 0, 0, 0] [41, -92, 33, 0] [20, -9, 8, 22] [5, -1, 8, -6]
[-16, -26, -25, 2] [19, 4, -18, 4] [-6, 4, -27, -28] [32, 15, -80, 5] [8, -12, -13, 38] [-3, 15, -13, -6] [-32, -58, -8, 16]
[11, 23, 7, 4] [1, 3, -10, -11] [13, 1, 23, -6] [-10, 9, -21, 9] [8, -2, -14, 3] [26, -10, -16, 2] [32, -1, 11, 27]
[-6, 0, -2, -17] [-6, -7, -17, -1] [-6, 7, 14, -2] [-18, 23, -28, -13] [28, 14, -17, 17] [22, -30, -37, 23] [-5, 0, 9, 0]
Food (up, right, down, left):
[23, 15, -5, 20] [-6, 20, -5, -27] [32, -5, 4, 15] [-7, -4, 30, 20] [-10, 5, 19, -12] [-11, -14, -11, -20] [-29, 19, -17, -14]
[-61, -9, -23, -14] [9, -10, -6, -24] [-7, 11, 11, 30] [-9, 14, -31, 26] [29, 9, 1, -36] [31, -10, -33, 26] [20, -1, 17, 14]
[-27, 1, 11, -30] [6, -3, 4, 32] [-41, -27, -33, 36] [40, -35, 20, -11] [-10, -5, 0, -15] [-5, -4, -33, -35] [28, 30, 6, 28]
[22, 10, 12, 46] [-2, -10, -39, 30] [7, -10, -28, -15] [0, 0, 0, 0] [-23, 64, -25, 1] [-21, -3, -24, -2] [-3, 32, -19, 14]
[-4, 5, -7, 16] [-2, 12, 7, 15] [20, -8, 28, 2] [-7, -12, 21, -18] [5, -9, 2, -36] [-6, 39, 17, 27] [0, -11, -5, -25]
[9, -12, 12, -4] [-7, 19, 21, 10] [10, 4, 14, 24] [-14, -22, 16, -23] [-36, -26, -5, -31] [-11, 21, -4, 7] [17, 45, -9, 18]
[3, 4, -19, -29] [23, 2, 4, -46] [11, 23, 6, -15] [-5, 16, 41, -41] [33, 31, 1, -11] [12, 26, 16, -12] [22, -32, 19, -19]
------------------------------
ALIVE
Head: (16 34)
Body: (16 34) (17 34) (18 34) (18 35) (17 35) (16 35) (15 35) (14 35) (13 35) (12 35) (11 35) 
Length: 11, 4
Vision: 3
Hungry, suplies: 1/10
Reproductive: 16, mutating: 0.25
Generation: 35559
####################################
Wall (up, right, down, left):
[14, -8, -6, 1] [-2, -2, -7, 9] [-17, 13, 15, -7] [14, 13, 32, 10] [-12, 1, 26, -13] [6, -8, -2, -19] [-16, -12, -20, -11]
[-6, -16, 28, -8] [-2, 29, -4, 16] [-25, 1, 4, -9] [-15, 10, 11, 4] [24, 3, 4, 2] [-19, -18, 18, 14] [-14, -4, 7, 6]
[-1, -4, 34, -2] [-6, 28, -16, 2] [-16, -10, 32, -7] [-67, 23, 40, 19] [-43, -32, -23, 23] [-17, -18, 5, 26] [-27, -9, -4, -20]
[8, 31, 2, -48] [10, -6, 15, -28] [6, 28, -1, -88] [0, 0, 0, 0] [41, -92, 33, 0] [20, -9, 8, 22] [5, -1, 8, -6]
[-16, -26, -25, 2] [20, 4, -18, 4] [-6, 4, -27, -28] [32, 15, -80, 5] [8, -12, -13, 38] [-3, 15, -13, -6] [-32, -58, -8, 16]
[11, 23, 7, 4] [1, 3, -10, -11] [13, 1, 23, -6] [-10, 9, -21, 9] [8, -2, -14, 3] [26, -10, -16, 2] [32, -1, 11, 27]
[-6, 0, -2, -17] [-6, -7, -17, -1] [-6, 7, 14, -2] [-18, 23, -28, -13] [28, 14, -17, 17] [22, -30, -37, 23] [-10, 0, 9, 0]
Food (up, right, down, left):
[23, 15, -5, 20] [-6, 20, -5, -27] [32, -5, 4, 15] [-5, -4, 30, 20] [-10, 5, 19, -12] [-11, -14, -11, -20] [-29, 19, -17, -14]
[-61, -9, -23, -14] [9, -10, -6, -24] [-3, 11, 11, 27] [-9, 14, -31, 26] [29, 9, 1, -36] [31, -10, -33, 26] [20, -1, 17, 14]
[-27, 1, 11, -30] [6, -3, 4, 32] [-41, -27, -33, 36] [40, -35, 20, -11] [-10, -5, 0, -15] [-5, -4, -33, -35] [28, 30, 6, 30]
[22, 10, 12, 46] [-2, -10, -44, 30] [7, -10, -28, -15] [0, 0, 0, 0] [-23, 64, -25, 1] [-21, -3, -24, -2] [-3, 32, -19, 14]
[-4, 5, -7, 16] [-7, 12, 7, 15] [20, -8, 28, 2] [-7, -12, 21, -18] [5, -9, 2, -36] [-6, 39, 17, 27] [0, -11, -5, -25]
[9, -12, 12, -4] [-7, 19, 21, 10] [10, 4, 14, 24] [-14, -22, 16, -23] [-36, -26, -5, -31] [-11, 21, -4, 7] [17, 45, -9, 18]
[3, 4, -19, -29] [23, 2, 4, -46] [11, 23, 6, -15] [-5, 16, 41, -41] [33, 31, 1, -11] [12, 26, 16, -12] [22, -34, 19, -19]
------------------------------
ALIVE
Head: (7 30)
Body: (7 30) (7 29) (7 28) (6 28) (5 28) (4 28) (3 28) (3 29) (2 29) (2 30) 
Length: 10, 4
Vision: 3
Hungry, suplies: 10/10
Reproductive: 16, mutating: 0.25
Generation: 35556
####################################
Wall (up, right, down, left):
[14, -8, -6, 1] [-2, -2, -7, 8] [-17, 13, 15, -7] [14, 9, 30, 10] [-12, 1, 26, -13] [6, -8, -2, -19] [-16, -12, -20, -11]
[-6, -16, 28, -8] [-2, 29, -4, 16] [-25, 1, 4, -9] [-15, 10, 11, 4] [24, 3, 4, 2] [-19, -20, 18, 14] [-14, -4, 7, 6]
[-1, -4, 34, -2] [-6, 28, -16, 2] [-16, -10, 33, -7] [-67, 23, 40, 19] [-43, -32, -23, 23] [-17, -18, 0, 26] [-27, -9, -7, -20]
[8, 31, 2, -48] [14, -6, 15, -28] [6, 28, -1, -88] [0, 0, 0, 0] [41, -92, 33, 0] [20, -9, 8, 22] [5, -1, 8, -6]
[-16, -26, -25, 2] [19, 4, -18, 4] [-6, 4, -32, -28] [32, 15, -80, 5] [8, -12, -13, 38] [-3, 15, -13, -6] [-32, -58, -8, 16]
[11, 23, 7, 4] [1, 3, -10, -11] [13, 1, 23, -6] [-10, 9, -21, 9] [8, -2, -14, 3] [26, -10, -16, 2] [32, -1, 11, 27]
[-6, 0, -2, -17] [-6, -7, -17, -2] [-6, 7, 14, -2] [-18, 23, -28, -13] [28, 14, -17, 17] [22, -30, -37, 23] [-5, 0, 9, 0]
Food (up, right, down, left):
[23, 15, -5, 20] [-6, 16, -5, -27] [32, -5, 4, 15] [-7, -4, 30, 20] [-10, 5, 19, -12] [-11, -14, -11, -20] [-29, 19, -17, -14]
[-61, -9, -23, -14] [9, -10, -6, -24] [-3, 11, 11, 27] [-9, 14, -31, 26] [29, 9, 1, -36] [33, -10, -33, 26] [20, -1, 17, 14]
[-27, 1, 11, -30] [6, -3, 4, 32] [-45, -27, -33, 36] [40, -35, 20, -11] [-10, -5, 0, -15] [-5, -4, -35, -35] [28, 30, 6, 28]
[22, 10, 12, 46] [-2, -10, -39, 30] [7, -10, -28, -15] [0, 0, 0, 0] [-23, 64, -25, 1] [-21, -3, -24, -2] [-3, 32, -19, 14]
[-4, 5, -7, 16] [-2, 12, 7, 15] [20, -8, 31, 2] [-7, -12, 21, -18] [5, -9, 2, -36] [-6, 39, 17, 27] [0, -11, -5, -25]
[9, -12, 12, -4] [-7, 19, 21, 10] [10, 4, 14, 24] [-14, -22, 16, -23] [-36, -26, -5, -31] [-11, 21, -4, 7] [17, 45, -9, 18]
[3, 4, -19, -29] [23, 2, 3, -46] [11, 23, 6, -15] [-5, 16, 41, -41] [33, 31, 1, -11] [12, 26, 16, -12] [22, -32, 19, -19]
------------------------------
ALIVE
Head: (21 7)
Body: (21 7) (20 7) (19 7) (18 7) (18 6) (18 5) (18 4) (17 4) (16 4) (15 4) (14 4) (14 5) 
Length: 12, 4
Vision: 3
Hungry, suplies: 1/10
Reproductive: 16, mutating: 0.25
Generation: 35553
####################################
Wall (up, right, down, left):
[14, -8, -6, 1] [-2, -2, -7, 8] [-17, 13, 15, -7] [14, 9, 30, 10] [-12, 1, 26, -13] [6, -8, -2, -19] [-16, -12, -20, -11]
[-6, -16, 28, -8] [-2, 29, -4, 16] [-25, 1, 4, -9] [-15, 10, 11, 4] [24, 3, 4, 2] [-19, -20, 18, 14] [-14, -4, 7, 6]
[-1, -4, 34, -2] [-6, 28, -16, 2] [-16, -10, 33, -7] [-67, 23, 40, 19] [-43, -32, -23, 23] [-17, -18, 0, 26] [-27, -9, -7, -20]
[8, 31, 2, -48] [14, -6, 15, -28] [6, 28, -1, -88] [0, 0, 0, 0] [41, -92, 33, 0] [20, -9, 8, 22] [5, -1, 8, -6]
[-16, -26, -25, 2] [19, 4, -18, 4] [-6, 4, -32, -28] [32, 15, -80, 5] [8, -12, -13, 38] [-3, 15, -13, -6] [-32, -58, -8, 16]
[11, 23, 7, 4] [1, 3, -10, -11] [13, 1, 23, -6] [-10, 9, -21, 9] [8, -2, -14, 3] [26, -10, -16, 2] [32, -1, 11, 27]
[-6, 0, -2, -17] [-6, -7, -17, -2] [-6, 7, 14, -2] [-18, 23, -28, -13] [28, 14, -17, 17] [22, -30, -37, 23] [-5, 0, 9, 0]
Food (up, right, down, left):
[23, 15, -5, 20] [-6, 16, -5, -27] [32, -5, 4, 15] [-7, -4, 30, 20] [-10, 5, 19, -12] [-11, -14, -11, -20] [-29, 19, -17, -14]
[-61, -9, -23, -14] [9, -10, -6, -24] [-3, 11, 11, 27] [-9, 14, -31, 26] [29, 9, 1, -36] [33, -10, -33, 26] [20, -1, 17, 14]
[-27, 1, 11, -30] [6, -3, 4, 32] [-45, -27, -33, 36] [40, -35, 20, -11] [-10, -5, 0, -15] [-5, -4, -35, -35] [28, 30, 6, 28]
[22, 10, 12, 46] [-2, -10, -39, 30] [7, -10, -28, -15] [0, 0, 0, 0] [-23, 64, -25, 1] [-21, -3, -24, -2] [-3, 32, -19, 14]
[-4, 5, -7, 16] [-2, 12, 7, 15] [20, -8, 31, 2] [-7, -12, 21, -18] [5, -9, 2, -36] [-6, 39, 17, 27] [0, -11, -5, -25]
[9, -12, 12, -4] [-7, 19, 21, 10] [10, 4, 14, 24] [-14, -22, 16, -23] [-36, -26, -5, -31] [-11, 21, -4, 7] [17, 45, -9, 18]
[3, 4, -19, -29] [23, 2, 3, -46] [11, 23, 6, -15] [-5, 16, 41, -41] [33, 31, 1, -11] [12, 26, 16, -12] [22, -32, 19, -19]
------------------------------
ALIVE
Head: (19 30)
Body: (19 30) (18 30) (18 29) (18 28) (18 27) (17 27) (16 27) (16 28) 
Length: 8, 4
Vision: 3
Hungry, suplies: 8/10
Reproductive: 16, mutating: 0.25
Generation: 35554
####################################
Wall (up, right, down, left):
[14, -8, -6, 1] [-2, -2, -7, 9] [-17, 13, 15, -7] [14, 13, 32, 10] [-12, 1, 26, -13] [6, -8, -2, -19] [-16, -12, -20, -11]
[-6, -16, 28, -8] [-2, 29, -4, 16] [-25, 1, 4, -9] [-15, 10, 11, 4] [24, 3, 4, 2] [-19, -18, 18, 14] [-14, -4, 7, 6]
[-1, -4, 34, -2] [-6, 28, -16, 2] [-16, -10, 32, -7] [-67, 23, 40, 19] [-43, -32, -23, 23] [-17, -18, 5, 26] [-27, -9, -4, -20]
[8, 31, 2, -48] [10, -6, 15, -28] [6, 28, -1, -88] [0, 0, 0, 0] [41, -92, 33, 0] [20, -9, 8, 22] [5, -1, 8, -6]
[-16, -26, -25, 2] [20, 4, -18, 4] [-6, 4, -27, -28] [32, 15, -80, 5] [8, -12, -13, 38] [-3, 15, -13, -6] [-32, -58, -8, 16]
[11, 23, 7, 4] [1, 3, -10, -11] [13, 1, 23, -6] [-10, 9, -21, 9] [8, -2, -14, 3] [26, -10, -16, 2] [32, -1, 11, 27]
[-6, 0, -2, -17] [-6, -7, -17, -1] [-6, 7, 14, -2] [-18, 23, -28, -13] [28, 14, -17, 17] [22, -30, -37, 23] [-10, 0, 9, 0]
Food (up, right, down, left):
[23, 15, -5, 20] [-6, 20, -5, -27] [32, -5, 4, 15] [-5, -4, 30, 20] [-10, 5, 19, -12] [-11, -14, -11, -20] [-29, 19, -17, -14]
[-61, -9, -23, -14] [9, -10, -6, -24] [-3, 11, 11, 27] [-9, 14, -31, 26] [29, 9, 1, -36] [31, -10, -33, 26] [20, -1, 17, 14]
[-27, 1, 11, -30] [6, -3, 4, 32] [-41, -27, -33, 36] [40, -35, 20, -11] [-10, -5, 0, -15] [-5, -4, -33, -35] [28, 30, 6, 30]
[22, 10, 12, 46] [-2, -10, -44, 30] [7, -10, -28, -15] [0, 0, 0, 0] [-23, 64, -25, 1] [-21, -3, -24, -2] [-3, 32, -19, 14]
[-4, 5, -7, 16] [-7, 12, 7, 15] [20, -8, 28, 2] [-7, -12, 21, -18] [5, -9, 2, -36] [-6, 39, 17, 27] [0, -11, -5, -25]
[9, -12, 12, -4] [-7, 19, 21, 10] [10, 4, 14, 24] [-14, -22, 16, -23] [-36, -26, -5, -31] [-11, 21, -4, 7] [17, 45, -9, 18]
[3, 4, -19, -29] [23, 2, 4, -46] [11, 23, 6, -15] [-5, 16, 41, -41] [33, 31, 1, -11] [12, 26, 16, -12] [22, -34, 19, -19]
------------------------------
ALIVE
Head: (12 23)
Body: (12 23) (12 22) (12 21) (12 20) (12 19) (12 18) (12 17) (12 16) (11 16) (10 16) 
Length: 10, 4
Vision: 3
Hungry, suplies: 7/10
Reproductive: 16, mutating: 0.25
Generation: 35556
####################################
Wall (up, right, down, left):
[14, -8, -6, 1] [-2, -2, -7, 9] [-17, 13, 15, -7] [14, 13, 32, 10] [-12, 1, 26, -13] [6, -8, -2, -19] [-16, -12, -20, -11]
[-6, -16, 28, -8] [-2, 29, -4, 16] [-25, 1, 4, -9] [-15, 10, 11, 4] [24, 3, 4, 2] [-19, -18, 18, 14] [-14, -4, 7, 6]
[-1, -4, 34, -2] [-6, 28, -16, 2] [-16, -10, 32, -7] [-67, 23, 40, 19] [-43, -32, -23, 23] [-17, -18, 5, 26] [-27, -9, -4, -20]
[8, 31, 2, -48] [10, -6, 15, -28] [6, 28, -1, -88] [0, 0, 0, 0] [41, -92, 33, 0] [20, -9, 8, 22] [5, -1, 8, -6]
[-16, -26, -25, 2] [20, 4, -18, 4] [-6, 4, -27, -28] [32, 15, -80, 5] [8, -12, -13, 38] [-3, 15, -13, -6] [-32, -58, -8, 16]
[11, 23, 7, 4] [1, 3, -10, -11] [13, 1, 23, -6] [-10, 9, -21, 9] [8, -2, -14, 3] [26, -10, -16, 2] [32, -1, 11, 27]
[-6, 0, -2, -17] [-6, -7, -17, -1] [-6, 7, 14, -2] [-18, 23, -28, -13] [28, 14, -17, 17] [22, -30, -37, 23] [-10, 0, 9, 0]
Food (up, right, down, left):
[23, 15, -5, 20] [-6, 20, -5, -27] [32, -5, 4, 15] [-5, -4, 30, 20] [-10, 5, 19, -12] [-11, -14, -11, -20] [-29, 19, -17, -14]
[-61, -9, -23, -14] [9, -10, -6, -24] [-3, 11, 11, 27] [-9, 14, -31, 26] [29, 9, 1, -36] [31, -10, -33, 26] [20, -1, 17, 14]
[-27, 1, 11, -30] [6, -3, 4, 32] [-41, -27, -33, 36] [40, -35, 20, -11] [-10, -5, 0, -15] [-5, -4, -33, -35] [28, 30, 6, 30]
[22, 10, 12, 46] [-2, -10, -44, 30] [7, -10, -28, -15] [0, 0, 0, 0] [-23, 64, -25, 1] [-21, -3, -24, -2] [-3, 32, -19, 14]
[-4, 5, -7, 16] [-7, 12, 7, 15] [20, -8, 28, 2] [-7, -12, 21, -18] [5, -9, 2, -36] [-6, 39, 17, 27] [0, -11, -5, -25]
[9, -12, 12, -4] [-7, 19, 21, 10] [10, 4, 14, 24] [-14, -22, 16, -23] [-36, -26, -5, -31] [-11, 21, -4, 7] [17, 45, -9, 18]
[3, 4, -19, -29] [23, 2, 4, -46] [11, 23, 6, -15] [-5, 16, 41, -41] [33, 31, 1, -11] [12, 26, 16, -12] [22, -34, 19, -19]
------------------------------
ALIVE
Head: (6 27)
Body: (6 27) (7 27) (8 27) (9 27) (9 28) (10 28) (11 28) (12 28) (13 28) 
Length: 9, 4
Vision: 3
Hungry, suplies: 9/10
Reproductive: 16, mutating: 0.25
Generation: 35557
####################################
Wall (up, right, down, left):
[14, -8, -6, 1] [-2, -7, -7, 9] [-17, 13, 15, -7] [14, 9, 30, 10] [-12, 1, 26, -13] [6, -8, -2, -22] [-16, -12, -20, -11]
[-6, -16, 25, -8] [-2, 29, -4, 16] [-25, 1, 4, -9] [-15, 10, 11, 4] [24, 3, 1, 2] [-19, -18, 18, 14] [-14, -4, 7, 6]
[-1, -4, 34, 2] [-6, 31, -16, 2] [-16, -10, 32, -7] [-67, 23, 40, 19] [-43, -32, -23, 23] [-12, -18, 5, 26] [-27, -9, -7, -20]
[8, 31, 2, -48] [14, -6, 15, -28] [6, 28, -1, -88] [0, 0, 0, 0] [42, -92, 33, 0] [20, -9, 8, 22] [5, -1, 8, -6]
[-16, -26, -25, 2] [19, 4, -18, 4] [-6, 4, -27, -28] [32, 15, -80, 5] [8, -12, -13, 38] [-5, 15, -13, -6] [-32, -58, -8, 16]
[11, 23, 7, 4] [1, 3, -10, -11] [13, 1, 23, -6] [-13, 11, -21, 9] [8, -2, -14, 3] [26, -10, -16, 2] [32, -1, 11, 27]
[-11, 0, -2, -17] [-6, -7, -17, -1] [-6, 7, 14, -2] [-18, 23, -28, -13] [28, 14, -17, 17] [22, -30, -37, 27] [-5, 0, 9, 0]
Food (up, right, down, left):
[23, 15, -5, 20] [-6, 20, -5, -32] [32, -5, 4, 15] [-7, -4, 30, 20] [-10, 5, 19, -12] [-14, -14, -11, -20] [-29, 19, -17, -14]
[-61, -9, -23, -18] [9, -10, -6, -24] [-3, 11, 11, 27] [-9, 14, -31, 26] [29, 9, 1, -39] [31, -10, -33, 26] [20, -1, 17, 14]
[-27, 1, 7, -30] [6, -2, 4, 32] [-41, -27, -33, 36] [40, -35, 20, -11] [-10, -5, 0, -15] [-3, -4, -33, -35] [28, 30, 6, 28]
[22, 10, 12, 46] [-2, -10, -39, 30] [7, -10, -28, -15] [0, 0, 0, 0] [-23, 59, -25, 1] [-21, -3, -24, -2] [-3, 32, -19, 11]
[-4, 5, -7, 16] [-2, 12, 7, 15] [20, -8, 28, 2] [-7, -12, 21, -18] [5, -9, 2, -36] [-6, 37, 17, 27] [0, -11, -5, -25]
[9, -12, 12, -4] [-7, 19, 21, 10] [10, 4, 14, 24] [-14, -27, 16, -21] [-36, -26, -5, -31] [-11, 21, -4, 7] [17, 45, -9, 18]
[8, 4, -19, -29] [23, 2, 4, -46] [11, 23, 6, -15] [-5, 16, 41, -41] [33, 31, 1, -11] [12, 25, 16, -12] [22, -32, 19, -19]
------------------------------
ALIVE
Head: (3 22)
Body: (3 22) (4 22) (4 23) (3 23) (2 23) (1 23) (25 23) (24 23) 
Length: 8, 4
Vision: 3
Hungry, suplies: 10/10
Reproductive: 16, mutating: 0.25
Generation: 35554
####################################
Wall (up, right, down, left):
[14, -8, -6, 1] [-2, -2, -7, 8] [-17, 13, 15, -7] [14, 9, 30, 10] [-12, 1, 26, -13] [6, -8, -2, -19] [-16, -12, -20, -11]
[-6, -16, 28, -8] [-2, 29, -4, 16] [-25, 1, 4, -9] [-15, 10, 11, 4] [24, 3, 4, 2] [-19, -20, 18, 14] [-14, -4, 7, 6]
[-1, -4, 34, -2] [-6, 28, -16, 2] [-16, -10, 33, -7] [-67, 23, 40, 19] [-43, -32, -23, 23] [-17, -18, 0, 26] [-27, -9, -7, -20]
[8, 31, 2, -48] [14, -6, 15, -28] [6, 28, -1, -88] [0, 0, 0, 0] [41, -92, 33, 0] [20, -9, 8, 22] [5, -1, 8, -6]
[-16, -26, -25, 2] [19, 4, -18, 4] [-6, 4, -32, -28] [32, 15, -80, 5] [8, -12, -13, 38] [-3, 15, -13, -6] [-32, -58, -8, 16]
[11, 23, 7, 4] [1, 3, -10, -11] [13, 1, 23, -6] [-10, 9, -21, 9] [8, -2, -14, 3] [26, -10, -16, 2] [32, -1, 11, 27]
[-6, 0, -2, -17] [-6, -7, -17, -2] [-6, 7, 14, -2] [-18, 23, -28, -13] [28, 14, -17, 17] [22, -30, -37, 23] [-5, 0, 9, 0]
Food (up, right, down, left):
[23, 15, -5, 20] [-6, 16, -5, -27] [32, -5, 4, 15] [-7, -4, 30, 20] [-10, 5, 19, -12] [-11, -14, -11, -20] [-29, 19, -17, -14]
[-61, -9, -23, -14] [9, -10, -6, -24] [-3, 11, 11, 27] [-9, 14, -31, 26] [29, 9, 1, -36] [33, -10, -33, 26] [20, -1, 17, 14]
[-27, 1, 11, -30] [6, -3, 4, 32] [-45, -27, -33, 36] [40, -35, 20, -11] [-10, -5, 0, -15] [-5, -4, -35, -35] [28, 30, 6, 28]
[22, 10, 12, 46] [-2, -10, -39, 30] [7, -10, -28, -15] [0, 0, 0, 0] [-23, 64, -25, 1] [-21, -3, -24, -2] [-3, 32, -19, 14]
[-4, 5, -7, 16] [-2, 12, 7, 15] [20, -8, 31, 2] [-7, -12, 21, -18] [5, -9, 2, -36] [-6, 39, 17, 27] [0, -11, -5, -25]
[9, -12, 12, -4] [-7, 19, 21, 10] [10, 4, 14, 24] [-14, -22, 16, -23] [-36, -26, -5, -31] [-11, 21, -4, 7] [17, 45, -9, 18]
[3, 4, -19, -29] [23, 2, 3, -46] [11, 23, 6, -15] [-5, 16, 41, -41] [33, 31, 1, -11] [12, 26, 16, -12] [22, -32, 19, -19]
------------------------------
ALIVE
Head: (14 56)
Body: (14 56) (15 56) (16 56) (16 55) (16 54) (15 54) (14 54) (14 53) 
Length: 8, 4
Vision: 3
Hungry, suplies: 8/10
Reproductive: 16, mutating: 0.25
Generation: 35556
####################################
Wall (up, right, down, left):
[14, -8, -6, 1] [-2, -2, -7, 9] [-17, 13, 15, -7] [14, 9, 30, 10] [-12, 1, 26, -13] [6, -8, -2, -19] [-16, -12, -20, -11]
[-6, -16, 28, -8] [-2, 29, -4, 16] [-25, 2, 4, -9] [-15, 10, 11, 4] [24, 3, 4, 2] [-19, -18, 18, 14] [-14, -4, 7, 6]
[-1, -4, 34, -2] [-6, 28, -16, 2] [-16, -10, 32, -7] [-67, 23, 40, 19] [-43, -32, -23, 23] [-17, -18, 5, 26] [-27, -9, -7, -20]
[8, 31, 2, -48] [14, -6, 15, -28] [6, 24, -1, -88] [0, 0, 0, 0] [41, -92, 33, 0] [20, -9, 8, 22] [5, -1, 8, -6]
[-16, -26, -25, 2] [19, 4, -18, 4] [-6, 4, -27, -28] [32, 15, -80, 5] [8, -12, -13, 38] [-3, 15, -13, -6] [-32, -58, -8, 16]
[11, 23, 7, 4] [1, 3, -10, -11] [13, 1, 23, -6] [-10, 9, -21, 9] [8, -2, -14, 3] [26, -10, -16, 2] [32, -1, 11, 27]
[-6, 0, -2, -17] [-6, -7, -17, -1] [-6, 7, 14, -2] [-18, 23, -28, -13] [28, 14, -17, 17] [22, -30, -37, 23] [-5, 0, 9, 0]
Food (up, right, down, left):
[23, 15, -5, 20] [-6, 20, -5, -27] [32, -5, 4, 15] [-7, -4, 30, 20] [-10, 5, 19, -12] [-11, -14, -11, -20] [-29, 19, -17, -14]
[-61, -9, -23, -14] [9, -10, -6, -24] [-7, 11, 11, 30] [-9, 14, -31, 26] [29, 9, 1, -36] [31, -10, -33, 26] [20, -1, 17, 14]
[-27, 1, 11, -30] [6, -3, 4, 32] [-41, -27, -33, 36] [40, -35, 20, -11] [-10, -5, 0, -15] [-5, -4, -33, -35] [28, 30, 6, 28]
[22, 10, 12, 46] [-2, -10, -39, 30] [7, -10, -28, -15] [0, 0, 0, 0] [-23, 64, -25, 1] [-21, -3, -24, -2] [-3, 32, -19, 14]
[-4, 5, -7, 16] [-2, 12, 7, 15] [20, -8, 28, 2] [-7, -12, 21, -18] [5, -9, 2, -36] [-6, 39, 17, 27] [0, -11, -5, -25]
[9, -12, 12, -4] [-7, 19, 21, 10] [10, 4, 14, 24] [-14, -22, 16, -23] [-36, -26, -5, -31] [-11, 21, -4, 7] [17, 45, -9, 18]
[3, 4, -19, -29] [23, 2, 4, -46] [11, 23, 6, -15] [-5, 16, 41, -41] [33, 31, 1, -11] [12, 26, 16, -12] [22, -32, 19, -19]
------------------------------
ALIVE
Head: (13 5)
Body: (13 5) (13 4) (12 4) (12 5) (12 6) (12 7) (11 7) (11 8) (12 8) (12 9) (11 9) (10 9) 
Length: 12, 4
Vision: 3
Hungry, suplies: 3/10
Reproductive: 16, mutating: 0.25
Generation: 35558
####################################
Wall (up, right, down, left):
[14, -8, -6, 1] [-2, -2, -7, 9] [-17, 13, 15, -7] [14, 9, 30, 10] [-12, 1, 26, -13] [6, -8, -2, -19] [-16, -12, -20, -11]
[-6, -16, 28, -8] [-2, 29, -4, 16] [-25, 2, 4, -9] [-15, 10, 11, 4] [24, 3, 4, 2] [-19, -18, 18, 14] [-14, -4, 7, 6]
[-1, -4, 34, -2] [-6, 28, -16, 2] [-16, -10, 32, -7] [-67, 23, 40, 19] [-43, -32, -23, 23] [-17, -18, 5, 26] [-27, -9, -7, -21]
[8, 31, 2, -48] [14, -6, 15, -32] [6, 24, -1, -88] [0, 0, 0, 0] [41, -92, 33, 0] [20, -9, 8, 22] [5, -1, 8, -6]
[-16, -26, -25, 2] [19, 4, -18, 4] [-6, 4, -27, -28] [32, 15, -80, 5] [8, -12, -13, 38] [-3, 15, -13, -6] [-32, -58, -8, 16]
[11, 23, 7, 4] [1, 3, -10, -11] [13, 1, 23, -6] [-10, 9, -21, 9] [8, -2, -14, 3] [26, -10, -16, 2] [32, -1, 11, 27]
[-6, 0, -2, -17] [-6, -7, -17, -1] [-6, 7, 14, -2] [-18, 23, -28, -13] [28, 14, -17, 17] [22, -30, -37, 23] [-5, 0, 9, 0]
Food (up, right, down, left):
[23, 15, -5, 20] [-6, 20, -5, -27] [32, -5, 4, 15] [-7, -4, 30, 20] [-10, 5, 19, -12] [-11, -14, -11, -20] [-29, 19, -17, -14]
[-61, -9, -23, -14] [9, -10, -6, -24] [-7, 11, 11, 30] [-9, 14, -31, 26] [29, 9, 1, -36] [31, -10, -33, 26] [20, -1, 17, 14]
[-27, 1, 11, -30] [6, -3, 4, 32] [-41, -27, -33, 36] [40, -35, 20, -11] [-10, -5, 0, -15] [-5, -4, -33, -35] [28, 30, 6, 28]
[22, 10, 12, 46] [-2, -10, -42, 30] [7, -10, -28, -15] [0, 0, 0, 0] [-23, 64, -25, 1] [-21, -3, -24, -2] [-3, 32, -19, 14]
[-4, 5, -7, 16] [-2, 12, 7, 15] [20, -8, 28, 2] [-7, -12, 21, -18] [5, -9, 2, -36] [-6, 39, 17, 27] [0, -11, -5, -25]
[9, -12, 12, -4] [-7, 19, 21, 10] [10, 4, 14, 24] [-14, -22, 16, -23] [-36, -26, -5, -31] [-11, 21, -4, 7] [17, 45, -9, 18]
[3, 4, -19, -29] [23, 2, 4, -46] [11, 23, 6, -15] [-5, 16, 41, -41] [33, 31, 1, -11] [12, 26, 16, -12] [22, -32, 19, -19]
------------------------------
ALIVE
Head: (4 35)
Body: (4 35) (4 34) (5 34) (6 34) (6 33) (7 33) (7 32) 
Length: 7, 4
Vision: 3
Hungry, suplies: 8/10
Reproductive: 16, mutating: 0.25
Generation: 35560
####################################
Wall (up, right, down, left):
[14, -8, -6, 1] [-2, -2, -7, 8] [-17, 13, 15, -7] [14, 9, 30, 10] [-12, 1, 26, -13] [6, -8, -2, -19] [-16, -12, -20, -11]
[-6, -16, 28, -8] [-2, 29, -4, 16] [-25, 1, 4, -9] [-15, 10, 11, 4] [24, 3, 4, 2] [-19, -20, 18, 14] [-14, -4, 7, 6]
[-1, -4, 34, -2] [-6, 27, -16, 2] [-16, -10, 33, -7] [-67, 23, 40, 19] [-43, -32, -23, 23] [-17, -18, 0, 26] [-27, -9, -7, -20]
[8, 31, 2, -48] [14, -6, 15, -28] [6, 28, -1, -88] [0, 0, 0, 0] [41, -92, 33, 0] [20, -9, 8, 22] [5, -1, 8, -6]
[-16, -26, -25, 2] [19, 4, -18, 4] [-6, 4, -32, -28] [32, 15, -80, 5] [8, -12, -13, 38] [-3, 15, -13, -6] [-32, -58, -8, 16]
[11, 23, 7, 4] [1, 3, -10, -11] [13, 1, 23, -6] [-10, 9, -21, 9] [8, -2, -14, 3] [26, -10, -16, 2] [32, -1, 11, 27]
[-6, 0, -2, -17] [-6, -7, -17, -2] [-6, 7, 14, -2] [-18, 23, -28, -13] [28, 14, -17, 17] [22, -30, -37, 23] [-5, 0, 9, 0]
Food (up, right, down, left):
[23, 15, -5, 20] [-6, 16, -5, -27] [32, -5, 4, 15] [-7, -4, 30, 20] [-10, 5, 19, -12] [-11, -14, -11, -20] [-29, 19, -17, -14]
[-61, -9, -23, -14] [9, -10, -6, -24] [-3, 11, 11, 27] [-9, 14, -31, 26] [29, 9, 1, -36] [33, -10, -33, 26] [20, -1, 17, 14]
[-27, 1, 11, -30] [6, -3, 4, 37] [-45, -27, -33, 36] [40, -35, 20, -11] [-10, -5, 0, -15] [-5, -4, -35, -35] [28, 30, 6, 28]
[22, 10, 12, 46] [-2, -10, -39, 30] [7, -10, -28, -15] [0, 0, 0, 0] [-23, 64, -25, 1] [-21, -3, -24, -2] [-3, 32, -19, 14]
[-4, 5, -7, 16] [-2, 12, 7, 15] [20, -8, 31, 2] [-7, -12, 21, -18] [5, -9, 2, -36] [-6, 39, 17, 27] [0, -11, -5, -25]
[9, -12, 12, -4] [-7, 19, 21, 10] [10, 4, 14, 24] [-14, -22, 16, -23] [-36, -26, -5, -31] [-11, 21, -4, 7] [17, 45, -9, 18]
[3, 4, -19, -29] [23, 2, 3, -46] [11, 23, 6, -15] [-5, 16, 41, -41] [33, 31, 1, -11] [12, 26, 16, -12] [22, -32, 19, -19]
------------------------------
ALIVE
Head: (21 30)
Body: (21 30) (21 29) (20 29) (19 29) (19 28) (19 27) (20 27) (20 26) (20 25) 
Length: 9, 4
Vision: 3
Hungry, suplies: 5/10
Reproductive: 16, mutating: 0.25
Generation: 35556
####################################
Wall (up, right, down, left):
[14, -8, -6, 1] [-2, -2, -7, 9] [-17, 13, 15, -7] [14, 13, 32, 10] [-12, 1, 26, -13] [6, -8, -2, -19] [-16, -12, -20, -11]
[-6, -16, 28, -8] [-2, 29, -4, 16] [-25, 1, 4, -9] [-15, 10, 11, 4] [24, 3, 4, 2] [-19, -18, 18, 14] [-14, -4, 7, 6]
[-1, -4, 34, -2] [-6, 28, -16, 2] [-16, -10, 32, -7] [-67, 23, 40, 19] [-43, -32, -23, 23] [-17, -18, 5, 26] [-27, -9, -4, -20]
[8, 31, 2, -48] [10, -6, 15, -28] [6, 28, -1, -88] [0, 0, 0, 0] [41, -92, 33, 0] [20, -9, 8, 22] [5, -1, 8, -6]
[-16, -26, -25, 2] [20, 4, -18, 4] [-6, 4, -27, -28] [32, 15, -80, 5] [8, -12, -13, 38] [-3, 15, -13, -6] [-32, -58, -8, 16]
[11, 23, 7, 4] [1, 3, -10, -11] [13, 1, 23, -6] [-10, 9, -21, 9] [8, -2, -14, 3] [26, -10, -16, 2] [32, -1, 11, 27]
[-6, 0, -5, -17] [-6, -7, -17, -1] [-6, 7, 14, -2] [-18, 23, -28, -13] [28, 14, -17, 17] [22, -30, -37, 23] [-10, 0, 9, 0]
Food (up, right, down, left):
[23, 15, -5, 20] [-6, 20, -5, -27] [32, -5, 4, 15] [-5, -4, 30, 20] [-10, 5, 19, -12] [-11, -14, -11, -20] [-29, 19, -17, -14]
[-61, -9, -23, -14] [9, -10, -6, -24] [-3, 11, 11, 27] [-9, 14, -31, 26] [29, 9, 1, -36] [31, -10, -33, 26] [20, -1, 17, 14]
[-27, 1, 11, -30] [6, -3, 4, 32] [-41, -27, -33, 36] [40, -35, 20, -11] [-10, -5, 0, -15] [-5, -4, -33, -35] [28, 30, 6, 30]
[22, 10, 12, 46] [-2, -10, -44, 30] [7, -10, -28, -15] [0, 0, 0, 0] [-23, 64, -25, 1] [-21, -3, -24, -2] [-3, 32, -19, 14]
[-4, 5, -7, 16] [-7, 12, 7, 15] [20, -8, 28, 2] [-7, -12, 21, -18] [5, -9, 2, -36] [-6, 39, 17, 27] [0, -11, -5, -25]
[9, -12, 12, -4] [-7, 19, 21, 10] [10, 4, 14, 24] [-14, -22, 16, -23] [-36, -26, -5, -31] [-11, 21, -4, 7] [17, 45, -9, 18]
[3, 4, -22, -29] [23, 2, 4, -46] [11, 23, 6, -15] [-5, 16, 41, -41] [33, 31, 1, -11] [12, 26, 16, -12] [22, -34, 19, -19]
------------------------------
ALIVE
Head: (23 6)
Body: (23 6) (-1 6) (0 6) (0 7) (0 8) (1 8) (2 8) (2 7) (2 6) 
Length: 9, 4
Vision: 3
Hungry, suplies: 10/10
Reproductive: 16, mutating: 0.25
Generation: 35557
####################################
Wall (up, right, down, left):
[14, -8, -6, 1] [-2, -2, -7, 8] [-17, 13, 15, -7] [14, 9, 30, 10] [-12, 1, 26, -13] [6, -8, -2, -19] [-16, -12, -20, -11]
[-6, -16, 28, -8] [-2, 29, -4, 16] [-25, 1, 4, -9] [-15, 10, 11, 4] [24, 3, 4, 2] [-19, -20, 18, 14] [-14, -4, 7, 6]
[-1, -4, 34, -2] [-6, 28, -16, 2] [-16, -10, 33, -7] [-67, 23, 40, 19] [-43, -32, -23, 23] [-17, -18, 0, 26] [-27, -9, -7, -20]
[8, 31, 2, -48] [14, -6, 15, -28] [6, 28, -1, -88] [0, 0, 0, 0] [41, -92, 33, 0] [20, -9, 8, 22] [5, -1, 8, -6]
[-16, -26, -25, 2] [19, 4, -18, 4] [-6, 4, -32, -28] [32, 15, -80, 5] [8, -12, -13, 38] [-3, 15, -13, -6] [-32, -58, -8, 16]
[11, 23, 7, 4] [1, 3, -10, -11] [13, 1, 23, -6] [-10, 9, -21, 9] [8, -2, -14, 3] [26, -10, -16, 2] [32, -1, 11, 27]
[-6, 0, -2, -17] [-6, -7, -17, -2] [-6, 7, 14, -2] [-18, 23, -28, -13] [28, 14, -17, 17] [22, -30, -37, 23] [-5, 0, 9, 0]
Food (up, right, down, left):
[23, 15, -5, 20] [-6, 16, -5, -27] [32, -5, 4, 15] [-7, -4, 30, 20] [-10, 5, 19, -12] [-11, -14, -11, -20] [-29, 19, -17, -14]
[-61, -9, -23, -14] [9, -10, -6, -24] [-3, 11, 11, 27] [-9, 14, -31, 26] [29, 9, 1, -36] [33, -10, -33, 26] [20, -1, 17, 14]
[-27, 1, 11, -30] [6, -3, 4, 32] [-45, -27, -33, 36] [40, -35, 20, -11] [-10, -5, 0, -15] [-5, -4, -35, -35] [28, 30, 6, 28]
[22, 10, 12, 46] [-2, -10, -39, 30] [7, -10, -28, -15] [0, 0, 0, 0] [-23, 64, -25, 1] [-21, -3, -24, -2] [-3, 32, -19, 14]
[-4, 5, -7, 16] [-2, 12, 7, 15] [20, -8, 31, 2] [-7, -12, 21, -18] [5, -9, 2, -36] [-6, 39, 17, 27] [0, -11, -5, -25]
[9, -12, 12, -4] [-7, 19, 21, 10] [10, 4, 14, 24] [-14, -22, 16, -23] [-36, -26, -5, -31] [-11, 21, -4, 7] [17, 45, -9, 18]
[3, 4, -19, -29] [23, 2, 3, -46] [11, 23, 6, -15] [-5, 16, 41, -41] [33, 31, 1, -11] [12, 26, 16, -12] [22, -32, 19, -19]
------------------------------
ALIVE
Head: (7 52)
Body: (7 52) (6 52) (6 51) (6 50) (5 50) (5 49) (4 49) (4 50) (3 50) (2 50) (2 51) 
Length: 11, 4
Vision: 3
Hungry, suplies: 7/10
Reproductive: 16, mutating: 0.25
Generation: 35554
####################################
Wall (up, right, down, left):
[14, -8, -6, 1] [-2, -2, -7, 8] [-17, 13, 15, -7] [14, 9, 30, 10] [-12, 1, 26, -13] [6, -8, -2, -19] [-16, -12, -20, -11]
[-6, -16, 28, -8] [-2, 29, -4, 16] [-25, 1, 4, -9] [-15, 10, 11, 4] [24, 3, 4, 2] [-19, -20, 18, 14] [-14, -4, 7, 6]
[-1, -4, 34, -2] [-6, 28, -16, 2] [-16, -10, 33, -7] [-67, 23, 40, 19] [-43, -32, -23, 23] [-17, -18, 0, 26] [-27, -9, -7, -20]
[8, 31, 2, -48] [14, -6, 15, -28] [6, 28, -1, -88] [0, 0, 0, 0] [41, -92, 33, 0] [20, -9, 8, 22] [5, -1, 8, -6]
[-16, -26, -25, 2] [19, 4, -18, 4] [-6, 4, -32, -28] [32, 15, -80, 5] [8, -12, -13, 38] [-3, 15, -13, -6] [-32, -58, -8, 16]
[11, 23, 7, 4] [1, 3, -10, -11] [13, 1, 23, -6] [-10, 9, -21, 9] [8, -2, -14, 3] [26, -10, -16, 2] [32, -1, 11, 27]
[-6, 0, -2, -17] [-6, -7, -17, -2] [-6, 7, 14, -2] [-18, 23, -28, -13] [28, 14, -17, 17] [22, -30, -37, 23] [-5, 0, 9, 0]
Food (up, right, down, left):
[23, 15, -5, 20] [-6, 16, -5, -27] [32, -5, 4, 15] [-7, -4, 30, 20] [-10, 5, 19, -12] [-11, -14, -11, -20] [-29, 19, -17, -14]
[-61, -9, -23, -14] [9, -10, -6, -24] [-3, 11, 11, 27] [-9, 14, -31, 26] [29, 9, 1, -36] [33, -10, -33, 26] [20, -1, 17, 14]
[-27, 1, 11, -30] [6, -3, 4, 32] [-45, -27, -33, 36] [40, -35, 20, -11] [-10, -5, 0, -15] [-5, -4, -35, -35] [28, 30, 6, 28]
[22, 10, 12, 46] [-2, -10, -39, 30] [7, -10, -28, -15] [0, 0, 0, 0] [-23, 64, -25, 1] [-21, -3, -24, -2] [-3, 32, -19, 14]
[-4, 5, -7, 16] [-2, 12, 7, 15] [20, -8, 31, 2] [-7, -12, 21, -18] [5, -9, 2, -36] [-6, 39, 17, 27] [0, -11, -5, -25]
[9, -12, 12, -4] [-7, 19, 21, 10] [10, 4, 14, 24] [-14, -22, 16, -23] [-36, -26, -5, -31] [-11, 21, -4, 7] [17, 45, -9, 18]
[3, 4, -19, -29] [23, 2, 3, -46] [11, 23, 6, -15] [-5, 16, 41, -41] [33, 31, 1, -11] [12, 26, 16, -12] [22, -32, 19, -19]
------------------------------
ALIVE
Head: (18 23)
Body: (18 23) (18 22) (18 21) (18 20) (18 19) (18 18) (19 18) (20 18) (20 17) (21 17) (21 16) (20 16) (19 16) 
Length: 13, 4
Vision: 3
Hungry, suplies: 10/10
Reproductive: 16, mutating: 0.25
Generation: 35553
####################################
Wall (up, right, down, left):
[14, -8, -6, 1] [-2, -2, -7, 9] [-17, 13, 15, -7] [14, 9, 30, 10] [-12, 1, 26, -13] [6, -8, -2, -19] [-16, -12, -20, -11]
[-6, -16, 28, -8] [-2, 29, -4, 16] [-25, 2, 4, -9] [-15, 10, 11, 4] [25, 3, 4, 2] [-19, -18, 18, 14] [-14, -4, 7, 6]
[-1, -4, 34, -2] [-6, 28, -16, 2] [-16, -10, 32, -7] [-67, 23, 40, 19] [-43, -32, -23, 23] [-17, -18, 5, 26] [-27, -9, -7, -20]
[8, 31, 2, -48] [14, -6, 15, -28] [6, 24, -1, -88] [0, 0, 0, 0] [41, -92, 33, 0] [20, -9, 8, 22] [5, -1, 8, -6]
[-16, -26, -25, 2] [19, 4, -18, 4] [-6, 4, -27, -28] [32, 15, -80, 5] [8, -12, -13, 38] [-3, 15, -13, -6] [-32, -58, -8, 16]
[11, 23, 7, 4] [1, 3, -10, -11] [13, 1, 23, -6] [-10, 9, -21, 9] [8, -2, -14, 3] [26, -10, -16, 2] [32, -1, 11, 27]
[-6, 0, -2, -17] [-6, -7, -17, -1] [-6, 7, 14, -2] [-18, 23, -28, -13] [28, 14, -17, 17] [22, -30, -37, 23] [-5, 0, 9, 0]
Food (up, right, down, left):
[23, 15, -5, 20] [-6, 20, -5, -27] [32, -5, 4, 15] [-7, -4, 30, 20] [-10, 5, 19, -12] [-11, -14, -11, -20] [-29, 19, -17, -14]
[-61, -9, -23, -14] [9, -10, -6, -24] [-7, 11, 11, 30] [-9, 14, -31, 26] [29, 9, 3, -36] [31, -10, -33, 26] [20, -1, 17, 14]
[-27, 1, 11, -30] [6, -3, 4, 32] [-41, -27, -33, 36] [40, -35, 20, -11] [-10, -5, 0, -15] [-5, -4, -33, -35] [28, 30, 6, 28]
[22, 10, 12, 46] [-2, -10, -39, 30] [7, -10, -28, -15] [0, 0, 0, 0] [-23, 64, -25, 1] [-21, -3, -24, -2] [-3, 32, -19, 14]
[-4, 5, -7, 16] [-2, 12, 7, 15] [20, -8, 28, 2] [-7, -12, 21, -18] [5, -9, 2, -36] [-6, 39, 17, 27] [0, -11, -5, -25]
[9, -12, 12, -4] [-7, 19, 21, 10] [10, 4, 14, 24] [-14, -22, 16, -23] [-36, -26, -5, -31] [-11, 21, -4, 7] [17, 45, -9, 18]
[3, 4, -19, -29] [23, 2, 4, -46] [11, 23, 6, -15] [-5, 16, 41, -41] [33, 31, 1, -11] [12, 26, 16, -12] [22, -32, 19, -19]
------------------------------
ALIVE
Head: (20 49)
Body: (20 49) (21 49) (22 49) (22 48) (22 47) (23 47) (-1 47) (0 47) (0 46) (1 46) (1 45) (2 45) 
Length: 12, 4
Vision: 3
Hungry, suplies: 8/10
Reproductive: 16, mutating: 0.25
Generation: 35559
####################################
Wall (up, right, down, left):
[14, -8, -6, 1] [-2, -2, -7, 9] [-17, 13, 15, -7] [14, 13, 32, 10] [-12, 1, 26, -13] [6, -8, -2, -19] [-16, -12, -20, -11]
[-6, -16, 28, -8] [-2, 29, -4, 16] [-25, 1, 4, -9] [-15, 10, 11, 4] [24, 3, 4, 2] [-19, -18, 18, 14] [-14, -4, 7, 6]
[-1, -4, 34, -2] [-6, 28, -16, 2] [-16, -10, 32, -7] [-67, 23, 40, 19] [-43, -32, -23, 23] [-17, -18, 5, 26] [-27, -9, -4, -20]
[8, 31, 2, -48] [10, -6, 15, -28] [6, 28, -1, -88] [0, 0, 0, 0] [41, -92, 33, 0] [20, -9, 8, 22] [5, -1, 8, -6]
[-16, -26, -25, 2] [20, 4, -18, 4] [-6, 4, -27, -28] [32, 15, -80, 5] [8, -12, -13, 38] [-3, 15, -13, -6] [-32, -58, -8, 16]
[11, 23, 7, 4] [1, 3, -10, -11] [13, 1, 23, -6] [-10, 9, -21, 9] [8, -2, -14, 3] [26, -10, -16, 2] [32, -1, 11, 27]
[-6, 0, -2, -17] [-6, -7, -17, -1] [-6, 7, 14, -2] [-18, 23, -28, -13] [28, 14, -17, 17] [22, -30, -37, 23] [-10, 0, 9, 0]
Food (up, right, down, left):
[23, 15, -5, 20] [-6, 20, -5, -27] [32, -5, 4, 15] [-5, -4, 30, 20] [-10, 5, 19, -12] [-11, -14, -11, -20] [-29, 19, -17, -14]
[-61, -9, -23, -14] [9, -10, -6, -24] [-3, 11, 11, 27] [-9, 14, -31, 26] [29, 9, 1, -36] [31, -10, -33, 26] [20, -1, 17, 14]
[-27, 1, 11, -30] [6, -3, 4, 32] [-41, -27, -33, 36] [40, -35, 20, -11] [-10, -5, 0, -15] [-5, -4, -33, -35] [28, 30, 6, 30]
[22, 10, 12, 46] [-2, -10, -44, 30] [7, -10, -28, -15] [0, 0, 0, 0] [-23, 64, -25, 1] [-21, -3, -24, -2] [-3, 32, -19, 14]
[-4, 5, -7, 16] [-7, 12, 7, 15] [20, -8, 28, 2] [-7, -12, 21, -18] [5, -9, 2, -36] [-6, 39, 17, 27] [0, -11, -5, -25]
[9, -12, 12, -4] [-7, 19, 21, 10] [10, 4, 14, 24] [-14, -22, 16, -23] [-36, -26, -5, -31] [-11, 21, -4, 7] [17, 45, -9, 18]
[3, 4, -19, -29] [23, 2, 4, -46] [11, 23, 6, -15] [-5, 16, 41, -41] [33, 31, 1, -11] [12, 26, 16, -12] [22, -34, 19, -19]
------------------------------
ALIVE
Head: (19 8)
Body: (19 8) (18 8) (17 8) (17 9) (18 9) (18 10) (18 11) (19 11) (19 12) (20 12) (20 13) (20 14) (19 14) (18 14) 
Length: 14, 4
Vision: 3
Hungry, suplies: 9/10
Reproductive: 16, mutating: 0.25
Generation: 35557
####################################
Wall (up, right, down, left):
[14, -8, -6, 1] [-2, -2, -7, 9] [-17, 13, 15, -7] [14, 13, 32, 10] [-12, 1, 26, -13] [6, -8, -2, -19] [-16, -12, -20, -11]
[-6, -16, 28, -8] [-2, 29, -4, 16] [-25, 1, 4, -9] [-15, 10, 11, 4] [24, 3, 4, 2] [-19, -18, 18, 14] [-14, -4, 7, 6]
[-1, -4, 34, -2] [-6, 28, -16, 2] [-16, -10, 32, -7] [-67, 23, 40, 19] [-43, -32, -23, 23] [-17, -18, 5, 26] [-27, -9, -7, -20]
[8, 31, 2, -48] [10, -6, 15, -28] [6, 28, -1, -88] [0, 0, 0, 0] [41, -92, 33, 0] [20, -9, 8, 22] [5, -1, 8, -6]
[-16, -26, -25, 2] [20, 4, -18, 4] [-6, 4, -27, -28] [32, 15, -80, 5] [8, -12, -13, 38] [-3, 15, -13, -6] [-32, -58, -8, 16]
[11, 23, 7, 4] [1, 3, -10, -11] [13, 1, 23, -6] [-10, 9, -21, 9] [8, -2, -14, 3] [26, -10, -16, 2] [32, -1, 11, 27]
[-6, 0, -2, -17] [-6, -7, -17, -1] [-6, 7, 14, -2] [-18, 23, -28, -13] [28, 14, -17, 17] [22, -30, -37, 23] [-10, 0, 9, 0]
Food (up, right, down, left):
[23, 15, -5, 20] [-6, 20, -5, -27] [32, -5, 4, 15] [-5, -4, 30, 20] [-10, 5, 19, -12] [-11, -14, -11, -20] [-29, 19, -17, -14]
[-61, -9, -23, -14] [9, -10, -6, -24] [-3, 11, 11, 27] [-9, 14, -31, 26] [29, 9, 1, -36] [31, -10, -33, 26] [20, -1, 17, 14]
[-27, 1, 11, -30] [6, -3, 4, 32] [-41, -27, -33, 36] [40, -35, 20, -11] [-10, -5, 0, -15] [-5, -4, -33, -35] [28, 30, 6, 28]
[22, 10, 12, 46] [-2, -10, -44, 30] [7, -10, -28, -15] [0, 0, 0, 0] [-23, 64, -25, 1] [-21, -3, -24, -2] [-3, 32, -19, 14]
[-4, 5, -7, 16] [-7, 12, 7, 15] [20, -8, 28, 2] [-7, -12, 21, -18] [5, -9, 2, -36] [-6, 39, 17, 27] [0, -11, -5, -25]
[9, -12, 12, -4] [-7, 19, 21, 10] [10, 4, 14, 24] [-14, -22, 16, -23] [-36, -26, -5, -31] [-11, 21, -4, 7] [17, 45, -9, 18]
[3, 4, -19, -29] [23, 2, 4, -46] [11, 23, 6, -15] [-5, 16, 41, -41] [33, 31, 1, -11] [12, 26, 16, -12] [22, -34, 19, -19]
------------------------------
ALIVE
Head: (20 2)
Body: (20 2) (20 1) (19 1) (18 1) (17 1) (16 1) (15 1) (14 1) (13 1) (12 1) (11 1) (11 2) (11 3) (10 3) 
Length: 14, 4
Vision: 3
Hungry, suplies: 10/10
Reproductive: 16, mutating: 0.25
Generation: 35555
####################################
Wall (up, right, down, left):
[14, -8, -6, 1] [-2, -2, -7, 9] [-17, 13, 15, -7] [14, 13, 32, 10] [-12, 1, 26, -13] [6, -8, -2, -19] [-16, -12, -20, -11]
[-6, -16, 28, -8] [-2, 29, -4, 16] [-25, 1, 4, -9] [-15, 10, 11, 4] [24, 3, 4, 2] [-19, -18, 18, 14] [-14, -4, 7, 6]
[-1, -4, 34, -2] [-6, 28, -16, 2] [-16, -10, 32, -7] [-67, 23, 40, 19] [-43, -32, -23, 23] [-17, -18, 5, 26] [-27, -9, -4, -20]
[8, 31, 2, -48] [10, -6, 15, -28] [6, 28, -1, -88] [0, 0, 0, 0] [41, -92, 33, 0] [20, -9, 8, 22] [5, -1, 8, -6]
[-16, -26, -25, 2] [20, 4, -18, 4] [-6, 4, -27, -28] [32, 15, -80, 5] [8, -12, -13, 38] [-3, 15, -13, -6] [-32, -58, -8, 16]
[11, 23, 7, 4] [1, 3, -10, -11] [13, 1, 23, -6] [-10, 9, -21, 9] [8, -2, -14, 3] [26, -10, -16, 2] [32, -1, 11, 27]
[-6, 0, -2, -17] [-6, -7, -17, -1] [-6, 7, 14, -2] [-18, 23, -28, -13] [28, 14, -17, 17] [22, -30, -37, 23] [-10, 0, 9, 0]
Food (up, right, down, left):
[23, 15, -5, 20] [-6, 20, -5, -27] [32, -5, 4, 15] [-5, -4, 30, 20] [-10, 5, 19, -12] [-11, -14, -11, -20] [-29, 19, -17, -14]
[-61, -9, -23, -14] [9, -10, -6, -24] [-3, 11, 11, 27] [-9, 14, -31, 26] [29, 9, 1, -36] [31, -10, -33, 26] [20, -1, 17, 14]
[-27, 1, 11, -30] [6, -3, 4, 32] [-41, -27, -33, 36] [40, -35, 20, -11] [-10, -5, 0, -15] [-5, -4, -33, -35] [28, 30, 6, 30]
[22, 10, 12, 46] [-2, -10, -44, 30] [7, -10, -28, -15] [0, 0, 0, 0] [-23, 64, -25, 1] [-21, -3, -24, -2] [-3, 32, -19, 14]
[-4, 5, -7, 16] [-7, 12, 7, 15] [20, -8, 28, 2] [-7, -12, 21, -18] [5, -9, 2, -36] [-6, 39, 17, 27] [0, -11, -5, -25]
[9, -12, 12, -4] [-7, 19, 21, 10] [10, 4, 14, 24] [-14, -22, 16, -23] [-36, -26, -5, -31] [-11, 21, -4, 7] [17, 45, -9, 18]
[3, 4, -19, -29] [23, 2, 4, -46] [11, 23, 6, -15] [-5, 16, 41, -41] [33, 31, 1, -11] [12, 26, 16, -12] [22, -34, 19, -19]
------------------------------
ALIVE
Head: (23 29)
Body: (23 29) (22 29) (22 28) (22 27) (23 27) (24 27) (24 26) (-1 25) (0 25) (1 25) 
Length: 10, 4
Vision: 3
Hungry, suplies: 9/10
Reproductive: 16, mutating: 0.25
Generation: 35558
####################################
Wall (up, right, down, left):
[14, -8, -6, 1] [-2, -2, -7, 8] [-17, 13, 15, -7] [14, 9, 30, 10] [-12, 1, 26, -13] [6, -8, -2, -19] [-16, -12, -20, -11]
[-6, -16, 28, -8] [-2, 29, -4, 16] [-25, 1, 4, -9] [-15, 10, 11, 4] [24, 3, 4, 2] [-19, -20, 18, 14] [-14, -4, 7, 6]
[-1, -4, 34, -2] [-6, 28, -16, 2] [-16, -10, 33, -7] [-67, 23, 40, 19] [-43, -32, -23, 23] [-17, -18, 0, 26] [-27, -9, -7, -20]
[8, 31, 2, -48] [14, -6, 15, -28] [6, 28, -1, -92] [0, 0, 0, 0] [41, -92, 33, 0] [20, -9, 8, 22] [5, -1, 8, -6]
[-16, -26, -25, 2] [19, 4, -18, 4] [-6, 4, -32, -28] [32, 15, -80, 5] [8, -12, -13, 38] [-3, 15, -13, -6] [-32, -58, -8, 16]
[11, 23, 7, 4] [1, 3, -10, -11] [13, 1, 23, -6] [-10, 9, -21, 9] [8, -2, -14, 3] [26, -10, -16, 2] [32, -1, 11, 27]
[-6, 0, -2, -17] [-6, -7, -17, -2] [-6, 7, 14, -2] [-18, 23, -28, -13] [28, 14, -17, 17] [22, -30, -37, 23] [-5, 0, 9, 0]
Food (up, right, down, left):
[23, 15, -5, 20] [-6, 16, -5, -27] [32, -5, 4, 15] [-7, -4, 30, 20] [-10, 5, 19, -12] [-11, -14, -11, -20] [-29, 19, -17, -14]
[-61, -9, -23, -14] [9, -10, -6, -24] [-3, 11, 11, 27] [-9, 14, -31, 26] [29, 9, 1, -36] [33, -10, -33, 26] [20, -1, 17, 14]
[-27, 1, 11, -30] [6, -3, 4, 32] [-45, -27, -33, 36] [40, -35, 20, -11] [-10, -5, 0, -15] [-5, -4, -35, -35] [28, 30, 6, 28]
[22, 10, 12, 46] [-2, -10, -39, 30] [7, -15, -28, -15] [0, 0, 0, 0] [-23, 64, -25, 1] [-21, -3, -24, -2] [-3, 32, -19, 14]
[-4, 5, -7, 16] [-2, 12, 7, 15] [20, -8, 31, 2] [-7, -12, 21, -18] [5, -9, 2, -36] [-6, 39, 17, 27] [0, -11, -5, -25]
[9, -12, 12, -4] [-7, 19, 21, 10] [10, 4, 14, 24] [-14, -22, 16, -23] [-36, -26, -5, -31] [-11, 21, -4, 7] [17, 45, -9, 18]
[3, 4, -19, -25] [23, 2, 3, -46] [11, 23, 6, -15] [-5, 16, 41, -41] [33, 31, 1, -11] [12, 26, 16, -12] [22, -32, 19, -19]
------------------------------
ALIVE
Head: (10 20)
Body: (10 20) (10 21) (9 21) (9 22) (8 22) (8 23) (8 24) (7 24) (7 25) 
Length: 9, 4
Vision: 3
Hungry, suplies: 9/10
Reproductive: 16, mutating: 0.25
Generation: 35554
####################################
Wall (up, right, down, left):
[14, -8, -6, 1] [-2, -2, -7, 8] [-17, 13, 15, -7] [14, 9, 30, 10] [-12, 1, 26, -13] [6, -8, -2, -19] [-16, -12, -20, -11]
[-6, -16, 28, -8] [-2, 29, -4, 16] [-25, 1, 4, -9] [-15, 10, 11, 4] [24, 3, 4, 2] [-19, -20, 18, 14] [-14, -4, 7, 6]
[-1, -4, 34, -2] [-6, 28, -16, 2] [-16, -10, 33, -7] [-67, 23, 40, 19] [-43, -32, -23, 23] [-17, -18, 0, 26] [-27, -9, -7, -20]
[8, 31, 2, -48] [14, -6, 15, -28] [6, 28, -1, -88] [0, 0, 0, 0] [41, -92, 33, 0] [20, -9, 8, 22] [5, -1, 8, -6]
[-16, -26, -25, 2] [19, 4, -18, 4] [-6, 4, -32, -28] [32, 15, -80, 5] [8, -12, -13, 38] [-3, 15, -13, -6] [-32, -58, -8, 16]
[11, 23, 7, 4] [1, 3, -10, -11] [13, 1, 23, -6] [-10, 9, -21, 9] [8, -2, -14, 3] [26, -10, -16, 2] [32, -1, 11, 27]
[-6, 0, -2, -17] [-6, -7, -17, -2] [-6, 7, 14, -2] [-18, 23, -28, -13] [28, 14, -17, 17] [22, -30, -37, 23] [-5, 0, 9, 0]
Food (up, right, down, left):
[23, 15, -5, 20] [-6, 16, -5, -27] [32, -5, 4, 15] [-7, -4, 30, 20] [-10, 5, 19, -12] [-11, -14, -11, -20] [-29, 19, -17, -14]
[-61, -9, -23, -14] [9, -10, -6, -24] [-3, 11, 11, 27] [-9, 14, -31, 26] [29, 9, 1, -36] [33, -10, -33, 26] [20, -1, 17, 14]
[-27, 1, 11, -30] [6, -3, 4, 32] [-45, -27, -33, 36] [40, -35, 20, -11] [-10, -5, 0, -15] [-5, -4, -35, -35] [28, 30, 6, 28]
[22, 10, 12, 46] [-2, -10, -39, 30] [7, -10, -28, -15] [0, 0, 0, 0] [-23, 64, -25, 1] [-21, -3, -24, -2] [-3, 32, -19, 14]
[-4, 5, -7, 16] [-2, 12, 7, 15] [20, -8, 31, 2] [-7, -12, 21, -18] [5, -9, 2, -36] [-6, 39, 17, 27] [0, -11, -5, -25]
[9, -12, 12, -4] [-7, 19, 21, 10] [10, 4, 14, 24] [-14, -22, 16, -23] [-36, -26, -5, -31] [-11, 21, -4, 7] [17, 45, -9, 18]
[3, 4, -19, -29] [23, 2, 3, -46] [11, 23, 6, -15] [-5, 16, 41, -41] [33, 31, 1, -11] [12, 26, 16, -12] [22, -32, 19, -19]
------------------------------
ALIVE
Head: (10 31)
Body: (10 31) (11 31) (12 31) (12 32) (13 32) (14 32) (15 32) (15 31) 
Length: 8, 4
Vision: 3
Hungry, suplies: 8/10
Reproductive: 16, mutating: 0.25
Generation: 35555
####################################
Wall (up, right, down, left):
[14, -8, -6, 1] [-2, -2, -7, 8] [-17, 13, 15, -7] [14, 9, 30, 10] [-12, 1, 26, -13] [6, -8, -2, -19] [-16, -12, -20, -11]
[-6, -16, 28, -8] [-2, 29, -4, 16] [-25, 1, 4, -9] [-15, 10, 11, 4] [24, 3, 4, 2] [-19, -20, 18, 14] [-14, -4, 7, 6]
[-1, -4, 34, -2] [-6, 28, -16, 2] [-16, -10, 33, -7] [-67, 23, 40, 19] [-43, -32, -23, 23] [-17, -18, 0, 26] [-27, -9, -7, -20]
[8, 31, 2, -48] [14, -6, 15, -28] [6, 28, -1, -88] [0, 0, 0, 0] [41, -92, 33, 0] [20, -9, 8, 22] [5, -1, 8, -6]
[-16, -26, -25, 2] [19, 4, -18, 4] [-6, 4, -32, -28] [32, 15, -80, 5] [8, -12, -13, 38] [-3, 15, -13, -6] [-32, -58, -8, 16]
[11, 23, 7, 4] [1, 3, -10, -11] [13, 1, 23, -6] [-10, 9, -21, 9] [8, -2, -14, 3] [26, -10, -16, 2] [32, -1, 11, 27]
[-6, 0, -2, -17] [-6, -7, -17, -2] [-6, 7, 14, -2] [-18, 23, -28, -13] [28, 14, -17, 17] [22, -30, -37, 23] [-5, 0, 9, 0]
Food (up, right, down, left):
[23, 15, -5, 20] [-6, 16, -5, -27] [32, -5, 4, 15] [-7, -4, 30, 20] [-10, 5, 19, -12] [-11, -14, -11, -20] [-29, 19, -17, -14]
[-61, -9, -23, -14] [9, -10, -6, -24] [-3, 11, 11, 27] [-9, 14, -31, 26] [29, 9, 1, -36] [33, -10, -33, 26] [20, -1, 17, 14]
[-27, 1, 11, -30] [6, -3, 4, 32] [-45, -27, -33, 36] [40, -35, 20, -11] [-10, -5, 0, -15] [-5, -4, -35, -35] [28, 30, 6, 28]
[22, 10, 12, 46] [-2, -10, -39, 30] [7, -10, -28, -15] [0, 0, 0, 0] [-23, 64, -25, 1] [-21, -3, -24, -2] [-3, 32, -19, 14]
[-4, 5, -7, 16] [-2, 12, 7, 15] [20, -8, 31, 2] [-7, -12, 21, -18] [5, -9, 2, -36] [-6, 39, 17, 27] [0, -11, -5, -25]
[9, -12, 12, -4] [-7, 19, 21, 10] [10, 4, 14, 24] [-14, -22, 16, -23] [-36, -26, -5, -31] [-11, 21, -4, 7] [17, 45, -9, 18]
[3, 4, -19, -29] [23, 2, 3, -46] [11, 23, 6, -15] [-5, 16, 41, -41] [33, 31, 1, -11] [12, 26, 16, -12] [22, -32, 19, -19]
------------------------------
ALIVE
Head: (11 49)
Body: (11 49) (10 49) (9 49) (8 49) (8 50) (9 50) (9 51) (9 52) 
Length: 8, 4
Vision: 3
Hungry, suplies: 8/10
Reproductive: 16, mutating: 0.25
Generation: 35557
####################################
Wall (up, right, down, left):
[14, -8, -6, 1] [-2, -7, -7, 9] [-17, 13, 15, -7] [14, 9, 30, 10] [-12, 1, 26, -13] [6, -4, -2, -22] [-16, -12, -20, -11]
[-6, -16, 25, -8] [-2, 29, -4, 16] [-25, 1, 4, -9] [-15, 10, 11, 4] [24, 3, 1, 2] [-19, -18, 18, 14] [-14, -4, 7, 6]
[-1, -4, 34, 2] [-6, 31, -16, 2] [-16, -10, 32, -7] [-67, 23, 40, 19] [-43, -32, -23, 23] [-12, -18, 5, 26] [-27, -9, -7, -20]
[8, 31, 2, -48] [14, -6, 15, -28] [6, 28, -1, -88] [0, 0, 0, 0] [42, -92, 33, 0] [20, -9, 8, 22] [5, -1, 8, -6]
[-16, -26, -25, 2] [19, 4, -18, 4] [-6, 4, -27, -28] [32, 15, -80, 5] [8, -12, -13, 38] [-5, 15, -13, -6] [-32, -58, -8, 16]
[11, 23, 7, 4] [1, 3, -10, -11] [13, 1, 23, -6] [-13, 11, -21, 9] [8, -2, -14, 3] [26, -10, -16, 2] [32, -1, 11, 27]
[-11, 0, -2, -17] [-6, -7, -17, -1] [-6, 7, 14, -2] [-18, 23, -28, -13] [28, 14, -17, 17] [22, -30, -37, 27] [-5, 0, 9, 0]
Food (up, right, down, left):
[23, 15, -5, 20] [-6, 20, -5, -32] [32, -5, 4, 15] [-7, -4, 30, 20] [-10, 5, 19, -12] [-14, -14, -13, -20] [-29, 19, -17, -14]
[-61, -9, -23, -18] [9, -10, -6, -24] [-3, 11, 11, 27] [-9, 14, -31, 26] [29, 9, 1, -39] [31, -10, -33, 26] [20, -1, 17, 14]
[-27, 1, 7, -30] [6, -2, 4, 32] [-41, -27, -33, 36] [40, -35, 20, -11] [-10, -5, 0, -15] [-3, -4, -33, -35] [28, 30, 6, 28]
[22, 10, 12, 46] [-2, -10, -39, 30] [7, -10, -28, -15] [0, 0, 0, 0] [-23, 59, -25, 1] [-21, -3, -24, -2] [-3, 32, -19, 11]
[-4, 5, -7, 16] [-2, 12, 7, 15] [20, -8, 28, 2] [-7, -12, 21, -18] [5, -9, 2, -36] [-6, 37, 17, 27] [0, -11, -5, -25]
[9, -12, 12, -4] [-7, 19, 21, 10] [10, 4, 14, 24] [-14, -27, 16, -21] [-36, -26, -5, -31] [-11, 21, -4, 7] [17, 45, -9, 18]
[8, 4, -19, -29] [23, 2, 4, -46] [11, 23, 6, -15] [-5, 16, 41, -41] [33, 31, 1, -11] [12, 25, 16, -12] [22, -32, 19, -19]
------------------------------
ALIVE
Head: (23 19)
Body: (23 19) (23 20) (22 20) (22 21) (22 22) (23 22) (23 23) (23 24) 
Length: 8, 4
Vision: 3
Hungry, suplies: 10/10
Reproductive: 16, mutating: 0.25
Generation: 35555
####################################
