Wall (up, right, down, left):
[-1, -1, 17, -9] [-3, 3, 18, -9] [-37, 3, 4, -23] [5, -1, 23, -2] [-14, 12, 23, 1] [16, -2, -14, 1] [5, -13, -7, -12]
[-42, -19, 5, -21] [0, 10, -10, -9] [-41, 0, 15, -3] [-35, 11, 16, 23] [42, 10, -7, -10] [-23, -19, 1, -9] [-17, 8, -4, 10]
[-8, 3, 22, 17] [-5, 24, -12, -4] [-9, -4, 50, -22] [-81, 19, 52, 4] [-44, -42, -18, 40] [-22, -18, -4, -1] [-38, -14, -19, 0]
[-7, 46, -5, -45] [11, 4, 24, -23] [-5, 42, 15, -103] [0, 0, 0, 0] [41, -106, 31, 14] [27, -4, 3, 10] [0, -4, 21, 11]
[-12, -28, 4, -4] [14, -2, -18, -17] [-7, -17, -48, -44] [57, 24, -125, 23] [14, -8, -27, 29] [-9, 9, -2, 25] [-35, -71, -10, 32]
[20, 26, 7, 0] [-24, 1, -12, 11] [33, -14, 20, -12] [-3, 6, -29, -4] [8, 2, -31, -9] [2, -12, -20, 2] [42, 2, 9, 10]
[-27, -16, 14, 2] [-3, -1, -49, -6] [-14, 9, 28, -4] [-11, 17, -45, -8] [39, 11, -12, 29] [42, -21, -41, 22] [-14, 16, 28, -1]
Food (up, right, down, left):
[14, 17, -4, 27] [-13, 26, -3, -11] [28, -22, 14, 4] [-14, -9, 52, 15] [-4, 0, 47, -16] [-12, -21, -19, -21] [-50, 11, 5, -16]
[-68, 6, -38, -15] [-2, -2, -36, -1] [8, 17, 21, 35] [-19, 19, -48, 25] [18, 7, -2, -50] [58, 6, -46, 25] [13, -8, 25, 22]
[-22, 8, 29, -42] [13, 8, -17, 31] [-61, -27, -36, 23] [45, -36, 36, 14] [-13, -8, -30, -21] [6, 22, -45, -28] [41, 23, 7, 19]
[11, 22, 5, 43] [-11, -6, -26, 32] [5, 6, -36, -19] [0, 0, 0, 0] [-13, 55, -37, -10] [11, -24, -32, -24] [-17, 50, -16, 18]
[3, 16, -17, 20] [4, 24, 10, 36] [29, -9, 40, 21] [-18, -49, 20, -24] [10, 4, 15, -21] [3, 38, 20, 22] [-16, -15, 6, -11]
[0, -32, -13, 3] [12, 11, 13, -4] [9, 10, 10, 39] [-27, -29, 50, -24] [-45, -36, 6, -53] [-19, 68, 18, 17] [1, 38, 0, 33]
[8, 1, -20, -6] [5, 8, 9, -53] [23, 14, 13, -9] [-7, 13, 19, -36] [56, 34, -1, -16] [29, 34, 12, 1] [9, -14, 24, -21]
------------------------------
ALIVE
Head: (9 14)
Body: (9 14) (9 15) (8 15) (7 15) (6 15) (5 15) (4 15) 
Length: 7, 4
Vision: 3
Hungry, suplies: 10/10
Reproductive: 16, mutating: 0.25
Generation: 48989
####################################
Wall (up, right, down, left):
[-1, -1, 17, -9] [-3, 3, 18, -9] [-37, 3, 4, -23] [5, -1, 23, -2] [-14, 12, 23, 1] [16, -2, -14, 1] [5, -13, -7, -12]
[-42, -18, 5, -21] [0, 10, -10, -9] [-41, 0, 15, -3] [-35, 11, 16, 23] [42, 10, -7, -10] [-23, -19, 1, -9] [-17, 8, -1, 10]
[-8, 3, 22, 17] [-5, 24, -12, -4] [-9, -4, 50, -22] [-81, 19, 52, 4] [-44, -42, -18, 40] [-22, -18, -4, -1] [-38, -14, -19, 0]
[-7, 46, -5, -45] [11, 4, 24, -23] [-5, 42, 15, -103] [0, 0, 0, 0] [41, -106, 31, 14] [27, -4, 3, 10] [0, -4, 21, 11]
[-12, -28, 4, -4] [14, -2, -18, -17] [-7, -17, -48, -44] [57, 24, -125, 23] [14, -8, -27, 29] [-9, 9, -2, 25] [-35, -71, -10, 32]
[20, 26, 7, 0] [-24, 1, -12, 11] [33, -14, 20, -12] [-3, 6, -29, -4] [8, 2, -31, -9] [2, -12, -20, 2] [42, 2, 5, 10]
[-27, -16, 14, 2] [-3, -1, -49, -6] [-14, 9, 28, -4] [-11, 17, -45, -8] [39, 11, -12, 29] [42, -21, -41, 22] [-14, 16, 28, -1]
Food (up, right, down, left):
[14, 17, -4, 27] [-13, 26, -3, -11] [28, -22, 14, 4] [-14, -9, 52, 15] [-4, 0, 47, -16] [-12, -21, -19, -21] [-50, 11, 5, -16]
[-68, 6, -38, -15] [-2, -2, -36, -1] [8, 17, 21, 35] [-19, 19, -48, 25] [18, 7, -2, -50] [58, 6, -46, 25] [13, -8, 30, 22]
[-22, 4, 29, -42] [13, 8, -17, 31] [-61, -27, -36, 23] [45, -36, 36, 14] [-13, -8, -30, -21] [6, 22, -45, -28] [41, 23, 7, 19]
[11, 22, 5, 43] [-11, -6, -26, 32] [5, 6, -36, -19] [0, 0, 0, 0] [-13, 55, -37, -10] [11, -24, -32, -24] [-17, 50, -16, 18]
[3, 16, -17, 20] [4, 24, 10, 36] [29, -9, 40, 21] [-18, -49, 20, -24] [10, 4, 15, -21] [3, 38, 20, 22] [-16, -15, 6, -11]
[0, -32, -13, 3] [12, 11, 13, -4] [9, 10, 10, 39] [-27, -29, 50, -20] [-45, -36, 6, -53] [-19, 68, 18, 17] [1, 38, 0, 33]
[8, 1, -20, -6] [5, 8, 9, -53] [23, 14, 13, -9] [-7, 13, 19, -36] [56, 34, -1, -16] [29, 34, 12, 1] [9, -14, 24, -21]
------------------------------
ALIVE
Head: (19 15)
Body: (19 15) (19 14) (19 13) (19 12) (19 11) (19 10) (20 10) 
Length: 7, 4
Vision: 3
Hungry, suplies: 10/10
Reproductive: 16, mutating: 0.25
Generation: 48987
####################################
Wall (up, right, down, left):
[-1, -1, 17, -9] [-3, 3, 18, -9] [-37, 3, 4, -23] [5, -1, 23, -2] [-14, 12, 23, 1] [16, -6, -14, 1] [5, -13, -7, -12]
[-42, -19, 5, -21] [0, 10, -10, -9] [-41, 0, 15, -3] [-35, 11, 16, 23] [42, 10, -7, -10] [-23, -19, 1, -9] [-17, 8, -4, 10]
[-8, 3, 22, 17] [-5, 24, -17, -4] [-9, -4, 50, -22] [-81, 19, 52, 4] [-44, -42, -18, 40] [-22, -18, -4, -1] [-38, -14, -19, 0]
[-7, 46, -5, -45] [11, 4, 24, -23] [-5, 42, 15, -103] [0, 0, 0, 0] [41, -106, 31, 14] [27, -4, 3, 10] [0, -4, 16, 11]
[-12, -28, 4, -4] [14, -2, -18, -17] [-7, -17, -48, -44] [57, 24, -125, 23] [14, -8, -27, 29] [-9, 9, -2, 26] [-35, -71, -10, 32]
[20, 26, 7, 0] [-24, 1, -12, 11] [33, -14, 20, -12] [-3, 6, -29, -4] [8, 2, -31, -9] [2, -12, -20, 2] [42, 2, 9, 10]
[-27, -16, 14, 2] [-3, -1, -49, -6] [-14, 9, 28, -4] [-11, 17, -45, -8] [39, 11, -12, 29] [42, -21, -41, 22] [-14, 16, 28, -1]
Food (up, right, down, left):
[14, 17, -4, 27] [-13, 26, -3, -11] [28, -22, 14, 4] [-14, -9, 52, 15] [-4, 0, 47, -16] [-12, -21, -19, -25] [-50, 11, 5, -16]
[-68, 6, -38, -15] [-2, -2, -36, -1] [8, 17, 21, 35] [-19, 19, -48, 25] [18, 7, -2, -50] [58, 6, -46, 25] [13, -8, 25, 22]
[-22, 8, 29, -42] [13, 8, -17, 31] [-61, -27, -36, 23] [45, -36, 36, 14] [-13, -8, -30, -21] [6, 22, -45, -28] [41, 23, 7, 19]
[11, 22, 5, 43] [-11, -6, -26, 32] [5, 6, -36, -19] [0, 0, 0, 0] [-13, 55, -37, -10] [11, -24, -32, -24] [-17, 52, -16, 18]
[3, 16, -17, 20] [4, 24, 10, 36] [29, -9, 40, 21] [-18, -49, 20, -24] [10, 4, 15, -21] [3, 43, 20, 22] [-16, -15, 6, -11]
[0, -32, -13, 3] [12, 11, 13, -4] [9, 10, 10, 39] [-27, -29, 50, -20] [-45, -36, 6, -53] [-19, 68, 18, 17] [1, 38, 0, 33]
[8, 1, -20, -6] [5, 8, 9, -53] [23, 14, 13, -9] [-7, 13, 19, -36] [56, 34, -1, -16] [29, 34, 12, 1] [9, -14, 24, -21]
------------------------------
ALIVE
Head: (7 11)
Body: (7 11) (7 10) (7 9) (7 8) (7 7) (6 7) (6 6) (7 6) (7 5) (7 4) (7 3) 
Length: 11, 4
Vision: 3
Hungry, suplies: 2/10
Reproductive: 16, mutating: 0.25
Generation: 48990
####################################
Wall (up, right, down, left):
[-2, -1, 17, -9] [-3, 3, 18, -9] [-37, 3, 4, -23] [5, -1, 23, -2] [-14, 12, 23, 1] [16, -2, -14, 1] [5, -13, -7, -14]
[-42, -19, 8, -21] [0, 10, -10, -9] [-41, 0, 15, -3] [-35, 11, 16, 23] [42, 10, -7, -5] [-23, -19, 1, -9] [-17, 8, -1, 10]
[-10, 2, 22, 17] [-4, 24, -12, -4] [-9, -4, 50, -22] [-81, 19, 52, 4] [-44, -42, -18, 40] [-22, -18, -4, -1] [-38, -14, -19, 0]
[-7, 46, -5, -45] [11, 4, 24, -23] [-5, 40, 15, -103] [0, 0, 0, 0] [41, -106, 31, 14] [27, -4, 3, 10] [0, -4, 21, 11]
[-12, -28, 4, -4] [14, -2, -18, -17] [-7, -17, -48, -44] [57, 24, -125, 19] [14, -8, -27, 29] [-12, 9, -2, 25] [-35, -71, -10, 32]
[20, 26, 4, 0] [-24, 1, -12, 6] [33, -14, 20, -12] [-3, 6, -34, -4] [8, 2, -31, -9] [2, -17, -20, 2] [42, 2, 5, 10]
[-27, -16, 14, 2] [-3, -1, -49, -6] [-14, 9, 28, -4] [-11, 17, -45, -8] [39, 11, -12, 29] [42, -21, -41, 22] [-14, 16, 30, -1]
Food (up, right, down, left):
[14, 17, -1, 27] [-13, 26, -3, -11] [28, -22, 14, 4] [-14, -9, 52, 15] [-4, 0, 47, -16] [-12, -21, -19, -21] [-50, 8, 5, -16]
[-68, 2, -38, -15] [-2, -2, -36, -1] [8, 17, 21, 35] [-19, 19, -48, 25] [21, 7, -2, -50] [58, 6, -46, 25] [13, -8, 30, 22]
[-22, 8, 33, -42] [13, 8, -13, 31] [-61, -27, -36, 23] [45, -36, 36, 14] [-13, -8, -30, -21] [6, 22, -45, -28] [41, 23, 7, 19]
[11, 22, 5, 43] [-11, -6, -26, 32] [5, 9, -36, -19] [0, 0, 0, 0] [-13, 55, -37, -10] [11, -24, -32, -24] [-17, 50, -16, 18]
[3, 16, -17, 20] [4, 24, 10, 36] [29, -9, 40, 21] [-18, -49, 19, -24] [10, 4, 15, -17] [3, 35, 20, 22] [-16, -15, 6, -11]
[-4, -32, -13, 0] [16, 11, 13, -4] [9, 10, 10, 39] [-27, -29, 47, -20] [-45, -36, 6, -53] [-19, 68, 18, 19] [1, 38, 0, 33]
[8, 1, -20, -6] [5, 8, 9, -53] [23, 14, 13, -9] [-7, 13, 19, -36] [56, 34, -1, -16] [29, 34, 12, 1] [9, -14, 24, -21]
------------------------------
ALIVE
Head: (14 40)
Body: (14 40) (13 40) (12 40) (12 39) (11 39) (10 39) (9 39) (8 39) (7 39) (6 39) (5 39) (4 39) 
Length: 12, 4
Vision: 3
Hungry, suplies: 9/10
Reproductive: 16, mutating: 0.25
Generation: 48997
####################################
Wall (up, right, down, left):
[-2, -1, 17, -9] [-3, 3, 18, -9] [-37, 3, 4, -23] [5, -1, 23, -2] [-14, 12, 23, 1] [16, -2, -14, 1] [5, -13, -7, -14]
[-42, -19, 8, -21] [0, 10, -10, -9] [-41, 0, 15, -3] [-35, 11, 16, 23] [42, 10, -7, -5] [-23, -19, 1, -9] [-17, 8, -1, 10]
[-10, 2, 22, 17] [-4, 24, -12, -4] [-9, -4, 50, -22] [-81, 19, 52, 4] [-44, -42, -18, 40] [-22, -18, -4, -1] [-38, -14, -19, 0]
[-7, 46, -5, -45] [11, 4, 24, -23] [-5, 40, 15, -103] [0, 0, 0, 0] [41, -106, 31, 14] [27, -4, 3, 10] [0, -4, 21, 11]
[-12, -28, 4, -4] [14, -2, -18, -17] [-7, -17, -48, -44] [57, 24, -125, 19] [14, -8, -27, 29] [-12, 9, -2, 25] [-35, -71, -10, 32]
[20, 26, 4, 0] [-24, 1, -12, 6] [33, -14, 20, -12] [-3, 6, -34, -4] [8, 2, -31, -9] [2, -17, -20, 2] [42, 2, 5, 10]
[-27, -16, 14, 2] [-3, -1, -49, -6] [-14, 9, 28, -4] [-11, 17, -45, -8] [39, 11, -12, 29] [42, -21, -41, 22] [-14, 16, 30, -1]
Food (up, right, down, left):
[14, 17, -1, 27] [-13, 26, -3, -11] [28, -22, 14, 4] [-14, -9, 52, 15] [-4, 0, 47, -16] [-12, -21, -19, -21] [-50, 8, 5, -16]
[-68, 2, -38, -15] [-2, -2, -36, -1] [8, 17, 21, 35] [-19, 19, -48, 25] [21, 7, -2, -50] [58, 6, -46, 25] [13, -8, 30, 22]
[-22, 8, 33, -42] [13, 8, -13, 31] [-61, -27, -36, 23] [45, -36, 36, 14] [-13, -8, -30, -21] [6, 22, -45, -28] [41, 23, 7, 19]
[11, 22, 5, 43] [-11, -6, -26, 32] [5, 9, -36, -19] [0, 0, 0, 0] [-13, 55, -37, -10] [11, -24, -32, -24] [-17, 50, -16, 18]
[3, 16, -17, 20] [4, 24, 10, 36] [29, -9, 40, 21] [-18, -49, 19, -24] [10, 4, 15, -17] [3, 35, 20, 22] [-16, -15, 6, -11]
[-4, -32, -13, 0] [16, 11, 13, -4] [9, 10, 10, 39] [-27, -29, 47, -20] [-45, -36, 6, -53] [-19, 68, 18, 19] [1, 38, 0, 33]
[8, 1, -20, -6] [5, 8, 9, -53] [23, 14, 13, -9] [-7, 13, 19, -36] [56, 34, -1, -16] [29, 34, 12, 1] [9, -14, 24, -21]
------------------------------
ALIVE
Head: (18 18)
Body: (18 18) (17 18) (16 18) (15 18) (14 18) (14 17) (14 16) (13 16) (12 16) (12 15) (11 15) 
Length: 11, 4
Vision: 3
Hungry, suplies: 10/10
Reproductive: 16, mutating: 0.25
Generation: 48996
####################################
Wall (up, right, down, left):
[-1, -1, 17, -9] [-3, 3, 18, -9] [-37, 3, 4, -23] [5, -1, 23, -2] [-14, 12, 23, 1] [16, -2, -14, 1] [5, -13, -7, -12]
[-42, -18, 5, -21] [0, 10, -10, -9] [-41, 0, 15, -3] [-35, 11, 16, 23] [42, 10, -7, -10] [-23, -19, 1, -9] [-17, 8, -1, 10]
[-8, 3, 22, 17] [-5, 24, -12, -4] [-9, -4, 50, -22] [-81, 19, 52, 4] [-44, -42, -18, 40] [-22, -18, -4, -1] [-38, -14, -19, 0]
[-7, 45, -5, -45] [11, 4, 24, -23] [-5, 42, 15, -103] [0, 0, 0, 0] [41, -106, 31, 14] [27, -4, 3, 10] [0, -4, 21, 11]
[-12, -28, 4, -4] [14, -2, -18, -17] [-7, -17, -48, -44] [57, 24, -125, 23] [14, -8, -27, 29] [-9, 9, -2, 25] [-35, -71, -10, 32]
[20, 26, 7, 0] [-24, 1, -12, 11] [33, -14, 20, -12] [-3, 6, -29, -4] [8, 2, -31, -9] [2, -12, -20, 2] [42, 2, 5, 10]
[-27, -16, 14, 2] [-3, -1, -49, -6] [-14, 9, 28, -4] [-11, 17, -45, -8] [39, 11, -12, 29] [42, -21, -41, 22] [-14, 16, 28, -1]
Food (up, right, down, left):
[14, 17, -4, 27] [-13, 26, -3, -11] [28, -22, 14, 4] [-14, -9, 52, 15] [-4, 0, 47, -16] [-12, -21, -19, -21] [-50, 11, 5, -16]
[-68, 6, -38, -15] [-2, -2, -36, -1] [8, 17, 21, 35] [-19, 19, -48, 25] [18, 7, -2, -50] [58, 6, -46, 25] [13, -8, 30, 22]
[-22, 8, 29, -42] [13, 8, -17, 31] [-61, -27, -36, 23] [45, -36, 36, 14] [-13, -8, -30, -21] [6, 22, -45, -28] [41, 23, 7, 19]
[13, 22, 5, 43] [-11, -6, -26, 32] [5, 6, -36, -19] [0, 0, 0, 0] [-13, 55, -37, -10] [11, -24, -32, -24] [-17, 50, -16, 18]
[3, 16, -17, 20] [4, 24, 10, 36] [29, -9, 40, 21] [-18, -49, 20, -24] [10, 4, 15, -21] [3, 38, 20, 22] [-16, -15, 6, -11]
[0, -32, -13, 3] [12, 11, 13, -4] [9, 10, 10, 39] [-27, -29, 50, -20] [-45, -36, 6, -53] [-19, 68, 18, 17] [1, 38, 0, 33]
[8, 1, -20, -6] [5, 8, 9, -53] [23, 14, 13, -9] [-7, 13, 19, -36] [56, 34, -1, -16] [29, 34, 12, 1] [9, -14, 24, -21]
------------------------------
ALIVE
Head: (2 45)
Body: (2 45) (2 44) (3 44) (4 44) (5 44) (5 43) (5 42) (6 42) 
Length: 8, 4
Vision: 3
Hungry, suplies: 6/10
Reproductive: 16, mutating: 0.25
Generation: 48988
####################################
Wall (up, right, down, left):
[-2, -1, 17, -9] [-3, 3, 18, -9] [-37, 3, 4, -23] [5, -1, 23, -2] [-14, 12, 23, 1] [16, -2, -14, 1] [5, -13, -7, -14]
[-42, -19, 8, -21] [0, 10, -10, -9] [-41, 0, 15, -3] [-35, 11, 16, 23] [42, 10, -7, -5] [-23, -19, 1, -9] [-17, 8, -1, 10]
[-10, 2, 22, 17] [-4, 24, -12, -4] [-9, -4, 50, -22] [-81, 19, 52, 4] [-44, -42, -18, 40] [-22, -18, -4, -1] [-38, -14, -19, 0]
[-7, 46, -5, -45] [11, 4, 24, -23] [-5, 40, 15, -103] [0, 0, 0, 0] [41, -106, 31, 14] [27, -4, 3, 10] [0, -4, 21, 11]
[-12, -28, 4, -4] [14, -2, -18, -17] [-7, -17, -48, -44] [57, 24, -125, 19] [14, -8, -27, 29] [-12, 9, -2, 25] [-35, -71, -10, 32]
[20, 26, 4, 0] [-24, 1, -11, 6] [33, -14, 20, -12] [-3, 6, -34, -4] [8, 2, -31, -9] [2, -17, -20, 2] [42, 2, 5, 10]
[-27, -16, 14, 2] [-3, -1, -49, -6] [-14, 9, 28, -4] [-11, 17, -45, -8] [39, 11, -12, 29] [42, -21, -41, 22] [-14, 16, 30, -1]
Food (up, right, down, left):
[14, 17, -1, 27] [-13, 26, -3, -11] [28, -22, 14, 4] [-14, -9, 52, 15] [-4, 0, 47, -16] [-12, -21, -19, -21] [-50, 8, 5, -16]
[-68, 2, -38, -15] [-2, -2, -36, -1] [8, 17, 21, 35] [-19, 19, -48, 25] [21, 7, -2, -50] [58, 6, -46, 25] [13, -8, 30, 22]
[-22, 8, 33, -42] [13, 8, -13, 31] [-61, -27, -36, 23] [45, -36, 36, 14] [-13, -8, -30, -21] [6, 22, -45, -28] [41, 23, 7, 19]
[11, 22, 5, 43] [-11, -6, -26, 32] [5, 9, -36, -19] [0, 0, 0, 0] [-13, 55, -37, -10] [11, -24, -32, -24] [-17, 50, -16, 18]
[3, 16, -17, 20] [4, 24, 10, 36] [29, -9, 40, 21] [-18, -49, 19, -24] [10, 4, 15, -17] [3, 35, 20, 22] [-16, -15, 6, -11]
[-4, -32, -13, 0] [16, 11, 13, -2] [9, 10, 10, 39] [-27, -29, 47, -20] [-45, -36, 6, -53] [-19, 68, 18, 19] [1, 38, 0, 33]
[8, 1, -20, -6] [5, 8, 9, -53] [23, 14, 13, -9] [-7, 13, 19, -36] [56, 34, -1, -16] [29, 34, 12, 1] [9, -14, 24, -21]
------------------------------
ALIVE
Head: (2 23)
Body: (2 23) (3 23) (3 24) (3 25) (3 26) (4 26) (4 27) 
Length: 7, 4
Vision: 3
Hungry, suplies: 10/10
Reproductive: 16, mutating: 0.25
Generation: 48997
####################################
Wall (up, right, down, left):
[-1, -1, 17, -9] [-3, 3, 18, -9] [-37, 3, 4, -23] [5, -1, 23, -2] [-14, 12, 23, 1] [16, -6, -14, 1] [5, -13, -7, -12]
[-42, -19, 5, -21] [0, 10, -10, -9] [-41, 0, 14, -3] [-35, 11, 16, 23] [42, 10, -7, -10] [-23, -19, 1, -9] [-17, 8, -4, 10]
[-8, 3, 22, 17] [-5, 24, -17, -4] [-9, -6, 50, -22] [-81, 19, 52, 4] [-44, -42, -18, 40] [-22, -18, -4, -1] [-38, -14, -19, 0]
[-7, 46, -5, -45] [11, 4, 24, -23] [-5, 42, 15, -103] [0, 0, 0, 0] [41, -106, 31, 14] [27, -4, 3, 10] [0, -4, 21, 11]
[-12, -28, 4, -4] [14, -2, -18, -17] [-7, -17, -48, -44] [57, 24, -125, 23] [14, -8, -27, 29] [-9, 9, -2, 26] [-35, -71, -10, 32]
[20, 26, 7, 0] [-24, 1, -12, 11] [33, -14, 20, -12] [-3, 6, -29, -4] [8, 2, -31, -9] [2, -12, -20, 2] [42, 2, 9, 10]
[-27, -16, 14, 2] [-3, -1, -49, -6] [-14, 9, 28, -4] [-11, 17, -45, -8] [39, 11, -12, 29] [42, -21, -41, 22] [-14, 16, 28, -1]
Food (up, right, down, left):
[14, 17, -4, 27] [-13, 26, -3, -11] [28, -22, 14, 4] [-14, -9, 52, 15] [-4, 0, 47, -16] [-12, -21, -19, -25] [-50, 11, 5, -16]
[-68, 6, -38, -15] [-2, -2, -36, -1] [8, 17, 21, 32] [-19, 19, -48, 25] [18, 7, -2, -50] [58, 6, -46, 25] [13, -8, 25, 22]
[-22, 8, 29, -42] [13, 8, -17, 31] [-66, -27, -36, 23] [45, -36, 36, 14] [-13, -8, -30, -21] [6, 22, -45, -28] [41, 23, 7, 19]
[11, 22, 5, 43] [-11, -6, -26, 32] [5, 6, -36, -19] [0, 0, 0, 0] [-13, 55, -37, -10] [11, -24, -32, -24] [-17, 50, -16, 18]
[3, 16, -17, 20] [4, 24, 10, 36] [29, -9, 40, 21] [-18, -49, 20, -24] [10, 4, 15, -21] [3, 43, 20, 22] [-16, -15, 6, -11]
[0, -32, -13, 3] [12, 11, 13, -4] [9, 10, 10, 39] [-27, -29, 50, -20] [-45, -36, 6, -53] [-19, 68, 18, 17] [1, 38, 0, 33]
[8, 1, -20, -6] [5, 8, 9, -53] [23, 14, 13, -9] [-7, 13, 19, -36] [56, 34, -1, -16] [29, 34, 12, 1] [9, -14, 24, -21]
------------------------------
ALIVE
Head: (24 37)
Body: (24 37) (23 37) (22 37) (22 36) (21 36) (20 36) (20 35) (19 35) (18 35) (17 35) (16 35) (15 35) (15 34) 
Length: 13, 4
Vision: 3
Hungry, suplies: 8/10
Reproductive: 16, mutating: 0.25
Generation: 48993
####################################
Wall (up, right, down, left):
[-1, -1, 17, -9] [-3, 3, 18, -9] [-37, 3, 4, -24] [5, -1, 23, -2] [-14, 12, 23, 1] [16, -2, -14, 1] [5, -13, -7, -12]
[-42, -19, 5, -21] [0, 10, -10, -9] [-41, 0, 15, -3] [-35, 11, 16, 23] [42, 10, -7, -10] [-23, -19, 1, -9] [-17, 8, -4, 10]
[-8, 3, 22, 17] [-5, 24, -12, -4] [-9, -4, 50, -22] [-81, 19, 52, 4] [-44, -42, -18, 40] [-22, -18, -4, -1] [-38, -14, -19, 0]
[-7, 46, -5, -45] [11, 4, 24, -23] [-5, 42, 15, -103] [0, 0, 0, 0] [41, -106, 31, 14] [27, -4, 3, 10] [0, -4, 21, 11]
[-12, -28, 4, -4] [14, -2, -18, -17] [-7, -17, -48, -44] [57, 24, -125, 23] [14, -8, -27, 29] [-9, 9, -2, 25] [-35, -71, -10, 32]
[20, 26, 7, 0] [-24, 1, -12, 11] [33, -14, 20, -12] [-3, 6, -29, -4] [8, 2, -31, -9] [2, -12, -20, 2] [42, 2, 9, 10]
[-27, -16, 14, 2] [-3, -1, -49, -6] [-14, 9, 28, -4] [-11, 17, -45, -8] [39, 11, -12, 29] [42, -21, -41, 22] [-14, 16, 28, -1]
Food (up, right, down, left):
[14, 17, -4, 27] [-13, 26, -3, -11] [28, -22, 14, 4] [-14, -9, 52, 15] [-4, 0, 47, -16] [-12, -21, -19, -21] [-50, 11, 5, -16]
[-68, 6, -38, -15] [-2, -2, -36, -1] [8, 17, 21, 35] [-19, 19, -48, 25] [18, 7, -2, -50] [58, 6, -46, 25] [13, -8, 25, 22]
[-22, 8, 29, -42] [13, 8, -17, 31] [-61, -27, -36, 23] [45, -36, 36, 14] [-13, -8, -30, -21] [6, 22, -45, -28] [41, 23, 7, 19]
[11, 22, 5, 43] [-11, -6, -26, 32] [5, 6, -36, -19] [0, 0, 0, 0] [-13, 55, -37, -10] [11, -24, -32, -24] [-17, 50, -16, 18]
[3, 16, -17, 20] [4, 24, 10, 36] [29, -9, 40, 21] [-18, -49, 20, -24] [10, 4, 15, -21] [3, 38, 20, 22] [-16, -15, 6, -11]
[0, -32, -13, 3] [12, 11, 13, -4] [9, 10, 10, 39] [-27, -29, 50, -24] [-45, -36, 6, -53] [-19, 68, 18, 17] [1, 38, 0, 33]
[8, 1, -20, -6] [5, 8, 9, -53] [23, 14, 13, -9] [-7, 13, 19, -36] [56, 34, -1, -16] [29, 34, 12, 1] [9, -14, 24, -21]
------------------------------
ALIVE
Head: (9 53)
Body: (9 53) (8 53) (8 52) (8 51) (7 51) (6 51) (6 50) (5 50) 
Length: 8, 4
Vision: 3
Hungry, suplies: 8/10
Reproductive: 16, mutating: 0.25
Generation: 48990
####################################
Wall (up, right, down, left):
[-2, -1, 17, -9] [-3, 3, 18, -9] [-37, 3, 4, -23] [5, -1, 23, -2] [-14, 12, 23, 1] [16, -2, -14, 1] [5, -13, -7, -14]
[-42, -19, 8, -21] [0, 10, -10, -9] [-41, 0, 15, -3] [-35, 11, 16, 23] [42, 10, -7, -5] [-23, -19, 1, -9] [-17, 8, -1, 10]
[-8, 2, 22, 17] [-4, 24, -12, -4] [-9, -4, 50, -22] [-81, 19, 52, 4] [-44, -42, -18, 40] [-22, -18, -4, -1] [-38, -14, -19, 0]
[-7, 46, -5, -45] [11, 4, 24, -23] [-5, 40, 15, -103] [0, 0, 0, 0] [41, -106, 31, 14] [27, -4, 3, 10] [0, -4, 21, 11]
[-12, -28, 4, -4] [14, -2, -18, -17] [-7, -17, -48, -44] [57, 24, -125, 19] [14, -8, -27, 29] [-12, 9, -2, 25] [-35, -71, -10, 32]
[20, 26, 4, 0] [-24, 5, -12, 6] [33, -14, 20, -12] [-3, 6, -34, -4] [8, 2, -31, -9] [2, -17, -20, 2] [42, 2, 5, 10]
[-27, -16, 14, 2] [-3, -1, -49, -6] [-14, 9, 28, -4] [-11, 17, -45, -8] [39, 11, -12, 29] [42, -21, -41, 22] [-14, 16, 30, -1]
Food (up, right, down, left):
[14, 17, -1, 27] [-13, 26, -3, -11] [28, -22, 14, 4] [-14, -9, 52, 15] [-4, 0, 47, -16] [-12, -21, -19, -21] [-50, 8, 5, -16]
[-68, 2, -38, -15] [-2, -2, -36, -1] [8, 17, 21, 35] [-19, 19, -48, 25] [21, 7, -2, -50] [58, 6, -46, 25] [13, -8, 30, 22]
[-22, 8, 30, -42] [13, 8, -13, 31] [-61, -27, -36, 23] [45, -36, 36, 14] [-13, -8, -30, -21] [6, 22, -45, -28] [41, 23, 7, 19]
[11, 22, 5, 43] [-11, -6, -26, 32] [5, 9, -36, -19] [0, 0, 0, 0] [-13, 55, -37, -10] [11, -24, -32, -24] [-17, 50, -16, 18]
[3, 16, -17, 20] [4, 24, 10, 36] [29, -9, 40, 21] [-18, -49, 19, -24] [10, 4, 15, -17] [3, 35, 20, 22] [-16, -15, 6, -11]
[-4, -32, -13, 0] [16, 6, 13, -4] [9, 10, 10, 39] [-27, -29, 47, -20] [-45, -36, 6, -53] [-19, 68, 18, 19] [1, 38, 0, 33]
[8, 1, -20, -6] [5, 8, 9, -53] [23, 14, 13, -9] [-7, 13, 19, -36] [56, 34, -1, -16] [29, 34, 12, 1] [9, -14, 24, -21]
------------------------------
ALIVE
Head: (2 1)
Body: (2 1) (1 1) (0 1) (0 0) (24 0) (23 0) (23 56) (22 56) (22 55) (21 55) (20 55) (20 56) (19 -1) 
Length: 13, 4
Vision: 3
Hungry, suplies: 9/10
Reproductive: 16, mutating: 0.25
Generation: 48993
####################################
Wall (up, right, down, left):
[-1, -1, 17, -9] [-3, 3, 18, -9] [-37, 3, 4, -23] [5, -1, 23, -2] [-14, 12, 23, 1] [16, -2, -14, 1] [5, -13, -7, -12]
[-42, -19, 5, -21] [0, 10, -10, -9] [-41, 0, 15, -3] [-35, 11, 16, 23] [42, 10, -7, -10] [-23, -19, 1, -9] [-17, 8, -4, 10]
[-8, 3, 22, 17] [-5, 24, -17, -4] [-9, -4, 50, -22] [-81, 19, 52, 4] [-44, -42, -18, 40] [-22, -18, -4, -1] [-38, -14, -19, 0]
[-7, 46, -5, -45] [11, 4, 24, -23] [-5, 42, 15, -103] [0, 0, 0, 0] [41, -106, 31, 14] [27, -4, 3, 10] [0, -4, 21, 11]
[-12, -28, 4, -4] [14, -2, -18, -17] [-7, -17, -48, -44] [57, 24, -125, 23] [14, -8, -27, 29] [-9, 9, -2, 26] [-35, -71, -10, 32]
[20, 26, 7, 0] [-24, 1, -12, 11] [33, -14, 20, -12] [-3, 6, -29, -4] [8, 2, -31, -9] [2, -12, -20, 2] [42, 2, 9, 10]
[-27, -16, 14, 2] [-3, -1, -49, -6] [-14, 7, 28, -4] [-11, 17, -45, -8] [39, 11, -12, 29] [42, -21, -41, 22] [-14, 16, 28, -1]
Food (up, right, down, left):
[14, 17, -4, 27] [-13, 26, -3, -11] [28, -22, 14, 4] [-14, -9, 52, 15] [-4, 0, 47, -16] [-12, -21, -19, -21] [-50, 11, 5, -16]
[-68, 6, -38, -15] [-2, -2, -36, -1] [8, 17, 21, 35] [-19, 19, -48, 25] [18, 7, -2, -50] [58, 6, -46, 25] [13, -8, 25, 22]
[-22, 8, 29, -42] [13, 8, -17, 31] [-61, -27, -36, 23] [45, -36, 36, 14] [-13, -8, -30, -21] [6, 22, -45, -28] [41, 23, 7, 19]
[11, 22, 5, 43] [-11, -6, -26, 32] [5, 6, -36, -19] [0, 0, 0, 0] [-13, 55, -37, -10] [11, -24, -32, -24] [-17, 50, -16, 18]
[3, 16, -17, 20] [4, 24, 10, 36] [29, -9, 40, 21] [-18, -49, 20, -24] [10, 4, 15, -21] [3, 43, 18, 22] [-16, -15, 6, -11]
[0, -32, -13, 3] [12, 11, 13, -4] [9, 10, 10, 39] [-27, -29, 50, -20] [-45, -36, 6, -53] [-19, 68, 18, 17] [1, 38, 0, 33]
[8, 1, -20, -6] [5, 8, 9, -53] [23, 14, 13, -9] [-7, 13, 19, -36] [56, 34, -1, -16] [29, 34, 12, 1] [9, -14, 24, -21]
------------------------------
ALIVE
Head: (17 40)
Body: (17 40) (16 40) (16 39) (15 39) (15 38) (15 37) (15 36) (14 36) (13 36) (12 36) (12 35) (12 34) (12 33) 
Length: 13, 4
Vision: 3
Hungry, suplies: 7/10
Reproductive: 16, mutating: 0.25
Generation: 48992
####################################
Wall (up, right, down, left):
[-1, -1, 17, -9] [-3, 3, 18, -9] [-37, 3, 4, -23] [5, -1, 23, -2] [-14, 12, 23, 1] [16, -2, -14, 1] [5, -13, -7, -12]
[-42, -18, 5, -21] [0, 10, -10, -9] [-41, 0, 15, -3] [-35, 11, 16, 23] [42, 10, -7, -10] [-23, -19, 1, -9] [-17, 8, -1, 10]
[-8, 3, 22, 17] [-5, 24, -12, -4] [-9, -4, 50, -22] [-81, 19, 52, 4] [-44, -42, -18, 40] [-22, -18, -4, -1] [-38, -14, -19, 0]
[-7, 45, -5, -45] [11, 4, 24, -23] [-5, 42, 15, -103] [0, 0, 0, 0] [41, -106, 31, 14] [27, -4, 3, 10] [0, -4, 21, 11]
[-12, -28, 4, -4] [14, -2, -18, -17] [-7, -17, -48, -44] [57, 24, -125, 23] [14, -8, -27, 29] [-9, 9, -2, 25] [-35, -71, -10, 32]
[20, 26, 7, 0] [-24, 1, -12, 11] [33, -14, 20, -12] [-3, 6, -29, -4] [8, 2, -31, -9] [2, -12, -20, 2] [42, 2, 5, 10]
[-27, -16, 14, 2] [-3, -1, -49, -6] [-14, 9, 28, -4] [-11, 17, -45, -8] [39, 11, -12, 29] [42, -21, -41, 22] [-14, 16, 28, -1]
Food (up, right, down, left):
[14, 17, -4, 27] [-13, 26, -3, -11] [28, -22, 14, 4] [-14, -9, 52, 15] [-4, 0, 47, -16] [-12, -21, -19, -21] [-50, 11, 5, -16]
[-68, 6, -38, -15] [-2, -2, -36, -1] [8, 17, 21, 35] [-19, 19, -48, 25] [18, 7, -2, -50] [58, 6, -46, 25] [13, -8, 30, 22]
[-22, 8, 29, -42] [13, 8, -17, 31] [-61, -27, -36, 23] [45, -36, 36, 14] [-13, -8, -30, -21] [6, 22, -45, -28] [41, 23, 7, 19]
[13, 22, 5, 43] [-11, -6, -26, 32] [5, 6, -36, -19] [0, 0, 0, 0] [-13, 55, -37, -10] [11, -24, -32, -24] [-17, 50, -16, 18]
[3, 16, -17, 20] [4, 24, 10, 36] [29, -9, 40, 21] [-18, -49, 20, -24] [10, 4, 15, -21] [3, 38, 20, 22] [-16, -15, 6, -11]
[0, -32, -13, 3] [12, 11, 13, -4] [9, 10, 10, 39] [-27, -29, 50, -20] [-45, -36, 6, -53] [-19, 68, 18, 17] [1, 38, 0, 33]
[8, 1, -20, -6] [5, 8, 9, -53] [23, 14, 13, -9] [-7, 13, 19, -36] [56, 34, -1, -16] [29, 34, 12, 1] [9, -14, 24, -21]
------------------------------
ALIVE
Head: (23 43)
Body: (23 43) (22 43) (22 44) (22 45) (22 46) (22 47) (23 47) (23 48) (24 48) (24 49) (23 49) (22 49) (21 49) (21 48) 
Length: 14, 4
Vision: 3
Hungry, suplies: 10/10
Reproductive: 16, mutating: 0.25
Generation: 48990
####################################
Wall (up, right, down, left):
[-2, -1, 17, -9] [-3, 3, 18, -9] [-37, 3, 4, -23] [5, -1, 23, -2] [-14, 12, 23, 1] [16, -2, -14, 1] [5, -13, -7, -14]
[-42, -19, 8, -21] [0, 10, -10, -9] [-41, 0, 15, -3] [-35, 11, 16, 23] [42, 10, -7, -5] [-23, -19, 1, -9] [-17, 8, -1, 10]
[-8, 2, 22, 17] [-4, 24, -12, -4] [-9, -4, 50, -22] [-81, 19, 52, 4] [-44, -42, -18, 40] [-22, -18, -4, -1] [-38, -14, -19, 0]
[-7, 46, -5, -45] [11, 4, 24, -23] [-5, 40, 15, -103] [0, 0, 0, 0] [41, -106, 31, 14] [27, -4, 3, 10] [0, -4, 21, 11]
[-12, -28, 4, -4] [14, -2, -18, -17] [-7, -17, -48, -44] [57, 24, -125, 19] [14, -8, -27, 29] [-12, 9, -2, 25] [-35, -71, -10, 32]
[20, 26, 4, 0] [-24, 5, -12, 6] [33, -14, 20, -12] [-3, 6, -34, -4] [8, 2, -31, -9] [2, -17, -20, 2] [42, 2, 5, 10]
[-27, -16, 14, 2] [-3, -1, -49, -6] [-14, 9, 28, -4] [-11, 17, -45, -8] [39, 11, -12, 29] [42, -21, -41, 22] [-14, 16, 30, -1]
Food (up, right, down, left):
[14, 17, -1, 27] [-13, 26, -3, -11] [28, -22, 14, 4] [-14, -9, 52, 15] [-4, 0, 47, -16] [-12, -21, -19, -21] [-50, 8, 5, -16]
[-68, 2, -38, -15] [-2, -2, -36, -1] [8, 17, 21, 35] [-19, 19, -48, 25] [21, 7, -2, -50] [58, 6, -46, 25] [13, -8, 30, 22]
[-22, 8, 30, -42] [13, 8, -13, 31] [-61, -27, -36, 23] [45, -36, 36, 14] [-13, -8, -30, -21] [6, 22, -45, -28] [41, 23, 7, 19]
[11, 22, 5, 43] [-11, -6, -26, 32] [5, 9, -36, -19] [0, 0, 0, 0] [-13, 55, -37, -10] [11, -24, -32, -24] [-17, 50, -16, 18]
[3, 16, -17, 20] [4, 24, 10, 36] [29, -9, 40, 21] [-18, -49, 19, -24] [10, 4, 15, -17] [3, 35, 20, 22] [-16, -15, 6, -11]
[-4, -32, -13, 0] [16, 6, 13, -4] [9, 10, 10, 39] [-27, -29, 47, -20] [-45, -36, 6, -53] [-19, 68, 18, 19] [1, 38, 0, 33]
[8, 1, -20, -6] [5, 8, 9, -53] [23, 14, 13, -9] [-7, 13, 19, -36] [56, 34, -1, -16] [29, 34, 12, 1] [9, -14, 24, -21]
------------------------------
ALIVE
Head: (5 52)
Body: (5 52) (4 52) (4 51) (3 51) (2 51) (1 51) (25 51) (24 51) (23 51) (22 51) (21 51) (21 50) 
Length: 12, 4
Vision: 3
Hungry, suplies: 10/10
Reproductive: 16, mutating: 0.25
Generation: 48994
####################################
Wall (up, right, down, left):
[-2, -1, 17, -9] [-3, 3, 18, -9] [-37, 3, 4, -23] [5, -1, 23, -2] [-14, 12, 23, 1] [16, -2, -14, 1] [5, -13, -7, -14]
[-42, -19, 8, -21] [0, 10, -10, -9] [-41, 0, 15, -3] [-35, 11, 16, 23] [42, 10, -7, -5] [-23, -19, 1, -9] [-17, 8, -1, 10]
[-10, 2, 22, 17] [-4, 24, -12, -4] [-9, -4, 50, -22] [-81, 19, 52, 4] [-44, -42, -18, 40] [-22, -18, -4, -1] [-38, -14, -19, 0]
[-7, 46, -5, -45] [11, 4, 24, -23] [-5, 40, 15, -103] [0, 0, 0, 0] [41, -106, 31, 14] [27, -4, 3, 10] [0, -4, 21, 11]
[-12, -28, 4, -4] [14, -2, -18, -17] [-7, -17, -44, -44] [57, 24, -125, 19] [14, -8, -27, 29] [-12, 9, -2, 25] [-35, -71, -10, 32]
[20, 26, 4, 0] [-24, 1, -11, 6] [33, -14, 20, -12] [-3, 6, -34, -4] [8, 2, -31, -9] [2, -17, -20, 2] [42, 2, 5, 10]
[-27, -16, 14, 2] [-3, -1, -49, -6] [-14, 9, 28, -4] [-11, 17, -45, -8] [39, 11, -12, 29] [42, -21, -41, 22] [-14, 16, 30, -1]
Food (up, right, down, left):
[14, 17, -1, 27] [-13, 26, -3, -11] [28, -22, 14, 4] [-14, -9, 52, 15] [-4, 0, 47, -16] [-12, -21, -19, -21] [-50, 8, 5, -16]
[-68, 2, -38, -15] [-2, -2, -36, -1] [8, 17, 21, 35] [-19, 19, -48, 25] [21, 7, -2, -50] [58, 6, -46, 25] [13, -8, 30, 22]
[-22, 8, 33, -42] [13, 8, -13, 31] [-61, -27, -36, 23] [45, -36, 36, 14] [-13, -8, -30, -21] [6, 22, -45, -28] [41, 23, 7, 19]
[11, 22, 5, 43] [-11, -6, -26, 32] [5, 9, -36, -19] [0, 0, 0, 0] [-13, 55, -37, -10] [11, -24, -32, -24] [-17, 50, -16, 18]
[3, 16, -17, 20] [4, 24, 10, 36] [29, -9, 40, 22] [-18, -49, 19, -24] [10, 4, 15, -17] [3, 35, 20, 22] [-16, -15, 6, -11]
[-4, -32, -13, 0] [16, 11, 13, -2] [9, 10, 10, 39] [-27, -29, 47, -20] [-45, -36, 6, -53] [-19, 68, 18, 19] [1, 38, 0, 33]
[8, 1, -20, -6] [5, 8, 9, -53] [23, 14, 13, -9] [-7, 13, 19, -36] [56, 34, -1, -16] [29, 34, 12, 1] [9, -14, 24, -21]
------------------------------
ALIVE
Head: (9 32)
Body: (9 32) (10 32) (10 31) (10 30) (10 29) (10 28) (10 27) (9 27) (9 26) (9 25) (9 24) (10 24) (11 24) (12 24) (12 23) 
Length: 15, 4
Vision: 3
Hungry, suplies: 7/10
Reproductive: 16, mutating: 0.25
Generation: 48998
####################################
Wall (up, right, down, left):
[-1, -1, 17, -9] [-3, 3, 18, -9] [-37, 3, 4, -23] [5, -1, 23, -2] [-14, 12, 23, 1] [16, -6, -14, 1] [5, -13, -7, -12]
[-42, -19, 5, -21] [0, 10, -10, -9] [-41, 0, 15, -3] [-35, 11, 16, 23] [42, 10, -7, -10] [-23, -19, 1, -9] [-17, 8, -4, 10]
[-8, 3, 22, 17] [-5, 24, -17, -4] [-9, -4, 50, -22] [-81, 19, 52, 4] [-44, -42, -18, 40] [-22, -18, -4, -1] [-38, -14, -19, 0]
[-7, 46, -5, -45] [11, 4, 24, -23] [-5, 42, 15, -103] [0, 0, 0, 0] [41, -106, 31, 14] [27, -4, 3, 10] [0, -4, 16, 11]
[-12, -28, 4, -4] [14, -2, -18, -17] [-7, -17, -48, -44] [57, 24, -125, 23] [14, -8, -27, 29] [-9, 9, -2, 26] [-35, -71, -10, 32]
[20, 26, 7, 0] [-24, 1, -12, 11] [33, -14, 20, -12] [-3, 6, -29, -4] [8, 2, -31, -9] [2, -12, -20, 2] [42, 2, 9, 10]
[-27, -16, 14, 2] [-3, -1, -49, -6] [-14, 9, 28, -4] [-11, 17, -45, -8] [39, 11, -12, 29] [42, -21, -41, 22] [-14, 16, 28, -1]
Food (up, right, down, left):
[14, 17, -4, 27] [-13, 26, -3, -11] [28, -22, 14, 4] [-14, -9, 52, 15] [-4, 0, 47, -16] [-12, -21, -19, -25] [-50, 11, 5, -16]
[-68, 6, -38, -15] [-2, -2, -36, -1] [8, 17, 21, 35] [-19, 19, -48, 25] [18, 7, -2, -50] [58, 6, -46, 25] [13, -8, 25, 22]
[-22, 8, 29, -42] [13, 8, -17, 31] [-61, -27, -36, 23] [45, -36, 36, 14] [-13, -8, -30, -21] [6, 22, -45, -28] [41, 23, 7, 19]
[11, 22, 5, 43] [-11, -6, -26, 32] [5, 6, -36, -19] [0, 0, 0, 0] [-13, 55, -37, -10] [11, -24, -32, -24] [-17, 52, -16, 18]
[3, 16, -17, 20] [4, 24, 10, 36] [29, -9, 40, 21] [-18, -49, 20, -24] [10, 4, 15, -21] [3, 43, 20, 22] [-16, -15, 6, -11]
[0, -32, -13, 3] [12, 11, 13, -4] [9, 10, 10, 39] [-27, -29, 50, -20] [-45, -36, 6, -53] [-19, 68, 18, 17] [1, 38, 0, 33]
[8, 1, -20, -6] [5, 8, 9, -53] [23, 14, 13, -9] [-7, 13, 19, -36] [56, 34, -1, -16] [29, 34, 12, 1] [9, -14, 24, -21]
------------------------------
ALIVE
Head: (17 49)
Body: (17 49) (16 49) (15 49) (15 48) (14 48) (13 48) (13 47) (12 47) (11 47) (11 48) (11 49) (12 49) 
Length: 12, 4
Vision: 3
Hungry, suplies: 5/10
Reproductive: 16, mutating: 0.25
Generation: 48991
####################################
Wall (up, right, down, left):
[-1, -1, 17, -9] [-3, 3, 18, -9] [-37, 3, 4, -23] [5, -1, 23, -2] [-14, 12, 23, 1] [16, -2, -14, 1] [5, -13, -7, -12]
[-42, -18, 5, -21] [0, 10, -10, -9] [-41, 0, 15, -3] [-35, 11, 16, 23] [42, 10, -7, -10] [-23, -19, 1, -9] [-17, 8, -1, 10]
[-8, 3, 22, 17] [-5, 24, -12, -4] [-9, -4, 50, -22] [-81, 19, 52, 4] [-44, -42, -18, 40] [-22, -18, -4, -1] [-38, -14, -19, 0]
[-7, 46, -5, -45] [11, 4, 24, -23] [-5, 42, 15, -103] [0, 0, 0, 0] [41, -106, 31, 14] [27, -4, 3, 10] [0, -4, 21, 11]
[-12, -28, 4, -4] [14, -2, -18, -17] [-7, -17, -48, -44] [57, 24, -125, 23] [14, -8, -27, 29] [-9, 9, -2, 25] [-35, -71, -10, 32]
[20, 26, 7, 0] [-24, 1, -12, 11] [33, -14, 20, -12] [-3, 6, -29, -4] [8, 2, -31, -10] [2, -12, -20, 2] [42, 2, 5, 10]
[-27, -16, 14, 2] [-3, -1, -49, -6] [-14, 9, 28, -4] [-11, 17, -45, -8] [39, 11, -12, 29] [42, -21, -41, 22] [-14, 16, 28, -1]
Food (up, right, down, left):
[14, 17, -4, 27] [-13, 26, -3, -11] [28, -22, 14, 4] [-14, -9, 52, 15] [-4, 0, 47, -16] [-12, -21, -19, -21] [-50, 11, 5, -16]
[-68, 6, -38, -15] [-2, -2, -36, -1] [8, 17, 21, 35] [-19, 19, -48, 25] [18, 7, -2, -50] [58, 6, -46, 25] [13, -8, 30, 22]
[-22, 8, 29, -42] [13, 8, -17, 31] [-61, -27, -36, 23] [45, -36, 36, 14] [-13, -8, -30, -21] [6, 22, -45, -28] [41, 23, 7, 19]
[11, 22, 5, 43] [-11, -6, -26, 32] [5, 6, -36, -19] [0, 0, 0, 0] [-13, 55, -37, -10] [11, -24, -32, -24] [-17, 50, -16, 18]
[3, 16, -17, 20] [4, 24, 10, 36] [29, -9, 40, 21] [-18, -49, 20, -24] [10, 4, 15, -21] [3, 38, 20, 22] [-16, -15, 6, -11]
[0, -32, -13, 3] [12, 11, 13, -4] [9, 10, 10, 39] [-27, -29, 50, -20] [-45, -41, 6, -53] [-19, 68, 18, 17] [1, 38, 0, 33]
[8, 1, -20, -6] [5, 8, 9, -53] [23, 14, 13, -9] [-7, 13, 19, -36] [56, 34, -1, -16] [29, 34, 12, 1] [9, -14, 24, -21]
------------------------------
ALIVE
Head: (21 31)
Body: (21 31) (21 30) (21 29) (22 29) (22 28) (23 28) (23 27) (23 26) (23 25) (22 25) (21 25) (20 25) (19 25) 
Length: 13, 4
Vision: 3
Hungry, suplies: 9/10
Reproductive: 16, mutating: 0.25
Generation: 48986
####################################
Wall (up, right, down, left):
[-1, -1, 17, -9] [-3, 3, 18, -9] [-37, 3, 4, -23] [5, -1, 23, -2] [-14, 12, 23, 1] [16, -2, -14, 1] [5, -13, -7, -12]
[-42, -19, 5, -21] [0, 10, -10, -9] [-41, 0, 15, -3] [-35, 11, 16, 23] [42, 10, -7, -10] [-23, -19, 1, -9] [-17, 8, -4, 10]
[-8, 3, 22, 17] [-5, 24, -17, -4] [-9, -4, 50, -22] [-81, 19, 52, 4] [-44, -42, -18, 40] [-22, -18, -4, -1] [-38, -14, -19, 0]
[-7, 46, -5, -45] [11, 4, 24, -23] [-5, 42, 15, -103] [0, 0, 0, 0] [41, -106, 31, 14] [27, -4, 3, 10] [0, -4, 21, 11]
[-12, -28, 4, -4] [14, -2, -18, -17] [-7, -17, -48, -44] [57, 24, -125, 23] [14, -8, -27, 29] [-9, 9, -2, 26] [-35, -71, -10, 32]
[20, 26, 7, 0] [-24, 1, -12, 11] [33, -14, 20, -12] [-3, 6, -29, -4] [8, 2, -31, -9] [2, -12, -20, 2] [42, 2, 9, 10]
[-27, -16, 14, 2] [-3, -1, -49, -6] [-14, 7, 28, -4] [-11, 17, -45, -8] [39, 11, -12, 29] [42, -21, -41, 22] [-14, 16, 28, -1]
Food (up, right, down, left):
[14, 17, -4, 27] [-13, 26, -3, -11] [28, -22, 14, 4] [-14, -9, 52, 15] [-4, 0, 47, -16] [-12, -21, -19, -21] [-50, 11, 5, -16]
[-68, 6, -38, -15] [-2, -2, -36, -1] [8, 17, 21, 35] [-19, 19, -48, 25] [18, 7, -2, -50] [58, 6, -46, 25] [13, -8, 25, 22]
[-22, 8, 29, -42] [13, 8, -17, 31] [-61, -27, -36, 23] [45, -36, 36, 14] [-13, -8, -30, -21] [6, 22, -45, -28] [41, 23, 7, 19]
[11, 22, 5, 43] [-11, -6, -26, 32] [5, 6, -36, -19] [0, 0, 0, 0] [-13, 55, -37, -10] [11, -24, -32, -24] [-17, 50, -16, 18]
[3, 16, -17, 20] [4, 24, 10, 36] [29, -9, 40, 21] [-18, -49, 20, -24] [10, 4, 15, -21] [3, 43, 20, 22] [-16, -15, 6, -11]
[0, -32, -13, 3] [12, 11, 13, -4] [9, 10, 10, 39] [-27, -29, 50, -20] [-45, -36, 6, -53] [-19, 68, 18, 17] [1, 38, 0, 33]
[8, 1, -20, -6] [5, 8, 9, -53] [23, 14, 13, -9] [-7, 13, 19, -36] [56, 34, -1, -16] [29, 34, 12, 1] [9, -14, 24, -21]
------------------------------
ALIVE
Head: (10 16)
Body: (10 16) (9 16) (8 16) (7 16) (6 16) (5 16) (4 16) (3 16) 
Length: 8, 4
Vision: 3
Hungry, suplies: 8/10
Reproductive: 16, mutating: 0.25
Generation: 48992
####################################
Wall (up, right, down, left):
[-1, -1, 17, -9] [-3, 3, 18, -9] [-37, 3, 4, -23] [5, -1, 23, -2] [-14, 12, 23, 1] [16, -6, -14, 1] [5, -13, -7, -12]
[-42, -19, 5, -21] [0, 10, -10, -9] [-41, 0, 14, -3] [-35, 11, 16, 23] [42, 10, -7, -10] [-23, -19, 1, -9] [-17, 8, -4, 10]
[-8, 3, 22, 17] [-5, 24, -17, -4] [-9, -6, 50, -22] [-81, 19, 52, 4] [-44, -42, -18, 40] [-22, -18, -4, -1] [-38, -14, -19, 0]
[-7, 46, -5, -45] [11, 4, 24, -23] [-5, 42, 15, -103] [0, 0, 0, 0] [41, -106, 31, 14] [27, -4, 3, 10] [0, -4, 21, 11]
[-12, -28, 4, -4] [14, -2, -18, -17] [-7, -17, -48, -44] [57, 24, -125, 23] [14, -8, -27, 29] [-9, 9, -2, 26] [-35, -71, -10, 32]
[20, 26, 7, 0] [-24, 1, -12, 11] [33, -14, 20, -12] [-3, 6, -29, -4] [8, 2, -31, -9] [2, -12, -20, 2] [42, 2, 9, 10]
[-27, -16, 14, 2] [-3, -1, -49, -6] [-14, 9, 28, -4] [-11, 17, -45, -8] [39, 11, -12, 29] [42, -21, -41, 22] [-14, 16, 28, -1]
Food (up, right, down, left):
[14, 17, -4, 27] [-13, 26, -3, -11] [28, -22, 14, 4] [-14, -9, 52, 15] [-4, 0, 47, -16] [-12, -21, -19, -25] [-50, 11, 5, -16]
[-68, 6, -38, -15] [-2, -2, -36, -1] [8, 17, 21, 32] [-19, 19, -48, 25] [18, 7, -2, -50] [58, 6, -46, 25] [13, -8, 25, 22]
[-22, 8, 29, -42] [13, 8, -17, 31] [-66, -27, -36, 23] [45, -36, 36, 14] [-13, -8, -30, -21] [6, 22, -45, -28] [41, 23, 7, 19]
[11, 22, 5, 43] [-11, -6, -26, 32] [5, 6, -36, -19] [0, 0, 0, 0] [-13, 55, -37, -10] [11, -24, -32, -24] [-17, 50, -16, 18]
[3, 16, -17, 20] [4, 24, 10, 36] [29, -9, 40, 21] [-18, -49, 20, -24] [10, 4, 15, -21] [3, 43, 20, 22] [-16, -15, 6, -11]
[0, -32, -13, 3] [12, 11, 13, -4] [9, 10, 10, 39] [-27, -29, 50, -20] [-45, -36, 6, -53] [-19, 68, 18, 17] [1, 38, 0, 33]
[8, 1, -20, -6] [5, 8, 9, -53] [23, 14, 13, -9] [-7, 13, 19, -36] [56, 34, -1, -16] [29, 34, 12, 1] [9, -14, 24, -21]
------------------------------
ALIVE
Head: (2 38)
Body: (2 38) (3 38) (4 38) (4 37) (4 36) (4 35) (5 35) (5 34) (5 33) (4 33) (4 32) (3 32) (2 32) 
Length: 13, 4
Vision: 3
Hungry, suplies: 5/10
Reproductive: 16, mutating: 0.25
Generation: 48993
####################################
Wall (up, right, down, left):
[-1, -1, 17, -9] [-3, 3, 18, -9] [-37, 3, 4, -23] [5, -1, 23, -2] [-14, 12, 23, 1] [16, -2, -14, 1] [5, -13, -7, -12]
[-42, -18, 5, -21] [0, 10, -10, -9] [-41, 0, 15, -3] [-35, 11, 16, 23] [42, 10, -7, -10] [-23, -19, 1, -9] [-17, 8, -1, 10]
[-8, 3, 22, 17] [-5, 24, -12, -4] [-9, -4, 50, -22] [-81, 19, 52, 4] [-44, -42, -18, 40] [-22, -18, -4, -1] [-38, -14, -19, 0]
[-7, 46, -5, -45] [11, 4, 24, -23] [-5, 42, 15, -103] [0, 0, 0, 0] [41, -106, 31, 14] [27, -4, 3, 10] [0, -4, 21, 11]
[-12, -28, 4, -4] [14, -2, -18, -17] [-7, -17, -48, -44] [57, 24, -125, 23] [14, -8, -27, 29] [-9, 9, -2, 25] [-35, -71, -10, 32]
[20, 26, 7, 0] [-24, 1, -12, 11] [33, -14, 20, -12] [-3, 6, -29, -4] [8, 2, -31, -9] [2, -12, -20, 2] [42, 2, 5, 10]
[-27, -16, 14, 2] [-3, -1, -49, -6] [-14, 9, 28, -4] [-11, 17, -45, -8] [39, 11, -12, 29] [42, -21, -41, 22] [-14, 16, 28, -1]
Food (up, right, down, left):
[14, 17, -4, 27] [-13, 26, -3, -11] [28, -22, 14, 4] [-14, -9, 52, 15] [-4, 0, 47, -16] [-12, -21, -19, -21] [-50, 11, 5, -16]
[-68, 6, -38, -15] [-2, -2, -36, -1] [8, 17, 21, 35] [-19, 19, -48, 25] [18, 7, -2, -50] [58, 6, -46, 25] [13, -8, 30, 22]
[-22, 8, 29, -42] [13, 8, -17, 31] [-61, -27, -36, 23] [45, -36, 36, 14] [-13, -8, -30, -21] [6, 22, -45, -28] [41, 23, 7, 19]
[11, 22, 5, 43] [-11, -6, -26, 32] [5, 6, -36, -19] [0, 0, 0, 0] [-13, 55, -37, -10] [11, -24, -32, -24] [-17, 50, -16, 18]
[3, 16, -17, 20] [4, 24, 10, 36] [29, -9, 40, 21] [-18, -49, 20, -24] [10, 4, 15, -21] [3, 38, 20, 22] [-16, -15, 6, -11]
[0, -32, -13, 3] [12, 11, 13, -4] [9, 10, 10, 39] [-27, -29, 50, -20] [-45, -36, 6, -53] [-19, 68, 18, 17] [1, 38, 0, 33]
[8, 1, -20, -6] [5, 8, 9, -53] [23, 14, 13, -9] [-7, 13, 19, -36] [56, 34, -1, -16] [29, 34, 12, 1] [9, -14, 24, -21]
------------------------------
ALIVE
Head: (4 11)
Body: (4 11) (4 10) (4 9) (4 8) (4 7) (4 6) (3 6) 
Length: 7, 4
Vision: 3
Hungry, suplies: 1/10
Reproductive: 16, mutating: 0.25
Generation: 48987
####################################
Wall (up, right, down, left):
[-2, -1, 17, -9] [-3, 3, 18, -9] [-37, 3, 4, -23] [5, -1, 23, -2] [-14, 12, 23, 1] [16, -2, -14, 1] [5, -13, -7, -14]
[-42, -19, 8, -21] [0, 10, -10, -9] [-41, 0, 15, -3] [-35, 11, 16, 23] [42, 10, -7, -5] [-23, -19, 1, -9] [-17, 8, -1, 10]
[-8, 2, 22, 17] [-4, 24, -12, -4] [-9, -4, 50, -22] [-81, 19, 52, 4] [-44, -42, -18, 40] [-22, -18, -4, -1] [-38, -14, -19, 0]
[-7, 46, -5, -45] [11, 4, 24, -23] [-5, 40, 15, -103] [0, 0, 0, 0] [41, -106, 31, 14] [27, -4, 3, 10] [0, -4, 21, 11]
[-12, -28, 4, -4] [14, -2, -18, -17] [-7, -17, -48, -44] [57, 24, -125, 19] [14, -8, -27, 29] [-12, 9, -2, 25] [-35, -71, -10, 32]
[20, 26, 4, 0] [-24, 5, -12, 6] [33, -14, 20, -12] [-3, 6, -34, -4] [8, 2, -31, -9] [2, -17, -20, 2] [42, 2, 5, 10]
[-27, -16, 14, 2] [-3, -1, -49, -6] [-14, 9, 28, -4] [-11, 17, -45, -8] [39, 11, -12, 29] [42, -21, -41, 22] [-14, 16, 30, -1]
Food (up, right, down, left):
[14, 17, -1, 27] [-13, 26, -3, -11] [28, -22, 14, 4] [-14, -9, 52, 15] [-4, 0, 47, -16] [-12, -21, -19, -21] [-50, 8, 5, -16]
[-68, 2, -38, -15] [-2, -2, -36, -1] [8, 17, 21, 35] [-19, 19, -48, 25] [21, 7, -2, -50] [58, 6, -46, 25] [13, -8, 30, 22]
[-22, 8, 30, -42] [13, 8, -13, 31] [-61, -27, -36, 23] [45, -36, 36, 14] [-13, -8, -30, -21] [6, 22, -45, -28] [41, 23, 7, 19]
[11, 22, 5, 43] [-11, -6, -26, 32] [5, 9, -36, -19] [0, 0, 0, 0] [-13, 55, -37, -10] [11, -24, -32, -24] [-17, 50, -16, 18]
[3, 16, -17, 20] [4, 24, 10, 36] [29, -9, 40, 21] [-18, -49, 19, -24] [10, 4, 15, -17] [3, 35, 20, 22] [-16, -15, 6, -11]
[-4, -32, -13, 0] [16, 6, 13, -4] [9, 10, 10, 39] [-27, -29, 47, -20] [-45, -36, 6, -53] [-19, 68, 18, 19] [1, 38, 0, 33]
[8, 1, -20, -6] [5, 8, 9, -53] [23, 14, 13, -9] [-7, 13, 19, -36] [56, 34, -1, -16] [29, 34, 12, 1] [9, -14, 24, -21]
------------------------------
ALIVE
Head: (14 38)
Body: (14 38) (14 39) (13 39) (13 38) (12 38) (12 37) (11 37) (10 37) (10 36) (9 36) 
Length: 10, 4
Vision: 3
Hungry, suplies: 9/10
Reproductive: 16, mutating: 0.25
Generation: 48993
####################################
Wall (up, right, down, left):
[-2, -1, 17, -9] [-3, 3, 18, -9] [-37, 3, 4, -23] [5, -1, 23, -2] [-14, 12, 23, 1] [16, -2, -14, 1] [5, -13, -7, -14]
[-42, -19, 8, -21] [0, 10, -10, -9] [-41, 0, 15, -3] [-35, 11, 16, 23] [42, 10, -7, -5] [-23, -19, 1, -9] [-17, 8, -1, 10]
[-8, 2, 22, 17] [-4, 24, -12, -4] [-9, -4, 50, -22] [-81, 19, 52, 4] [-44, -42, -18, 40] [-22, -18, -4, -1] [-38, -14, -19, 0]
[-7, 46, -5, -45] [11, 4, 24, -23] [-5, 40, 15, -103] [0, 0, 0, 0] [41, -106, 31, 14] [27, -4, 3, 10] [0, -4, 21, 11]
[-12, -28, 4, -4] [14, -2, -18, -17] [-7, -17, -48, -44] [57, 24, -125, 19] [14, -8, -27, 29] [-12, 9, -2, 25] [-35, -71, -10, 32]
[20, 26, 4, 0] [-24, 5, -12, 6] [33, -14, 20, -12] [-3, 6, -34, -4] [8, 2, -31, -9] [2, -17, -20, 2] [42, 2, 5, 10]
[-27, -16, 14, 2] [-3, -1, -49, -6] [-14, 9, 28, -4] [-11, 17, -45, -8] [39, 11, -12, 29] [42, -21, -41, 22] [-14, 16, 30, -1]
Food (up, right, down, left):
[14, 17, -1, 27] [-13, 26, -3, -11] [28, -22, 14, 4] [-14, -9, 52, 15] [-4, 0, 47, -16] [-12, -21, -19, -21] [-50, 8, 5, -16]
[-68, 2, -38, -15] [-2, -2, -36, -1] [8, 17, 21, 35] [-19, 19, -48, 25] [21, 7, -2, -50] [58, 6, -46, 25] [13, -8, 30, 22]
[-22, 8, 30, -42] [13, 8, -13, 31] [-61, -27, -36, 23] [45, -36, 36, 14] [-13, -8, -30, -21] [6, 22, -45, -28] [41, 23, 7, 19]
[11, 22, 5, 43] [-11, -6, -26, 32] [5, 9, -36, -19] [0, 0, 0, 0] [-13, 55, -37, -10] [11, -24, -32, -24] [-17, 50, -16, 18]
[3, 16, -17, 20] [4, 24, 10, 36] [29, -9, 40, 21] [-18, -49, 19, -24] [10, 4, 15, -17] [3, 35, 20, 22] [-16, -15, 6, -11]
[-4, -32, -13, 0] [16, 6, 13, -4] [9, 10, 10, 39] [-27, -29, 47, -20] [-45, -36, 6, -53] [-19, 68, 18, 19] [1, 38, 0, 33]
[8, 1, -20, -6] [5, 8, 9, -53] [23, 14, 13, -9] [-7, 13, 19, -36] [56, 34, -1, -16] [29, 34, 12, 1] [9, -14, 24, -21]
------------------------------
ALIVE
Head: (9 4)
Body: (9 4) (9 5) (9 6) (10 6) (10 7) (10 8) (10 9) (11 9) (11 10) (10 10) 
Length: 10, 4
Vision: 3
Hungry, suplies: 9/10
Reproductive: 16, mutating: 0.25
Generation: 48993
####################################
Wall (up, right, down, left):
[-1, -1, 17, -9] [-3, 3, 18, -9] [-37, 3, 4, -23] [5, -1, 23, -2] [-14, 12, 23, 1] [16, -2, -14, 1] [5, -13, -7, -12]
[-42, -18, 5, -21] [0, 10, -10, -9] [-41, 0, 15, -3] [-35, 11, 16, 23] [42, 10, -7, -10] [-23, -19, 1, -9] [-17, 8, -1, 10]
[-8, 3, 22, 17] [-5, 24, -12, -4] [-9, -4, 50, -22] [-81, 19, 52, 4] [-44, -42, -18, 40] [-22, -18, -4, -1] [-38, -14, -19, 0]
[-7, 45, -5, -45] [11, 4, 24, -23] [-5, 42, 15, -103] [0, 0, 0, 0] [41, -106, 31, 14] [27, -4, 3, 10] [0, -4, 21, 11]
[-12, -28, 4, -4] [14, -2, -18, -17] [-7, -17, -48, -44] [57, 24, -125, 23] [14, -8, -27, 29] [-9, 9, -2, 25] [-35, -71, -10, 32]
[20, 26, 7, 0] [-24, 1, -12, 11] [33, -14, 20, -12] [-3, 6, -29, -4] [8, 2, -31, -9] [2, -12, -20, 2] [42, 2, 5, 10]
[-27, -16, 14, 2] [-3, -1, -49, -6] [-14, 9, 28, -4] [-11, 17, -45, -8] [39, 11, -12, 29] [42, -21, -41, 22] [-14, 16, 28, -1]
Food (up, right, down, left):
[14, 17, -4, 27] [-13, 26, -3, -11] [28, -22, 14, 4] [-14, -9, 52, 15] [-4, 0, 47, -16] [-12, -21, -19, -21] [-50, 11, 5, -16]
[-68, 6, -38, -15] [-2, -2, -36, -1] [8, 17, 21, 35] [-19, 19, -48, 25] [18, 7, -2, -50] [58, 6, -46, 25] [13, -8, 30, 22]
[-22, 8, 29, -42] [13, 8, -17, 31] [-61, -27, -36, 23] [45, -36, 36, 14] [-13, -8, -30, -21] [6, 22, -45, -28] [41, 23, 7, 19]
[13, 22, 5, 43] [-11, -6, -26, 32] [5, 6, -36, -19] [0, 0, 0, 0] [-13, 55, -37, -10] [11, -24, -32, -24] [-17, 50, -16, 18]
[3, 16, -17, 20] [4, 24, 10, 36] [29, -9, 40, 21] [-18, -49, 20, -24] [10, 4, 15, -21] [3, 38, 20, 22] [-16, -15, 6, -11]
[0, -32, -13, 3] [12, 11, 13, -4] [9, 10, 10, 39] [-27, -29, 50, -20] [-45, -36, 6, -53] [-19, 68, 18, 17] [1, 38, 0, 33]
[8, 1, -20, -6] [5, 8, 9, -53] [23, 14, 13, -9] [-7, 13, 19, -36] [56, 34, -1, -16] [29, 34, 12, 1] [9, -14, 24, -21]
------------------------------
ALIVE
Head: (8 26)
Body: (8 26) (8 25) (7 25) (7 24) (7 23) (6 23) (6 22) (5 22) (4 22) (4 21) (4 20) (4 19) (3 19) (2 19) 
Length: 14, 4
Vision: 3
Hungry, suplies: 7/10
Reproductive: 16, mutating: 0.25
Generation: 48989
####################################
Wall (up, right, down, left):
[-2, -1, 17, -9] [-3, 3, 18, -9] [-37, 3, 4, -23] [5, -1, 23, -2] [-14, 12, 23, 1] [16, -2, -16, 1] [5, -13, -7, -14]
[-42, -19, 8, -21] [0, 10, -10, -9] [-41, 0, 15, -3] [-35, 11, 16, 23] [42, 10, -7, -5] [-23, -19, 1, -9] [-17, 8, -1, 10]
[-10, 2, 22, 17] [-4, 24, -12, -4] [-9, -4, 50, -22] [-81, 19, 52, 4] [-44, -42, -18, 40] [-22, -18, -4, -1] [-38, -14, -19, 0]
[-7, 46, -5, -45] [11, 4, 24, -23] [-5, 40, 15, -103] [0, 0, 0, 0] [41, -106, 31, 14] [27, -4, 3, 10] [0, -4, 21, 11]
[-12, -28, 4, -4] [14, -2, -18, -17] [-7, -17, -48, -44] [57, 24, -125, 19] [14, -8, -27, 29] [-12, 9, -2, 25] [-35, -71, -10, 32]
[20, 26, 4, 0] [-24, 1, -11, 6] [33, -14, 20, -12] [-3, 6, -34, -4] [8, 2, -31, -9] [2, -17, -20, 2] [42, 2, 5, 10]
[-27, -16, 14, 2] [-3, -1, -49, -6] [-14, 9, 28, -4] [-11, 17, -45, -8] [39, 11, -12, 29] [42, -21, -41, 22] [-14, 16, 30, -1]
Food (up, right, down, left):
[14, 17, -1, 27] [-13, 26, -3, -11] [28, -22, 14, 4] [-14, -9, 52, 15] [-4, 0, 47, -16] [-12, -21, -19, -26] [-50, 8, 5, -16]
[-68, 2, -38, -15] [-2, -2, -36, -1] [8, 17, 21, 35] [-19, 19, -48, 25] [21, 7, -2, -50] [58, 6, -46, 25] [13, -8, 30, 22]
[-22, 8, 33, -42] [13, 8, -13, 31] [-61, -27, -36, 23] [45, -36, 36, 14] [-13, -8, -30, -21] [6, 22, -45, -28] [41, 23, 7, 19]
[11, 22, 5, 43] [-11, -6, -26, 32] [5, 9, -36, -19] [0, 0, 0, 0] [-13, 55, -37, -10] [11, -24, -32, -24] [-17, 50, -16, 18]
[3, 16, -17, 20] [4, 24, 10, 36] [29, -9, 40, 21] [-18, -49, 19, -24] [10, 4, 15, -17] [3, 35, 20, 22] [-16, -15, 6, -11]
[-4, -32, -13, 0] [16, 11, 13, -2] [9, 10, 10, 39] [-27, -29, 47, -20] [-45, -36, 6, -53] [-19, 68, 18, 19] [1, 38, 0, 33]
[8, 1, -20, -6] [5, 8, 9, -53] [23, 14, 13, -9] [-7, 13, 19, -36] [56, 34, -1, -16] [29, 34, 12, 1] [9, -14, 24, -21]
------------------------------
ALIVE
Head: (14 10)
Body: (14 10) (14 9) (14 8) (14 7) (14 6) (13 6) (12 6) (12 7) (13 7) (13 8) (13 9) (13 10) (13 11) (14 11) 
Length: 14, 4
Vision: 3
Hungry, suplies: 9/10
Reproductive: 16, mutating: 0.25
Generation: 48998
####################################
Wall (up, right, down, left):
[-1, -1, 17, -9] [-3, 3, 18, -9] [-37, 3, 4, -23] [5, -1, 23, -2] [-14, 12, 23, 1] [16, -6, -14, 1] [5, -13, -7, -12]
[-42, -19, 5, -21] [0, 10, -10, -9] [-41, 0, 14, -3] [-35, 11, 16, 23] [42, 10, -7, -10] [-23, -19, 1, -9] [-17, 8, -4, 10]
[-8, 3, 22, 17] [-5, 24, -17, -4] [-9, -6, 50, -22] [-81, 19, 52, 4] [-44, -42, -18, 40] [-22, -18, -4, -1] [-38, -14, -19, 0]
[-7, 46, -5, -45] [11, 4, 24, -23] [-5, 42, 15, -103] [0, 0, 0, 0] [41, -106, 31, 14] [27, -4, 3, 10] [0, -4, 21, 11]
[-12, -28, 4, -4] [14, -2, -18, -17] [-7, -17, -48, -44] [57, 24, -125, 23] [14, -8, -27, 29] [-9, 9, -2, 26] [-35, -71, -10, 32]
[20, 26, 7, 0] [-24, 1, -12, 11] [33, -14, 20, -12] [-3, 6, -29, -4] [8, 2, -31, -9] [2, -12, -20, 2] [42, 2, 9, 10]
[-27, -16, 14, 2] [-3, -1, -49, -6] [-14, 9, 28, -4] [-11, 17, -45, -8] [39, 11, -12, 29] [42, -21, -41, 22] [-14, 16, 28, -1]
Food (up, right, down, left):
[14, 17, -4, 27] [-13, 26, -3, -11] [28, -22, 14, 4] [-14, -9, 52, 15] [-4, 0, 47, -16] [-12, -21, -19, -25] [-50, 11, 5, -16]
[-68, 6, -38, -15] [-2, -2, -36, -1] [8, 17, 21, 32] [-19, 19, -48, 25] [18, 7, -2, -50] [58, 6, -46, 25] [13, -8, 25, 22]
[-22, 8, 29, -42] [13, 8, -17, 31] [-66, -27, -36, 23] [45, -36, 36, 14] [-13, -8, -30, -21] [6, 22, -45, -28] [41, 23, 7, 19]
[11, 22, 5, 43] [-11, -6, -26, 32] [5, 6, -36, -19] [0, 0, 0, 0] [-13, 55, -37, -10] [11, -24, -32, -24] [-17, 50, -16, 18]
[3, 16, -17, 20] [4, 24, 10, 36] [29, -9, 40, 21] [-18, -49, 20, -24] [10, 4, 15, -21] [3, 43, 20, 22] [-16, -15, 6, -11]
[0, -32, -13, 3] [12, 11, 13, -4] [9, 10, 10, 39] [-27, -29, 50, -20] [-45, -36, 6, -53] [-19, 68, 18, 17] [1, 38, 0, 33]
[8, 1, -20, -6] [5, 8, 9, -53] [23, 14, 13, -9] [-7, 13, 19, -36] [56, 34, -1, -16] [29, 34, 12, 1] [9, -14, 24, -21]
------------------------------
ALIVE
Head: (17 46)
Body: (17 46) (18 46) (19 46) (20 46) (21 46) (21 45) (20 45) (19 45) (19 44) 
Length: 9, 4
Vision: 3
Hungry, suplies: 9/10
Reproductive: 16, mutating: 0.25
Generation: 48994
####################################
Wall (up, right, down, left):
[-1, -1, 17, -9] [-3, 3, 18, -9] [-37, 3, 4, -23] [5, -1, 23, -2] [-14, 12, 23, 1] [16, -2, -14, 1] [5, -13, -7, -12]
[-42, -18, 5, -21] [0, 10, -10, -9] [-41, 0, 15, -3] [-35, 11, 16, 23] [42, 10, -7, -10] [-23, -19, 1, -9] [-17, 8, -1, 10]
[-8, 3, 22, 17] [-5, 24, -12, -4] [-9, -4, 50, -22] [-81, 19, 52, 4] [-44, -42, -18, 40] [-22, -18, -4, -1] [-38, -14, -19, 0]
[-7, 46, -5, -45] [11, 4, 24, -23] [-5, 42, 15, -103] [0, 0, 0, 0] [41, -106, 31, 14] [27, -4, 3, 10] [0, -4, 21, 11]
[-12, -28, 4, -4] [14, -2, -18, -17] [-7, -17, -48, -41] [57, 24, -125, 23] [14, -8, -27, 29] [-9, 9, -2, 25] [-35, -71, -10, 32]
[20, 26, 7, 0] [-24, 1, -12, 11] [33, -14, 20, -12] [-3, 6, -29, -4] [8, 2, -31, -10] [2, -12, -20, 2] [42, 2, 5, 10]
[-27, -16, 14, 2] [-3, -1, -49, -6] [-14, 9, 28, -4] [-11, 17, -45, -8] [39, 11, -12, 29] [42, -21, -41, 22] [-14, 16, 28, -1]
Food (up, right, down, left):
[14, 17, -4, 27] [-13, 26, -3, -11] [28, -22, 14, 4] [-14, -9, 52, 15] [-4, 0, 47, -16] [-12, -21, -19, -21] [-50, 11, 5, -16]
[-68, 6, -38, -15] [-2, -2, -36, -1] [8, 17, 21, 35] [-19, 19, -48, 25] [18, 7, -2, -50] [58, 6, -46, 25] [13, -8, 30, 22]
[-22, 8, 29, -42] [13, 8, -17, 31] [-61, -27, -36, 23] [45, -36, 36, 14] [-13, -8, -30, -21] [6, 22, -45, -28] [41, 23, 7, 19]
[11, 22, 5, 43] [-11, -6, -26, 32] [5, 6, -36, -19] [0, 0, 0, 0] [-13, 55, -37, -10] [11, -24, -32, -24] [-17, 50, -16, 18]
[3, 16, -17, 20] [4, 24, 10, 36] [33, -9, 40, 21] [-18, -49, 20, -24] [10, 4, 15, -21] [3, 38, 20, 22] [-16, -15, 6, -11]
[0, -32, -13, 3] [12, 11, 13, -4] [9, 10, 10, 39] [-27, -29, 50, -20] [-45, -41, 6, -53] [-19, 68, 18, 17] [1, 38, 0, 33]
[8, 1, -20, -6] [5, 8, 9, -53] [23, 14, 13, -9] [-7, 13, 19, -36] [56, 34, -1, -16] [29, 34, 12, 1] [9, -14, 24, -21]
------------------------------
ALIVE
Head: (18 32)
Body: (18 32) (18 31) (18 30) (18 29) (18 28) (18 27) (18 26) (17 26) (16 26) (16 25) (15 25) (14 25) 
Length: 12, 4
Vision: 3
Hungry, suplies: 8/10
Reproductive: 16, mutating: 0.25
Generation: 48987
####################################
Wall (up, right, down, left):
[-2, -1, 17, -9] [-3, 3, 18, -9] [-37, 3, 4, -23] [5, -1, 23, -2] [-14, 12, 23, 1] [16, -2, -14, 1] [5, -13, -7, -14]
[-42, -19, 8, -21] [0, 10, -10, -9] [-41, 0, 15, -3] [-35, 11, 16, 23] [42, 10, -7, -5] [-23, -19, 1, -9] [-17, 8, -1, 10]
[-8, 2, 22, 17] [-4, 24, -12, -4] [-9, -4, 50, -22] [-81, 19, 52, 4] [-44, -42, -18, 40] [-22, -18, -4, -1] [-38, -14, -19, 0]
[-7, 46, -5, -45] [11, 4, 24, -23] [-5, 40, 15, -103] [0, 0, 0, 0] [41, -106, 31, 14] [27, -4, 3, 10] [0, -4, 21, 11]
[-12, -28, 4, -4] [14, -2, -18, -17] [-7, -17, -48, -44] [57, 24, -125, 19] [14, -8, -27, 29] [-12, 9, -2, 25] [-35, -71, -10, 32]
[20, 26, 4, 0] [-24, 5, -12, 6] [33, -14, 20, -12] [-3, 6, -34, -4] [8, 2, -31, -9] [2, -17, -20, 2] [42, 2, 5, 10]
[-27, -16, 14, 2] [-3, -1, -49, -6] [-14, 9, 28, -4] [-11, 17, -45, -8] [39, 11, -12, 29] [42, -21, -41, 22] [-14, 16, 30, -1]
Food (up, right, down, left):
[14, 17, -1, 27] [-13, 26, -3, -11] [28, -22, 14, 4] [-14, -9, 52, 15] [-4, 0, 47, -16] [-12, -21, -19, -21] [-50, 8, 5, -16]
[-68, 2, -38, -15] [-2, -2, -36, -1] [8, 17, 21, 35] [-19, 19, -48, 25] [21, 7, -2, -50] [58, 6, -46, 25] [13, -8, 30, 22]
[-22, 8, 30, -42] [13, 8, -13, 31] [-61, -27, -36, 23] [45, -36, 36, 14] [-13, -8, -30, -21] [6, 22, -45, -28] [41, 23, 7, 19]
[11, 22, 5, 43] [-11, -6, -26, 32] [5, 9, -36, -19] [0, 0, 0, 0] [-13, 55, -37, -10] [11, -24, -32, -24] [-17, 50, -16, 18]
[3, 16, -17, 20] [4, 24, 10, 36] [29, -9, 40, 21] [-18, -49, 19, -24] [10, 4, 15, -17] [3, 35, 20, 22] [-16, -15, 6, -11]
[-4, -32, -13, 0] [16, 6, 13, -4] [9, 10, 10, 39] [-27, -29, 47, -20] [-45, -36, 6, -53] [-19, 68, 18, 19] [1, 38, 0, 33]
[8, 1, -20, -6] [5, 8, 9, -53] [23, 14, 13, -9] [-7, 13, 19, -36] [56, 34, -1, -16] [29, 34, 12, 1] [9, -14, 24, -21]
------------------------------
ALIVE
Head: (13 56)
Body: (13 -1) (13 0) (13 1) (13 2) (14 2) (14 3) (14 4) (14 5) (13 5) (12 5) (11 5) 
Length: 11, 4
Vision: 3
Hungry, suplies: 5/10
Reproductive: 16, mutating: 0.25
Generation: 48994
####################################
Wall (up, right, down, left):
[-1, -1, 17, -9] [-3, 3, 18, -9] [-37, 3, 4, -23] [5, -1, 23, -2] [-14, 12, 23, 1] [16, -6, -14, 1] [5, -13, -7, -12]
[-42, -19, 5, -21] [0, 10, -10, -9] [-41, 0, 15, -3] [-35, 11, 16, 23] [42, 10, -7, -10] [-23, -19, 1, -9] [-17, 8, -4, 10]
[-8, 3, 22, 17] [-5, 24, -17, -4] [-9, -4, 50, -22] [-81, 19, 52, 4] [-44, -42, -18, 40] [-22, -18, -4, -1] [-38, -14, -19, 0]
[-7, 46, -5, -45] [11, 4, 24, -23] [-5, 42, 15, -103] [0, 0, 0, 0] [41, -106, 31, 14] [27, -4, 3, 10] [0, -4, 16, 11]
[-12, -28, 4, -4] [14, -2, -18, -17] [-7, -17, -48, -44] [57, 24, -125, 23] [14, -8, -27, 29] [-9, 9, -2, 26] [-35, -71, -10, 32]
[20, 26, 7, 0] [-24, 1, -12, 11] [33, -14, 20, -12] [-3, 6, -29, -4] [8, 2, -31, -9] [2, -12, -20, 2] [42, 2, 9, 10]
[-27, -16, 14, 2] [-3, -1, -49, -6] [-14, 9, 28, -4] [-11, 17, -45, -8] [39, 11, -12, 29] [42, -21, -41, 22] [-14, 16, 28, -1]
Food (up, right, down, left):
[14, 17, -4, 27] [-13, 26, -3, -11] [28, -22, 14, 4] [-14, -9, 52, 15] [-4, 0, 47, -16] [-12, -21, -19, -25] [-50, 11, 5, -16]
[-68, 6, -38, -15] [-2, -2, -36, -1] [8, 17, 21, 35] [-19, 19, -48, 25] [18, 7, -2, -50] [58, 6, -46, 25] [13, -8, 25, 22]
[-22, 8, 29, -42] [13, 8, -17, 31] [-61, -27, -36, 23] [45, -36, 36, 14] [-13, -8, -30, -21] [6, 22, -45, -28] [41, 23, 7, 19]
[11, 22, 5, 43] [-11, -6, -26, 32] [5, 6, -36, -19] [0, 0, 0, 0] [-13, 55, -37, -10] [11, -24, -32, -24] [-17, 52, -16, 18]
[3, 16, -17, 20] [4, 24, 10, 36] [29, -9, 40, 21] [-18, -49, 20, -24] [10, 4, 15, -21] [3, 43, 20, 22] [-16, -15, 6, -11]
[0, -32, -13, 3] [12, 11, 13, -4] [9, 10, 10, 39] [-27, -29, 50, -20] [-45, -36, 6, -53] [-19, 68, 18, 17] [1, 38, 0, 33]
[8, 1, -20, -6] [5, 8, 9, -53] [23, 14, 13, -9] [-7, 13, 19, -36] [56, 34, -1, -16] [29, 34, 12, 1] [9, -14, 24, -21]
------------------------------
ALIVE
Head: (6 0)
Body: (6 0) (5 0) (4 0) (3 0) (2 57) (2 56) (1 56) (0 56) (25 55) (24 55) 
Length: 10, 4
Vision: 3
Hungry, suplies: 9/10
Reproductive: 16, mutating: 0.25
Generation: 48991
####################################
Wall (up, right, down, left):
[-2, -1, 17, -9] [-3, 3, 18, -9] [-37, 3, 4, -23] [5, -1, 23, -2] [-14, 12, 23, 1] [16, -2, -14, 1] [5, -13, -7, -14]
[-42, -19, 8, -21] [0, 10, -10, -9] [-41, 0, 15, -3] [-35, 11, 16, 23] [42, 10, -7, -5] [-23, -19, 1, -9] [-17, 8, -1, 10]
[-10, 2, 22, 17] [-4, 24, -12, -4] [-9, -4, 50, -22] [-81, 19, 52, 4] [-44, -42, -18, 40] [-22, -18, -4, -1] [-38, -14, -19, 0]
[-7, 46, -5, -45] [11, 4, 24, -23] [-5, 40, 15, -103] [0, 0, 0, 0] [41, -106, 31, 14] [27, -4, 3, 10] [0, -4, 21, 11]
[-12, -28, 4, -4] [14, -2, -18, -17] [-7, -17, -48, -44] [57, 24, -125, 19] [14, -8, -27, 29] [-12, 9, -2, 25] [-35, -71, -10, 32]
[20, 26, 4, 0] [-24, 1, -12, 6] [33, -14, 20, -12] [-3, 6, -34, -4] [8, 2, -31, -9] [2, -17, -20, 2] [42, 2, 5, 10]
[-27, -16, 14, 2] [-3, -1, -49, -6] [-14, 9, 28, -4] [-11, 17, -45, -8] [39, 11, -12, 29] [42, -21, -41, 22] [-14, 16, 30, -1]
Food (up, right, down, left):
[14, 17, -1, 27] [-13, 26, -3, -11] [28, -22, 14, 4] [-14, -9, 52, 15] [-4, 0, 47, -16] [-12, -21, -19, -21] [-50, 8, 5, -16]
[-68, 2, -38, -15] [-2, -2, -36, -1] [8, 17, 21, 35] [-19, 19, -48, 25] [21, 7, -2, -50] [58, 6, -46, 25] [13, -8, 30, 22]
[-22, 8, 33, -42] [13, 8, -13, 31] [-61, -27, -36, 23] [45, -36, 36, 14] [-13, -8, -30, -21] [6, 22, -45, -28] [41, 23, 7, 19]
[11, 22, 5, 43] [-11, -6, -26, 32] [5, 9, -36, -19] [0, 0, 0, 0] [-13, 55, -37, -10] [11, -24, -32, -24] [-17, 50, -16, 18]
[3, 16, -17, 20] [4, 24, 10, 36] [29, -9, 40, 21] [-18, -49, 19, -24] [10, 4, 15, -17] [3, 35, 20, 22] [-16, -15, 6, -11]
[-4, -32, -13, 0] [16, 11, 13, -4] [9, 10, 10, 39] [-27, -29, 47, -20] [-45, -36, 6, -53] [-19, 68, 18, 19] [1, 38, 0, 33]
[8, 1, -20, -6] [5, 8, 9, -53] [23, 14, 13, -9] [-7, 13, 19, -36] [56, 34, -1, -16] [29, 34, 12, 1] [9, -14, 24, -21]
------------------------------
ALIVE
Head: (22 15)
Body: (22 15) (21 15) (20 15) (20 14) (20 13) (20 12) (21 12) 
Length: 7, 4
Vision: 3
Hungry, suplies: 9/10
Reproductive: 16, mutating: 0.25
Generation: 48997
####################################
Wall (up, right, down, left):
[-1, -1, 17, -9] [-3, 3, 18, -9] [-37, 3, 4, -23] [5, -1, 23, -2] [-14, 12, 23, 1] [16, -2, -14, 1] [5, -13, -7, -12]
[-42, -19, 5, -21] [0, 10, -10, -9] [-41, 0, 15, -3] [-35, 11, 16, 23] [42, 10, -7, -10] [-23, -19, 1, -9] [-17, 8, -4, 10]
[-8, 3, 22, 17] [-5, 24, -12, -4] [-9, -4, 50, -22] [-81, 19, 52, 4] [-44, -42, -18, 40] [-22, -18, -4, -1] [-38, -14, -19, 0]
[-7, 46, -5, -45] [11, 4, 24, -23] [-5, 42, 15, -103] [0, 0, 0, 0] [41, -106, 31, 14] [27, -4, 3, 10] [0, -4, 21, 11]
[-12, -28, 4, -4] [14, -2, -18, -17] [-7, -17, -48, -44] [57, 24, -125, 23] [14, -8, -27, 29] [-9, 9, -2, 25] [-35, -71, -10, 32]
[20, 26, 7, 0] [-24, 1, -12, 11] [33, -14, 20, -12] [-3, 6, -29, -4] [8, 2, -31, -9] [2, -12, -20, 2] [42, 2, 9, 10]
[-27, -16, 14, 2] [-3, -1, -49, -6] [-14, 9, 28, -4] [-11, 17, -45, -8] [39, 11, -12, 29] [42, -21, -41, 22] [-14, 16, 28, -1]
Food (up, right, down, left):
[14, 17, -4, 27] [-13, 26, -3, -11] [28, -22, 14, 4] [-14, -9, 52, 15] [-4, 0, 47, -16] [-12, -21, -19, -21] [-50, 11, 5, -16]
[-68, 6, -38, -15] [-2, -2, -36, -1] [8, 17, 21, 35] [-19, 19, -48, 25] [18, 7, -2, -50] [58, 6, -46, 25] [13, -8, 25, 22]
[-22, 8, 29, -42] [13, 8, -17, 31] [-61, -27, -36, 23] [45, -36, 36, 14] [-13, -8, -30, -21] [6, 22, -45, -28] [41, 23, 7, 19]
[11, 22, 5, 43] [-11, -6, -26, 32] [5, 6, -36, -19] [0, 0, 0, 0] [-13, 55, -37, -10] [11, -24, -32, -24] [-17, 50, -16, 18]
[3, 16, -17, 20] [4, 24, 10, 36] [29, -9, 40, 21] [-18, -49, 20, -24] [10, 4, 15, -21] [3, 38, 20, 22] [-16, -15, 6, -11]
[0, -32, -13, 3] [12, 11, 13, -4] [9, 10, 10, 39] [-27, -29, 50, -24] [-45, -36, 6, -53] [-19, 68, 18, 17] [1, 38, 0, 33]
[8, 1, -20, -6] [5, 8, 9, -53] [23, 14, 13, -9] [-7, 13, 19, -36] [56, 34, -1, -16] [29, 34, 12, 1] [9, -14, 24, -21]
------------------------------
ALIVE
Head: (19 3)
Body: (19 3) (19 4) (18 4) (18 5) (18 6) (17 6) (16 6) (15 6) (15 7) (15 8) (15 9) 
Length: 11, 4
Vision: 3
Hungry, suplies: 9/10
Reproductive: 16, mutating: 0.25
Generation: 48990
####################################
Wall (up, right, down, left):
[-1, -1, 17, -9] [-3, 3, 18, -9] [-37, 3, 4, -23] [5, -1, 23, -2] [-14, 12, 23, 1] [16, -2, -14, 1] [5, -13, -7, -12]
[-42, -18, 5, -21] [0, 10, -10, -9] [-41, 0, 15, -3] [-35, 11, 16, 23] [42, 10, -7, -10] [-23, -19, 1, -9] [-17, 8, -1, 10]
[-8, 3, 22, 17] [-5, 24, -12, -4] [-9, -4, 50, -22] [-81, 19, 52, 4] [-44, -42, -18, 40] [-22, -18, -4, -1] [-38, -14, -19, 0]
[-7, 46, -5, -45] [11, 4, 24, -23] [-5, 42, 15, -103] [0, 0, 0, 0] [41, -106, 31, 14] [27, -4, 3, 10] [0, -4, 21, 11]
[-12, -28, 4, -4] [14, -2, -18, -17] [-7, -17, -48, -44] [57, 24, -125, 23] [14, -8, -27, 29] [-9, 9, -2, 25] [-35, -71, -10, 32]
[20, 26, 7, 0] [-24, 1, -12, 11] [33, -14, 20, -12] [-3, 6, -29, -4] [8, 2, -31, -9] [2, -12, -20, 2] [42, 2, 5, 10]
[-27, -16, 14, 2] [-3, -1, -49, -6] [-14, 9, 28, -4] [-11, 17, -45, -8] [39, 11, -12, 29] [42, -21, -41, 22] [-14, 16, 28, -1]
Food (up, right, down, left):
[14, 17, -4, 27] [-13, 26, -3, -11] [28, -22, 14, 4] [-14, -9, 52, 15] [-4, 0, 47, -16] [-12, -21, -19, -21] [-50, 11, 5, -16]
[-68, 6, -38, -15] [-2, -2, -36, -1] [8, 17, 21, 35] [-19, 19, -48, 25] [18, 7, -2, -50] [58, 6, -46, 25] [13, -8, 30, 22]
[-22, 4, 29, -42] [13, 8, -17, 31] [-61, -27, -36, 23] [45, -36, 36, 14] [-13, -8, -30, -21] [6, 22, -45, -28] [41, 23, 7, 19]
[11, 22, 5, 43] [-11, -6, -26, 32] [5, 6, -36, -19] [0, 0, 0, 0] [-13, 55, -37, -10] [11, -24, -32, -24] [-17, 50, -16, 18]
[3, 16, -17, 20] [4, 24, 10, 36] [29, -9, 40, 21] [-18, -49, 20, -24] [10, 4, 15, -21] [3, 38, 20, 22] [-16, -15, 6, -11]
[0, -32, -13, 3] [12, 11, 13, -4] [9, 10, 10, 39] [-27, -29, 50, -20] [-45, -36, 6, -53] [-19, 68, 18, 17] [1, 38, 0, 33]
[8, 1, -20, -6] [5, 8, 9, -53] [23, 14, 13, -9] [-7, 13, 19, -36] [56, 34, -1, -16] [29, 34, 12, 1] [9, -14, 24, -21]
------------------------------
ALIVE
Head: (16 12)
Body: (16 12) (16 11) (17 11) (18 11) (18 10) (18 9) (19 9) 
Length: 7, 4
Vision: 3
Hungry, suplies: 10/10
Reproductive: 16, mutating: 0.25
Generation: 48988
####################################
Wall (up, right, down, left):
[-1, -1, 17, -9] [-3, 3, 18, -9] [-37, 3, 4, -23] [5, -1, 23, -2] [-14, 12, 23, 1] [16, -2, -14, 1] [5, -13, -7, -12]
[-42, -18, 5, -21] [0, 10, -10, -9] [-41, 0, 15, -3] [-35, 11, 16, 23] [42, 10, -7, -10] [-23, -19, 1, -9] [-17, 8, -1, 10]
[-8, 3, 22, 17] [-5, 24, -12, -4] [-9, -4, 50, -22] [-81, 19, 52, 4] [-44, -42, -18, 40] [-22, -18, -4, -1] [-38, -14, -19, 0]
[-7, 45, -5, -45] [11, 4, 24, -23] [-5, 42, 15, -103] [0, 0, 0, 0] [41, -106, 31, 14] [27, -4, 3, 10] [0, -4, 21, 11]
[-12, -28, 4, -4] [14, -2, -18, -17] [-7, -17, -48, -44] [57, 24, -125, 23] [14, -8, -27, 29] [-9, 9, -2, 25] [-35, -71, -10, 32]
[20, 26, 7, 0] [-24, 1, -12, 11] [33, -14, 20, -12] [-3, 6, -29, -4] [8, 2, -31, -9] [2, -12, -20, 2] [42, 2, 5, 10]
[-27, -16, 14, 2] [-3, -1, -49, -6] [-14, 9, 28, -4] [-11, 17, -45, -8] [39, 11, -12, 29] [42, -21, -41, 22] [-14, 16, 28, -1]
Food (up, right, down, left):
[14, 17, -4, 27] [-13, 26, -3, -11] [28, -22, 14, 4] [-14, -9, 52, 15] [-4, 0, 47, -16] [-12, -21, -19, -21] [-50, 11, 5, -16]
[-68, 6, -38, -15] [-2, -2, -36, -1] [8, 17, 21, 35] [-19, 19, -48, 25] [18, 7, -2, -50] [58, 6, -46, 25] [13, -8, 30, 22]
[-22, 8, 29, -42] [13, 8, -17, 31] [-61, -27, -36, 23] [45, -36, 36, 14] [-13, -8, -30, -21] [6, 22, -45, -28] [41, 23, 7, 19]
[13, 22, 5, 43] [-11, -6, -26, 32] [5, 6, -36, -19] [0, 0, 0, 0] [-13, 55, -37, -10] [11, -24, -32, -24] [-17, 50, -16, 18]
[3, 16, -17, 20] [4, 24, 10, 36] [29, -9, 40, 21] [-18, -49, 20, -24] [10, 4, 15, -21] [3, 38, 20, 22] [-16, -15, 6, -11]
[0, -32, -13, 3] [12, 11, 13, -4] [9, 10, 10, 39] [-27, -29, 50, -20] [-45, -36, 6, -53] [-19, 68, 18, 17] [1, 38, 0, 33]
[8, 1, -20, -6] [5, 8, 9, -53] [23, 14, 13, -9] [-7, 13, 19, -36] [56, 34, -1, -16] [29, 34, 12, 1] [9, -14, 24, -21]
------------------------------
ALIVE
Head: (5 47)
Body: (5 47) (5 48) (6 48) (6 47) (6 46) (7 46) (8 46) (8 45) (8 44) 
Length: 9, 4
Vision: 3
Hungry, suplies: 9/10
Reproductive: 16, mutating: 0.25
Generation: 48989
####################################
Wall (up, right, down, left):
[-1, -1, 17, -9] [-3, 3, 18, -9] [-37, 3, 4, -23] [5, -1, 23, -2] [-14, 12, 23, 1] [16, -6, -14, 1] [5, -13, -7, -12]
[-42, -19, 5, -21] [0, 10, -10, -9] [-41, 0, 14, -3] [-35, 11, 16, 23] [42, 10, -7, -10] [-23, -19, 1, -9] [-17, 8, -4, 10]
[-10, 3, 22, 17] [-5, 24, -17, -4] [-9, -6, 50, -22] [-81, 19, 52, 4] [-44, -42, -18, 40] [-22, -18, -4, -1] [-38, -14, -19, 0]
[-7, 46, -5, -45] [11, 4, 24, -23] [-5, 42, 15, -103] [0, 0, 0, 0] [41, -106, 31, 14] [27, -4, 3, 10] [0, -4, 21, 11]
[-12, -28, 4, -4] [14, -2, -18, -17] [-7, -17, -48, -44] [57, 24, -125, 23] [14, -8, -27, 29] [-9, 9, -2, 26] [-35, -71, -10, 32]
[20, 26, 7, 0] [-24, 1, -12, 11] [33, -14, 20, -12] [-3, 6, -29, -4] [8, 2, -31, -9] [2, -12, -20, 2] [42, 2, 9, 10]
[-27, -16, 14, 2] [-3, -1, -49, -6] [-14, 9, 28, -4] [-11, 17, -45, -8] [39, 11, -12, 29] [42, -21, -41, 22] [-14, 16, 28, -1]
Food (up, right, down, left):
[14, 17, -4, 27] [-13, 26, -3, -11] [28, -22, 14, 4] [-14, -9, 52, 15] [-4, 0, 47, -16] [-12, -21, -19, -25] [-50, 11, 5, -16]
[-68, 6, -38, -15] [-2, -2, -36, -1] [8, 17, 21, 32] [-19, 19, -48, 25] [18, 7, -2, -50] [58, 6, -46, 25] [13, -8, 25, 22]
[-22, 8, 29, -46] [13, 8, -17, 31] [-66, -27, -36, 23] [45, -36, 36, 14] [-13, -8, -30, -21] [6, 22, -45, -28] [41, 23, 7, 19]
[11, 22, 5, 43] [-11, -6, -26, 32] [5, 6, -36, -19] [0, 0, 0, 0] [-13, 55, -37, -10] [11, -24, -32, -24] [-17, 50, -16, 18]
[3, 16, -17, 20] [4, 24, 10, 36] [29, -9, 40, 21] [-18, -49, 20, -24] [10, 4, 15, -21] [3, 43, 20, 22] [-16, -15, 6, -11]
[0, -32, -13, 3] [12, 11, 13, -4] [9, 10, 10, 39] [-27, -29, 50, -20] [-45, -36, 6, -53] [-19, 68, 18, 17] [1, 38, 0, 33]
[8, 1, -20, -6] [5, 8, 9, -53] [23, 14, 13, -9] [-7, 13, 19, -36] [56, 34, -1, -16] [29, 34, 12, 1] [9, -14, 24, -21]
------------------------------
ALIVE
Head: (10 45)
Body: (10 45) (10 44) (10 43) (10 42) (10 41) (11 41) (12 41) (13 41) (13 42) (14 42) 
Length: 10, 4
Vision: 3
Hungry, suplies: 9/10
Reproductive: 16, mutating: 0.25
Generation: 48995
####################################
Wall (up, right, down, left):
[-1, -1, 17, -9] [-3, 3, 18, -9] [-37, 3, 4, -24] [5, -1, 23, -2] [-14, 12, 23, 1] [16, -2, -14, 1] [5, -13, -7, -12]
[-42, -19, 5, -21] [0, 10, -10, -9] [-41, 0, 15, -3] [-35, 11, 16, 23] [42, 10, -7, -10] [-23, -19, 1, -9] [-17, 8, -4, 10]
[-8, 3, 22, 17] [-5, 24, -12, -4] [-9, -4, 50, -22] [-81, 19, 52, 4] [-44, -42, -18, 40] [-22, -18, -4, -1] [-38, -14, -19, 0]
[-7, 46, -5, -45] [11, 4, 24, -23] [-5, 42, 15, -103] [0, 0, 0, 0] [41, -106, 31, 14] [27, -4, 3, 10] [0, -4, 21, 11]
[-12, -28, 4, -4] [14, -2, -18, -17] [-7, -17, -48, -44] [57, 24, -125, 23] [14, -8, -27, 29] [-9, 9, -2, 25] [-35, -71, -10, 32]
[20, 26, 7, 0] [-24, 1, -12, 11] [33, -14, 20, -12] [-3, 6, -29, -4] [8, 2, -31, -9] [2, -12, -20, 2] [42, 2, 9, 10]
[-27, -16, 14, 2] [-3, -1, -49, -6] [-14, 9, 28, -4] [-11, 17, -45, -8] [39, 11, -12, 29] [42, -21, -41, 22] [-14, 16, 28, -1]
Food (up, right, down, left):
[14, 17, -4, 27] [-13, 26, -3, -11] [28, -22, 14, 4] [-14, -9, 52, 15] [-4, 0, 47, -16] [-12, -21, -19, -21] [-50, 11, 5, -16]
[-68, 6, -38, -15] [-2, -2, -36, -1] [8, 17, 21, 35] [-19, 19, -48, 25] [18, 7, -2, -50] [58, 6, -46, 25] [13, -8, 25, 22]
[-22, 8, 29, -42] [13, 8, -17, 31] [-61, -27, -36, 23] [45, -36, 36, 14] [-13, -8, -30, -21] [6, 22, -45, -28] [41, 23, 7, 19]
[11, 22, 5, 43] [-11, -6, -26, 32] [5, 6, -36, -19] [0, 0, 0, 0] [-13, 55, -37, -10] [11, -24, -32, -24] [-17, 50, -16, 18]
[3, 16, -17, 20] [4, 24, 10, 36] [29, -9, 40, 21] [-18, -49, 20, -24] [10, 4, 15, -21] [3, 38, 20, 22] [-16, -15, 6, -11]
[0, -32, -13, 3] [12, 11, 13, -4] [9, 10, 10, 39] [-27, -29, 50, -24] [-45, -36, 6, -53] [-19, 68, 18, 17] [1, 38, 0, 33]
[8, 1, -20, -6] [5, 8, 9, -53] [23, 14, 13, -9] [-7, 13, 19, -36] [56, 34, -1, -16] [29, 34, 12, 1] [9, -14, 24, -21]
------------------------------
ALIVE
Head: (1 47)
Body: (1 47) (1 46) (1 45) (0 45) (0 46) (0 47) (0 48) (0 49) (1 49) 
Length: 9, 4
Vision: 3
Hungry, suplies: 9/10
Reproductive: 16, mutating: 0.25
Generation: 48991
####################################
Wall (up, right, down, left):
[-1, -1, 17, -9] [-3, 3, 18, -9] [-37, 3, 4, -23] [5, -1, 23, -2] [-14, 12, 23, 1] [16, -2, -14, 1] [5, -13, -7, -12]
[-42, -19, 5, -21] [0, 10, -10, -9] [-41, 0, 15, -3] [-35, 11, 16, 23] [42, 10, -7, -10] [-23, -19, 1, -9] [-17, 8, -4, 10]
[-8, 3, 22, 17] [-5, 24, -17, -4] [-9, -4, 50, -22] [-81, 19, 52, 4] [-44, -42, -18, 40] [-22, -18, -4, -1] [-38, -14, -19, 0]
[-7, 46, -5, -45] [11, 4, 24, -23] [-5, 42, 15, -103] [0, 0, 0, 0] [41, -106, 31, 14] [27, -4, 3, 10] [0, -4, 21, 11]
[-12, -28, 4, -4] [14, -2, -18, -17] [-7, -17, -48, -44] [57, 24, -125, 23] [14, -8, -27, 29] [-9, 9, -2, 26] [-35, -71, -10, 32]
[20, 26, 7, 0] [-24, 1, -12, 11] [33, -14, 20, -12] [-3, 6, -29, -4] [8, 2, -31, -9] [2, -12, -20, 2] [42, 2, 9, 10]
[-27, -16, 14, 2] [-3, -1, -49, -6] [-14, 7, 28, -4] [-11, 17, -45, -8] [39, 11, -12, 29] [42, -21, -41, 22] [-14, 16, 28, -1]
Food (up, right, down, left):
[14, 17, -4, 27] [-13, 26, -3, -11] [28, -22, 14, 4] [-14, -9, 52, 15] [-4, 0, 47, -16] [-12, -21, -19, -21] [-50, 11, 5, -16]
[-68, 6, -38, -15] [-2, -2, -36, -1] [8, 17, 21, 35] [-19, 19, -48, 25] [18, 7, -2, -50] [58, 6, -46, 25] [13, -8, 25, 22]
[-22, 8, 29, -42] [13, 8, -17, 31] [-61, -27, -36, 23] [45, -36, 36, 14] [-13, -8, -30, -21] [6, 22, -45, -28] [41, 23, 7, 19]
[11, 22, 5, 43] [-11, -6, -26, 32] [5, 6, -36, -19] [0, 0, 0, 0] [-13, 55, -37, -10] [11, -24, -32, -24] [-17, 50, -16, 18]
[3, 16, -17, 20] [4, 24, 10, 36] [29, -9, 40, 21] [-18, -49, 20, -24] [10, 4, 15, -21] [3, 43, 20, 22] [-16, -15, 6, -11]
[0, -32, -13, 3] [12, 11, 13, -4] [9, 10, 10, 39] [-27, -29, 50, -20] [-45, -36, 6, -53] [-19, 68, 18, 17] [1, 38, 0, 33]
[8, 1, -20, -6] [5, 8, 9, -53] [23, 14, 13, -9] [-7, 13, 19, -36] [56, 34, -1, -16] [29, 34, 12, 1] [9, -14, 24, -21]
------------------------------
ALIVE
Head: (23 22)
Body: (23 22) (23 21) (23 20) (23 19) (23 18) (22 18) (22 17) (22 16) 
Length: 8, 4
Vision: 3
Hungry, suplies: 8/10
Reproductive: 16, mutating: 0.25
Generation: 48993
####################################
