Wall (up, right, down, left):
[-12, -11, -8, -6] [4, 3, 6, -13] [-19, -7, -12, -24] [7, 4, 17, 4] [-12, 10, 32, -1] [14, -6, -19, -12] [9, -25, 4, -1]
[-34, -1, 14, -18] [1, 22, -12, 0] [-40, 7, 19, -4] [-45, 17, 31, 16] [23, 28, 3, 7] [-40, -16, 1, -22] [-22, -4, 1, 10]
[-16, 25, 27, 29] [-19, 29, -29, -11] [-4, 3, 51, -2] [-98, 23, 60, 7] [-46, -57, -18, 32] [-19, -27, -9, -1] [-6, -18, -24, -10]
[-22, 49, -12, -31] [12, -12, 38, -35] [13, 39, 3, -123] [0, 0, 0, 0] [53, -112, 22, 14] [22, -7, 1, 9] [12, 16, 26, -9]
[5, -40, 15, 9] [7, -10, -17, -32] [-17, -18, -42, -50] [51, 2, -139, 32] [10, -3, -40, 71] [11, 13, -11, 7] [-17, -74, -15, 39]
[25, 32, 5, -3] [-28, 12, -9, 4] [33, -3, 20, -7] [-4, -4, -20, 1] [-4, -12, -37, -18] [3, -17, -20, 5] [41, 15, 16, -5]
[-22, 1, 25, -13] [-2, -8, -52, -20] [-2, -1, 32, 19] [-24, 18, -58, -23] [44, 8, -12, 33] [36, -12, -29, 34] [13, -10, 24, -3]
Food (up, right, down, left):
[12, 11, -12, 27] [-19, 28, 2, -29] [7, -16, 1, 11] [-19, 1, 58, 4] [7, -14, 49, -4] [0, -34, -19, -29] [-60, 17, 9, -26]
[-77, 12, -44, 4] [2, -12, -24, 0] [1, 5, 29, 32] [-29, 10, -58, 32] [11, 15, -2, -52] [37, -3, -60, 25] [18, -9, 29, 45]
[-37, 6, 34, -32] [20, 0, -5, 29] [-37, -39, -28, 21] [56, -38, 25, 12] [1, -25, -11, -27] [-4, 18, -44, -30] [68, 34, 25, 17]
[6, 26, -6, 44] [-24, -14, -17, 35] [0, -3, -34, -14] [0, 0, 0, 0] [-14, 56, -51, -6] [13, -26, -46, -22] [-20, 53, -22, -1]
[1, 25, -13, 10] [17, 18, 4, 37] [23, -19, 38, 30] [-11, -53, 37, -9] [-1, 21, 20, -2] [15, 50, 16, 4] [-7, -30, -11, -12]
[7, -35, -19, 8] [16, 12, 11, -32] [19, -1, 23, 28] [-50, -31, 63, -17] [-54, -36, 12, -64] [-37, 78, 35, 27] [-1, 55, 28, 29]
[28, -5, -38, -12] [-10, -7, 26, -73] [36, 23, 1, -10] [-2, 2, -6, -26] [67, 43, 9, -23] [0, 37, 4, 7] [14, -31, 18, -23]
------------------------------
ALIVE
Head: (2 26)
Body: (2 26) (2 27) (3 27) (3 28) (3 29) (2 29) (1 29) (0 29) (25 28) (24 28) (23 28) (22 28) (22 27) (21 27) 
Length: 14, 4
Vision: 3
Hungry, suplies: 3/10
Reproductive: 16, mutating: 0.25
Generation: 59204
####################################
Wall (up, right, down, left):
[-12, -11, -8, -6] [4, 3, 6, -13] [-19, -7, -12, -24] [7, 4, 17, 4] [-12, 10, 32, -1] [14, -6, -19, -12] [9, -25, 4, 0]
[-34, -1, 14, -18] [1, 22, -12, 0] [-40, 7, 19, -4] [-45, 17, 31, 16] [23, 28, 3, 7] [-40, -16, 1, -22] [-22, -4, 1, 10]
[-16, 25, 27, 29] [-19, 29, -29, -11] [-4, 3, 51, -2] [-98, 23, 60, 7] [-46, -57, -18, 32] [-19, -27, -9, -1] [-6, -18, -24, -10]
[-22, 49, -12, -31] [12, -12, 38, -35] [13, 39, 3, -123] [0, 0, 0, 0] [53, -112, 22, 14] [22, -7, 1, 9] [12, 16, 26, -9]
[5, -40, 15, 9] [7, -10, -17, -32] [-17, -18, -42, -50] [51, 2, -139, 32] [10, -3, -40, 71] [11, 13, -11, 7] [-17, -74, -15, 39]
[25, 32, 5, -3] [-28, 12, -9, 4] [32, -3, 20, -7] [-4, -4, -20, 1] [-4, -12, -37, -18] [3, -17, -20, 10] [41, 15, 16, -5]
[-22, 1, 25, -13] [-2, -12, -52, -20] [-2, -1, 32, 19] [-24, 18, -58, -23] [44, 8, -12, 33] [36, -12, -29, 34] [13, -10, 24, -3]
Food (up, right, down, left):
[12, 11, -12, 27] [-19, 28, 2, -29] [7, -16, 1, 11] [-19, 1, 58, 4] [7, -14, 49, -4] [0, -34, -19, -29] [-59, 17, 9, -26]
[-77, 12, -44, 4] [2, -12, -24, 0] [1, 5, 29, 32] [-29, 10, -58, 32] [11, 15, -2, -52] [37, -3, -60, 25] [18, -9, 29, 45]
[-37, 6, 34, -32] [20, 0, -5, 29] [-37, -39, -28, 21] [56, -38, 25, 12] [1, -25, -11, -27] [-4, 18, -44, -30] [68, 34, 25, 17]
[6, 26, -6, 44] [-24, -14, -17, 35] [0, -3, -34, -14] [0, 0, 0, 0] [-14, 56, -51, -6] [13, -26, -46, -22] [-20, 53, -22, -1]
[1, 25, -13, 10] [17, 18, 4, 37] [23, -19, 38, 30] [-11, -53, 37, -9] [-1, 21, 20, -2] [15, 50, 16, 4] [-7, -30, -11, -12]
[7, -35, -19, 8] [16, 12, 11, -32] [19, -1, 26, 28] [-50, -31, 63, -17] [-54, -36, 12, -64] [-32, 78, 35, 27] [-1, 55, 28, 29]
[28, -5, -38, -12] [-10, -12, 26, -73] [36, 23, 1, -10] [-2, 2, -6, -26] [67, 43, 9, -23] [0, 37, 4, 7] [14, -31, 18, -23]
------------------------------
ALIVE
Head: (14 47)
Body: (14 47) (13 47) (12 47) (12 46) (11 46) (10 46) (9 46) (8 46) (8 45) (8 44) (8 43) (7 43) (6 43) (5 43) 
Length: 14, 4
Vision: 3
Hungry, suplies: 4/10
Reproductive: 16, mutating: 0.25
Generation: 59206
####################################
Wall (up, right, down, left):
[-12, -11, -8, -6] [4, 3, 6, -13] [-19, -7, -12, -24] [7, 4, 17, 4] [-12, 10, 32, -1] [14, -6, -19, -12] [9, -25, 4, 0]
[-34, -1, 14, -18] [1, 22, -12, 0] [-40, 7, 19, -4] [-45, 17, 31, 16] [23, 28, 3, 7] [-40, -16, 1, -22] [-22, -4, 1, 10]
[-16, 25, 27, 29] [-19, 29, -29, -11] [-4, 3, 51, -2] [-98, 23, 60, 7] [-46, -57, -18, 32] [-19, -27, -9, -1] [-6, -18, -24, -10]
[-22, 49, -12, -31] [12, -12, 38, -35] [13, 39, 3, -123] [0, 0, 0, 0] [53, -112, 22, 14] [22, -7, 1, 9] [12, 16, 26, -9]
[5, -40, 15, 9] [7, -10, -17, -32] [-17, -18, -42, -50] [51, 2, -139, 32] [10, -3, -40, 71] [11, 13, -11, 7] [-17, -74, -15, 39]
[25, 32, 5, -3] [-28, 12, -9, 4] [32, -3, 20, -7] [-4, -4, -20, 1] [-4, -12, -37, -18] [3, -17, -20, 5] [41, 15, 16, -5]
[-22, 1, 25, -13] [-2, -12, -52, -20] [-2, -1, 32, 19] [-24, 18, -58, -23] [44, 8, -12, 33] [36, -12, -29, 34] [13, -10, 24, -3]
Food (up, right, down, left):
[12, 11, -12, 27] [-19, 28, 2, -29] [7, -16, 1, 11] [-19, 1, 58, 4] [7, -14, 49, -4] [0, -34, -19, -29] [-59, 17, 9, -26]
[-77, 12, -44, 4] [2, -12, -24, 0] [1, 5, 29, 32] [-29, 10, -58, 32] [11, 15, -2, -52] [37, -3, -60, 25] [18, -9, 29, 45]
[-37, 6, 34, -32] [20, 0, -5, 29] [-37, -39, -28, 21] [56, -38, 25, 12] [1, -25, -11, -27] [-4, 18, -44, -30] [68, 34, 25, 17]
[6, 26, -6, 44] [-24, -14, -17, 35] [0, -3, -34, -14] [0, 0, 0, 0] [-14, 56, -51, -6] [13, -26, -46, -22] [-20, 53, -22, -1]
[1, 25, -13, 10] [17, 18, 4, 37] [23, -19, 38, 30] [-11, -53, 37, -9] [-1, 21, 20, -2] [15, 50, 16, 4] [-7, -30, -11, -12]
[7, -35, -19, 8] [16, 12, 11, -32] [19, -1, 26, 28] [-50, -31, 63, -17] [-54, -36, 12, -64] [-37, 78, 35, 27] [-1, 55, 28, 29]
[28, -5, -38, -12] [-10, -12, 26, -73] [36, 23, 1, -10] [-2, 2, -6, -26] [67, 43, 9, -23] [0, 37, 4, 7] [14, -31, 18, -23]
------------------------------
ALIVE
Head: (15 37)
Body: (15 37) (15 38) (15 39) (16 39) (16 40) (16 41) (17 41) (18 41) (18 40) (18 39) (18 38) 
Length: 11, 4
Vision: 3
Hungry, suplies: 10/10
Reproductive: 16, mutating: 0.25
Generation: 59206
####################################
Wall (up, right, down, left):
[-12, -11, -8, -6] [4, 3, 6, -13] [-19, -7, -12, -24] [7, 4, 17, 4] [-12, 10, 32, -1] [14, -6, -19, -12] [9, -25, 4, 0]
[-34, -1, 14, -18] [1, 22, -12, 0] [-40, 7, 19, -4] [-45, 17, 31, 16] [23, 28, 3, 7] [-40, -16, 1, -22] [-22, -4, 1, 10]
[-16, 25, 27, 29] [-19, 29, -29, -11] [-4, 3, 51, -2] [-98, 23, 60, 7] [-46, -57, -18, 32] [-19, -27, -9, -1] [-6, -18, -24, -10]
[-22, 49, -12, -31] [12, -12, 38, -35] [13, 39, 3, -123] [0, 0, 0, 0] [53, -112, 22, 14] [22, -7, 1, 9] [12, 16, 26, -9]
[5, -40, 15, 9] [7, -10, -17, -32] [-17, -18, -42, -50] [51, 2, -139, 32] [10, -3, -40, 71] [11, 13, -11, 7] [-17, -74, -15, 39]
[25, 32, 5, -3] [-28, 12, -9, 4] [32, -3, 20, -7] [-4, -4, -20, 1] [-4, -12, -37, -18] [3, -17, -20, 10] [41, 15, 16, -5]
[-22, 1, 25, -13] [-2, -12, -52, -20] [-2, -1, 32, 19] [-24, 18, -58, -23] [44, 8, -12, 33] [36, -12, -29, 34] [13, -10, 24, -3]
Food (up, right, down, left):
[12, 11, -12, 27] [-19, 28, 2, -29] [7, -16, 1, 11] [-19, 1, 58, 4] [7, -14, 49, -4] [0, -34, -19, -29] [-59, 17, 9, -26]
[-77, 12, -44, 4] [2, -12, -24, 0] [1, 5, 29, 32] [-29, 10, -58, 32] [11, 15, -2, -52] [37, -3, -60, 25] [18, -9, 29, 45]
[-37, 6, 34, -32] [20, 0, -5, 29] [-37, -39, -28, 21] [56, -38, 25, 12] [1, -25, -11, -27] [-4, 18, -44, -30] [68, 34, 25, 17]
[6, 26, -6, 44] [-24, -14, -17, 35] [0, -3, -34, -14] [0, 0, 0, 0] [-14, 56, -51, -6] [13, -26, -46, -22] [-20, 53, -22, -1]
[1, 25, -13, 10] [17, 18, 4, 37] [23, -19, 38, 30] [-11, -53, 37, -9] [-1, 21, 20, -2] [15, 50, 16, 4] [-7, -30, -11, -12]
[7, -35, -19, 8] [16, 12, 11, -32] [19, -1, 26, 28] [-50, -31, 63, -17] [-54, -36, 12, -64] [-32, 78, 35, 27] [-1, 55, 28, 29]
[28, -5, -38, -12] [-10, -12, 26, -73] [36, 23, 1, -10] [-2, 2, -6, -26] [67, 43, 9, -23] [0, 37, 4, 7] [14, -31, 18, -23]
------------------------------
ALIVE
Head: (2 56)
Body: (2 56) (1 56) (1 55) (2 55) (3 55) (3 54) (3 53) (3 52) (3 51) (3 50) (2 50) (2 49) (3 49) (4 49) 
Length: 14, 4
Vision: 3
Hungry, suplies: 9/10
Reproductive: 16, mutating: 0.25
Generation: 59207
####################################
Wall (up, right, down, left):
[-12, -11, -8, -6] [4, 3, 6, -13] [-19, -7, -12, -24] [7, 4, 17, 4] [-12, 10, 32, -1] [14, -6, -19, -12] [9, -25, 4, 0]
[-34, -1, 14, -18] [1, 22, -12, 0] [-40, 7, 19, -4] [-45, 17, 31, 16] [23, 28, 3, 7] [-40, -16, 1, -22] [-22, -4, 1, 10]
[-16, 25, 27, 29] [-19, 29, -29, -11] [-4, 3, 51, -2] [-98, 23, 60, 9] [-46, -57, -18, 32] [-19, -27, -9, -1] [-6, -18, -24, -10]
[-22, 49, -12, -31] [12, -12, 38, -35] [13, 39, 3, -123] [0, 0, 0, 0] [53, -112, 22, 14] [22, -7, 1, 9] [12, 16, 26, -9]
[5, -40, 15, 9] [7, -10, -17, -32] [-17, -18, -42, -50] [51, 2, -139, 32] [10, -3, -40, 71] [11, 13, -11, 7] [-17, -74, -15, 39]
[25, 32, 5, -3] [-28, 12, -9, 4] [32, -3, 20, -7] [-4, -4, -20, 1] [-4, -12, -37, -18] [3, -17, -20, 5] [41, 15, 16, -5]
[-22, 1, 25, -13] [-2, -12, -52, -20] [-2, -1, 32, 19] [-24, 18, -58, -23] [44, 8, -12, 33] [36, -12, -29, 34] [13, -10, 24, -3]
Food (up, right, down, left):
[12, 11, -12, 27] [-19, 28, 2, -29] [7, -16, 1, 11] [-19, 1, 58, 4] [7, -14, 49, -4] [0, -34, -19, -29] [-59, 17, 9, -26]
[-77, 12, -44, 4] [2, -12, -24, 0] [1, 5, 29, 32] [-29, 10, -58, 32] [11, 15, -2, -52] [37, -3, -60, 25] [18, -9, 29, 45]
[-37, 6, 34, -32] [20, 0, -5, 29] [-37, -39, -28, 21] [56, -36, 25, 12] [1, -25, -11, -27] [-4, 18, -44, -30] [68, 34, 25, 17]
[6, 26, -6, 44] [-24, -14, -17, 35] [0, -3, -34, -14] [0, 0, 0, 0] [-14, 56, -51, -6] [13, -26, -46, -22] [-20, 53, -22, -1]
[1, 25, -13, 10] [17, 18, 4, 37] [23, -19, 38, 30] [-11, -53, 37, -9] [-1, 21, 20, -2] [15, 50, 16, 4] [-7, -30, -11, -12]
[7, -35, -19, 8] [16, 12, 11, -32] [19, -1, 26, 28] [-50, -31, 63, -17] [-54, -36, 12, -64] [-37, 78, 35, 27] [-1, 55, 28, 29]
[28, -5, -38, -12] [-10, -12, 26, -73] [36, 23, 1, -10] [-2, 2, -6, -26] [67, 43, 9, -23] [0, 37, 4, 7] [14, -31, 18, -23]
------------------------------
ALIVE
Head: (1 52)
Body: (1 52) (25 52) (24 52) (23 52) (22 52) (21 52) (20 52) (19 52) (18 52) (17 52) (17 51) (16 51) 
Length: 12, 4
Vision: 3
Hungry, suplies: 10/10
Reproductive: 16, mutating: 0.25
Generation: 59206
####################################
Wall (up, right, down, left):
[-12, -11, -8, -6] [4, 3, 6, -13] [-19, -7, -12, -24] [7, 4, 17, 4] [-12, 10, 32, -1] [14, -6, -19, -12] [9, -25, 4, -1]
[-34, -1, 14, -18] [1, 22, -12, 0] [-40, 7, 19, -4] [-45, 17, 31, 16] [23, 28, 3, 7] [-40, -16, 1, -22] [-22, -4, 1, 10]
[-16, 25, 27, 29] [-19, 29, -29, -11] [-4, 3, 51, -2] [-98, 23, 60, 7] [-46, -57, -18, 32] [-19, -27, -9, -1] [-6, -18, -24, -10]
[-22, 49, -12, -31] [12, -12, 38, -35] [13, 39, 3, -123] [0, 0, 0, 0] [53, -112, 22, 14] [22, -7, 1, 9] [12, 16, 26, -9]
[5, -40, 15, 9] [7, -10, -17, -32] [-17, -18, -42, -50] [51, 2, -139, 32] [10, -3, -40, 71] [11, 13, -11, 7] [-17, -74, -15, 39]
[25, 32, 5, -3] [-28, 12, -9, 4] [33, -3, 20, -7] [-4, -4, -20, 1] [-4, -12, -37, -18] [3, -17, -20, 5] [41, 13, 16, -5]
[-22, 1, 25, -13] [-2, -8, -52, -20] [-2, -1, 32, 19] [-24, 18, -58, -23] [44, 8, -12, 33] [36, -12, -29, 34] [13, -10, 24, -3]
Food (up, right, down, left):
[12, 11, -12, 27] [-19, 28, 2, -29] [7, -16, 1, 11] [-19, 1, 58, 4] [7, -14, 49, -4] [0, -34, -19, -29] [-60, 17, 9, -26]
[-77, 12, -44, 4] [2, -12, -24, 0] [1, 5, 29, 32] [-29, 10, -58, 32] [11, 15, -2, -52] [37, -3, -60, 25] [18, -9, 29, 45]
[-37, 6, 34, -32] [20, 0, -5, 29] [-37, -39, -28, 21] [56, -38, 25, 12] [1, -25, -11, -27] [-4, 18, -44, -30] [68, 34, 25, 17]
[6, 26, -6, 44] [-24, -14, -17, 35] [0, -3, -34, -14] [0, 0, 0, 0] [-14, 56, -51, -6] [13, -26, -46, -22] [-20, 53, -22, -1]
[1, 25, -13, 10] [17, 18, 4, 37] [23, -19, 38, 30] [-11, -53, 37, -9] [-1, 21, 20, -2] [15, 50, 16, 4] [-7, -30, -11, -12]
[7, -35, -19, 8] [16, 12, 11, -32] [19, -1, 23, 28] [-50, -31, 63, -17] [-54, -36, 12, -64] [-37, 78, 35, 27] [2, 55, 28, 29]
[28, -5, -38, -12] [-10, -7, 26, -73] [36, 23, 1, -10] [-2, 2, -6, -26] [67, 43, 9, -23] [0, 37, 4, 7] [14, -31, 18, -23]
------------------------------
ALIVE
Head: (11 37)
Body: (11 37) (11 38) (11 39) (10 39) (9 39) (9 40) (10 40) (10 41) 
Length: 8, 4
Vision: 3
Hungry, suplies: 8/10
Reproductive: 16, mutating: 0.25
Generation: 59207
####################################
Wall (up, right, down, left):
[-12, -11, -8, -6] [4, 3, 6, -13] [-19, -7, -12, -24] [7, 4, 17, 4] [-12, 10, 32, -1] [14, -6, -19, -12] [9, -25, 4, -1]
[-34, -1, 14, -18] [1, 22, -12, 0] [-40, 7, 19, -4] [-45, 17, 31, 16] [23, 28, 3, 7] [-40, -16, 1, -22] [-22, -4, 1, 10]
[-16, 25, 27, 29] [-19, 29, -29, -11] [-4, 3, 51, -2] [-98, 23, 60, 7] [-46, -57, -18, 32] [-19, -27, -9, -1] [-6, -18, -24, -10]
[-22, 49, -12, -31] [12, -12, 38, -35] [13, 39, 3, -123] [0, 0, 0, 0] [53, -112, 22, 14] [22, -7, 1, 9] [12, 16, 26, -9]
[5, -40, 15, 9] [7, -10, -17, -32] [-17, -18, -42, -50] [51, 2, -139, 32] [10, -3, -40, 71] [11, 13, -11, 7] [-17, -74, -15, 39]
[25, 32, 5, -3] [-28, 12, -9, 4] [33, -3, 20, -7] [-4, -4, -20, 1] [-4, -12, -37, -18] [3, -17, -20, 5] [41, 13, 16, -5]
[-22, 1, 25, -13] [-2, -8, -52, -20] [-2, -1, 32, 19] [-24, 18, -58, -23] [44, 8, -12, 33] [36, -12, -29, 34] [13, -10, 24, -3]
Food (up, right, down, left):
[12, 11, -12, 27] [-19, 28, 2, -29] [7, -16, 1, 11] [-19, 1, 58, 4] [7, -14, 49, -4] [0, -34, -19, -29] [-60, 17, 9, -26]
[-77, 12, -44, 4] [2, -12, -24, 0] [1, 5, 29, 32] [-29, 10, -58, 32] [11, 15, -2, -52] [37, -3, -60, 25] [18, -9, 29, 45]
[-37, 6, 34, -32] [20, 0, -5, 29] [-37, -39, -28, 21] [56, -38, 25, 12] [1, -25, -11, -27] [-4, 18, -44, -30] [68, 34, 25, 17]
[6, 26, -6, 44] [-24, -14, -17, 35] [0, -3, -34, -14] [0, 0, 0, 0] [-14, 56, -51, -6] [13, -26, -46, -22] [-20, 53, -22, -1]
[1, 25, -13, 10] [17, 18, 4, 37] [23, -19, 38, 30] [-11, -53, 37, -9] [-1, 21, 20, -2] [15, 50, 16, 4] [-7, -30, -11, -12]
[7, -35, -19, 8] [16, 12, 11, -32] [19, -1, 23, 28] [-50, -31, 63, -17] [-54, -36, 12, -64] [-37, 78, 35, 27] [2, 55, 28, 29]
[28, -5, -38, -12] [-10, -7, 26, -73] [36, 23, 1, -10] [-2, 2, -6, -26] [67, 43, 9, -23] [0, 37, 4, 7] [14, -31, 18, -23]
------------------------------
ALIVE
Head: (18 19)
Body: (18 19) (17 19) (17 18) (16 18) (15 18) (15 17) (15 16) (15 15) (14 15) (14 14) (14 13) (13 13) (12 13) (11 13) (10 13) 
Length: 15, 4
Vision: 3
Hungry, suplies: 3/10
Reproductive: 16, mutating: 0.25
Generation: 59209
####################################
Wall (up, right, down, left):
[-12, -11, -8, -6] [4, 3, 6, -13] [-19, -7, -12, -24] [7, 4, 17, 4] [-12, 10, 32, -1] [14, -6, -19, -12] [9, -25, 4, -1]
[-34, -1, 14, -18] [1, 22, -12, 0] [-40, 7, 19, -4] [-45, 17, 31, 16] [23, 28, 3, 7] [-40, -16, 1, -22] [-22, -4, 1, 10]
[-16, 25, 27, 29] [-19, 29, -29, -11] [-4, 3, 51, -2] [-98, 23, 60, 7] [-46, -57, -18, 32] [-19, -27, -9, -1] [-6, -18, -24, -10]
[-22, 49, -12, -31] [12, -12, 38, -35] [13, 39, 3, -123] [0, 0, 0, 0] [53, -112, 22, 14] [22, -7, 1, 9] [12, 16, 26, -9]
[5, -40, 15, 9] [7, -10, -17, -32] [-17, -18, -42, -50] [51, 2, -139, 32] [10, -3, -40, 71] [11, 13, -11, 7] [-17, -74, -15, 39]
[25, 32, 5, -3] [-28, 12, -9, 4] [33, -3, 20, -7] [-4, -4, -20, 1] [-4, -12, -37, -18] [3, -17, -20, 5] [41, 15, 16, -5]
[-22, 1, 25, -13] [-2, -8, -52, -20] [-2, -1, 32, 19] [-24, 18, -58, -23] [44, 8, -12, 33] [36, -12, -29, 34] [13, -10, 24, -3]
Food (up, right, down, left):
[12, 11, -12, 27] [-19, 28, 2, -29] [7, -16, 1, 11] [-19, 1, 58, 4] [7, -14, 49, -4] [0, -34, -19, -29] [-60, 17, 9, -26]
[-77, 12, -44, 4] [2, -12, -24, 0] [1, 5, 29, 32] [-29, 10, -58, 32] [11, 15, -2, -52] [37, -3, -60, 25] [18, -9, 29, 45]
[-37, 6, 34, -32] [20, 0, -5, 29] [-37, -39, -28, 21] [56, -38, 25, 12] [1, -25, -11, -27] [-4, 18, -44, -30] [68, 34, 25, 17]
[6, 26, -6, 44] [-24, -14, -17, 35] [0, -3, -34, -14] [0, 0, 0, 0] [-14, 56, -51, -6] [13, -26, -46, -22] [-20, 53, -22, -1]
[1, 25, -13, 10] [17, 18, 4, 37] [23, -19, 38, 30] [-11, -53, 37, -9] [-1, 21, 20, -2] [15, 50, 16, 4] [-7, -30, -11, -12]
[7, -35, -19, 8] [16, 12, 11, -32] [19, -1, 23, 28] [-50, -31, 63, -17] [-54, -36, 12, -64] [-37, 78, 35, 27] [-1, 55, 28, 29]
[28, -5, -38, -12] [-10, -7, 26, -73] [36, 23, 1, -10] [-2, 2, -6, -26] [67, 43, 9, -23] [0, 37, 4, 7] [14, -31, 18, -23]
------------------------------
ALIVE
Head: (7 53)
Body: (7 53) (6 53) (6 54) (5 54) (5 55) (5 56) (6 -1) (6 0) (7 57) 
Length: 9, 4
Vision: 3
Hungry, suplies: 6/10
Reproductive: 16, mutating: 0.25
Generation: 59205
####################################
Wall (up, right, down, left):
[-12, -11, -8, -6] [4, 3, 6, -13] [-19, -7, -12, -24] [7, 4, 17, 4] [-12, 10, 32, -1] [14, -6, -19, -12] [9, -25, 4, -1]
[-34, -1, 14, -18] [1, 22, -12, 0] [-40, 7, 19, -4] [-45, 17, 31, 16] [23, 28, 3, 7] [-40, -16, 1, -22] [-22, -4, 1, 10]
[-16, 25, 27, 29] [-19, 29, -29, -11] [-4, 3, 51, -2] [-98, 23, 60, 7] [-46, -57, -18, 32] [-19, -27, -9, -1] [-6, -18, -24, -10]
[-22, 49, -12, -31] [12, -12, 38, -35] [13, 39, 3, -123] [0, 0, 0, 0] [53, -112, 22, 14] [22, -7, 1, 9] [12, 16, 26, -9]
[5, -40, 15, 9] [4, -10, -17, -32] [-17, -18, -42, -50] [51, 2, -139, 32] [10, -3, -40, 71] [11, 13, -11, 7] [-17, -74, -15, 39]
[25, 32, 5, -3] [-28, 12, -9, 4] [33, -3, 20, -7] [-4, -4, -20, 1] [-4, -12, -37, -18] [3, -17, -20, 5] [41, 15, 16, -5]
[-22, 1, 25, -13] [-2, -8, -52, -20] [-2, -1, 32, 19] [-24, 18, -58, -23] [44, 8, -12, 33] [36, -12, -29, 34] [13, -10, 24, -3]
Food (up, right, down, left):
[12, 11, -12, 27] [-19, 28, 2, -29] [7, -16, 1, 11] [-19, 1, 58, 4] [7, -14, 49, -4] [0, -34, -19, -29] [-60, 17, 9, -26]
[-77, 12, -44, 4] [2, -12, -24, 0] [1, 5, 29, 32] [-29, 10, -58, 32] [11, 15, -2, -52] [37, -3, -60, 25] [18, -9, 29, 45]
[-37, 6, 34, -32] [20, 0, -5, 29] [-37, -39, -28, 21] [56, -38, 25, 12] [1, -25, -11, -27] [-4, 18, -44, -30] [68, 34, 25, 17]
[6, 26, -6, 44] [-24, -14, -17, 35] [0, -3, -34, -14] [0, 0, 0, 0] [-14, 56, -51, -6] [13, -26, -46, -22] [-20, 53, -22, -1]
[1, 25, -13, 10] [17, 16, 4, 37] [23, -19, 38, 30] [-11, -53, 37, -9] [-1, 21, 20, -2] [15, 50, 16, 4] [-7, -30, -11, -12]
[7, -35, -19, 8] [16, 12, 11, -32] [19, -1, 23, 28] [-50, -31, 63, -17] [-54, -36, 12, -64] [-37, 78, 35, 27] [-1, 55, 28, 29]
[28, -5, -38, -12] [-10, -7, 26, -73] [36, 23, 1, -10] [-2, 2, -6, -26] [67, 43, 9, -23] [0, 37, 4, 7] [14, -31, 18, -23]
------------------------------
ALIVE
Head: (2 21)
Body: (2 21) (1 21) (0 21) (0 20) (0 19) (1 19) (2 19) (2 18) (2 17) (2 16) 
Length: 10, 4
Vision: 3
Hungry, suplies: 4/10
Reproductive: 16, mutating: 0.25
Generation: 59208
####################################
Wall (up, right, down, left):
[-12, -11, -8, -6] [4, 3, 6, -13] [-19, -7, -12, -24] [7, 4, 17, 4] [-12, 10, 32, -1] [14, -6, -19, -12] [9, -25, 4, -1]
[-34, -1, 14, -18] [1, 22, -12, 0] [-40, 7, 19, -4] [-45, 17, 31, 16] [23, 28, 3, 7] [-40, -16, 1, -22] [-22, -4, 1, 10]
[-16, 25, 27, 29] [-19, 29, -29, -11] [-4, 3, 51, -2] [-98, 23, 60, 7] [-46, -57, -18, 32] [-19, -27, -9, -1] [-6, -18, -24, -10]
[-22, 49, -12, -31] [12, -12, 38, -35] [13, 39, 3, -123] [0, 0, 0, 0] [53, -112, 22, 14] [22, -7, 1, 9] [12, 16, 26, -9]
[5, -40, 15, 9] [7, -12, -17, -32] [-17, -18, -42, -50] [51, 2, -139, 32] [10, -3, -40, 71] [11, 13, -11, 7] [-17, -74, -15, 39]
[25, 32, 5, -3] [-28, 12, -9, 4] [33, -3, 20, -7] [-4, -4, -20, 1] [-4, -12, -37, -18] [3, -17, -20, 5] [41, 15, 16, -5]
[-22, 1, 25, -13] [-2, -12, -52, -20] [-3, -1, 32, 19] [-24, 18, -58, -23] [44, 8, -12, 33] [36, -12, -29, 34] [13, -10, 24, -3]
Food (up, right, down, left):
[12, 11, -12, 27] [-19, 28, 2, -29] [7, -16, 1, 11] [-19, 1, 58, 4] [7, -14, 49, -4] [0, -34, -19, -29] [-60, 17, 9, -26]
[-77, 12, -44, 4] [2, -12, -24, 0] [1, 5, 29, 32] [-29, 10, -58, 32] [11, 15, -2, -52] [37, -3, -60, 25] [18, -9, 29, 45]
[-37, 6, 34, -32] [20, 0, -5, 29] [-37, -39, -28, 21] [56, -38, 25, 12] [1, -25, -11, -27] [-4, 18, -44, -30] [68, 34, 25, 17]
[6, 26, -6, 44] [-24, -14, -17, 35] [0, -3, -34, -14] [0, 0, 0, 0] [-14, 56, -51, -6] [13, -26, -46, -22] [-20, 53, -22, -1]
[1, 25, -13, 10] [17, 21, 4, 37] [23, -19, 38, 30] [-11, -53, 37, -9] [-1, 21, 20, -2] [15, 50, 16, 4] [-7, -30, -11, -12]
[7, -35, -19, 8] [16, 12, 11, -32] [19, -1, 23, 28] [-50, -31, 63, -17] [-54, -36, 12, -64] [-37, 78, 35, 27] [-1, 55, 28, 29]
[28, -5, -38, -12] [-10, -12, 26, -73] [37, 23, 1, -10] [-2, 2, -6, -26] [67, 43, 9, -23] [0, 37, 4, 7] [14, -31, 18, -23]
------------------------------
ALIVE
Head: (1 22)
Body: (1 22) (25 22) (24 22) (24 21) (23 21) (22 21) (22 20) (23 20) (23 19) 
Length: 9, 4
Vision: 3
Hungry, suplies: 4/10
Reproductive: 16, mutating: 0.25
Generation: 59202
####################################
Wall (up, right, down, left):
[-12, -11, -8, -1] [4, 3, 6, -13] [-19, -7, -12, -24] [7, 4, 17, 4] [-12, 10, 32, -1] [14, -6, -19, -12] [9, -25, 4, -1]
[-34, -1, 14, -18] [1, 22, -12, 0] [-40, 7, 19, -4] [-45, 22, 31, 16] [23, 28, 3, 7] [-40, -16, 1, -22] [-22, -4, 1, 10]
[-16, 25, 27, 29] [-19, 29, -29, -11] [-4, 3, 51, -2] [-98, 23, 60, 7] [-46, -57, -18, 32] [-19, -27, -9, -1] [-6, -18, -24, -10]
[-22, 49, -12, -31] [12, -12, 38, -35] [13, 39, 3, -123] [0, 0, 0, 0] [53, -112, 22, 14] [22, -7, 1, 9] [12, 16, 26, -9]
[5, -40, 15, 9] [7, -10, -17, -32] [-17, -18, -42, -50] [51, 2, -139, 32] [10, -3, -40, 71] [11, 13, -11, 7] [-17, -74, -15, 39]
[25, 32, 5, -3] [-28, 12, -9, 0] [32, -3, 20, -7] [-4, -4, -20, 1] [-4, -12, -37, -18] [3, -17, -20, 5] [41, 15, 16, -5]
[-22, 1, 25, -13] [-2, -12, -52, -20] [-2, -1, 32, 19] [-24, 18, -58, -23] [44, 8, -12, 33] [36, -12, -29, 34] [13, -5, 24, -3]
Food (up, right, down, left):
[12, 11, -12, 27] [-19, 28, 2, -29] [7, -16, 1, 11] [-19, 1, 58, 4] [7, -14, 49, -4] [0, -34, -19, -29] [-60, 17, 9, -26]
[-77, 12, -44, 4] [2, -12, -24, 0] [1, 5, 29, 32] [-27, 10, -58, 32] [11, 15, -2, -52] [37, -3, -60, 25] [18, -9, 29, 45]
[-37, 6, 34, -32] [20, 0, -5, 29] [-37, -39, -28, 21] [56, -38, 25, 12] [1, -25, -11, -27] [-4, 18, -44, -30] [68, 34, 25, 17]
[6, 26, -6, 44] [-24, -14, -17, 35] [0, -3, -34, -14] [0, 0, 0, 0] [-14, 56, -51, -6] [13, -26, -46, -22] [-20, 53, -22, -1]
[1, 25, -13, 10] [17, 18, 4, 37] [23, -19, 38, 30] [-11, -53, 37, -9] [-1, 21, 20, -2] [15, 50, 16, 4] [-7, -30, -11, -12]
[7, -35, -19, 8] [16, 12, 11, -36] [19, -1, 26, 28] [-50, -31, 63, -17] [-54, -36, 12, -64] [-37, 78, 35, 27] [-1, 55, 28, 29]
[28, -5, -38, -12] [-10, -12, 26, -73] [36, 23, 1, -10] [-2, 2, -6, -26] [67, 43, 9, -23] [0, 37, 4, 7] [14, -31, 18, -23]
------------------------------
ALIVE
Head: (11 11)
Body: (11 11) (11 10) (10 10) (10 9) (10 8) (10 7) (9 7) (9 6) (9 5) 
Length: 9, 4
Vision: 3
Hungry, suplies: 7/10
Reproductive: 16, mutating: 0.25
Generation: 59207
####################################
Wall (up, right, down, left):
[-12, -11, -8, -6] [4, 3, 6, -13] [-19, -7, -12, -24] [7, 4, 17, 4] [-12, 10, 32, -1] [14, -6, -19, -12] [9, -25, 4, -1]
[-34, -1, 14, -18] [1, 22, -12, 0] [-40, 7, 19, -4] [-45, 17, 31, 16] [23, 28, 3, 7] [-40, -16, 1, -22] [-22, -4, 1, 10]
[-16, 25, 27, 29] [-19, 29, -29, -11] [-4, 3, 51, -2] [-98, 23, 60, 7] [-46, -57, -18, 32] [-19, -27, -9, -1] [-6, -18, -24, -10]
[-22, 49, -12, -31] [12, -12, 38, -35] [13, 39, 3, -123] [0, 0, 0, 0] [53, -112, 22, 14] [22, -7, 1, 9] [12, 16, 26, -9]
[1, -40, 15, 9] [7, -10, -17, -32] [-17, -18, -42, -50] [51, 2, -139, 32] [10, -3, -40, 71] [11, 13, -11, 7] [-21, -74, -15, 39]
[25, 32, 5, -3] [-28, 12, -9, 4] [33, -3, 20, -7] [-4, -4, -20, 1] [-4, -12, -37, -18] [3, -17, -20, 5] [41, 13, 16, -5]
[-22, 1, 25, -13] [-2, -8, -52, -20] [-2, -1, 32, 19] [-24, 18, -58, -23] [44, 8, -12, 33] [36, -12, -29, 34] [13, -10, 24, -3]
Food (up, right, down, left):
[12, 11, -12, 27] [-19, 28, 2, -29] [7, -16, 1, 11] [-19, 1, 58, 4] [7, -14, 49, -4] [0, -34, -19, -29] [-60, 17, 9, -26]
[-77, 12, -44, 4] [2, -12, -24, 0] [1, 9, 29, 32] [-29, 10, -58, 32] [11, 15, -2, -52] [37, -3, -60, 25] [18, -9, 29, 45]
[-37, 6, 34, -32] [20, 0, -5, 29] [-37, -39, -28, 21] [56, -38, 25, 12] [1, -25, -11, -27] [-4, 18, -44, -30] [68, 34, 25, 17]
[6, 26, -6, 44] [-24, -14, -17, 35] [0, -3, -34, -14] [0, 0, 0, 0] [-14, 56, -51, -6] [13, -26, -46, -22] [-20, 53, -22, -1]
[1, 24, -13, 10] [17, 18, 4, 37] [23, -19, 38, 30] [-11, -53, 37, -9] [-1, 21, 20, -2] [15, 50, 16, 4] [-7, -30, -12, -12]
[7, -35, -19, 8] [16, 12, 11, -32] [19, -1, 23, 28] [-50, -31, 63, -17] [-54, -36, 12, -64] [-37, 78, 35, 27] [2, 55, 28, 29]
[28, -5, -38, -12] [-10, -7, 26, -73] [36, 23, 1, -10] [-2, 2, -6, -26] [67, 43, 9, -23] [0, 37, 4, 7] [14, -31, 18, -23]
------------------------------
ALIVE
Head: (21 5)
Body: (21 5) (20 5) (19 5) (19 4) (18 4) (17 4) (17 3) (17 2) (18 2) (18 3) (19 3) (20 3) 
Length: 12, 4
Vision: 3
Hungry, suplies: 8/10
Reproductive: 16, mutating: 0.25
Generation: 59210
####################################
Wall (up, right, down, left):
[-12, -11, -8, -6] [4, 3, 6, -13] [-19, -7, -12, -24] [7, 4, 17, 4] [-12, 10, 32, -1] [14, -6, -19, -12] [9, -25, 4, 0]
[-34, -1, 14, -18] [1, 22, -12, 0] [-40, 7, 19, -4] [-45, 17, 31, 16] [23, 28, 3, 7] [-40, -16, 1, -22] [-22, -4, 1, 10]
[-16, 25, 27, 29] [-19, 29, -29, -11] [-4, 3, 51, -2] [-98, 23, 60, 7] [-46, -57, -18, 32] [-19, -27, -9, -1] [-6, -18, -24, -10]
[-22, 49, -12, -31] [12, -12, 38, -35] [13, 39, 3, -123] [0, 0, 0, 0] [53, -112, 22, 14] [22, -7, 1, 9] [12, 16, 26, -9]
[5, -40, 15, 9] [7, -10, -17, -32] [-17, -18, -42, -50] [51, 2, -139, 32] [10, -3, -40, 71] [11, 13, -11, 7] [-17, -74, -15, 39]
[25, 32, 5, -3] [-28, 12, -9, 4] [32, -3, 20, -7] [-4, -4, -20, 1] [-4, -12, -37, -18] [3, -17, -20, 10] [41, 15, 16, -5]
[-22, 1, 25, -13] [-2, -12, -52, -20] [-2, -1, 32, 19] [-24, 18, -58, -23] [44, 8, -12, 33] [36, -12, -29, 34] [13, -10, 24, -3]
Food (up, right, down, left):
[12, 11, -12, 27] [-19, 28, 2, -29] [7, -16, 1, 11] [-19, 1, 58, 4] [7, -14, 49, -4] [0, -34, -19, -29] [-59, 17, 9, -26]
[-77, 12, -44, 4] [2, -12, -24, 0] [1, 5, 29, 32] [-29, 10, -58, 32] [11, 15, -2, -52] [37, -3, -60, 25] [18, -9, 29, 45]
[-37, 6, 34, -32] [20, 0, -5, 29] [-37, -39, -28, 21] [56, -38, 25, 12] [1, -25, -11, -27] [-4, 18, -44, -30] [68, 34, 25, 17]
[6, 26, -6, 44] [-24, -14, -17, 35] [0, -3, -34, -14] [0, 0, 0, 0] [-14, 56, -51, -6] [13, -26, -46, -22] [-20, 53, -22, -1]
[1, 25, -13, 10] [17, 18, 4, 37] [23, -19, 38, 30] [-11, -53, 37, -9] [-1, 21, 20, -2] [15, 50, 16, 4] [-7, -30, -11, -12]
[7, -35, -19, 8] [16, 12, 11, -32] [19, -1, 26, 28] [-50, -31, 63, -17] [-54, -36, 12, -64] [-32, 78, 35, 27] [-1, 55, 28, 29]
[28, -5, -38, -12] [-10, -12, 26, -73] [36, 23, 1, -10] [-2, 2, -6, -26] [67, 43, 9, -23] [0, 37, 4, 7] [14, -31, 18, -23]
------------------------------
ALIVE
Head: (0 0)
Body: (0 57) (25 56) (24 56) (24 55) (23 55) (22 55) (22 56) (22 0) (21 0) (20 0) (19 0) 
Length: 11, 4
Vision: 3
Hungry, suplies: 4/10
Reproductive: 16, mutating: 0.25
Generation: 59208
####################################
Wall (up, right, down, left):
[-12, -11, -8, -6] [4, 3, 6, -13] [-19, -7, -12, -24] [7, 4, 17, 4] [-12, 10, 32, -1] [14, -6, -19, -12] [9, -25, 4, 0]
[-34, -1, 14, -18] [1, 22, -12, 0] [-40, 7, 19, -4] [-45, 17, 31, 16] [23, 28, 3, 7] [-40, -16, 1, -22] [-22, -4, 1, 10]
[-16, 25, 27, 29] [-19, 29, -29, -11] [-4, 3, 51, -2] [-98, 23, 60, 9] [-46, -57, -18, 32] [-19, -27, -9, -1] [-6, -18, -24, -10]
[-22, 49, -12, -31] [12, -12, 38, -35] [13, 39, 3, -123] [0, 0, 0, 0] [53, -112, 22, 14] [22, -7, 1, 9] [12, 16, 26, -9]
[5, -40, 15, 9] [7, -10, -17, -32] [-17, -18, -42, -50] [51, 2, -139, 32] [10, -3, -40, 71] [11, 13, -11, 7] [-17, -74, -15, 39]
[25, 32, 5, -3] [-28, 12, -9, 4] [32, -3, 20, -7] [-4, -4, -20, 1] [-4, -12, -37, -18] [3, -17, -20, 5] [41, 15, 16, -5]
[-22, 1, 25, -13] [-2, -12, -52, -20] [-2, -1, 32, 19] [-24, 18, -58, -23] [44, 8, -12, 33] [36, -12, -29, 34] [13, -10, 24, -3]
Food (up, right, down, left):
[12, 11, -12, 27] [-19, 28, 2, -29] [7, -16, 1, 11] [-19, 1, 58, 4] [7, -14, 49, -4] [0, -34, -19, -29] [-59, 17, 9, -26]
[-77, 12, -44, 4] [2, -12, -24, 0] [1, 5, 29, 32] [-29, 10, -58, 32] [11, 15, -2, -52] [37, -3, -60, 25] [18, -9, 29, 45]
[-37, 6, 34, -32] [20, 0, -5, 29] [-37, -39, -28, 21] [56, -36, 25, 12] [1, -25, -11, -27] [-4, 18, -44, -30] [68, 34, 25, 17]
[6, 26, -6, 44] [-24, -14, -17, 35] [0, -3, -34, -14] [0, 0, 0, 0] [-14, 56, -51, -6] [13, -26, -46, -22] [-20, 53, -22, -1]
[1, 25, -13, 10] [17, 18, 4, 37] [23, -19, 38, 30] [-11, -53, 37, -9] [-1, 21, 20, -2] [15, 50, 16, 4] [-7, -30, -11, -12]
[7, -35, -19, 8] [16, 12, 11, -32] [19, -1, 26, 28] [-50, -31, 63, -17] [-54, -36, 12, -64] [-37, 78, 35, 27] [-1, 55, 28, 29]
[28, -5, -38, -12] [-10, -12, 26, -73] [36, 23, 1, -10] [-2, 2, -6, -26] [67, 43, 9, -23] [0, 37, 4, 7] [14, -31, 18, -23]
------------------------------
ALIVE
Head: (19 28)
Body: (19 28) (18 28) (17 28) (16 28) (16 29) (17 29) (17 30) (16 30) (15 30) (15 31) 
Length: 10, 4
Vision: 3
Hungry, suplies: 8/10
Reproductive: 16, mutating: 0.25
Generation: 59207
####################################
Wall (up, right, down, left):
[-12, -11, -8, -6] [4, 3, 6, -13] [-19, -7, -12, -24] [7, 4, 17, 4] [-12, 10, 32, -1] [14, -6, -19, -12] [9, -25, 4, 0]
[-34, -1, 14, -18] [1, 22, -12, 0] [-40, 7, 19, -4] [-45, 17, 31, 16] [23, 28, 3, 7] [-40, -16, 1, -22] [-22, -4, 1, 10]
[-16, 25, 27, 29] [-19, 29, -29, -11] [-4, 3, 51, -2] [-98, 23, 60, 7] [-46, -57, -18, 32] [-19, -27, -9, -1] [-6, -18, -24, -10]
[-22, 49, -12, -31] [12, -12, 38, -35] [13, 39, 3, -123] [0, 0, 0, 0] [53, -112, 22, 14] [22, -7, 1, 9] [12, 16, 26, -9]
[5, -40, 15, 9] [7, -10, -17, -32] [-17, -18, -42, -50] [51, 2, -139, 32] [10, -3, -40, 71] [11, 13, -11, 7] [-17, -74, -15, 39]
[25, 32, 5, -3] [-28, 12, -9, 4] [32, -3, 20, -7] [-4, -4, -20, 1] [-4, -12, -37, -18] [3, -17, -20, 10] [41, 15, 16, -5]
[-22, 1, 25, -13] [-2, -12, -52, -20] [-2, -1, 32, 19] [-24, 18, -58, -23] [44, 8, -12, 33] [36, -12, -29, 34] [13, -10, 24, -3]
Food (up, right, down, left):
[12, 11, -12, 27] [-19, 28, 2, -29] [7, -16, 1, 11] [-19, 1, 58, 4] [7, -14, 49, -4] [0, -34, -19, -29] [-59, 17, 9, -26]
[-77, 12, -44, 4] [2, -12, -24, 0] [1, 5, 29, 32] [-29, 10, -58, 32] [11, 15, -2, -52] [37, -3, -60, 25] [18, -9, 29, 45]
[-37, 6, 34, -32] [20, 0, -5, 29] [-37, -39, -28, 21] [56, -38, 25, 12] [1, -25, -11, -27] [-4, 18, -44, -30] [68, 34, 25, 17]
[6, 26, -6, 44] [-24, -14, -17, 35] [0, -3, -34, -14] [0, 0, 0, 0] [-14, 56, -51, -6] [13, -26, -46, -22] [-20, 53, -22, -1]
[1, 25, -13, 10] [17, 18, 4, 37] [23, -19, 38, 30] [-11, -53, 37, -9] [-1, 21, 20, -2] [15, 50, 16, 4] [-7, -30, -11, -12]
[7, -35, -19, 8] [16, 12, 11, -32] [19, -1, 26, 28] [-50, -31, 63, -17] [-54, -36, 12, -64] [-32, 78, 35, 27] [-1, 55, 28, 29]
[28, -5, -38, -12] [-10, -12, 26, -73] [36, 23, 1, -10] [-2, 2, -6, -26] [67, 43, 9, -23] [0, 37, 4, 7] [14, -31, 18, -23]
------------------------------
ALIVE
Head: (19 22)
Body: (19 22) (19 23) (19 24) (20 24) (20 25) (21 25) (22 25) (23 25) (23 24) 
Length: 9, 4
Vision: 3
Hungry, suplies: 6/10
Reproductive: 16, mutating: 0.25
Generation: 59207
####################################
Wall (up, right, down, left):
[-12, -11, -8, -1] [4, 3, 6, -13] [-19, -7, -12, -24] [7, 4, 17, 4] [-12, 10, 32, -1] [14, -6, -19, -12] [9, -25, 4, -1]
[-34, -1, 14, -18] [1, 22, -12, 0] [-40, 7, 19, -4] [-45, 22, 31, 16] [23, 28, 3, 7] [-40, -16, 1, -22] [-22, -4, 1, 10]
[-16, 25, 27, 29] [-19, 29, -29, -11] [-4, 3, 51, -2] [-98, 23, 60, 7] [-46, -57, -18, 32] [-19, -27, -9, -1] [-6, -18, -24, -10]
[-22, 49, -12, -31] [12, -12, 38, -35] [13, 39, 3, -123] [0, 0, 0, 0] [53, -112, 22, 14] [22, -7, 1, 9] [12, 16, 26, -9]
[5, -40, 15, 9] [7, -10, -17, -32] [-17, -18, -42, -50] [51, 2, -139, 32] [10, -3, -40, 71] [11, 13, -11, 7] [-17, -74, -15, 39]
[25, 32, 5, -3] [-28, 12, -9, 0] [32, -3, 20, -7] [-4, -4, -20, 1] [-4, -12, -37, -18] [3, -17, -20, 5] [41, 15, 16, -5]
[-22, 1, 25, -13] [-2, -12, -52, -20] [-2, -1, 32, 19] [-24, 18, -58, -23] [44, 8, -12, 33] [36, -12, -29, 34] [13, -10, 24, -3]
Food (up, right, down, left):
[12, 11, -12, 27] [-19, 28, 2, -29] [7, -16, 1, 11] [-19, 1, 58, 4] [7, -14, 49, -4] [0, -34, -19, -29] [-60, 17, 9, -26]
[-77, 12, -44, 4] [2, -12, -24, 0] [1, 5, 29, 32] [-27, 10, -58, 32] [11, 15, -2, -52] [37, -3, -60, 25] [18, -9, 29, 45]
[-37, 6, 34, -32] [20, 0, -5, 29] [-37, -39, -28, 21] [56, -38, 25, 12] [1, -25, -11, -27] [-4, 18, -44, -30] [68, 34, 25, 17]
[6, 26, -6, 44] [-24, -14, -17, 35] [0, -3, -34, -14] [0, 0, 0, 0] [-14, 56, -51, -6] [13, -26, -46, -22] [-20, 53, -22, -1]
[1, 25, -13, 10] [17, 18, 4, 37] [23, -19, 38, 30] [-11, -53, 37, -9] [-1, 21, 20, -2] [15, 50, 16, 4] [-7, -30, -11, -12]
[7, -35, -19, 8] [16, 12, 11, -36] [19, -1, 26, 28] [-50, -31, 63, -17] [-54, -36, 12, -64] [-37, 78, 35, 27] [-1, 55, 28, 29]
[28, -5, -38, -12] [-10, -12, 26, -73] [36, 23, 1, -10] [-2, 2, -6, -26] [67, 43, 9, -23] [0, 37, 4, 7] [14, -31, 18, -23]
------------------------------
ALIVE
Head: (19 31)
Body: (19 31) (20 31) (21 31) (22 31) (23 31) (23 32) (24 32) (0 32) (0 31) (25 30) (24 30) (23 30) (22 30) 
Length: 13, 4
Vision: 3
Hungry, suplies: 4/10
Reproductive: 16, mutating: 0.25
Generation: 59207
####################################
Wall (up, right, down, left):
[-12, -11, -8, -6] [4, 3, 6, -13] [-19, -7, -12, -24] [7, 4, 17, 4] [-12, 10, 32, -1] [14, -6, -19, -12] [9, -25, 4, -1]
[-34, -1, 14, -18] [1, 22, -12, 0] [-40, 7, 19, -4] [-45, 17, 31, 16] [23, 28, 3, 7] [-40, -16, 1, -22] [-22, -4, 1, 10]
[-16, 25, 27, 29] [-19, 29, -29, -11] [-4, 3, 51, -2] [-98, 23, 60, 7] [-46, -57, -18, 32] [-19, -27, -9, -1] [-6, -18, -24, -10]
[-22, 49, -12, -31] [12, -12, 38, -35] [13, 39, 3, -123] [0, 0, 0, 0] [53, -112, 22, 14] [22, -7, 1, 9] [12, 16, 26, -9]
[5, -40, 15, 9] [7, -10, -17, -32] [-17, -18, -42, -50] [51, 2, -139, 32] [10, -3, -40, 71] [11, 13, -11, 7] [-17, -74, -15, 39]
[25, 32, 5, -3] [-28, 12, -9, 4] [33, -3, 20, -7] [-4, -4, -20, 1] [-4, -12, -37, -18] [3, -17, -20, 5] [41, 13, 16, -5]
[-22, 1, 25, -13] [-2, -8, -52, -20] [-2, -1, 32, 19] [-24, 18, -58, -23] [44, 8, -12, 33] [36, -12, -29, 34] [13, -10, 24, -3]
Food (up, right, down, left):
[12, 11, -12, 27] [-19, 28, 2, -29] [7, -16, 1, 11] [-19, 1, 58, 4] [7, -14, 49, -4] [0, -34, -19, -29] [-60, 17, 9, -26]
[-77, 12, -44, 4] [2, -12, -24, 0] [1, 5, 29, 32] [-29, 10, -58, 32] [11, 15, -2, -52] [37, -3, -60, 25] [18, -9, 29, 45]
[-37, 6, 34, -32] [20, 0, -5, 29] [-37, -39, -28, 21] [56, -38, 25, 12] [1, -25, -11, -27] [-4, 18, -44, -30] [68, 34, 25, 17]
[6, 26, -6, 44] [-24, -14, -17, 35] [0, -3, -34, -14] [0, 0, 0, 0] [-14, 56, -51, -6] [13, -26, -46, -22] [-20, 53, -22, -1]
[1, 25, -13, 10] [17, 18, 4, 37] [23, -19, 38, 30] [-11, -53, 37, -9] [-1, 21, 20, -2] [15, 50, 16, 4] [-7, -30, -11, -12]
[7, -35, -19, 8] [16, 12, 11, -32] [19, -1, 23, 28] [-50, -31, 63, -17] [-54, -36, 12, -64] [-37, 78, 35, 27] [2, 55, 28, 29]
[28, -5, -38, -12] [-10, -7, 26, -73] [36, 23, 1, -10] [-2, 2, -6, -26] [67, 43, 9, -23] [0, 37, 4, 7] [14, -31, 18, -23]
------------------------------
ALIVE
Head: (3 39)
Body: (3 39) (4 39) (5 39) (6 39) (6 40) (5 40) (5 41) (6 41) (7 41) 
Length: 9, 4
Vision: 3
Hungry, suplies: 10/10
Reproductive: 16, mutating: 0.25
Generation: 59208
####################################
Wall (up, right, down, left):
[-12, -11, -8, -6] [4, 3, 6, -13] [-19, -7, -12, -24] [7, 4, 17, 4] [-12, 10, 32, -1] [14, -6, -19, -12] [9, -25, 4, -1]
[-34, -1, 14, -18] [1, 22, -12, 0] [-40, 7, 19, -4] [-45, 17, 31, 16] [23, 28, 3, 7] [-40, -16, 1, -22] [-22, -4, 1, 10]
[-16, 25, 27, 29] [-19, 29, -29, -11] [-4, 3, 51, -2] [-98, 23, 60, 7] [-46, -57, -18, 32] [-19, -27, -9, -1] [-6, -18, -24, -10]
[-22, 49, -12, -31] [12, -12, 38, -35] [13, 39, 3, -123] [0, 0, 0, 0] [53, -112, 22, 14] [22, -7, 1, 9] [12, 16, 26, -9]
[1, -40, 15, 9] [7, -10, -17, -32] [-17, -18, -42, -50] [51, 2, -139, 32] [10, -3, -40, 71] [11, 13, -11, 7] [-21, -74, -15, 39]
[25, 32, 5, -3] [-28, 12, -9, 4] [33, -3, 20, -7] [-4, -4, -20, 1] [-4, -12, -37, -18] [3, -17, -20, 5] [41, 13, 16, -5]
[-22, 1, 25, -13] [-2, -8, -52, -20] [-2, -1, 32, 19] [-24, 18, -58, -23] [44, 8, -12, 33] [36, -12, -29, 34] [13, -10, 24, -3]
Food (up, right, down, left):
[12, 11, -12, 27] [-19, 28, 2, -29] [7, -16, 1, 11] [-19, 1, 58, 4] [7, -14, 49, -4] [0, -34, -19, -29] [-60, 17, 9, -26]
[-77, 12, -44, 4] [2, -12, -24, 0] [1, 9, 29, 32] [-29, 10, -58, 32] [11, 15, -2, -52] [37, -3, -60, 25] [18, -9, 29, 45]
[-37, 6, 34, -32] [20, 0, -5, 29] [-37, -39, -28, 21] [56, -38, 25, 12] [1, -25, -11, -27] [-4, 18, -44, -30] [68, 34, 25, 17]
[6, 26, -6, 44] [-24, -14, -17, 35] [0, -3, -34, -14] [0, 0, 0, 0] [-14, 56, -51, -6] [13, -26, -46, -22] [-20, 53, -22, -1]
[1, 24, -13, 10] [17, 18, 4, 37] [23, -19, 38, 30] [-11, -53, 37, -9] [-1, 21, 20, -2] [15, 50, 16, 4] [-7, -30, -12, -12]
[7, -35, -19, 8] [16, 12, 11, -32] [19, -1, 23, 28] [-50, -31, 63, -17] [-54, -36, 12, -64] [-37, 78, 35, 27] [2, 55, 28, 29]
[28, -5, -38, -12] [-10, -7, 26, -73] [36, 23, 1, -10] [-2, 2, -6, -26] [67, 43, 9, -23] [0, 37, 4, 7] [14, -31, 18, -23]
------------------------------
ALIVE
Head: (11 35)
Body: (11 35) (10 35) (9 35) (8 35) (7 35) (7 34) (6 34) (5 34) (5 33) (5 32) (4 32) (4 31) (4 30) 
Length: 13, 4
Vision: 3
Hungry, suplies: 10/10
Reproductive: 16, mutating: 0.25
Generation: 59211
####################################
Wall (up, right, down, left):
[-12, -11, -8, -6] [4, 3, 6, -13] [-19, -7, -12, -24] [7, 4, 17, 4] [-12, 10, 32, -1] [14, -6, -19, -12] [9, -25, 4, 0]
[-34, -1, 14, -18] [1, 22, -12, 0] [-40, 7, 19, -4] [-45, 17, 31, 16] [23, 28, 3, 7] [-40, -16, 1, -22] [-22, -4, 1, 10]
[-16, 25, 27, 29] [-19, 29, -29, -11] [-4, 3, 51, -2] [-98, 23, 60, 7] [-46, -57, -18, 32] [-19, -27, -9, -1] [-6, -18, -24, -10]
[-22, 49, -12, -31] [12, -12, 38, -35] [13, 39, 3, -123] [0, 0, 0, 0] [53, -112, 22, 14] [22, -7, 1, 9] [12, 16, 26, -9]
[5, -40, 15, 9] [7, -10, -17, -32] [-17, -18, -42, -50] [51, 2, -139, 32] [10, -3, -40, 71] [11, 13, -11, 7] [-17, -74, -15, 39]
[25, 32, 5, -3] [-28, 12, -9, 4] [32, -3, 20, -7] [-4, -4, -20, 1] [-4, -12, -37, -18] [3, -17, -20, 5] [41, 15, 16, -5]
[-22, 1, 25, -13] [-2, -12, -52, -20] [-2, -1, 32, 19] [-24, 18, -58, -23] [44, 8, -12, 33] [36, -12, -29, 34] [13, -10, 24, -3]
Food (up, right, down, left):
[12, 11, -12, 27] [-19, 28, 2, -29] [7, -16, 1, 11] [-19, 1, 58, 4] [7, -14, 49, -4] [0, -34, -19, -29] [-59, 17, 7, -26]
[-77, 12, -44, 4] [2, -12, -24, 0] [1, 5, 29, 32] [-29, 10, -58, 32] [11, 15, -2, -52] [37, -3, -60, 25] [18, -9, 29, 45]
[-37, 6, 34, -32] [20, 0, -5, 29] [-37, -39, -28, 21] [56, -38, 25, 12] [1, -25, -11, -27] [-4, 18, -44, -30] [68, 34, 25, 17]
[6, 26, -6, 44] [-24, -14, -17, 35] [0, -3, -34, -14] [0, 0, 0, 0] [-14, 56, -51, -6] [13, -26, -46, -22] [-20, 53, -22, -1]
[1, 25, -13, 10] [17, 18, 4, 37] [23, -19, 38, 30] [-11, -53, 37, -9] [-1, 21, 20, -2] [15, 50, 16, 4] [-7, -30, -11, -12]
[7, -35, -19, 8] [16, 12, 11, -32] [19, -1, 26, 28] [-50, -31, 63, -17] [-54, -36, 12, -64] [-37, 78, 35, 27] [-1, 55, 28, 29]
[28, -5, -38, -12] [-10, -12, 26, -73] [36, 23, 1, -10] [-2, 2, -6, -26] [67, 43, 9, -23] [0, 37, 4, 7] [14, -31, 18, -23]
------------------------------
ALIVE
Head: (15 7)
Body: (15 7) (15 6) (15 5) (15 4) (16 4) (16 3) (15 3) (15 2) 
Length: 8, 4
Vision: 3
Hungry, suplies: 8/10
Reproductive: 16, mutating: 0.25
Generation: 59207
####################################
Wall (up, right, down, left):
[-12, -11, -8, -6] [4, 3, 6, -13] [-19, -7, -12, -24] [7, 4, 17, 4] [-12, 10, 32, -1] [14, -6, -19, -12] [9, -25, 4, 0]
[-34, -1, 14, -18] [1, 22, -12, 0] [-40, 7, 19, -4] [-45, 17, 31, 16] [23, 28, 3, 7] [-40, -16, 1, -22] [-22, -4, 1, 10]
[-16, 25, 27, 29] [-19, 29, -29, -11] [-4, 3, 51, -2] [-98, 23, 60, 7] [-46, -57, -18, 32] [-19, -27, -9, -1] [-6, -18, -24, -10]
[-22, 49, -12, -31] [12, -12, 38, -35] [13, 39, 3, -123] [0, 0, 0, 0] [53, -112, 22, 14] [22, -7, 1, 9] [12, 16, 26, -9]
[5, -40, 15, 9] [7, -10, -17, -32] [-17, -18, -42, -50] [51, 2, -139, 32] [10, -3, -40, 71] [15, 13, -11, 7] [-17, -74, -15, 39]
[25, 32, 5, -3] [-28, 12, -9, 4] [32, -3, 20, -7] [-4, -4, -20, 1] [-4, -12, -37, -18] [3, -17, -20, 10] [41, 15, 16, -5]
[-22, 1, 25, -13] [-2, -12, -52, -20] [-2, -1, 32, 19] [-24, 18, -58, -23] [44, 8, -12, 33] [36, -12, -29, 34] [13, -10, 24, -3]
Food (up, right, down, left):
[12, 11, -12, 27] [-19, 28, 2, -29] [7, -16, 1, 11] [-19, 1, 58, 4] [7, -14, 49, -4] [0, -34, -19, -29] [-59, 17, 9, -26]
[-77, 12, -44, 4] [2, -12, -24, 0] [1, 5, 29, 32] [-29, 10, -58, 32] [11, 15, -2, -52] [37, -3, -60, 25] [18, -9, 29, 45]
[-37, 6, 34, -32] [20, 0, -5, 29] [-37, -39, -28, 21] [56, -38, 25, 12] [1, -25, -11, -27] [-4, 18, -44, -30] [68, 34, 25, 17]
[6, 26, -6, 44] [-24, -14, -17, 35] [0, -3, -34, -14] [0, 0, 0, 0] [-14, 56, -51, -6] [13, -26, -46, -22] [-20, 53, -22, -1]
[1, 25, -13, 10] [17, 18, 4, 37] [23, -19, 38, 30] [-11, -53, 37, -9] [-1, 21, 20, -2] [15, 49, 16, 4] [-7, -30, -11, -12]
[7, -35, -19, 8] [16, 12, 11, -32] [19, -1, 26, 28] [-50, -31, 63, -17] [-54, -36, 12, -64] [-32, 78, 35, 27] [-1, 55, 28, 29]
[28, -5, -38, -12] [-10, -12, 26, -73] [36, 23, 1, -10] [-2, 2, -6, -26] [67, 43, 9, -23] [0, 37, 4, 7] [14, -31, 18, -23]
------------------------------
ALIVE
Head: (12 30)
Body: (12 30) (11 30) (11 29) (11 28) (12 28) (12 27) (12 26) (13 26) (13 25) (13 24) (12 24) (11 24) (10 24) 
Length: 13, 4
Vision: 3
Hungry, suplies: 10/10
Reproductive: 16, mutating: 0.25
Generation: 59207
####################################
Wall (up, right, down, left):
[-12, -11, -8, -6] [4, 3, 6, -13] [-19, -7, -12, -24] [7, 4, 17, 4] [-12, 10, 32, -1] [14, -6, -18, -12] [9, -25, 4, 0]
[-34, -1, 14, -18] [1, 22, -12, 0] [-40, 7, 19, -4] [-45, 17, 31, 16] [23, 28, 3, 7] [-40, -16, 1, -22] [-22, -4, 1, 10]
[-16, 25, 27, 29] [-19, 29, -29, -11] [-4, 3, 51, -2] [-98, 23, 60, 7] [-46, -57, -18, 32] [-19, -27, -9, -1] [-6, -18, -24, -10]
[-22, 49, -12, -31] [12, -12, 38, -35] [13, 39, 3, -123] [0, 0, 0, 0] [53, -112, 22, 14] [22, -7, 1, 9] [12, 16, 26, -9]
[5, -40, 15, 9] [7, -10, -17, -32] [-17, -18, -42, -50] [51, 2, -139, 32] [10, -3, -40, 71] [11, 13, -11, 7] [-17, -74, -15, 39]
[25, 32, 5, -3] [-28, 12, -9, 4] [32, -3, 20, -7] [-4, -4, -20, 1] [-4, -12, -37, -18] [3, -17, -20, 10] [41, 15, 16, -5]
[-22, 1, 25, -13] [-2, -12, -52, -20] [-2, -1, 32, 19] [-24, 18, -58, -23] [44, 8, -12, 33] [36, -12, -29, 34] [13, -10, 24, -3]
Food (up, right, down, left):
[12, 11, -12, 27] [-19, 28, 2, -29] [7, -16, 1, 11] [-19, 1, 58, 4] [7, -14, 49, -4] [-3, -34, -19, -29] [-59, 17, 9, -26]
[-77, 12, -44, 4] [2, -12, -24, 0] [1, 5, 29, 32] [-29, 10, -58, 32] [11, 15, -2, -52] [37, -3, -60, 25] [18, -9, 29, 45]
[-37, 6, 34, -32] [20, 0, -5, 29] [-37, -39, -28, 21] [56, -38, 25, 12] [1, -25, -11, -27] [-4, 18, -44, -30] [68, 34, 25, 17]
[6, 26, -6, 44] [-24, -14, -17, 35] [0, -3, -34, -14] [0, 0, 0, 0] [-14, 56, -51, -6] [13, -26, -46, -22] [-20, 53, -22, -1]
[1, 25, -13, 10] [17, 18, 4, 37] [23, -19, 38, 30] [-11, -53, 37, -9] [-1, 21, 20, -2] [15, 50, 16, 4] [-7, -30, -11, -12]
[7, -35, -19, 8] [16, 12, 11, -32] [19, -1, 26, 28] [-50, -31, 63, -17] [-54, -36, 12, -64] [-32, 78, 35, 27] [-1, 55, 28, 29]
[28, -5, -38, -12] [-10, -12, 26, -73] [36, 23, 1, -10] [-2, 2, -6, -26] [67, 43, 9, -23] [0, 37, 4, 7] [14, -31, 18, -23]
------------------------------
ALIVE
Head: (20 12)
Body: (20 12) (19 12) (18 12) (18 13) (17 13) (17 12) (17 11) (16 11) (15 11) (15 12) (14 12) (14 11) (14 10) (15 10) (16 10) 
Length: 15, 4
Vision: 3
Hungry, suplies: 2/10
Reproductive: 16, mutating: 0.25
Generation: 59208
####################################
Wall (up, right, down, left):
[-12, -11, -8, -1] [4, 3, 6, -13] [-19, -7, -12, -24] [7, 4, 17, 4] [-12, 10, 32, -1] [14, -6, -19, -12] [9, -25, 4, -1]
[-34, -1, 14, -18] [1, 22, -12, 0] [-40, 7, 19, -4] [-45, 22, 31, 16] [23, 28, 3, 7] [-40, -16, 1, -22] [-22, -4, 1, 10]
[-16, 25, 27, 29] [-19, 29, -29, -11] [-4, 3, 51, -2] [-98, 23, 60, 7] [-46, -57, -18, 32] [-19, -27, -9, -1] [-6, -18, -24, -10]
[-22, 49, -12, -31] [12, -12, 38, -35] [13, 39, 3, -123] [0, 0, 0, 0] [53, -112, 22, 14] [22, -7, 1, 9] [12, 16, 26, -9]
[5, -40, 15, 9] [7, -10, -17, -32] [-17, -18, -42, -50] [51, 2, -139, 32] [10, -3, -40, 71] [11, 13, -11, 7] [-17, -74, -15, 39]
[25, 32, 5, -3] [-28, 12, -9, 0] [32, -3, 20, -7] [-4, -4, -20, 1] [-4, -12, -37, -18] [3, -17, -20, 5] [41, 15, 16, -5]
[-22, 1, 25, -13] [-2, -12, -52, -20] [-2, -1, 32, 19] [-24, 18, -58, -23] [44, 8, -12, 33] [36, -12, -29, 34] [13, -5, 24, -3]
Food (up, right, down, left):
[12, 11, -12, 27] [-19, 28, 2, -29] [7, -16, 1, 11] [-19, 1, 58, 4] [7, -14, 49, -4] [0, -34, -19, -29] [-60, 17, 9, -26]
[-77, 12, -44, 4] [2, -12, -24, 0] [1, 5, 29, 32] [-27, 10, -58, 32] [11, 15, -2, -52] [37, -3, -60, 25] [18, -9, 29, 45]
[-37, 6, 34, -32] [20, 0, -5, 29] [-37, -39, -28, 21] [56, -38, 25, 12] [1, -25, -11, -27] [-4, 18, -44, -30] [68, 34, 25, 17]
[6, 26, -6, 44] [-24, -14, -17, 35] [0, -3, -34, -14] [0, 0, 0, 0] [-14, 56, -51, -6] [13, -26, -46, -22] [-20, 53, -22, -1]
[1, 25, -13, 10] [17, 18, 4, 37] [23, -19, 38, 30] [-11, -53, 37, -9] [-1, 21, 20, -2] [15, 50, 16, 4] [-7, -30, -11, -12]
[7, -35, -19, 8] [16, 12, 11, -36] [19, -1, 26, 28] [-50, -31, 63, -17] [-54, -36, 12, -64] [-37, 78, 35, 27] [-1, 55, 28, 29]
[28, -5, -38, -12] [-10, -12, 26, -73] [36, 23, 1, -10] [-2, 2, -6, -26] [67, 43, 9, -23] [0, 37, 4, 7] [14, -31, 18, -23]
------------------------------
ALIVE
Head: (9 48)
Body: (9 48) (9 47) (8 47) (7 47) (7 46) (6 46) (5 46) (4 46) (3 46) 
Length: 9, 4
Vision: 3
Hungry, suplies: 8/10
Reproductive: 16, mutating: 0.25
Generation: 59208
####################################
Wall (up, right, down, left):
[-12, -11, -8, -6] [4, 3, 6, -13] [-19, -7, -12, -24] [7, 4, 17, 4] [-12, 10, 32, -1] [14, -6, -19, -12] [9, -25, 4, -1]
[-34, -1, 14, -18] [1, 22, -12, 0] [-40, 7, 19, -4] [-45, 17, 31, 16] [23, 28, 3, 7] [-40, -16, 1, -22] [-22, -4, 1, 10]
[-16, 25, 27, 29] [-19, 29, -29, -11] [-4, 3, 51, -2] [-98, 23, 60, 7] [-46, -57, -18, 32] [-19, -27, -9, -1] [-6, -18, -24, -10]
[-22, 49, -12, -31] [12, -12, 38, -35] [13, 39, 3, -123] [0, 0, 0, 0] [53, -112, 22, 14] [22, -7, 1, 9] [12, 16, 26, -9]
[5, -40, 15, 9] [7, -10, -17, -32] [-17, -18, -42, -50] [51, 2, -139, 32] [10, -3, -40, 71] [11, 13, -11, 7] [-21, -74, -15, 39]
[25, 32, 5, -3] [-28, 12, -9, 4] [33, -3, 20, -7] [-4, -4, -20, 1] [-4, -12, -37, -18] [3, -17, -20, 5] [41, 13, 16, -5]
[-22, 1, 25, -13] [-2, -8, -52, -20] [-2, -1, 32, 19] [-24, 18, -58, -23] [44, 8, -12, 33] [36, -12, -29, 34] [13, -10, 24, -3]
Food (up, right, down, left):
[12, 11, -12, 27] [-19, 28, 2, -29] [7, -16, 1, 11] [-19, 1, 58, 4] [7, -14, 49, -4] [0, -34, -19, -29] [-60, 17, 9, -26]
[-77, 12, -44, 4] [2, -12, -24, 0] [1, 9, 29, 32] [-29, 10, -58, 32] [11, 15, -2, -52] [37, -3, -60, 25] [18, -9, 29, 45]
[-37, 6, 34, -32] [20, 0, -5, 29] [-37, -39, -28, 21] [56, -38, 25, 12] [1, -25, -11, -27] [-4, 18, -44, -30] [68, 34, 25, 17]
[6, 26, -6, 44] [-24, -14, -17, 35] [0, -3, -34, -14] [0, 0, 0, 0] [-14, 56, -51, -6] [13, -26, -46, -22] [-20, 53, -22, -1]
[1, 25, -13, 10] [17, 18, 4, 37] [23, -19, 38, 30] [-11, -53, 37, -9] [-1, 21, 20, -2] [15, 50, 16, 4] [-7, -30, -12, -12]
[7, -35, -19, 8] [16, 12, 11, -32] [19, -1, 23, 28] [-50, -31, 63, -17] [-54, -36, 12, -64] [-37, 78, 35, 27] [2, 55, 28, 29]
[28, -5, -38, -12] [-10, -7, 26, -73] [36, 23, 1, -10] [-2, 2, -6, -26] [67, 43, 9, -23] [0, 37, 4, 7] [14, -31, 18, -23]
------------------------------
DEAD: Wall
Head: (12 25)
Body: (12 25) (11 25) (10 25) (9 25) (8 25) (7 25) (6 25) 
Length: 7, 4
Vision: 3
Hungry, suplies: 10/10
Reproductive: 16, mutating: 0.25
Generation: 59209
####################################
Wall (up, right, down, left):
[-12, -11, -8, -6] [4, 3, 6, -13] [-19, -7, -12, -24] [7, 4, 17, 4] [-12, 10, 32, -1] [14, -6, -19, -12] [9, -25, 4, -1]
[-34, -1, 14, -18] [1, 22, -12, 0] [-40, 7, 19, -4] [-45, 17, 31, 16] [23, 28, 3, 7] [-40, -16, 1, -22] [-22, -4, 1, 10]
[-16, 25, 27, 29] [-19, 29, -29, -11] [-4, 3, 51, -2] [-98, 23, 60, 7] [-46, -57, -18, 32] [-19, -27, -9, -1] [-6, -18, -24, -10]
[-22, 49, -12, -31] [12, -12, 38, -35] [13, 39, 3, -123] [0, 0, 0, 0] [53, -112, 22, 14] [22, -7, 1, 9] [12, 16, 26, -9]
[5, -40, 15, 9] [7, -12, -17, -32] [-17, -18, -42, -50] [51, 2, -139, 32] [10, -3, -40, 71] [11, 13, -11, 7] [-17, -74, -15, 39]
[25, 32, 5, -3] [-28, 12, -9, 4] [33, -3, 20, -7] [-4, -4, -20, 1] [-4, -12, -37, -18] [3, -17, -20, 5] [41, 15, 16, -5]
[-22, 1, 25, -13] [-2, -12, -52, -20] [-2, -1, 32, 19] [-24, 18, -58, -23] [44, 8, -12, 33] [36, -12, -29, 34] [13, -10, 24, -3]
Food (up, right, down, left):
[12, 11, -12, 27] [-19, 28, 2, -29] [7, -16, 1, 11] [-19, 1, 58, 4] [7, -14, 49, -4] [0, -34, -19, -29] [-60, 17, 9, -26]
[-77, 12, -44, 4] [2, -12, -24, 0] [1, 5, 29, 32] [-29, 10, -58, 32] [11, 15, -2, -52] [37, -3, -60, 25] [18, -9, 29, 45]
[-37, 6, 34, -32] [20, 0, -5, 29] [-37, -39, -28, 21] [56, -38, 25, 12] [1, -25, -11, -27] [-4, 18, -44, -30] [68, 34, 25, 17]
[6, 26, -6, 44] [-24, -14, -17, 35] [0, -3, -34, -14] [0, 0, 0, 0] [-14, 56, -51, -6] [13, -26, -46, -22] [-20, 53, -22, -1]
[1, 25, -13, 10] [17, 21, 4, 37] [23, -19, 38, 30] [-11, -53, 37, -9] [-1, 21, 20, -2] [15, 50, 16, 4] [-7, -30, -11, -12]
[7, -35, -19, 8] [16, 12, 11, -32] [19, -1, 23, 28] [-50, -31, 63, -17] [-54, -36, 12, -64] [-37, 78, 35, 27] [-1, 55, 28, 29]
[28, -5, -38, -12] [-10, -12, 26, -73] [36, 23, 1, -10] [-2, 2, -6, -26] [67, 43, 9, -23] [0, 37, 4, 7] [14, -31, 18, -23]
------------------------------
ALIVE
Head: (11 0)
Body: (11 0) (11 1) (12 1) (12 2) (12 3) (12 4) (11 4) (10 4) (10 5) (11 5) (11 6) 
Length: 11, 4
Vision: 3
Hungry, suplies: 5/10
Reproductive: 16, mutating: 0.25
Generation: 59205
####################################
Wall (up, right, down, left):
[-12, -11, -8, -6] [4, 3, 6, -13] [-19, -7, -12, -24] [7, 4, 17, 4] [-12, 10, 32, -1] [14, -6, -19, -12] [9, -25, 4, -1]
[-34, -1, 14, -18] [1, 22, -12, 0] [-40, 7, 19, -4] [-45, 17, 31, 16] [23, 28, 3, 7] [-40, -16, 1, -22] [-22, -4, 1, 10]
[-16, 25, 27, 29] [-19, 29, -29, -11] [-4, 3, 51, -2] [-98, 23, 60, 7] [-46, -57, -18, 32] [-19, -27, -9, -1] [-6, -18, -24, -10]
[-22, 49, -12, -31] [12, -12, 38, -35] [13, 39, 3, -123] [0, 0, 0, 0] [53, -112, 22, 14] [22, -7, 1, 9] [12, 16, 26, -9]
[5, -40, 15, 9] [4, -10, -17, -32] [-17, -18, -42, -50] [51, 2, -139, 32] [10, -3, -40, 71] [11, 16, -11, 7] [-17, -74, -15, 39]
[25, 32, 5, 2] [-28, 12, -9, 4] [33, -3, 20, -7] [-4, -4, -20, 1] [-4, -12, -37, -18] [3, -17, -20, 5] [41, 15, 16, -5]
[-22, 1, 25, -13] [-2, -8, -52, -20] [-2, -1, 32, 19] [-24, 18, -58, -23] [44, 8, -12, 33] [36, -12, -29, 34] [13, -10, 24, -3]
Food (up, right, down, left):
[12, 11, -12, 27] [-19, 28, 2, -29] [7, -16, 1, 11] [-19, 1, 58, 4] [7, -14, 49, -4] [0, -34, -19, -29] [-60, 17, 9, -26]
[-77, 12, -44, 4] [2, -12, -24, 0] [1, 5, 29, 32] [-29, 10, -58, 32] [11, 15, -2, -52] [37, -3, -60, 25] [18, -9, 29, 45]
[-37, 6, 34, -32] [20, 0, -5, 29] [-37, -39, -28, 21] [56, -38, 25, 12] [1, -25, -11, -27] [-4, 18, -44, -30] [68, 34, 25, 17]
[6, 26, -6, 44] [-24, -14, -17, 35] [0, -3, -34, -14] [0, 0, 0, 0] [-14, 56, -51, -6] [13, -26, -46, -22] [-20, 53, -22, -1]
[1, 25, -13, 10] [17, 16, 4, 37] [23, -19, 38, 30] [-11, -53, 37, -9] [-1, 21, 20, -2] [20, 50, 16, 4] [-7, -30, -11, -12]
[7, -35, -19, 10] [16, 12, 11, -32] [19, -1, 23, 28] [-50, -31, 63, -17] [-54, -36, 12, -64] [-37, 78, 35, 27] [-1, 55, 28, 29]
[28, -5, -38, -12] [-10, -7, 26, -73] [36, 23, 1, -10] [-2, 2, -6, -26] [67, 43, 9, -23] [0, 37, 4, 7] [14, -31, 18, -23]
------------------------------
ALIVE
Head: (8 11)
Body: (8 11) (9 11) (9 10) (8 10) (8 9) (8 8) (8 7) (8 6) (7 6) 
Length: 9, 4
Vision: 3
Hungry, suplies: 2/10
Reproductive: 16, mutating: 0.25
Generation: 59210
####################################
Wall (up, right, down, left):
[-12, -11, -8, -6] [4, 3, 6, -13] [-19, -7, -12, -24] [7, 4, 17, 4] [-12, 10, 32, -1] [14, -6, -19, -12] [9, -25, 4, -1]
[-34, -1, 14, -18] [1, 22, -12, 0] [-40, 7, 19, -4] [-45, 17, 31, 16] [23, 28, 3, 7] [-40, -16, 1, -22] [-22, -4, 1, 10]
[-16, 25, 27, 29] [-19, 29, -29, -11] [-4, 3, 51, -2] [-98, 23, 60, 7] [-46, -57, -18, 32] [-19, -27, -9, -1] [-6, -18, -24, -10]
[-22, 49, -12, -31] [12, -12, 38, -35] [13, 39, 3, -123] [0, 0, 0, 0] [53, -112, 22, 14] [22, -7, 1, 9] [12, 16, 26, -9]
[5, -40, 15, 9] [7, -10, -17, -32] [-17, -18, -42, -50] [51, 2, -139, 32] [10, -3, -40, 71] [11, 13, -11, 7] [-17, -74, -15, 39]
[25, 32, 5, -3] [-28, 12, -9, 4] [33, -3, 20, -7] [-4, -4, -20, 1] [-4, -12, -37, -18] [3, -17, -20, 5] [41, 15, 16, -5]
[-22, 1, 25, -13] [-2, -8, -52, -20] [-2, -1, 32, 19] [-24, 18, -58, -23] [44, 8, -12, 33] [36, -12, -29, 34] [13, -10, 24, -3]
Food (up, right, down, left):
[12, 11, -12, 27] [-19, 28, 2, -29] [7, -16, 1, 11] [-19, 1, 58, 4] [7, -14, 49, -4] [0, -34, -19, -29] [-60, 17, 9, -26]
[-77, 12, -44, 4] [2, -12, -24, 0] [1, 5, 29, 32] [-29, 10, -58, 32] [11, 15, -2, -52] [37, -3, -60, 25] [18, -9, 29, 45]
[-37, 6, 34, -32] [20, 0, -5, 29] [-37, -39, -28, 21] [56, -38, 25, 12] [1, -25, -11, -27] [-4, 18, -44, -30] [68, 34, 25, 17]
[6, 26, -6, 44] [-24, -14, -17, 35] [0, -3, -34, -14] [0, 0, 0, 0] [-14, 56, -51, -6] [13, -26, -46, -22] [-20, 53, -22, -1]
[1, 25, -13, 10] [17, 18, 4, 37] [23, -19, 38, 30] [-11, -53, 37, -9] [-1, 21, 20, -2] [15, 50, 16, 4] [-7, -30, -11, -12]
[7, -35, -19, 8] [16, 12, 11, -32] [19, -1, 23, 28] [-50, -31, 63, -17] [-54, -36, 12, -64] [-37, 78, 35, 27] [-1, 55, 28, 29]
[28, -5, -38, -12] [-10, -7, 26, -73] [36, 23, 1, -10] [-2, 2, -6, -26] [67, 43, 9, -23] [0, 37, 4, 7] [14, -31, 18, -23]
------------------------------
ALIVE
Head: (23 42)
Body: (23 42) (23 41) (23 40) (-1 40) (0 40) (1 40) (1 41) (1 42) (2 42) (2 43) (2 44) (1 44) 
Length: 12, 4
Vision: 3
Hungry, suplies: 2/10
Reproductive: 16, mutating: 0.25
Generation: 59206
####################################
Wall (up, right, down, left):
[-12, -11, -8, -6] [4, 3, 6, -13] [-19, -7, -12, -24] [7, 4, 17, 4] [-12, 10, 32, -1] [14, -6, -19, -12] [9, -25, 4, -1]
[-34, -1, 14, -18] [1, 22, -12, 0] [-40, 7, 19, -4] [-45, 17, 31, 16] [23, 28, 3, 7] [-40, -16, 1, -22] [-22, -4, 1, 10]
[-16, 25, 27, 29] [-19, 29, -29, -11] [-4, 3, 51, -2] [-98, 23, 60, 7] [-46, -57, -18, 32] [-19, -27, -9, -1] [-6, -18, -24, -10]
[-22, 49, -12, -31] [12, -12, 38, -35] [13, 39, 3, -123] [0, 0, 0, 0] [53, -112, 22, 14] [22, -7, 1, 9] [12, 16, 26, -9]
[1, -40, 15, 9] [7, -10, -17, -32] [-17, -18, -42, -50] [51, 2, -139, 32] [10, -3, -40, 71] [11, 13, -11, 7] [-21, -74, -15, 39]
[25, 32, 5, -3] [-28, 12, -9, 4] [33, -3, 20, -7] [-4, -4, -20, 1] [-4, -12, -37, -18] [3, -17, -20, 5] [41, 13, 16, -5]
[-22, 1, 25, -13] [-2, -8, -52, -20] [-2, -1, 32, 19] [-24, 18, -58, -23] [44, 8, -12, 33] [36, -12, -29, 34] [13, -10, 24, -3]
Food (up, right, down, left):
[12, 11, -12, 27] [-19, 28, 2, -29] [7, -16, 1, 11] [-19, 1, 58, 4] [7, -14, 49, -4] [0, -34, -19, -29] [-60, 17, 9, -26]
[-77, 12, -44, 4] [2, -12, -24, 0] [1, 9, 29, 32] [-29, 10, -58, 32] [11, 15, -2, -52] [37, -3, -60, 25] [18, -9, 29, 45]
[-37, 6, 34, -32] [20, 0, -5, 29] [-37, -39, -28, 21] [56, -38, 25, 12] [1, -25, -11, -27] [-4, 18, -44, -30] [68, 34, 25, 17]
[6, 26, -6, 44] [-24, -14, -17, 35] [0, -3, -34, -14] [0, 0, 0, 0] [-14, 56, -51, -6] [13, -26, -46, -22] [-20, 53, -22, -1]
[1, 24, -13, 10] [17, 18, 4, 37] [23, -19, 38, 30] [-11, -53, 37, -9] [-1, 21, 20, -2] [15, 50, 16, 4] [-7, -30, -12, -12]
[7, -35, -19, 8] [16, 12, 11, -32] [19, -1, 23, 28] [-50, -31, 63, -17] [-54, -36, 12, -64] [-37, 78, 35, 27] [2, 55, 28, 29]
[28, -5, -38, -12] [-10, -7, 26, -73] [36, 23, 1, -10] [-2, 2, -6, -26] [67, 43, 9, -23] [0, 37, 4, 7] [14, -31, 18, -23]
------------------------------
ALIVE
Head: (21 7)
Body: (21 7) (22 7) (22 8) (21 8) (20 8) (20 9) (19 9) (19 10) (20 10) (20 11) 
Length: 10, 4
Vision: 3
Hungry, suplies: 10/10
Reproductive: 16, mutating: 0.25
Generation: 59211
####################################
Wall (up, right, down, left):
[-12, -11, -8, -6] [4, 3, 6, -13] [-19, -7, -12, -24] [7, 4, 17, 4] [-12, 10, 32, -1] [14, -6, -19, -12] [9, -25, 4, 0]
[-34, -1, 14, -18] [1, 22, -12, 0] [-40, 7, 19, -4] [-45, 17, 31, 16] [23, 28, 3, 7] [-40, -16, 1, -19] [-22, -4, 1, 10]
[-16, 25, 27, 29] [-19, 29, -29, -11] [-4, 3, 51, -2] [-98, 23, 60, 7] [-46, -57, -18, 32] [-19, -27, -9, -1] [-6, -18, -24, -10]
[-22, 49, -12, -31] [12, -12, 38, -35] [13, 39, 3, -123] [0, 0, 0, 0] [53, -112, 22, 14] [22, -7, 1, 9] [12, 16, 26, -9]
[5, -40, 15, 9] [7, -10, -17, -32] [-17, -18, -42, -50] [51, 2, -139, 32] [10, -3, -40, 71] [11, 13, -11, 7] [-17, -74, -15, 39]
[25, 32, 5, -3] [-28, 12, -9, 4] [32, -3, 20, -7] [-4, -4, -20, 1] [-4, -12, -37, -18] [3, -17, -20, 5] [41, 15, 16, -5]
[-22, 1, 25, -13] [-2, -12, -52, -20] [-2, -1, 32, 19] [-24, 18, -58, -23] [44, 8, -12, 33] [36, -12, -29, 34] [13, -10, 24, -3]
Food (up, right, down, left):
[12, 11, -12, 27] [-19, 28, 2, -29] [7, -16, 1, 11] [-19, 1, 58, 4] [7, -14, 49, -4] [0, -34, -19, -29] [-59, 17, 9, -26]
[-77, 12, -44, 4] [2, -12, -24, 0] [1, 5, 29, 32] [-29, 10, -58, 32] [11, 15, -2, -52] [37, -3, -60, 26] [18, -9, 29, 45]
[-37, 6, 34, -32] [20, 0, -5, 29] [-37, -39, -28, 21] [56, -38, 25, 12] [1, -25, -11, -27] [-4, 18, -44, -30] [68, 34, 25, 17]
[6, 26, -6, 44] [-24, -14, -17, 35] [0, -3, -34, -14] [0, 0, 0, 0] [-14, 56, -51, -6] [13, -26, -46, -22] [-20, 53, -22, -1]
[1, 25, -13, 10] [17, 18, 4, 37] [23, -19, 38, 30] [-11, -53, 37, -9] [-1, 21, 20, -2] [15, 50, 16, 4] [-7, -30, -11, -12]
[7, -35, -19, 8] [16, 12, 11, -32] [19, -1, 26, 28] [-50, -31, 63, -17] [-54, -36, 12, -64] [-37, 78, 35, 27] [-1, 55, 28, 29]
[28, -5, -38, -12] [-10, -12, 26, -73] [36, 23, 1, -10] [-2, 2, -6, -26] [67, 43, 9, -23] [0, 37, 4, 7] [14, -31, 18, -23]
------------------------------
ALIVE
Head: (24 35)
Body: (-1 35) (0 35) (0 36) (0 37) (0 38) (1 38) (1 37) (2 37) (3 37) 
Length: 9, 4
Vision: 3
Hungry, suplies: 8/10
Reproductive: 16, mutating: 0.25
Generation: 59207
####################################
Wall (up, right, down, left):
[-12, -11, -8, -6] [4, 3, 6, -13] [-19, -7, -12, -24] [7, 4, 17, 4] [-12, 10, 32, -1] [14, -6, -19, -12] [9, -25, 4, -1]
[-34, -1, 14, -18] [1, 22, -12, 0] [-40, 7, 19, -4] [-45, 17, 31, 16] [23, 28, 3, 7] [-40, -16, 1, -22] [-22, -4, 1, 10]
[-16, 25, 27, 29] [-19, 29, -29, -11] [-4, 3, 51, -2] [-98, 23, 60, 7] [-46, -57, -18, 32] [-19, -27, -9, -1] [-6, -18, -24, -10]
[-22, 49, -12, -31] [12, -12, 38, -35] [13, 39, 3, -123] [0, 0, 0, 0] [53, -112, 22, 14] [22, -7, 1, 9] [12, 16, 26, -9]
[5, -40, 15, 9] [7, -12, -17, -32] [-17, -18, -42, -50] [51, 2, -139, 32] [10, -3, -40, 71] [11, 13, -11, 7] [-17, -74, -15, 39]
[25, 32, 5, -3] [-28, 12, -9, 4] [33, -3, 20, -7] [-4, -4, -20, 1] [-4, -12, -37, -18] [3, -17, -20, 5] [41, 15, 16, -5]
[-22, 1, 25, -13] [-2, -12, -52, -20] [-3, -1, 32, 19] [-24, 18, -58, -23] [44, 8, -12, 33] [36, -12, -29, 34] [13, -10, 24, -3]
Food (up, right, down, left):
[12, 11, -12, 27] [-19, 28, 2, -29] [7, -16, 1, 11] [-19, 1, 58, 4] [7, -14, 49, -4] [0, -34, -19, -29] [-60, 17, 9, -26]
[-77, 12, -44, 4] [2, -12, -24, 0] [1, 5, 29, 32] [-29, 10, -58, 32] [11, 15, -2, -52] [37, -3, -60, 25] [18, -9, 29, 45]
[-37, 6, 34, -32] [20, 0, -5, 29] [-37, -39, -28, 21] [56, -38, 25, 12] [1, -25, -11, -27] [-4, 18, -44, -30] [68, 34, 25, 17]
[6, 26, -6, 44] [-24, -14, -17, 35] [0, -3, -34, -14] [0, 0, 0, 0] [-14, 56, -51, -6] [13, -26, -46, -22] [-20, 53, -22, -1]
[1, 25, -13, 10] [17, 21, 4, 37] [23, -19, 38, 30] [-11, -53, 37, -9] [-1, 21, 20, -2] [15, 50, 16, 4] [-7, -30, -11, -12]
[7, -35, -19, 8] [16, 12, 11, -32] [19, -1, 23, 28] [-50, -31, 63, -17] [-54, -36, 12, -64] [-37, 78, 35, 27] [-1, 55, 28, 29]
[28, -5, -38, -12] [-10, -12, 26, -73] [37, 23, 1, -10] [-2, 2, -6, -26] [67, 43, 9, -23] [0, 37, 4, 7] [14, -31, 18, -23]
------------------------------
ALIVE
Head: (24 14)
Body: (24 14) (24 15) (24 16) (23 16) (23 15) (22 15) (21 15) (20 15) (19 15) (18 15) (17 15) (16 15) 
Length: 12, 4
Vision: 3
Hungry, suplies: 7/10
Reproductive: 16, mutating: 0.25
Generation: 59203
####################################
Wall (up, right, down, left):
[-12, -11, -8, -6] [4, 3, 6, -13] [-19, -7, -12, -24] [7, 4, 17, 4] [-12, 10, 32, -1] [14, -6, -19, -12] [9, -25, 4, 0]
[-34, -1, 14, -18] [1, 22, -12, 0] [-40, 7, 19, -4] [-45, 17, 31, 16] [23, 28, 3, 7] [-40, -16, 1, -22] [-22, -4, 1, 10]
[-16, 25, 27, 29] [-19, 29, -29, -11] [-4, 3, 51, -2] [-98, 23, 60, 7] [-46, -57, -18, 32] [-19, -27, -9, -1] [-6, -18, -24, -10]
[-22, 49, -12, -31] [12, -12, 38, -35] [13, 39, 3, -123] [0, 0, 0, 0] [53, -112, 22, 14] [22, -7, 1, 9] [12, 16, 26, -9]
[5, -40, 15, 9] [7, -10, -17, -32] [-17, -18, -42, -50] [51, 2, -139, 32] [10, -3, -40, 71] [11, 13, -11, 7] [-17, -74, -15, 39]
[25, 32, 5, -3] [-28, 12, -9, 4] [32, -3, 20, -7] [-4, -4, -20, 1] [-4, -12, -37, -18] [3, -17, -20, 10] [41, 15, 16, -5]
[-22, 1, 25, -13] [-2, -12, -52, -20] [-2, -1, 32, 19] [-24, 18, -58, -23] [44, 8, -12, 33] [36, -12, -29, 34] [13, -10, 24, -3]
Food (up, right, down, left):
[12, 11, -12, 27] [-19, 28, 2, -29] [7, -16, 1, 11] [-19, 1, 58, 4] [7, -14, 49, -4] [0, -34, -19, -29] [-59, 17, 9, -26]
[-77, 12, -44, 4] [2, -12, -24, 0] [1, 5, 29, 32] [-29, 10, -58, 32] [11, 15, -2, -52] [37, -3, -60, 25] [18, -9, 29, 45]
[-37, 6, 34, -32] [20, 0, -5, 29] [-37, -39, -28, 21] [56, -38, 25, 12] [1, -25, -11, -27] [-4, 18, -44, -30] [68, 34, 25, 17]
[6, 26, -6, 44] [-24, -14, -17, 35] [0, -3, -34, -14] [0, 0, 0, 0] [-14, 56, -51, -6] [13, -26, -46, -22] [-20, 53, -22, -1]
[1, 25, -13, 10] [17, 18, 4, 37] [23, -19, 38, 30] [-11, -53, 37, -9] [-1, 21, 20, -2] [15, 50, 16, 4] [-7, -30, -11, -12]
[7, -35, -19, 8] [16, 12, 11, -32] [19, -1, 26, 28] [-50, -31, 63, -17] [-54, -36, 12, -64] [-32, 78, 35, 27] [-1, 55, 28, 29]
[28, -5, -38, -12] [-10, -12, 26, -73] [36, 23, 1, -10] [-2, 2, -6, -26] [67, 43, 9, -23] [0, 37, 4, 7] [14, -31, 18, -23]
------------------------------
ALIVE
Head: (20 40)
Body: (20 40) (20 41) (20 42) (19 42) (19 43) (19 44) (20 44) (20 45) (21 45) (22 45) (22 46) (23 46) 
Length: 12, 4
Vision: 3
Hungry, suplies: 9/10
Reproductive: 16, mutating: 0.25
Generation: 59209
####################################
Wall (up, right, down, left):
[-12, -11, -8, -6] [4, 3, 6, -13] [-19, -7, -12, -24] [7, 4, 17, 4] [-12, 10, 32, -1] [14, -6, -19, -12] [9, -25, 4, -1]
[-34, -1, 14, -18] [1, 22, -12, 0] [-40, 7, 19, -4] [-45, 17, 31, 16] [23, 28, 3, 7] [-40, -16, 1, -22] [-22, -4, 1, 10]
[-16, 25, 27, 29] [-19, 29, -29, -11] [-4, 3, 51, -2] [-98, 23, 60, 7] [-46, -57, -18, 32] [-19, -27, -9, -1] [-6, -18, -24, -10]
[-22, 49, -12, -31] [12, -12, 38, -35] [13, 39, 3, -123] [0, 0, 0, 0] [53, -112, 22, 14] [22, -7, 1, 9] [12, 16, 26, -9]
[5, -40, 15, 9] [7, -10, -17, -32] [-17, -18, -42, -50] [51, 2, -139, 32] [10, -3, -40, 71] [11, 13, -11, 7] [-17, -74, -15, 39]
[25, 32, 5, -3] [-28, 12, -9, 4] [33, -3, 20, -7] [-4, -4, -20, 1] [-4, -12, -37, -18] [3, -17, -20, 5] [41, 13, 16, -5]
[-22, 1, 25, -13] [-2, -8, -52, -20] [-2, -1, 32, 19] [-24, 18, -58, -23] [44, 8, -12, 33] [36, -12, -29, 34] [13, -10, 24, -3]
Food (up, right, down, left):
[12, 11, -12, 27] [-19, 28, 2, -29] [7, -16, 1, 11] [-19, 1, 58, 4] [7, -14, 49, -4] [0, -34, -19, -29] [-60, 17, 9, -26]
[-77, 12, -44, 4] [2, -12, -24, 0] [1, 5, 29, 32] [-29, 10, -58, 32] [11, 15, -2, -52] [37, -3, -60, 25] [18, -9, 29, 45]
[-37, 6, 34, -32] [20, 0, -5, 29] [-37, -39, -28, 21] [56, -38, 25, 12] [1, -25, -11, -27] [-4, 18, -44, -30] [68, 34, 25, 17]
[6, 26, -6, 44] [-24, -14, -17, 35] [0, -3, -34, -14] [0, 0, 0, 0] [-14, 56, -51, -6] [13, -26, -46, -22] [-20, 53, -22, -1]
[1, 25, -13, 10] [17, 18, 4, 37] [23, -19, 38, 30] [-11, -53, 37, -9] [-1, 21, 20, -2] [15, 50, 16, 4] [-7, -30, -11, -12]
[7, -35, -19, 8] [16, 12, 11, -32] [19, -1, 23, 28] [-50, -31, 63, -17] [-54, -36, 12, -64] [-37, 78, 35, 27] [2, 55, 28, 29]
[28, -5, -38, -12] [-10, -7, 26, -73] [36, 23, 1, -10] [-2, 2, -6, -26] [67, 43, 9, -23] [0, 37, 4, 7] [14, -31, 18, -23]
------------------------------
ALIVE
Head: (12 40)
Body: (12 40) (12 39) (13 39) (13 38) (14 38) (14 39) (14 40) (13 40) (13 41) (13 42) (12 42) 
Length: 11, 4
Vision: 3
Hungry, suplies: 10/10
Reproductive: 16, mutating: 0.25
Generation: 59208
####################################
Wall (up, right, down, left):
[-12, -11, -8, -6] [4, 3, 6, -13] [-19, -7, -12, -24] [7, 4, 17, 4] [-12, 10, 32, -1] [14, -6, -19, -12] [9, -25, 4, -1]
[-34, -1, 14, -18] [1, 22, -12, 0] [-40, 7, 19, -4] [-45, 17, 31, 16] [23, 28, 3, 7] [-40, -16, 1, -22] [-22, -4, 1, 10]
[-16, 25, 27, 29] [-19, 29, -29, -11] [-4, 3, 51, -2] [-98, 23, 60, 7] [-46, -57, -18, 32] [-19, -27, -9, -1] [-6, -18, -24, -10]
[-22, 49, -13, -31] [12, -12, 38, -35] [13, 39, 3, -123] [0, 0, 0, 0] [53, -112, 22, 14] [22, -7, 1, 9] [12, 16, 26, -9]
[5, -40, 15, 9] [7, -10, -17, -32] [-17, -18, -42, -50] [51, 2, -139, 32] [10, -3, -40, 71] [11, 13, -11, 7] [-21, -74, -15, 39]
[25, 32, 5, -3] [-28, 12, -9, 4] [33, -3, 20, -7] [-4, -4, -20, 1] [-4, -12, -37, -18] [3, -17, -20, 5] [41, 13, 16, -5]
[-22, 1, 25, -13] [-2, -8, -52, -20] [-2, -1, 32, 19] [-24, 18, -58, -23] [44, 8, -12, 33] [36, -12, -29, 34] [13, -10, 24, -3]
Food (up, right, down, left):
[12, 11, -12, 27] [-19, 28, 2, -29] [7, -16, 1, 11] [-19, 1, 58, 4] [7, -14, 49, -4] [0, -34, -19, -29] [-60, 17, 9, -26]
[-77, 12, -44, 4] [2, -12, -24, 0] [1, 9, 29, 32] [-29, 10, -58, 32] [11, 15, -2, -52] [37, -3, -60, 25] [18, -9, 29, 45]
[-37, 6, 34, -32] [20, 0, -5, 29] [-37, -39, -28, 21] [56, -38, 25, 12] [1, -25, -11, -27] [-4, 18, -44, -30] [68, 34, 25, 17]
[6, 28, -6, 44] [-24, -14, -17, 35] [0, -3, -34, -14] [0, 0, 0, 0] [-14, 56, -51, -6] [13, -26, -46, -22] [-20, 53, -22, -1]
[1, 25, -13, 10] [17, 18, 4, 37] [23, -19, 38, 30] [-11, -53, 37, -9] [-1, 21, 20, -2] [15, 50, 16, 4] [-7, -30, -12, -12]
[7, -35, -19, 8] [16, 12, 11, -32] [19, -1, 23, 28] [-50, -31, 63, -17] [-54, -36, 12, -64] [-37, 78, 35, 27] [2, 55, 28, 29]
[28, -5, -38, -12] [-10, -7, 26, -73] [36, 23, 1, -10] [-2, 2, -6, -26] [67, 43, 9, -23] [0, 37, 4, 7] [14, -31, 18, -23]
------------------------------
ALIVE
Head: (12 19)
Body: (12 19) (12 18) (11 18) (11 19) (11 20) (12 20) (12 21) (12 22) (13 22) 
Length: 9, 4
Vision: 3
Hungry, suplies: 9/10
Reproductive: 16, mutating: 0.25
Generation: 59210
####################################
Wall (up, right, down, left):
[-12, -11, -8, -1] [4, 3, 6, -13] [-19, -7, -12, -24] [7, 4, 17, 4] [-12, 10, 32, -1] [14, -6, -19, -12] [9, -25, 4, -1]
[-34, -1, 14, -18] [1, 22, -12, 0] [-40, 7, 19, -4] [-45, 22, 31, 16] [23, 28, 3, 7] [-40, -16, 1, -22] [-22, -4, 1, 10]
[-16, 25, 27, 29] [-19, 29, -29, -11] [-4, 3, 51, -2] [-98, 23, 60, 7] [-46, -57, -18, 29] [-19, -27, -9, -1] [-6, -18, -24, -10]
[-22, 49, -12, -31] [12, -12, 38, -35] [13, 39, 3, -123] [0, 0, 0, 0] [53, -112, 22, 14] [22, -7, 1, 9] [12, 16, 29, -9]
[5, -40, 15, 9] [7, -10, -17, -32] [-17, -18, -42, -50] [51, 2, -139, 32] [10, -3, -40, 71] [11, 13, -11, 7] [-17, -74, -15, 39]
[25, 32, 5, -3] [-28, 12, -9, 0] [32, -3, 20, -7] [-4, -4, -20, 1] [-4, -12, -37, -18] [3, -17, -20, 5] [41, 15, 16, -5]
[-22, 1, 25, -13] [-2, -12, -52, -20] [-7, -1, 32, 19] [-24, 18, -58, -23] [44, 8, -12, 33] [36, -12, -29, 34] [13, -10, 24, -3]
Food (up, right, down, left):
[12, 11, -12, 27] [-19, 28, 2, -29] [7, -16, 1, 11] [-19, 1, 58, 4] [7, -14, 49, -4] [0, -34, -19, -29] [-60, 17, 9, -26]
[-77, 12, -44, 4] [2, -12, -24, 0] [1, 5, 29, 32] [-27, 10, -58, 32] [11, 15, -2, -52] [37, -3, -60, 25] [18, -9, 29, 45]
[-37, 6, 34, -32] [20, 0, -5, 29] [-37, -39, -28, 21] [56, -38, 25, 12] [1, -25, -11, -22] [-4, 18, -44, -30] [68, 34, 25, 17]
[6, 26, -6, 44] [-24, -14, -17, 35] [0, -3, -34, -14] [0, 0, 0, 0] [-14, 56, -51, -6] [13, -26, -46, -22] [-20, 53, -25, -1]
[1, 25, -13, 10] [17, 18, 4, 37] [23, -19, 38, 30] [-11, -53, 37, -9] [-1, 21, 20, -2] [15, 50, 16, 4] [-7, -30, -11, -12]
[7, -35, -19, 8] [16, 12, 11, -36] [19, -1, 26, 28] [-50, -31, 63, -17] [-54, -36, 12, -64] [-37, 78, 35, 27] [-1, 55, 28, 29]
[28, -5, -38, -12] [-10, -12, 26, -73] [36, 23, 1, -11] [-2, 2, -6, -26] [67, 43, 9, -23] [0, 37, 4, 7] [14, -31, 18, -23]
------------------------------
ALIVE
Head: (24 5)
Body: (-1 5) (0 5) (0 6) (25 7) (24 7) (24 8) (24 9) (-1 10) (0 10) (1 10) 
Length: 10, 4
Vision: 3
Hungry, suplies: 2/10
Reproductive: 16, mutating: 0.25
Generation: 59209
####################################
Wall (up, right, down, left):
[-12, -11, -8, -6] [4, 3, 6, -13] [-19, -7, -12, -24] [7, 4, 17, 4] [-12, 10, 32, -1] [14, -6, -19, -12] [9, -25, 4, 0]
[-34, -1, 14, -18] [1, 22, -12, 0] [-40, 7, 19, -4] [-45, 17, 31, 16] [23, 28, 3, 7] [-40, -16, 1, -22] [-22, -4, 1, 10]
[-16, 25, 27, 29] [-19, 29, -29, -11] [-4, 3, 51, -2] [-98, 23, 60, 9] [-46, -57, -18, 32] [-19, -27, -9, -1] [-6, -18, -24, -10]
[-22, 49, -12, -31] [12, -12, 38, -35] [13, 39, 3, -123] [0, 0, 0, 0] [53, -112, 22, 14] [22, -7, 1, 9] [12, 16, 26, -9]
[5, -40, 15, 9] [7, -10, -17, -32] [-17, -18, -42, -50] [51, 2, -139, 32] [10, -3, -40, 71] [11, 13, -11, 7] [-17, -74, -15, 39]
[25, 32, 5, -3] [-28, 12, -9, 4] [32, -3, 20, -7] [-4, -4, -20, 1] [-4, -12, -37, -18] [3, -17, -20, 5] [41, 15, 16, -5]
[-22, 1, 25, -13] [-2, -12, -52, -20] [-2, -1, 32, 19] [-24, 18, -58, -23] [44, 8, -12, 33] [36, -12, -29, 34] [13, -10, 24, -3]
Food (up, right, down, left):
[12, 11, -12, 27] [-19, 28, 2, -29] [7, -16, 1, 11] [-19, 1, 58, 4] [7, -14, 49, -4] [0, -34, -19, -29] [-59, 17, 9, -26]
[-77, 12, -44, 4] [2, -12, -24, 0] [1, 5, 29, 32] [-29, 10, -58, 32] [11, 15, -2, -52] [37, -3, -60, 25] [18, -9, 29, 45]
[-37, 6, 34, -32] [20, 0, -5, 29] [-37, -39, -28, 21] [56, -36, 25, 12] [1, -25, -11, -27] [-4, 18, -44, -30] [68, 34, 25, 17]
[6, 26, -6, 44] [-24, -14, -17, 35] [0, -3, -34, -14] [0, 0, 0, 0] [-14, 56, -51, -6] [13, -26, -46, -22] [-20, 53, -22, -1]
[1, 25, -13, 10] [17, 18, 4, 37] [23, -19, 40, 30] [-11, -53, 37, -9] [-1, 21, 20, -2] [15, 50, 16, 4] [-7, -30, -11, -12]
[7, -35, -19, 8] [16, 12, 11, -32] [19, -1, 26, 28] [-50, -31, 63, -17] [-54, -36, 12, -64] [-37, 78, 35, 27] [-1, 55, 28, 29]
[28, -5, -38, -12] [-10, -12, 26, -73] [36, 23, 1, -10] [-2, 2, -6, -26] [67, 43, 9, -23] [0, 37, 4, 7] [14, -31, 18, -23]
------------------------------
ALIVE
Head: (4 36)
Body: (4 36) (4 35) (4 34) (4 33) (3 33) (2 33) (1 33) (0 33) (24 33) (23 33) (22 33) 
Length: 11, 4
Vision: 3
Hungry, suplies: 6/10
Reproductive: 16, mutating: 0.25
Generation: 59208
####################################
Wall (up, right, down, left):
[-12, -11, -8, -6] [4, 3, 6, -13] [-19, -7, -12, -24] [7, 4, 17, 4] [-12, 10, 32, -1] [14, -6, -19, -12] [9, -25, 4, 0]
[-34, -1, 14, -18] [1, 22, -12, 0] [-40, 7, 19, -4] [-45, 17, 31, 16] [23, 28, 3, 7] [-40, -16, 1, -22] [-22, -4, 1, 10]
[-16, 25, 27, 29] [-19, 29, -29, -11] [-4, 3, 51, -2] [-98, 23, 60, 7] [-46, -57, -18, 32] [-19, -27, -9, -1] [-6, -18, -24, -10]
[-22, 49, -12, -31] [12, -12, 38, -35] [13, 39, 3, -123] [0, 0, 0, 0] [53, -112, 22, 14] [22, -7, 1, 9] [12, 16, 26, -9]
[5, -40, 15, 9] [7, -10, -17, -32] [-17, -18, -42, -50] [51, 2, -139, 32] [10, -3, -40, 71] [11, 13, -11, 7] [-17, -74, -15, 39]
[25, 32, 5, -3] [-28, 12, -9, 4] [32, -3, 20, -7] [-4, -4, -20, 1] [-4, -12, -37, -18] [3, -17, -20, 10] [41, 15, 16, -5]
[-22, 1, 25, -13] [-2, -12, -52, -20] [-2, -1, 32, 19] [-24, 18, -58, -23] [44, 8, -12, 33] [36, -12, -29, 34] [13, -10, 24, -3]
Food (up, right, down, left):
[12, 11, -12, 27] [-19, 28, 2, -29] [7, -16, 1, 11] [-19, 1, 58, 4] [7, -14, 49, -4] [0, -34, -19, -29] [-59, 17, 9, -26]
[-77, 12, -44, 4] [2, -12, -24, 0] [1, 5, 29, 32] [-29, 10, -58, 32] [11, 15, -2, -52] [37, -3, -60, 25] [18, -9, 29, 45]
[-37, 6, 34, -32] [20, 0, -5, 29] [-37, -39, -28, 21] [56, -38, 25, 12] [1, -25, -11, -27] [-4, 18, -44, -30] [68, 34, 25, 17]
[6, 26, -6, 44] [-24, -14, -17, 35] [0, -3, -34, -14] [0, 0, 0, 0] [-14, 56, -51, -6] [13, -26, -46, -22] [-20, 53, -22, -1]
[1, 25, -13, 10] [17, 18, 4, 37] [23, -19, 38, 30] [-11, -53, 37, -9] [-1, 21, 20, -2] [15, 50, 16, 4] [-7, -30, -11, -12]
[7, -35, -19, 8] [16, 12, 11, -32] [19, -1, 26, 28] [-50, -31, 63, -17] [-54, -36, 12, -64] [-32, 78, 35, 27] [-1, 55, 28, 29]
[28, -5, -38, -12] [-10, -12, 26, -73] [36, 23, 1, -10] [-2, 2, -6, -26] [67, 43, 9, -23] [0, 37, 4, 7] [14, -31, 18, -23]
------------------------------
ALIVE
Head: (5 17)
Body: (5 17) (5 18) (5 19) (5 20) (6 20) (6 21) (6 22) (5 22) 
Length: 8, 4
Vision: 3
Hungry, suplies: 5/10
Reproductive: 16, mutating: 0.25
Generation: 59208
####################################
Wall (up, right, down, left):
[-12, -11, -8, -1] [4, 3, 6, -13] [-19, -7, -12, -24] [7, 4, 17, 4] [-12, 10, 32, -1] [14, -6, -19, -12] [9, -25, 4, -1]
[-34, -1, 14, -18] [1, 22, -12, 0] [-40, 7, 19, -4] [-45, 22, 31, 16] [23, 28, 3, 7] [-40, -16, 1, -22] [-22, -4, 1, 10]
[-16, 25, 27, 29] [-19, 29, -29, -11] [-4, 3, 51, -2] [-98, 23, 60, 7] [-46, -57, -18, 32] [-19, -27, -9, -1] [-6, -18, -24, -10]
[-22, 49, -12, -31] [12, -12, 38, -35] [13, 39, 3, -123] [0, 0, 0, 0] [53, -112, 22, 14] [22, -7, 1, 9] [12, 16, 26, -9]
[5, -40, 15, 9] [7, -10, -17, -32] [-17, -18, -42, -50] [51, 2, -139, 32] [10, -3, -40, 71] [11, 13, -11, 7] [-17, -74, -15, 39]
[25, 32, 5, -3] [-28, 12, -9, 0] [32, -3, 20, -7] [-4, -4, -20, 1] [-4, -12, -37, -18] [3, -17, -20, 5] [41, 15, 16, -5]
[-22, 1, 25, -13] [-2, -12, -52, -20] [-2, -1, 32, 19] [-24, 18, -58, -23] [44, 8, -12, 33] [36, -12, -29, 34] [13, -5, 24, -3]
Food (up, right, down, left):
[12, 11, -12, 27] [-19, 28, 2, -29] [7, -16, 1, 11] [-19, 1, 58, 4] [7, -14, 49, -4] [0, -34, -19, -29] [-60, 17, 9, -26]
[-77, 12, -44, 4] [2, -12, -24, 0] [1, 5, 29, 32] [-27, 10, -58, 32] [11, 15, -2, -52] [37, -3, -60, 25] [18, -9, 29, 45]
[-37, 6, 34, -32] [20, 0, -5, 29] [-37, -39, -28, 21] [56, -38, 25, 12] [1, -25, -11, -27] [-4, 18, -44, -30] [68, 34, 25, 17]
[6, 26, -6, 44] [-24, -14, -17, 35] [0, -3, -34, -14] [0, 0, 0, 0] [-14, 56, -51, -6] [13, -26, -46, -22] [-20, 53, -22, -1]
[1, 25, -13, 10] [17, 18, 4, 37] [23, -19, 38, 30] [-11, -53, 37, -9] [-1, 21, 20, -2] [15, 50, 16, 4] [-7, -30, -11, -12]
[7, -35, -19, 8] [16, 12, 11, -36] [19, -1, 26, 28] [-50, -31, 63, -17] [-54, -36, 12, -64] [-37, 78, 35, 27] [-1, 55, 28, 29]
[28, -5, -38, -12] [-10, -12, 26, -73] [36, 23, 1, -10] [-2, 2, -6, -26] [67, 43, 9, -23] [0, 37, 4, 7] [14, -31, 18, -23]
------------------------------
ALIVE
Head: (2 51)
Body: (2 51) (1 51) (0 51) (0 50) (0 49) (24 49) (24 48) (24 47) (25 47) 
Length: 9, 4
Vision: 3
Hungry, suplies: 9/10
Reproductive: 16, mutating: 0.25
Generation: 59209
####################################
Wall (up, right, down, left):
[-12, -11, -8, -6] [4, 3, 6, -13] [-19, -7, -12, -24] [7, 4, 17, 4] [-12, 10, 32, -1] [14, -6, -19, -12] [9, -25, 4, 0]
[-34, -1, 14, -18] [1, 22, -12, 0] [-40, 7, 19, -4] [-45, 17, 31, 16] [23, 28, 3, 7] [-40, -16, 1, -22] [-22, -4, 1, 10]
[-16, 25, 27, 29] [-19, 29, -29, -11] [-4, 3, 51, -2] [-98, 23, 60, 7] [-46, -57, -18, 32] [-19, -27, -9, -1] [-6, -18, -24, -10]
[-22, 49, -12, -31] [12, -12, 38, -35] [13, 39, 3, -123] [0, 0, 0, 0] [53, -112, 22, 14] [22, -7, 1, 9] [12, 16, 26, -9]
[5, -40, 15, 9] [7, -10, -17, -32] [-17, -18, -42, -50] [51, 2, -139, 32] [10, -3, -40, 71] [11, 13, -11, 7] [-17, -74, -15, 39]
[25, 32, 5, -3] [-28, 12, -9, 4] [32, -3, 20, -7] [-4, -4, -20, 1] [-4, -12, -37, -18] [3, -17, -20, 5] [41, 15, 16, -5]
[-22, 1, 25, -13] [-2, -12, -52, -20] [-2, -1, 32, 19] [-24, 18, -58, -23] [44, 8, -12, 33] [36, -12, -29, 34] [13, -10, 24, -3]
Food (up, right, down, left):
[12, 11, -12, 27] [-19, 28, 2, -29] [7, -16, 1, 11] [-19, 1, 58, 4] [7, -14, 49, -4] [0, -34, -19, -29] [-59, 17, 7, -26]
[-77, 12, -44, 4] [2, -12, -24, 0] [1, 5, 29, 32] [-29, 10, -58, 32] [11, 15, -2, -52] [37, -3, -60, 25] [18, -9, 29, 45]
[-37, 6, 34, -32] [20, 0, -5, 29] [-37, -39, -28, 21] [56, -38, 25, 12] [1, -25, -11, -27] [-4, 18, -44, -30] [68, 34, 25, 17]
[6, 26, -6, 44] [-24, -14, -17, 35] [0, -3, -34, -14] [0, 0, 0, 0] [-14, 56, -51, -6] [13, -26, -46, -22] [-20, 53, -22, -1]
[1, 25, -13, 10] [17, 18, 4, 37] [23, -19, 38, 30] [-11, -53, 37, -9] [-1, 21, 20, -2] [15, 50, 16, 4] [-7, -30, -11, -12]
[7, -35, -19, 8] [16, 12, 11, -32] [19, -1, 26, 28] [-50, -31, 63, -17] [-54, -36, 12, -64] [-37, 78, 35, 27] [-1, 55, 28, 29]
[28, -5, -38, -12] [-10, -12, 26, -73] [36, 23, 1, -10] [-2, 2, -6, -26] [67, 43, 9, -23] [0, 37, 4, 7] [14, -31, 18, -23]
------------------------------
ALIVE
Head: (11 50)
Body: (11 50) (11 51) (11 52) (12 52) (12 53) (12 54) (12 55) (13 55) 
Length: 8, 4
Vision: 3
Hungry, suplies: 8/10
Reproductive: 16, mutating: 0.25
Generation: 59208
####################################
