Wall (up, right, down, left):
[3, 4, 10, -7] [-5, 1, 8, -20] [-30, 6, -6, -25] [-1, -7, 20, 3] [-9, 10, 24, -2] [21, -5, -10, -5] [1, -19, -1, -6]
[-44, -9, 11, -13] [0, 17, -10, -5] [-30, 4, 14, 4] [-35, 13, 22, 19] [35, 23, 1, -13] [-28, -21, -1, -16] [-17, -3, -1, 12]
[4, 0, 28, 27] [-2, 20, -15, -8] [-8, 0, 43, -24] [-91, 18, 63, 7] [-46, -44, -15, 40] [-24, -18, -3, 4] [-25, -22, -22, 2]
[5, 48, -10, -40] [11, 0, 42, -27] [8, 40, 1, -107] [0, 0, 0, 0] [45, -111, 29, 20] [28, -4, -5, 5] [2, 1, 27, 3]
[-4, -34, 9, -3] [18, -6, -23, -16] [-18, -13, -40, -44] [50, 16, -125, 22] [10, -2, -33, 39] [9, 12, -4, 18] [-38, -72, -22, 42]
[25, 28, 1, 3] [-28, 0, -24, 8] [34, -14, 10, 2] [-6, 5, -29, -4] [1, -3, -44, -18] [2, -13, -25, 5] [37, 6, 23, -12]
[-15, -10, 17, -8] [3, -8, -57, -23] [-7, 9, 24, 2] [-21, 18, -51, -14] [31, 7, -15, 23] [45, -12, -39, 27] [-11, -3, 33, 2]
Food (up, right, down, left):
[10, 14, 0, 25] [-9, 24, 6, -28] [20, -30, 21, 16] [-25, -1, 48, 2] [-2, -9, 51, -8] [-10, -22, -17, -17] [-50, 17, 13, -12]
[-77, 10, -45, -5] [-1, -7, -42, 0] [6, 13, 16, 39] [-23, 20, -49, 28] [18, 7, -1, -58] [56, 6, -44, 29] [8, 0, 22, 34]
[-17, 6, 31, -37] [12, -4, -21, 27] [-45, -38, -44, 23] [49, -38, 15, 16] [-12, -13, -10, -23] [8, 24, -48, -31] [58, 27, 7, 11]
[7, 28, -4, 42] [-17, -3, -31, 32] [-6, 2, -36, -14] [0, 0, 0, 0] [-14, 54, -46, -14] [17, -22, -43, -27] [-19, 52, -19, 16]
[5, 6, -8, 17] [11, 17, 4, 35] [25, -8, 40, 24] [-18, -51, 29, -9] [6, 10, 27, -19] [6, 54, 20, 16] [-12, -18, 7, 2]
[7, -29, -9, 12] [8, 7, 17, -28] [18, 10, 18, 28] [-31, -38, 58, -17] [-45, -43, 15, -74] [-29, 69, 21, 23] [2, 43, 7, 34]
[12, -5, -30, -21] [-12, 8, 16, -63] [30, 15, -1, -13] [-12, 1, 4, -31] [54, 31, 7, -20] [26, 34, 11, 2] [6, -18, 19, -16]
------------------------------
ALIVE
Head: (13 15)
Body: (13 15) (13 16) (13 17) (12 17) (12 18) (12 19) (12 20) (12 21) (13 21) (13 22) (12 22) 
Length: 11, 4
Vision: 3
Hungry, suplies: 10/10
Reproductive: 16, mutating: 0.25
Generation: 52770
####################################
Wall (up, right, down, left):
[3, 4, 10, -7] [-5, 1, 8, -20] [-30, 6, -6, -25] [-1, -7, 17, 3] [-9, 10, 24, -2] [21, -5, -10, -5] [1, -19, -1, -6]
[-44, -9, 11, -13] [0, 17, -10, -5] [-30, 4, 14, 4] [-35, 13, 22, 19] [35, 23, 1, -13] [-28, -21, -1, -16] [-17, -3, -1, 12]
[4, 0, 28, 27] [-5, 20, -15, -8] [-8, 0, 43, -24] [-91, 18, 63, 7] [-46, -44, -15, 40] [-24, -18, -3, 4] [-25, -22, -22, 2]
[5, 48, -10, -40] [11, 0, 42, -24] [8, 40, 1, -107] [0, 0, 0, 0] [45, -111, 29, 20] [28, -4, -5, 5] [2, 1, 27, 3]
[-4, -34, 9, -3] [18, -6, -23, -16] [-18, -13, -40, -44] [50, 16, -125, 22] [10, -2, -33, 39] [9, 12, -4, 18] [-38, -72, -22, 42]
[25, 28, 1, 3] [-28, 0, -24, 8] [34, -14, 10, 2] [-6, 5, -29, -4] [1, -3, -44, -18] [2, -13, -25, 5] [37, 6, 23, -12]
[-15, -10, 17, -8] [3, -8, -57, -23] [-7, 9, 24, 2] [-21, 18, -51, -14] [31, 7, -15, 23] [45, -12, -39, 27] [-11, -3, 33, 2]
Food (up, right, down, left):
[10, 14, 0, 25] [-9, 24, 6, -28] [20, -30, 21, 16] [-25, -1, 48, 3] [-2, -9, 51, -8] [-10, -22, -17, -17] [-50, 17, 13, -12]
[-77, 10, -45, -5] [-1, -7, -42, 0] [6, 13, 16, 39] [-23, 20, -49, 28] [18, 7, -1, -58] [56, 6, -44, 29] [8, 0, 22, 34]
[-17, 6, 31, -37] [12, -4, -21, 27] [-45, -38, -44, 23] [49, -38, 15, 16] [-12, -13, -10, -23] [8, 24, -48, -31] [58, 27, 7, 11]
[7, 28, -4, 42] [-17, -3, -28, 32] [-6, 2, -36, -14] [0, 0, 0, 0] [-14, 54, -46, -14] [17, -22, -43, -27] [-19, 52, -19, 16]
[5, 6, -8, 17] [11, 17, 4, 35] [25, -8, 40, 24] [-18, -51, 29, -9] [6, 10, 27, -19] [6, 54, 20, 16] [-12, -18, 7, 2]
[7, -29, -9, 12] [8, 7, 17, -28] [18, 10, 18, 28] [-31, -38, 58, -17] [-45, -43, 15, -74] [-29, 69, 21, 23] [2, 43, 7, 34]
[12, -5, -30, -21] [-12, 8, 16, -63] [30, 15, -1, -13] [-12, 1, 4, -31] [54, 31, 7, -20] [26, 34, 11, 2] [6, -18, 19, -16]
------------------------------
ALIVE
Head: (6 3)
Body: (6 3) (5 3) (5 4) (4 4) (3 4) (2 4) (1 4) (1 3) (1 2) (1 1) 
Length: 10, 4
Vision: 3
Hungry, suplies: 1/10
Reproductive: 16, mutating: 0.25
Generation: 52776
####################################
Wall (up, right, down, left):
[3, 4, 10, -7] [-5, 1, 8, -20] [-30, 6, -6, -25] [-1, -7, 17, 3] [-9, 10, 24, -2] [21, -5, -10, -5] [1, -19, -1, -6]
[-44, -9, 11, -13] [0, 17, -10, -5] [-30, 4, 14, 4] [-35, 13, 22, 19] [35, 23, 1, -13] [-28, -21, -1, -16] [-17, -3, -1, 12]
[4, 0, 28, 27] [-5, 20, -15, -8] [-8, 0, 43, -24] [-91, 18, 63, 7] [-46, -44, -15, 40] [-24, -18, -3, 4] [-25, -22, -22, 2]
[5, 48, -10, -40] [11, 0, 42, -24] [8, 40, 1, -107] [0, 0, 0, 0] [45, -111, 29, 20] [28, -4, -8, 5] [2, 1, 27, 3]
[-4, -34, 9, -3] [18, -6, -23, -16] [-18, -13, -40, -44] [50, 16, -125, 22] [10, -2, -33, 39] [9, 12, 1, 18] [-38, -72, -22, 42]
[25, 28, 1, 3] [-28, 0, -24, 8] [34, -14, 10, 2] [-6, 5, -29, -4] [1, -3, -44, -18] [2, -13, -25, 5] [37, 6, 23, -12]
[-15, -10, 17, -8] [3, -8, -57, -23] [-7, 9, 24, 2] [-21, 18, -51, -14] [31, 7, -15, 23] [45, -12, -39, 27] [-11, -3, 33, 2]
Food (up, right, down, left):
[10, 14, 0, 25] [-9, 24, 6, -28] [20, -30, 21, 16] [-25, -1, 48, 3] [-2, -9, 51, -8] [-10, -22, -17, -17] [-50, 17, 13, -12]
[-77, 10, -45, -5] [-1, -7, -42, 0] [6, 13, 16, 39] [-23, 20, -49, 28] [18, 7, -1, -58] [56, 6, -44, 29] [8, 0, 22, 34]
[-17, 6, 31, -37] [12, -4, -21, 27] [-45, -38, -44, 23] [49, -38, 15, 16] [-12, -13, -10, -23] [8, 24, -48, -31] [58, 27, 7, 11]
[7, 28, -4, 42] [-17, -3, -28, 32] [-6, 2, -36, -14] [0, 0, 0, 0] [-14, 54, -46, -14] [19, -22, -43, -27] [-19, 52, -19, 16]
[5, 6, -8, 17] [11, 17, 4, 35] [25, -8, 40, 24] [-18, -51, 29, -9] [6, 10, 27, -19] [6, 54, 19, 16] [-12, -18, 7, 2]
[7, -29, -9, 12] [8, 7, 17, -28] [18, 10, 18, 28] [-31, -38, 58, -17] [-45, -43, 15, -74] [-29, 69, 21, 23] [2, 43, 7, 34]
[12, -5, -30, -21] [-12, 8, 16, -63] [30, 15, -1, -13] [-12, 1, 4, -31] [54, 31, 7, -20] [26, 34, 11, 2] [6, -18, 19, -16]
------------------------------
ALIVE
Head: (18 8)
Body: (18 8) (19 8) (20 8) (20 7) (20 6) (21 6) (21 5) (21 4) (20 4) (19 4) (18 4) (18 3) 
Length: 12, 4
Vision: 3
Hungry, suplies: 7/10
Reproductive: 16, mutating: 0.25
Generation: 52777
####################################
Wall (up, right, down, left):
[3, 4, 10, -7] [-5, 1, 8, -20] [-30, 6, -6, -25] [-1, -7, 17, 3] [-9, 10, 24, -2] [21, -5, -10, -5] [1, -19, -1, -6]
[-44, -9, 11, -13] [0, 17, -10, -5] [-30, 4, 14, 4] [-35, 13, 22, 19] [35, 23, 1, -13] [-28, -21, -1, -16] [-17, -3, -1, 12]
[4, 0, 28, 27] [-5, 20, -15, -8] [-8, 0, 43, -24] [-91, 18, 63, 7] [-46, -44, -15, 40] [-24, -18, -3, 4] [-25, -22, -22, 2]
[5, 48, -10, -40] [11, 0, 42, -24] [8, 40, 1, -107] [0, 0, 0, 0] [45, -111, 29, 20] [28, -4, -5, 5] [2, 1, 27, 3]
[-4, -34, 9, -3] [18, -6, -23, -16] [-18, -13, -40, -44] [50, 16, -125, 22] [10, -2, -33, 39] [9, 12, 1, 18] [-38, -72, -22, 42]
[25, 28, 1, 3] [-28, 0, -24, 8] [34, -14, 10, 2] [-6, 5, -29, -4] [1, -3, -44, -18] [2, -13, -25, 5] [37, 6, 23, -12]
[-15, -10, 17, -8] [3, -8, -57, -23] [-7, 9, 24, 2] [-21, 18, -51, -14] [31, 7, -15, 23] [45, -12, -39, 27] [-11, -3, 33, 2]
Food (up, right, down, left):
[10, 14, 0, 25] [-9, 24, 6, -28] [20, -30, 21, 16] [-25, -1, 48, 3] [-2, -9, 51, -8] [-10, -22, -17, -17] [-50, 17, 13, -12]
[-77, 10, -45, -5] [-1, -7, -42, 0] [6, 13, 16, 39] [-23, 20, -49, 28] [18, 7, -1, -58] [56, 6, -44, 29] [8, 0, 22, 34]
[-17, 6, 31, -37] [12, -4, -21, 27] [-45, -38, -44, 23] [49, -38, 15, 16] [-12, -13, -10, -23] [8, 24, -48, -31] [58, 27, 7, 11]
[7, 28, -4, 42] [-17, -3, -28, 32] [-6, 2, -36, -14] [0, 0, 0, 0] [-14, 54, -46, -14] [17, -22, -43, -27] [-19, 52, -19, 16]
[5, 6, -8, 17] [11, 17, 4, 35] [25, -8, 40, 24] [-18, -51, 29, -9] [6, 10, 27, -19] [6, 54, 19, 16] [-12, -18, 7, 2]
[7, -29, -9, 12] [8, 7, 17, -28] [18, 10, 18, 28] [-31, -38, 58, -17] [-45, -43, 15, -74] [-29, 69, 21, 23] [2, 43, 7, 34]
[12, -5, -30, -21] [-12, 8, 16, -63] [30, 15, -1, -13] [-12, 1, 4, -31] [54, 31, 7, -20] [26, 34, 11, 2] [6, -18, 19, -16]
------------------------------
ALIVE
Head: (7 56)
Body: (7 56) (7 55) (6 55) (6 54) (5 54) (4 54) (4 55) (3 55) (3 -1) (3 0) (3 1) (3 2) (4 2) 
Length: 13, 4
Vision: 3
Hungry, suplies: 9/10
Reproductive: 16, mutating: 0.25
Generation: 52778
####################################
Wall (up, right, down, left):
[3, 4, 10, -7] [-5, 1, 8, -20] [-30, 6, -6, -25] [-1, -7, 17, 3] [-9, 10, 24, -2] [21, -5, -10, -5] [1, -19, -1, -6]
[-44, -9, 11, -13] [0, 17, -10, -5] [-30, 4, 14, 4] [-35, 13, 22, 19] [35, 23, 1, -13] [-28, -21, -1, -16] [-17, -3, -1, 12]
[4, 0, 28, 27] [-5, 20, -15, -8] [-8, 0, 43, -24] [-91, 18, 63, 7] [-46, -44, -15, 40] [-24, -18, -3, 4] [-25, -22, -22, 2]
[5, 48, -10, -40] [11, 0, 42, -24] [8, 40, 1, -107] [0, 0, 0, 0] [45, -111, 29, 20] [28, -4, -5, 5] [2, 1, 27, 3]
[-4, -34, 9, -3] [18, -6, -23, -16] [-18, -13, -40, -44] [50, 16, -125, 22] [10, -2, -33, 39] [9, 12, -4, 18] [-38, -72, -22, 42]
[25, 28, 1, 3] [-28, 0, -24, 8] [34, -14, 10, 2] [-6, 5, -29, -4] [1, -3, -44, -18] [2, -13, -25, 5] [37, 6, 23, -12]
[-15, -10, 17, -8] [3, -8, -57, -23] [-7, 9, 24, 2] [-21, 18, -51, -14] [31, 7, -15, 23] [45, -12, -39, 27] [-11, -3, 33, 2]
Food (up, right, down, left):
[10, 14, 0, 25] [-9, 24, 6, -28] [20, -30, 21, 16] [-25, -1, 48, 3] [-2, -9, 51, -8] [-10, -22, -17, -17] [-50, 17, 13, -12]
[-77, 10, -45, -5] [-1, -7, -42, 0] [6, 13, 16, 39] [-23, 20, -49, 28] [18, 7, -1, -58] [56, 6, -44, 29] [8, 0, 22, 34]
[-17, 6, 31, -37] [12, -4, -21, 27] [-45, -38, -44, 23] [49, -38, 15, 16] [-12, -13, -10, -23] [8, 24, -48, -31] [58, 27, 7, 11]
[7, 28, -4, 42] [-17, -3, -28, 32] [-6, 2, -36, -14] [0, 0, 0, 0] [-14, 54, -46, -14] [17, -22, -43, -27] [-19, 52, -19, 16]
[5, 6, -8, 17] [11, 17, 4, 35] [25, -8, 40, 24] [-18, -51, 29, -9] [6, 10, 27, -19] [6, 54, 20, 16] [-12, -18, 7, 2]
[7, -29, -9, 12] [8, 7, 17, -28] [18, 10, 18, 28] [-31, -38, 58, -17] [-45, -43, 15, -74] [-29, 69, 21, 23] [2, 43, 7, 34]
[12, -5, -30, -21] [-12, 8, 16, -63] [30, 15, -1, -13] [-12, 1, 4, -31] [54, 31, 7, -20] [26, 34, 11, 2] [6, -18, 19, -16]
------------------------------
ALIVE
Head: (13 8)
Body: (13 8) (14 8) (14 7) (14 6) (13 6) (13 5) (13 4) (13 3) (12 3) (11 3) (11 4) 
Length: 11, 4
Vision: 3
Hungry, suplies: 6/10
Reproductive: 16, mutating: 0.25
Generation: 52778
####################################
Wall (up, right, down, left):
[3, 4, 11, -7] [-5, 1, 8, -20] [-30, 6, -6, -25] [-1, -7, 20, 3] [-9, 10, 24, -2] [21, -5, -10, -5] [1, -19, -1, -6]
[-44, -9, 11, -13] [0, 17, -10, -5] [-30, 4, 14, 4] [-35, 13, 22, 19] [35, 23, 1, -13] [-28, -21, -1, -16] [-17, -3, -1, 12]
[4, 0, 28, 27] [-5, 20, -15, -8] [-8, 0, 43, -24] [-91, 18, 63, 7] [-46, -44, -15, 40] [-24, -18, -3, 4] [-25, -22, -22, 2]
[5, 48, -10, -44] [11, 0, 42, -27] [8, 40, 1, -107] [0, 0, 0, 0] [45, -111, 29, 20] [28, -4, -5, 5] [2, 1, 27, 3]
[-4, -34, 9, -3] [18, -6, -23, -16] [-18, -13, -40, -44] [50, 16, -125, 22] [10, -2, -33, 39] [9, 12, -4, 18] [-38, -72, -22, 42]
[25, 28, 1, 3] [-28, 0, -24, 8] [34, -14, 10, 2] [-6, 5, -29, -4] [1, -3, -44, -18] [2, -13, -25, 5] [37, 6, 23, -12]
[-15, -10, 17, -8] [3, -8, -57, -23] [-7, 9, 24, 2] [-21, 18, -51, -14] [31, 7, -15, 23] [45, -12, -39, 27] [-11, -3, 33, 2]
Food (up, right, down, left):
[10, 14, 0, 24] [-9, 24, 6, -28] [20, -30, 21, 16] [-25, -1, 48, 2] [-2, -9, 51, -8] [-10, -22, -17, -17] [-50, 17, 13, -12]
[-77, 10, -45, -5] [-1, -7, -42, 0] [6, 13, 16, 39] [-23, 20, -49, 28] [18, 7, -1, -58] [56, 6, -44, 29] [8, 0, 22, 34]
[-17, 6, 31, -37] [12, -4, -21, 27] [-45, -38, -44, 23] [49, -38, 15, 16] [-12, -13, -10, -23] [8, 24, -48, -31] [58, 27, 7, 11]
[7, 28, -3, 42] [-17, -3, -31, 32] [-6, 2, -36, -14] [0, 0, 0, 0] [-14, 54, -46, -14] [17, -22, -43, -27] [-19, 52, -19, 16]
[5, 6, -8, 17] [11, 17, 4, 35] [25, -8, 40, 24] [-18, -51, 29, -9] [6, 10, 27, -19] [6, 54, 20, 16] [-12, -18, 7, 2]
[7, -29, -9, 12] [8, 7, 17, -28] [18, 10, 18, 28] [-31, -38, 58, -17] [-45, -43, 15, -74] [-29, 69, 21, 23] [2, 43, 7, 34]
[12, -5, -30, -21] [-11, 8, 16, -63] [30, 15, -1, -13] [-12, 1, 4, -31] [54, 31, 7, -20] [26, 34, 11, 2] [6, -18, 19, -16]
------------------------------
ALIVE
Head: (20 44)
Body: (20 44) (19 44) (19 43) (18 43) (17 43) (16 43) (15 43) (14 43) (13 43) (13 42) (13 41) (14 41) 
Length: 12, 4
Vision: 3
Hungry, suplies: 9/10
Reproductive: 16, mutating: 0.25
Generation: 52772
####################################
Wall (up, right, down, left):
[3, 4, 10, -7] [-5, 1, 8, -20] [-30, 6, -6, -25] [-1, -7, 20, 3] [-9, 10, 24, -2] [21, -5, -10, -5] [1, -19, -1, -6]
[-44, -9, 11, -13] [0, 17, -10, -5] [-30, 4, 14, 4] [-35, 13, 22, 19] [35, 23, 1, -13] [-28, -21, -1, -16] [-17, -3, -1, 12]
[4, 0, 28, 27] [-2, 20, -15, -13] [-8, 0, 43, -24] [-91, 18, 63, 7] [-46, -44, -15, 40] [-24, -18, -3, 4] [-25, -22, -22, 2]
[5, 48, -10, -40] [11, 0, 42, -27] [8, 40, 1, -107] [0, 0, 0, 0] [45, -111, 29, 20] [28, -4, -5, 5] [2, 1, 27, 3]
[-4, -34, 9, -3] [18, -6, -23, -16] [-18, -13, -40, -44] [50, 16, -125, 22] [10, -2, -33, 39] [9, 12, -4, 18] [-38, -72, -22, 42]
[25, 28, 1, 3] [-28, 0, -24, 8] [34, -14, 10, 2] [-6, 5, -29, -4] [1, -3, -44, -18] [2, -13, -25, 5] [37, 6, 23, -12]
[-15, -10, 17, -8] [3, -8, -57, -23] [-7, 9, 24, 2] [-21, 18, -51, -14] [32, 7, -15, 23] [45, -12, -39, 27] [-11, -3, 33, 2]
Food (up, right, down, left):
[10, 14, 0, 25] [-9, 24, 6, -28] [20, -30, 21, 16] [-25, -1, 48, 2] [-2, -9, 51, -8] [-10, -22, -17, -17] [-50, 17, 13, -12]
[-77, 10, -45, -5] [-1, -7, -42, 0] [6, 13, 16, 39] [-23, 20, -49, 28] [18, 7, -1, -58] [56, 6, -44, 29] [8, 0, 22, 34]
[-17, 6, 31, -37] [12, -4, -20, 27] [-45, -38, -44, 23] [49, -38, 15, 16] [-12, -13, -10, -23] [8, 24, -48, -31] [58, 27, 7, 11]
[7, 28, -4, 42] [-17, -3, -31, 32] [-6, 2, -36, -14] [0, 0, 0, 0] [-14, 54, -46, -14] [17, -22, -43, -27] [-19, 52, -19, 16]
[5, 6, -8, 17] [11, 17, 4, 35] [25, -8, 40, 24] [-18, -51, 29, -9] [6, 10, 27, -19] [6, 54, 20, 16] [-12, -18, 7, 2]
[7, -29, -9, 12] [8, 7, 17, -28] [18, 10, 18, 28] [-31, -38, 58, -17] [-45, -43, 15, -74] [-29, 69, 21, 23] [2, 43, 7, 34]
[12, -5, -30, -21] [-12, 8, 16, -63] [30, 15, -1, -13] [-12, 1, 4, -31] [57, 31, 7, -20] [26, 34, 11, 2] [6, -18, 19, -16]
------------------------------
ALIVE
Head: (24 12)
Body: (24 12) (24 11) (24 10) (23 10) (22 10) (21 10) (21 9) (21 8) (21 7) (22 7) (23 7) (24 7) 
Length: 12, 4
Vision: 3
Hungry, suplies: 10/10
Reproductive: 16, mutating: 0.25
Generation: 52774
####################################
Wall (up, right, down, left):
[3, 4, 10, -7] [-5, 1, 8, -20] [-30, 6, -6, -25] [-1, -7, 17, 3] [-9, 10, 24, -2] [21, -5, -10, -5] [1, -19, -1, -6]
[-44, -9, 11, -13] [0, 17, -10, -5] [-30, 4, 14, 4] [-35, 13, 22, 19] [35, 23, 1, -13] [-28, -21, -1, -16] [-17, -3, -1, 12]
[4, 0, 28, 27] [-5, 20, -15, -8] [-8, 0, 43, -24] [-91, 18, 63, 7] [-46, -44, -15, 40] [-24, -18, -3, 4] [-25, -22, -22, 2]
[5, 48, -10, -40] [11, 0, 42, -24] [8, 40, 1, -107] [0, 0, 0, 0] [45, -111, 29, 20] [28, -4, -5, 5] [2, 1, 27, 3]
[-4, -34, 9, -3] [18, -6, -23, -16] [-18, -13, -40, -44] [50, 16, -125, 22] [10, -2, -33, 39] [9, 12, 1, 18] [-38, -72, -22, 42]
[25, 28, 1, 3] [-28, 0, -24, 8] [34, -14, 10, 2] [-6, 5, -29, -4] [1, -3, -44, -18] [2, -13, -25, 5] [37, 6, 23, -12]
[-15, -10, 17, -8] [3, -8, -57, -23] [-7, 9, 24, 2] [-21, 18, -51, -14] [31, 7, -15, 23] [45, -12, -39, 27] [-11, -3, 33, 2]
Food (up, right, down, left):
[10, 14, 0, 25] [-9, 24, 6, -28] [20, -30, 21, 16] [-25, -1, 48, 3] [-2, -9, 51, -8] [-10, -22, -17, -17] [-50, 17, 13, -12]
[-77, 10, -45, -5] [-1, -7, -42, 0] [6, 13, 16, 39] [-23, 20, -49, 28] [18, 7, -1, -58] [56, 6, -44, 29] [8, 0, 22, 34]
[-17, 6, 31, -37] [12, -4, -21, 27] [-45, -38, -44, 23] [49, -38, 15, 16] [-12, -13, -10, -23] [8, 24, -48, -31] [58, 27, 7, 11]
[7, 28, -4, 42] [-17, -3, -28, 32] [-6, 2, -36, -14] [0, 0, 0, 0] [-14, 54, -46, -14] [17, -22, -43, -27] [-19, 52, -19, 16]
[5, 6, -8, 17] [11, 17, 4, 35] [25, -8, 40, 24] [-18, -51, 29, -9] [6, 10, 27, -19] [6, 54, 19, 16] [-12, -18, 7, 2]
[7, -29, -9, 12] [8, 7, 17, -28] [18, 10, 18, 28] [-31, -38, 58, -17] [-45, -43, 15, -74] [-29, 69, 21, 23] [2, 43, 7, 34]
[12, -5, -30, -21] [-12, 8, 16, -63] [30, 15, -1, -13] [-12, 1, 4, -31] [54, 31, 7, -20] [26, 34, 11, 2] [6, -18, 19, -16]
------------------------------
ALIVE
Head: (1 48)
Body: (1 48) (0 48) (0 49) (25 50) (24 50) (24 51) (24 52) (-1 53) (0 53) 
Length: 9, 4
Vision: 3
Hungry, suplies: 9/10
Reproductive: 16, mutating: 0.25
Generation: 52777
####################################
Wall (up, right, down, left):
[3, 4, 10, -7] [-5, 1, 8, -20] [-30, 6, -6, -25] [-1, -7, 17, 3] [-9, 10, 24, -2] [21, -5, -10, -5] [1, -19, -1, -6]
[-44, -9, 11, -13] [0, 17, -10, -5] [-30, 4, 14, 4] [-35, 13, 22, 19] [35, 23, 1, -13] [-28, -21, -1, -16] [-17, -3, -1, 12]
[4, 0, 28, 27] [-5, 20, -15, -8] [-8, 0, 43, -24] [-91, 18, 63, 7] [-46, -44, -15, 40] [-24, -18, -3, 4] [-25, -22, -22, 2]
[5, 48, -10, -40] [11, 0, 42, -24] [8, 40, 1, -107] [0, 0, 0, 0] [45, -111, 29, 20] [28, -4, -5, 5] [2, 1, 23, 3]
[-4, -34, 9, -3] [18, -6, -23, -16] [-18, -13, -40, -44] [50, 16, -125, 22] [10, -2, -33, 39] [9, 12, -4, 18] [-38, -72, -22, 42]
[25, 28, 1, 3] [-28, 0, -24, 8] [34, -14, 10, 2] [-6, 5, -29, -4] [1, -3, -44, -18] [2, -13, -25, 5] [37, 6, 23, -12]
[-15, -10, 17, -8] [3, -8, -57, -23] [-7, 9, 24, 2] [-21, 18, -51, -14] [31, 7, -15, 23] [45, -12, -39, 27] [-11, -3, 33, 2]
Food (up, right, down, left):
[10, 14, 0, 25] [-9, 24, 6, -28] [20, -30, 21, 16] [-25, -1, 48, 3] [-2, -9, 51, -8] [-10, -22, -17, -17] [-50, 17, 13, -12]
[-77, 10, -45, -5] [-1, -7, -42, 0] [6, 13, 16, 39] [-23, 20, -49, 28] [18, 7, -1, -58] [56, 6, -44, 29] [8, 0, 22, 34]
[-17, 6, 31, -37] [12, -4, -21, 27] [-45, -38, -44, 23] [49, -38, 15, 16] [-12, -13, -10, -23] [8, 24, -48, -31] [58, 27, 7, 11]
[7, 28, -4, 42] [-17, -3, -28, 32] [-6, 2, -36, -14] [0, 0, 0, 0] [-14, 54, -46, -14] [17, -22, -43, -27] [-18, 52, -19, 16]
[5, 6, -8, 17] [11, 17, 4, 35] [25, -8, 40, 24] [-18, -51, 29, -9] [6, 10, 27, -19] [6, 54, 20, 16] [-12, -18, 7, 2]
[7, -29, -9, 12] [8, 7, 17, -28] [18, 10, 18, 28] [-31, -38, 58, -17] [-45, -43, 15, -74] [-29, 69, 21, 23] [2, 43, 7, 34]
[12, -5, -30, -21] [-12, 8, 16, -63] [30, 15, -1, -13] [-12, 1, 4, -31] [54, 31, 7, -20] [26, 34, 11, 2] [6, -18, 19, -16]
------------------------------
ALIVE
Head: (6 47)
Body: (6 47) (5 47) (4 47) (4 48) (4 49) (4 50) (5 50) (6 50) (6 51) (5 51) (5 52) (4 52) (3 52) 
Length: 13, 4
Vision: 3
Hungry, suplies: 9/10
Reproductive: 16, mutating: 0.25
Generation: 52777
####################################
Wall (up, right, down, left):
[3, 4, 10, -7] [-5, 1, 8, -20] [-30, 6, -6, -25] [-1, -7, 17, 3] [-9, 10, 24, -2] [21, -5, -10, -5] [1, -19, -1, -6]
[-44, -9, 11, -13] [0, 17, -10, -5] [-30, 4, 14, 4] [-35, 13, 22, 19] [35, 23, 1, -13] [-28, -21, -1, -16] [-17, -3, -1, 12]
[4, 0, 28, 27] [-5, 20, -15, -8] [-8, 0, 43, -24] [-91, 18, 63, 7] [-46, -44, -15, 40] [-24, -18, -3, 4] [-25, -22, -22, 2]
[5, 48, -10, -40] [11, 0, 42, -24] [8, 40, 1, -107] [0, 0, 0, 0] [45, -111, 29, 20] [28, -4, -5, 5] [2, 1, 23, 3]
[-4, -34, 9, -3] [18, -6, -23, -16] [-18, -13, -40, -44] [50, 16, -125, 22] [10, -2, -33, 39] [9, 12, -4, 18] [-38, -72, -22, 42]
[25, 28, 1, 3] [-28, 0, -24, 8] [34, -14, 10, 2] [-6, 5, -29, -4] [1, -3, -44, -18] [2, -13, -25, 5] [37, 6, 23, -12]
[-15, -10, 17, -8] [3, -8, -57, -23] [-7, 9, 24, 2] [-21, 18, -51, -14] [31, 7, -15, 23] [45, -12, -39, 27] [-11, -3, 33, 2]
Food (up, right, down, left):
[10, 14, 0, 25] [-9, 24, 6, -28] [20, -30, 21, 16] [-25, -1, 48, 3] [-2, -9, 51, -8] [-10, -22, -17, -17] [-50, 17, 13, -12]
[-77, 10, -45, -5] [-1, -7, -42, 0] [6, 13, 16, 39] [-23, 20, -49, 28] [18, 7, -1, -58] [56, 6, -44, 29] [8, 0, 22, 34]
[-17, 6, 31, -37] [12, -4, -21, 27] [-45, -38, -44, 23] [49, -38, 15, 16] [-12, -13, -10, -23] [8, 24, -48, -31] [58, 27, 7, 11]
[7, 28, -4, 42] [-17, -3, -28, 32] [-6, 2, -36, -14] [0, 0, 0, 0] [-14, 54, -46, -14] [17, -22, -43, -27] [-18, 52, -19, 16]
[5, 6, -8, 17] [11, 17, 4, 35] [25, -8, 40, 24] [-18, -51, 29, -9] [6, 10, 27, -19] [6, 54, 20, 16] [-12, -18, 7, 2]
[7, -29, -9, 12] [8, 7, 17, -28] [18, 10, 18, 28] [-31, -38, 58, -17] [-45, -43, 15, -74] [-29, 69, 21, 23] [2, 43, 7, 34]
[12, -5, -30, -21] [-12, 8, 16, -63] [30, 15, -1, -13] [-12, 1, 4, -31] [54, 31, 7, -20] [26, 34, 11, 2] [6, -18, 19, -16]
------------------------------
ALIVE
Head: (12 13)
Body: (12 13) (12 14) (11 14) (10 14) (9 14) (9 15) (9 16) (10 16) 
Length: 8, 4
Vision: 3
Hungry, suplies: 4/10
Reproductive: 16, mutating: 0.25
Generation: 52778
####################################
Wall (up, right, down, left):
[3, 4, 10, -7] [-5, 1, 8, -20] [-30, 6, -6, -25] [-1, -7, 20, 3] [-9, 10, 24, -2] [21, -5, -10, -5] [1, -19, -1, -6]
[-44, -9, 11, -13] [0, 17, -10, -5] [-30, 4, 14, 4] [-35, 13, 22, 19] [35, 23, 1, -13] [-28, -21, -1, -16] [-17, -3, -1, 12]
[4, 0, 28, 27] [-2, 20, -15, -13] [-8, 0, 43, -24] [-91, 18, 63, 7] [-46, -44, -15, 40] [-24, -18, -3, 4] [-25, -22, -22, 2]
[5, 48, -10, -40] [11, 0, 42, -27] [8, 40, 1, -107] [0, 0, 0, 0] [45, -111, 29, 20] [28, -4, -5, 5] [2, 1, 27, 3]
[-4, -34, 9, -3] [18, -6, -23, -16] [-18, -13, -40, -44] [50, 16, -125, 22] [10, -2, -33, 39] [9, 12, -4, 18] [-38, -72, -22, 42]
[25, 28, 1, 3] [-28, 0, -24, 8] [34, -14, 10, 2] [-6, 5, -29, -4] [1, -3, -44, -18] [2, -13, -25, 5] [37, 6, 23, -12]
[-15, -10, 17, -8] [3, -8, -57, -23] [-7, 9, 24, 2] [-21, 18, -51, -14] [32, 7, -15, 23] [45, -12, -39, 27] [-11, -3, 33, 2]
Food (up, right, down, left):
[10, 14, 0, 25] [-9, 24, 6, -28] [20, -30, 21, 16] [-25, -1, 48, 2] [-2, -9, 51, -8] [-10, -22, -17, -17] [-50, 17, 13, -12]
[-77, 10, -45, -5] [-1, -7, -42, 0] [6, 13, 16, 39] [-23, 20, -49, 28] [18, 7, -1, -58] [56, 6, -44, 29] [8, 0, 22, 34]
[-17, 6, 31, -37] [12, -4, -20, 27] [-45, -38, -44, 23] [49, -38, 15, 16] [-12, -13, -10, -23] [8, 24, -48, -31] [58, 27, 7, 11]
[7, 28, -4, 42] [-17, -3, -31, 32] [-6, 2, -36, -14] [0, 0, 0, 0] [-14, 54, -46, -14] [17, -22, -43, -27] [-19, 52, -19, 16]
[5, 6, -8, 17] [11, 17, 4, 35] [25, -8, 40, 24] [-18, -51, 29, -9] [6, 10, 27, -19] [6, 54, 20, 16] [-12, -18, 7, 2]
[7, -29, -9, 12] [8, 7, 17, -28] [18, 10, 18, 28] [-31, -38, 58, -17] [-45, -43, 15, -74] [-29, 69, 21, 23] [2, 43, 7, 34]
[12, -5, -30, -21] [-12, 8, 16, -63] [30, 15, -1, -13] [-12, 1, 4, -31] [57, 31, 7, -20] [26, 34, 11, 2] [6, -18, 19, -16]
------------------------------
ALIVE
Head: (15 55)
Body: (15 55) (15 54) (14 54) (13 54) (12 54) (12 53) (12 52) (12 51) (11 51) 
Length: 9, 4
Vision: 3
Hungry, suplies: 4/10
Reproductive: 16, mutating: 0.25
Generation: 52775
####################################
Wall (up, right, down, left):
[3, 4, 10, -7] [-5, 1, 8, -20] [-30, 6, -6, -25] [-1, -7, 20, 3] [-9, 10, 24, -2] [21, -5, -10, -5] [1, -19, -1, -6]
[-44, -9, 11, -13] [0, 17, -10, -5] [-30, 4, 14, 4] [-35, 13, 22, 19] [35, 23, 1, -13] [-28, -21, -1, -16] [-17, -3, -1, 12]
[4, 0, 28, 27] [-2, 20, -15, -8] [-8, 0, 43, -24] [-91, 18, 63, 7] [-46, -44, -15, 40] [-24, -18, -3, 4] [-25, -22, -22, 2]
[5, 48, -10, -40] [11, 0, 42, -27] [8, 40, 1, -107] [0, 0, 0, 0] [45, -111, 29, 20] [28, -4, -5, 5] [2, 1, 27, 3]
[-4, -34, 9, -3] [18, -6, -23, -16] [-18, -13, -40, -44] [50, 16, -125, 22] [10, -2, -33, 39] [9, 12, -4, 18] [-38, -72, -22, 42]
[25, 28, 1, 3] [-28, 0, -24, 8] [34, -14, 10, 2] [-6, 5, -29, -4] [1, -3, -44, -18] [2, -13, -25, 5] [37, 6, 23, -12]
[-15, -10, 17, -8] [3, -8, -57, -23] [-7, 9, 24, 2] [-21, 18, -51, -14] [31, 7, -15, 23] [45, -12, -39, 27] [-11, -3, 33, 2]
Food (up, right, down, left):
[10, 14, 0, 25] [-9, 24, 6, -28] [20, -30, 21, 16] [-25, -1, 48, 2] [-2, -9, 51, -8] [-10, -22, -17, -17] [-50, 17, 13, -12]
[-77, 10, -45, -5] [-1, -7, -42, 0] [6, 13, 16, 39] [-23, 20, -49, 28] [18, 7, -1, -58] [56, 6, -44, 29] [8, 0, 22, 34]
[-17, 6, 31, -37] [12, -4, -21, 27] [-45, -38, -44, 23] [49, -38, 15, 16] [-12, -13, -10, -23] [8, 24, -48, -31] [58, 27, 7, 11]
[7, 28, -4, 42] [-17, -3, -31, 32] [-6, 2, -36, -14] [0, 0, 0, 0] [-14, 54, -46, -14] [17, -22, -43, -27] [-19, 52, -19, 16]
[5, 6, -8, 17] [11, 17, 4, 35] [25, -8, 40, 24] [-18, -51, 29, -9] [6, 10, 27, -19] [6, 54, 20, 16] [-12, -18, 7, 2]
[7, -29, -9, 12] [8, 7, 17, -28] [18, 10, 18, 28] [-31, -38, 58, -17] [-45, -43, 15, -74] [-29, 69, 21, 23] [2, 43, 7, 34]
[12, -5, -30, -21] [-12, 8, 16, -63] [30, 15, -1, -13] [-12, 1, 4, -31] [54, 31, 7, -20] [26, 34, 11, 2] [6, -18, 19, -16]
------------------------------
ALIVE
Head: (19 30)
Body: (19 30) (18 30) (17 30) (16 30) (16 31) (16 32) (15 32) (14 32) (13 32) (12 32) (11 32) (11 31) (11 30) (11 29) (11 28) 
Length: 15, 4
Vision: 3
Hungry, suplies: 7/10
Reproductive: 16, mutating: 0.25
Generation: 52775
####################################
Wall (up, right, down, left):
[3, 4, 11, -7] [-5, 1, 8, -20] [-30, 6, -6, -25] [-1, -7, 20, 3] [-9, 10, 24, -2] [21, -5, -10, -5] [1, -19, -1, -6]
[-44, -9, 11, -13] [0, 17, -10, -5] [-30, 4, 14, 4] [-35, 13, 22, 19] [35, 23, 1, -13] [-28, -21, -1, -16] [-17, -3, -1, 12]
[4, 0, 28, 27] [-5, 20, -15, -8] [-8, 0, 43, -24] [-91, 18, 63, 7] [-46, -44, -15, 40] [-24, -18, -3, 4] [-25, -22, -22, 2]
[5, 48, -10, -44] [11, 0, 42, -27] [8, 40, 1, -107] [0, 0, 0, 0] [45, -111, 29, 20] [28, -4, -5, 5] [2, 1, 27, 3]
[-4, -34, 9, -3] [18, -6, -23, -16] [-18, -13, -40, -44] [50, 16, -125, 22] [10, -2, -33, 39] [9, 12, -4, 18] [-38, -72, -22, 42]
[25, 28, 1, 3] [-28, 0, -24, 8] [34, -14, 10, 2] [-6, 5, -29, -4] [1, -3, -44, -18] [2, -13, -25, 5] [37, 6, 23, -12]
[-15, -10, 17, -8] [3, -8, -57, -23] [-7, 9, 24, 2] [-21, 18, -51, -14] [31, 7, -15, 23] [45, -12, -39, 27] [-11, -3, 33, 2]
Food (up, right, down, left):
[10, 14, 0, 24] [-9, 24, 6, -28] [20, -30, 21, 16] [-25, -1, 48, 2] [-2, -9, 51, -8] [-10, -22, -17, -17] [-50, 17, 13, -12]
[-77, 10, -45, -5] [-1, -7, -42, 0] [6, 13, 16, 39] [-23, 20, -49, 28] [18, 7, -1, -58] [56, 6, -44, 29] [8, 0, 22, 34]
[-17, 6, 31, -37] [12, -4, -21, 27] [-45, -38, -44, 23] [49, -38, 15, 16] [-12, -13, -10, -23] [8, 24, -48, -31] [58, 27, 7, 11]
[7, 28, -3, 42] [-17, -3, -31, 32] [-6, 2, -36, -14] [0, 0, 0, 0] [-14, 54, -46, -14] [17, -22, -43, -27] [-19, 52, -19, 16]
[5, 6, -8, 17] [11, 17, 4, 35] [25, -8, 40, 24] [-18, -51, 29, -9] [6, 10, 27, -19] [6, 54, 20, 16] [-12, -18, 7, 2]
[7, -29, -9, 12] [8, 7, 17, -28] [18, 10, 18, 28] [-31, -38, 58, -17] [-45, -43, 15, -74] [-29, 69, 21, 23] [2, 43, 7, 34]
[12, -5, -30, -21] [-11, 8, 16, -63] [30, 15, -1, -13] [-12, 1, 4, -31] [54, 31, 7, -20] [26, 34, 11, 2] [6, -18, 19, -16]
------------------------------
ALIVE
Head: (21 54)
Body: (21 54) (21 53) (21 52) (21 51) (20 51) (20 50) (19 50) (19 49) (20 49) (21 49) (22 49) 
Length: 11, 4
Vision: 3
Hungry, suplies: 8/10
Reproductive: 16, mutating: 0.25
Generation: 52772
####################################
Wall (up, right, down, left):
[3, 4, 10, -7] [-5, 1, 8, -20] [-30, 6, -6, -25] [-1, -7, 20, 3] [-9, 10, 24, -2] [21, -5, -10, -5] [1, -19, -1, -6]
[-44, -9, 11, -13] [0, 17, -10, -5] [-30, 4, 14, 4] [-35, 13, 22, 19] [35, 23, 1, -13] [-28, -21, -1, -16] [-17, -3, -1, 12]
[4, 0, 28, 27] [-2, 20, -15, -8] [-8, 0, 43, -24] [-91, 18, 63, 7] [-46, -44, -15, 40] [-24, -18, -3, 4] [-25, -22, -22, 2]
[5, 48, -10, -40] [11, 0, 42, -27] [8, 40, 1, -107] [0, 0, 0, 0] [47, -111, 29, 20] [28, -4, -5, 5] [2, 1, 27, 3]
[-4, -34, 9, -3] [18, -6, -23, -16] [-18, -13, -40, -44] [50, 16, -125, 22] [10, -2, -33, 39] [9, 12, -4, 18] [-38, -72, -22, 42]
[25, 28, 1, 3] [-28, 0, -24, 8] [34, -14, 10, 2] [-6, 5, -29, -4] [1, -3, -44, -18] [2, -13, -25, 5] [37, 6, 23, -12]
[-15, -10, 17, -8] [3, -8, -57, -23] [-7, 9, 24, 2] [-21, 18, -51, -14] [31, 7, -15, 23] [45, -12, -39, 27] [-11, -3, 33, 2]
Food (up, right, down, left):
[10, 14, 0, 25] [-9, 24, 6, -28] [20, -30, 21, 16] [-25, -1, 48, 2] [-2, -9, 51, -8] [-10, -22, -17, -17] [-50, 17, 13, -12]
[-77, 10, -45, -5] [-1, -7, -42, 0] [6, 13, 16, 39] [-23, 20, -49, 28] [18, 7, -1, -58] [56, 6, -44, 29] [8, 0, 22, 34]
[-17, 6, 31, -37] [12, -4, -21, 27] [-45, -38, -44, 23] [49, -38, 15, 16] [-12, -13, -10, -23] [8, 24, -48, -31] [58, 27, 7, 11]
[7, 28, -4, 42] [-17, -3, -31, 32] [-6, 2, -36, -14] [0, 0, 0, 0] [-14, 54, -41, -14] [17, -22, -43, -27] [-19, 52, -19, 16]
[5, 6, -8, 17] [11, 17, 4, 35] [25, -8, 40, 24] [-18, -51, 29, -9] [6, 10, 27, -19] [6, 54, 20, 16] [-12, -18, 7, 2]
[7, -29, -9, 12] [8, 7, 17, -28] [18, 10, 18, 28] [-31, -38, 58, -17] [-45, -43, 15, -74] [-29, 69, 21, 23] [2, 43, 7, 34]
[12, -5, -30, -21] [-12, 8, 16, -63] [30, 15, -1, -13] [-12, 1, 4, -31] [54, 31, 7, -20] [26, 34, 11, 2] [6, -18, 19, -16]
------------------------------
ALIVE
Head: (24 15)
Body: (24 15) (23 15) (23 14) (23 13) (22 13) (21 13) (21 12) (20 12) (19 12) (19 11) (19 10) (19 9) 
Length: 12, 4
Vision: 3
Hungry, suplies: 8/10
Reproductive: 16, mutating: 0.25
Generation: 52774
####################################
Wall (up, right, down, left):
[3, 4, 10, -7] [-5, 1, 8, -20] [-30, 6, -6, -25] [-1, -7, 17, 3] [-9, 10, 24, -2] [21, -5, -10, -5] [1, -19, -1, -6]
[-44, -9, 11, -13] [0, 17, -10, -5] [-30, 4, 14, 4] [-35, 13, 22, 19] [35, 23, 1, -13] [-28, -21, -1, -16] [-17, -3, -1, 12]
[4, 0, 28, 27] [-5, 20, -18, -8] [-8, 0, 43, -24] [-91, 18, 63, 7] [-46, -44, -15, 40] [-24, -18, -3, 4] [-25, -22, -22, 2]
[5, 48, -10, -40] [11, 0, 42, -24] [8, 40, 1, -107] [0, 0, 0, 0] [45, -111, 29, 20] [28, -4, -5, 5] [2, 1, 23, 3]
[-4, -34, 9, -3] [18, -6, -23, -16] [-18, -13, -40, -44] [50, 16, -125, 22] [10, -2, -33, 39] [9, 12, -4, 18] [-38, -72, -22, 42]
[25, 28, 1, 3] [-28, 0, -24, 8] [34, -14, 10, 2] [-6, 5, -29, -4] [1, -3, -44, -18] [2, -13, -25, 5] [37, 6, 23, -12]
[-15, -10, 17, -8] [3, -8, -57, -23] [-7, 9, 24, 2] [-21, 18, -51, -14] [31, 7, -15, 23] [45, -12, -39, 27] [-11, -3, 33, 2]
Food (up, right, down, left):
[10, 14, 0, 25] [-9, 24, 6, -28] [20, -30, 21, 16] [-25, -1, 48, 3] [-2, -9, 51, -8] [-10, -22, -17, -17] [-50, 17, 13, -12]
[-77, 10, -45, -5] [-1, -7, -42, 0] [6, 13, 16, 39] [-23, 20, -49, 28] [18, 7, -1, -58] [56, 6, -44, 29] [8, 0, 22, 34]
[-17, 6, 31, -37] [12, -4, -18, 27] [-45, -38, -44, 23] [49, -38, 15, 16] [-12, -13, -10, -23] [8, 24, -48, -31] [58, 27, 7, 11]
[7, 28, -4, 42] [-17, -3, -28, 32] [-6, 2, -36, -14] [0, 0, 0, 0] [-14, 54, -46, -14] [17, -22, -43, -27] [-18, 52, -19, 16]
[5, 6, -8, 17] [11, 17, 4, 35] [25, -8, 40, 24] [-18, -51, 29, -9] [6, 10, 27, -19] [6, 54, 20, 16] [-12, -18, 7, 2]
[7, -29, -9, 12] [8, 7, 17, -28] [18, 10, 18, 28] [-31, -38, 58, -17] [-45, -43, 15, -74] [-29, 69, 21, 23] [2, 43, 7, 34]
[12, -5, -30, -21] [-12, 8, 16, -63] [30, 15, -1, -13] [-12, 1, 4, -31] [54, 31, 7, -20] [26, 34, 11, 2] [6, -18, 19, -16]
------------------------------
ALIVE
Head: (4 11)
Body: (4 11) (3 11) (2 11) (2 10) (3 10) (3 9) (3 8) (4 8) 
Length: 8, 4
Vision: 3
Hungry, suplies: 7/10
Reproductive: 16, mutating: 0.25
Generation: 52779
####################################
Wall (up, right, down, left):
[3, 4, 10, -7] [-5, 1, 8, -20] [-30, 6, -6, -25] [-1, -7, 17, 3] [-9, 10, 24, -2] [21, 0, -10, -5] [1, -19, -1, -6]
[-44, -9, 11, -13] [0, 17, -10, -5] [-30, 4, 14, 4] [-35, 13, 22, 19] [35, 23, 1, -13] [-28, -21, -1, -16] [-17, -3, -1, 12]
[4, 0, 28, 27] [-5, 20, -15, -8] [-8, 0, 43, -24] [-91, 18, 63, 7] [-46, -44, -15, 40] [-24, -18, -3, 4] [-25, -22, -22, 2]
[5, 48, -10, -40] [11, 0, 42, -24] [8, 40, 1, -107] [0, 0, 0, 0] [45, -111, 29, 20] [28, -4, -5, 5] [2, 1, 27, 3]
[-4, -34, 9, -3] [18, -6, -23, -16] [-18, -13, -40, -44] [50, 16, -125, 22] [10, -2, -33, 39] [9, 14, 1, 18] [-38, -72, -22, 42]
[25, 28, 1, 3] [-28, 0, -24, 8] [34, -14, 10, 2] [-6, 5, -29, -4] [1, -3, -44, -18] [2, -13, -25, 5] [37, 6, 23, -12]
[-15, -10, 17, -8] [3, -8, -57, -23] [-7, 9, 24, 2] [-21, 18, -51, -14] [31, 7, -15, 23] [45, -12, -39, 27] [-11, -3, 33, 2]
Food (up, right, down, left):
[10, 14, 0, 25] [-9, 24, 6, -28] [20, -30, 21, 16] [-25, -1, 48, 3] [-2, -9, 51, -8] [-10, -22, -22, -17] [-50, 17, 13, -12]
[-77, 10, -45, -5] [-1, -7, -42, 0] [6, 13, 16, 39] [-23, 20, -49, 28] [18, 7, -1, -58] [56, 6, -44, 29] [8, 0, 22, 34]
[-17, 6, 31, -37] [12, -4, -21, 27] [-45, -38, -44, 23] [49, -38, 15, 16] [-12, -13, -10, -23] [8, 24, -48, -31] [58, 27, 7, 11]
[7, 28, -4, 42] [-17, -3, -28, 32] [-6, 2, -36, -14] [0, 0, 0, 0] [-14, 54, -46, -14] [17, -22, -43, -27] [-19, 52, -19, 16]
[5, 6, -8, 17] [11, 17, 4, 35] [25, -8, 40, 24] [-18, -51, 29, -9] [6, 10, 27, -19] [6, 54, 19, 18] [-12, -18, 7, 2]
[7, -29, -9, 12] [8, 7, 17, -28] [18, 10, 18, 28] [-31, -38, 58, -17] [-45, -43, 15, -74] [-29, 69, 21, 23] [2, 43, 7, 34]
[12, -5, -30, -21] [-12, 8, 16, -63] [30, 15, -1, -13] [-12, 1, 4, -31] [54, 31, 7, -20] [26, 34, 11, 2] [6, -18, 19, -16]
------------------------------
ALIVE
Head: (7 7)
Body: (7 7) (6 7) (6 6) (7 6) (8 6) (9 6) (10 6) (10 5) (10 4) (10 3) (9 3) 
Length: 11, 4
Vision: 3
Hungry, suplies: 1/10
Reproductive: 16, mutating: 0.25
Generation: 52778
####################################
Wall (up, right, down, left):
[3, 4, 10, -7] [-5, 1, 8, -20] [-30, 6, -6, -25] [-1, -7, 20, 3] [-9, 10, 24, -2] [21, -5, -10, -5] [1, -19, -1, -6]
[-44, -9, 11, -13] [0, 17, -10, -5] [-30, 4, 14, 4] [-35, 13, 22, 19] [35, 23, 1, -13] [-28, -21, -1, -16] [-17, -3, -1, 12]
[4, 0, 28, 27] [-2, 20, -15, -8] [-8, 0, 43, -24] [-91, 18, 63, 7] [-46, -44, -15, 40] [-24, -18, -3, 4] [-25, -22, -22, 2]
[5, 48, -10, -40] [11, 0, 42, -27] [8, 40, 1, -107] [0, 0, 0, 0] [45, -111, 29, 20] [28, -4, -5, 5] [2, 1, 27, 3]
[-4, -34, 9, -3] [18, -6, -23, -16] [-18, -13, -40, -44] [50, 16, -125, 22] [10, -2, -33, 39] [9, 12, -4, 18] [-38, -72, -22, 42]
[25, 23, 1, 3] [-28, 0, -24, 8] [34, -14, 10, 2] [-6, 5, -29, -4] [1, -3, -44, -18] [2, -13, -25, 5] [37, 6, 23, -12]
[-15, -10, 17, -8] [3, -8, -57, -23] [-7, 9, 24, 2] [-21, 18, -51, -14] [32, 7, -15, 23] [45, -12, -39, 27] [-11, -3, 33, 2]
Food (up, right, down, left):
[10, 14, 0, 25] [-9, 24, 6, -28] [20, -30, 21, 16] [-25, -1, 48, 2] [-2, -9, 51, -8] [-10, -22, -17, -17] [-50, 17, 13, -12]
[-77, 10, -45, -5] [-1, -7, -42, 0] [6, 13, 16, 39] [-23, 20, -49, 28] [18, 7, -1, -58] [56, 6, -44, 29] [8, 0, 22, 34]
[-17, 6, 31, -37] [12, -4, -21, 27] [-45, -38, -44, 23] [49, -38, 15, 16] [-12, -13, -10, -23] [8, 24, -48, -31] [58, 27, 7, 11]
[7, 28, -4, 42] [-17, -3, -31, 32] [-6, 2, -36, -14] [0, 0, 0, 0] [-14, 54, -46, -14] [17, -22, -43, -27] [-19, 52, -19, 16]
[5, 6, -8, 17] [11, 17, 4, 35] [25, -8, 40, 24] [-18, -51, 29, -9] [6, 10, 27, -19] [6, 54, 20, 16] [-12, -18, 7, 2]
[7, -29, -9, 11] [8, 7, 17, -28] [18, 10, 18, 28] [-31, -38, 58, -17] [-45, -43, 15, -74] [-29, 69, 21, 23] [2, 43, 7, 34]
[12, -5, -30, -21] [-12, 8, 16, -63] [30, 15, -1, -13] [-12, 1, 4, -31] [57, 31, 7, -20] [26, 34, 11, 2] [6, -18, 19, -16]
------------------------------
ALIVE
Head: (18 36)
Body: (18 36) (18 35) (17 35) (16 35) (15 35) (14 35) (13 35) (12 35) (11 35) (10 35) (9 35) (9 34) (9 33) (9 32) 
Length: 14, 4
Vision: 3
Hungry, suplies: 9/10
Reproductive: 16, mutating: 0.25
Generation: 52774
####################################
Wall (up, right, down, left):
[3, 4, 11, -7] [-5, 1, 8, -20] [-30, 6, -6, -25] [-1, -7, 20, 3] [-9, 10, 24, -2] [21, -5, -10, -5] [1, -19, -1, -6]
[-44, -9, 11, -13] [0, 17, -10, -5] [-30, 4, 14, 4] [-35, 13, 22, 19] [35, 23, 1, -13] [-28, -21, -1, -16] [-17, -3, -1, 12]
[4, 0, 28, 27] [-5, 20, -15, -8] [-8, 0, 43, -24] [-91, 18, 63, 7] [-46, -44, -15, 40] [-24, -18, -3, 4] [-25, -22, -22, 2]
[5, 48, -10, -44] [11, 0, 42, -27] [8, 40, 1, -107] [0, 0, 0, 0] [45, -111, 29, 20] [28, -4, -5, 5] [2, 1, 27, 3]
[-4, -34, 9, -3] [18, -6, -23, -16] [-18, -13, -40, -44] [50, 16, -125, 22] [10, -2, -33, 39] [9, 12, -4, 18] [-38, -72, -22, 42]
[25, 28, 1, 3] [-28, 0, -24, 8] [34, -14, 10, 2] [-6, 5, -29, -4] [1, -3, -44, -18] [2, -13, -25, 5] [37, 6, 23, -12]
[-15, -10, 17, -8] [3, -8, -57, -23] [-7, 9, 24, 2] [-21, 18, -51, -14] [31, 7, -15, 23] [45, -12, -39, 27] [-11, -3, 33, 2]
Food (up, right, down, left):
[10, 14, 0, 24] [-9, 24, 6, -28] [20, -30, 21, 16] [-25, -1, 48, 2] [-2, -9, 51, -8] [-10, -22, -17, -17] [-50, 17, 13, -12]
[-77, 10, -45, -5] [-1, -7, -42, 0] [6, 13, 16, 39] [-23, 20, -49, 28] [18, 7, -1, -58] [56, 6, -44, 29] [8, 0, 22, 34]
[-17, 6, 31, -37] [12, -4, -21, 27] [-45, -38, -44, 23] [49, -38, 15, 16] [-12, -13, -10, -23] [8, 24, -48, -31] [58, 27, 7, 11]
[7, 28, -3, 42] [-17, -3, -31, 32] [-6, 2, -36, -14] [0, 0, 0, 0] [-14, 54, -46, -14] [17, -22, -43, -27] [-19, 52, -19, 16]
[5, 6, -8, 17] [11, 17, 4, 35] [25, -8, 40, 24] [-18, -51, 29, -9] [6, 10, 27, -19] [6, 54, 20, 16] [-12, -18, 7, 2]
[7, -29, -9, 12] [8, 7, 17, -28] [18, 10, 18, 28] [-31, -38, 58, -17] [-45, -43, 15, -74] [-29, 69, 21, 23] [2, 43, 7, 34]
[12, -5, -30, -21] [-11, 8, 16, -63] [30, 15, -1, -13] [-12, 1, 4, -31] [54, 31, 7, -20] [26, 34, 11, 2] [6, -18, 19, -16]
------------------------------
ALIVE
Head: (21 26)
Body: (21 26) (21 25) (20 25) (19 25) (18 25) (17 25) (16 25) (15 25) (15 24) (16 24) (16 23) (16 22) (16 21) (15 21) (15 20) 
Length: 15, 4
Vision: 3
Hungry, suplies: 10/10
Reproductive: 16, mutating: 0.25
Generation: 52773
####################################
Wall (up, right, down, left):
[3, 4, 10, -7] [-5, 1, 8, -20] [-30, 6, -6, -25] [-1, -7, 17, 3] [-9, 10, 24, -2] [21, -5, -10, -5] [1, -19, -1, -6]
[-44, -9, 11, -13] [0, 17, -10, -5] [-30, 4, 14, 4] [-35, 13, 22, 19] [35, 23, 1, -13] [-28, -21, -1, -16] [-17, -3, -1, 12]
[4, 0, 28, 27] [-5, 20, -15, -8] [-8, 0, 43, -24] [-91, 18, 63, 7] [-46, -44, -15, 40] [-24, -18, -3, 4] [-25, -22, -22, 2]
[5, 48, -10, -40] [11, 0, 42, -24] [8, 40, 1, -107] [0, 0, 0, 0] [45, -111, 29, 20] [28, -4, -5, 5] [2, 1, 27, 3]
[-4, -34, 9, -3] [18, -6, -23, -16] [-18, -13, -40, -44] [50, 16, -125, 22] [10, -2, -33, 39] [9, 12, -4, 18] [-38, -72, -22, 42]
[25, 28, 1, 3] [-28, 0, -24, 8] [34, -14, 10, 2] [-6, 5, -29, -4] [1, -3, -44, -18] [2, -13, -25, 5] [37, 6, 23, -12]
[-15, -10, 17, -8] [3, -8, -57, -23] [-7, 9, 24, 2] [-21, 18, -51, -14] [31, 7, -15, 23] [45, -12, -39, 27] [-11, -3, 33, 2]
Food (up, right, down, left):
[10, 14, 0, 25] [-9, 24, 6, -28] [20, -30, 21, 16] [-25, -1, 48, 3] [-2, -9, 51, -8] [-10, -22, -17, -17] [-50, 17, 13, -12]
[-77, 10, -45, -5] [-1, -7, -42, 0] [6, 13, 16, 39] [-23, 20, -49, 28] [18, 7, -1, -58] [56, 6, -44, 29] [8, 0, 22, 34]
[-17, 6, 31, -37] [12, -4, -21, 27] [-45, -38, -44, 23] [49, -38, 15, 16] [-12, -13, -10, -23] [8, 24, -48, -31] [58, 27, 7, 11]
[7, 28, -4, 42] [-17, -3, -28, 32] [-6, 2, -36, -14] [0, 0, 0, 0] [-14, 54, -46, -14] [17, -22, -43, -27] [-19, 52, -19, 16]
[5, 6, -8, 17] [11, 17, 4, 35] [25, -8, 40, 24] [-18, -51, 29, -9] [6, 10, 27, -19] [6, 54, 20, 16] [-12, -18, 7, 2]
[7, -29, -9, 12] [8, 7, 17, -28] [18, 10, 18, 28] [-31, -38, 58, -17] [-45, -43, 15, -74] [-29, 69, 21, 23] [2, 43, 7, 34]
[12, -5, -30, -21] [-12, 8, 16, -63] [30, 15, -1, -13] [-12, 1, 4, -31] [54, 31, 7, -20] [26, 34, 11, 2] [6, -18, 19, -16]
------------------------------
ALIVE
Head: (8 9)
Body: (8 9) (8 10) (8 11) (8 12) (9 12) (9 13) (8 13) (7 13) (7 14) (6 14) (5 14) (4 14) (3 14) (2 14) 
Length: 14, 4
Vision: 3
Hungry, suplies: 2/10
Reproductive: 16, mutating: 0.25
Generation: 52780
####################################
Wall (up, right, down, left):
[3, 4, 11, -7] [-5, 1, 8, -20] [-30, 6, -6, -25] [-1, -7, 20, 3] [-9, 10, 24, -2] [21, -5, -10, -5] [1, -19, -1, -6]
[-44, -9, 11, -13] [0, 17, -10, -5] [-30, 4, 14, 4] [-35, 13, 22, 19] [35, 23, 1, -13] [-28, -21, -1, -16] [-17, -3, -1, 12]
[4, 0, 28, 27] [-5, 20, -15, -8] [-8, 0, 43, -24] [-91, 18, 63, 7] [-46, -44, -15, 40] [-24, -18, -3, 4] [-25, -22, -22, 2]
[5, 48, -10, -44] [11, 0, 42, -27] [8, 40, 1, -107] [0, 0, 0, 0] [45, -111, 29, 20] [28, -4, -5, 5] [2, 1, 27, 3]
[-4, -34, 9, -3] [18, -6, -23, -16] [-18, -13, -40, -44] [50, 16, -125, 22] [10, -2, -33, 39] [9, 12, -4, 18] [-38, -72, -22, 42]
[25, 28, 1, 3] [-28, 0, -24, 8] [34, -14, 10, 2] [-6, 5, -29, -4] [1, -3, -44, -18] [2, -13, -25, 5] [37, 6, 23, -12]
[-15, -10, 17, -8] [3, -8, -57, -23] [-7, 9, 24, 2] [-21, 18, -51, -14] [31, 7, -15, 23] [45, -12, -39, 27] [-11, -3, 33, 2]
Food (up, right, down, left):
[10, 14, 0, 24] [-9, 24, 6, -28] [20, -30, 21, 16] [-25, -1, 48, 2] [-2, -9, 51, -8] [-10, -22, -17, -17] [-50, 17, 13, -12]
[-77, 10, -45, -5] [-1, -7, -42, 0] [6, 13, 16, 39] [-23, 20, -49, 28] [18, 7, -1, -58] [56, 6, -44, 29] [8, 0, 22, 34]
[-17, 6, 31, -37] [12, -4, -21, 27] [-45, -38, -44, 23] [49, -38, 15, 16] [-12, -13, -10, -23] [8, 24, -48, -31] [58, 27, 7, 11]
[7, 28, -3, 42] [-17, -3, -31, 32] [-6, 2, -36, -14] [0, 0, 0, 0] [-14, 54, -46, -14] [17, -22, -43, -27] [-19, 52, -19, 16]
[5, 6, -8, 17] [11, 17, 4, 35] [25, -8, 40, 24] [-18, -51, 29, -9] [6, 10, 27, -19] [6, 54, 20, 16] [-12, -18, 7, 2]
[7, -29, -9, 12] [8, 7, 17, -28] [18, 10, 18, 28] [-31, -38, 58, -17] [-45, -43, 15, -74] [-29, 69, 21, 23] [2, 43, 7, 34]
[12, -5, -30, -21] [-11, 8, 16, -63] [30, 15, -1, -13] [-12, 1, 4, -31] [54, 31, 7, -20] [26, 34, 11, 2] [6, -18, 19, -16]
------------------------------
ALIVE
Head: (0 29)
Body: (0 29) (0 28) (0 27) (1 27) (2 27) (3 27) (4 27) (4 28) 
Length: 8, 4
Vision: 3
Hungry, suplies: 5/10
Reproductive: 16, mutating: 0.25
Generation: 52773
####################################
Wall (up, right, down, left):
[3, 4, 10, -7] [-5, 1, 8, -20] [-30, 6, -6, -25] [-1, -7, 17, 3] [-9, 10, 24, -2] [21, -5, -10, -5] [1, -19, -1, -6]
[-44, -9, 11, -13] [0, 17, -10, -5] [-30, 4, 14, 4] [-35, 13, 22, 19] [35, 23, 1, -13] [-28, -21, -1, -16] [-17, -3, -1, 12]
[4, 0, 28, 27] [-5, 20, -15, -8] [-8, 0, 43, -24] [-91, 18, 63, 7] [-46, -44, -15, 40] [-24, -18, -3, 4] [-25, -22, -22, 2]
[5, 48, -10, -40] [11, 0, 42, -24] [8, 40, 1, -107] [0, 0, 0, 0] [45, -111, 29, 20] [28, -4, -5, 5] [2, 1, 27, 3]
[-4, -34, 9, -3] [18, -6, -23, -16] [-18, -13, -40, -44] [50, 16, -125, 22] [10, -2, -33, 39] [9, 12, -4, 18] [-38, -72, -22, 42]
[25, 28, 1, 3] [-28, 0, -24, 8] [34, -14, 10, 2] [-6, 5, -29, -4] [1, -3, -44, -18] [2, -13, -25, 5] [37, 6, 23, -12]
[-15, -10, 17, -8] [3, -8, -57, -23] [-7, 9, 24, 2] [-21, 18, -51, -14] [31, 7, -15, 23] [45, -12, -39, 27] [-11, -3, 33, 2]
Food (up, right, down, left):
[10, 14, 0, 25] [-9, 24, 6, -28] [20, -30, 21, 16] [-25, -1, 48, 3] [-2, -9, 51, -8] [-10, -22, -17, -17] [-50, 17, 13, -12]
[-77, 10, -45, -5] [-1, -7, -42, 0] [6, 13, 16, 39] [-23, 20, -49, 28] [18, 7, -1, -58] [56, 6, -44, 29] [8, 0, 22, 34]
[-17, 6, 31, -37] [12, -4, -21, 27] [-45, -38, -44, 23] [49, -38, 15, 16] [-12, -13, -10, -23] [8, 24, -48, -31] [58, 27, 7, 11]
[7, 28, -4, 42] [-17, -3, -28, 32] [-6, 2, -36, -14] [0, 0, 0, 0] [-14, 54, -46, -14] [17, -22, -43, -27] [-19, 52, -19, 16]
[5, 6, -8, 17] [11, 17, 4, 35] [25, -8, 40, 24] [-18, -51, 29, -9] [6, 10, 27, -19] [6, 54, 20, 16] [-12, -18, 7, 2]
[7, -29, -9, 12] [8, 7, 17, -28] [18, 10, 18, 28] [-31, -38, 58, -17] [-45, -43, 15, -74] [-29, 69, 21, 23] [2, 43, 7, 34]
[12, -5, -30, -21] [-12, 8, 16, -63] [30, 15, -1, -13] [-12, 1, 4, -31] [54, 31, 7, -20] [26, 34, 11, 2] [6, -18, 19, -16]
------------------------------
ALIVE
Head: (24 23)
Body: (24 23) (24 24) (-1 25) (0 25) (1 25) (1 24) (1 23) (2 23) (3 23) (3 22) (3 21) 
Length: 11, 4
Vision: 3
Hungry, suplies: 7/10
Reproductive: 16, mutating: 0.25
Generation: 52779
####################################
Wall (up, right, down, left):
[3, 4, 10, -7] [-5, 1, 8, -20] [-30, 6, -6, -25] [-1, -7, 17, 3] [-9, 10, 24, -2] [21, -5, -10, -5] [1, -19, -1, -6]
[-44, -9, 11, -13] [0, 17, -10, -5] [-30, 4, 14, 4] [-35, 13, 22, 19] [35, 23, 1, -13] [-28, -21, -1, -16] [-17, -3, -1, 12]
[4, 0, 28, 27] [-5, 20, -15, -8] [-8, 0, 43, -24] [-91, 18, 63, 7] [-46, -44, -15, 40] [-24, -18, -3, 4] [-25, -22, -22, 2]
[5, 48, -10, -40] [11, 0, 42, -24] [8, 40, 1, -107] [0, 0, 0, 0] [45, -111, 29, 20] [28, -4, -5, 5] [2, 1, 27, 3]
[-4, -34, 9, -3] [18, -6, -23, -16] [-18, -13, -40, -44] [50, 16, -125, 22] [10, -2, -33, 39] [9, 12, 1, 18] [-38, -72, -22, 42]
[25, 28, 1, 3] [-28, 0, -24, 8] [34, -14, 10, 2] [-6, 5, -29, -4] [1, -3, -44, -18] [2, -13, -25, 5] [37, 6, 23, -12]
[-15, -10, 17, -8] [3, -8, -57, -23] [-7, 9, 24, 2] [-21, 18, -51, -14] [31, 7, -15, 23] [45, -12, -39, 27] [-11, -3, 33, 2]
Food (up, right, down, left):
[10, 14, 0, 25] [-9, 24, 6, -28] [20, -30, 21, 16] [-25, -1, 48, 3] [-2, -9, 51, -8] [-10, -22, -17, -17] [-50, 17, 13, -12]
[-77, 10, -45, -5] [-1, -7, -42, 0] [6, 13, 16, 39] [-23, 20, -49, 28] [18, 7, -1, -58] [56, 6, -44, 29] [8, 0, 22, 34]
[-17, 6, 31, -37] [12, -4, -21, 27] [-45, -38, -44, 23] [49, -38, 15, 16] [-12, -13, -10, -23] [8, 24, -48, -31] [58, 27, 7, 11]
[7, 28, -4, 42] [-17, -3, -28, 32] [-6, 2, -36, -14] [0, 0, 0, 0] [-14, 54, -46, -14] [17, -22, -43, -27] [-19, 52, -19, 16]
[5, 6, -8, 17] [11, 17, 4, 35] [25, -8, 40, 24] [-18, -51, 29, -9] [6, 10, 27, -19] [6, 54, 19, 16] [-12, -18, 7, 2]
[7, -29, -9, 12] [8, 7, 17, -28] [18, 10, 18, 28] [-31, -38, 58, -17] [-45, -43, 15, -74] [-29, 69, 21, 23] [2, 43, 7, 34]
[12, -5, -30, -21] [-12, 8, 16, -63] [30, 15, -1, -13] [-12, 1, 4, -31] [54, 31, 7, -20] [26, 34, 11, 2] [6, -18, 19, -16]
------------------------------
ALIVE
Head: (23 47)
Body: (23 47) (22 47) (21 47) (20 47) (19 47) (19 48) (18 48) (17 48) (17 47) (18 47) (18 46) 
Length: 11, 4
Vision: 3
Hungry, suplies: 2/10
Reproductive: 16, mutating: 0.25
Generation: 52778
####################################
Wall (up, right, down, left):
[3, 4, 11, -7] [-5, 1, 8, -20] [-30, 6, -6, -25] [-1, -7, 20, 3] [-9, 10, 24, -2] [21, -5, -10, -5] [1, -19, -1, -6]
[-44, -9, 11, -13] [0, 17, -10, -5] [-30, 4, 14, 4] [-35, 13, 22, 19] [35, 23, 1, -13] [-28, -21, -1, -16] [-17, -3, -1, 12]
[4, 0, 28, 27] [-5, 20, -15, -8] [-8, 0, 43, -24] [-91, 18, 63, 7] [-46, -44, -15, 40] [-24, -18, -3, 4] [-25, -22, -22, 2]
[5, 48, -10, -44] [11, 0, 42, -27] [8, 40, 1, -107] [0, 0, 0, 0] [45, -111, 29, 20] [28, -4, -5, 5] [2, 1, 27, 3]
[-4, -34, 9, -3] [18, -6, -23, -16] [-18, -13, -40, -44] [50, 16, -125, 22] [10, -2, -33, 39] [9, 12, -4, 18] [-38, -72, -22, 42]
[25, 28, 1, 3] [-28, 0, -24, 8] [34, -14, 10, 2] [-6, 5, -29, -4] [1, -3, -44, -18] [2, -13, -25, 5] [37, 6, 23, -12]
[-15, -10, 17, -8] [3, -8, -57, -23] [-7, 9, 24, 2] [-21, 18, -51, -14] [31, 7, -15, 23] [45, -12, -39, 27] [-11, -3, 33, 2]
Food (up, right, down, left):
[10, 14, 0, 24] [-9, 24, 6, -28] [20, -30, 21, 16] [-25, -1, 48, 2] [-2, -9, 51, -8] [-10, -22, -17, -17] [-50, 17, 13, -12]
[-77, 10, -45, -5] [-1, -7, -42, 0] [6, 13, 16, 39] [-23, 20, -49, 28] [18, 7, -1, -58] [56, 6, -44, 29] [8, 0, 22, 34]
[-17, 6, 31, -37] [12, -4, -21, 27] [-45, -38, -44, 23] [49, -38, 15, 16] [-12, -13, -10, -23] [8, 24, -48, -31] [58, 27, 7, 11]
[7, 28, -3, 42] [-17, -3, -31, 32] [-6, 2, -36, -14] [0, 0, 0, 0] [-14, 54, -46, -14] [17, -22, -43, -27] [-19, 52, -19, 16]
[5, 6, -8, 17] [11, 17, 4, 35] [25, -8, 40, 24] [-18, -51, 29, -9] [6, 10, 27, -19] [6, 54, 20, 16] [-12, -18, 7, 2]
[7, -29, -9, 12] [8, 7, 17, -28] [18, 10, 18, 28] [-31, -38, 58, -17] [-45, -43, 15, -74] [-29, 69, 21, 23] [2, 43, 7, 34]
[12, -5, -30, -21] [-11, 8, 16, -63] [30, 15, -1, -13] [-12, 1, 4, -31] [54, 31, 7, -20] [26, 34, 11, 2] [6, -18, 19, -16]
------------------------------
ALIVE
Head: (20 54)
Body: (20 54) (19 54) (18 54) (17 54) (17 53) (16 53) (15 53) (14 53) (14 52) (13 52) (13 51) 
Length: 11, 4
Vision: 3
Hungry, suplies: 10/10
Reproductive: 16, mutating: 0.25
Generation: 52773
####################################
Wall (up, right, down, left):
[3, 4, 10, -7] [-5, 1, 8, -20] [-30, 6, -6, -25] [-1, -7, 17, 3] [-9, 10, 24, -2] [21, -5, -10, -5] [1, -19, -1, -6]
[-44, -9, 11, -13] [0, 17, -10, -5] [-31, 4, 14, 4] [-35, 13, 22, 19] [35, 23, 1, -13] [-28, -21, -1, -16] [-17, -3, -1, 12]
[4, 0, 28, 27] [-5, 20, -15, -8] [-8, 0, 43, -24] [-91, 18, 63, 7] [-46, -44, -15, 40] [-24, -18, -3, 4] [-25, -22, -22, 2]
[5, 48, -10, -40] [11, 0, 42, -24] [8, 40, 1, -107] [0, 0, 0, 0] [45, -111, 29, 20] [28, -4, -5, 5] [2, 1, 27, 3]
[-4, -34, 9, -3] [18, -6, -23, -16] [-18, -13, -40, -44] [50, 16, -125, 22] [10, -2, -33, 39] [9, 12, -4, 18] [-38, -72, -22, 42]
[25, 28, 1, 3] [-28, 0, -24, 8] [34, -14, 10, 2] [-6, 5, -29, -4] [1, -3, -44, -18] [2, -13, -25, 5] [37, 6, 23, -12]
[-15, -10, 17, -8] [3, -8, -57, -23] [-7, 9, 24, 2] [-21, 18, -51, -14] [31, 7, -15, 23] [45, -12, -39, 27] [-11, -3, 33, 2]
Food (up, right, down, left):
[10, 14, 0, 25] [-9, 24, 6, -28] [20, -30, 21, 16] [-25, -1, 48, 3] [-2, -9, 51, -8] [-10, -22, -17, -17] [-50, 17, 13, -12]
[-77, 10, -45, -5] [-1, -7, -42, 0] [4, 13, 16, 39] [-23, 20, -49, 28] [18, 7, -1, -58] [56, 6, -44, 29] [8, 0, 22, 34]
[-17, 6, 31, -37] [12, -4, -21, 27] [-45, -38, -44, 23] [49, -38, 15, 16] [-12, -13, -10, -23] [8, 24, -48, -31] [58, 27, 7, 11]
[7, 28, -4, 42] [-17, -3, -28, 32] [-6, 2, -36, -14] [0, 0, 0, 0] [-14, 54, -46, -14] [17, -22, -43, -27] [-19, 52, -19, 16]
[5, 6, -8, 17] [11, 17, 4, 35] [25, -8, 40, 24] [-18, -51, 29, -9] [6, 10, 27, -19] [6, 54, 20, 16] [-12, -18, 7, 2]
[7, -29, -9, 12] [8, 7, 17, -28] [18, 10, 18, 28] [-31, -38, 58, -17] [-45, -43, 15, -74] [-29, 69, 21, 23] [2, 43, 7, 34]
[12, -5, -30, -21] [-12, 8, 16, -63] [30, 15, -1, -13] [-12, 1, 4, -31] [54, 31, 7, -20] [26, 34, 11, 2] [6, -18, 19, -16]
------------------------------
ALIVE
Head: (14 38)
Body: (14 38) (13 38) (12 38) (12 39) (12 40) (12 41) (12 42) (11 42) (10 42) (9 42) (8 42) (7 42) (7 43) 
Length: 13, 4
Vision: 3
Hungry, suplies: 7/10
Reproductive: 16, mutating: 0.25
Generation: 52777
####################################
Wall (up, right, down, left):
[3, 4, 10, -7] [-5, 1, 8, -20] [-30, 6, -6, -25] [-1, -7, 20, 3] [-9, 10, 24, -2] [21, -5, -10, -5] [1, -19, -1, -6]
[-41, -9, 11, -13] [0, 17, -10, -5] [-30, 4, 14, 4] [-35, 13, 22, 19] [35, 23, 1, -13] [-28, -21, -1, -16] [-17, -3, -1, 12]
[4, 0, 28, 27] [-2, 20, -15, -8] [-8, 0, 43, -24] [-91, 18, 63, 7] [-46, -44, -15, 40] [-24, -18, -3, 4] [-25, -22, -22, 2]
[5, 48, -10, -40] [11, 0, 42, -27] [8, 40, 1, -107] [0, 0, 0, 0] [45, -111, 29, 20] [28, -4, -5, 5] [2, 1, 27, 3]
[-4, -34, 9, -3] [18, -6, -23, -16] [-18, -13, -40, -44] [50, 16, -125, 22] [10, -2, -33, 39] [9, 12, -4, 18] [-38, -72, -22, 42]
[25, 28, 1, 3] [-28, 0, -24, 8] [34, -14, 10, 2] [-6, 5, -29, -4] [1, -3, -44, -18] [2, -13, -25, 5] [37, 6, 23, -12]
[-15, -10, 17, -8] [3, -8, -57, -23] [-7, 9, 24, 2] [-21, 18, -51, -14] [31, 7, -15, 23] [45, -12, -39, 27] [-11, -3, 33, 2]
Food (up, right, down, left):
[10, 14, 0, 25] [-9, 24, 6, -28] [20, -30, 21, 16] [-25, -1, 48, 2] [-2, -9, 51, -8] [-10, -22, -17, -17] [-50, 17, 13, -12]
[-77, 11, -45, -5] [-1, -7, -42, 0] [6, 13, 16, 39] [-23, 20, -49, 28] [18, 7, -1, -58] [56, 6, -44, 29] [8, 0, 22, 34]
[-17, 6, 31, -37] [12, -4, -21, 27] [-45, -38, -44, 23] [49, -38, 15, 16] [-12, -13, -10, -23] [8, 24, -48, -31] [58, 27, 7, 11]
[7, 28, -4, 42] [-17, -3, -31, 32] [-6, 2, -36, -14] [0, 0, 0, 0] [-14, 54, -46, -14] [17, -22, -43, -27] [-19, 52, -19, 16]
[5, 6, -8, 17] [11, 17, 4, 35] [25, -8, 40, 24] [-18, -51, 29, -9] [6, 10, 27, -19] [6, 54, 20, 16] [-12, -18, 7, 2]
[7, -29, -9, 12] [8, 7, 17, -28] [18, 10, 18, 28] [-31, -38, 58, -17] [-45, -43, 15, -74] [-29, 69, 21, 23] [2, 43, 7, 34]
[12, -5, -30, -21] [-12, 8, 16, -63] [30, 15, -1, -13] [-12, 1, 4, -31] [54, 31, 7, -20] [26, 34, 11, 2] [6, -18, 19, -16]
------------------------------
ALIVE
Head: (24 46)
Body: (-1 46) (0 46) (1 46) (1 47) (2 47) (3 47) (3 46) (3 45) (2 45) (2 44) (1 44) (25 44) (24 44) 
Length: 13, 4
Vision: 3
Hungry, suplies: 6/10
Reproductive: 16, mutating: 0.25
Generation: 52776
####################################
Wall (up, right, down, left):
[3, 4, 10, -7] [-5, 1, 8, -20] [-30, 2, -6, -25] [3, -7, 20, 3] [-9, 14, 24, -2] [21, -5, -10, -5] [4, -19, -1, -6]
[-44, -9, 11, -13] [0, 17, -10, -5] [-30, 4, 14, 4] [-35, 13, 26, 19] [35, 20, 1, -13] [-28, -21, -1, -16] [-17, -3, -1, 12]
[4, 0, 28, 27] [-5, 23, -15, -8] [-8, 0, 43, -24] [-91, 18, 63, 7] [-46, -44, -15, 40] [-24, -18, -3, 4] [-25, -22, -22, 2]
[5, 48, -10, -40] [11, 0, 42, -27] [8, 40, 1, -107] [0, 0, 0, 0] [45, -111, 29, 20] [28, -4, -5, 5] [2, 1, 27, 3]
[-4, -34, 9, -3] [18, -6, -23, -16] [-18, -13, -40, -44] [50, 16, -127, 22] [10, -2, -33, 39] [9, 12, -4, 18] [-38, -72, -22, 42]
[26, 25, -2, 3] [-28, 0, -24, 4] [34, -14, 10, 5] [-6, 5, -29, -4] [1, -3, -44, -18] [2, -13, -25, 5] [37, 6, 23, -12]
[-15, -10, 17, -8] [3, -8, -57, -23] [-7, 9, 24, 2] [-21, 18, -51, -14] [31, 7, -15, 19] [45, -12, -39, 27] [-11, -3, 33, 2]
Food (up, right, down, left):
[10, 14, 0, 25] [-9, 24, 6, -28] [20, -30, 25, 16] [-25, -1, 48, 7] [-2, -4, 51, -8] [-10, -22, -17, -17] [-50, 20, 15, -12]
[-77, 10, -45, -5] [-1, -7, -42, 0] [6, 13, 16, 39] [-23, 20, -49, 31] [18, 7, -3, -58] [56, 6, -44, 29] [8, 0, 22, 34]
[-17, 6, 31, -37] [12, -4, -21, 28] [-45, -38, -44, 23] [49, -38, 15, 16] [-12, -13, -10, -23] [8, 24, -48, -31] [58, 27, 7, 11]
[7, 28, -4, 42] [-17, -3, -31, 32] [-6, 2, -36, -14] [0, 0, 0, 0] [-14, 54, -46, -14] [17, -22, -43, -27] [-19, 52, -19, 16]
[5, 6, -8, 17] [11, 17, 4, 35] [25, -8, 40, 24] [-17, -51, 29, -9] [6, 10, 27, -19] [6, 54, 20, 16] [-12, -18, 7, 2]
[3, -29, -9, 12] [8, 5, 17, -28] [18, 10, 18, 31] [-31, -38, 58, -17] [-45, -43, 15, -74] [-29, 69, 21, 23] [2, 43, 7, 34]
[12, -5, -30, -21] [-11, 8, 16, -63] [30, 15, -1, -13] [-12, 1, 4, -31] [54, 31, 7, -18] [26, 34, 11, 2] [6, -18, 19, -16]
------------------------------
ALIVE
Head: (17 7)
Body: (17 7) (16 7) (15 7) (15 6) (15 5) (16 5) (16 4) (16 3) (16 2) (16 1) (16 0) (15 0) (14 0) 
Length: 13, 4
Vision: 3
Hungry, suplies: 8/10
Reproductive: 16, mutating: 0.25
Generation: 52770
####################################
Wall (up, right, down, left):
[3, 4, 10, -7] [-5, 1, 8, -20] [-30, 6, -6, -25] [-1, -7, 17, 3] [-9, 10, 24, -2] [21, -5, -10, -5] [1, -19, -1, -6]
[-44, -9, 11, -13] [0, 17, -10, -5] [-30, 4, 14, 4] [-35, 13, 22, 19] [35, 23, 1, -13] [-28, -21, -1, -16] [-17, -3, -1, 12]
[4, 0, 28, 27] [-5, 20, -15, -8] [-8, 0, 43, -24] [-91, 18, 63, 7] [-46, -44, -15, 40] [-24, -18, -3, 4] [-25, -22, -22, 2]
[5, 48, -10, -40] [11, 0, 42, -24] [8, 40, 1, -107] [0, 0, 0, 0] [45, -111, 29, 20] [28, -4, -5, 5] [2, 1, 27, 3]
[-4, -34, 9, -3] [18, -6, -23, -16] [-18, -13, -40, -44] [50, 16, -125, 22] [10, -2, -33, 39] [9, 12, 1, 18] [-38, -72, -22, 42]
[25, 28, 1, 3] [-28, 0, -24, 8] [34, -14, 10, 2] [-6, 5, -29, -4] [1, -3, -44, -18] [2, -13, -25, 5] [37, 6, 23, -12]
[-15, -10, 17, -8] [3, -8, -57, -23] [-7, 9, 24, 2] [-21, 18, -51, -14] [31, 7, -15, 23] [45, -12, -39, 27] [-11, -3, 33, 2]
Food (up, right, down, left):
[10, 14, 0, 25] [-9, 24, 6, -28] [20, -30, 21, 16] [-25, -1, 48, 3] [-2, -9, 51, -8] [-10, -22, -17, -17] [-50, 17, 13, -12]
[-77, 10, -45, -5] [-1, -7, -42, 0] [6, 13, 16, 39] [-23, 20, -49, 28] [18, 7, -1, -58] [56, 6, -44, 29] [8, 0, 22, 34]
[-17, 6, 31, -37] [12, -4, -21, 27] [-45, -38, -44, 23] [49, -38, 15, 16] [-12, -13, -10, -23] [8, 24, -48, -31] [58, 27, 7, 11]
[7, 28, -4, 42] [-17, -3, -28, 32] [-6, 2, -36, -14] [0, 0, 0, 0] [-14, 54, -46, -14] [17, -22, -43, -27] [-19, 52, -19, 16]
[5, 6, -8, 17] [11, 17, 4, 35] [25, -8, 40, 24] [-18, -51, 29, -9] [6, 10, 27, -19] [6, 54, 19, 16] [-12, -18, 7, 2]
[7, -29, -9, 12] [8, 7, 17, -28] [18, 10, 18, 28] [-31, -38, 58, -17] [-45, -43, 15, -74] [-29, 69, 21, 23] [2, 43, 7, 34]
[12, -5, -30, -21] [-12, 8, 16, -63] [30, 15, -1, -13] [-12, 1, 4, -31] [54, 31, 7, -20] [26, 34, 11, 2] [6, -18, 19, -16]
------------------------------
ALIVE
Head: (17 33)
Body: (17 33) (17 34) (18 34) (19 34) (20 34) (20 35) (20 36) (21 36) (21 37) 
Length: 9, 4
Vision: 3
Hungry, suplies: 10/10
Reproductive: 16, mutating: 0.25
Generation: 52778
####################################
Wall (up, right, down, left):
[3, 4, 10, -7] [-5, 1, 8, -20] [-30, 6, -6, -25] [-1, -7, 17, 3] [-9, 10, 24, -2] [21, -5, -10, -5] [1, -19, -1, -6]
[-44, -9, 11, -13] [0, 17, -10, -5] [-30, 4, 14, 4] [-35, 13, 22, 19] [35, 23, 1, -13] [-28, -21, -1, -16] [-17, -3, -1, 12]
[4, 0, 28, 27] [-5, 20, -15, -8] [-8, 0, 43, -24] [-91, 18, 63, 7] [-46, -44, -15, 40] [-24, -18, -3, 4] [-25, -22, -22, 2]
[5, 48, -10, -40] [11, 0, 42, -24] [8, 40, 1, -107] [0, 0, 0, 0] [45, -111, 29, 20] [28, -4, -8, 5] [2, 1, 27, 3]
[-4, -34, 9, -3] [18, -6, -23, -16] [-18, -13, -40, -44] [50, 16, -125, 22] [10, -2, -33, 39] [9, 12, 1, 18] [-38, -72, -22, 42]
[25, 28, 1, 3] [-28, 0, -24, 8] [34, -14, 10, 2] [-6, 5, -29, -4] [1, -3, -44, -18] [2, -13, -25, 5] [37, 6, 23, -12]
[-15, -10, 17, -8] [3, -8, -57, -23] [-7, 9, 24, 2] [-21, 18, -51, -14] [31, 7, -15, 23] [45, -12, -39, 27] [-11, -3, 33, 2]
Food (up, right, down, left):
[10, 14, 0, 25] [-9, 24, 6, -28] [20, -30, 21, 16] [-25, -1, 48, 3] [-2, -9, 51, -8] [-10, -22, -17, -17] [-50, 17, 13, -12]
[-77, 10, -45, -5] [-1, -7, -42, 0] [6, 13, 16, 39] [-23, 20, -49, 28] [18, 7, -1, -58] [56, 6, -44, 29] [8, 0, 22, 34]
[-17, 6, 31, -37] [12, -4, -21, 27] [-45, -38, -44, 23] [49, -38, 15, 16] [-12, -13, -10, -23] [8, 24, -48, -31] [58, 27, 7, 11]
[7, 28, -4, 42] [-17, -3, -28, 32] [-6, 2, -36, -14] [0, 0, 0, 0] [-14, 54, -46, -14] [19, -22, -43, -27] [-19, 52, -19, 16]
[5, 6, -8, 17] [11, 17, 4, 35] [25, -8, 40, 24] [-18, -51, 29, -9] [6, 10, 27, -19] [6, 54, 19, 16] [-12, -18, 7, 2]
[7, -29, -9, 12] [8, 7, 17, -28] [18, 10, 18, 28] [-31, -38, 58, -17] [-45, -43, 15, -74] [-29, 69, 21, 23] [2, 43, 7, 34]
[12, -5, -30, -21] [-12, 8, 16, -63] [30, 15, -1, -13] [-12, 1, 4, -31] [54, 31, 7, -20] [26, 34, 11, 2] [6, -18, 19, -16]
------------------------------
ALIVE
Head: (20 18)
Body: (20 18) (19 18) (18 18) (17 18) (17 17) (17 16) (17 15) (16 15) (15 15) (14 15) (14 14) (14 13) (14 12) 
Length: 13, 4
Vision: 3
Hungry, suplies: 9/10
Reproductive: 16, mutating: 0.25
Generation: 52778
####################################
Wall (up, right, down, left):
[3, 4, 10, -7] [-5, 1, 8, -20] [-30, 6, -6, -25] [-1, -7, 17, 3] [-9, 10, 24, -2] [21, -5, -10, -5] [1, -19, -1, -6]
[-44, -9, 11, -13] [0, 17, -10, -5] [-30, 4, 14, 4] [-35, 13, 22, 19] [35, 23, 1, -13] [-28, -21, -1, -16] [-17, -3, -1, 12]
[4, 0, 28, 27] [-5, 20, -15, -8] [-8, 0, 43, -24] [-91, 18, 63, 7] [-46, -44, -15, 40] [-24, -18, -3, 4] [-25, -22, -22, 2]
[5, 48, -10, -40] [11, 0, 42, -24] [8, 40, 1, -107] [0, 0, 0, 0] [45, -111, 29, 20] [28, -4, -5, 5] [2, 1, 27, 3]
[-4, -34, 9, -3] [18, -6, -23, -16] [-18, -13, -40, -44] [50, 16, -125, 22] [10, -2, -33, 39] [9, 12, -4, 18] [-38, -72, -22, 42]
[25, 28, 1, 3] [-28, 0, -24, 8] [34, -14, 10, 2] [-6, 5, -29, -4] [1, -3, -44, -18] [2, -13, -25, 5] [37, 6, 23, -12]
[-15, -10, 17, -8] [3, -8, -57, -23] [-7, 9, 24, 2] [-21, 18, -51, -14] [31, 7, -15, 23] [45, -12, -39, 27] [-11, -3, 33, 2]
Food (up, right, down, left):
[10, 14, 0, 25] [-9, 24, 6, -28] [20, -30, 21, 16] [-25, -1, 48, 3] [-2, -9, 51, -8] [-10, -22, -17, -17] [-50, 17, 13, -12]
[-77, 10, -45, -5] [-1, -7, -42, 0] [6, 13, 16, 39] [-23, 20, -49, 28] [18, 7, -1, -58] [56, 6, -44, 29] [8, 0, 22, 34]
[-17, 6, 31, -37] [12, -4, -21, 27] [-45, -38, -44, 23] [49, -38, 15, 16] [-12, -13, -10, -23] [8, 24, -48, -31] [58, 27, 7, 11]
[7, 28, -4, 42] [-17, -3, -28, 32] [-6, 2, -36, -14] [0, 0, 0, 0] [-14, 54, -46, -14] [17, -22, -43, -27] [-19, 52, -19, 16]
[5, 6, -8, 17] [11, 17, 4, 35] [25, -8, 40, 24] [-18, -51, 29, -9] [6, 10, 27, -19] [6, 54, 20, 16] [-12, -18, 7, 2]
[7, -29, -9, 12] [8, 7, 17, -28] [18, 10, 18, 28] [-31, -38, 58, -17] [-45, -43, 15, -74] [-29, 69, 21, 23] [2, 43, 7, 34]
[12, -5, -30, -21] [-12, 8, 16, -63] [30, 15, -1, -13] [-12, 1, 4, -31] [54, 31, 7, -20] [26, 34, 11, 2] [6, -18, 19, -16]
------------------------------
ALIVE
Head: (16 51)
Body: (16 51) (16 50) (15 50) (14 50) (14 49) (14 48) (15 48) (15 47) (16 47) (16 48) (16 49) (17 49) 
Length: 12, 4
Vision: 3
Hungry, suplies: 8/10
Reproductive: 16, mutating: 0.25
Generation: 52777
####################################
Wall (up, right, down, left):
[3, 4, 10, -7] [-5, 1, 8, -20] [-30, 6, -6, -25] [-1, -7, 20, 3] [-9, 10, 24, -2] [21, -5, -10, -5] [1, -19, -1, -6]
[-44, -9, 11, -13] [0, 17, -10, -5] [-30, 4, 14, 4] [-35, 13, 22, 19] [35, 23, 1, -13] [-28, -21, -1, -16] [-17, -3, -1, 12]
[4, 0, 28, 27] [-2, 20, -15, -8] [-8, 0, 43, -24] [-91, 18, 63, 7] [-46, -44, -15, 40] [-24, -18, -3, 4] [-25, -22, -22, 2]
[5, 48, -10, -40] [11, 0, 42, -27] [8, 40, 1, -107] [0, 0, 0, 0] [47, -111, 29, 20] [28, -4, -5, 5] [2, 1, 27, 3]
[-4, -34, 9, -3] [18, -6, -23, -16] [-18, -13, -40, -44] [50, 16, -125, 22] [10, -2, -33, 39] [9, 12, -4, 18] [-38, -72, -22, 42]
[25, 28, 1, 3] [-28, 0, -24, 8] [34, -14, 10, 2] [-6, 5, -29, -4] [1, -3, -44, -18] [2, -13, -25, 5] [37, 6, 23, -12]
[-15, -10, 17, -8] [3, -8, -57, -23] [-7, 9, 24, 2] [-21, 18, -51, -14] [31, 7, -15, 23] [45, -12, -39, 27] [-11, -3, 33, 2]
Food (up, right, down, left):
[10, 14, 0, 25] [-9, 24, 6, -28] [20, -30, 21, 16] [-25, -1, 48, 2] [-2, -9, 51, -8] [-10, -22, -17, -17] [-50, 17, 13, -12]
[-77, 10, -45, -5] [-1, -7, -42, 0] [6, 13, 16, 39] [-23, 20, -49, 28] [18, 7, -1, -58] [56, 6, -44, 29] [8, 0, 22, 34]
[-17, 6, 31, -37] [12, -4, -21, 27] [-45, -38, -44, 23] [49, -38, 15, 16] [-12, -13, -10, -23] [8, 24, -48, -31] [58, 27, 7, 11]
[7, 28, -4, 42] [-17, -3, -31, 32] [-6, 2, -36, -14] [0, 0, 0, 0] [-14, 54, -41, -14] [17, -22, -43, -27] [-19, 52, -19, 16]
[5, 6, -8, 17] [11, 17, 4, 35] [25, -8, 40, 24] [-18, -51, 29, -9] [6, 10, 27, -19] [6, 54, 20, 16] [-12, -18, 7, 2]
[7, -29, -9, 12] [8, 7, 17, -28] [18, 10, 18, 28] [-31, -38, 58, -17] [-45, -43, 15, -74] [-29, 69, 21, 23] [2, 43, 7, 34]
[12, -5, -30, -21] [-12, 8, 16, -63] [30, 15, -1, -13] [-12, 1, 4, -31] [54, 31, 7, -20] [26, 34, 11, 2] [6, -18, 19, -16]
------------------------------
ALIVE
Head: (8 56)
Body: (8 56) (8 55) (8 54) (9 54) (9 55) (10 55) (10 -1) 
Length: 7, 4
Vision: 3
Hungry, suplies: 10/10
Reproductive: 16, mutating: 0.25
Generation: 52775
####################################
Wall (up, right, down, left):
[3, 4, 10, -7] [-5, 1, 8, -20] [-30, 6, -6, -25] [-1, -7, 17, 3] [-9, 10, 24, -2] [21, -5, -10, -5] [1, -19, -1, -6]
[-44, -9, 11, -13] [0, 17, -10, -5] [-30, 4, 14, 4] [-35, 13, 22, 19] [35, 23, 1, -13] [-28, -21, -1, -16] [-17, -3, -1, 12]
[4, 0, 28, 27] [-5, 20, -15, -8] [-8, 0, 43, -24] [-91, 18, 63, 7] [-46, -44, -15, 40] [-24, -18, -3, 4] [-25, -22, -22, 2]
[5, 48, -10, -40] [11, 0, 42, -24] [8, 40, 1, -107] [0, 0, 0, 0] [45, -111, 29, 20] [28, -4, -5, 5] [2, 1, 23, 3]
[-4, -34, 9, -3] [18, -6, -23, -16] [-18, -13, -40, -44] [50, 16, -125, 22] [10, -2, -33, 39] [9, 12, -4, 18] [-38, -72, -22, 42]
[25, 28, 1, 3] [-28, 0, -24, 8] [34, -14, 10, 2] [-6, 5, -29, -4] [1, -3, -44, -18] [2, -13, -25, 5] [37, 6, 23, -12]
[-15, -10, 17, -8] [3, -8, -57, -23] [-7, 9, 24, 2] [-21, 18, -51, -14] [31, 7, -15, 23] [45, -12, -39, 27] [-11, -3, 33, 2]
Food (up, right, down, left):
[10, 14, 0, 25] [-9, 24, 6, -28] [20, -30, 21, 16] [-25, -1, 48, 3] [-2, -9, 51, -8] [-10, -22, -17, -17] [-50, 17, 13, -12]
[-77, 10, -45, -5] [-1, -7, -42, 0] [6, 13, 16, 39] [-23, 20, -49, 28] [18, 7, -1, -58] [56, 6, -44, 29] [8, 0, 22, 34]
[-17, 6, 31, -37] [12, -4, -21, 27] [-45, -38, -44, 23] [49, -38, 15, 16] [-12, -13, -10, -23] [8, 24, -48, -31] [58, 27, 7, 11]
[7, 28, -4, 42] [-17, -3, -28, 32] [-6, 2, -36, -14] [0, 0, 0, 0] [-14, 54, -46, -14] [17, -22, -43, -27] [-18, 52, -19, 16]
[5, 6, -8, 17] [11, 17, 4, 35] [25, -8, 40, 24] [-18, -51, 29, -9] [6, 10, 27, -19] [6, 54, 20, 16] [-12, -18, 7, 2]
[7, -29, -9, 12] [8, 7, 17, -28] [18, 10, 18, 28] [-31, -38, 58, -17] [-45, -43, 15, -74] [-29, 69, 21, 23] [2, 43, 7, 34]
[12, -5, -30, -21] [-12, 8, 16, -63] [30, 15, -1, -13] [-12, 1, 4, -31] [54, 31, 7, -20] [26, 34, 11, 2] [6, -18, 19, -16]
------------------------------
ALIVE
Head: (9 17)
Body: (9 17) (8 17) (7 17) (6 17) (5 17) (4 17) (4 18) (4 19) (5 19) (6 19) (7 19) 
Length: 11, 4
Vision: 3
Hungry, suplies: 9/10
Reproductive: 16, mutating: 0.25
Generation: 52779
####################################
Wall (up, right, down, left):
[3, 4, 10, -7] [-5, 1, 8, -20] [-30, 6, -6, -25] [-1, -7, 20, 3] [-9, 10, 24, -2] [21, -5, -10, -5] [1, -19, -1, -6]
[-44, -9, 11, -13] [0, 17, -10, -5] [-30, 4, 14, 4] [-35, 13, 22, 19] [35, 23, 1, -13] [-28, -21, -1, -16] [-17, -3, -1, 12]
[4, 0, 28, 27] [-2, 20, -15, -13] [-8, 0, 43, -24] [-91, 18, 63, 7] [-46, -44, -15, 40] [-24, -18, -3, 4] [-25, -22, -22, 2]
[5, 48, -10, -40] [11, 0, 42, -27] [8, 40, 1, -107] [0, 0, 0, 0] [45, -111, 29, 20] [28, -4, -5, 5] [2, 1, 27, 3]
[-4, -34, 9, -3] [18, -6, -23, -16] [-18, -13, -40, -44] [50, 16, -125, 22] [10, -2, -33, 39] [9, 12, -4, 18] [-38, -72, -22, 42]
[25, 28, 1, 3] [-28, 0, -24, 8] [34, -14, 10, 2] [-6, 5, -29, -4] [1, -3, -44, -18] [2, -13, -25, 5] [37, 6, 23, -12]
[-15, -10, 17, -8] [3, -8, -57, -23] [-7, 9, 24, 2] [-21, 18, -51, -14] [32, 7, -15, 23] [45, -12, -39, 27] [-11, -3, 33, 2]
Food (up, right, down, left):
[10, 14, 0, 25] [-9, 24, 6, -28] [20, -30, 21, 16] [-25, -1, 48, 2] [-2, -9, 51, -8] [-10, -22, -17, -17] [-50, 17, 13, -12]
[-77, 10, -45, -5] [-1, -7, -42, 0] [6, 13, 16, 39] [-23, 20, -49, 28] [18, 7, -1, -58] [56, 6, -44, 29] [8, 0, 22, 34]
[-17, 6, 31, -37] [12, -4, -20, 27] [-45, -38, -44, 23] [49, -38, 15, 16] [-12, -13, -10, -23] [8, 24, -48, -31] [58, 27, 7, 11]
[7, 28, -4, 42] [-17, -3, -31, 32] [-6, 2, -36, -14] [0, 0, 0, 0] [-14, 54, -46, -14] [17, -22, -43, -27] [-19, 52, -19, 16]
[5, 6, -8, 17] [11, 17, 4, 35] [25, -8, 40, 24] [-18, -51, 29, -9] [6, 10, 27, -19] [6, 54, 20, 16] [-12, -18, 7, 2]
[7, -29, -9, 12] [8, 7, 17, -28] [18, 10, 18, 28] [-31, -38, 58, -17] [-45, -43, 15, -74] [-29, 69, 21, 23] [2, 43, 7, 34]
[12, -5, -30, -21] [-12, 8, 16, -63] [30, 15, -1, -13] [-12, 1, 4, -31] [57, 31, 7, -20] [26, 34, 11, 2] [6, -18, 19, -16]
------------------------------
ALIVE
Head: (11 49)
Body: (11 49) (11 48) (10 48) (10 47) (11 47) (11 46) (10 46) (9 46) 
Length: 8, 4
Vision: 3
Hungry, suplies: 3/10
Reproductive: 16, mutating: 0.25
Generation: 52776
####################################
Wall (up, right, down, left):
[3, 4, 11, -7] [-5, 1, 8, -20] [-30, 6, -6, -25] [-1, -7, 20, 3] [-9, 10, 24, -2] [21, -5, -10, -5] [1, -19, -1, -6]
[-44, -9, 11, -13] [0, 17, -10, -5] [-30, 4, 14, 4] [-35, 13, 22, 19] [35, 23, 1, -13] [-28, -21, -1, -16] [-17, -3, -1, 12]
[4, 0, 28, 27] [-5, 20, -15, -8] [-8, 0, 43, -24] [-91, 18, 63, 7] [-46, -44, -15, 40] [-24, -18, -3, 4] [-25, -22, -22, 2]
[5, 48, -10, -44] [11, 0, 42, -27] [8, 40, 1, -107] [0, 0, 0, 0] [45, -111, 29, 20] [28, -4, -5, 5] [2, 1, 27, 3]
[-4, -34, 9, -3] [18, -6, -23, -16] [-18, -13, -40, -44] [50, 16, -125, 22] [10, -2, -33, 39] [9, 12, -4, 18] [-38, -72, -22, 42]
[25, 28, 1, 3] [-28, 0, -24, 8] [34, -14, 10, 2] [-6, 5, -29, -4] [1, -3, -44, -18] [2, -13, -25, 5] [37, 6, 23, -12]
[-15, -10, 17, -8] [3, -8, -57, -23] [-7, 9, 24, 2] [-21, 18, -51, -14] [31, 7, -15, 23] [45, -12, -39, 27] [-11, -3, 33, 2]
Food (up, right, down, left):
[10, 14, 0, 24] [-9, 24, 6, -28] [20, -30, 21, 16] [-25, -1, 48, 2] [-2, -9, 51, -8] [-10, -22, -17, -17] [-50, 17, 13, -12]
[-77, 10, -45, -5] [-1, -7, -42, 0] [6, 13, 16, 39] [-23, 20, -49, 28] [18, 7, -1, -58] [56, 6, -44, 29] [8, 0, 22, 34]
[-17, 6, 31, -37] [12, -4, -21, 27] [-45, -38, -44, 23] [49, -38, 15, 16] [-12, -13, -10, -23] [8, 24, -48, -31] [58, 27, 7, 11]
[7, 28, -3, 42] [-17, -3, -31, 32] [-6, 2, -36, -14] [0, 0, 0, 0] [-14, 54, -46, -14] [17, -22, -43, -27] [-19, 52, -19, 16]
[5, 6, -8, 17] [11, 17, 4, 35] [25, -8, 40, 24] [-18, -51, 29, -9] [6, 10, 27, -19] [6, 54, 20, 16] [-12, -18, 7, 2]
[7, -29, -9, 12] [8, 7, 17, -28] [18, 10, 18, 28] [-31, -38, 58, -17] [-45, -43, 15, -74] [-29, 69, 21, 23] [2, 43, 7, 34]
[12, -5, -30, -21] [-11, 8, 16, -63] [30, 15, -1, -13] [-12, 1, 4, -31] [54, 31, 7, -20] [26, 34, 11, 2] [6, -18, 19, -16]
------------------------------
ALIVE
Head: (6 44)
Body: (6 44) (7 44) (8 44) (9 44) (9 45) (10 45) (11 45) (12 45) 
Length: 8, 4
Vision: 3
Hungry, suplies: 3/10
Reproductive: 16, mutating: 0.25
Generation: 52774
####################################
Wall (up, right, down, left):
[3, 4, 11, -7] [-5, 1, 8, -20] [-30, 6, -6, -25] [-1, -7, 20, 3] [-9, 10, 24, -2] [21, -5, -10, -5] [1, -19, -1, -6]
[-44, -9, 11, -13] [0, 17, -10, -5] [-30, 4, 14, 4] [-35, 13, 22, 19] [35, 23, 1, -13] [-28, -21, -1, -16] [-17, -3, -1, 12]
[4, 0, 28, 27] [-5, 20, -15, -8] [-8, 0, 43, -24] [-91, 18, 63, 7] [-46, -44, -15, 40] [-24, -18, -3, 4] [-25, -22, -22, 2]
[5, 48, -10, -44] [11, 0, 42, -27] [8, 40, 1, -107] [0, 0, 0, 0] [45, -111, 29, 20] [28, -4, -5, 5] [2, 1, 27, 3]
[-4, -34, 9, -3] [18, -6, -23, -16] [-18, -13, -40, -44] [50, 16, -125, 22] [10, -2, -33, 39] [9, 12, -4, 18] [-38, -72, -22, 42]
[25, 28, 1, 3] [-28, 0, -24, 8] [34, -14, 10, 2] [-6, 5, -29, -4] [1, -3, -44, -18] [2, -13, -25, 5] [37, 6, 23, -12]
[-15, -10, 17, -8] [3, -8, -57, -23] [-7, 9, 24, 2] [-21, 18, -51, -14] [31, 7, -15, 23] [45, -12, -39, 27] [-11, -3, 33, 2]
Food (up, right, down, left):
[10, 14, 0, 24] [-9, 24, 6, -28] [20, -30, 21, 16] [-25, -1, 48, 2] [-2, -9, 51, -8] [-10, -22, -17, -17] [-50, 17, 13, -12]
[-77, 10, -45, -5] [-1, -7, -42, 0] [6, 13, 16, 39] [-23, 20, -49, 28] [18, 7, -1, -58] [56, 6, -44, 29] [8, 0, 22, 34]
[-17, 6, 31, -37] [12, -4, -21, 27] [-45, -38, -44, 23] [49, -38, 15, 16] [-12, -13, -10, -23] [8, 24, -48, -31] [58, 27, 7, 11]
[7, 28, -3, 42] [-17, -3, -31, 32] [-6, 2, -36, -14] [0, 0, 0, 0] [-14, 54, -46, -14] [17, -22, -43, -27] [-19, 52, -19, 16]
[5, 6, -8, 17] [11, 17, 4, 35] [25, -8, 40, 24] [-18, -51, 29, -9] [6, 10, 27, -19] [6, 54, 20, 16] [-12, -18, 7, 2]
[7, -29, -9, 12] [8, 7, 17, -28] [18, 10, 18, 28] [-31, -38, 58, -17] [-45, -43, 15, -74] [-29, 69, 21, 23] [2, 43, 7, 34]
[12, -5, -30, -21] [-11, 8, 16, -63] [30, 15, -1, -13] [-12, 1, 4, -31] [54, 31, 7, -20] [26, 34, 11, 2] [6, -18, 19, -16]
------------------------------
ALIVE
Head: (9 28)
Body: (9 28) (9 27) (8 27) (7 27) (7 28) (7 29) (6 29) (6 30) (6 31) (5 31) 
Length: 10, 4
Vision: 3
Hungry, suplies: 10/10
Reproductive: 16, mutating: 0.25
Generation: 52774
####################################
